2.0000000000e+00 3.3370815280e-07
3.0000000000e+00 4.3079022482e-07
4.0000000000e+00 5.1083190293e-07
5.0000000000e+00 5.7635900854e-07
6.0000000000e+00 6.2930134910e-07
7.0000000000e+00 6.7147825747e-07
8.0000000000e+00 7.0447036753e-07
9.0000000000e+00 7.2956984740e-07
1.0000000000e+01 7.4766659420e-07
1.1000000000e+01 7.5966017052e-07
1.2000000000e+01 7.6638128069e-07
1.3000000000e+01 7.6853327086e-07
1.4000000000e+01 7.6674681726e-07
1.5000000000e+01 7.6156167734e-07
1.6000000000e+01 7.5353951798e-07
1.7000000000e+01 7.4323096014e-07
1.8000000000e+01 7.3106985785e-07
1.9000000000e+01 7.1741571159e-07
2.0000000000e+01 7.0257910961e-07
2.1000000000e+01 6.8689127518e-07
2.2000000000e+01 6.7065177224e-07
2.3000000000e+01 6.5411593119e-07
2.4000000000e+01 6.3746090537e-07
2.5000000000e+01 6.2083969753e-07
2.6000000000e+01 6.0434793935e-07
2.7000000000e+01 5.8811639308e-07
2.8000000000e+01 5.7223812147e-07
2.9000000000e+01 5.5679519433e-07
3.0000000000e+01 5.4187836328e-07
3.1000000000e+01 5.2750043915e-07
3.2000000000e+01 5.1368347281e-07
3.3000000000e+01 5.0043755156e-07
3.4000000000e+01 4.8776343685e-07
3.5000000000e+01 4.7565400172e-07
3.6000000000e+01 4.6409606865e-07
3.7000000000e+01 4.5307223445e-07
3.8000000000e+01 4.4256190874e-07
3.9000000000e+01 4.3254561469e-07
4.0000000000e+01 4.2300301694e-07
4.1000000000e+01 4.1390097988e-07
4.2000000000e+01 4.0521136338e-07
4.3000000000e+01 3.9690572667e-07
4.4000000000e+01 3.8895571845e-07
4.5000000000e+01 3.8132683511e-07
4.6000000000e+01 3.7397682340e-07
4.7000000000e+01 3.6690120911e-07
4.8000000000e+01 3.6007976649e-07
4.9000000000e+01 3.5349402541e-07
5.0000000000e+01 3.4712717729e-07
5.1000000000e+01 3.4096396995e-07
5.2000000000e+01 3.3499108850e-07
5.3000000000e+01 3.2919762974e-07
5.4000000000e+01 3.2357032450e-07
5.5000000000e+01 3.1809869884e-07
5.6000000000e+01 3.1277325586e-07
5.7000000000e+01 3.0758539042e-07
5.8000000000e+01 3.0252730961e-07
5.9000000000e+01 2.9759195878e-07
6.0000000000e+01 2.9277368610e-07
6.1000000000e+01 2.8808027396e-07
6.2000000000e+01 2.8349283670e-07
6.3000000000e+01 2.7900514955e-07
6.4000000000e+01 2.7461125665e-07
6.5000000000e+01 2.7030545935e-07
6.6000000000e+01 2.6608230689e-07
6.7000000000e+01 2.6193658893e-07
6.8000000000e+01 2.5786332938e-07
6.9000000000e+01 2.5385778127e-07
7.0000000000e+01 2.4990237022e-07
7.1000000000e+01 2.4599650223e-07
7.2000000000e+01 2.4214533377e-07
7.3000000000e+01 2.3834666781e-07
7.4000000000e+01 2.3459866409e-07
7.5000000000e+01 2.3089980645e-07
7.6000000000e+01 2.2724887141e-07
7.7000000000e+01 2.2364489800e-07
7.8000000000e+01 2.2008715915e-07
7.9000000000e+01 2.1657513452e-07
8.0000000000e+01 2.1310848503e-07
8.1000000000e+01 2.0967627557e-07
8.2000000000e+01 2.0628368008e-07
8.3000000000e+01 2.0293616908e-07
8.4000000000e+01 1.9963479659e-07
8.5000000000e+01 1.9638075641e-07
8.6000000000e+01 1.9317535313e-07
8.7000000000e+01 1.9001997560e-07
8.8000000000e+01 1.8691607260e-07
8.9000000000e+01 1.8386513082e-07
9.0000000000e+01 1.8086865526e-07
9.1000000000e+01 1.7792815178e-07
9.2000000000e+01 1.7504511189e-07
9.3000000000e+01 1.7222262602e-07
9.4000000000e+01 1.6949319664e-07
9.5000000000e+01 1.6682683885e-07
9.6000000000e+01 1.6422353838e-07
9.7000000000e+01 1.6168312771e-07
9.8000000000e+01 1.5920529689e-07
9.9000000000e+01 1.5678960451e-07
1.0000000000e+02 1.5443548857e-07
1.0100000000e+02 1.5214227728e-07
1.0200000000e+02 1.4990919944e-07
1.0300000000e+02 1.4773539452e-07
1.0400000000e+02 1.4561992228e-07
1.0500000000e+02 1.4356177188e-07
1.0600000000e+02 1.4155987052e-07
1.0700000000e+02 1.3961309148e-07
1.0800000000e+02 1.3772381334e-07
1.0900000000e+02 1.3589256633e-07
1.1000000000e+02 1.3411306668e-07
1.1100000000e+02 1.3238378925e-07
1.1200000000e+02 1.3070317137e-07
1.1300000000e+02 1.2906961952e-07
1.1400000000e+02 1.2748151554e-07
1.1500000000e+02 1.2593722230e-07
1.1600000000e+02 1.2443508877e-07
1.1700000000e+02 1.2297345470e-07
1.1800000000e+02 1.2155065486e-07
1.1900000000e+02 1.2016502279e-07
1.2000000000e+02 1.1881489429e-07
1.2100000000e+02 1.1749861049e-07
1.2200000000e+02 1.1621452064e-07
1.2300000000e+02 1.1496098465e-07
1.2400000000e+02 1.1373637534e-07
1.2500000000e+02 1.1252889337e-07
1.2600000000e+02 1.1133534549e-07
1.2700000000e+02 1.1016527343e-07
1.2800000000e+02 1.0901758694e-07
1.2900000000e+02 1.0789124665e-07
1.3000000000e+02 1.0678526269e-07
1.3100000000e+02 1.0569869328e-07
1.3200000000e+02 1.0463064330e-07
1.3300000000e+02 1.0358026281e-07
1.3400000000e+02 1.0254674556e-07
1.3500000000e+02 1.0152932753e-07
1.3600000000e+02 1.0052728543e-07
1.3700000000e+02 9.9539935237e-08
1.3800000000e+02 9.8566630741e-08
1.3900000000e+02 9.7606762113e-08
1.4000000000e+02 9.6659754487e-08
1.4100000000e+02 9.5725066571e-08
1.4200000000e+02 9.4802189289e-08
1.4300000000e+02 9.3890644446e-08
1.4400000000e+02 9.2989983428e-08
1.4500000000e+02 9.2091864145e-08
1.4600000000e+02 9.1202392162e-08
1.4700000000e+02 9.0322415329e-08
1.4800000000e+02 8.9451740521e-08
1.4900000000e+02 8.8590205611e-08
1.5000000000e+02 8.7737677591e-08
1.5100000000e+02 8.6894050747e-08
1.5200000000e+02 8.6059244879e-08
1.5300000000e+02 8.5233203579e-08
1.5400000000e+02 8.4415892563e-08
1.5500000000e+02 8.3607298063e-08
1.5600000000e+02 8.2807425272e-08
1.5700000000e+02 8.2016296853e-08
1.5800000000e+02 8.1233951512e-08
1.5900000000e+02 8.0460442624e-08
1.6000000000e+02 7.9695836927e-08
1.6100000000e+02 7.8940213283e-08
1.6200000000e+02 7.8193661487e-08
1.6300000000e+02 7.7456281156e-08
1.6400000000e+02 7.6728180668e-08
1.6500000000e+02 7.6009476170e-08
1.6600000000e+02 7.5300290644e-08
1.6700000000e+02 7.4604325432e-08
1.6800000000e+02 7.3933810384e-08
1.6900000000e+02 7.3273787563e-08
1.7000000000e+02 7.2624176427e-08
1.7100000000e+02 7.1984889369e-08
1.7200000000e+02 7.1355831982e-08
1.7300000000e+02 7.0736903328e-08
1.7400000000e+02 7.0127996222e-08
1.7500000000e+02 6.9528997523e-08
1.7600000000e+02 6.8939788424e-08
1.7700000000e+02 6.8360244747e-08
1.7800000000e+02 6.7790237240e-08
1.7900000000e+02 6.7229631865e-08
1.8000000000e+02 6.6678290093e-08
1.8100000000e+02 6.6136069182e-08
1.8200000000e+02 6.5602822462e-08
1.8300000000e+02 6.5078399606e-08
1.8400000000e+02 6.4562646893e-08
1.8500000000e+02 6.4055407474e-08
1.8600000000e+02 6.3556521614e-08
1.8700000000e+02 6.3065826940e-08
1.8800000000e+02 6.2583158672e-08
1.8900000000e+02 6.2108349851e-08
1.9000000000e+02 6.1641231551e-08
1.9100000000e+02 6.1181633093e-08
1.9200000000e+02 6.0729382239e-08
1.9300000000e+02 6.0284305385e-08
1.9400000000e+02 5.9842063558e-08
1.9500000000e+02 5.9406199801e-08
1.9600000000e+02 5.8976881965e-08
1.9700000000e+02 5.8553972281e-08
1.9800000000e+02 5.8137334098e-08
1.9900000000e+02 5.7726831929e-08
2.0000000000e+02 5.7322331500e-08
2.0100000000e+02 5.6923699786e-08
2.0200000000e+02 5.6530805051e-08
2.0300000000e+02 5.6143516882e-08
2.0400000000e+02 5.5761706214e-08
2.0500000000e+02 5.5385245361e-08
2.0600000000e+02 5.5014008036e-08
2.0700000000e+02 5.4647869376e-08
2.0800000000e+02 5.4286705956e-08
2.0900000000e+02 5.3930395809e-08
2.1000000000e+02 5.3578818435e-08
2.1100000000e+02 5.3231854816e-08
2.1200000000e+02 5.2889387426e-08
2.1300000000e+02 5.2551300236e-08
2.1400000000e+02 5.2217478722e-08
2.1500000000e+02 5.1887809872e-08
2.1600000000e+02 5.1562182186e-08
2.1700000000e+02 5.1240485680e-08
2.1800000000e+02 5.0922611886e-08
2.1900000000e+02 5.0608453856e-08
2.2000000000e+02 5.0297906156e-08
2.2100000000e+02 4.9990864868e-08
2.2200000000e+02 4.9687227587e-08
2.2300000000e+02 4.9386893417e-08
2.2400000000e+02 4.9086564978e-08
2.2500000000e+02 4.8786444235e-08
2.2600000000e+02 4.8489186600e-08
2.2700000000e+02 4.8194735965e-08
2.2800000000e+02 4.7903039253e-08
2.2900000000e+02 4.7614046325e-08
2.3000000000e+02 4.7327709898e-08
2.3100000000e+02 4.7043985461e-08
2.3200000000e+02 4.6762831181e-08
2.3300000000e+02 4.6484207829e-08
2.3400000000e+02 4.6208078692e-08
2.3500000000e+02 4.5934409488e-08
2.3600000000e+02 4.5663168290e-08
2.3700000000e+02 4.5394325444e-08
2.3800000000e+02 4.5127853489e-08
2.3900000000e+02 4.4863727080e-08
2.4000000000e+02 4.4601922914e-08
2.4100000000e+02 4.4342419652e-08
2.4200000000e+02 4.4085197847e-08
2.4300000000e+02 4.3830239876e-08
2.4400000000e+02 4.3577529861e-08
2.4500000000e+02 4.3327053609e-08
2.4600000000e+02 4.3078798539e-08
2.4700000000e+02 4.2832753621e-08
2.4800000000e+02 4.2588909306e-08
2.4900000000e+02 4.2347257470e-08
2.5000000000e+02 4.2107791347e-08
2.5100000000e+02 4.1870505477e-08
2.5200000000e+02 4.1635395641e-08
2.5300000000e+02 4.1402458811e-08
2.5400000000e+02 4.1171693092e-08
2.5500000000e+02 4.0943097671e-08
2.5600000000e+02 4.0716672768e-08
2.5700000000e+02 4.0492419584e-08
2.5800000000e+02 4.0270340255e-08
2.5900000000e+02 4.0052618848e-08
2.6000000000e+02 3.9841093318e-08
2.6100000000e+02 3.9631893544e-08
2.6200000000e+02 3.9424995981e-08
2.6300000000e+02 3.9220376804e-08
2.6400000000e+02 3.9018011917e-08
2.6500000000e+02 3.8817876960e-08
2.6600000000e+02 3.8619947316e-08
2.6700000000e+02 3.8424198121e-08
2.6800000000e+02 3.8230604269e-08
2.6900000000e+02 3.8039140427e-08
2.7000000000e+02 3.7849781036e-08
2.7100000000e+02 3.7662500326e-08
2.7200000000e+02 3.7477272322e-08
2.7300000000e+02 3.7294070857e-08
2.7400000000e+02 3.7112869575e-08
2.7500000000e+02 3.6933641947e-08
2.7600000000e+02 3.6756361275e-08
2.7700000000e+02 3.6581000704e-08
2.7800000000e+02 3.6407533233e-08
2.7900000000e+02 3.6235931719e-08
2.8000000000e+02 3.6066168890e-08
2.8100000000e+02 3.5898217352e-08
2.8200000000e+02 3.5732049602e-08
2.8300000000e+02 3.5567638030e-08
2.8400000000e+02 3.5404954932e-08
2.8500000000e+02 3.5243972519e-08
2.8600000000e+02 3.5084662923e-08
2.8700000000e+02 3.4926998207e-08
2.8800000000e+02 3.4770950371e-08
2.8900000000e+02 3.4616491363e-08
2.9000000000e+02 3.4463593084e-08
2.9100000000e+02 3.4312227397e-08
2.9200000000e+02 3.4162366134e-08
2.9300000000e+02 3.4013981104e-08
2.9400000000e+02 3.3867044097e-08
2.9500000000e+02 3.3721526898e-08
2.9600000000e+02 3.3577401286e-08
2.9700000000e+02 3.3434639046e-08
2.9800000000e+02 3.3293211972e-08
2.9900000000e+02 3.3153091877e-08
3.0000000000e+02 3.3012211489e-08
3.0100000000e+02 3.2871384789e-08
3.0200000000e+02 3.2731715649e-08
3.0300000000e+02 3.2593187228e-08
3.0400000000e+02 3.2455783102e-08
3.0500000000e+02 3.2319487249e-08
3.0600000000e+02 3.2184284048e-08
3.0700000000e+02 3.2050158273e-08
3.0800000000e+02 3.1917095080e-08
3.0900000000e+02 3.1785080009e-08
3.1000000000e+02 3.1654098969e-08
3.1100000000e+02 3.1524138239e-08
3.1200000000e+02 3.1395184454e-08
3.1300000000e+02 3.1267224606e-08
3.1400000000e+02 3.1140246032e-08
3.1500000000e+02 3.1014236408e-08
3.1600000000e+02 3.0889183747e-08
3.1700000000e+02 3.0765076387e-08
3.1800000000e+02 3.0641902987e-08
3.1900000000e+02 3.0519652523e-08
3.2000000000e+02 3.0398314278e-08
3.2100000000e+02 3.0277877839e-08
3.2200000000e+02 3.0158333087e-08
3.2300000000e+02 3.0039670195e-08
3.2400000000e+02 2.9921879620e-08
3.2500000000e+02 2.9804952098e-08
3.2600000000e+02 2.9688878637e-08
3.2700000000e+02 2.9573650512e-08
3.2800000000e+02 2.9459259259e-08
3.2900000000e+02 2.9345696670e-08
3.3000000000e+02 2.9232954787e-08
3.3100000000e+02 2.9121025895e-08
3.3200000000e+02 2.9009902521e-08
3.3300000000e+02 2.8899577423e-08
3.3400000000e+02 2.8790043589e-08
3.3500000000e+02 2.8681294231e-08
3.3600000000e+02 2.8573322777e-08
3.3700000000e+02 2.8466122870e-08
3.3800000000e+02 2.8359688363e-08
3.3900000000e+02 2.8254013308e-08
3.4000000000e+02 2.8149091961e-08
3.4100000000e+02 2.8044918768e-08
3.4200000000e+02 2.7941488366e-08
3.4300000000e+02 2.7838795578e-08
3.4400000000e+02 2.7736835407e-08
3.4500000000e+02 2.7635603030e-08
3.4600000000e+02 2.7535093799e-08
3.4700000000e+02 2.7435899499e-08
3.4800000000e+02 2.7337996051e-08
3.4900000000e+02 2.7240824556e-08
3.5000000000e+02 2.7144378003e-08
3.5100000000e+02 2.7048649444e-08
3.5200000000e+02 2.6953631996e-08
3.5300000000e+02 2.6859318838e-08
3.5400000000e+02 2.6765703211e-08
3.5500000000e+02 2.6672778415e-08
3.5600000000e+02 2.6580537808e-08
3.5700000000e+02 2.6488974808e-08
3.5800000000e+02 2.6398082889e-08
3.5900000000e+02 2.6307855580e-08
3.6000000000e+02 2.6218286468e-08
3.6100000000e+02 2.6129369191e-08
3.6200000000e+02 2.6041097441e-08
3.6300000000e+02 2.5953464964e-08
3.6400000000e+02 2.5866465554e-08
3.6500000000e+02 2.5780093060e-08
3.6600000000e+02 2.5694341379e-08
3.6700000000e+02 2.5609204456e-08
3.6800000000e+02 2.5524676288e-08
3.6900000000e+02 2.5440750917e-08
3.7000000000e+02 2.5357422432e-08
3.7100000000e+02 2.5274684972e-08
3.7200000000e+02 2.5192532718e-08
3.7300000000e+02 2.5110959900e-08
3.7400000000e+02 2.5029960789e-08
3.7500000000e+02 2.4949529704e-08
3.7600000000e+02 2.4869661006e-08
3.7700000000e+02 2.4790349097e-08
3.7800000000e+02 2.4711588427e-08
3.7900000000e+02 2.4633373483e-08
3.8000000000e+02 2.4555698796e-08
3.8100000000e+02 2.4478558939e-08
3.8200000000e+02 2.4401948523e-08
3.8300000000e+02 2.4325862203e-08
3.8400000000e+02 2.4250294672e-08
3.8500000000e+02 2.4175240661e-08
3.8600000000e+02 2.4100694942e-08
3.8700000000e+02 2.4026652326e-08
3.8800000000e+02 2.3953107662e-08
3.8900000000e+02 2.3880055835e-08
3.9000000000e+02 2.3807491770e-08
3.9100000000e+02 2.3735410428e-08
3.9200000000e+02 2.3663806807e-08
3.9300000000e+02 2.3592675942e-08
3.9400000000e+02 2.3522012904e-08
3.9500000000e+02 2.3451812798e-08
3.9600000000e+02 2.3382070768e-08
3.9700000000e+02 2.3312781991e-08
3.9800000000e+02 2.3243941680e-08
3.9900000000e+02 2.3175545080e-08
4.0000000000e+02 2.3107587473e-08
4.0100000000e+02 2.3040064175e-08
4.0200000000e+02 2.2972669875e-08
4.0300000000e+02 2.2905686465e-08
4.0400000000e+02 2.2839118497e-08
4.0500000000e+02 2.2772962019e-08
4.0600000000e+02 2.2707213127e-08
4.0700000000e+02 2.2641867966e-08
4.0800000000e+02 2.2576922727e-08
4.0900000000e+02 2.2512373647e-08
4.1000000000e+02 2.2448217010e-08
4.1100000000e+02 2.2384449145e-08
4.1200000000e+02 2.2321066425e-08
4.1300000000e+02 2.2258065266e-08
4.1400000000e+02 2.2195442130e-08
4.1500000000e+02 2.2133193521e-08
4.1600000000e+02 2.2071315984e-08
4.1700000000e+02 2.2009806108e-08
4.1800000000e+02 2.1948660521e-08
4.1900000000e+02 2.1887875894e-08
4.2000000000e+02 2.1827448937e-08
4.2100000000e+02 2.1767376399e-08
4.2200000000e+02 2.1707655070e-08
4.2300000000e+02 2.1648281777e-08
4.2400000000e+02 2.1589253387e-08
4.2500000000e+02 2.1530566803e-08
4.2600000000e+02 2.1472218966e-08
4.2700000000e+02 2.1414206853e-08
4.2800000000e+02 2.1356527480e-08
4.2900000000e+02 2.1299177894e-08
4.3000000000e+02 2.1242155181e-08
4.3100000000e+02 2.1185456462e-08
4.3200000000e+02 2.1129078890e-08
4.3300000000e+02 2.1073019653e-08
4.3400000000e+02 2.1017275974e-08
4.3500000000e+02 2.0961845107e-08
4.3600000000e+02 2.0906724339e-08
4.3700000000e+02 2.0851910991e-08
4.3800000000e+02 2.0797402413e-08
4.3900000000e+02 2.0743195989e-08
4.4000000000e+02 2.0689289134e-08
4.4100000000e+02 2.0635679290e-08
4.4200000000e+02 2.0582363934e-08
4.4300000000e+02 2.0529340569e-08
4.4400000000e+02 2.0476606731e-08
4.4500000000e+02 2.0424159981e-08
4.4600000000e+02 2.0371997911e-08
4.4700000000e+02 2.0320118142e-08
4.4800000000e+02 2.0268518321e-08
4.4900000000e+02 2.0217196124e-08
4.5000000000e+02 2.0166149254e-08
4.5100000000e+02 2.0115375439e-08
4.5200000000e+02 2.0064872437e-08
4.5300000000e+02 2.0014638029e-08
4.5400000000e+02 1.9964670024e-08
4.5500000000e+02 1.9914966255e-08
4.5600000000e+02 1.9865524580e-08
4.5700000000e+02 1.9816342883e-08
4.5800000000e+02 1.9767419073e-08
4.5900000000e+02 1.9718751081e-08
4.6000000000e+02 1.9670336863e-08
4.6100000000e+02 1.9622174400e-08
4.6200000000e+02 1.9574261695e-08
4.6300000000e+02 1.9526596772e-08
4.6400000000e+02 1.9479177682e-08
4.6500000000e+02 1.9432030157e-08
4.6600000000e+02 1.9385130345e-08
4.6700000000e+02 1.9338471133e-08
4.6800000000e+02 1.9292050610e-08
4.6900000000e+02 1.9245866887e-08
4.7000000000e+02 1.9199918092e-08
4.7100000000e+02 1.9154202376e-08
4.7200000000e+02 1.9108717905e-08
4.7300000000e+02 1.9063462869e-08
4.7400000000e+02 1.9018435473e-08
4.7500000000e+02 1.8973633943e-08
4.7600000000e+02 1.8929056523e-08
4.7700000000e+02 1.8884701475e-08
4.7800000000e+02 1.8840567078e-08
4.7900000000e+02 1.8796651631e-08
4.8000000000e+02 1.8752953449e-08
4.8100000000e+02 1.8709470865e-08
4.8200000000e+02 1.8666202229e-08
4.8300000000e+02 1.8623145907e-08
4.8400000000e+02 1.8580300284e-08
4.8500000000e+02 1.8537663759e-08
4.8600000000e+02 1.8495234748e-08
4.8700000000e+02 1.8453011685e-08
4.8800000000e+02 1.8410993017e-08
4.8900000000e+02 1.8369177210e-08
4.9000000000e+02 1.8327562742e-08
4.9100000000e+02 1.8286148110e-08
4.9200000000e+02 1.8244931822e-08
4.9300000000e+02 1.8203912405e-08
4.9400000000e+02 1.8163088399e-08
4.9500000000e+02 1.8122458359e-08
4.9600000000e+02 1.8082020853e-08
4.9700000000e+02 1.8041774465e-08
4.9800000000e+02 1.8001717793e-08
4.9900000000e+02 1.7961849449e-08
5.0000000000e+02 1.7922168057e-08
5.0100000000e+02 1.7882672258e-08
