2.0 2.636346422216691e-07
3.0 3.521396479379185e-07
4.0 4.329139937357974e-07
5.0 5.061895671446318e-07
6.0 5.723454578842478e-07
7.0 6.320159777042686e-07
8.0 6.854682055850617e-07
9.0 7.333696665699942e-07
10.0 7.761625207285427e-07
11.0 8.146247040058155e-07
12.0 8.479962890429921e-07
13.0 8.778134066730068e-07
14.0 9.03950919640087e-07
15.0 9.264356073726004e-07
16.0 9.460516043128797e-07
17.0 9.624747050796502e-07
18.0 9.757180747608725e-07
19.0 9.864839590024074e-07
20.0 9.952499239280999e-07
21.0 1.0011900167268128e-06
22.0 1.0052272645370296e-06
23.0 1.007431973339784e-06
24.0 1.0068372479927096e-06
25.0 1.0055818772975141e-06
26.0 1.0019500792865764e-06
27.0 9.979377843457257e-07
28.0 9.917893069087566e-07
29.0 9.85450444807517e-07
30.0 9.770129905242393e-07
31.0 9.685755362409615e-07
32.0 9.587964428718477e-07
33.0 9.487914174576163e-07
34.0 9.384013349151897e-07
35.0 9.275537541755666e-07
36.0 9.167061734359438e-07
37.0 9.054025250254802e-07
38.0 8.940327572812502e-07
39.0 8.826360127442412e-07
40.0 8.709689670270305e-07
41.0 8.593019213098203e-07
42.0 8.476632303599504e-07
43.0 8.362985350381329e-07
44.0 8.249338397163152e-07
45.0 8.135691443944977e-07
46.0 8.027139528007624e-07
47.0 7.919376148432849e-07
48.0 7.811612768858077e-07
49.0 7.705823403976612e-07
50.0 7.603127419417645e-07
51.0 7.500431434858674e-07
52.0 7.397735450299707e-07
53.0 7.299218389027084e-07
54.0 7.202997761963933e-07
55.0 7.106777134900784e-07
56.0 7.010556507837634e-07
57.0 6.919133251189479e-07
58.0 6.830741626067084e-07
59.0 6.742350000944688e-07
60.0 6.653958375822292e-07
61.0 6.567330093661286e-07
62.0 6.485479732184942e-07
63.0 6.403629370708601e-07
64.0 6.321779009232257e-07
65.0 6.239928647755916e-07
66.0 6.161725086385819e-07
67.0 6.086036495519489e-07
68.0 6.010347904653158e-07
69.0 5.934659313786828e-07
70.0 5.858970722920498e-07
71.0 5.787247920275045e-07
72.0 5.718720197298094e-07
73.0 5.650192474321145e-07
74.0 5.581664751344194e-07
75.0 5.513137028367244e-07
76.0 5.445355182345079e-07
77.0 5.382666785856167e-07
78.0 5.319978389367256e-07
79.0 5.257289992878345e-07
80.0 5.194601596389433e-07
81.0 5.131913199900521e-07
82.0 5.070715892169385e-07
83.0 5.013283140389099e-07
84.0 4.955850388608812e-07
85.0 4.898417636828525e-07
86.0 4.840984885048238e-07
87.0 4.783552133267951e-07
88.0 4.7261193814876634e-07
89.0 4.6746398511809946e-07
90.0 4.6232231425067083e-07
91.0 4.571806433832424e-07
92.0 4.520389725158139e-07
93.0 4.4689730164838537e-07
94.0 4.4175563078095684e-07
95.0 4.367253395999063e-07
96.0 4.321125383729362e-07
97.0 4.2749973714596594e-07
98.0 4.2288693591899564e-07
99.0 4.182741346920254e-07
100.0 4.136613334650553e-07
101.0 4.0904853223808497e-07
102.0 4.044357310111147e-07
103.0 4.002140857004526e-07
104.0 3.960313644918834e-07
105.0 3.918486432833141e-07
106.0 3.8766592207474495e-07
107.0 3.8348320086617563e-07
108.0 3.793004796576065e-07
109.0 3.7511775844903716e-07
110.0 3.7095831046544915e-07
111.0 3.672812195271904e-07
112.0 3.636041285889317e-07
113.0 3.59927037650673e-07
114.0 3.562499467124142e-07
115.0 3.5257285577415547e-07
116.0 3.488957648358968e-07
117.0 3.45218673897638e-07
118.0 3.4154158295937926e-07
119.0 3.381174184767367e-07
120.0 3.348787652484864e-07
121.0 3.316401120202362e-07
122.0 3.28401458791986e-07
123.0 3.251628055637358e-07
124.0 3.219241523354856e-07
125.0 3.186854991072353e-07
126.0 3.1544684587898507e-07
127.0 3.122081926507348e-07
128.0 3.0912937995038964e-07
129.0 3.062417140403746e-07
130.0 3.033540481303596e-07
131.0 3.004663822203445e-07
132.0 2.975787163103294e-07
133.0 2.946910504003143e-07
134.0 2.918033844902992e-07
135.0 2.889157185802841e-07
136.0 2.86028052670269e-07
137.0 2.83140386760254e-07
138.0 2.80496970765175e-07
139.0 2.779961760375613e-07
140.0 2.7549538130994743e-07
141.0 2.7299458658233375e-07
142.0 2.7049379185471995e-07
143.0 2.679929971271062e-07
144.0 2.654922023994924e-07
145.0 2.629914076718788e-07
146.0 2.6049061294426494e-07
147.0 2.579898182166512e-07
148.0 2.555066728678659e-07
149.0 2.533546907294622e-07
150.0 2.5120270859105827e-07
151.0 2.490507264526544e-07
152.0 2.468987443142506e-07
153.0 2.4474676217584676e-07
154.0 2.4259478003744296e-07
155.0 2.4044279789903916e-07
156.0 2.3829081576063529e-07
157.0 2.361388336222314e-07
158.0 2.339868514838275e-07
159.0 2.3183486934542373e-07
160.0 2.298571149714775e-07
161.0 2.279711808277249e-07
162.0 2.2608524668397224e-07
163.0 2.241993125402196e-07
164.0 2.2231337839646696e-07
165.0 2.204274442527143e-07
166.0 2.1854151010896163e-07
167.0 2.1665557596520902e-07
168.0 2.1476964182145637e-07
169.0 2.1288370767770377e-07
170.0 2.109977735339511e-07
171.0 2.0911183939019846e-07
172.0 2.0733013494321656e-07
173.0 2.0571748359652504e-07
174.0 2.0410483224983362e-07
175.0 2.0249218090314216e-07
176.0 2.008795295564507e-07
177.0 1.9926687820975925e-07
178.0 1.976542268630678e-07
179.0 1.960415755163763e-07
180.0 1.9442892416968486e-07
181.0 1.9281627282299344e-07
182.0 1.9120362147630195e-07
183.0 1.8959097012961054e-07
184.0 1.8797831878291904e-07
185.0 1.864065906586141e-07
186.0 1.8504567234460342e-07
187.0 1.8368475403059274e-07
188.0 1.823238357165821e-07
189.0 1.8096291740257146e-07
190.0 1.7960199908856078e-07
191.0 1.782410807745501e-07
192.0 1.7688016246053947e-07
193.0 1.755192441465288e-07
194.0 1.7415832583251812e-07
195.0 1.727974075185075e-07
196.0 1.7143648920449684e-07
197.0 1.7007557089048616e-07
198.0 1.6871465257647548e-07
199.0 1.6735373426246485e-07
200.0 1.661682162968661e-07
201.0 1.6499680533568364e-07
202.0 1.638253943745012e-07
203.0 1.6265398341331874e-07
204.0 1.6148257245213631e-07
205.0 1.6031116149095386e-07
206.0 1.5913975052977138e-07
207.0 1.579683395685889e-07
208.0 1.567969286074065e-07
209.0 1.55625517646224e-07
210.0 1.5445410668504155e-07
211.0 1.532826957238591e-07
212.0 1.5211128476267667e-07
213.0 1.5093987380149417e-07
214.0 1.4976846284031174e-07
215.0 1.4870534496043182e-07
216.0 1.4771687532074567e-07
217.0 1.4672840568105954e-07
218.0 1.4573993604137342e-07
219.0 1.447514664016873e-07
220.0 1.4376299676200116e-07
221.0 1.42774527122315e-07
222.0 1.4178605748262894e-07
223.0 1.4079758784294276e-07
224.0 1.3980911820325663e-07
225.0 1.388206485635705e-07
226.0 1.3783217892388435e-07
227.0 1.3684370928419822e-07
228.0 1.3585523964451207e-07
229.0 1.3486677000482592e-07
230.0 1.3387830036513982e-07
231.0 1.3290267074667744e-07
232.0 1.320803329474387e-07
233.0 1.3125799514819999e-07
234.0 1.3043565734896126e-07
235.0 1.296133195497225e-07
236.0 1.2879098175048378e-07
237.0 1.2796864395124505e-07
238.0 1.271463061520063e-07
239.0 1.263239683527676e-07
240.0 1.2550163055352885e-07
241.0 1.2467929275429017e-07
242.0 1.238569549550514e-07
243.0 1.230346171558127e-07
244.0 1.2221227935657397e-07
245.0 1.2138994155733524e-07
246.0 1.2056760375809651e-07
247.0 1.1974526595885776e-07
248.0 1.1892292815961902e-07
249.0 1.1813797619892043e-07
250.0 1.1744429447497538e-07
251.0 1.1675061275103029e-07
252.0 1.1605693102708521e-07
253.0 1.1536324930314014e-07
254.0 1.1466956757919505e-07
255.0 1.1397588585524997e-07
256.0 1.1328220413130488e-07
257.0 1.125885224073598e-07
258.0 1.1189484068341472e-07
259.0 1.1120115895946966e-07
260.0 1.1050747723552455e-07
261.0 1.0981379551157948e-07
262.0 1.091201137876344e-07
263.0 1.0842643206368932e-07
264.0 1.0773275033974425e-07
265.0 1.0703906861579915e-07
266.0 1.0634538689185405e-07
267.0 1.0565170516790897e-07
268.0 1.0497300590380075e-07
269.0 1.0439123761647866e-07
270.0 1.0380946932915656e-07
271.0 1.0322770104183444e-07
272.0 1.0264593275451236e-07
273.0 1.0206416446719024e-07
274.0 1.0148239617986811e-07
275.0 1.0090062789254603e-07
276.0 1.0031885960522394e-07
277.0 9.973709131790182e-08
278.0 9.915532303057973e-08
279.0 9.857355474325762e-08
280.0 9.799178645593553e-08
281.0 9.74100181686134e-08
282.0 9.682824988129133e-08
283.0 9.624648159396921e-08
284.0 9.566471330664711e-08
285.0 9.5082945019325e-08
286.0 9.450117673200289e-08
287.0 9.391940844468082e-08
288.0 9.333764015735869e-08
289.0 9.280930942756454e-08
290.0 9.233406945340405e-08
291.0 9.185882947924358e-08
292.0 9.138358950508312e-08
293.0 9.090834953092266e-08
294.0 9.043310955676222e-08
295.0 8.995786958260176e-08
296.0 8.948262960844127e-08
297.0 8.900738963428082e-08
298.0 8.853214966012034e-08
299.0 8.805690968595988e-08
300.0 8.758166971179941e-08
301.0 8.710642973763897e-08
302.0 8.66311897634785e-08
303.0 8.615594978931804e-08
304.0 8.568070981515755e-08
305.0 8.520546984099709e-08
306.0 8.473022986683663e-08
307.0 8.425498989267616e-08
308.0 8.37797499185157e-08
309.0 8.330450994435522e-08
310.0 8.282926997019477e-08
311.0 8.237635959121294e-08
312.0 8.198081352259355e-08
313.0 8.158526745397417e-08
314.0 8.118972138535478e-08
315.0 8.079417531673537e-08
316.0 8.039862924811598e-08
317.0 8.000308317949658e-08
318.0 7.960753711087719e-08
319.0 7.92119910422578e-08
320.0 7.881644497363841e-08
321.0 7.842089890501901e-08
322.0 7.802535283639962e-08
323.0 7.762980676778024e-08
324.0 7.723426069916084e-08
325.0 7.683871463054145e-08
326.0 7.644316856192205e-08
327.0 7.604762249330266e-08
328.0 7.565207642468327e-08
329.0 7.525653035606388e-08
330.0 7.486098428744449e-08
331.0 7.44654382188251e-08
332.0 7.40698921502057e-08
333.0 7.367434608158628e-08
334.0 7.327880001296692e-08
335.0 7.290634687325624e-08
336.0 7.257732000819426e-08
337.0 7.224829314313225e-08
338.0 7.191926627807028e-08
339.0 7.159023941300829e-08
340.0 7.126121254794631e-08
341.0 7.093218568288431e-08
342.0 7.060315881782232e-08
343.0 7.027413195276034e-08
344.0 6.994510508769837e-08
345.0 6.961607822263636e-08
346.0 6.928705135757437e-08
347.0 6.895802449251238e-08
348.0 6.86289976274504e-08
349.0 6.829997076238842e-08
350.0 6.797094389732643e-08
351.0 6.764191703226445e-08
352.0 6.731289016720244e-08
353.0 6.698386330214046e-08
354.0 6.665483643707847e-08
355.0 6.632580957201649e-08
356.0 6.599678270695449e-08
357.0 6.566775584189252e-08
358.0 6.533872897683052e-08
359.0 6.500970211176851e-08
360.0 6.468067524670655e-08
361.0 6.438699097555827e-08
362.0 6.411989232884694e-08
363.0 6.385279368213564e-08
364.0 6.358569503542434e-08
365.0 6.331859638871303e-08
366.0 6.305149774200171e-08
367.0 6.27843990952904e-08
368.0 6.25173004485791e-08
369.0 6.225020180186778e-08
370.0 6.198310315515649e-08
371.0 6.171600450844518e-08
372.0 6.144890586173388e-08
373.0 6.118180721502256e-08
374.0 6.091470856831124e-08
375.0 6.064760992159997e-08
376.0 6.038051127488864e-08
377.0 6.011341262817733e-08
378.0 5.984631398146603e-08
379.0 5.9579215334754706e-08
380.0 5.93121166880434e-08
381.0 5.90450180413321e-08
382.0 5.877791939462079e-08
383.0 5.851082074790948e-08
384.0 5.824372210119817e-08
385.0 5.797662345448687e-08
386.0 5.7709524807775557e-08
387.0 5.744242616106424e-08
388.0 5.717532751435295e-08
389.0 5.6947643762129075e-08
390.0 5.6729276164768455e-08
391.0 5.651090856740786e-08
392.0 5.6292540970047256e-08
393.0 5.607417337268665e-08
394.0 5.5855805775326044e-08
395.0 5.563743817796543e-08
396.0 5.541907058060483e-08
397.0 5.520070298324423e-08
398.0 5.498233538588363e-08
399.0 5.476396778852301e-08
400.0 5.454560019116241e-08
401.0 5.43272325938018e-08
402.0 5.4108864996441196e-08
403.0 5.3890497399080583e-08
404.0 5.367212980171998e-08
405.0 5.345376220435938e-08
406.0 5.323539460699877e-08
407.0 5.301702700963817e-08
408.0 5.279865941227755e-08
409.0 5.2580291814916954e-08
410.0 5.236192421755634e-08
411.0 5.214355662019574e-08
412.0 5.1925189022835136e-08
413.0 5.170682142547453e-08
414.0 5.148845382811392e-08
415.0 5.127008623075331e-08
416.0 5.105171863339271e-08
417.0 5.08333510360321e-08
418.0 5.06149834386715e-08
419.0 5.043110376758475e-08
420.0 5.025069323909388e-08
421.0 5.0070282710603006e-08
422.0 4.9889872182112134e-08
423.0 4.970946165362125e-08
424.0 4.952905112513039e-08
425.0 4.934864059663952e-08
426.0 4.916823006814863e-08
427.0 4.8987819539657774e-08
428.0 4.88074090111669e-08
429.0 4.862699848267602e-08
430.0 4.8446587954185144e-08
431.0 4.826617742569427e-08
432.0 4.80857668972034e-08
433.0 4.790535636871253e-08
434.0 4.772494584022165e-08
435.0 4.754453531173078e-08
436.0 4.736412478323991e-08
437.0 4.718371425474903e-08
438.0 4.700330372625817e-08
439.0 4.6822893197767295e-08
440.0 4.6642482669276416e-08
441.0 4.646207214078556e-08
442.0 4.628166161229467e-08
443.0 4.61012510838038e-08
444.0 4.592084055531294e-08
445.0 4.5740430026822055e-08
446.0 4.556001949833118e-08
447.0 4.5379608969840324e-08
448.0 4.519919844134943e-08
449.0 4.501878791285857e-08
450.0 4.48383773843677e-08
451.0 4.468267728740196e-08
452.0 4.4537300464252624e-08
453.0 4.439192364110327e-08
454.0 4.424654681795393e-08
455.0 4.410116999480459e-08
456.0 4.395579317165525e-08
457.0 4.38104163485059e-08
458.0 4.366503952535655e-08
459.0 4.351966270220721e-08
460.0 4.3374285879057863e-08
461.0 4.3228909055908526e-08
462.0 4.3083532232759175e-08
463.0 4.293815540960983e-08
464.0 4.279277858646048e-08
465.0 4.264740176331114e-08
466.0 4.25020249401618e-08
467.0 4.2356648117012454e-08
468.0 4.22112712938631e-08
469.0 4.2065894470713765e-08
470.0 4.1920517647564414e-08
471.0 4.177514082441507e-08
472.0 4.162976400126573e-08
473.0 4.148438717811638e-08
474.0 4.1339010354967044e-08
475.0 4.119363353181769e-08
476.0 4.104825670866835e-08
477.0 4.0902879885519004e-08
478.0 4.075750306236966e-08
479.0 4.061212623922031e-08
480.0 4.046674941607097e-08
481.0 4.032137259292162e-08
482.0 4.017599576977228e-08
483.0 4.003061894662294e-08
484.0 3.9885242123473595e-08
485.0 3.974046659128715e-08
486.0 3.962289815357388e-08
487.0 3.950532971586061e-08
488.0 3.938776127814733e-08
489.0 3.927019284043405e-08
490.0 3.915262440272079e-08
491.0 3.903505596500751e-08
492.0 3.891748752729423e-08
493.0 3.879991908958097e-08
494.0 3.868235065186769e-08
495.0 3.856478221415441e-08
496.0 3.8447213776441154e-08
497.0 3.832964533872787e-08
498.0 3.821207690101459e-08
499.0 3.8094508463301327e-08
500.0 3.797694002558805e-08
501.0 3.785937158787477e-08
502.0 3.7741803150161506e-08
503.0 3.762423471244823e-08
504.0 3.7506666274734963e-08
505.0 3.7389097837021685e-08
506.0 3.7271529399308414e-08
507.0 3.715396096159514e-08
508.0 3.703639252388186e-08
509.0 3.691882408616859e-08
510.0 3.6801255648455316e-08
511.0 3.6683687210742044e-08
512.0 3.6566118773028766e-08
513.0 3.6448550335315495e-08
514.0 3.633098189760222e-08
515.0 3.6213413459888946e-08
516.0 3.6095845022175675e-08
517.0 3.5978276584462397e-08
518.0 3.5860708146749125e-08
519.0 3.5743139709035854e-08
520.0 3.5625571271322576e-08
521.0 3.5508002833609305e-08
522.0 3.5390434395896033e-08
523.0 3.5286708322467564e-08
524.0 3.518991119088162e-08
525.0 3.509311405929567e-08
526.0 3.499631692770973e-08
527.0 3.489951979612378e-08
528.0 3.480272266453785e-08
529.0 3.47059255329519e-08
530.0 3.460912840136596e-08
531.0 3.451233126978001e-08
532.0 3.4415534138194066e-08
533.0 3.4318737006608124e-08
534.0 3.4221939875022176e-08
535.0 3.4125142743436234e-08
536.0 3.402834561185029e-08
537.0 3.393154848026435e-08
538.0 3.38347513486784e-08
539.0 3.373795421709246e-08
540.0 3.364115708550651e-08
541.0 3.354435995392057e-08
542.0 3.3447562822334633e-08
543.0 3.335076569074868e-08
544.0 3.325396855916274e-08
545.0 3.3157171427576794e-08
546.0 3.306037429599085e-08
547.0 3.2963577164404904e-08
548.0 3.286678003281896e-08
549.0 3.276998290123302e-08
550.0 3.267318576964707e-08
551.0 3.257638863806113e-08
552.0 3.247959150647518e-08
553.0 3.2382794374889245e-08
554.0 3.2285997243303297e-08
555.0 3.2189200111717355e-08
556.0 3.2092402980131406e-08
557.0 3.1995605848545464e-08
558.0 3.189880871695953e-08
559.0 3.1802011585373574e-08
560.0 3.170521445378763e-08
561.0 3.1608417322201696e-08
562.0 3.151162019061575e-08
563.0 3.142325008727452e-08
564.0 3.134587241997043e-08
565.0 3.126849475266635e-08
566.0 3.119111708536227e-08
567.0 3.111373941805819e-08
568.0 3.103636175075411e-08
569.0 3.095898408345003e-08
570.0 3.088160641614594e-08
571.0 3.080422874884186e-08
572.0 3.0726851081537784e-08
573.0 3.064947341423369e-08
574.0 3.057209574692961e-08
575.0 3.0494718079625536e-08
576.0 3.0417340412321454e-08
577.0 3.033996274501737e-08
578.0 3.026258507771328e-08
579.0 3.0185207410409206e-08
580.0 3.0107829743105124e-08
581.0 3.003045207580104e-08
582.0 2.995307440849696e-08
583.0 2.987569674119287e-08
584.0 2.9798319073888794e-08
585.0 2.9720941406584715e-08
586.0 2.9643563739280632e-08
587.0 2.956618607197654e-08
588.0 2.948880840467246e-08
589.0 2.9411430737368385e-08
590.0 2.93340530700643e-08
591.0 2.925667540276022e-08
592.0 2.9179297735456137e-08
593.0 2.9101920068152052e-08
594.0 2.9024542400847973e-08
595.0 2.894716473354389e-08
596.0 2.886978706623981e-08
597.0 2.879240939893572e-08
598.0 2.8715031731631646e-08
599.0 2.863765406432757e-08
600.0 2.8560276397023484e-08
601.0 2.8482898729719392e-08
602.0 2.840552106241531e-08
603.0 2.8328143395111237e-08
604.0 2.825076572780715e-08
605.0 2.817338806050307e-08
606.0 2.8097573922951634e-08
607.0 2.8035436448969492e-08
608.0 2.7973298974987346e-08
609.0 2.791116150100521e-08
610.0 2.784902402702307e-08
611.0 2.7786886553040926e-08
612.0 2.7724749079058787e-08
613.0 2.766261160507664e-08
614.0 2.7600474131094506e-08
615.0 2.753833665711236e-08
616.0 2.7476199183130225e-08
617.0 2.741406170914808e-08
618.0 2.735192423516594e-08
619.0 2.72897867611838e-08
620.0 2.7227649287201656e-08
621.0 2.7165511813219517e-08
622.0 2.7103374339237378e-08
623.0 2.7041236865255236e-08
624.0 2.6979099391273097e-08
625.0 2.6916961917290955e-08
626.0 2.685482444330881e-08
627.0 2.679268696932667e-08
628.0 2.6730549495344528e-08
629.0 2.6668412021362386e-08
630.0 2.6606274547380247e-08
631.0 2.6544137073398105e-08
632.0 2.6481999599415966e-08
633.0 2.6419862125433827e-08
634.0 2.6357724651451685e-08
635.0 2.6295587177469542e-08
636.0 2.6233449703487404e-08
637.0 2.6171312229505258e-08
638.0 2.610917475552312e-08
639.0 2.6047037281540977e-08
640.0 2.5984899807558838e-08
641.0 2.5922762333576696e-08
642.0 2.586062485959455e-08
643.0 2.5798487385612418e-08
644.0 2.5736349911630276e-08
645.0 2.567421243764813e-08
646.0 2.5612074963665988e-08
647.0 2.5549937489683852e-08
648.0 2.5487800015701707e-08
649.0 2.5425662541719568e-08
650.0 2.5363525067737425e-08
651.0 2.5301387593755283e-08
652.0 2.5239250119773144e-08
653.0 2.5181996137896827e-08
654.0 2.513111970356047e-08
655.0 2.508024326922411e-08
656.0 2.5029366834887755e-08
657.0 2.4978490400551403e-08
658.0 2.4927613966215045e-08
659.0 2.4876737531878686e-08
660.0 2.4825861097542334e-08
661.0 2.4774984663205976e-08
662.0 2.4724108228869624e-08
663.0 2.4673231794533262e-08
664.0 2.4622355360196907e-08
665.0 2.4571478925860552e-08
666.0 2.45206024915242e-08
667.0 2.4469726057187842e-08
668.0 2.4418849622851487e-08
669.0 2.436797318851513e-08
670.0 2.4317096754178776e-08
671.0 2.4266220319842418e-08
672.0 2.4215343885506063e-08
673.0 2.4164467451169708e-08
674.0 2.4113591016833352e-08
675.0 2.4062714582496994e-08
676.0 2.4011838148160642e-08
677.0 2.3960961713824284e-08
678.0 2.3910085279487932e-08
679.0 2.385920884515157e-08
680.0 2.3808332410815215e-08
681.0 2.375745597647886e-08
682.0 2.37065795421425e-08
683.0 2.365570310780615e-08
684.0 2.3604826673469794e-08
685.0 2.355395023913344e-08
686.0 2.3503073804797078e-08
687.0 2.3452197370460726e-08
688.0 2.340132093612437e-08
689.0 2.3350444501788015e-08
690.0 2.3299568067451657e-08
691.0 2.3248691633115302e-08
692.0 2.3197815198778947e-08
693.0 2.314693876444259e-08
694.0 2.3096062330106233e-08
695.0 2.3045185895769878e-08
696.0 2.2994309461433523e-08
697.0 2.2943433027097168e-08
698.0 2.289255659276081e-08
699.0 2.2841680158424454e-08
700.0 2.2790803724088106e-08
701.0 2.2739927289751747e-08
702.0 2.2689050855415385e-08
703.0 2.263988067564679e-08
704.0 2.2599036139890467e-08
705.0 2.2558191604134147e-08
706.0 2.251734706837782e-08
707.0 2.24765025326215e-08
708.0 2.243565799686518e-08
709.0 2.2394813461108854e-08
710.0 2.235396892535253e-08
711.0 2.231312438959621e-08
712.0 2.2272279853839885e-08
713.0 2.2231435318083565e-08
714.0 2.2190590782327245e-08
715.0 2.2149746246570912e-08
716.0 2.2108901710814592e-08
717.0 2.2068057175058276e-08
718.0 2.202721263930195e-08
719.0 2.1986368103545633e-08
720.0 2.1945523567789306e-08
721.0 2.190467903203298e-08
722.0 2.186383449627666e-08
723.0 2.182298996052034e-08
724.0 2.1782145424764014e-08
725.0 2.1741300889007687e-08
726.0 2.170045635325137e-08
727.0 2.1659611817495044e-08
728.0 2.1618767281738724e-08
729.0 2.1577922745982404e-08
730.0 2.153707821022608e-08
731.0 2.1496233674469755e-08
732.0 2.1455389138713435e-08
733.0 2.141454460295711e-08
734.0 2.137370006720079e-08
735.0 2.1332855531444465e-08
736.0 2.1292010995688146e-08
737.0 2.125116645993182e-08
738.0 2.12103219241755e-08
739.0 2.1169477388419173e-08
740.0 2.1128632852662853e-08
741.0 2.1087788316906533e-08
742.0 2.104694378115021e-08
743.0 2.1006099245393883e-08
744.0 2.0965254709637564e-08
745.0 2.092441017388124e-08
746.0 2.0883565638124914e-08
747.0 2.0842721102368597e-08
748.0 2.0801876566612268e-08
749.0 2.0761032030855945e-08
750.0 2.0720187495099628e-08
751.0 2.0679342959343305e-08
752.0 2.063849842358698e-08
753.0 2.0597653887830662e-08
754.0 2.0556809352074332e-08
755.0 2.051596481631801e-08
756.0 2.0475120280561692e-08
757.0 2.043456899544737e-08
758.0 2.04021084759448e-08
759.0 2.0369647956442237e-08
760.0 2.033718743693967e-08
761.0 2.0304726917437102e-08
762.0 2.0272266397934537e-08
763.0 2.0239805878431968e-08
764.0 2.0207345358929405e-08
765.0 2.017488483942684e-08
766.0 2.0142424319924274e-08
767.0 2.0109963800421708e-08
768.0 2.0077503280919145e-08
769.0 2.0045042761416576e-08
770.0 2.001258224191401e-08
771.0 1.9980121722411448e-08
772.0 1.9947661202908882e-08
773.0 1.9915200683406313e-08
774.0 1.988274016390375e-08
775.0 1.9850279644401185e-08
776.0 1.981781912489862e-08
777.0 1.9785358605396053e-08
778.0 1.9752898085893487e-08
779.0 1.972043756639092e-08
780.0 1.968797704688836e-08
781.0 1.9655516527385793e-08
782.0 1.9623056007883224e-08
783.0 1.9590595488380655e-08
784.0 1.955813496887809e-08
785.0 1.9525674449375527e-08
786.0 1.949321392987296e-08
787.0 1.9460753410370392e-08
788.0 1.942829289086783e-08
789.0 1.9395832371365264e-08
790.0 1.9363371851862698e-08
791.0 1.9330911332360132e-08
792.0 1.9298450812857566e-08
793.0 1.9265990293355e-08
794.0 1.9233529773852438e-08
795.0 1.920106925434987e-08
796.0 1.9168608734847303e-08
797.0 1.9136148215344737e-08
798.0 1.9103687695842175e-08
799.0 1.9071227176339606e-08
800.0 1.903876665683704e-08
801.0 1.900630613733447e-08
802.0 1.8973845617831912e-08
803.0 1.8941385098329346e-08
804.0 1.8908924578826777e-08
805.0 1.8876464059324214e-08
806.0 1.884400353982165e-08
807.0 1.881154302031908e-08
808.0 1.8779082500816517e-08
809.0 1.874662198131395e-08
810.0 1.8714161461811382e-08
811.0 1.8681700942308823e-08
812.0 1.8649240422806254e-08
813.0 1.8616779903303685e-08
814.0 1.858431938380112e-08
815.0 1.8551858864298557e-08
816.0 1.8523659570378015e-08
817.0 1.8497035197541422e-08
818.0 1.8470410824704826e-08
819.0 1.844378645186823e-08
820.0 1.8417162079031636e-08
821.0 1.839053770619504e-08
822.0 1.8363913333358442e-08
823.0 1.8337288960521846e-08
824.0 1.831066458768525e-08
825.0 1.8284040214848653e-08
826.0 1.825741584201206e-08
827.0 1.8230791469175463e-08
828.0 1.8204167096338866e-08
829.0 1.8177542723502276e-08
830.0 1.815091835066568e-08
831.0 1.812429397782908e-08
832.0 1.8097669604992483e-08
833.0 1.8071045232155887e-08
834.0 1.8044420859319293e-08
835.0 1.8017796486482697e-08
836.0 1.79911721136461e-08
837.0 1.7964547740809504e-08
838.0 1.7937923367972904e-08
839.0 1.7911298995136314e-08
840.0 1.7884674622299717e-08
841.0 1.785805024946312e-08
842.0 1.7831425876626524e-08
843.0 1.780480150378993e-08
844.0 1.7778177130953337e-08
845.0 1.7751552758116734e-08
846.0 1.772492838528014e-08
847.0 1.7698304012443548e-08
848.0 1.7671679639606948e-08
849.0 1.764505526677035e-08
850.0 1.7618430893933755e-08
851.0 1.759180652109716e-08
852.0 1.7565182148260565e-08
853.0 1.7538557775423968e-08
854.0 1.751193340258737e-08
855.0 1.748530902975078e-08
856.0 1.7458684656914185e-08
857.0 1.7432060284077585e-08
858.0 1.740543591124099e-08
859.0 1.73788115384044e-08
860.0 1.7352187165567802e-08
861.0 1.7325562792731202e-08
862.0 1.7298938419894605e-08
863.0 1.7272314047058015e-08
864.0 1.724568967422142e-08
865.0 1.721906530138482e-08
866.0 1.7192440928548222e-08
867.0 1.7165816555711632e-08
868.0 1.7139192182875036e-08
869.0 1.711256781003844e-08
870.0 1.7085943437201843e-08
871.0 1.705931906436525e-08
872.0 1.7032694691528653e-08
873.0 1.7006070318692056e-08
874.0 1.6979445945855463e-08
875.0 1.6952821573018866e-08
876.0 1.692619720018227e-08
877.0 1.689957282734567e-08
878.0 1.687294845450908e-08
879.0 1.6851209212808012e-08
880.0 1.682981287372839e-08
881.0 1.6808416534648772e-08
882.0 1.6787020195569147e-08
883.0 1.6765623856489532e-08
884.0 1.6744227517409908e-08
885.0 1.672283117833029e-08
886.0 1.6701434839250668e-08
887.0 1.668003850017105e-08
888.0 1.6658642161091428e-08
889.0 1.663724582201181e-08
890.0 1.661584948293219e-08
891.0 1.659445314385257e-08
892.0 1.6573056804772952e-08
893.0 1.655166046569333e-08
894.0 1.653026412661371e-08
895.0 1.6508867787534087e-08
896.0 1.648747144845447e-08
897.0 1.6466075109374847e-08
898.0 1.644467877029523e-08
899.0 1.6423282431215608e-08
900.0 1.6401886092135986e-08
901.0 1.638048975305637e-08
902.0 1.6359093413976746e-08
903.0 1.6337697074897128e-08
904.0 1.6316300735817506e-08
905.0 1.6294904396737885e-08
906.0 1.6273508057658267e-08
907.0 1.625211171857865e-08
908.0 1.6230715379499027e-08
909.0 1.620931904041941e-08
910.0 1.6187922701339787e-08
911.0 1.616652636226017e-08
912.0 1.6145130023180544e-08
913.0 1.6123733684100926e-08
914.0 1.6102337345021307e-08
915.0 1.6080941005941686e-08
916.0 1.6059544666862064e-08
917.0 1.6038148327782446e-08
918.0 1.6016751988702828e-08
919.0 1.5995355649623206e-08
920.0 1.5973959310543588e-08
921.0 1.5952562971463967e-08
922.0 1.5931166632384342e-08
923.0 1.5909770293304727e-08
924.0 1.5888373954225105e-08
925.0 1.5866977615145487e-08
926.0 1.5845581276065865e-08
927.0 1.5824184936986247e-08
928.0 1.5802788597906626e-08
929.0 1.5781392258827004e-08
930.0 1.5759995919747383e-08
931.0 1.5738599580667764e-08
932.0 1.5717203241588143e-08
933.0 1.569580690250852e-08
934.0 1.5674410563428903e-08
935.0 1.5653014224349285e-08
936.0 1.5631617885269666e-08
937.0 1.5610221546190045e-08
938.0 1.5588825207110427e-08
939.0 1.5567428868030805e-08
940.0 1.5546032528951184e-08
941.0 1.5524636189871562e-08
942.0 1.5503239850791944e-08
943.0 1.5481843511712322e-08
944.0 1.54604471726327e-08
945.0 1.5439050833553086e-08
946.0 1.5418942405993508e-08
947.0 1.5401812517903685e-08
948.0 1.5384682629813856e-08
949.0 1.5367552741724036e-08
950.0 1.535042285363421e-08
951.0 1.5333292965544384e-08
952.0 1.531616307745456e-08
953.0 1.5299033189364738e-08
954.0 1.5281903301274912e-08
955.0 1.526477341318509e-08
956.0 1.5247643525095266e-08
957.0 1.523051363700544e-08
958.0 1.5213383748915617e-08
959.0 1.5196253860825794e-08
960.0 1.5179123972735968e-08
961.0 1.5161994084646145e-08
962.0 1.5144864196556322e-08
963.0 1.5127734308466493e-08
964.0 1.5110604420376673e-08
965.0 1.509347453228685e-08
966.0 1.507634464419702e-08
967.0 1.50592147561072e-08
968.0 1.5042084868017378e-08
969.0 1.502495497992755e-08
970.0 1.500782509183773e-08
971.0 1.4990695203747903e-08
972.0 1.497356531565808e-08
973.0 1.4956435427568257e-08
974.0 1.493930553947843e-08
975.0 1.4922175651388608e-08
976.0 1.4905045763298785e-08
977.0 1.4887915875208959e-08
978.0 1.4870785987119133e-08
979.0 1.4853656099029312e-08
980.0 1.4836526210939489e-08
981.0 1.4819396322849661e-08
982.0 1.4802266434759838e-08
983.0 1.4785136546670017e-08
984.0 1.4768006658580189e-08
985.0 1.4750876770490366e-08
986.0 1.4733746882400543e-08
987.0 1.4716616994310715e-08
988.0 1.4699487106220894e-08
989.0 1.4682357218131071e-08
990.0 1.4665227330041243e-08
991.0 1.4648097441951424e-08
992.0 1.46309675538616e-08
993.0 1.461383766577177e-08
994.0 1.4596707777681952e-08
995.0 1.4579577889592126e-08
996.0 1.4562448001502304e-08
997.0 1.4545318113412478e-08
998.0 1.4528188225322654e-08
999.0 1.451105833723283e-08
1000.0 1.4493928449143006e-08
1001.0 1.447679856105318e-08
1002.0 1.4459668672963359e-08
1003.0 1.4442538784873533e-08
1004.0 1.4425408896783708e-08
1005.0 1.4408279008693885e-08
1006.0 1.439114912060406e-08
1007.0 1.4374019232514238e-08
1008.0 1.4356889344424413e-08
1009.0 1.4339759456334587e-08
1010.0 1.4322629568244766e-08
1011.0 1.430549968015494e-08
1012.0 1.4288369792065115e-08
1013.0 1.4271239903975292e-08
1014.0 1.4254110015885468e-08
1015.0 1.4236980127795645e-08
1016.0 1.421985023970582e-08
1017.0 1.4202720351615996e-08
1018.0 1.4185590463526173e-08
1019.0 1.4169862530970497e-08
1020.0 1.4155780589272856e-08
1021.0 1.4141698647575219e-08
1022.0 1.4127616705877576e-08
1023.0 1.4113534764179938e-08
1024.0 1.4099452822482294e-08
1025.0 1.4085370880784655e-08
1026.0 1.4071288939087017e-08
1027.0 1.4057206997389378e-08
1028.0 1.4043125055691737e-08
1029.0 1.4029043113994096e-08
1030.0 1.4014961172296457e-08
1031.0 1.4000879230598819e-08
1032.0 1.3986797288901178e-08
1033.0 1.3972715347203535e-08
1034.0 1.3958633405505895e-08
1035.0 1.3944551463808262e-08
1036.0 1.3930469522110618e-08
1037.0 1.391638758041298e-08
1038.0 1.3902305638715337e-08
1039.0 1.3888223697017696e-08
1040.0 1.3874141755320057e-08
1041.0 1.3860059813622416e-08
1042.0 1.3845977871924779e-08
1043.0 1.383189593022714e-08
1044.0 1.3817813988529498e-08
1045.0 1.380373204683186e-08
1046.0 1.3789650105134216e-08
1047.0 1.377556816343658e-08
1048.0 1.3761486221738938e-08
1049.0 1.3747404280041299e-08
1050.0 1.3733322338343658e-08
1051.0 1.3719240396646023e-08
1052.0 1.3705158454948379e-08
1053.0 1.3691076513250741e-08
1054.0 1.3676994571553099e-08
1055.0 1.3662912629855461e-08
1056.0 1.3648830688157817e-08
1057.0 1.363474874646018e-08
1058.0 1.362066680476254e-08
1059.0 1.36065848630649e-08
1060.0 1.359250292136726e-08
1061.0 1.3578420979669619e-08
1062.0 1.356433903797198e-08
1063.0 1.3550257096274342e-08
1064.0 1.35361751545767e-08
1065.0 1.352209321287906e-08
1066.0 1.3508011271181419e-08
1067.0 1.349392932948378e-08
1068.0 1.3479847387786142e-08
1069.0 1.3465765446088503e-08
1070.0 1.345168350439086e-08
1071.0 1.343760156269322e-08
1072.0 1.3423519620995582e-08
1073.0 1.3409437679297944e-08
1074.0 1.3395355737600303e-08
1075.0 1.3381273795902662e-08
1076.0 1.3367191854205021e-08
1077.0 1.3353109912507384e-08
1078.0 1.3339027970809741e-08
1079.0 1.3324946029112102e-08
1080.0 1.3310864087414462e-08
1081.0 1.3296782145716821e-08
1082.0 1.3282700204019184e-08
1083.0 1.3268618262321545e-08
1084.0 1.3254536320623904e-08
1085.0 1.3240454378926264e-08
1086.0 1.3226372437228622e-08
1087.0 1.3212290495530982e-08
1088.0 1.319820855383334e-08
1089.0 1.3184126612135702e-08
1090.0 1.3170044670438061e-08
1091.0 1.3155962728740424e-08
1092.0 1.3141880787042783e-08
1093.0 1.3127798845345142e-08
1094.0 1.3113716903647502e-08
1095.0 1.3099634961949863e-08
1096.0 1.3085553020252224e-08
1097.0 1.3071490713356538e-08
1098.0 1.3060042305104981e-08
1099.0 1.3048593896853428e-08
1100.0 1.3037145488601876e-08
1101.0 1.3025697080350324e-08
1102.0 1.301424867209877e-08
1103.0 1.3002800263847216e-08
1104.0 1.2991351855595661e-08
1105.0 1.297990344734411e-08
1106.0 1.2968455039092554e-08
1107.0 1.2957006630841e-08
1108.0 1.2945558222589448e-08
1109.0 1.2934109814337896e-08
1110.0 1.2922661406086341e-08
1111.0 1.291121299783479e-08
1112.0 1.2899764589583236e-08
1113.0 1.2888316181331683e-08
1114.0 1.287686777308013e-08
1115.0 1.2865419364828576e-08
1116.0 1.285397095657702e-08
1117.0 1.284252254832547e-08
1118.0 1.2831074140073916e-08
1119.0 1.281962573182236e-08
1120.0 1.280817732357081e-08
1121.0 1.2796728915319253e-08
1122.0 1.2785280507067703e-08
1123.0 1.277383209881615e-08
1124.0 1.2762383690564596e-08
1125.0 1.275093528231304e-08
1126.0 1.2739486874061488e-08
1127.0 1.2728038465809936e-08
1128.0 1.2716590057558381e-08
1129.0 1.270514164930683e-08
1130.0 1.2693693241055274e-08
1131.0 1.2682244832803721e-08
1132.0 1.2670796424552168e-08
1133.0 1.2659348016300614e-08
1134.0 1.264789960804906e-08
1135.0 1.2636451199797508e-08
1136.0 1.2625002791545956e-08
1137.0 1.2613554383294401e-08
1138.0 1.2602105975042848e-08
1139.0 1.2590657566791297e-08
1140.0 1.2579209158539741e-08
1141.0 1.2567760750288188e-08
1142.0 1.2556312342036634e-08
1143.0 1.2544863933785081e-08
1144.0 1.2533415525533528e-08
1145.0 1.2521967117281974e-08
1146.0 1.2510518709030421e-08
1147.0 1.2499070300778868e-08
1148.0 1.2487621892527314e-08
1149.0 1.2476173484275761e-08
1150.0 1.2464725076024204e-08
1151.0 1.2453276667772654e-08
1152.0 1.2441828259521099e-08
1153.0 1.2430379851269547e-08
1154.0 1.2418931443017994e-08
1155.0 1.240748303476644e-08
1156.0 1.2396034626514887e-08
1157.0 1.2384586218263336e-08
1158.0 1.237313781001178e-08
1159.0 1.2361689401760224e-08
1160.0 1.2350240993508674e-08
1161.0 1.2338792585257119e-08
1162.0 1.2327344177005567e-08
1163.0 1.2315895768754014e-08
1164.0 1.230444736050246e-08
1165.0 1.2292998952250906e-08
1166.0 1.2281550543999354e-08
1167.0 1.22701021357478e-08
1168.0 1.2258653727496242e-08
1169.0 1.2247205319244694e-08
1170.0 1.2235756910993139e-08
1171.0 1.2224308502741587e-08
1172.0 1.2212860094490036e-08
1173.0 1.2201411686238479e-08
1174.0 1.2189963277986926e-08
1175.0 1.217851486973537e-08
1176.0 1.216706646148382e-08
1177.0 1.2155618053232264e-08
1178.0 1.2144169644980712e-08
1179.0 1.2132721236729159e-08
1180.0 1.2121272828477606e-08
1181.0 1.2109824420226052e-08
1182.0 1.2099477696462256e-08
1183.0 1.2090180257077796e-08
1184.0 1.2080882817693339e-08
1185.0 1.2071585378308882e-08
1186.0 1.206228793892442e-08
1187.0 1.2052990499539961e-08
1188.0 1.20436930601555e-08
1189.0 1.2034395620771039e-08
1190.0 1.2025098181386582e-08
1191.0 1.2015800742002121e-08
1192.0 1.2006503302617663e-08
1193.0 1.1997205863233202e-08
1194.0 1.198790842384874e-08
1195.0 1.1978610984464284e-08
1196.0 1.1969313545079823e-08
1197.0 1.1960016105695363e-08
1198.0 1.1950718666310904e-08
1199.0 1.1941421226926446e-08
1200.0 1.1932123787541985e-08
1201.0 1.1922826348157527e-08
1202.0 1.1913528908773068e-08
1203.0 1.1904231469388606e-08
1204.0 1.1894934030004144e-08
1205.0 1.1885636590619687e-08
1206.0 1.1876339151235228e-08
1207.0 1.186704171185077e-08
1208.0 1.1857744272466308e-08
1209.0 1.1848446833081851e-08
1210.0 1.1839149393697389e-08
1211.0 1.182985195431293e-08
1212.0 1.182055451492847e-08
1213.0 1.1811257075544011e-08
1214.0 1.1801959636159553e-08
1215.0 1.179266219677509e-08
1216.0 1.1783364757390632e-08
1217.0 1.1774067318006175e-08
1218.0 1.1764769878621716e-08
1219.0 1.1755472439237255e-08
1220.0 1.1746174999852796e-08
1221.0 1.1736877560468336e-08
1222.0 1.1727580121083875e-08
1223.0 1.1718282681699415e-08
1224.0 1.1708985242314958e-08
1225.0 1.16996878029305e-08
1226.0 1.1690390363546036e-08
1227.0 1.1681092924161577e-08
1228.0 1.167179548477712e-08
1229.0 1.166249804539266e-08
1230.0 1.16532006060082e-08
1231.0 1.1643903166623743e-08
1232.0 1.163460572723928e-08
1233.0 1.1625308287854822e-08
1234.0 1.1616010848470363e-08
1235.0 1.16067134090859e-08
1236.0 1.1597415969701441e-08
1237.0 1.1588118530316979e-08
1238.0 1.1578821090932522e-08
1239.0 1.1569523651548063e-08
1240.0 1.1560226212163605e-08
1241.0 1.1550928772779145e-08
1242.0 1.1541631333394684e-08
1243.0 1.1532333894010224e-08
1244.0 1.1523036454625765e-08
1245.0 1.1513739015241307e-08
1246.0 1.1504441575856845e-08
1247.0 1.1495144136472386e-08
1248.0 1.1485846697087926e-08
1249.0 1.1476549257703467e-08
1250.0 1.1467251818319008e-08
1251.0 1.1457954378934546e-08
1252.0 1.144865693955009e-08
1253.0 1.1439359500165631e-08
1254.0 1.1430062060781169e-08
1255.0 1.1420764621396712e-08
1256.0 1.1411467182012252e-08
1257.0 1.1402169742627795e-08
1258.0 1.139287230324333e-08
1259.0 1.138357486385887e-08
1260.0 1.1374277424474414e-08
1261.0 1.1364979985089955e-08
1262.0 1.1355682545705493e-08
1263.0 1.1346385106321034e-08
1264.0 1.1337087666936577e-08
1265.0 1.1327790227552116e-08
1266.0 1.1318492788167654e-08
1267.0 1.1309195348783197e-08
1268.0 1.1299897909398736e-08
1269.0 1.1290600470014276e-08
1270.0 1.1281303030629816e-08
1271.0 1.1272005591245359e-08
1272.0 1.12627081518609e-08
1273.0 1.125420332874804e-08
1274.0 1.1246464006768383e-08
1275.0 1.1238724684788726e-08
1276.0 1.123098536280907e-08
1277.0 1.1223246040829413e-08
1278.0 1.1215506718849756e-08
1279.0 1.1207767396870101e-08
1280.0 1.1200028074890445e-08
1281.0 1.119228875291079e-08
1282.0 1.1184549430931131e-08
1283.0 1.1176810108951476e-08
1284.0 1.1169070786971821e-08
1285.0 1.1161331464992163e-08
1286.0 1.1153592143012504e-08
1287.0 1.114585282103285e-08
1288.0 1.1138113499053194e-08
1289.0 1.1130374177073536e-08
1290.0 1.1122634855093877e-08
1291.0 1.1114895533114222e-08
1292.0 1.1107156211134567e-08
1293.0 1.1099416889154909e-08
1294.0 1.1091677567175254e-08
1295.0 1.1083938245195596e-08
1296.0 1.107619892321594e-08
1297.0 1.1068459601236284e-08
1298.0 1.1060720279256625e-08
1299.0 1.105298095727697e-08
1300.0 1.1045241635297317e-08
1301.0 1.1037502313317657e-08
1302.0 1.1029762991338e-08
1303.0 1.1022023669358345e-08
1304.0 1.1014284347378687e-08
1305.0 1.1006545025399032e-08
1306.0 1.0998805703419373e-08
1307.0 1.0991066381439718e-08
1308.0 1.0983327059460062e-08
1309.0 1.0975587737480405e-08
1310.0 1.0967848415500748e-08
1311.0 1.0960109093521095e-08
1312.0 1.0952369771541435e-08
1313.0 1.0944630449561778e-08
1314.0 1.0936891127582121e-08
1315.0 1.0929151805602468e-08
1316.0 1.092141248362281e-08
1317.0 1.0913673161643151e-08
1318.0 1.0905933839663496e-08
1319.0 1.0898194517683841e-08
1320.0 1.0890455195704183e-08
1321.0 1.0882715873724526e-08
1322.0 1.0874976551744871e-08
1323.0 1.0867237229765214e-08
1324.0 1.0859497907785558e-08
1325.0 1.08517585858059e-08
1326.0 1.0844019263826244e-08
1327.0 1.0836279941846588e-08
1328.0 1.082854061986693e-08
1329.0 1.0820801297887274e-08
1330.0 1.0813061975907619e-08
1331.0 1.080532265392796e-08
1332.0 1.0797583331948306e-08
1333.0 1.0789844009968649e-08
1334.0 1.0782104687988992e-08
1335.0 1.0774365366009336e-08
1336.0 1.0766626044029679e-08
1337.0 1.0758886722050022e-08
1338.0 1.0751147400070369e-08
1339.0 1.0743408078090709e-08
1340.0 1.0735668756111052e-08
1341.0 1.0727929434131397e-08
1342.0 1.0720190112151739e-08
1343.0 1.0712450790172084e-08
1344.0 1.0704711468192425e-08
1345.0 1.069697214621277e-08
1346.0 1.0689232824233115e-08
1347.0 1.0681493502253457e-08
1348.0 1.06737541802738e-08
1349.0 1.0666014858294145e-08
1350.0 1.0658275536314487e-08
1351.0 1.0650536214334832e-08
1352.0 1.0642796892355173e-08
1353.0 1.0635057570375518e-08
1354.0 1.062731824839586e-08
1355.0 1.0619578926416205e-08
1356.0 1.0611839604436546e-08
1357.0 1.0604100282456893e-08
1358.0 1.0596360960477233e-08
1359.0 1.058862163849758e-08
1360.0 1.0580882316517923e-08
1361.0 1.0573142994538266e-08
1362.0 1.056540367255861e-08
1363.0 1.0557664350578953e-08
1364.0 1.0549925028599296e-08
1365.0 1.054218570661964e-08
1366.0 1.0534446384639983e-08
1367.0 1.0526707062660326e-08
1368.0 1.051896774068067e-08
1369.0 1.0511228418701012e-08
1370.0 1.0503489096721357e-08
1371.0 1.0496377601004114e-08
1372.0 1.04899047556851e-08
1373.0 1.0483431910366084e-08
1374.0 1.047695906504707e-08
1375.0 1.0470486219728054e-08
1376.0 1.0464013374409038e-08
1377.0 1.0457540529090022e-08
1378.0 1.0451067683771008e-08
1379.0 1.0444594838451992e-08
1380.0 1.0438121993132975e-08
1381.0 1.0431649147813959e-08
1382.0 1.0425176302494946e-08
1383.0 1.0418703457175927e-08
1384.0 1.0412230611856914e-08
1385.0 1.0405757766537897e-08
1386.0 1.0399284921218883e-08
1387.0 1.0392812075899865e-08
1388.0 1.0386339230580852e-08
1389.0 1.0379866385261835e-08
1390.0 1.037339353994282e-08
1391.0 1.0366920694623806e-08
1392.0 1.036044784930479e-08
1393.0 1.0353975003985775e-08
1394.0 1.0347502158666759e-08
1395.0 1.0341029313347745e-08
1396.0 1.0334556468028729e-08
1397.0 1.0328083622709714e-08
1398.0 1.03216107773907e-08
1399.0 1.0315137932071681e-08
1400.0 1.0308665086752667e-08
1401.0 1.0302192241433653e-08
1402.0 1.0295719396114637e-08
1403.0 1.0289246550795619e-08
1404.0 1.0282773705476603e-08
1405.0 1.0276300860157589e-08
1406.0 1.026982801483857e-08
1407.0 1.0263355169519557e-08
1408.0 1.0256882324200543e-08
1409.0 1.0250409478881527e-08
1410.0 1.0243936633562513e-08
1411.0 1.0237463788243497e-08
1412.0 1.0230990942924481e-08
1413.0 1.0224518097605465e-08
1414.0 1.0218045252286451e-08
1415.0 1.0211572406967435e-08
1416.0 1.0205099561648417e-08
1417.0 1.0198626716329405e-08
1418.0 1.0192153871010387e-08
1419.0 1.0185681025691373e-08
1420.0 1.0179208180372359e-08
1421.0 1.0172735335053341e-08
1422.0 1.0166262489734329e-08
1423.0 1.0159789644415311e-08
1424.0 1.0153316799096295e-08
1425.0 1.0146843953777278e-08
1426.0 1.0140371108458264e-08
1427.0 1.013389826313925e-08
1428.0 1.0127425417820232e-08
1429.0 1.0120952572501218e-08
1430.0 1.0114479727182202e-08
1431.0 1.0108006881863187e-08
1432.0 1.0101534036544172e-08
1433.0 1.0095061191225157e-08
1434.0 1.0088588345906141e-08
1435.0 1.0082115500587124e-08
1436.0 1.007564265526811e-08
1437.0 1.0069169809949095e-08
1438.0 1.006269696463008e-08
1439.0 1.0056224119311064e-08
1440.0 1.0049751273992048e-08
1441.0 1.0043278428673035e-08
1442.0 1.0036805583354016e-08
1443.0 1.0030332738035003e-08
1444.0 1.0023859892715986e-08
1445.0 1.0017387047396972e-08
1446.0 1.0010914202077954e-08
1447.0 1.000444135675894e-08
1448.0 9.997968511439924e-09
1449.0 9.991495666120908e-09
1450.0 9.985022820801894e-09
1451.0 9.978549975482878e-09
1452.0 9.972077130163862e-09
1453.0 9.96560428484485e-09
1454.0 9.95913143952583e-09
1455.0 9.952658594206818e-09
1456.0 9.946185748887802e-09
1457.0 9.939712903568784e-09
1458.0 9.933240058249772e-09
1459.0 9.926767212930754e-09
1460.0 9.92029436761174e-09
1461.0 9.913821522292722e-09
1462.0 9.907348676973708e-09
1463.0 9.90087583165469e-09
1464.0 9.894402986335676e-09
1465.0 9.887930141016662e-09
1466.0 9.881457295697648e-09
1467.0 9.874984450378632e-09
1468.0 9.868511605059614e-09
1469.0 9.8620387597406e-09
1470.0 9.855565914421584e-09
1471.0 9.849093069102567e-09
1472.0 9.842620223783552e-09
1473.0 9.836147378464538e-09
1474.0 9.829674533145524e-09
1475.0 9.823201687826506e-09
1476.0 9.81672884250749e-09
1477.0 9.811264150248334e-09
1478.0 9.805871444818588e-09
1479.0 9.800478739388842e-09
1480.0 9.795086033959096e-09
1481.0 9.789693328529354e-09
1482.0 9.784300623099608e-09
1483.0 9.778907917669862e-09
1484.0 9.773515212240114e-09
1485.0 9.768122506810368e-09
1486.0 9.762729801380623e-09
1487.0 9.757337095950879e-09
1488.0 9.751944390521133e-09
1489.0 9.746551685091387e-09
1490.0 9.74115897966164e-09
1491.0 9.735766274231893e-09
1492.0 9.730373568802149e-09
1493.0 9.724980863372401e-09
1494.0 9.71958815794266e-09
1495.0 9.714195452512912e-09
1496.0 9.708802747083168e-09
1497.0 9.70341004165342e-09
1498.0 9.698017336223674e-09
1499.0 9.692624630793933e-09
1500.0 9.687231925364185e-09
1501.0 9.681839219934438e-09
1502.0 9.676446514504692e-09
1503.0 9.671053809074947e-09
1504.0 9.6656611036452e-09
1505.0 9.660268398215455e-09
1506.0 9.65487569278571e-09
1507.0 9.649482987355965e-09
1508.0 9.644090281926217e-09
1509.0 9.638697576496471e-09
1510.0 9.633304871066727e-09
1511.0 9.627912165636979e-09
1512.0 9.622519460207236e-09
1513.0 9.61712675477749e-09
1514.0 9.611734049347744e-09
1515.0 9.606341343917996e-09
1516.0 9.600948638488254e-09
1517.0 9.595555933058509e-09
1518.0 9.590163227628761e-09
1519.0 9.584770522199017e-09
1520.0 9.579377816769271e-09
1521.0 9.573985111339525e-09
1522.0 9.568592405909777e-09
1523.0 9.563199700480035e-09
1524.0 9.557806995050289e-09
1525.0 9.55241428962054e-09
1526.0 9.547021584190795e-09
1527.0 9.541628878761049e-09
1528.0 9.536236173331303e-09
1529.0 9.530843467901555e-09
1530.0 9.525450762471814e-09
1531.0 9.520058057042068e-09
1532.0 9.514665351612322e-09
1533.0 9.509272646182577e-09
1534.0 9.503879940752831e-09
1535.0 9.498487235323085e-09
1536.0 9.493094529893341e-09
1537.0 9.487701824463593e-09
1538.0 9.482309119033847e-09
1539.0 9.476916413604101e-09
1540.0 9.471523708174355e-09
1541.0 9.46613100274461e-09
1542.0 9.460738297314866e-09
1543.0 9.45534559188512e-09
1544.0 9.449952886455376e-09
1545.0 9.444560181025626e-09
1546.0 9.43916747559588e-09
1547.0 9.433774770166136e-09
1548.0 9.428382064736392e-09
1549.0 9.422989359306644e-09
1550.0 9.417596653876898e-09
1551.0 9.412203948447154e-09
1552.0 9.406811243017407e-09
1553.0 9.401418537587661e-09
1554.0 9.396025832157914e-09
1555.0 9.390633126728171e-09
1556.0 9.385240421298425e-09
1557.0 9.37984771586868e-09
1558.0 9.374455010438933e-09
1559.0 9.369062305009188e-09
1560.0 9.363669599579444e-09
1561.0 9.358276894149696e-09
1562.0 9.352884188719952e-09
1563.0 9.347491483290203e-09
1564.0 9.34209877786046e-09
1565.0 9.336706072430712e-09
1566.0 9.331313367000968e-09
1567.0 9.325920661571223e-09
1568.0 9.320527956141476e-09
1569.0 9.31513525071173e-09
1570.0 9.309742545281987e-09
1571.0 9.30434983985224e-09
1572.0 9.298957134422492e-09
1573.0 9.293564428992749e-09
1574.0 9.288171723563004e-09
1575.0 9.282779018133257e-09
1576.0 9.277386312703509e-09
1577.0 9.271993607273766e-09
1578.0 9.26660090184402e-09
1579.0 9.261208196414274e-09
1580.0 9.25581549098453e-09
1581.0 9.250422785554784e-09
1582.0 9.245030080125038e-09
1583.0 9.23963737469529e-09
1584.0 9.234244669265547e-09
1585.0 9.2288519638358e-09
1586.0 9.223459258406053e-09
1587.0 9.218066552976307e-09
1588.0 9.212673847546561e-09
1589.0 9.207281142116815e-09
1590.0 9.202073296653339e-09
1591.0 9.197450535362925e-09
1592.0 9.192827774072511e-09
1593.0 9.1882050127821e-09
1594.0 9.183582251491686e-09
1595.0 9.178959490201274e-09
1596.0 9.174336728910862e-09
1597.0 9.16971396762045e-09
1598.0 9.165091206330033e-09
1599.0 9.160468445039623e-09
1600.0 9.155845683749206e-09
1601.0 9.151222922458794e-09
1602.0 9.146600161168382e-09
1603.0 9.14197739987797e-09
1604.0 9.137354638587555e-09
1605.0 9.13273187729714e-09
1606.0 9.12810911600673e-09
1607.0 9.123486354716316e-09
1608.0 9.118863593425903e-09
1609.0 9.114240832135487e-09
1610.0 9.109618070845074e-09
1611.0 9.104995309554664e-09
1612.0 9.10037254826425e-09
1613.0 9.095749786973835e-09
1614.0 9.091127025683423e-09
1615.0 9.086504264393011e-09
1616.0 9.0818815031026e-09
1617.0 9.077258741812184e-09
1618.0 9.072635980521772e-09
1619.0 9.068013219231358e-09
1620.0 9.063390457940947e-09
1621.0 9.058767696650533e-09
1622.0 9.05414493536012e-09
1623.0 9.049522174069706e-09
1624.0 9.04489941277929e-09
1625.0 9.04027665148888e-09
1626.0 9.035653890198467e-09
1627.0 9.031031128908053e-09
1628.0 9.026408367617638e-09
1629.0 9.021785606327226e-09
1630.0 9.017162845036816e-09
1631.0 9.0125400837464e-09
1632.0 9.007917322455987e-09
1633.0 9.003294561165575e-09
1634.0 8.998671799875162e-09
1635.0 8.99404903858475e-09
1636.0 8.989426277294334e-09
1637.0 8.984803516003923e-09
1638.0 8.980180754713509e-09
1639.0 8.975557993423094e-09
1640.0 8.970935232132683e-09
1641.0 8.966312470842268e-09
1642.0 8.961689709551855e-09
1643.0 8.957066948261443e-09
1644.0 8.952444186971031e-09
1645.0 8.947821425680616e-09
1646.0 8.943198664390204e-09
1647.0 8.93857590309979e-09
1648.0 8.933953141809377e-09
1649.0 8.929330380518965e-09
1650.0 8.924707619228553e-09
1651.0 8.92008485793814e-09
1652.0 8.915462096647726e-09
1653.0 8.910839335357312e-09
1654.0 8.9062165740669e-09
1655.0 8.901593812776485e-09
1656.0 8.896971051486073e-09
1657.0 8.89234829019566e-09
1658.0 8.887725528905246e-09
1659.0 8.883102767614834e-09
1660.0 8.87848000632442e-09
1661.0 8.873857245034005e-09
1662.0 8.869234483743593e-09
1663.0 8.864611722453178e-09
1664.0 8.859988961162768e-09
1665.0 8.855366199872354e-09
1666.0 8.85074343858194e-09
1667.0 8.846120677291529e-09
1668.0 8.841497916001115e-09
1669.0 8.836875154710702e-09
1670.0 8.83225239342029e-09
1671.0 8.827629632129876e-09
1672.0 8.823006870839461e-09
1673.0 8.81838410954905e-09
1674.0 8.813761348258637e-09
1675.0 8.809138586968222e-09
1676.0 8.804515825677808e-09
1677.0 8.799893064387395e-09
1678.0 8.795270303096983e-09
1679.0 8.790647541806571e-09
1680.0 8.786024780516156e-09
1681.0 8.781402019225744e-09
1682.0 8.77677925793533e-09
1683.0 8.772156496644917e-09
1684.0 8.767533735354505e-09
1685.0 8.762910974064093e-09
1686.0 8.758288212773678e-09
1687.0 8.753665451483266e-09
1688.0 8.749042690192854e-09
1689.0 8.74441992890244e-09
1690.0 8.739797167612027e-09
1691.0 8.735174406321612e-09
1692.0 8.7305516450312e-09
1693.0 8.725928883740788e-09
1694.0 8.721306122450372e-09
1695.0 8.71668336115996e-09
1696.0 8.712060599869547e-09
1697.0 8.707437838579133e-09
1698.0 8.702815077288722e-09
1699.0 8.698192315998308e-09
1700.0 8.693569554707894e-09
1701.0 8.68894679341748e-09
1702.0 8.684324032127069e-09
1703.0 8.679701270836657e-09
1704.0 8.675078509546243e-09
1705.0 8.670455748255828e-09
1706.0 8.665832986965416e-09
1707.0 8.661210225675003e-09
1708.0 8.656587464384589e-09
1709.0 8.651964703094177e-09
1710.0 8.647341941803764e-09
1711.0 8.64271918051335e-09
1712.0 8.638096419222938e-09
1713.0 8.633970278615098e-09
1714.0 8.629976411553327e-09
1715.0 8.625982544491552e-09
1716.0 8.62198867742978e-09
1717.0 8.617994810368007e-09
1718.0 8.614000943306234e-09
1719.0 8.610007076244463e-09
1720.0 8.60601320918269e-09
1721.0 8.602019342120915e-09
1722.0 8.598025475059143e-09
1723.0 8.594031607997372e-09
1724.0 8.590037740935597e-09
1725.0 8.586043873873824e-09
1726.0 8.582050006812049e-09
1727.0 8.578056139750277e-09
1728.0 8.574062272688506e-09
1729.0 8.570068405626731e-09
1730.0 8.56607453856496e-09
1731.0 8.562080671503186e-09
1732.0 8.558086804441413e-09
1733.0 8.554092937379642e-09
1734.0 8.550099070317868e-09
1735.0 8.546105203256094e-09
1736.0 8.542111336194322e-09
1737.0 8.53811746913255e-09
1738.0 8.534123602070776e-09
1739.0 8.530129735009003e-09
1740.0 8.526135867947228e-09
1741.0 8.522142000885456e-09
1742.0 8.518148133823685e-09
1743.0 8.51415426676191e-09
1744.0 8.510160399700137e-09
1745.0 8.506166532638365e-09
1746.0 8.502172665576592e-09
1747.0 8.49817879851482e-09
1748.0 8.494184931453047e-09
1749.0 8.490191064391274e-09
1750.0 8.4861971973295e-09
1751.0 8.48220333026773e-09
1752.0 8.478209463205956e-09
1753.0 8.474215596144183e-09
1754.0 8.47022172908241e-09
1755.0 8.466227862020637e-09
1756.0 8.462233994958864e-09
1757.0 8.45824012789709e-09
1758.0 8.454246260835317e-09
1759.0 8.450252393773544e-09
1760.0 8.446258526711771e-09
1761.0 8.442264659649998e-09
1762.0 8.438270792588225e-09
1763.0 8.434276925526453e-09
1764.0 8.43028305846468e-09
1765.0 8.426289191402908e-09
1766.0 8.422295324341135e-09
1767.0 8.41830145727936e-09
1768.0 8.414307590217587e-09
1769.0 8.410313723155816e-09
1770.0 8.406319856094043e-09
1771.0 8.402325989032271e-09
1772.0 8.398332121970495e-09
1773.0 8.394338254908721e-09
1774.0 8.39034438784695e-09
1775.0 8.386350520785177e-09
1776.0 8.382356653723405e-09
1777.0 8.378362786661632e-09
1778.0 8.374368919599857e-09
1779.0 8.370375052538087e-09
1780.0 8.366381185476314e-09
1781.0 8.36238731841454e-09
1782.0 8.358393451352768e-09
1783.0 8.354399584290995e-09
1784.0 8.350405717229222e-09
1785.0 8.34641185016745e-09
1786.0 8.342417983105677e-09
1787.0 8.338424116043902e-09
1788.0 8.334430248982129e-09
1789.0 8.330436381920356e-09
1790.0 8.326442514858584e-09
1791.0 8.322448647796811e-09
1792.0 8.318454780735036e-09
1793.0 8.314460913673266e-09
1794.0 8.310467046611493e-09
1795.0 8.306473179549718e-09
1796.0 8.302479312487947e-09
1797.0 8.298485445426174e-09
1798.0 8.2944915783644e-09
1799.0 8.290497711302629e-09
1800.0 8.286503844240856e-09
1801.0 8.282509977179083e-09
1802.0 8.278516110117308e-09
1803.0 8.274522243055535e-09
1804.0 8.270528375993763e-09
1805.0 8.266534508931992e-09
1806.0 8.262540641870215e-09
1807.0 8.258546774808445e-09
1808.0 8.254552907746672e-09
1809.0 8.250559040684899e-09
1810.0 8.246565173623126e-09
1811.0 8.242571306561353e-09
1812.0 8.238577439499581e-09
1813.0 8.234583572437808e-09
1814.0 8.230589705376035e-09
1815.0 8.226595838314262e-09
1816.0 8.222601971252488e-09
1817.0 8.218608104190717e-09
1818.0 8.214614237128942e-09
1819.0 8.210620370067169e-09
1820.0 8.206626503005396e-09
1821.0 8.202632635943624e-09
1822.0 8.198638768881851e-09
1823.0 8.194644901820078e-09
1824.0 8.190651034758305e-09
1825.0 8.18665716769653e-09
1826.0 8.18266330063476e-09
1827.0 8.178669433572987e-09
1828.0 8.174675566511212e-09
1829.0 8.17068169944944e-09
1830.0 8.166687832387667e-09
1831.0 8.162693965325894e-09
1832.0 8.158700098264123e-09
1833.0 8.154706231202346e-09
1834.0 8.150712364140575e-09
1835.0 8.146718497078801e-09
1836.0 8.142724630017028e-09
1837.0 8.138730762955257e-09
1838.0 8.134736895893484e-09
1839.0 8.13074302883171e-09
1840.0 8.126749161769939e-09
1841.0 8.122755294708164e-09
1842.0 8.118761427646393e-09
1843.0 8.11476756058462e-09
1844.0 8.110773693522845e-09
1845.0 8.107258337818525e-09
1846.0 8.103791714855365e-09
1847.0 8.100325091892208e-09
1848.0 8.09685846892905e-09
1849.0 8.093391845965893e-09
1850.0 8.089925223002732e-09
1851.0 8.086458600039575e-09
1852.0 8.082991977076416e-09
1853.0 8.079525354113258e-09
1854.0 8.076058731150101e-09
1855.0 8.072592108186942e-09
1856.0 8.069125485223783e-09
1857.0 8.065658862260625e-09
1858.0 8.062192239297468e-09
1859.0 8.05872561633431e-09
1860.0 8.055258993371151e-09
1861.0 8.051792370407996e-09
1862.0 8.048325747444837e-09
1863.0 8.044859124481676e-09
1864.0 8.04139250151852e-09
1865.0 8.037925878555361e-09
1866.0 8.034459255592203e-09
1867.0 8.030992632629046e-09
1868.0 8.027526009665889e-09
1869.0 8.02405938670273e-09
1870.0 8.020592763739569e-09
1871.0 8.017126140776413e-09
1872.0 8.013659517813256e-09
1873.0 8.010192894850098e-09
1874.0 8.006726271886939e-09
1875.0 8.003259648923782e-09
1876.0 7.999793025960622e-09
1877.0 7.996326402997465e-09
1878.0 7.992859780034306e-09
1879.0 7.989393157071149e-09
1880.0 7.985926534107991e-09
1881.0 7.982459911144834e-09
1882.0 7.978993288181673e-09
1883.0 7.975526665218515e-09
1884.0 7.972060042255358e-09
1885.0 7.9685934192922e-09
1886.0 7.96512679632904e-09
1887.0 7.961660173365882e-09
1888.0 7.958193550402727e-09
1889.0 7.954726927439566e-09
1890.0 7.951260304476407e-09
1891.0 7.947793681513251e-09
1892.0 7.944327058550092e-09
1893.0 7.940860435586934e-09
1894.0 7.937393812623775e-09
1895.0 7.933927189660616e-09
1896.0 7.93046056669746e-09
1897.0 7.926993943734301e-09
1898.0 7.923527320771144e-09
1899.0 7.920060697807987e-09
1900.0 7.916594074844829e-09
1901.0 7.913127451881668e-09
1902.0 7.909660828918511e-09
1903.0 7.906194205955353e-09
1904.0 7.902727582992196e-09
1905.0 7.899260960029037e-09
1906.0 7.895794337065878e-09
1907.0 7.892327714102722e-09
1908.0 7.888861091139563e-09
1909.0 7.885394468176404e-09
1910.0 7.881927845213246e-09
1911.0 7.878461222250089e-09
1912.0 7.874994599286932e-09
1913.0 7.871527976323772e-09
1914.0 7.868061353360615e-09
1915.0 7.864594730397456e-09
1916.0 7.861128107434299e-09
1917.0 7.85766148447114e-09
1918.0 7.854194861507982e-09
1919.0 7.850728238544823e-09
1920.0 7.847261615581665e-09
1921.0 7.843794992618506e-09
1922.0 7.840328369655349e-09
1923.0 7.836861746692191e-09
1924.0 7.833395123729032e-09
1925.0 7.829928500765875e-09
1926.0 7.826461877802716e-09
1927.0 7.822995254839557e-09
1928.0 7.819528631876401e-09
1929.0 7.81606200891324e-09
1930.0 7.812595385950084e-09
1931.0 7.809128762986925e-09
1932.0 7.805662140023768e-09
1933.0 7.80219551706061e-09
1934.0 7.79872889409745e-09
1935.0 7.795262271134294e-09
1936.0 7.791795648171135e-09
1937.0 7.788329025207977e-09
1938.0 7.78486240224482e-09
1939.0 7.781395779281663e-09
1940.0 7.777929156318502e-09
1941.0 7.774462533355344e-09
1942.0 7.770995910392187e-09
1943.0 7.76752928742903e-09
1944.0 7.76406266446587e-09
1945.0 7.760596041502713e-09
1946.0 7.757129418539556e-09
1947.0 7.753662795576396e-09
1948.0 7.750196172613237e-09
1949.0 7.74672954965008e-09
1950.0 7.743262926686922e-09
1951.0 7.739796303723765e-09
1952.0 7.736329680760606e-09
1953.0 7.732863057797447e-09
1954.0 7.72939643483429e-09
1955.0 7.725929811871132e-09
1956.0 7.722463188907971e-09
1957.0 7.718996565944814e-09
1958.0 7.715529942981656e-09
1959.0 7.7120633200185e-09
1960.0 7.708596697055338e-09
1961.0 7.70513007409218e-09
1962.0 7.701663451129025e-09
1963.0 7.698196828165866e-09
1964.0 7.694730205202708e-09
1965.0 7.69126358223955e-09
1966.0 7.68779695927639e-09
1967.0 7.684330336313234e-09
1968.0 7.680863713350075e-09
1969.0 7.677397090386918e-09
1970.0 7.673930467423759e-09
1971.0 7.670463844460601e-09
1972.0 7.666997221497442e-09
1973.0 7.663530598534285e-09
1974.0 7.660063975571127e-09
1975.0 7.656597352607968e-09
1976.0 7.653130729644811e-09
1977.0 7.649664106681653e-09
1978.0 7.646197483718496e-09
1979.0 7.642730860755337e-09
1980.0 7.639264237792176e-09
1981.0 7.63579761482902e-09
1982.0 7.632330991865863e-09
1983.0 7.628864368902704e-09
1984.0 7.625397745939546e-09
1985.0 7.621931122976387e-09
1986.0 7.61846450001323e-09
1987.0 7.615340736679953e-09
1988.0 7.612269423388238e-09
1989.0 7.609198110096528e-09
1990.0 7.606126796804813e-09
1991.0 7.6030554835131e-09
1992.0 7.599984170221389e-09
1993.0 7.596912856929675e-09
1994.0 7.593841543637964e-09
1995.0 7.590770230346253e-09
1996.0 7.58769891705454e-09
1997.0 7.58462760376283e-09
1998.0 7.581556290471115e-09
1999.0 7.578484977179403e-09
2000.0 7.57541366388769e-09
2001.0 7.572342350595978e-09
2002.0 7.569271037304264e-09
2003.0 7.566199724012552e-09
2004.0 7.563128410720839e-09
2005.0 7.560057097429127e-09
2006.0 7.556985784137412e-09
2007.0 7.553914470845702e-09
2008.0 7.550843157553987e-09
2009.0 7.547771844262275e-09
2010.0 7.544700530970563e-09
2011.0 7.54162921767885e-09
2012.0 7.538557904387138e-09
2013.0 7.535486591095426e-09
2014.0 7.532415277803714e-09
2015.0 7.529343964512002e-09
2016.0 7.526272651220289e-09
2017.0 7.523201337928577e-09
2018.0 7.520130024636864e-09
2019.0 7.517058711345152e-09
2020.0 7.51398739805344e-09
2021.0 7.510916084761727e-09
2022.0 7.507844771470015e-09
2023.0 7.504773458178301e-09
2024.0 7.50170214488659e-09
2025.0 7.498630831594876e-09
2026.0 7.495559518303164e-09
2027.0 7.49248820501145e-09
2028.0 7.489416891719739e-09
2029.0 7.486345578428024e-09
2030.0 7.483274265136312e-09
2031.0 7.4802029518446e-09
2032.0 7.477131638552887e-09
2033.0 7.474060325261177e-09
2034.0 7.470989011969463e-09
2035.0 7.467917698677751e-09
2036.0 7.464846385386038e-09
2037.0 7.461775072094326e-09
2038.0 7.458703758802614e-09
2039.0 7.455632445510901e-09
2040.0 7.452561132219189e-09
2041.0 7.449489818927476e-09
2042.0 7.446418505635764e-09
2043.0 7.44334719234405e-09
2044.0 7.440275879052339e-09
2045.0 7.4372045657606235e-09
2046.0 7.434133252468913e-09
2047.0 7.431061939177199e-09
2048.0 7.427990625885487e-09
2049.0 7.4249193125937754e-09
2050.0 7.421847999302062e-09
2051.0 7.418776686010352e-09
2052.0 7.415705372718638e-09
2053.0 7.412634059426925e-09
2054.0 7.4095627461352114e-09
2055.0 7.4064914328435e-09
2056.0 7.403420119551788e-09
2057.0 7.400348806260074e-09
2058.0 7.3972774929683626e-09
2059.0 7.394206179676651e-09
2060.0 7.391134866384938e-09
2061.0 7.388063553093226e-09
2062.0 7.384992239801513e-09
2063.0 7.381920926509801e-09
2064.0 7.3788496132180876e-09
2065.0 7.375778299926376e-09
2066.0 7.372706986634661e-09
2067.0 7.3696356733429505e-09
2068.0 7.366564360051236e-09
2069.0 7.363493046759525e-09
2070.0 7.360421733467813e-09
2071.0 7.357350420176099e-09
2072.0 7.354279106884386e-09
2073.0 7.351207793592674e-09
2074.0 7.348136480300962e-09
2075.0 7.34506516700925e-09
2076.0 7.341993853717537e-09
2077.0 7.338922540425825e-09
2078.0 7.3358512271341115e-09
2079.0 7.3327799138424006e-09
2080.0 7.329708600550687e-09
2081.0 7.326637287258975e-09
2082.0 7.323565973967262e-09
2083.0 7.32049466067555e-09
2084.0 7.317423347383835e-09
2085.0 7.314352034092125e-09
2086.0 7.31128072080041e-09
2087.0 7.3082094075086995e-09
2088.0 7.305138094216987e-09
2089.0 7.302066780925275e-09
2090.0 7.29899546763356e-09
2091.0 7.295924154341848e-09
2092.0 7.292852841050136e-09
2093.0 7.2897815277584245e-09
2094.0 7.286710214466711e-09
2095.0 7.283638901174999e-09
2096.0 7.280567587883286e-09
2097.0 7.277496274591574e-09
2098.0 7.274424961299862e-09
2099.0 7.2713536480081495e-09
2100.0 7.268282334716436e-09
2101.0 7.265211021424724e-09
2102.0 7.2621397081330125e-09
2103.0 7.259068394841299e-09
2104.0 7.255997081549587e-09
2105.0 7.252925768257874e-09
2106.0 7.249854454966162e-09
2107.0 7.246783141674448e-09
2108.0 7.243711828382737e-09
2109.0 7.240640515091022e-09
2110.0 7.2375692017993106e-09
2111.0 7.234497888507599e-09
2112.0 7.231426575215887e-09
2113.0 7.2283552619241735e-09
2114.0 7.225283948632462e-09
2115.0 7.222212635340748e-09
2116.0 7.2191413220490364e-09
2117.0 7.216070008757323e-09
2118.0 7.21299869546561e-09
2119.0 7.2099273821738985e-09
2120.0 7.206856068882187e-09
2121.0 7.203784755590473e-09
2122.0 7.2007134422987615e-09
2123.0 7.197642129007048e-09
2124.0 7.194570815715336e-09
2125.0 7.191499502423621e-09
2126.0 7.188428189131911e-09
2127.0 7.185356875840197e-09
2128.0 7.182285562548485e-09
2129.0 7.179214249256773e-09
2130.0 7.176142935965061e-09
2131.0 7.173071622673348e-09
2132.0 7.170000309381636e-09
2133.0 7.1669289960899225e-09
2134.0 7.163857682798211e-09
2135.0 7.160786369506497e-09
2136.0 7.157715056214784e-09
2137.0 7.154643742923074e-09
2138.0 7.151572429631361e-09
2139.0 7.148501116339649e-09
2140.0 7.145726414613325e-09
2141.0 7.142989691731114e-09
2142.0 7.140252968848904e-09
2143.0 7.137516245966693e-09
2144.0 7.134779523084486e-09
2145.0 7.1320428002022764e-09
2146.0 7.129306077320067e-09
2147.0 7.126569354437858e-09
2148.0 7.123832631555647e-09
2149.0 7.121095908673436e-09
2150.0 7.118359185791228e-09
2151.0 7.115622462909019e-09
2152.0 7.11288574002681e-09
2153.0 7.110149017144599e-09
2154.0 7.107412294262389e-09
2155.0 7.104675571380179e-09
2156.0 7.10193884849797e-09
2157.0 7.099202125615759e-09
2158.0 7.09646540273355e-09
2159.0 7.09372867985134e-09
2160.0 7.090991956969131e-09
2161.0 7.088255234086922e-09
2162.0 7.085518511204711e-09
2163.0 7.0827817883225014e-09
2164.0 7.0800450654402905e-09
2165.0 7.077308342558083e-09
2166.0 7.0745716196758735e-09
2167.0 7.071834896793664e-09
2168.0 7.069098173911453e-09
2169.0 7.066361451029244e-09
2170.0 7.063624728147035e-09
2171.0 7.060888005264824e-09
2172.0 7.058151282382614e-09
2173.0 7.055414559500406e-09
2174.0 7.052677836618196e-09
2175.0 7.049941113735985e-09
2176.0 7.047204390853776e-09
2177.0 7.044467667971567e-09
2178.0 7.041730945089356e-09
2179.0 7.038994222207147e-09
2180.0 7.036257499324937e-09
2181.0 7.033520776442728e-09
2182.0 7.030784053560519e-09
2183.0 7.0280473306783094e-09
2184.0 7.025310607796097e-09
2185.0 7.0225738849138875e-09
2186.0 7.01983716203168e-09
2187.0 7.0171004391494706e-09
2188.0 7.014363716267261e-09
2189.0 7.01162699338505e-09
2190.0 7.008890270502841e-09
2191.0 7.006153547620632e-09
2192.0 7.003416824738422e-09
2193.0 7.000680101856211e-09
2194.0 6.997943378974003e-09
2195.0 6.995206656091792e-09
2196.0 6.992469933209581e-09
2197.0 6.989733210327373e-09
2198.0 6.986996487445164e-09
2199.0 6.984259764562953e-09
2200.0 6.981523041680744e-09
2201.0 6.9787863187985344e-09
2202.0 6.976049595916325e-09
2203.0 6.973312873034116e-09
2204.0 6.970576150151905e-09
2205.0 6.9678394272696955e-09
2206.0 6.9651027043874846e-09
2207.0 6.962365981505277e-09
2208.0 6.959629258623068e-09
2209.0 6.956892535740857e-09
2210.0 6.954155812858647e-09
2211.0 6.951419089976438e-09
2212.0 6.948682367094229e-09
2213.0 6.945945644212018e-09
2214.0 6.943208921329807e-09
2215.0 6.940472198447598e-09
2216.0 6.937735475565389e-09
2217.0 6.93499875268318e-09
2218.0 6.93226202980097e-09
2219.0 6.929525306918758e-09
2220.0 6.92678858403655e-09
2221.0 6.924051861154341e-09
2222.0 6.9213151382721315e-09
2223.0 6.918578415389924e-09
2224.0 6.915841692507713e-09
2225.0 6.913104969625502e-09
2226.0 6.910368246743291e-09
2227.0 6.907631523861082e-09
2228.0 6.904894800978874e-09
2229.0 6.902158078096663e-09
2230.0 6.8994213552144545e-09
2231.0 6.896684632332244e-09
2232.0 6.893947909450034e-09
2233.0 6.891211186567825e-09
2234.0 6.888474463685614e-09
2235.0 6.8857377408034055e-09
2236.0 6.883001017921195e-09
2237.0 6.880264295038986e-09
2238.0 6.877527572156776e-09
2239.0 6.874790849274566e-09
2240.0 6.872054126392356e-09
2241.0 6.869317403510146e-09
2242.0 6.866580680627938e-09
2243.0 6.863843957745728e-09
2244.0 6.861107234863518e-09
2245.0 6.858370511981308e-09
2246.0 6.855633789099098e-09
2247.0 6.85289706621689e-09
2248.0 6.8501603433346795e-09
2249.0 6.84742362045247e-09
2250.0 6.844686897570262e-09
2251.0 6.84195017468805e-09
2252.0 6.8392134518058414e-09
2253.0 6.836476728923631e-09
2254.0 6.83374000604142e-09
2255.0 6.831003283159211e-09
2256.0 6.8282665602770025e-09
2257.0 6.825529837394792e-09
2258.0 6.822793114512583e-09
2259.0 6.820056391630371e-09
2260.0 6.817319668748163e-09
2261.0 6.814582945865954e-09
2262.0 6.811846222983743e-09
2263.0 6.809109500101535e-09
2264.0 6.806372777219325e-09
2265.0 6.803636054337115e-09
2266.0 6.800899331454905e-09
2267.0 6.798162608572695e-09
2268.0 6.795425885690485e-09
2269.0 6.7926891628082765e-09
2270.0 6.789952439926067e-09
2271.0 6.787215717043857e-09
2272.0 6.784478994161647e-09
2273.0 6.781742271279438e-09
2274.0 6.7790055483972275e-09
2275.0 6.776268825515017e-09
2276.0 6.773532102632808e-09
2277.0 6.7707953797506e-09
2278.0 6.7680586568683895e-09
2279.0 6.765321933986179e-09
2280.0 6.76258521110397e-09
2281.0 6.75984848822176e-09
2282.0 6.75711176533955e-09
2283.0 6.754375042457341e-09
2284.0 6.751638319575132e-09
2285.0 6.748901596692922e-09
2286.0 6.746164873810713e-09
2287.0 6.7434281509285015e-09
2288.0 6.740691428046292e-09
2289.0 6.737954705164084e-09
2290.0 6.735217982281874e-09
2291.0 6.7324812593996635e-09
2292.0 6.729744536517453e-09
2293.0 6.727007813635243e-09
2294.0 6.724271090753034e-09
2295.0 6.721534367870823e-09
2296.0 6.7187976449886144e-09
2297.0 6.716060922106405e-09
2298.0 6.713324199224195e-09
2299.0 6.7105874763419865e-09
2300.0 6.707850753459776e-09
2301.0 6.705114030577566e-09
2302.0 6.702377307695357e-09
2303.0 6.699640584813147e-09
2304.0 6.696939331871128e-09
2305.0 6.6944924055666625e-09
2306.0 6.692045479262199e-09
2307.0 6.689598552957734e-09
2308.0 6.687151626653268e-09
2309.0 6.684704700348803e-09
2310.0 6.6822577740443414e-09
2311.0 6.6798108477398756e-09
2312.0 6.6773639214354105e-09
2313.0 6.6749169951309455e-09
2314.0 6.672470068826481e-09
2315.0 6.670023142522016e-09
2316.0 6.667576216217553e-09
2317.0 6.665129289913087e-09
2318.0 6.6626823636086236e-09
2319.0 6.660235437304157e-09
2320.0 6.657788510999694e-09
2321.0 6.655341584695229e-09
2322.0 6.652894658390764e-09
2323.0 6.650447732086298e-09
2324.0 6.648000805781835e-09
2325.0 6.645553879477371e-09
2326.0 6.643106953172904e-09
2327.0 6.640660026868441e-09
2328.0 6.6382131005639764e-09
2329.0 6.63576617425951e-09
2330.0 6.633319247955047e-09
2331.0 6.630872321650581e-09
2332.0 6.628425395346117e-09
2333.0 6.625978469041652e-09
2334.0 6.623531542737188e-09
2335.0 6.621084616432724e-09
2336.0 6.6186376901282585e-09
2337.0 6.616190763823794e-09
2338.0 6.613743837519329e-09
2339.0 6.611296911214864e-09
2340.0 6.6088499849104e-09
2341.0 6.606403058605934e-09
2342.0 6.60395613230147e-09
2343.0 6.601509205997006e-09
2344.0 6.599062279692541e-09
2345.0 6.596615353388076e-09
2346.0 6.594168427083611e-09
2347.0 6.591721500779146e-09
2348.0 6.589274574474683e-09
2349.0 6.586827648170217e-09
2350.0 6.584380721865754e-09
2351.0 6.581933795561288e-09
2352.0 6.579486869256823e-09
2353.0 6.577039942952359e-09
2354.0 6.574593016647894e-09
2355.0 6.5721460903434285e-09
2356.0 6.569699164038965e-09
2357.0 6.5672522377345e-09
2358.0 6.564805311430036e-09
2359.0 6.562358385125569e-09
2360.0 6.559911458821107e-09
2361.0 6.5574645325166415e-09
2362.0 6.5550176062121765e-09
2363.0 6.552570679907712e-09
2364.0 6.550123753603247e-09
2365.0 6.547676827298782e-09
2366.0 6.545229900994319e-09
2367.0 6.542782974689853e-09
2368.0 6.540336048385388e-09
2369.0 6.537889122080923e-09
2370.0 6.53544219577646e-09
2371.0 6.532995269471995e-09
2372.0 6.53054834316753e-09
2373.0 6.528101416863064e-09
2374.0 6.525654490558601e-09
2375.0 6.523207564254136e-09
2376.0 6.520760637949672e-09
2377.0 6.518313711645207e-09
2378.0 6.515866785340743e-09
2379.0 6.513419859036276e-09
2380.0 6.510972932731814e-09
2381.0 6.508526006427347e-09
2382.0 6.506079080122883e-09
2383.0 6.503632153818418e-09
2384.0 6.501185227513955e-09
2385.0 6.4987383012094895e-09
2386.0 6.496291374905024e-09
2387.0 6.49384444860056e-09
2388.0 6.491397522296095e-09
2389.0 6.488950595991629e-09
2390.0 6.486503669687166e-09
2391.0 6.4840567433827e-09
2392.0 6.481609817078237e-09
2393.0 6.479162890773772e-09
2394.0 6.4767159644693075e-09
2395.0 6.474269038164842e-09
2396.0 6.471822111860378e-09
2397.0 6.469375185555913e-09
2398.0 6.466928259251449e-09
2399.0 6.464481332946983e-09
2400.0 6.462034406642519e-09
2401.0 6.459587480338054e-09
2402.0 6.4571405540335896e-09
2403.0 6.4546936277291245e-09
2404.0 6.4522467014246595e-09
2405.0 6.449799775120195e-09
2406.0 6.447352848815731e-09
2407.0 6.444905922511266e-09
2408.0 6.442458996206802e-09
2409.0 6.440012069902336e-09
2410.0 6.437565143597873e-09
2411.0 6.4351182172934075e-09
2412.0 6.4326712909889424e-09
2413.0 6.430224364684478e-09
2414.0 6.427777438380013e-09
2415.0 6.425330512075548e-09
2416.0 6.422883585771085e-09
2417.0 6.420436659466619e-09
2418.0 6.417989733162154e-09
2419.0 6.415542806857689e-09
2420.0 6.413095880553226e-09
2421.0 6.410648954248761e-09
2422.0 6.408202027944296e-09
2423.0 6.405755101639831e-09
2424.0 6.403308175335367e-09
2425.0 6.400861249030902e-09
2426.0 6.398414322726438e-09
2427.0 6.3959673964219726e-09
2428.0 6.3935204701175075e-09
2429.0 6.3910735438130425e-09
2430.0 6.38862661750858e-09
2431.0 6.386179691204113e-09
2432.0 6.383732764899649e-09
2433.0 6.381285838595184e-09
2434.0 6.3788389122907205e-09
2435.0 6.376391985986255e-09
2436.0 6.37394505968179e-09
2437.0 6.371498133377326e-09
2438.0 6.369051207072862e-09
2439.0 6.366604280768395e-09
2440.0 6.364157354463932e-09
2441.0 6.361710428159466e-09
2442.0 6.359263501855003e-09
2443.0 6.356816575550538e-09
2444.0 6.354369649246073e-09
2445.0 6.351922722941608e-09
2446.0 6.349475796637143e-09
2447.0 6.347028870332679e-09
2448.0 6.344581944028215e-09
2449.0 6.342135017723749e-09
2450.0 6.339688091419285e-09
2451.0 6.33724116511482e-09
2452.0 6.334794238810356e-09
2453.0 6.3323473125058905e-09
2454.0 6.3299003862014254e-09
2455.0 6.327453459896962e-09
2456.0 6.325006533592497e-09
2457.0 6.322559607288033e-09
2458.0 6.3201126809835686e-09
2459.0 6.317665754679102e-09
2460.0 6.3152188283746385e-09
2461.0 6.3127719020701734e-09
2462.0 6.310324975765708e-09
2463.0 6.307878049461244e-09
2464.0 6.305431123156779e-09
2465.0 6.302984196852314e-09
2466.0 6.300537270547851e-09
2467.0 6.298090344243386e-09
2468.0 6.295643417938921e-09
2469.0 6.2931964916344556e-09
2470.0 6.290749565329992e-09
2471.0 6.288302639025526e-09
2472.0 6.285855712721062e-09
2473.0 6.283408786416597e-09
2474.0 6.280961860112133e-09
2475.0 6.278514933807668e-09
2476.0 6.2760680075032036e-09
2477.0 6.2736210811987385e-09
2478.0 6.2711741548942735e-09
2479.0 6.2687272285898084e-09
2480.0 6.266280302285346e-09
2481.0 6.263833375980879e-09
2482.0 6.2615332380998085e-09
2483.0 6.2593062418019734e-09
2484.0 6.2570792455041375e-09
2485.0 6.254852249206303e-09
2486.0 6.252625252908469e-09
2487.0 6.250398256610634e-09
2488.0 6.248171260312798e-09
2489.0 6.245944264014962e-09
2490.0 6.243717267717128e-09
2491.0 6.241490271419294e-09
2492.0 6.239263275121459e-09
2493.0 6.2370362788236244e-09
2494.0 6.2348092825257886e-09
2495.0 6.232582286227953e-09
2496.0 6.230355289930117e-09
2497.0 6.228128293632284e-09
2498.0 6.225901297334448e-09
2499.0 6.223674301036613e-09
2500.0 6.221447304738778e-09
2501.0 6.219220308440942e-09
2502.0 6.216993312143108e-09
2503.0 6.214766315845272e-09
2504.0 6.212539319547438e-09
2505.0 6.2103123232496045e-09
2506.0 6.208085326951769e-09
2507.0 6.205858330653933e-09
2508.0 6.203631334356097e-09
2509.0 6.201404338058263e-09
2510.0 6.199177341760428e-09
2511.0 6.196950345462593e-09
2512.0 6.194723349164759e-09
2513.0 6.192496352866923e-09
2514.0 6.190269356569087e-09
2515.0 6.188042360271251e-09
2516.0 6.185815363973418e-09
2517.0 6.183588367675583e-09
2518.0 6.181361371377747e-09
2519.0 6.179134375079913e-09
2520.0 6.176907378782077e-09
2521.0 6.174680382484243e-09
2522.0 6.1724533861864076e-09
2523.0 6.170226389888572e-09
2524.0 6.1679993935907375e-09
2525.0 6.165772397292903e-09
2526.0 6.163545400995067e-09
2527.0 6.161318404697233e-09
2528.0 6.159091408399397e-09
2529.0 6.156864412101562e-09
2530.0 6.154637415803728e-09
2531.0 6.152410419505894e-09
2532.0 6.150183423208058e-09
2533.0 6.147956426910222e-09
2534.0 6.145729430612387e-09
2535.0 6.143502434314552e-09
2536.0 6.1412754380167175e-09
2537.0 6.139048441718882e-09
2538.0 6.136821445421047e-09
2539.0 6.1345944491232115e-09
2540.0 6.1323674528253764e-09
2541.0 6.130140456527542e-09
2542.0 6.127913460229706e-09
2543.0 6.125686463931872e-09
2544.0 6.123459467634038e-09
2545.0 6.121232471336203e-09
2546.0 6.119005475038367e-09
2547.0 6.116778478740533e-09
2548.0 6.114551482442697e-09
2549.0 6.1123244861448625e-09
2550.0 6.1100974898470274e-09
2551.0 6.1078704935491915e-09
2552.0 6.1056434972513565e-09
2553.0 6.103416500953521e-09
2554.0 6.101189504655688e-09
2555.0 6.098962508357852e-09
2556.0 6.096735512060017e-09
2557.0 6.094508515762181e-09
2558.0 6.092281519464345e-09
2559.0 6.090054523166511e-09
2560.0 6.087827526868677e-09
2561.0 6.085600530570842e-09
2562.0 6.0833735342730075e-09
2563.0 6.081146537975172e-09
2564.0 6.078919541677337e-09
2565.0 6.0766925453795015e-09
2566.0 6.074465549081667e-09
2567.0 6.072238552783831e-09
2568.0 6.070011556485996e-09
2569.0 6.067784560188161e-09
2570.0 6.065557563890326e-09
2571.0 6.063330567592491e-09
2572.0 6.061103571294655e-09
2573.0 6.058876574996822e-09
2574.0 6.0566495786989875e-09
2575.0 6.054422582401152e-09
2576.0 6.052195586103316e-09
2577.0 6.04996858980548e-09
2578.0 6.047741593507646e-09
2579.0 6.045514597209811e-09
2580.0 6.043287600911976e-09
2581.0 6.041060604614142e-09
2582.0 6.038833608316306e-09
2583.0 6.036606612018472e-09
2584.0 6.034379615720637e-09
2585.0 6.032152619422801e-09
2586.0 6.029925623124966e-09
2587.0 6.027698626827131e-09
2588.0 6.025471630529296e-09
2589.0 6.02324463423146e-09
2590.0 6.021017637933626e-09
2591.0 6.018790641635791e-09
2592.0 6.016563645337956e-09
2593.0 6.014336649040122e-09
2594.0 6.012109652742286e-09
2595.0 6.00988265644445e-09
2596.0 6.007655660146616e-09
2597.0 6.00542866384878e-09
2598.0 6.003201667550946e-09
2599.0 6.000974671253111e-09
2600.0 5.998747674955277e-09
2601.0 5.996520678657441e-09
2602.0 5.994293682359606e-09
2603.0 5.992066686061771e-09
2604.0 5.989839689763936e-09
2605.0 5.9876126934661005e-09
2606.0 5.985385697168265e-09
2607.0 5.9831587008704304e-09
2608.0 5.9809317045725945e-09
2609.0 5.9787047082747595e-09
2610.0 5.976477711976925e-09
2611.0 5.974250715679091e-09
2612.0 5.972023719381256e-09
2613.0 5.969796723083421e-09
2614.0 5.967569726785586e-09
2615.0 5.96534273048775e-09
2616.0 5.963115734189916e-09
2617.0 5.96088873789208e-09
2618.0 5.9586617415942455e-09
2619.0 5.9564347452964105e-09
2620.0 5.9542077489985746e-09
2621.0 5.95198075270074e-09
2622.0 5.949753756402905e-09
2623.0 5.947526760105071e-09
2624.0 5.945299763807235e-09
2625.0 5.9430727675094e-09
2626.0 5.940845771211564e-09
2627.0 5.938618774913728e-09
2628.0 5.936391778615894e-09
2629.0 5.93416478231806e-09
2630.0 5.931937786020226e-09
2631.0 5.9297107897223905e-09
2632.0 5.927483793424555e-09
2633.0 5.92525679712672e-09
2634.0 5.9230298008288845e-09
2635.0 5.92080280453105e-09
2636.0 5.918575808233214e-09
2637.0 5.916348811935379e-09
2638.0 5.914121815637545e-09
2639.0 5.911894819339709e-09
2640.0 5.909667823041874e-09
2641.0 5.90744082674404e-09
2642.0 5.905213830446205e-09
2643.0 5.9029868341483706e-09
2644.0 5.900759837850535e-09
2645.0 5.898532841552699e-09
2646.0 5.896305845254863e-09
2647.0 5.894078848957029e-09
2648.0 5.8918518526591944e-09
2649.0 5.889624856361359e-09
2650.0 5.887397860063525e-09
2651.0 5.885170863765689e-09
2652.0 5.882943867467855e-09
2653.0 5.88071687117002e-09
2654.0 5.878489874872184e-09
2655.0 5.87626287857435e-09
2656.0 5.874035882276514e-09
2657.0 5.871808885978679e-09
2658.0 5.869581889680843e-09
2659.0 5.867354893383009e-09
2660.0 5.865127897085174e-09
2661.0 5.8629009007873394e-09
2662.0 5.860673904489505e-09
2663.0 5.858446908191669e-09
2664.0 5.856219911893833e-09
2665.0 5.853992915595999e-09
2666.0 5.851765919298163e-09
2667.0 5.849538923000328e-09
2668.0 5.847311926702494e-09
2669.0 5.84508493040466e-09
2670.0 5.842857934106824e-09
2671.0 5.840630937808989e-09
2672.0 5.8384039415111545e-09
2673.0 5.836290615690828e-09
2674.0 5.834272536585669e-09
2675.0 5.83225445748051e-09
2676.0 5.830236378375349e-09
2677.0 5.828218299270189e-09
2678.0 5.826200220165029e-09
2679.0 5.824182141059868e-09
2680.0 5.8221640619547105e-09
2681.0 5.82014598284955e-09
2682.0 5.818127903744391e-09
2683.0 5.816109824639231e-09
2684.0 5.8140917455340695e-09
2685.0 5.812073666428911e-09
2686.0 5.81005558732375e-09
2687.0 5.80803750821859e-09
2688.0 5.80601942911343e-09
2689.0 5.804001350008272e-09
2690.0 5.8019832709031106e-09
2691.0 5.79996519179795e-09
2692.0 5.797947112692791e-09
2693.0 5.7959290335876315e-09
2694.0 5.793910954482471e-09
2695.0 5.791892875377311e-09
2696.0 5.789874796272152e-09
2697.0 5.787856717166992e-09
2698.0 5.785838638061832e-09
2699.0 5.783820558956672e-09
2700.0 5.781802479851512e-09
2701.0 5.779784400746352e-09
2702.0 5.777766321641191e-09
2703.0 5.7757482425360324e-09
2704.0 5.773730163430871e-09
2705.0 5.771712084325714e-09
2706.0 5.7696940052205525e-09
2707.0 5.767675926115393e-09
2708.0 5.765657847010233e-09
2709.0 5.763639767905073e-09
2710.0 5.761621688799913e-09
2711.0 5.759603609694754e-09
2712.0 5.757585530589595e-09
2713.0 5.755567451484434e-09
2714.0 5.753549372379274e-09
2715.0 5.751531293274114e-09
2716.0 5.749513214168953e-09
2717.0 5.747495135063795e-09
2718.0 5.745477055958635e-09
2719.0 5.743458976853475e-09
2720.0 5.741440897748315e-09
2721.0 5.739422818643154e-09
2722.0 5.737404739537995e-09
2723.0 5.735386660432834e-09
2724.0 5.733368581327674e-09
2725.0 5.731350502222515e-09
2726.0 5.729332423117356e-09
2727.0 5.727314344012195e-09
2728.0 5.725296264907035e-09
2729.0 5.723278185801875e-09
2730.0 5.721260106696716e-09
2731.0 5.719242027591556e-09
2732.0 5.717223948486395e-09
2733.0 5.715205869381236e-09
2734.0 5.7131877902760766e-09
2735.0 5.711169711170916e-09
2736.0 5.709151632065757e-09
2737.0 5.7071335529605975e-09
2738.0 5.705115473855437e-09
2739.0 5.703097394750276e-09
2740.0 5.701079315645118e-09
2741.0 5.6990612365399565e-09
2742.0 5.697043157434799e-09
2743.0 5.695025078329637e-09
2744.0 5.6930069992244775e-09
2745.0 5.690988920119317e-09
2746.0 5.688970841014157e-09
2747.0 5.686952761908998e-09
2748.0 5.684934682803838e-09
2749.0 5.68291660369868e-09
2750.0 5.6808985245935185e-09
2751.0 5.678880445488358e-09
2752.0 5.676862366383198e-09
2753.0 5.674844287278037e-09
2754.0 5.672826208172879e-09
2755.0 5.670808129067719e-09
2756.0 5.6687900499625596e-09
2757.0 5.666771970857399e-09
2758.0 5.664753891752238e-09
2759.0 5.66273581264708e-09
2760.0 5.660717733541919e-09
2761.0 5.658699654436758e-09
2762.0 5.656681575331599e-09
2763.0 5.65466349622644e-09
2764.0 5.65264541712128e-09
2765.0 5.65062733801612e-09
2766.0 5.6486092589109605e-09
2767.0 5.646591179805801e-09
2768.0 5.644573100700641e-09
2769.0 5.642555021595481e-09
2770.0 5.640536942490321e-09
2771.0 5.638518863385162e-09
2772.0 5.6365007842800015e-09
2773.0 5.634482705174841e-09
2774.0 5.632464626069682e-09
2775.0 5.630446546964522e-09
2776.0 5.6284284678593606e-09
2777.0 5.626410388754201e-09
2778.0 5.624392309649041e-09
2779.0 5.622374230543883e-09
2780.0 5.620356151438723e-09
2781.0 5.618338072333562e-09
2782.0 5.616319993228402e-09
2783.0 5.614301914123241e-09
2784.0 5.612283835018082e-09
2785.0 5.6102657559129226e-09
2786.0 5.608247676807764e-09
2787.0 5.606229597702603e-09
2788.0 5.604211518597443e-09
2789.0 5.602193439492282e-09
2790.0 5.600175360387122e-09
2791.0 5.598157281281964e-09
2792.0 5.596139202176804e-09
2793.0 5.594121123071644e-09
2794.0 5.5921030439664845e-09
2795.0 5.5900849648613235e-09
2796.0 5.588066885756165e-09
2797.0 5.586048806651004e-09
2798.0 5.584030727545845e-09
2799.0 5.582012648440685e-09
2800.0 5.579994569335525e-09
2801.0 5.5779764902303645e-09
2802.0 5.575958411125204e-09
2803.0 5.5739403320200465e-09
2804.0 5.5719222529148854e-09
2805.0 5.569904173809725e-09
2806.0 5.567886094704565e-09
2807.0 5.565868015599405e-09
2808.0 5.563849936494245e-09
2809.0 5.561831857389086e-09
2810.0 5.559813778283926e-09
2811.0 5.557795699178766e-09
2812.0 5.555777620073605e-09
2813.0 5.553759540968446e-09
2814.0 5.5517414618632855e-09
2815.0 5.549723382758125e-09
2816.0 5.547705303652967e-09
2817.0 5.545687224547807e-09
2818.0 5.543669145442646e-09
2819.0 5.541651066337486e-09
2820.0 5.5396329872323266e-09
2821.0 5.537614908127167e-09
2822.0 5.535596829022007e-09
2823.0 5.5335787499168475e-09
2824.0 5.531560670811688e-09
2825.0 5.529542591706528e-09
2826.0 5.5275245126013684e-09
2827.0 5.525506433496207e-09
2828.0 5.523488354391049e-09
2829.0 5.5214702752858886e-09
2830.0 5.519452196180728e-09
2831.0 5.517434117075569e-09
2832.0 5.515416037970408e-09
2833.0 5.513397958865249e-09
2834.0 5.511379879760088e-09
2835.0 5.509361800654929e-09
2836.0 5.507343721549769e-09
2837.0 5.505325642444609e-09
2838.0 5.503307563339449e-09
2839.0 5.501289484234289e-09
2840.0 5.499271405129131e-09
2841.0 5.49725332602397e-09
2842.0 5.4952352469188096e-09
2843.0 5.493217167813649e-09
2844.0 5.491199088708489e-09
2845.0 5.48918100960333e-09
2846.0 5.48716293049817e-09
2847.0 5.48514485139301e-09
2848.0 5.483126772287851e-09
2849.0 5.48110869318269e-09
2850.0 5.479090614077531e-09
2851.0 5.477072534972371e-09
2852.0 5.4750544558672105e-09
2853.0 5.473036376762052e-09
2854.0 5.4710182976568925e-09
2855.0 5.4690002185517314e-09
2856.0 5.466982139446571e-09
2857.0 5.464964060341411e-09
2858.0 5.462945981236252e-09
2859.0 5.460927902131091e-09
2860.0 5.458909823025933e-09
2861.0 5.4568917439207725e-09
2862.0 5.454873664815612e-09
2863.0 5.452855585710453e-09
2864.0 5.450837506605292e-09
2865.0 5.448819427500133e-09
2866.0 5.446801348394973e-09
2867.0 5.444783269289813e-09
2868.0 5.442765190184653e-09
2869.0 5.440747111079492e-09
2870.0 5.438729031974334e-09
2871.0 5.4367109528691726e-09
2872.0 5.434692873764013e-09
2873.0 5.432674794658854e-09
2874.0 5.4306567155536935e-09
2875.0 5.428638636448533e-09
2876.0 5.426620557343373e-09
2877.0 5.424602478238215e-09
2878.0 5.422584399133054e-09
2879.0 5.420708041432987e-09
2880.0 5.418892543152754e-09
2881.0 5.4170770448725195e-09
2882.0 5.415261546592287e-09
2883.0 5.413446048312054e-09
2884.0 5.411630550031822e-09
2885.0 5.409815051751588e-09
2886.0 5.407999553471355e-09
2887.0 5.406184055191122e-09
2888.0 5.404368556910889e-09
2889.0 5.402553058630656e-09
2890.0 5.400737560350424e-09
2891.0 5.398922062070191e-09
2892.0 5.397106563789959e-09
2893.0 5.395291065509726e-09
2894.0 5.393475567229493e-09
2895.0 5.39166006894926e-09
2896.0 5.3898445706690265e-09
2897.0 5.388029072388794e-09
2898.0 5.386213574108561e-09
2899.0 5.384398075828328e-09
2900.0 5.382582577548094e-09
2901.0 5.3807670792678625e-09
2902.0 5.378951580987628e-09
2903.0 5.377136082707397e-09
2904.0 5.3753205844271626e-09
2905.0 5.37350508614693e-09
2906.0 5.3716895878666984e-09
2907.0 5.369874089586465e-09
2908.0 5.368058591306233e-09
2909.0 5.366243093025999e-09
2910.0 5.364427594745765e-09
2911.0 5.3626120964655336e-09
2912.0 5.3607965981852994e-09
2913.0 5.358981099905068e-09
2914.0 5.357165601624834e-09
2915.0 5.355350103344602e-09
2916.0 5.353534605064368e-09
2917.0 5.351719106784135e-09
2918.0 5.349903608503902e-09
2919.0 5.3480881102236696e-09
2920.0 5.346272611943437e-09
2921.0 5.344457113663205e-09
2922.0 5.342641615382971e-09
2923.0 5.340826117102738e-09
2924.0 5.3390106188225055e-09
2925.0 5.337195120542272e-09
2926.0 5.33537962226204e-09
2927.0 5.333564123981807e-09
2928.0 5.331748625701574e-09
2929.0 5.32993312742134e-09
2930.0 5.328117629141108e-09
2931.0 5.326302130860874e-09
2932.0 5.324486632580643e-09
2933.0 5.322671134300409e-09
2934.0 5.320855636020177e-09
2935.0 5.319040137739944e-09
2936.0 5.317224639459711e-09
2937.0 5.3154091411794775e-09
2938.0 5.313593642899245e-09
2939.0 5.311778144619012e-09
2940.0 5.309962646338779e-09
2941.0 5.308147148058545e-09
2942.0 5.3063316497783135e-09
2943.0 5.304516151498079e-09
2944.0 5.302700653217847e-09
2945.0 5.3008851549376135e-09
2946.0 5.299069656657381e-09
2947.0 5.297254158377148e-09
2948.0 5.295438660096917e-09
2949.0 5.293623161816684e-09
2950.0 5.29180766353645e-09
2951.0 5.289992165256217e-09
2952.0 5.288176666975984e-09
2953.0 5.286361168695751e-09
2954.0 5.284545670415519e-09
2955.0 5.2827301721352854e-09
2956.0 5.280914673855053e-09
2957.0 5.27909917557482e-09
2958.0 5.277283677294587e-09
2959.0 5.275468179014355e-09
2960.0 5.2736526807341205e-09
2961.0 5.271837182453888e-09
2962.0 5.270021684173655e-09
2963.0 5.268206185893422e-09
2964.0 5.266390687613189e-09
2965.0 5.264575189332957e-09
2966.0 5.262759691052723e-09
2967.0 5.26094419277249e-09
2968.0 5.259128694492257e-09
2969.0 5.257313196212025e-09
2970.0 5.2554976979317924e-09
2971.0 5.253682199651558e-09
2972.0 5.251866701371325e-09
2973.0 5.2500512030910925e-09
2974.0 5.248235704810859e-09
2975.0 5.246420206530627e-09
2976.0 5.244604708250394e-09
2977.0 5.242789209970162e-09
2978.0 5.2409737116899285e-09
2979.0 5.239158213409695e-09
2980.0 5.237342715129463e-09
2981.0 5.23552721684923e-09
2982.0 5.233711718568997e-09
2983.0 5.2318962202887644e-09
2984.0 5.230080722008531e-09
2985.0 5.228265223728299e-09
2986.0 5.226449725448066e-09
2987.0 5.224634227167833e-09
2988.0 5.2228187288875995e-09
2989.0 5.221003230607367e-09
2990.0 5.219187732327134e-09
2991.0 5.2173722340469004e-09
2992.0 5.215556735766669e-09
2993.0 5.213741237486435e-09
2994.0 5.211925739206203e-09
2995.0 5.210110240925969e-09
2996.0 5.208294742645736e-09
2997.0 5.206479244365504e-09
2998.0 5.20466374608527e-09
2999.0 5.202848247805038e-09
3000.0 5.201032749524804e-09
3001.0 5.199217251244572e-09
3002.0 5.197401752964338e-09
3003.0 5.195586254684106e-09
3004.0 5.1937707564038724e-09
3005.0 5.19195525812364e-09
3006.0 5.1901397598434075e-09
3007.0 5.188324261563174e-09
3008.0 5.186508763282942e-09
3009.0 5.184693265002708e-09
3010.0 5.182877766722476e-09
3011.0 5.181062268442243e-09
3012.0 5.17924677016201e-09
3013.0 5.177431271881778e-09
3014.0 5.175615773601544e-09
3015.0 5.173800275321312e-09
3016.0 5.1719847770410785e-09
3017.0 5.170169278760845e-09
3018.0 5.168353780480613e-09
3019.0 5.1665382822003794e-09
3020.0 5.164722783920147e-09
3021.0 5.1629072856399145e-09
3022.0 5.16109178735968e-09
3023.0 5.159276289079448e-09
3024.0 5.157460790799215e-09
3025.0 5.155645292518984e-09
3026.0 5.15382979423875e-09
3027.0 5.1520142959585155e-09
3028.0 5.150198797678284e-09
3029.0 5.14838329939805e-09
3030.0 5.146567801117818e-09
3031.0 5.144752302837584e-09
3032.0 5.1429368045573514e-09
3033.0 5.141121306277118e-09
3034.0 5.139305807996886e-09
3035.0 5.137490309716653e-09
3036.0 5.13567481143642e-09
3037.0 5.133859313156187e-09
3038.0 5.132043814875954e-09
3039.0 5.1302283165957216e-09
3040.0 5.128412818315489e-09
3041.0 5.126597320035256e-09
3042.0 5.124781821755023e-09
3043.0 5.12296632347479e-09
3044.0 5.121150825194557e-09
3045.0 5.119335326914324e-09
3046.0 5.117519828634091e-09
3047.0 5.1157043303538584e-09
3048.0 5.113888832073625e-09
3049.0 5.112073333793393e-09
3050.0 5.110257835513159e-09
3051.0 5.108442337232928e-09
3052.0 5.106626838952695e-09
3053.0 5.104811340672461e-09
3054.0 5.1029958423922294e-09
3055.0 5.101180344111995e-09
3056.0 5.099364845831763e-09
3057.0 5.0975493475515295e-09
3058.0 5.095733849271295e-09
3059.0 5.093918350991063e-09
3060.0 5.0921028527108296e-09
3061.0 5.090287354430598e-09
3062.0 5.088471856150365e-09
3063.0 5.086656357870132e-09
3064.0 5.084840859589899e-09
3065.0 5.0830253613096655e-09
3066.0 5.081209863029433e-09
3067.0 5.0793943647492006e-09
3068.0 5.077578866468967e-09
3069.0 5.075763368188735e-09
3070.0 5.0739478699085015e-09
3071.0 5.072132371628269e-09
3072.0 5.070316873348036e-09
3073.0 5.068501375067802e-09
3074.0 5.06668587678757e-09
3075.0 5.064870378507337e-09
3076.0 5.063054880227104e-09
3077.0 5.061239381946871e-09
3078.0 5.059423883666639e-09
3079.0 5.057608385386407e-09
3080.0 5.055792887106173e-09
3081.0 5.053977388825941e-09
3082.0 5.052161890545707e-09
3083.0 5.050346392265474e-09
3084.0 5.048530893985241e-09
3085.0 5.0467153957050085e-09
3086.0 5.044899897424774e-09
3087.0 5.043084399144542e-09
3088.0 5.041268900864309e-09
3089.0 5.039453402584075e-09
3090.0 5.037637904303844e-09
3091.0 5.03582240602361e-09
3092.0 5.034006907743378e-09
3093.0 5.0321914094631445e-09
3094.0 5.030375911182912e-09
3095.0 5.028560412902679e-09
3096.0 5.026744914622446e-09
3097.0 5.024929416342213e-09
3098.0 5.0231139180619805e-09
3099.0 5.021298419781747e-09
3100.0 5.019482921501514e-09
