2.0 9.272063809356072e-05
3.0 0.00011786613860816587
4.0 0.0001379319444038073
5.0 0.00015371199802024067
6.0 0.00016594517279542418
7.0 0.00017512322056392626
8.0 0.00018161225058894862
9.0 0.00018592172719660496
10.0 0.00018835323609138943
11.0 0.00018919831259148572
12.0 0.00018869508777177003
13.0 0.00018715375472772518
14.0 0.00018473714776160065
15.0 0.00018168593857915757
16.0 0.00017826997037143408
17.0 0.00017439349282109425
18.0 0.0001702937677319253
19.0 0.0001661149943665711
20.0 0.00016191206028234078
21.0 0.00015773029694074122
22.0 0.00015358082588767425
23.0 0.00014946245399335856
24.0 0.00014550091506755714
25.0 0.00014158292934866165
26.0 0.0001378832750445172
27.0 0.0001342205846712904
28.0 0.00013076541687185154
29.0 0.00012732973919269647
30.0 0.00012410889926957195
31.0 0.00012088805934644746
32.0 0.00011789230010149363
33.0 0.00011493444444661292
34.0 0.0001120950523016145
35.0 0.00010939641029013194
36.0 0.00010669776827864938
37.0 0.00010418606697643377
38.0 0.00010170146778195524
39.0 9.923796380674063e-05
40.0 9.698582901504058e-05
41.0 9.473369422334056e-05
42.0 9.250270581395768e-05
43.0 9.047605751551296e-05
44.0 8.844940921706825e-05
45.0 8.642276091862354e-05
46.0 8.45597566727784e-05
47.0 8.272207889244917e-05
48.0 8.088440111211994e-05
49.0 7.911955231012357e-05
50.0 7.746883018066229e-05
51.0 7.581810805120103e-05
52.0 7.416738592173977e-05
53.0 7.263719512634374e-05
54.0 7.11732396408337e-05
55.0 6.970928415532364e-05
56.0 6.824532866981361e-05
57.0 6.68827016877874e-05
58.0 6.558410784455313e-05
59.0 6.428551400131884e-05
60.0 6.298692015808456e-05
61.0 6.172675776085841e-05
62.0 6.057072848171772e-05
63.0 5.941469920257704e-05
64.0 5.825866992343635e-05
65.0 5.7102640644295666e-05
66.0 5.603667240823742e-05
67.0 5.503281365454501e-05
68.0 5.402895490085261e-05
69.0 5.3025096147160215e-05
70.0 5.202123739346781e-05
71.0 5.108867221528548e-05
72.0 5.021354546823468e-05
73.0 4.933841872118386e-05
74.0 4.846329197413306e-05
75.0 4.758816522708225e-05
76.0 4.6726713898925984e-05
77.0 4.595864936270462e-05
78.0 4.519058482648324e-05
79.0 4.4422520290261865e-05
80.0 4.3654455754040504e-05
81.0 4.288639121781912e-05
82.0 4.2150674305778025e-05
83.0 4.149662553084061e-05
84.0 4.0842576755903195e-05
85.0 4.018852798096578e-05
86.0 3.9534479206028365e-05
87.0 3.8880430431090944e-05
88.0 3.822638165615353e-05
89.0 3.766274294374509e-05
90.0 3.710005828751232e-05
91.0 3.653737363127956e-05
92.0 3.597468897504679e-05
93.0 3.541200431881403e-05
94.0 3.484931966258126e-05
95.0 3.430352132713821e-05
96.0 3.382101881807365e-05
97.0 3.33385163090091e-05
98.0 3.2856013799944537e-05
99.0 3.237351129087999e-05
100.0 3.189100878181544e-05
101.0 3.1408506272750876e-05
102.0 3.0926003763686325e-05
103.0 3.0511262945251093e-05
104.0 3.0103265123288825e-05
105.0 2.9695267301326563e-05
106.0 2.928726947936429e-05
107.0 2.8879271657402034e-05
108.0 2.847127383543976e-05
109.0 2.8063276013477497e-05
110.0 2.7658169564180925e-05
111.0 2.731298923071477e-05
112.0 2.6967808897248613e-05
113.0 2.6622628563782448e-05
114.0 2.6277448230316297e-05
115.0 2.5932267896850142e-05
116.0 2.5587087563383984e-05
117.0 2.5241907229917826e-05
118.0 2.4896726896451668e-05
119.0 2.458352711130552e-05
120.0 2.4293783755897174e-05
121.0 2.4004040400488838e-05
122.0 2.37142970450805e-05
123.0 2.342455368967216e-05
124.0 2.313481033426382e-05
125.0 2.284506697885548e-05
126.0 2.2555323623447142e-05
127.0 2.2265580268038807e-05
128.0 2.1996782037590648e-05
129.0 2.175303123073194e-05
130.0 2.150928042387323e-05
131.0 2.126552961701452e-05
132.0 2.102177881015581e-05
133.0 2.0778028003297103e-05
134.0 2.0534277196438394e-05
135.0 2.0290526389579685e-05
136.0 2.0046775582720976e-05
137.0 1.9803024775862267e-05
138.0 1.958586378504217e-05
139.0 1.938422899518754e-05
140.0 1.918259420533291e-05
141.0 1.8980959415478285e-05
142.0 1.877932462562365e-05
143.0 1.8577689835769025e-05
144.0 1.83760550459144e-05
145.0 1.817442025605977e-05
146.0 1.797278546620514e-05
147.0 1.7771150676350513e-05
148.0 1.7571188810206024e-05
149.0 1.7402616761910394e-05
150.0 1.7234044713614763e-05
151.0 1.7065472665319133e-05
152.0 1.6896900617023506e-05
153.0 1.6728328568727876e-05
154.0 1.6559756520432245e-05
155.0 1.6391184472136615e-05
156.0 1.6222612423840984e-05
157.0 1.6054040375545354e-05
158.0 1.5885468327249724e-05
159.0 1.5716896278954093e-05
160.0 1.5566877843326472e-05
161.0 1.5426637395675687e-05
162.0 1.5286396948024898e-05
163.0 1.5146156500374121e-05
164.0 1.5005916052723334e-05
165.0 1.4865675605072555e-05
166.0 1.4725435157421772e-05
167.0 1.4585194709770986e-05
168.0 1.4444954262120206e-05
169.0 1.4304713814469422e-05
170.0 1.416447336681864e-05
171.0 1.4024232919167857e-05
172.0 1.3894252261612487e-05
173.0 1.3780912248496234e-05
174.0 1.3667572235379981e-05
175.0 1.3554232222263725e-05
176.0 1.3440892209147473e-05
177.0 1.3327552196031215e-05
178.0 1.3214212182914965e-05
179.0 1.3100872169798708e-05
180.0 1.2987532156682455e-05
181.0 1.2874192143566199e-05
182.0 1.2760852130449945e-05
183.0 1.2647512117333692e-05
184.0 1.2534172104217434e-05
185.0 1.2423847088321482e-05
186.0 1.2329053376046875e-05
187.0 1.2234259663772274e-05
188.0 1.2139465951497667e-05
189.0 1.2044672239223062e-05
190.0 1.1949878526948455e-05
191.0 1.1855084814673853e-05
192.0 1.1760291102399245e-05
193.0 1.166549739012464e-05
194.0 1.1570703677850035e-05
195.0 1.1475909965575431e-05
196.0 1.1381116253300826e-05
197.0 1.1286322541026221e-05
198.0 1.1191528828751614e-05
199.0 1.1096735116477007e-05
200.0 1.1017616074896428e-05
201.0 1.0939757707258093e-05
202.0 1.0861899339619755e-05
203.0 1.0784040971981422e-05
204.0 1.0706182604343088e-05
205.0 1.0628324236704753e-05
206.0 1.0550465869066416e-05
207.0 1.0472607501428081e-05
208.0 1.0394749133789743e-05
209.0 1.031689076615141e-05
210.0 1.0239032398513076e-05
211.0 1.0161174030874741e-05
212.0 1.0083315663236405e-05
213.0 1.000545729559807e-05
214.0 9.927598927959736e-06
215.0 9.858852079340724e-06
216.0 9.796385953849208e-06
217.0 9.733919828357692e-06
218.0 9.671453702866176e-06
219.0 9.60898757737466e-06
220.0 9.546521451883143e-06
221.0 9.484055326391627e-06
222.0 9.421589200900113e-06
223.0 9.359123075408597e-06
224.0 9.29665694991708e-06
225.0 9.234190824425563e-06
226.0 9.171724698934047e-06
227.0 9.109258573442533e-06
228.0 9.046792447951017e-06
229.0 8.984326322459501e-06
230.0 8.921860196967985e-06
231.0 8.860211797488273e-06
232.0 8.808325898069254e-06
233.0 8.756439998650232e-06
234.0 8.70455409923121e-06
235.0 8.652668199812187e-06
236.0 8.600782300393165e-06
237.0 8.548896400974145e-06
238.0 8.497010501555123e-06
239.0 8.445124602136099e-06
240.0 8.393238702717078e-06
241.0 8.341352803298056e-06
242.0 8.289466903879034e-06
243.0 8.237581004460013e-06
244.0 8.185695105040991e-06
245.0 8.133809205621969e-06
246.0 8.081923306202948e-06
247.0 8.030037406783923e-06
248.0 7.978151507364904e-06
249.0 7.929076416219091e-06
250.0 7.886863365529817e-06
251.0 7.844650314840543e-06
252.0 7.802437264151271e-06
253.0 7.760224213462e-06
254.0 7.718011162772729e-06
255.0 7.675798112083455e-06
256.0 7.633585061394181e-06
257.0 7.59137201070491e-06
258.0 7.549158960015637e-06
259.0 7.506945909326366e-06
260.0 7.464732858637093e-06
261.0 7.4225198079478214e-06
262.0 7.380306757258548e-06
263.0 7.338093706569276e-06
264.0 7.295880655880002e-06
265.0 7.253667605190732e-06
266.0 7.211454554501458e-06
267.0 7.169241503812185e-06
268.0 7.128162992706355e-06
269.0 7.094424533315859e-06
270.0 7.060686073925363e-06
271.0 7.026947614534866e-06
272.0 6.99320915514437e-06
273.0 6.959470695753874e-06
274.0 6.925732236363377e-06
275.0 6.8919937769728806e-06
276.0 6.858255317582386e-06
277.0 6.824516858191887e-06
278.0 6.790778398801392e-06
279.0 6.7570399394108965e-06
280.0 6.7233014800204e-06
281.0 6.689563020629902e-06
282.0 6.6558245612394074e-06
283.0 6.622086101848912e-06
284.0 6.588347642458413e-06
285.0 6.5546091830679175e-06
286.0 6.5208707236774225e-06
287.0 6.487132264286926e-06
288.0 6.453393804896428e-06
289.0 6.422697544550223e-06
290.0 6.395023739823648e-06
291.0 6.36734993509707e-06
292.0 6.339676130370494e-06
293.0 6.3120023256439176e-06
294.0 6.28432852091734e-06
295.0 6.256654716190762e-06
296.0 6.228980911464186e-06
297.0 6.201307106737609e-06
298.0 6.173633302011033e-06
299.0 6.145959497284455e-06
300.0 6.1182856925578785e-06
301.0 6.090611887831301e-06
302.0 6.062938083104725e-06
303.0 6.035264278378147e-06
304.0 6.00759047365157e-06
305.0 5.979916668924994e-06
306.0 5.9522428641984175e-06
307.0 5.92456905947184e-06
308.0 5.896895254745262e-06
309.0 5.869221450018687e-06
310.0 5.841547645292109e-06
311.0 5.815279359819453e-06
312.0 5.792621826895477e-06
313.0 5.769964293971503e-06
314.0 5.747306761047527e-06
315.0 5.724649228123553e-06
316.0 5.701991695199578e-06
317.0 5.6793341622756025e-06
318.0 5.6566766293516265e-06
319.0 5.634019096427651e-06
320.0 5.611361563503677e-06
321.0 5.588704030579701e-06
322.0 5.5660464976557265e-06
323.0 5.5433889647317496e-06
324.0 5.520731431807775e-06
325.0 5.498073898883799e-06
326.0 5.475416365959824e-06
327.0 5.452758833035849e-06
328.0 5.4301013001118735e-06
329.0 5.407443767187898e-06
330.0 5.384786234263923e-06
331.0 5.362128701339948e-06
332.0 5.339471168415973e-06
333.0 5.3168136354919975e-06
334.0 5.294156102568022e-06
335.0 5.2730703498370425e-06
336.0 5.2549403312452035e-06
337.0 5.236810312653366e-06
338.0 5.218680294061528e-06
339.0 5.200550275469692e-06
340.0 5.1824202568778534e-06
341.0 5.164290238286015e-06
342.0 5.146160219694177e-06
343.0 5.12803020110234e-06
344.0 5.109900182510502e-06
345.0 5.0917701639186635e-06
346.0 5.073640145326826e-06
347.0 5.055510126734988e-06
348.0 5.037380108143151e-06
349.0 5.0192500895513135e-06
350.0 5.001120070959475e-06
351.0 4.982990052367638e-06
352.0 4.9648600337758e-06
353.0 4.9467300151839626e-06
354.0 4.9285999965921236e-06
355.0 4.910469978000287e-06
356.0 4.892339959408449e-06
357.0 4.8742099408166125e-06
358.0 4.8560799222247735e-06
359.0 4.837949903632936e-06
360.0 4.819819885041098e-06
361.0 4.803659499255287e-06
362.0 4.788980722832603e-06
363.0 4.77430194640992e-06
364.0 4.759623169987237e-06
365.0 4.744944393564553e-06
366.0 4.73026561714187e-06
367.0 4.715586840719187e-06
368.0 4.700908064296504e-06
369.0 4.68622928787382e-06
370.0 4.6715505114511366e-06
371.0 4.656871735028453e-06
372.0 4.6421929586057695e-06
373.0 4.627514182183086e-06
374.0 4.612835405760403e-06
375.0 4.59815662933772e-06
376.0 4.583477852915036e-06
377.0 4.568799076492353e-06
378.0 4.55412030006967e-06
379.0 4.539441523646987e-06
380.0 4.5247627472243036e-06
381.0 4.51008397080162e-06
382.0 4.4954051943789365e-06
383.0 4.4807264179562525e-06
384.0 4.4660476415335685e-06
385.0 4.451368865110886e-06
386.0 4.436690088688203e-06
387.0 4.422011312265519e-06
388.0 4.407332535842836e-06
389.0 4.394694954057865e-06
390.0 4.382539831647662e-06
391.0 4.370384709237458e-06
392.0 4.3582295868272535e-06
393.0 4.3460744644170505e-06
394.0 4.333919342006849e-06
395.0 4.3217642195966455e-06
396.0 4.309609097186442e-06
397.0 4.297453974776238e-06
398.0 4.285298852366035e-06
399.0 4.273143729955832e-06
400.0 4.260988607545628e-06
401.0 4.2488334851354254e-06
402.0 4.236678362725222e-06
403.0 4.224523240315019e-06
404.0 4.212368117904817e-06
405.0 4.200212995494612e-06
406.0 4.188057873084408e-06
407.0 4.175902750674205e-06
408.0 4.163747628264002e-06
409.0 4.1515925058538e-06
410.0 4.139437383443596e-06
411.0 4.127282261033393e-06
412.0 4.115127138623189e-06
413.0 4.102972016212986e-06
414.0 4.090816893802783e-06
415.0 4.0786617713925785e-06
416.0 4.0665066489823765e-06
417.0 4.0543515265721735e-06
418.0 4.04219640416197e-06
419.0 4.032174132327891e-06
420.0 4.022366404062641e-06
421.0 4.012558675797391e-06
422.0 4.00275094753214e-06
423.0 3.99294321926689e-06
424.0 3.983135491001639e-06
425.0 3.9733277627363895e-06
426.0 3.963520034471139e-06
427.0 3.9537123062058895e-06
428.0 3.943904577940638e-06
429.0 3.9340968496753886e-06
430.0 3.924289121410137e-06
431.0 3.914481393144887e-06
432.0 3.904673664879636e-06
433.0 3.894865936614386e-06
434.0 3.885058208349136e-06
435.0 3.875250480083886e-06
436.0 3.8654427518186345e-06
437.0 3.855635023553385e-06
438.0 3.8458272952881345e-06
439.0 3.836019567022884e-06
440.0 3.826211838757634e-06
441.0 3.816404110492383e-06
442.0 3.8065963822271322e-06
443.0 3.7967886539618826e-06
444.0 3.7869809256966317e-06
445.0 3.777173197431382e-06
446.0 3.7673654691661317e-06
447.0 3.757557740900881e-06
448.0 3.7477500126356316e-06
449.0 3.7379422843703794e-06
450.0 3.72813455610513e-06
451.0 3.7196714375214e-06
452.0 3.7117700563522628e-06
453.0 3.703868675183127e-06
454.0 3.6959672940139917e-06
455.0 3.6880659128448564e-06
456.0 3.6801645316757202e-06
457.0 3.6722631505065832e-06
458.0 3.6643617693374483e-06
459.0 3.656460388168313e-06
460.0 3.648559006999177e-06
461.0 3.6406576258300415e-06
462.0 3.6327562446609054e-06
463.0 3.62485486349177e-06
464.0 3.6169534823226343e-06
465.0 3.609052101153498e-06
466.0 3.601150719984363e-06
467.0 3.5932493388152266e-06
468.0 3.585347957646092e-06
469.0 3.577446576476956e-06
470.0 3.5695451953078203e-06
471.0 3.561643814138684e-06
472.0 3.5537424329695488e-06
473.0 3.5458410518004126e-06
474.0 3.5379396706312773e-06
475.0 3.530038289462142e-06
476.0 3.5221369082930062e-06
477.0 3.51423552712387e-06
478.0 3.506334145954734e-06
479.0 3.498432764785598e-06
480.0 3.4905313836164633e-06
481.0 3.4826300024473267e-06
482.0 3.474728621278192e-06
483.0 3.466827240109056e-06
484.0 3.4589258589399207e-06
485.0 3.451051019344155e-06
486.0 3.444377127606745e-06
487.0 3.437703235869336e-06
488.0 3.4310293441319262e-06
489.0 3.4243554523945166e-06
490.0 3.417681560657107e-06
491.0 3.4110076689196977e-06
492.0 3.404333777182288e-06
493.0 3.397659885444878e-06
494.0 3.3909859937074687e-06
495.0 3.3843121019700587e-06
496.0 3.3776382102326494e-06
497.0 3.37096431849524e-06
498.0 3.364290426757831e-06
499.0 3.3576165350204213e-06
500.0 3.350942643283012e-06
501.0 3.344268751545602e-06
502.0 3.337594859808192e-06
503.0 3.3309209680707823e-06
504.0 3.324247076333373e-06
505.0 3.317573184595964e-06
506.0 3.3108992928585538e-06
507.0 3.3042254011211437e-06
508.0 3.297551509383735e-06
509.0 3.290877617646325e-06
510.0 3.284203725908916e-06
511.0 3.277529834171506e-06
512.0 3.2708559424340963e-06
513.0 3.264182050696687e-06
514.0 3.2575081589592774e-06
515.0 3.250834267221868e-06
516.0 3.244160375484458e-06
517.0 3.237486483747048e-06
518.0 3.2308125920096392e-06
519.0 3.2241387002722296e-06
520.0 3.2174648085348203e-06
521.0 3.2107909167974107e-06
522.0 3.2041170250600015e-06
523.0 3.1982665045838687e-06
524.0 3.1928281313007177e-06
525.0 3.187389758017567e-06
526.0 3.1819513847344153e-06
527.0 3.1765130114512643e-06
528.0 3.171074638168113e-06
529.0 3.165636264884962e-06
530.0 3.1601978916018113e-06
531.0 3.15475951831866e-06
532.0 3.149321145035508e-06
533.0 3.1438827717523575e-06
534.0 3.138444398469206e-06
535.0 3.133006025186055e-06
536.0 3.1275676519029037e-06
537.0 3.1221292786197527e-06
538.0 3.116690905336602e-06
539.0 3.1112525320534507e-06
540.0 3.1058141587702997e-06
541.0 3.1003757854871483e-06
542.0 3.0949374122039973e-06
543.0 3.0894990389208463e-06
544.0 3.084060665637695e-06
545.0 3.078622292354544e-06
546.0 3.0731839190713925e-06
547.0 3.067745545788241e-06
548.0 3.062307172505091e-06
549.0 3.0568687992219386e-06
550.0 3.051430425938788e-06
551.0 3.045992052655637e-06
552.0 3.0405536793724857e-06
553.0 3.0351153060893347e-06
554.0 3.0296769328061832e-06
555.0 3.0242385595230323e-06
556.0 3.0188001862398813e-06
557.0 3.01336181295673e-06
558.0 3.007923439673579e-06
559.0 3.0024850663904283e-06
560.0 2.997046693107276e-06
561.0 2.991608319824125e-06
562.0 2.9861699465409745e-06
563.0 2.981139744082294e-06
564.0 2.9766419703220737e-06
565.0 2.9721441965618544e-06
566.0 2.9676464228016343e-06
567.0 2.9631486490414142e-06
568.0 2.958650875281195e-06
569.0 2.9541531015209753e-06
570.0 2.949655327760755e-06
571.0 2.9451575540005355e-06
572.0 2.940659780240316e-06
573.0 2.9361620064800966e-06
574.0 2.931664232719876e-06
575.0 2.9271664589596563e-06
576.0 2.9226686851994362e-06
577.0 2.918170911439217e-06
578.0 2.9136731376789964e-06
579.0 2.9091753639187768e-06
580.0 2.9046775901585567e-06
581.0 2.900179816398337e-06
582.0 2.8956820426381177e-06
583.0 2.8911842688778976e-06
584.0 2.8866864951176775e-06
585.0 2.8821887213574582e-06
586.0 2.8776909475972373e-06
587.0 2.873193173837018e-06
588.0 2.8686954000767984e-06
589.0 2.8641976263165787e-06
590.0 2.859699852556358e-06
591.0 2.855202078796139e-06
592.0 2.8507043050359188e-06
593.0 2.8462065312756987e-06
594.0 2.8417087575154794e-06
595.0 2.8372109837552593e-06
596.0 2.83271320999504e-06
597.0 2.8282154362348204e-06
598.0 2.8237176624746003e-06
599.0 2.8192198887143797e-06
600.0 2.8147221149541605e-06
601.0 2.8102243411939404e-06
602.0 2.8057265674337207e-06
603.0 2.801228793673501e-06
604.0 2.796731019913281e-06
605.0 2.792233246153061e-06
606.0 2.7878009253867803e-06
607.0 2.783941141584496e-06
608.0 2.7800813577822115e-06
609.0 2.776221573979928e-06
610.0 2.772361790177644e-06
611.0 2.7685020063753602e-06
612.0 2.764642222573076e-06
613.0 2.7607824387707914e-06
614.0 2.756922654968508e-06
615.0 2.753062871166224e-06
616.0 2.7492030873639397e-06
617.0 2.745343303561656e-06
618.0 2.7414835197593718e-06
619.0 2.7376237359570867e-06
620.0 2.733763952154804e-06
621.0 2.7299041683525192e-06
622.0 2.726044384550236e-06
623.0 2.7221846007479517e-06
624.0 2.718324816945667e-06
625.0 2.7144650331433837e-06
626.0 2.710605249341099e-06
627.0 2.706745465538815e-06
628.0 2.702885681736531e-06
629.0 2.699025897934247e-06
630.0 2.695166114131963e-06
631.0 2.691306330329679e-06
632.0 2.687446546527395e-06
633.0 2.683586762725111e-06
634.0 2.679726978922827e-06
635.0 2.6758671951205427e-06
636.0 2.672007411318258e-06
637.0 2.6681476275159748e-06
638.0 2.66428784371369e-06
639.0 2.660428059911407e-06
640.0 2.6565682761091226e-06
641.0 2.6527084923068385e-06
642.0 2.6488487085045547e-06
643.0 2.64498892470227e-06
644.0 2.6411291408999863e-06
645.0 2.6372693570977026e-06
646.0 2.6334095732954184e-06
647.0 2.6295497894931338e-06
648.0 2.6256900056908504e-06
649.0 2.6218302218885662e-06
650.0 2.617970438086282e-06
651.0 2.6141106542839983e-06
652.0 2.610250870481714e-06
653.0 2.606658793390776e-06
654.0 2.60341632519474e-06
655.0 2.600173856998704e-06
656.0 2.596931388802668e-06
657.0 2.5936889206066317e-06
658.0 2.590446452410596e-06
659.0 2.58720398421456e-06
660.0 2.583961516018524e-06
661.0 2.5807190478224875e-06
662.0 2.5774765796264518e-06
663.0 2.574234111430416e-06
664.0 2.5709916432343794e-06
665.0 2.5677491750383432e-06
666.0 2.5645067068423075e-06
667.0 2.5612642386462713e-06
668.0 2.558021770450235e-06
669.0 2.5547793022541994e-06
670.0 2.5515368340581637e-06
671.0 2.548294365862127e-06
672.0 2.545051897666091e-06
673.0 2.5418094294700548e-06
674.0 2.5385669612740194e-06
675.0 2.5353244930779833e-06
676.0 2.532082024881947e-06
677.0 2.5288395566859105e-06
678.0 2.5255970884898743e-06
679.0 2.5223546202938386e-06
680.0 2.5191121520978024e-06
681.0 2.5158696839017663e-06
682.0 2.51262721570573e-06
683.0 2.5093847475096943e-06
684.0 2.506142279313658e-06
685.0 2.502899811117622e-06
686.0 2.499657342921586e-06
687.0 2.49641487472555e-06
688.0 2.493172406529514e-06
689.0 2.4899299383334773e-06
690.0 2.4866874701374416e-06
691.0 2.483445001941406e-06
692.0 2.4802025337453697e-06
693.0 2.476960065549333e-06
694.0 2.473717597353297e-06
695.0 2.4704751291572608e-06
696.0 2.467232660961225e-06
697.0 2.463990192765189e-06
698.0 2.460747724569153e-06
699.0 2.457505256373117e-06
700.0 2.4542627881770808e-06
701.0 2.451020319981045e-06
702.0 2.447777851785009e-06
703.0 2.444614570838792e-06
704.0 2.4418376829108037e-06
705.0 2.4390607949828152e-06
706.0 2.4362839070548264e-06
707.0 2.4335070191268383e-06
708.0 2.430730131198849e-06
709.0 2.427953243270861e-06
710.0 2.425176355342873e-06
711.0 2.422399467414884e-06
712.0 2.4196225794868957e-06
713.0 2.4168456915589068e-06
714.0 2.4140688036309188e-06
715.0 2.4112919157029303e-06
716.0 2.4085150277749414e-06
717.0 2.4057381398469534e-06
718.0 2.4029612519189645e-06
719.0 2.400184363990976e-06
720.0 2.3974074760629885e-06
721.0 2.394630588134999e-06
722.0 2.391853700207011e-06
723.0 2.3890768122790227e-06
724.0 2.3862999243510342e-06
725.0 2.3835230364230454e-06
726.0 2.380746148495057e-06
727.0 2.3779692605670685e-06
728.0 2.37519237263908e-06
729.0 2.372415484711092e-06
730.0 2.369638596783103e-06
731.0 2.3668617088551147e-06
732.0 2.3640848209271258e-06
733.0 2.3613079329991373e-06
734.0 2.358531045071149e-06
735.0 2.355754157143161e-06
736.0 2.3529772692151724e-06
737.0 2.350200381287184e-06
738.0 2.347423493359196e-06
739.0 2.344646605431207e-06
740.0 2.3418697175032186e-06
741.0 2.33909282957523e-06
742.0 2.3363159416472417e-06
743.0 2.333539053719253e-06
744.0 2.3307621657912648e-06
745.0 2.3279852778632763e-06
746.0 2.3252083899352883e-06
747.0 2.3224315020073e-06
748.0 2.319654614079311e-06
749.0 2.3168777261513225e-06
750.0 2.314100838223334e-06
751.0 2.3113239502953456e-06
752.0 2.3085470623673568e-06
753.0 2.3057701744393687e-06
754.0 2.3029932865113803e-06
755.0 2.300216398583392e-06
756.0 2.297439510655404e-06
757.0 2.294674868034017e-06
758.0 2.2922480726033028e-06
759.0 2.2898212771725885e-06
760.0 2.2873944817418743e-06
761.0 2.2849676863111597e-06
762.0 2.282540890880446e-06
763.0 2.2801140954497317e-06
764.0 2.277687300019017e-06
765.0 2.2752605045883037e-06
766.0 2.272833709157589e-06
767.0 2.270406913726875e-06
768.0 2.267980118296161e-06
769.0 2.265553322865446e-06
770.0 2.2631265274347322e-06
771.0 2.260699732004018e-06
772.0 2.258272936573304e-06
773.0 2.2558461411425896e-06
774.0 2.2534193457118754e-06
775.0 2.250992550281161e-06
776.0 2.2485657548504465e-06
777.0 2.2461389594197327e-06
778.0 2.243712163989018e-06
779.0 2.2412853685583043e-06
780.0 2.2388585731275897e-06
781.0 2.236431777696876e-06
782.0 2.234004982266161e-06
783.0 2.231578186835447e-06
784.0 2.2291513914047332e-06
785.0 2.2267245959740186e-06
786.0 2.2242978005433044e-06
787.0 2.22187100511259e-06
788.0 2.219444209681876e-06
789.0 2.2170174142511618e-06
790.0 2.2145906188204475e-06
791.0 2.2121638233897333e-06
792.0 2.209737027959019e-06
793.0 2.207310232528305e-06
794.0 2.204883437097591e-06
795.0 2.202456641666876e-06
796.0 2.2000298462361627e-06
797.0 2.197603050805448e-06
798.0 2.1951762553747343e-06
799.0 2.19274945994402e-06
800.0 2.1903226645133054e-06
801.0 2.1878958690825912e-06
802.0 2.185469073651877e-06
803.0 2.1830422782211628e-06
804.0 2.1806154827904486e-06
805.0 2.1781886873597344e-06
806.0 2.1757618919290197e-06
807.0 2.173335096498306e-06
808.0 2.1709083010675917e-06
809.0 2.168481505636877e-06
810.0 2.1660547102061637e-06
811.0 2.163627914775449e-06
812.0 2.161201119344735e-06
813.0 2.158774323914021e-06
814.0 2.156347528483306e-06
815.0 2.153920733052592e-06
816.0 2.1517127242124995e-06
817.0 2.1495855774642683e-06
818.0 2.147458430716037e-06
819.0 2.145331283967805e-06
820.0 2.143204137219573e-06
821.0 2.1410769904713415e-06
822.0 2.1389498437231104e-06
823.0 2.1368226969748788e-06
824.0 2.1346955502266468e-06
825.0 2.132568403478416e-06
826.0 2.1304412567301844e-06
827.0 2.128314109981953e-06
828.0 2.1261869632337213e-06
829.0 2.1240598164854897e-06
830.0 2.121932669737258e-06
831.0 2.119805522989026e-06
832.0 2.117678376240795e-06
833.0 2.1155512294925638e-06
834.0 2.1134240827443318e-06
835.0 2.111296935996101e-06
836.0 2.109169789247869e-06
837.0 2.1070426424996374e-06
838.0 2.1049154957514063e-06
839.0 2.1027883490031742e-06
840.0 2.1006612022549427e-06
841.0 2.0985340555067107e-06
842.0 2.0964069087584795e-06
843.0 2.0942797620102487e-06
844.0 2.092152615262017e-06
845.0 2.090025468513785e-06
846.0 2.0878983217655536e-06
847.0 2.085771175017322e-06
848.0 2.0836440282690904e-06
849.0 2.0815168815208592e-06
850.0 2.0793897347726272e-06
851.0 2.0772625880243956e-06
852.0 2.075135441276164e-06
853.0 2.0730082945279333e-06
854.0 2.0708811477797013e-06
855.0 2.0687540010314697e-06
856.0 2.066626854283238e-06
857.0 2.0644997075350065e-06
858.0 2.062372560786775e-06
859.0 2.0602454140385438e-06
860.0 2.0581182672903118e-06
861.0 2.055991120542081e-06
862.0 2.053863973793849e-06
863.0 2.0517368270456174e-06
864.0 2.049609680297386e-06
865.0 2.0474825335491543e-06
866.0 2.0453553868009227e-06
867.0 2.043228240052691e-06
868.0 2.0411010933044604e-06
869.0 2.0389739465562283e-06
870.0 2.0368467998079968e-06
871.0 2.0347196530597647e-06
872.0 2.0325925063115336e-06
873.0 2.030465359563302e-06
874.0 2.0283382128150704e-06
875.0 2.0262110660668392e-06
876.0 2.0240839193186072e-06
877.0 2.0219567725703757e-06
878.0 2.0198296258221445e-06
879.0 2.0179323384894038e-06
880.0 2.016051185707396e-06
881.0 2.0141700329253867e-06
882.0 2.012288880143378e-06
883.0 2.010407727361369e-06
884.0 2.0085265745793608e-06
885.0 2.006645421797352e-06
886.0 2.0047642690153437e-06
887.0 2.0028831162333344e-06
888.0 2.001001963451326e-06
889.0 1.999120810669317e-06
890.0 1.9972396578873084e-06
891.0 1.9953585051053003e-06
892.0 1.993477352323291e-06
893.0 1.991596199541283e-06
894.0 1.989715046759273e-06
895.0 1.987833893977265e-06
896.0 1.985952741195256e-06
897.0 1.9840715884132475e-06
898.0 1.9821904356312386e-06
899.0 1.9803092828492296e-06
900.0 1.978428130067221e-06
901.0 1.9765469772852126e-06
902.0 1.974665824503204e-06
903.0 1.9727846717211947e-06
904.0 1.9709035189391862e-06
905.0 1.9690223661571773e-06
906.0 1.967141213375169e-06
907.0 1.96526006059316e-06
908.0 1.9633789078111517e-06
909.0 1.9614977550291432e-06
910.0 1.9596166022471343e-06
911.0 1.9577354494651253e-06
912.0 1.955854296683117e-06
913.0 1.9539731439011083e-06
914.0 1.9520919911191e-06
915.0 1.950210838337091e-06
916.0 1.948329685555082e-06
917.0 1.9464485327730734e-06
918.0 1.9445673799910645e-06
919.0 1.942686227209056e-06
920.0 1.940805074427047e-06
921.0 1.9389239216450385e-06
922.0 1.93704276886303e-06
923.0 1.935161616081021e-06
924.0 1.933280463299012e-06
925.0 1.931399310517004e-06
926.0 1.929518157734995e-06
927.0 1.9276370049529857e-06
928.0 1.925755852170977e-06
929.0 1.9238746993889687e-06
930.0 1.9219935466069597e-06
931.0 1.9201123938249512e-06
932.0 1.9182312410429427e-06
933.0 1.9163500882609338e-06
934.0 1.9144689354789253e-06
935.0 1.9125877826969163e-06
936.0 1.9107066299149082e-06
937.0 1.9088254771328997e-06
938.0 1.9069443243508903e-06
939.0 1.9050631715688816e-06
940.0 1.9031820187868733e-06
941.0 1.9013008660048642e-06
942.0 1.8994197132228557e-06
943.0 1.897538560440847e-06
944.0 1.8956574076588382e-06
945.0 1.893776254876829e-06
946.0 1.891957378754481e-06
947.0 1.8902825292100101e-06
948.0 1.8886076796655403e-06
949.0 1.8869328301210702e-06
950.0 1.8852579805766e-06
951.0 1.883583131032129e-06
952.0 1.8819082814876591e-06
953.0 1.8802334319431892e-06
954.0 1.8785585823987187e-06
955.0 1.8768837328542484e-06
956.0 1.8752088833097786e-06
957.0 1.873534033765308e-06
958.0 1.8718591842208374e-06
959.0 1.8701843346763675e-06
960.0 1.868509485131897e-06
961.0 1.8668346355874267e-06
962.0 1.8651597860429562e-06
963.0 1.863484936498486e-06
964.0 1.861810086954016e-06
965.0 1.8601352374095455e-06
966.0 1.8584603878650757e-06
967.0 1.8567855383206047e-06
968.0 1.8551106887761349e-06
969.0 1.8534358392316646e-06
970.0 1.8517609896871945e-06
971.0 1.8500861401427242e-06
972.0 1.8484112905982537e-06
973.0 1.8467364410537838e-06
974.0 1.8450615915093131e-06
975.0 1.843386741964843e-06
976.0 1.8417118924203727e-06
977.0 1.8400370428759027e-06
978.0 1.838362193331432e-06
979.0 1.8366873437869616e-06
980.0 1.835012494242492e-06
981.0 1.8333376446980213e-06
982.0 1.8316627951535512e-06
983.0 1.829987945609081e-06
984.0 1.8283130960646102e-06
985.0 1.8266382465201405e-06
986.0 1.8249633969756698e-06
987.0 1.8232885474312e-06
988.0 1.821613697886729e-06
989.0 1.8199388483422592e-06
990.0 1.8182639987977886e-06
991.0 1.8165891492533184e-06
992.0 1.8149142997088485e-06
993.0 1.813239450164378e-06
994.0 1.8115646006199081e-06
995.0 1.8098897510754376e-06
996.0 1.8082149015309673e-06
997.0 1.8065400519864968e-06
998.0 1.804865202442027e-06
999.0 1.8031903528975562e-06
1000.0 1.8015155033530862e-06
1001.0 1.7998406538086159e-06
1002.0 1.7981658042641456e-06
1003.0 1.7964909547196755e-06
1004.0 1.7948161051752048e-06
1005.0 1.7931412556307351e-06
1006.0 1.7914664060862648e-06
1007.0 1.7897915565417941e-06
1008.0 1.788116706997324e-06
1009.0 1.7864418574528537e-06
1010.0 1.7847670079083837e-06
1011.0 1.783092158363913e-06
1012.0 1.7814173088194427e-06
1013.0 1.7797424592749726e-06
1014.0 1.7780676097305023e-06
1015.0 1.7763927601860322e-06
1016.0 1.774717910641562e-06
1017.0 1.7730430610970916e-06
1018.0 1.7713682115526211e-06
1019.0 1.7697691215179694e-06
1020.0 1.7682589782847908e-06
1021.0 1.766748835051612e-06
1022.0 1.7652386918184338e-06
1023.0 1.763728548585255e-06
1024.0 1.7622184053520764e-06
1025.0 1.7607082621188976e-06
1026.0 1.7591981188857188e-06
1027.0 1.7576879756525409e-06
1028.0 1.7561778324193618e-06
1029.0 1.7546676891861839e-06
1030.0 1.7531575459530049e-06
1031.0 1.751647402719826e-06
1032.0 1.7501372594866475e-06
1033.0 1.748627116253469e-06
1034.0 1.7471169730202903e-06
1035.0 1.745606829787112e-06
1036.0 1.7440966865539329e-06
1037.0 1.7425865433207547e-06
1038.0 1.7410764000875759e-06
1039.0 1.7395662568543973e-06
1040.0 1.738056113621219e-06
1041.0 1.73654597038804e-06
1042.0 1.7350358271548615e-06
1043.0 1.7335256839216831e-06
1044.0 1.7320155406885043e-06
1045.0 1.7305053974553257e-06
1046.0 1.7289952542221473e-06
1047.0 1.7274851109889683e-06
1048.0 1.72597496775579e-06
1049.0 1.7244648245226113e-06
1050.0 1.722954681289433e-06
1051.0 1.7214445380562541e-06
1052.0 1.7199343948230755e-06
1053.0 1.7184242515898967e-06
1054.0 1.7169141083567184e-06
1055.0 1.7154039651235398e-06
1056.0 1.7138938218903612e-06
1057.0 1.7123836786571826e-06
1058.0 1.710873535424004e-06
1059.0 1.7093633921908254e-06
1060.0 1.707853248957647e-06
1061.0 1.706343105724468e-06
1062.0 1.7048329624912898e-06
1063.0 1.703322819258111e-06
1064.0 1.7018126760249324e-06
1065.0 1.7003025327917538e-06
1066.0 1.6987923895585752e-06
1067.0 1.6972822463253966e-06
1068.0 1.6957721030922182e-06
1069.0 1.6942619598590392e-06
1070.0 1.692751816625861e-06
1071.0 1.6912416733926822e-06
1072.0 1.6897315301595038e-06
1073.0 1.688221386926325e-06
1074.0 1.6867112436931462e-06
1075.0 1.6852011004599678e-06
1076.0 1.683690957226789e-06
1077.0 1.6821808139936109e-06
1078.0 1.6806706707604318e-06
1079.0 1.6791605275272532e-06
1080.0 1.6776503842940747e-06
1081.0 1.6761402410608958e-06
1082.0 1.6746300978277177e-06
1083.0 1.6731199545945387e-06
1084.0 1.6716098113613603e-06
1085.0 1.6700996681281817e-06
1086.0 1.668589524895003e-06
1087.0 1.6670793816618245e-06
1088.0 1.6655692384286459e-06
1089.0 1.6640590951954673e-06
1090.0 1.6625489519622887e-06
1091.0 1.6610388087291099e-06
1092.0 1.6595286654959317e-06
1093.0 1.6580185222627531e-06
1094.0 1.6565083790295743e-06
1095.0 1.6549982357963957e-06
1096.0 1.6534880925632171e-06
1097.0 1.6519790694646996e-06
1098.0 1.6506191651848483e-06
1099.0 1.649259260904997e-06
1100.0 1.6478993566251456e-06
1101.0 1.646539452345294e-06
1102.0 1.645179548065443e-06
1103.0 1.6438196437855913e-06
1104.0 1.64245973950574e-06
1105.0 1.6410998352258888e-06
1106.0 1.6397399309460369e-06
1107.0 1.6383800266661855e-06
1108.0 1.6370201223863344e-06
1109.0 1.635660218106483e-06
1110.0 1.6343003138266315e-06
1111.0 1.6329404095467801e-06
1112.0 1.6315805052669288e-06
1113.0 1.6302206009870776e-06
1114.0 1.628860696707226e-06
1115.0 1.6275007924273747e-06
1116.0 1.6261408881475231e-06
1117.0 1.624780983867672e-06
1118.0 1.6234210795878202e-06
1119.0 1.622061175307969e-06
1120.0 1.6207012710281175e-06
1121.0 1.6193413667482662e-06
1122.0 1.6179814624684146e-06
1123.0 1.6166215581885637e-06
1124.0 1.615261653908712e-06
1125.0 1.6139017496288606e-06
1126.0 1.6125418453490092e-06
1127.0 1.611181941069158e-06
1128.0 1.6098220367893063e-06
1129.0 1.6084621325094554e-06
1130.0 1.6071022282296038e-06
1131.0 1.6057423239497522e-06
1132.0 1.604382419669901e-06
1133.0 1.6030225153900498e-06
1134.0 1.6016626111101982e-06
1135.0 1.6003027068303464e-06
1136.0 1.5989428025504953e-06
1137.0 1.597582898270644e-06
1138.0 1.5962229939907924e-06
1139.0 1.5948630897109412e-06
1140.0 1.5935031854310899e-06
1141.0 1.5921432811512385e-06
1142.0 1.590783376871387e-06
1143.0 1.5894234725915356e-06
1144.0 1.5880635683116845e-06
1145.0 1.586703664031833e-06
1146.0 1.5853437597519811e-06
1147.0 1.58398385547213e-06
1148.0 1.5826239511922787e-06
1149.0 1.581264046912427e-06
1150.0 1.5799041426325755e-06
1151.0 1.5785442383527244e-06
1152.0 1.577184334072873e-06
1153.0 1.5758244297930215e-06
1154.0 1.5744645255131703e-06
1155.0 1.5731046212333188e-06
1156.0 1.5717447169534676e-06
1157.0 1.570384812673616e-06
1158.0 1.5690249083937647e-06
1159.0 1.5676650041139134e-06
1160.0 1.5663050998340618e-06
1161.0 1.5649451955542103e-06
1162.0 1.5635852912743591e-06
1163.0 1.5622253869945078e-06
1164.0 1.5608654827146562e-06
1165.0 1.5595055784348046e-06
1166.0 1.5581456741549537e-06
1167.0 1.556785769875102e-06
1168.0 1.5554258655952508e-06
1169.0 1.5540659613153994e-06
1170.0 1.5527060570355483e-06
1171.0 1.5513461527556963e-06
1172.0 1.5499862484758454e-06
1173.0 1.5486263441959938e-06
1174.0 1.5472664399161425e-06
1175.0 1.545906535636291e-06
1176.0 1.5445466313564398e-06
1177.0 1.543186727076588e-06
1178.0 1.5418268227967369e-06
1179.0 1.5404669185168855e-06
1180.0 1.539107014237034e-06
1181.0 1.5377471099571826e-06
1182.0 1.5364551785033447e-06
1183.0 1.5352279868414781e-06
1184.0 1.5340007951796115e-06
1185.0 1.5327736035177447e-06
1186.0 1.5315464118558785e-06
1187.0 1.5303192201940115e-06
1188.0 1.5290920285321448e-06
1189.0 1.5278648368702782e-06
1190.0 1.5266376452084116e-06
1191.0 1.525410453546545e-06
1192.0 1.5241832618846784e-06
1193.0 1.522956070222812e-06
1194.0 1.5217288785609454e-06
1195.0 1.5205016868990783e-06
1196.0 1.5192744952372117e-06
1197.0 1.518047303575345e-06
1198.0 1.5168201119134785e-06
1199.0 1.5155929202516119e-06
1200.0 1.5143657285897452e-06
1201.0 1.5131385369278788e-06
1202.0 1.5119113452660118e-06
1203.0 1.5106841536041452e-06
1204.0 1.5094569619422786e-06
1205.0 1.508229770280412e-06
1206.0 1.5070025786185453e-06
1207.0 1.5057753869566787e-06
1208.0 1.504548195294812e-06
1209.0 1.5033210036329453e-06
1210.0 1.5020938119710787e-06
1211.0 1.5008666203092119e-06
1212.0 1.4996394286473454e-06
1213.0 1.4984122369854788e-06
1214.0 1.4971850453236122e-06
1215.0 1.4959578536617456e-06
1216.0 1.4947306619998788e-06
1217.0 1.4935034703380122e-06
1218.0 1.4922762786761455e-06
1219.0 1.491049087014279e-06
1220.0 1.4898218953524123e-06
1221.0 1.4885947036905457e-06
1222.0 1.487367512028679e-06
1223.0 1.4861403203668125e-06
1224.0 1.4849131287049456e-06
1225.0 1.483685937043079e-06
1226.0 1.4824587453812124e-06
1227.0 1.4812315537193458e-06
1228.0 1.4800043620574792e-06
1229.0 1.4787771703956126e-06
1230.0 1.477549978733746e-06
1231.0 1.476322787071879e-06
1232.0 1.4750955954100125e-06
1233.0 1.473868403748146e-06
1234.0 1.472641212086279e-06
1235.0 1.4714140204244127e-06
1236.0 1.470186828762546e-06
1237.0 1.468959637100679e-06
1238.0 1.4677324454388124e-06
1239.0 1.4665052537769458e-06
1240.0 1.4652780621150794e-06
1241.0 1.4640508704532128e-06
1242.0 1.4628236787913462e-06
1243.0 1.4615964871294795e-06
1244.0 1.460369295467613e-06
1245.0 1.459142103805746e-06
1246.0 1.4579149121438797e-06
1247.0 1.4566877204820127e-06
1248.0 1.4554605288201463e-06
1249.0 1.4542333371582796e-06
1250.0 1.453006145496413e-06
1251.0 1.4517789538345462e-06
1252.0 1.4505517621726798e-06
1253.0 1.4493245705108132e-06
1254.0 1.4480973788489462e-06
1255.0 1.4468701871870795e-06
1256.0 1.4456429955252131e-06
1257.0 1.4444158038633463e-06
1258.0 1.4431886122014797e-06
1259.0 1.441961420539613e-06
1260.0 1.4407342288777463e-06
1261.0 1.4395070372158796e-06
1262.0 1.438279845554013e-06
1263.0 1.4370526538921464e-06
1264.0 1.4358254622302798e-06
1265.0 1.4345982705684132e-06
1266.0 1.4333710789065466e-06
1267.0 1.43214388724468e-06
1268.0 1.4309166955828131e-06
1269.0 1.429689503920947e-06
1270.0 1.4284623122590799e-06
1271.0 1.4272351205972133e-06
1272.0 1.4260079289353469e-06
1273.0 1.4248404751396354e-06
1274.0 1.4237307155975944e-06
1275.0 1.422620956055553e-06
1276.0 1.4215111965135125e-06
1277.0 1.4204014369714713e-06
1278.0 1.41929167742943e-06
1279.0 1.418181917887389e-06
1280.0 1.4170721583453482e-06
1281.0 1.415962398803307e-06
1282.0 1.4148526392612659e-06
1283.0 1.413742879719225e-06
1284.0 1.4126331201771842e-06
1285.0 1.411523360635143e-06
1286.0 1.4104136010931018e-06
1287.0 1.4093038415510606e-06
1288.0 1.4081940820090197e-06
1289.0 1.407084322466979e-06
1290.0 1.4059745629249375e-06
1291.0 1.4048648033828966e-06
1292.0 1.4037550438408554e-06
1293.0 1.4026452842988145e-06
1294.0 1.4015355247567735e-06
1295.0 1.4004257652147323e-06
1296.0 1.3993160056726914e-06
1297.0 1.3982062461306502e-06
1298.0 1.3970964865886092e-06
1299.0 1.3959867270465685e-06
1300.0 1.394876967504527e-06
1301.0 1.393767207962486e-06
1302.0 1.392657448420445e-06
1303.0 1.391547688878404e-06
1304.0 1.3904379293363628e-06
1305.0 1.389328169794322e-06
1306.0 1.388218410252281e-06
1307.0 1.3871086507102395e-06
1308.0 1.3859988911681988e-06
1309.0 1.3848891316261576e-06
1310.0 1.3837793720841166e-06
1311.0 1.3826696125420755e-06
1312.0 1.3815598530000343e-06
1313.0 1.3804500934579935e-06
1314.0 1.3793403339159524e-06
1315.0 1.3782305743739114e-06
1316.0 1.3771208148318704e-06
1317.0 1.3760110552898293e-06
1318.0 1.3749012957477885e-06
1319.0 1.3737915362057471e-06
1320.0 1.3726817766637062e-06
1321.0 1.371572017121665e-06
1322.0 1.370462257579624e-06
1323.0 1.3693524980375829e-06
1324.0 1.368242738495542e-06
1325.0 1.367132978953501e-06
1326.0 1.36602321941146e-06
1327.0 1.3649134598694188e-06
1328.0 1.3638037003273779e-06
1329.0 1.362693940785337e-06
1330.0 1.3615841812432957e-06
1331.0 1.3604744217012546e-06
1332.0 1.3593646621592136e-06
1333.0 1.3582549026171726e-06
1334.0 1.3571451430751317e-06
1335.0 1.3560353835330905e-06
1336.0 1.3549256239910491e-06
1337.0 1.3538158644490084e-06
1338.0 1.3527061049069674e-06
1339.0 1.3515963453649262e-06
1340.0 1.350486585822885e-06
1341.0 1.349376826280844e-06
1342.0 1.3482670667388031e-06
1343.0 1.3471573071967622e-06
1344.0 1.3460475476547208e-06
1345.0 1.34493778811268e-06
1346.0 1.3438280285706387e-06
1347.0 1.3427182690285981e-06
1348.0 1.3416085094865567e-06
1349.0 1.3404987499445158e-06
1350.0 1.3393889904024748e-06
1351.0 1.3382792308604336e-06
1352.0 1.3371694713183927e-06
1353.0 1.3360597117763515e-06
1354.0 1.3349499522343106e-06
1355.0 1.3338401926922696e-06
1356.0 1.3327304331502284e-06
1357.0 1.3316206736081877e-06
1358.0 1.3305109140661465e-06
1359.0 1.3294011545241051e-06
1360.0 1.3282913949820642e-06
1361.0 1.327181635440023e-06
1362.0 1.3260718758979822e-06
1363.0 1.324962116355941e-06
1364.0 1.3238523568139e-06
1365.0 1.322742597271859e-06
1366.0 1.321632837729818e-06
1367.0 1.320523078187777e-06
1368.0 1.3194133186457358e-06
1369.0 1.3183035591036949e-06
1370.0 1.3171937995616535e-06
1371.0 1.3161393117332137e-06
1372.0 1.315141048538904e-06
1373.0 1.3141427853445947e-06
1374.0 1.3131445221502851e-06
1375.0 1.3121462589559758e-06
1376.0 1.3111479957616664e-06
1377.0 1.3101497325673568e-06
1378.0 1.3091514693730472e-06
1379.0 1.3081532061787378e-06
1380.0 1.3071549429844282e-06
1381.0 1.3061566797901189e-06
1382.0 1.3051584165958093e-06
1383.0 1.3041601534014999e-06
1384.0 1.3031618902071905e-06
1385.0 1.302163627012881e-06
1386.0 1.3011653638185713e-06
1387.0 1.300167100624262e-06
1388.0 1.2991688374299524e-06
1389.0 1.298170574235643e-06
1390.0 1.2971723110413334e-06
1391.0 1.2961740478470242e-06
1392.0 1.2951757846527144e-06
1393.0 1.2941775214584048e-06
1394.0 1.2931792582640954e-06
1395.0 1.2921809950697859e-06
1396.0 1.2911827318754765e-06
1397.0 1.290184468681167e-06
1398.0 1.2891862054868575e-06
1399.0 1.288187942292548e-06
1400.0 1.2871896790982383e-06
1401.0 1.2861914159039292e-06
1402.0 1.28519315270962e-06
1403.0 1.2841948895153102e-06
1404.0 1.2831966263210008e-06
1405.0 1.2821983631266912e-06
1406.0 1.2812000999323818e-06
1407.0 1.2802018367380722e-06
1408.0 1.2792035735437629e-06
1409.0 1.278205310349453e-06
1410.0 1.2772070471551441e-06
1411.0 1.2762087839608343e-06
1412.0 1.2752105207665251e-06
1413.0 1.2742122575722151e-06
1414.0 1.2732139943779057e-06
1415.0 1.2722157311835964e-06
1416.0 1.271217467989287e-06
1417.0 1.2702192047949774e-06
1418.0 1.269220941600668e-06
1419.0 1.2682226784063584e-06
1420.0 1.267224415212049e-06
1421.0 1.2662261520177395e-06
1422.0 1.26522788882343e-06
1423.0 1.2642296256291205e-06
1424.0 1.2632313624348111e-06
1425.0 1.2622330992405015e-06
1426.0 1.261234836046192e-06
1427.0 1.2602365728518823e-06
1428.0 1.2592383096575732e-06
1429.0 1.2582400464632636e-06
1430.0 1.2572417832689542e-06
1431.0 1.2562435200746444e-06
1432.0 1.2552452568803352e-06
1433.0 1.2542469936860256e-06
1434.0 1.2532487304917165e-06
1435.0 1.2522504672974069e-06
1436.0 1.251252204103097e-06
1437.0 1.250253940908788e-06
1438.0 1.2492556777144785e-06
1439.0 1.2482574145201692e-06
1440.0 1.2472591513258593e-06
1441.0 1.24626088813155e-06
1442.0 1.2452626249372404e-06
1443.0 1.244264361742931e-06
1444.0 1.2432660985486214e-06
1445.0 1.242267835354312e-06
1446.0 1.2412695721600022e-06
1447.0 1.2402713089656928e-06
1448.0 1.2392730457713837e-06
1449.0 1.238274782577074e-06
1450.0 1.2372765193827645e-06
1451.0 1.2362782561884551e-06
1452.0 1.2352799929941455e-06
1453.0 1.234281729799836e-06
1454.0 1.2332834666055266e-06
1455.0 1.2322852034112172e-06
1456.0 1.2312869402169076e-06
1457.0 1.230288677022598e-06
1458.0 1.2292904138282886e-06
1459.0 1.2282921506339792e-06
1460.0 1.2272938874396696e-06
1461.0 1.2262956242453603e-06
1462.0 1.2252973610510507e-06
1463.0 1.2242990978567413e-06
1464.0 1.2233008346624315e-06
1465.0 1.2223025714681223e-06
1466.0 1.221304308273813e-06
1467.0 1.2203060450795034e-06
1468.0 1.2193077818851938e-06
1469.0 1.2183095186908844e-06
1470.0 1.2173112554965748e-06
1471.0 1.2163129923022656e-06
1472.0 1.2153147291079558e-06
1473.0 1.2143164659136462e-06
1474.0 1.213318202719337e-06
1475.0 1.2123199395250277e-06
1476.0 1.211321676330718e-06
1477.0 1.2104137447111047e-06
1478.0 1.2095122631871334e-06
1479.0 1.2086107816631624e-06
1480.0 1.2077093001391912e-06
1481.0 1.2068078186152202e-06
1482.0 1.2059063370912491e-06
1483.0 1.2050048555672777e-06
1484.0 1.2041033740433063e-06
1485.0 1.2032018925193357e-06
1486.0 1.2023004109953642e-06
1487.0 1.201398929471393e-06
1488.0 1.200497447947422e-06
1489.0 1.199595966423451e-06
1490.0 1.1986944848994795e-06
1491.0 1.1977930033755085e-06
1492.0 1.1968915218515372e-06
1493.0 1.1959900403275664e-06
1494.0 1.195088558803595e-06
1495.0 1.1941870772796235e-06
1496.0 1.1932855957556527e-06
1497.0 1.1923841142316817e-06
1498.0 1.1914826327077105e-06
1499.0 1.1905811511837392e-06
1500.0 1.189679669659768e-06
1501.0 1.188778188135797e-06
1502.0 1.1878767066118258e-06
1503.0 1.1869752250878543e-06
1504.0 1.1860737435638833e-06
1505.0 1.1851722620399125e-06
1506.0 1.1842707805159408e-06
1507.0 1.1833692989919698e-06
1508.0 1.1824678174679988e-06
1509.0 1.1815663359440278e-06
1510.0 1.1806648544200563e-06
1511.0 1.179763372896085e-06
1512.0 1.178861891372114e-06
1513.0 1.177960409848143e-06
1514.0 1.1770589283241718e-06
1515.0 1.1761574468002006e-06
1516.0 1.1752559652762295e-06
1517.0 1.1743544837522585e-06
1518.0 1.173453002228287e-06
1519.0 1.1725515207043158e-06
1520.0 1.1716500391803448e-06
1521.0 1.1707485576563736e-06
1522.0 1.1698470761324026e-06
1523.0 1.1689455946084313e-06
1524.0 1.1680441130844605e-06
1525.0 1.167142631560489e-06
1526.0 1.1662411500365178e-06
1527.0 1.1653396685125468e-06
1528.0 1.1644381869885756e-06
1529.0 1.1635367054646044e-06
1530.0 1.1626352239406331e-06
1531.0 1.1617337424166621e-06
1532.0 1.1608322608926909e-06
1533.0 1.15993077936872e-06
1534.0 1.1590292978447486e-06
1535.0 1.1581278163207774e-06
1536.0 1.1572263347968064e-06
1537.0 1.1563248532728351e-06
1538.0 1.155423371748864e-06
1539.0 1.1545218902248929e-06
1540.0 1.1536204087009216e-06
1541.0 1.1527189271769506e-06
1542.0 1.1518174456529794e-06
1543.0 1.1509159641290082e-06
1544.0 1.1500144826050371e-06
1545.0 1.149113001081066e-06
1546.0 1.1482115195570947e-06
1547.0 1.1473100380331236e-06
1548.0 1.1464085565091524e-06
1549.0 1.1455070749851812e-06
1550.0 1.1446055934612102e-06
1551.0 1.1437041119372391e-06
1552.0 1.1428026304132677e-06
1553.0 1.1419011488892969e-06
1554.0 1.1409996673653257e-06
1555.0 1.1400981858413544e-06
1556.0 1.1391967043173832e-06
1557.0 1.138295222793412e-06
1558.0 1.137393741269441e-06
1559.0 1.1364922597454695e-06
1560.0 1.1355907782214985e-06
1561.0 1.1346892966975272e-06
1562.0 1.1337878151735564e-06
1563.0 1.132886333649585e-06
1564.0 1.131984852125614e-06
1565.0 1.1310833706016427e-06
1566.0 1.1301818890776717e-06
1567.0 1.1292804075537005e-06
1568.0 1.1283789260297292e-06
1569.0 1.127477444505758e-06
1570.0 1.1265759629817872e-06
1571.0 1.1256744814578155e-06
1572.0 1.1247729999338447e-06
1573.0 1.1238715184098735e-06
1574.0 1.1229700368859025e-06
1575.0 1.1220685553619312e-06
1576.0 1.12116707383796e-06
1577.0 1.1202655923139888e-06
1578.0 1.1193641107900177e-06
1579.0 1.1184626292660463e-06
1580.0 1.117561147742075e-06
1581.0 1.1166596662181043e-06
1582.0 1.115758184694133e-06
1583.0 1.1148567031701618e-06
1584.0 1.1139552216461908e-06
1585.0 1.1130537401222195e-06
1586.0 1.1121522585982485e-06
1587.0 1.111250777074277e-06
1588.0 1.1103492955503058e-06
1589.0 1.109447814026335e-06
1590.0 1.1085700199909128e-06
1591.0 1.1077671971616938e-06
1592.0 1.106964374332475e-06
1593.0 1.1061615515032556e-06
1594.0 1.1053587286740365e-06
1595.0 1.1045559058448178e-06
1596.0 1.1037530830155984e-06
1597.0 1.1029502601863793e-06
1598.0 1.1021474373571604e-06
1599.0 1.1013446145279412e-06
1600.0 1.100541791698722e-06
1601.0 1.099738968869503e-06
1602.0 1.098936146040284e-06
1603.0 1.098133323211065e-06
1604.0 1.0973305003818458e-06
1605.0 1.0965276775526269e-06
1606.0 1.0957248547234077e-06
1607.0 1.0949220318941884e-06
1608.0 1.0941192090649695e-06
1609.0 1.0933163862357506e-06
1610.0 1.0925135634065314e-06
1611.0 1.0917107405773123e-06
1612.0 1.090907917748093e-06
1613.0 1.0901050949188743e-06
1614.0 1.0893022720896551e-06
1615.0 1.0884994492604358e-06
1616.0 1.087696626431217e-06
1617.0 1.086893803601998e-06
1618.0 1.0860909807727786e-06
1619.0 1.0852881579435595e-06
1620.0 1.0844853351143408e-06
1621.0 1.0836825122851214e-06
1622.0 1.0828796894559023e-06
1623.0 1.0820768666266834e-06
1624.0 1.0812740437974645e-06
1625.0 1.0804712209682451e-06
1626.0 1.0796683981390262e-06
1627.0 1.0788655753098073e-06
1628.0 1.0780627524805882e-06
1629.0 1.077259929651369e-06
1630.0 1.0764571068221501e-06
1631.0 1.075654283992931e-06
1632.0 1.074851461163712e-06
1633.0 1.074048638334493e-06
1634.0 1.0732458155052736e-06
1635.0 1.0724429926760547e-06
1636.0 1.0716401698468358e-06
1637.0 1.0708373470176164e-06
1638.0 1.0700345241883975e-06
1639.0 1.0692317013591784e-06
1640.0 1.0684288785299592e-06
1641.0 1.0676260557007401e-06
1642.0 1.0668232328715212e-06
1643.0 1.0660204100423018e-06
1644.0 1.065217587213083e-06
1645.0 1.0644147643838638e-06
1646.0 1.0636119415546447e-06
1647.0 1.0628091187254258e-06
1648.0 1.0620062958962064e-06
1649.0 1.0612034730669877e-06
1650.0 1.0604006502377686e-06
1651.0 1.0595978274085492e-06
1652.0 1.0587950045793305e-06
1653.0 1.0579921817501114e-06
1654.0 1.0571893589208923e-06
1655.0 1.0563865360916731e-06
1656.0 1.0555837132624542e-06
1657.0 1.0547808904332349e-06
1658.0 1.053978067604016e-06
1659.0 1.0531752447747968e-06
1660.0 1.052372421945578e-06
1661.0 1.0515695991163588e-06
1662.0 1.0507667762871394e-06
1663.0 1.0499639534579205e-06
1664.0 1.0491611306287016e-06
1665.0 1.0483583077994823e-06
1666.0 1.0475554849702631e-06
1667.0 1.0467526621410444e-06
1668.0 1.045949839311825e-06
1669.0 1.0451470164826064e-06
1670.0 1.044344193653387e-06
1671.0 1.0435413708241681e-06
1672.0 1.0427385479949492e-06
1673.0 1.04193572516573e-06
1674.0 1.041132902336511e-06
1675.0 1.0403300795072918e-06
1676.0 1.0395272566780727e-06
1677.0 1.0387244338488538e-06
1678.0 1.0379216110196344e-06
1679.0 1.0371187881904155e-06
1680.0 1.0363159653611964e-06
1681.0 1.0355131425319772e-06
1682.0 1.0347103197027583e-06
1683.0 1.0339074968735392e-06
1684.0 1.0331046740443199e-06
1685.0 1.032301851215101e-06
1686.0 1.031499028385882e-06
1687.0 1.0306962055566627e-06
1688.0 1.0298933827274438e-06
1689.0 1.0290905598982248e-06
1690.0 1.0282877370690055e-06
1691.0 1.0274849142397866e-06
1692.0 1.0266820914105677e-06
1693.0 1.0258792685813483e-06
1694.0 1.0250764457521294e-06
1695.0 1.0242736229229105e-06
1696.0 1.0234708000936914e-06
1697.0 1.0226679772644722e-06
1698.0 1.0218651544352529e-06
1699.0 1.0210623316060342e-06
1700.0 1.020259508776815e-06
1701.0 1.019456685947596e-06
1702.0 1.018653863118377e-06
1703.0 1.0178510402891577e-06
1704.0 1.0170482174599387e-06
1705.0 1.0162453946307196e-06
1706.0 1.0154425718015005e-06
1707.0 1.0146397489722814e-06
1708.0 1.0138369261430624e-06
1709.0 1.013034103313843e-06
1710.0 1.0122312804846244e-06
1711.0 1.0114284576554053e-06
1712.0 1.010625634826186e-06
1713.0 1.009896073194363e-06
1714.0 1.0091860244799608e-06
1715.0 1.0084759757655585e-06
1716.0 1.0077659270511562e-06
1717.0 1.007055878336754e-06
1718.0 1.0063458296223514e-06
1719.0 1.0056357809079492e-06
1720.0 1.0049257321935469e-06
1721.0 1.0042156834791444e-06
1722.0 1.0035056347647423e-06
1723.0 1.00279558605034e-06
1724.0 1.002085537335938e-06
1725.0 1.0013754886215357e-06
1726.0 1.000665439907133e-06
1727.0 9.99955391192731e-07
1728.0 9.992453424783287e-07
1729.0 9.985352937639264e-07
1730.0 9.97825245049524e-07
1731.0 9.971151963351218e-07
1732.0 9.964051476207195e-07
1733.0 9.95695098906317e-07
1734.0 9.94985050191915e-07
1735.0 9.942750014775127e-07
1736.0 9.935649527631106e-07
1737.0 9.92854904048708e-07
1738.0 9.921448553343057e-07
1739.0 9.914348066199034e-07
1740.0 9.907247579055011e-07
1741.0 9.900147091910988e-07
1742.0 9.893046604766966e-07
1743.0 9.885946117622945e-07
1744.0 9.87884563047892e-07
1745.0 9.871745143334895e-07
1746.0 9.864644656190874e-07
1747.0 9.857544169046852e-07
1748.0 9.850443681902829e-07
1749.0 9.843343194758806e-07
1750.0 9.836242707614783e-07
1751.0 9.829142220470758e-07
1752.0 9.822041733326738e-07
1753.0 9.814941246182717e-07
1754.0 9.807840759038692e-07
1755.0 9.800740271894671e-07
1756.0 9.793639784750649e-07
1757.0 9.786539297606622e-07
1758.0 9.7794388104626e-07
1759.0 9.772338323318576e-07
1760.0 9.765237836174551e-07
1761.0 9.758137349030528e-07
1762.0 9.751036861886508e-07
1763.0 9.743936374742485e-07
1764.0 9.736835887598462e-07
1765.0 9.729735400454442e-07
1766.0 9.722634913310414e-07
1767.0 9.715534426166394e-07
1768.0 9.708433939022369e-07
1769.0 9.701333451878348e-07
1770.0 9.694232964734323e-07
1771.0 9.687132477590305e-07
1772.0 9.68003199044628e-07
1773.0 9.672931503302255e-07
1774.0 9.665831016158234e-07
1775.0 9.658730529014212e-07
1776.0 9.651630041870189e-07
1777.0 9.644529554726164e-07
1778.0 9.63742906758214e-07
1779.0 9.630328580438118e-07
1780.0 9.623228093294096e-07
1781.0 9.616127606150073e-07
1782.0 9.60902711900605e-07
1783.0 9.601926631862027e-07
1784.0 9.594826144718004e-07
1785.0 9.58772565757398e-07
1786.0 9.58062517042996e-07
1787.0 9.573524683285936e-07
1788.0 9.566424196141913e-07
1789.0 9.55932370899789e-07
1790.0 9.552223221853868e-07
1791.0 9.545122734709845e-07
1792.0 9.538022247565822e-07
1793.0 9.530921760421798e-07
1794.0 9.523821273277777e-07
1795.0 9.516720786133751e-07
1796.0 9.509620298989729e-07
1797.0 9.502519811845707e-07
1798.0 9.495419324701685e-07
1799.0 9.488318837557663e-07
1800.0 9.481218350413641e-07
1801.0 9.474117863269615e-07
1802.0 9.467017376125591e-07
1803.0 9.459916888981569e-07
1804.0 9.452816401837549e-07
1805.0 9.445715914693524e-07
1806.0 9.4386154275495e-07
1807.0 9.431514940405477e-07
1808.0 9.424414453261456e-07
1809.0 9.417313966117432e-07
1810.0 9.41021347897341e-07
1811.0 9.403112991829386e-07
1812.0 9.396012504685363e-07
1813.0 9.38891201754134e-07
1814.0 9.381811530397318e-07
1815.0 9.374711043253296e-07
1816.0 9.367610556109272e-07
1817.0 9.360510068965248e-07
1818.0 9.353409581821228e-07
1819.0 9.346309094677204e-07
1820.0 9.33920860753318e-07
1821.0 9.332108120389156e-07
1822.0 9.325007633245134e-07
1823.0 9.317907146101113e-07
1824.0 9.310806658957087e-07
1825.0 9.303706171813066e-07
1826.0 9.296605684669044e-07
1827.0 9.28950519752502e-07
1828.0 9.282404710380999e-07
1829.0 9.275304223236977e-07
1830.0 9.268203736092951e-07
1831.0 9.261103248948928e-07
1832.0 9.254002761804907e-07
1833.0 9.246902274660885e-07
1834.0 9.239801787516859e-07
1835.0 9.232701300372835e-07
1836.0 9.225600813228813e-07
1837.0 9.218500326084793e-07
1838.0 9.211399838940769e-07
1839.0 9.204299351796745e-07
1840.0 9.197198864652723e-07
1841.0 9.190098377508699e-07
1842.0 9.182997890364678e-07
1843.0 9.175897403220655e-07
1844.0 9.168796916076631e-07
1845.0 9.162387182225149e-07
1846.0 9.156047796341144e-07
1847.0 9.149708410457144e-07
1848.0 9.143369024573143e-07
1849.0 9.137029638689142e-07
1850.0 9.130690252805142e-07
1851.0 9.124350866921136e-07
1852.0 9.118011481037136e-07
1853.0 9.111672095153136e-07
1854.0 9.105332709269131e-07
1855.0 9.098993323385132e-07
1856.0 9.09265393750113e-07
1857.0 9.086314551617128e-07
1858.0 9.079975165733128e-07
1859.0 9.073635779849123e-07
1860.0 9.067296393965124e-07
1861.0 9.060957008081122e-07
1862.0 9.05461762219712e-07
1863.0 9.04827823631312e-07
1864.0 9.041938850429115e-07
1865.0 9.035599464545116e-07
1866.0 9.029260078661114e-07
1867.0 9.022920692777113e-07
1868.0 9.01658130689311e-07
1869.0 9.010241921009108e-07
1870.0 9.003902535125107e-07
1871.0 8.997563149241104e-07
1872.0 8.991223763357103e-07
1873.0 8.984884377473101e-07
1874.0 8.978544991589102e-07
1875.0 8.972205605705099e-07
1876.0 8.965866219821096e-07
1877.0 8.959526833937096e-07
1878.0 8.953187448053093e-07
1879.0 8.946848062169092e-07
1880.0 8.940508676285092e-07
1881.0 8.934169290401089e-07
1882.0 8.927829904517088e-07
1883.0 8.921490518633085e-07
1884.0 8.915151132749085e-07
1885.0 8.908811746865084e-07
1886.0 8.902472360981079e-07
1887.0 8.89613297509708e-07
1888.0 8.889793589213075e-07
1889.0 8.883454203329075e-07
1890.0 8.877114817445074e-07
1891.0 8.870775431561071e-07
1892.0 8.864436045677071e-07
1893.0 8.858096659793067e-07
1894.0 8.851757273909067e-07
1895.0 8.845417888025067e-07
1896.0 8.839078502141062e-07
1897.0 8.832739116257063e-07
1898.0 8.826399730373061e-07
1899.0 8.820060344489059e-07
1900.0 8.813720958605057e-07
1901.0 8.807381572721054e-07
1902.0 8.801042186837055e-07
1903.0 8.794702800953051e-07
1904.0 8.78836341506905e-07
1905.0 8.782024029185049e-07
1906.0 8.775684643301049e-07
1907.0 8.769345257417045e-07
1908.0 8.763005871533043e-07
1909.0 8.756666485649042e-07
1910.0 8.750327099765041e-07
1911.0 8.743987713881039e-07
1912.0 8.737648327997038e-07
1913.0 8.731308942113035e-07
1914.0 8.724969556229032e-07
1915.0 8.718630170345032e-07
1916.0 8.712290784461031e-07
1917.0 8.70595139857703e-07
1918.0 8.699612012693028e-07
1919.0 8.693272626809027e-07
1920.0 8.686933240925024e-07
1921.0 8.680593855041023e-07
1922.0 8.67425446915702e-07
1923.0 8.667915083273018e-07
1924.0 8.661575697389019e-07
1925.0 8.655236311505016e-07
1926.0 8.648896925621014e-07
1927.0 8.642557539737013e-07
1928.0 8.63621815385301e-07
1929.0 8.62987876796901e-07
1930.0 8.623539382085006e-07
1931.0 8.617199996201006e-07
1932.0 8.610860610317005e-07
1933.0 8.604521224433002e-07
1934.0 8.598181838549002e-07
1935.0 8.591842452665001e-07
1936.0 8.585503066780997e-07
1937.0 8.579163680896996e-07
1938.0 8.572824295012993e-07
1939.0 8.566484909128992e-07
1940.0 8.560145523244991e-07
1941.0 8.553806137360988e-07
1942.0 8.547466751476988e-07
1943.0 8.541127365592984e-07
1944.0 8.534787979708984e-07
1945.0 8.528448593824983e-07
1946.0 8.522109207940981e-07
1947.0 8.51576982205698e-07
1948.0 8.509430436172979e-07
1949.0 8.503091050288976e-07
1950.0 8.496751664404973e-07
1951.0 8.490412278520972e-07
1952.0 8.484072892636971e-07
1953.0 8.477733506752971e-07
1954.0 8.471394120868967e-07
1955.0 8.465054734984965e-07
1956.0 8.458715349100966e-07
1957.0 8.452375963216963e-07
1958.0 8.446036577332961e-07
1959.0 8.439697191448959e-07
1960.0 8.433357805564958e-07
1961.0 8.427018419680956e-07
1962.0 8.420679033796955e-07
1963.0 8.414339647912953e-07
1964.0 8.408000262028951e-07
1965.0 8.401660876144948e-07
1966.0 8.395321490260948e-07
1967.0 8.388982104376945e-07
1968.0 8.382642718492944e-07
1969.0 8.376303332608944e-07
1970.0 8.36996394672494e-07
1971.0 8.363624560840941e-07
1972.0 8.357285174956937e-07
1973.0 8.350945789072936e-07
1974.0 8.344606403188935e-07
1975.0 8.338267017304931e-07
1976.0 8.331927631420931e-07
1977.0 8.325588245536931e-07
1978.0 8.319248859652928e-07
1979.0 8.312909473768927e-07
1980.0 8.306570087884923e-07
1981.0 8.300230702000923e-07
1982.0 8.293891316116922e-07
1983.0 8.287551930232919e-07
1984.0 8.281212544348919e-07
1985.0 8.274873158464915e-07
1986.0 8.268533772580914e-07
1987.0 8.262904295753047e-07
1988.0 8.257383419519289e-07
1989.0 8.251862543285531e-07
1990.0 8.246341667051777e-07
1991.0 8.240820790818019e-07
1992.0 8.235299914584263e-07
1993.0 8.229779038350505e-07
1994.0 8.224258162116747e-07
1995.0 8.218737285882991e-07
1996.0 8.213216409649233e-07
1997.0 8.207695533415475e-07
1998.0 8.202174657181719e-07
1999.0 8.196653780947963e-07
2000.0 8.191132904714205e-07
2001.0 8.185612028480447e-07
2002.0 8.180091152246691e-07
2003.0 8.174570276012933e-07
2004.0 8.169049399779176e-07
2005.0 8.163528523545418e-07
2006.0 8.158007647311663e-07
2007.0 8.152486771077905e-07
2008.0 8.146965894844149e-07
2009.0 8.141445018610391e-07
2010.0 8.135924142376633e-07
2011.0 8.130403266142876e-07
2012.0 8.124882389909118e-07
2013.0 8.119361513675362e-07
2014.0 8.113840637441605e-07
2015.0 8.108319761207849e-07
2016.0 8.102798884974091e-07
2017.0 8.097278008740335e-07
2018.0 8.091757132506577e-07
2019.0 8.086236256272818e-07
2020.0 8.080715380039062e-07
2021.0 8.075194503805304e-07
2022.0 8.069673627571549e-07
2023.0 8.064152751337791e-07
2024.0 8.058631875104035e-07
2025.0 8.053110998870277e-07
2026.0 8.04759012263652e-07
2027.0 8.042069246402762e-07
2028.0 8.036548370169004e-07
2029.0 8.031027493935248e-07
2030.0 8.025506617701493e-07
2031.0 8.019985741467735e-07
2032.0 8.014464865233977e-07
2033.0 8.00894398900022e-07
2034.0 8.003423112766462e-07
2035.0 7.997902236532706e-07
2036.0 7.992381360298948e-07
2037.0 7.98686048406519e-07
2038.0 7.981339607831435e-07
2039.0 7.975818731597678e-07
2040.0 7.97029785536392e-07
2041.0 7.964776979130162e-07
2042.0 7.959256102896406e-07
2043.0 7.953735226662648e-07
2044.0 7.948214350428892e-07
2045.0 7.942693474195134e-07
2046.0 7.937172597961379e-07
2047.0 7.93165172172762e-07
2048.0 7.926130845493864e-07
2049.0 7.920609969260106e-07
2050.0 7.915089093026348e-07
2051.0 7.909568216792592e-07
2052.0 7.904047340558834e-07
2053.0 7.898526464325076e-07
2054.0 7.893005588091321e-07
2055.0 7.887484711857564e-07
2056.0 7.881963835623806e-07
2057.0 7.87644295939005e-07
2058.0 7.870922083156292e-07
2059.0 7.865401206922534e-07
2060.0 7.859880330688778e-07
2061.0 7.85435945445502e-07
2062.0 7.848838578221264e-07
2063.0 7.843317701987506e-07
2064.0 7.83779682575375e-07
2065.0 7.832275949519994e-07
2066.0 7.826755073286234e-07
2067.0 7.821234197052478e-07
2068.0 7.81571332081872e-07
2069.0 7.810192444584963e-07
2070.0 7.804671568351205e-07
2071.0 7.79915069211745e-07
2072.0 7.793629815883694e-07
2073.0 7.788108939649936e-07
2074.0 7.78258806341618e-07
2075.0 7.777067187182421e-07
2076.0 7.771546310948663e-07
2077.0 7.766025434714906e-07
2078.0 7.760504558481152e-07
2079.0 7.754983682247394e-07
2080.0 7.749462806013636e-07
2081.0 7.74394192977988e-07
2082.0 7.738421053546122e-07
2083.0 7.732900177312363e-07
2084.0 7.727379301078606e-07
2085.0 7.721858424844849e-07
2086.0 7.716337548611094e-07
2087.0 7.710816672377336e-07
2088.0 7.70529579614358e-07
2089.0 7.699774919909822e-07
2090.0 7.694254043676065e-07
2091.0 7.688733167442307e-07
2092.0 7.68321229120855e-07
2093.0 7.677691414974793e-07
2094.0 7.672170538741038e-07
2095.0 7.66664966250728e-07
2096.0 7.661128786273522e-07
2097.0 7.655607910039765e-07
2098.0 7.650087033806007e-07
2099.0 7.644566157572251e-07
2100.0 7.639045281338493e-07
2101.0 7.633524405104736e-07
2102.0 7.62800352887098e-07
2103.0 7.622482652637224e-07
2104.0 7.616961776403465e-07
2105.0 7.611440900169708e-07
2106.0 7.605920023935951e-07
2107.0 7.600399147702194e-07
2108.0 7.594878271468437e-07
2109.0 7.589357395234679e-07
2110.0 7.583836519000924e-07
2111.0 7.578315642767166e-07
2112.0 7.572794766533409e-07
2113.0 7.567273890299651e-07
2114.0 7.561753014065894e-07
2115.0 7.556232137832137e-07
2116.0 7.55071126159838e-07
2117.0 7.545190385364623e-07
2118.0 7.539669509130866e-07
2119.0 7.534148632897109e-07
2120.0 7.528627756663352e-07
2121.0 7.523106880429595e-07
2122.0 7.517586004195838e-07
2123.0 7.51206512796208e-07
2124.0 7.506544251728323e-07
2125.0 7.501023375494566e-07
2126.0 7.495502499260809e-07
2127.0 7.489981623027052e-07
2128.0 7.484460746793295e-07
2129.0 7.478939870559538e-07
2130.0 7.473418994325781e-07
2131.0 7.467898118092024e-07
2132.0 7.462377241858266e-07
2133.0 7.45685636562451e-07
2134.0 7.451335489390753e-07
2135.0 7.445814613156996e-07
2136.0 7.440293736923238e-07
2137.0 7.434772860689481e-07
2138.0 7.429251984455724e-07
2139.0 7.423731108221966e-07
2140.0 7.418890576712975e-07
2141.0 7.414137158146499e-07
2142.0 7.409383739580021e-07
2143.0 7.404630321013547e-07
2144.0 7.39987690244707e-07
2145.0 7.395123483880593e-07
2146.0 7.390370065314119e-07
2147.0 7.385616646747643e-07
2148.0 7.380863228181165e-07
2149.0 7.376109809614691e-07
2150.0 7.371356391048216e-07
2151.0 7.366602972481739e-07
2152.0 7.361849553915263e-07
2153.0 7.357096135348787e-07
2154.0 7.35234271678231e-07
2155.0 7.347589298215836e-07
2156.0 7.34283587964936e-07
2157.0 7.338082461082883e-07
2158.0 7.333329042516406e-07
2159.0 7.328575623949931e-07
2160.0 7.323822205383454e-07
2161.0 7.319068786816979e-07
2162.0 7.314315368250505e-07
2163.0 7.309561949684027e-07
2164.0 7.304808531117551e-07
2165.0 7.300055112551077e-07
2166.0 7.2953016939846e-07
2167.0 7.290548275418123e-07
2168.0 7.285794856851649e-07
2169.0 7.281041438285172e-07
2170.0 7.276288019718695e-07
2171.0 7.271534601152218e-07
2172.0 7.266781182585744e-07
2173.0 7.262027764019269e-07
2174.0 7.25727434545279e-07
2175.0 7.252520926886316e-07
2176.0 7.24776750831984e-07
2177.0 7.243014089753363e-07
2178.0 7.238260671186888e-07
2179.0 7.233507252620413e-07
2180.0 7.228753834053936e-07
2181.0 7.22400041548746e-07
2182.0 7.219246996920984e-07
2183.0 7.214493578354507e-07
2184.0 7.209740159788033e-07
2185.0 7.204986741221557e-07
2186.0 7.20023332265508e-07
2187.0 7.195479904088604e-07
2188.0 7.19072648552213e-07
2189.0 7.185973066955651e-07
2190.0 7.181219648389176e-07
2191.0 7.176466229822702e-07
2192.0 7.171712811256224e-07
2193.0 7.166959392689748e-07
2194.0 7.162205974123274e-07
2195.0 7.157452555556797e-07
2196.0 7.15269913699032e-07
2197.0 7.147945718423846e-07
2198.0 7.143192299857369e-07
2199.0 7.138438881290893e-07
2200.0 7.133685462724415e-07
2201.0 7.128932044157941e-07
2202.0 7.124178625591466e-07
2203.0 7.119425207024987e-07
2204.0 7.114671788458513e-07
2205.0 7.109918369892037e-07
2206.0 7.10516495132556e-07
2207.0 7.100411532759085e-07
2208.0 7.09565811419261e-07
2209.0 7.090904695626133e-07
2210.0 7.086151277059658e-07
2211.0 7.081397858493181e-07
2212.0 7.076644439926704e-07
2213.0 7.07189102136023e-07
2214.0 7.067137602793753e-07
2215.0 7.062384184227277e-07
2216.0 7.057630765660801e-07
2217.0 7.052877347094327e-07
2218.0 7.048123928527848e-07
2219.0 7.043370509961373e-07
2220.0 7.038617091394899e-07
2221.0 7.033863672828422e-07
2222.0 7.029110254261945e-07
2223.0 7.02435683569547e-07
2224.0 7.019603417128994e-07
2225.0 7.014849998562517e-07
2226.0 7.01009657999604e-07
2227.0 7.005343161429566e-07
2228.0 7.000589742863089e-07
2229.0 6.995836324296613e-07
2230.0 6.991082905730138e-07
2231.0 6.986329487163662e-07
2232.0 6.981576068597186e-07
2233.0 6.976822650030711e-07
2234.0 6.972069231464234e-07
2235.0 6.967315812897757e-07
2236.0 6.962562394331282e-07
2237.0 6.957808975764806e-07
2238.0 6.95305555719833e-07
2239.0 6.948302138631855e-07
2240.0 6.943548720065378e-07
2241.0 6.938795301498902e-07
2242.0 6.934041882932425e-07
2243.0 6.929288464365951e-07
2244.0 6.924535045799474e-07
2245.0 6.919781627232998e-07
2246.0 6.915028208666523e-07
2247.0 6.910274790100047e-07
2248.0 6.90552137153357e-07
2249.0 6.900767952967096e-07
2250.0 6.896014534400619e-07
2251.0 6.891261115834142e-07
2252.0 6.886507697267667e-07
2253.0 6.881754278701191e-07
2254.0 6.877000860134715e-07
2255.0 6.872247441568238e-07
2256.0 6.867494023001764e-07
2257.0 6.862740604435286e-07
2258.0 6.85798718586881e-07
2259.0 6.853233767302335e-07
2260.0 6.848480348735859e-07
2261.0 6.843726930169383e-07
2262.0 6.838973511602908e-07
2263.0 6.834220093036431e-07
2264.0 6.829466674469954e-07
2265.0 6.82471325590348e-07
2266.0 6.819959837337003e-07
2267.0 6.815206418770527e-07
2268.0 6.810453000204052e-07
2269.0 6.805699581637576e-07
2270.0 6.800946163071099e-07
2271.0 6.796192744504622e-07
2272.0 6.791439325938148e-07
2273.0 6.786685907371671e-07
2274.0 6.781932488805195e-07
2275.0 6.77717907023872e-07
2276.0 6.772425651672244e-07
2277.0 6.767672233105767e-07
2278.0 6.762918814539293e-07
2279.0 6.758165395972816e-07
2280.0 6.753411977406339e-07
2281.0 6.748658558839864e-07
2282.0 6.743905140273388e-07
2283.0 6.739151721706912e-07
2284.0 6.734398303140435e-07
2285.0 6.72964488457396e-07
2286.0 6.724891466007484e-07
2287.0 6.720138047441007e-07
2288.0 6.715384628874532e-07
2289.0 6.710631210308056e-07
2290.0 6.70587779174158e-07
2291.0 6.701124373175105e-07
2292.0 6.696370954608628e-07
2293.0 6.691617536042152e-07
2294.0 6.686864117475678e-07
2295.0 6.6821106989092e-07
2296.0 6.677357280342724e-07
2297.0 6.672603861776249e-07
2298.0 6.667850443209773e-07
2299.0 6.663097024643296e-07
2300.0 6.65834360607682e-07
2301.0 6.653590187510346e-07
2302.0 6.648836768943869e-07
2303.0 6.644083350377391e-07
2304.0 6.639402767576358e-07
2305.0 6.635244431929359e-07
2306.0 6.631086096282361e-07
2307.0 6.626927760635363e-07
2308.0 6.622769424988364e-07
2309.0 6.618611089341365e-07
2310.0 6.614452753694369e-07
2311.0 6.61029441804737e-07
2312.0 6.606136082400372e-07
2313.0 6.601977746753373e-07
2314.0 6.597819411106375e-07
2315.0 6.593661075459377e-07
2316.0 6.589502739812378e-07
2317.0 6.58534440416538e-07
2318.0 6.581186068518382e-07
2319.0 6.577027732871383e-07
2320.0 6.572869397224385e-07
2321.0 6.568711061577387e-07
2322.0 6.564552725930388e-07
2323.0 6.56039439028339e-07
2324.0 6.556236054636393e-07
2325.0 6.552077718989395e-07
2326.0 6.547919383342396e-07
2327.0 6.543761047695398e-07
2328.0 6.539602712048399e-07
2329.0 6.535444376401401e-07
2330.0 6.531286040754403e-07
2331.0 6.527127705107404e-07
2332.0 6.522969369460406e-07
2333.0 6.518811033813408e-07
2334.0 6.514652698166409e-07
2335.0 6.510494362519411e-07
2336.0 6.506336026872413e-07
2337.0 6.502177691225414e-07
2338.0 6.498019355578415e-07
2339.0 6.493861019931419e-07
2340.0 6.48970268428442e-07
2341.0 6.485544348637422e-07
2342.0 6.481386012990424e-07
2343.0 6.477227677343425e-07
2344.0 6.473069341696427e-07
2345.0 6.468911006049428e-07
2346.0 6.46475267040243e-07
2347.0 6.460594334755432e-07
2348.0 6.456435999108433e-07
2349.0 6.452277663461435e-07
2350.0 6.448119327814437e-07
2351.0 6.443960992167438e-07
2352.0 6.43980265652044e-07
2353.0 6.435644320873442e-07
2354.0 6.431485985226444e-07
2355.0 6.427327649579446e-07
2356.0 6.423169313932448e-07
2357.0 6.419010978285449e-07
2358.0 6.414852642638451e-07
2359.0 6.410694306991453e-07
2360.0 6.406535971344454e-07
2361.0 6.402377635697456e-07
2362.0 6.398219300050458e-07
2363.0 6.394060964403459e-07
2364.0 6.389902628756461e-07
2365.0 6.385744293109463e-07
2366.0 6.381585957462464e-07
2367.0 6.377427621815466e-07
2368.0 6.373269286168467e-07
2369.0 6.369110950521471e-07
2370.0 6.364952614874472e-07
2371.0 6.360794279227473e-07
2372.0 6.356635943580475e-07
2373.0 6.352477607933478e-07
2374.0 6.348319272286478e-07
2375.0 6.34416093663948e-07
2376.0 6.340002600992482e-07
2377.0 6.335844265345483e-07
2378.0 6.331685929698485e-07
2379.0 6.327527594051487e-07
2380.0 6.323369258404488e-07
2381.0 6.31921092275749e-07
2382.0 6.315052587110491e-07
2383.0 6.310894251463493e-07
2384.0 6.306735915816496e-07
2385.0 6.302577580169498e-07
2386.0 6.298419244522499e-07
2387.0 6.294260908875501e-07
2388.0 6.290102573228503e-07
2389.0 6.285944237581504e-07
2390.0 6.281785901934506e-07
2391.0 6.277627566287508e-07
2392.0 6.273469230640509e-07
2393.0 6.269310894993511e-07
2394.0 6.265152559346513e-07
2395.0 6.260994223699514e-07
2396.0 6.256835888052516e-07
2397.0 6.252677552405517e-07
2398.0 6.248519216758521e-07
2399.0 6.244360881111522e-07
2400.0 6.240202545464523e-07
2401.0 6.236044209817525e-07
2402.0 6.231885874170528e-07
2403.0 6.227727538523528e-07
2404.0 6.22356920287653e-07
2405.0 6.219410867229532e-07
2406.0 6.215252531582533e-07
2407.0 6.211094195935535e-07
2408.0 6.206935860288537e-07
2409.0 6.202777524641538e-07
2410.0 6.19861918899454e-07
2411.0 6.194460853347541e-07
2412.0 6.190302517700543e-07
2413.0 6.186144182053546e-07
2414.0 6.181985846406548e-07
2415.0 6.177827510759549e-07
2416.0 6.173669175112551e-07
2417.0 6.169510839465553e-07
2418.0 6.165352503818554e-07
2419.0 6.161194168171557e-07
2420.0 6.157035832524558e-07
2421.0 6.15287749687756e-07
2422.0 6.148719161230561e-07
2423.0 6.144560825583563e-07
2424.0 6.140402489936564e-07
2425.0 6.136244154289566e-07
2426.0 6.132085818642567e-07
2427.0 6.127927482995568e-07
2428.0 6.123769147348572e-07
2429.0 6.119610811701573e-07
2430.0 6.115452476054575e-07
2431.0 6.111294140407578e-07
2432.0 6.107135804760578e-07
2433.0 6.10297746911358e-07
2434.0 6.098819133466582e-07
2435.0 6.094660797819583e-07
2436.0 6.090502462172585e-07
2437.0 6.086344126525587e-07
2438.0 6.082185790878588e-07
2439.0 6.07802745523159e-07
2440.0 6.073869119584592e-07
2441.0 6.069710783937592e-07
2442.0 6.065552448290595e-07
2443.0 6.061394112643598e-07
2444.0 6.0572357769966e-07
2445.0 6.053077441349601e-07
2446.0 6.048919105702604e-07
2447.0 6.044760770055604e-07
2448.0 6.040602434408607e-07
2449.0 6.036444098761608e-07
2450.0 6.03228576311461e-07
2451.0 6.028127427467611e-07
2452.0 6.023969091820613e-07
2453.0 6.019810756173614e-07
2454.0 6.015652420526616e-07
2455.0 6.011494084879616e-07
2456.0 6.007335749232618e-07
2457.0 6.003177413585622e-07
2458.0 5.999019077938623e-07
2459.0 5.994860742291625e-07
2460.0 5.990702406644628e-07
2461.0 5.986544070997628e-07
2462.0 5.98238573535063e-07
2463.0 5.978227399703632e-07
2464.0 5.974069064056633e-07
2465.0 5.969910728409635e-07
2466.0 5.965752392762637e-07
2467.0 5.961594057115639e-07
2468.0 5.957435721468639e-07
2469.0 5.953277385821642e-07
2470.0 5.949119050174642e-07
2471.0 5.944960714527645e-07
2472.0 5.940802378880648e-07
2473.0 5.93664404323365e-07
2474.0 5.932485707586651e-07
2475.0 5.928327371939654e-07
2476.0 5.924169036292654e-07
2477.0 5.920010700645657e-07
2478.0 5.915852364998658e-07
2479.0 5.91169402935166e-07
2480.0 5.907535693704661e-07
2481.0 5.903377358057662e-07
2482.0 5.899626162216485e-07
2483.0 5.896077835575124e-07
2484.0 5.892529508933765e-07
2485.0 5.888981182292403e-07
2486.0 5.885432855651042e-07
2487.0 5.881884529009682e-07
2488.0 5.878336202368321e-07
2489.0 5.87478787572696e-07
2490.0 5.8712395490856e-07
2491.0 5.867691222444239e-07
2492.0 5.864142895802877e-07
2493.0 5.860594569161518e-07
2494.0 5.857046242520156e-07
2495.0 5.853497915878795e-07
2496.0 5.849949589237436e-07
2497.0 5.846401262596074e-07
2498.0 5.842852935954713e-07
2499.0 5.839304609313354e-07
2500.0 5.835756282671992e-07
2501.0 5.832207956030631e-07
2502.0 5.828659629389271e-07
2503.0 5.82511130274791e-07
2504.0 5.821562976106549e-07
2505.0 5.818014649465189e-07
2506.0 5.814466322823828e-07
2507.0 5.810917996182467e-07
2508.0 5.807369669541107e-07
2509.0 5.803821342899745e-07
2510.0 5.800273016258384e-07
2511.0 5.796724689617025e-07
2512.0 5.793176362975663e-07
2513.0 5.789628036334302e-07
2514.0 5.786079709692943e-07
2515.0 5.782531383051581e-07
2516.0 5.77898305641022e-07
2517.0 5.77543472976886e-07
2518.0 5.771886403127499e-07
2519.0 5.768338076486138e-07
2520.0 5.764789749844778e-07
2521.0 5.761241423203417e-07
2522.0 5.757693096562056e-07
2523.0 5.754144769920696e-07
2524.0 5.750596443279334e-07
2525.0 5.747048116637972e-07
2526.0 5.743499789996614e-07
2527.0 5.739951463355252e-07
2528.0 5.736403136713891e-07
2529.0 5.732854810072532e-07
2530.0 5.72930648343117e-07
2531.0 5.725758156789809e-07
2532.0 5.722209830148449e-07
2533.0 5.718661503507089e-07
2534.0 5.715113176865727e-07
2535.0 5.711564850224367e-07
2536.0 5.708016523583006e-07
2537.0 5.704468196941645e-07
2538.0 5.700919870300285e-07
2539.0 5.697371543658922e-07
2540.0 5.693823217017561e-07
2541.0 5.690274890376203e-07
2542.0 5.68672656373484e-07
2543.0 5.68317823709348e-07
2544.0 5.679629910452121e-07
2545.0 5.676081583810759e-07
2546.0 5.672533257169397e-07
2547.0 5.668984930528038e-07
2548.0 5.665436603886678e-07
2549.0 5.661888277245318e-07
2550.0 5.658339950603956e-07
2551.0 5.654791623962595e-07
2552.0 5.651243297321235e-07
2553.0 5.647694970679875e-07
2554.0 5.644146644038511e-07
2555.0 5.640598317397151e-07
2556.0 5.637049990755791e-07
2557.0 5.633501664114429e-07
2558.0 5.629953337473071e-07
2559.0 5.626405010831709e-07
2560.0 5.622856684190348e-07
2561.0 5.619308357548989e-07
2562.0 5.615760030907627e-07
2563.0 5.612211704266266e-07
2564.0 5.608663377624907e-07
2565.0 5.605115050983545e-07
2566.0 5.601566724342184e-07
2567.0 5.598018397700824e-07
2568.0 5.594470071059464e-07
2569.0 5.5909217444181e-07
2570.0 5.587373417776741e-07
2571.0 5.58382509113538e-07
2572.0 5.580276764494018e-07
2573.0 5.57672843785266e-07
2574.0 5.573180111211298e-07
2575.0 5.569631784569937e-07
2576.0 5.566083457928578e-07
2577.0 5.562535131287215e-07
2578.0 5.558986804645855e-07
2579.0 5.555438478004496e-07
2580.0 5.551890151363134e-07
2581.0 5.548341824721772e-07
2582.0 5.544793498080413e-07
2583.0 5.541245171439053e-07
2584.0 5.53769684479769e-07
2585.0 5.534148518156331e-07
2586.0 5.530600191514969e-07
2587.0 5.527051864873607e-07
2588.0 5.523503538232248e-07
2589.0 5.519955211590887e-07
2590.0 5.516406884949526e-07
2591.0 5.512858558308166e-07
2592.0 5.509310231666804e-07
2593.0 5.505761905025444e-07
2594.0 5.502213578384085e-07
2595.0 5.498665251742723e-07
2596.0 5.495116925101361e-07
2597.0 5.491568598460002e-07
2598.0 5.488020271818641e-07
2599.0 5.484471945177279e-07
2600.0 5.48092361853592e-07
2601.0 5.477375291894558e-07
2602.0 5.473826965253196e-07
2603.0 5.470278638611837e-07
2604.0 5.466730311970476e-07
2605.0 5.463181985329115e-07
2606.0 5.459633658687755e-07
2607.0 5.456085332046393e-07
2608.0 5.452537005405033e-07
2609.0 5.448988678763673e-07
2610.0 5.445440352122312e-07
2611.0 5.44189202548095e-07
2612.0 5.438343698839591e-07
2613.0 5.43479537219823e-07
2614.0 5.431247045556868e-07
2615.0 5.427698718915509e-07
2616.0 5.424150392274147e-07
2617.0 5.420602065632785e-07
2618.0 5.417053738991426e-07
2619.0 5.413505412350065e-07
2620.0 5.409957085708704e-07
2621.0 5.406408759067344e-07
2622.0 5.402860432425982e-07
2623.0 5.399312105784622e-07
2624.0 5.395763779143262e-07
2625.0 5.392215452501901e-07
2626.0 5.388667125860539e-07
2627.0 5.38511879921918e-07
2628.0 5.381570472577819e-07
2629.0 5.378022145936457e-07
2630.0 5.374473819295098e-07
2631.0 5.370925492653736e-07
2632.0 5.367377166012375e-07
2633.0 5.363828839371015e-07
2634.0 5.360280512729654e-07
2635.0 5.356732186088293e-07
2636.0 5.353183859446933e-07
2637.0 5.349635532805571e-07
2638.0 5.346087206164211e-07
2639.0 5.342538879522851e-07
2640.0 5.33899055288149e-07
2641.0 5.335442226240128e-07
2642.0 5.331893899598769e-07
2643.0 5.328345572957408e-07
2644.0 5.324797246316046e-07
2645.0 5.321248919674687e-07
2646.0 5.317700593033326e-07
2647.0 5.314152266391964e-07
2648.0 5.310603939750604e-07
2649.0 5.307055613109243e-07
2650.0 5.303507286467882e-07
2651.0 5.299958959826522e-07
2652.0 5.296410633185161e-07
2653.0 5.2928623065438e-07
2654.0 5.28931397990244e-07
2655.0 5.285765653261079e-07
2656.0 5.282217326619717e-07
2657.0 5.278668999978358e-07
2658.0 5.275120673336997e-07
2659.0 5.271572346695637e-07
2660.0 5.268024020054276e-07
2661.0 5.264475693412915e-07
2662.0 5.260927366771553e-07
2663.0 5.257379040130193e-07
2664.0 5.253830713488832e-07
2665.0 5.250282386847471e-07
2666.0 5.246734060206111e-07
2667.0 5.24318573356475e-07
2668.0 5.23963740692339e-07
2669.0 5.236089080282029e-07
2670.0 5.232540753640668e-07
2671.0 5.228992426999308e-07
2672.0 5.225444100357947e-07
2673.0 5.222207662584385e-07
2674.0 5.21923256259004e-07
2675.0 5.216257462595696e-07
2676.0 5.21328236260135e-07
2677.0 5.210307262607004e-07
2678.0 5.207332162612658e-07
2679.0 5.204357062618312e-07
2680.0 5.201381962623967e-07
2681.0 5.198406862629622e-07
2682.0 5.195431762635275e-07
2683.0 5.192456662640929e-07
2684.0 5.189481562646584e-07
2685.0 5.186506462652238e-07
2686.0 5.183531362657892e-07
2687.0 5.180556262663546e-07
2688.0 5.1775811626692e-07
2689.0 5.174606062674854e-07
2690.0 5.171630962680511e-07
2691.0 5.168655862686164e-07
2692.0 5.165680762691819e-07
2693.0 5.162705662697472e-07
2694.0 5.159730562703127e-07
2695.0 5.156755462708781e-07
2696.0 5.153780362714436e-07
2697.0 5.150805262720089e-07
2698.0 5.147830162725743e-07
2699.0 5.144855062731398e-07
2700.0 5.141879962737052e-07
2701.0 5.138904862742706e-07
2702.0 5.13592976274836e-07
2703.0 5.132954662754015e-07
2704.0 5.129979562759668e-07
2705.0 5.127004462765322e-07
2706.0 5.124029362770977e-07
2707.0 5.121054262776634e-07
2708.0 5.118079162782287e-07
2709.0 5.115104062787941e-07
2710.0 5.112128962793596e-07
2711.0 5.10915386279925e-07
2712.0 5.106178762804904e-07
2713.0 5.103203662810558e-07
2714.0 5.100228562816212e-07
2715.0 5.097253462821866e-07
2716.0 5.094278362827521e-07
2717.0 5.091303262833175e-07
2718.0 5.088328162838829e-07
2719.0 5.085353062844482e-07
2720.0 5.082377962850137e-07
2721.0 5.079402862855792e-07
2722.0 5.076427762861446e-07
2723.0 5.073452662867099e-07
2724.0 5.070477562872754e-07
2725.0 5.067502462878411e-07
2726.0 5.064527362884064e-07
2727.0 5.061552262889718e-07
2728.0 5.058577162895372e-07
2729.0 5.055602062901026e-07
2730.0 5.052626962906681e-07
2731.0 5.049651862912335e-07
2732.0 5.046676762917989e-07
2733.0 5.043701662923643e-07
2734.0 5.040726562929296e-07
2735.0 5.037751462934953e-07
2736.0 5.034776362940606e-07
2737.0 5.03180126294626e-07
2738.0 5.028826162951914e-07
2739.0 5.025851062957569e-07
2740.0 5.022875962963222e-07
2741.0 5.019900862968878e-07
2742.0 5.016925762974533e-07
2743.0 5.013950662980187e-07
2744.0 5.010975562985841e-07
2745.0 5.008000462991495e-07
2746.0 5.00502536299715e-07
2747.0 5.002050263002803e-07
2748.0 4.999075163008458e-07
2749.0 4.996100063014112e-07
2750.0 4.993124963019766e-07
2751.0 4.99014986302542e-07
2752.0 4.987174763031074e-07
2753.0 4.984199663036729e-07
2754.0 4.981224563042383e-07
2755.0 4.978249463048036e-07
2756.0 4.975274363053691e-07
2757.0 4.972299263059348e-07
2758.0 4.969324163065001e-07
2759.0 4.966349063070655e-07
2760.0 4.96337396307631e-07
2761.0 4.960398863081964e-07
2762.0 4.957423763087618e-07
2763.0 4.954448663093272e-07
2764.0 4.951473563098926e-07
2765.0 4.94849846310458e-07
2766.0 4.945523363110235e-07
2767.0 4.942548263115889e-07
2768.0 4.939573163121543e-07
2769.0 4.936598063127197e-07
2770.0 4.93362296313285e-07
2771.0 4.930647863138506e-07
2772.0 4.92767276314416e-07
2773.0 4.924697663149813e-07
2774.0 4.921722563155468e-07
2775.0 4.918747463161123e-07
2776.0 4.915772363166779e-07
2777.0 4.912797263172432e-07
2778.0 4.909822163178087e-07
2779.0 4.90684706318374e-07
2780.0 4.903871963189395e-07
2781.0 4.900896863195049e-07
2782.0 4.897921763200703e-07
2783.0 4.894946663206357e-07
2784.0 4.891971563212011e-07
2785.0 4.888996463217666e-07
2786.0 4.88602136322332e-07
2787.0 4.883046263228974e-07
2788.0 4.880071163234627e-07
2789.0 4.877096063240283e-07
2790.0 4.874120963245936e-07
2791.0 4.871145863251593e-07
2792.0 4.868170763257246e-07
2793.0 4.865195663262901e-07
2794.0 4.862220563268555e-07
2795.0 4.859245463274209e-07
2796.0 4.856270363279864e-07
2797.0 4.853295263285517e-07
2798.0 4.850320163291172e-07
2799.0 4.847345063296825e-07
2800.0 4.84436996330248e-07
2801.0 4.841394863308134e-07
2802.0 4.838419763313788e-07
2803.0 4.835444663319443e-07
2804.0 4.832469563325097e-07
2805.0 4.82949446333075e-07
2806.0 4.826519363336404e-07
2807.0 4.82354426334206e-07
2808.0 4.820569163347715e-07
2809.0 4.817594063353369e-07
2810.0 4.814618963359023e-07
2811.0 4.811643863364678e-07
2812.0 4.808668763370332e-07
2813.0 4.805693663375986e-07
2814.0 4.80271856338164e-07
2815.0 4.799743463387294e-07
2816.0 4.796768363392949e-07
2817.0 4.793793263398603e-07
2818.0 4.790818163404257e-07
2819.0 4.787843063409911e-07
2820.0 4.784867963415564e-07
2821.0 4.78189286342122e-07
2822.0 4.778917763426874e-07
2823.0 4.775942663432528e-07
2824.0 4.772967563438181e-07
2825.0 4.769992463443839e-07
2826.0 4.7670173634494927e-07
2827.0 4.7640422634551457e-07
2828.0 4.7610671634608e-07
2829.0 4.758092063466454e-07
2830.0 4.755116963472108e-07
2831.0 4.752141863477763e-07
2832.0 4.7491667634834175e-07
2833.0 4.746191663489072e-07
2834.0 4.743216563494726e-07
2835.0 4.7402414635003796e-07
2836.0 4.737266363506035e-07
2837.0 4.734291263511688e-07
2838.0 4.7313161635173423e-07
2839.0 4.728341063522997e-07
2840.0 4.725365963528652e-07
2841.0 4.7223908635343066e-07
2842.0 4.71941576353996e-07
2843.0 4.716440663545614e-07
2844.0 4.7134655635512676e-07
2845.0 4.710490463556923e-07
2846.0 4.7075153635625773e-07
2847.0 4.7045402635682314e-07
2848.0 4.701565163573885e-07
2849.0 4.69859006357954e-07
2850.0 4.6956149635851935e-07
2851.0 4.692639863590849e-07
2852.0 4.689664763596503e-07
2853.0 4.6866896636021567e-07
2854.0 4.683714563607811e-07
2855.0 4.6807394636134653e-07
2856.0 4.6777643636191204e-07
2857.0 4.674789263624774e-07
2858.0 4.671814163630429e-07
2859.0 4.6688390636360815e-07
2860.0 4.665863963641737e-07
2861.0 4.66288886364739e-07
2862.0 4.659913763653046e-07
2863.0 4.6569386636587e-07
2864.0 4.6539635636643544e-07
2865.0 4.6509884636700095e-07
2866.0 4.648013363675663e-07
2867.0 4.645038263681317e-07
2868.0 4.6420631636869706e-07
2869.0 4.639088063692625e-07
2870.0 4.636112963698279e-07
2871.0 4.633137863703935e-07
2872.0 4.630162763709589e-07
2873.0 4.6271876637152424e-07
2874.0 4.6242125637208965e-07
2875.0 4.621237463726551e-07
2876.0 4.618262363732206e-07
2877.0 4.6152872637378597e-07
2878.0 4.612312163743514e-07
2879.0 4.6096479845138953e-07
2880.0 4.607117323981355e-07
2881.0 4.6045866634488144e-07
2882.0 4.602056002916275e-07
2883.0 4.5995253423837346e-07
2884.0 4.5969946818511936e-07
2885.0 4.594464021318655e-07
2886.0 4.591933360786115e-07
2887.0 4.5894027002535755e-07
2888.0 4.586872039721035e-07
2889.0 4.5843413791884957e-07
2890.0 4.581810718655954e-07
2891.0 4.579280058123415e-07
2892.0 4.576749397590875e-07
2893.0 4.5742187370583355e-07
2894.0 4.571688076525794e-07
2895.0 4.5691574159932547e-07
2896.0 4.5666267554607153e-07
2897.0 4.564096094928175e-07
2898.0 4.5615654343956355e-07
2899.0 4.559034773863095e-07
2900.0 4.556504113330554e-07
2901.0 4.5539734527980147e-07
2902.0 4.5514427922654753e-07
2903.0 4.548912131732935e-07
2904.0 4.546381471200394e-07
2905.0 4.5438508106678546e-07
2906.0 4.541320150135314e-07
2907.0 4.538789489602775e-07
2908.0 4.5362588290702354e-07
2909.0 4.533728168537694e-07
2910.0 4.5311975080051534e-07
2911.0 4.528666847472615e-07
2912.0 4.526136186940074e-07
2913.0 4.523605526407535e-07
2914.0 4.5210748658749933e-07
2915.0 4.518544205342454e-07
2916.0 4.5160135448099135e-07
2917.0 4.513482884277375e-07
2918.0 4.510952223744834e-07
2919.0 4.508421563212294e-07
2920.0 4.5058909026797544e-07
2921.0 4.503360242147215e-07
2922.0 4.5008295816146746e-07
2923.0 4.498298921082134e-07
2924.0 4.4957682605495937e-07
2925.0 4.4932376000170543e-07
2926.0 4.4907069394845134e-07
2927.0 4.488176278951975e-07
2928.0 4.4856456184194346e-07
2929.0 4.483114957886894e-07
2930.0 4.4805842973543537e-07
2931.0 4.4780536368218143e-07
2932.0 4.4755229762892734e-07
2933.0 4.472992315756735e-07
2934.0 4.4704616552241936e-07
2935.0 4.467930994691654e-07
2936.0 4.4654003341591127e-07
2937.0 4.4628696736265744e-07
2938.0 4.460339013094034e-07
2939.0 4.457808352561494e-07
2940.0 4.4552776920289536e-07
2941.0 4.452747031496414e-07
2942.0 4.450216370963874e-07
2943.0 4.4476857104313344e-07
2944.0 4.445155049898794e-07
2945.0 4.442624389366254e-07
2946.0 4.4400937288337147e-07
2947.0 4.437563068301174e-07
2948.0 4.435032407768635e-07
2949.0 4.4325017472360934e-07
2950.0 4.429971086703554e-07
2951.0 4.4274404261710136e-07
2952.0 4.424909765638474e-07
2953.0 4.4223791051059343e-07
2954.0 4.419848444573394e-07
2955.0 4.4173177840408534e-07
2956.0 4.414787123508314e-07
2957.0 4.4122564629757736e-07
2958.0 4.4097258024432337e-07
2959.0 4.4071951419106943e-07
2960.0 4.404664481378154e-07
2961.0 4.4021338208456145e-07
2962.0 4.399603160313074e-07
2963.0 4.3970724997805336e-07
2964.0 4.394541839247993e-07
2965.0 4.3920111787154544e-07
2966.0 4.389480518182914e-07
2967.0 4.3869498576503746e-07
2968.0 4.384419197117833e-07
2969.0 4.3818885365852937e-07
2970.0 4.379357876052753e-07
2971.0 4.376827215520214e-07
2972.0 4.374296554987674e-07
2973.0 4.3717658944551335e-07
2974.0 4.369235233922594e-07
2975.0 4.3667045733900527e-07
2976.0 4.3641739128575143e-07
2977.0 4.361643252324974e-07
2978.0 4.359112591792434e-07
2979.0 4.3565819312598936e-07
2980.0 4.354051270727353e-07
2981.0 4.351520610194814e-07
2982.0 4.3489899496622744e-07
2983.0 4.346459289129733e-07
2984.0 4.3439286285971935e-07
2985.0 4.3413979680646536e-07
2986.0 4.338867307532113e-07
2987.0 4.336336646999575e-07
2988.0 4.3338059864670323e-07
2989.0 4.331275325934493e-07
2990.0 4.328744665401953e-07
2991.0 4.3262140048694136e-07
2992.0 4.323683344336873e-07
2993.0 4.321152683804333e-07
2994.0 4.3186220232717934e-07
2995.0 4.316091362739253e-07
2996.0 4.3135607022067136e-07
2997.0 4.311030041674173e-07
2998.0 4.308499381141633e-07
2999.0 4.305968720609093e-07
3000.0 4.3034380600765534e-07
3001.0 4.300907399544013e-07
3002.0 4.2983767390114736e-07
3003.0 4.2958460784789326e-07
3004.0 4.293315417946393e-07
3005.0 4.2907847574138534e-07
3006.0 4.2882540968813134e-07
3007.0 4.2857234363487735e-07
3008.0 4.2831927758162326e-07
3009.0 4.2806621152836927e-07
3010.0 4.278131454751153e-07
3011.0 4.2756007942186134e-07
3012.0 4.2730701336860735e-07
3013.0 4.270539473153533e-07
3014.0 4.268008812620993e-07
3015.0 4.265478152088453e-07
3016.0 4.2629474915559133e-07
3017.0 4.260416831023373e-07
3018.0 4.257886170490833e-07
3019.0 4.255355509958293e-07
3020.0 4.252824849425753e-07
3021.0 4.2502941888932133e-07
3022.0 4.2477635283606734e-07
3023.0 4.2452328678281324e-07
3024.0 4.242702207295593e-07
3025.0 4.240171546763053e-07
3026.0 4.237640886230513e-07
3027.0 4.235110225697973e-07
3028.0 4.232579565165433e-07
3029.0 4.230048904632893e-07
3030.0 4.227518244100353e-07
3031.0 4.224987583567813e-07
3032.0 4.2224569230352727e-07
3033.0 4.219926262502733e-07
3034.0 4.217395601970193e-07
3035.0 4.214864941437653e-07
3036.0 4.212334280905113e-07
3037.0 4.2098036203725726e-07
3038.0 4.207272959840033e-07
3039.0 4.204742299307493e-07
3040.0 4.202211638774953e-07
3041.0 4.199680978242413e-07
3042.0 4.1971503177098726e-07
3043.0 4.1946196571773327e-07
3044.0 4.192088996644793e-07
3045.0 4.1895583361122534e-07
3046.0 4.1870276755797135e-07
3047.0 4.1844970150471725e-07
3048.0 4.1819663545146326e-07
3049.0 4.1794356939820927e-07
3050.0 4.176905033449553e-07
3051.0 4.174374372917013e-07
3052.0 4.171843712384473e-07
3053.0 4.169313051851933e-07
3054.0 4.166782391319393e-07
3055.0 4.1642517307868533e-07
3056.0 4.1617210702543134e-07
3057.0 4.1591904097217724e-07
3058.0 4.156659749189233e-07
3059.0 4.154129088656693e-07
3060.0 4.151598428124153e-07
3061.0 4.1490677675916133e-07
3062.0 4.1465371070590723e-07
3063.0 4.1440064465265324e-07
3064.0 4.141475785993993e-07
3065.0 4.138945125461453e-07
3066.0 4.136414464928913e-07
3067.0 4.133883804396373e-07
3068.0 4.131353143863832e-07
3069.0 4.128822483331293e-07
3070.0 4.126291822798753e-07
3071.0 4.123761162266213e-07
3072.0 4.121230501733673e-07
3073.0 4.118699841201132e-07
3074.0 4.116169180668592e-07
3075.0 4.113638520136053e-07
3076.0 4.111107859603513e-07
3077.0 4.1085771990709727e-07
3078.0 4.106046538538432e-07
3079.0 4.103515878005893e-07
3080.0 4.1009852174733524e-07
3081.0 4.098454556940813e-07
3082.0 4.0959238964082726e-07
3083.0 4.093393235875732e-07
3084.0 4.0908625753431923e-07
3085.0 4.0883319148106534e-07
3086.0 4.0858012542781135e-07
3087.0 4.0832705937455726e-07
3088.0 4.080739933213032e-07
3089.0 4.078209272680492e-07
3090.0 4.0756786121479523e-07
3091.0 4.073147951615413e-07
3092.0 4.070617291082873e-07
3093.0 4.068086630550332e-07
3094.0 4.065555970017792e-07
3095.0 4.0630253094852523e-07
3096.0 4.060494648952712e-07
3097.0 4.0579639884201725e-07
3098.0 4.055433327887632e-07
3099.0 4.052902667355092e-07
3100.0 4.050372006822552e-07
