2.0 9.910588659335976e-08
3.0 1.333349764061256e-07
4.0 1.6518959241160956e-07
5.0 1.946888222758779e-07
6.0 2.2186384291593444e-07
7.0 2.4689165270174596e-07
8.0 2.698608684358383e-07
9.0 2.9082919410404477e-07
10.0 3.1006102267048355e-07
11.0 3.277461544287241e-07
12.0 3.4346807872565186e-07
13.0 3.5809225905768944e-07
14.0 3.712649555220716e-07
15.0 3.8296866378851463e-07
16.0 3.937755219939984e-07
17.0 4.0343900191164176e-07
18.0 4.117252995264057e-07
19.0 4.190959851231186e-07
20.0 4.2578780980131953e-07
21.0 4.315063604382861e-07
22.0 4.363607312815823e-07
23.0 4.4038285189381034e-07
24.0 4.432776153923876e-07
25.0 4.459179386881829e-07
26.0 4.477524235859641e-07
27.0 4.4935716660048705e-07
28.0 4.4967209476748046e-07
29.0 4.4987788587976506e-07
30.0 4.488806695404756e-07
31.0 4.4788345320118636e-07
32.0 4.463276052038291e-07
33.0 4.446776836256504e-07
34.0 4.425956624646629e-07
35.0 4.40000250521713e-07
36.0 4.374048385787633e-07
37.0 4.339917623528214e-07
38.0 4.3046014359231155e-07
39.0 4.2689586969848294e-07
40.0 4.2300439897485073e-07
41.0 4.191129282512184e-07
42.0 4.152031706396886e-07
43.0 4.11116704565897e-07
44.0 4.0703023849210526e-07
45.0 4.029437724183134e-07
46.0 3.98675489757405e-07
47.0 3.9437906814826917e-07
48.0 3.900826465391333e-07
49.0 3.8576889914928243e-07
50.0 3.814280013895195e-07
51.0 3.770871036297564e-07
52.0 3.727462058699933e-07
53.0 3.6853606029225733e-07
54.0 3.6439776666374286e-07
55.0 3.602594730352281e-07
56.0 3.5612117940671354e-07
57.0 3.521423975419508e-07
58.0 3.4826441691826095e-07
59.0 3.443864362945714e-07
60.0 3.4050845567088173e-07
61.0 3.3667506758587566e-07
62.0 3.329625065989573e-07
63.0 3.2924994561203903e-07
64.0 3.2553738462512067e-07
65.0 3.2182482363820235e-07
66.0 3.182551762738742e-07
67.0 3.147840875184439e-07
68.0 3.113129987630135e-07
69.0 3.078419100075833e-07
70.0 3.04370821252153e-07
71.0 3.010887950604472e-07
72.0 2.979590891440022e-07
73.0 2.9482938322755713e-07
74.0 2.916996773111121e-07
75.0 2.8856997139466706e-07
76.0 2.854674358596235e-07
77.0 2.8255044160666274e-07
78.0 2.796334473537021e-07
79.0 2.767164531007414e-07
80.0 2.737994588477807e-07
81.0 2.7088246459482e-07
82.0 2.680222002930045e-07
83.0 2.653051622572722e-07
84.0 2.625881242215399e-07
85.0 2.598710861858076e-07
86.0 2.571540481500753e-07
87.0 2.54437010114343e-07
88.0 2.5171997207861073e-07
89.0 2.492968590489657e-07
90.0 2.4687684767592165e-07
91.0 2.444568363028776e-07
92.0 2.420368249298336e-07
93.0 2.396168135567896e-07
94.0 2.3719680218374559e-07
95.0 2.348203065572229e-07
96.0 2.3260692314269985e-07
97.0 2.3039353972817677e-07
98.0 2.281801563136537e-07
99.0 2.2596677289913063e-07
100.0 2.237533894846076e-07
101.0 2.2154000607008452e-07
102.0 2.1932662265556151e-07
103.0 2.1725597308786114e-07
104.0 2.1519952702979518e-07
105.0 2.1314308097172926e-07
106.0 2.1108663491366327e-07
107.0 2.0903018885559736e-07
108.0 2.0697374279753142e-07
109.0 2.0491729673946542e-07
110.0 2.0287256587523674e-07
111.0 2.0107064219778006e-07
112.0 1.9926871852032338e-07
113.0 1.9746679484286673e-07
114.0 1.956648711654101e-07
115.0 1.9386294748795333e-07
116.0 1.9206102381049665e-07
117.0 1.9025910013303997e-07
118.0 1.884571764555833e-07
119.0 1.8676447611708274e-07
120.0 1.851518866494251e-07
121.0 1.8353929718176753e-07
122.0 1.8192670771410995e-07
123.0 1.8031411824645243e-07
124.0 1.7870152877879485e-07
125.0 1.7708893931113727e-07
126.0 1.7547634984347975e-07
127.0 1.7386376037582214e-07
128.0 1.7230775685858947e-07
129.0 1.7081942217943716e-07
130.0 1.6933108750028492e-07
131.0 1.6784275282113262e-07
132.0 1.6635441814198031e-07
133.0 1.6486608346282804e-07
134.0 1.6337774878367574e-07
135.0 1.6188941410452344e-07
136.0 1.604010794253711e-07
137.0 1.5891274474621886e-07
138.0 1.5755354680459747e-07
139.0 1.562697537825144e-07
140.0 1.5498596076043134e-07
141.0 1.5370216773834822e-07
142.0 1.5241837471626516e-07
143.0 1.511345816941821e-07
144.0 1.4985078867209903e-07
145.0 1.485669956500159e-07
146.0 1.4728320262793284e-07
147.0 1.4599940960584978e-07
148.0 1.4472417996977332e-07
149.0 1.4360962898586043e-07
150.0 1.4249507800194754e-07
151.0 1.4138052701803465e-07
152.0 1.4026597603412173e-07
153.0 1.391514250502088e-07
154.0 1.3803687406629592e-07
155.0 1.3692232308238303e-07
156.0 1.358077720984701e-07
157.0 1.346932211145572e-07
158.0 1.3357867013064427e-07
159.0 1.324641191467314e-07
160.0 1.314109639391199e-07
161.0 1.303901650802824e-07
162.0 1.2936936622144488e-07
163.0 1.2834856736260742e-07
164.0 1.2732776850376987e-07
165.0 1.2630696964493244e-07
166.0 1.2528617078609492e-07
167.0 1.2426537192725743e-07
168.0 1.2324457306841994e-07
169.0 1.2222377420958242e-07
170.0 1.212029753507449e-07
171.0 1.201821764919074e-07
172.0 1.1921987581789385e-07
173.0 1.1835245500837412e-07
174.0 1.174850341988544e-07
175.0 1.1661761338933472e-07
176.0 1.15750192579815e-07
177.0 1.148827717702953e-07
178.0 1.1401535096077554e-07
179.0 1.1314793015125589e-07
180.0 1.1228050934173617e-07
181.0 1.1141308853221646e-07
182.0 1.1054566772269673e-07
183.0 1.0967824691317707e-07
184.0 1.0881082610365732e-07
185.0 1.0796561199223784e-07
186.0 1.0723479233806719e-07
187.0 1.0650397268389648e-07
188.0 1.057731530297258e-07
189.0 1.0504233337555512e-07
190.0 1.0431151372138443e-07
191.0 1.0358069406721373e-07
192.0 1.0284987441304303e-07
193.0 1.0211905475887234e-07
194.0 1.0138823510470165e-07
195.0 1.0065741545053097e-07
196.0 9.992659579636029e-08
197.0 9.919577614218959e-08
198.0 9.846495648801893e-08
199.0 9.773413683384819e-08
200.0 9.706777172860888e-08
201.0 9.640659053899263e-08
202.0 9.574540934937634e-08
203.0 9.508422815976009e-08
204.0 9.44230469701438e-08
205.0 9.376186578052754e-08
206.0 9.310068459091127e-08
207.0 9.243950340129501e-08
208.0 9.177832221167873e-08
209.0 9.111714102206246e-08
210.0 9.045595983244619e-08
211.0 8.979477864282995e-08
212.0 8.913359745321365e-08
213.0 8.847241626359738e-08
214.0 8.781123507398111e-08
215.0 8.721127199417843e-08
216.0 8.665350758589391e-08
217.0 8.609574317760936e-08
218.0 8.553797876932482e-08
219.0 8.49802143610403e-08
220.0 8.442244995275575e-08
221.0 8.386468554447119e-08
222.0 8.330692113618667e-08
223.0 8.274915672790216e-08
224.0 8.21913923196176e-08
225.0 8.163362791133306e-08
226.0 8.107586350304855e-08
227.0 8.051809909476398e-08
228.0 7.996033468647944e-08
229.0 7.940257027819491e-08
230.0 7.884480586991038e-08
231.0 7.829492303344929e-08
232.0 7.783913509466027e-08
233.0 7.738334715587127e-08
234.0 7.692755921708225e-08
235.0 7.647177127829323e-08
236.0 7.601598333950423e-08
237.0 7.556019540071521e-08
238.0 7.51044074619262e-08
239.0 7.46486195231372e-08
240.0 7.419283158434818e-08
241.0 7.373704364555918e-08
242.0 7.328125570677015e-08
243.0 7.282546776798114e-08
244.0 7.236967982919214e-08
245.0 7.191389189040312e-08
246.0 7.145810395161411e-08
247.0 7.100231601282511e-08
248.0 7.054652807403609e-08
249.0 7.010513036133269e-08
250.0 6.969886358036858e-08
251.0 6.929259679940446e-08
252.0 6.888633001844035e-08
253.0 6.848006323747624e-08
254.0 6.807379645651213e-08
255.0 6.766752967554802e-08
256.0 6.726126289458391e-08
257.0 6.68549961136198e-08
258.0 6.644872933265567e-08
259.0 6.604246255169156e-08
260.0 6.563619577072747e-08
261.0 6.522992898976335e-08
262.0 6.482366220879924e-08
263.0 6.441739542783513e-08
264.0 6.4011128646871e-08
265.0 6.36048618659069e-08
266.0 6.319859508494278e-08
267.0 6.279232830397867e-08
268.0 6.23947721341495e-08
269.0 6.205357039843237e-08
270.0 6.171236866271524e-08
271.0 6.137116692699812e-08
272.0 6.1029965191281e-08
273.0 6.068876345556388e-08
274.0 6.034756171984674e-08
275.0 6.000635998412964e-08
276.0 5.966515824841252e-08
277.0 5.9323956512695386e-08
278.0 5.898275477697826e-08
279.0 5.8641553041261155e-08
280.0 5.830035130554403e-08
281.0 5.7959149569826904e-08
282.0 5.761794783410978e-08
283.0 5.7276746098392666e-08
284.0 5.693554436267555e-08
285.0 5.659434262695842e-08
286.0 5.6253140891241283e-08
287.0 5.591193915552418e-08
288.0 5.557073741980705e-08
289.0 5.5264104281020476e-08
290.0 5.4991815394051166e-08
291.0 5.471952650708187e-08
292.0 5.444723762011256e-08
293.0 5.417494873314326e-08
294.0 5.390265984617396e-08
295.0 5.363037095920465e-08
296.0 5.3358082072235334e-08
297.0 5.3085793185266024e-08
298.0 5.281350429829671e-08
299.0 5.2541215411327404e-08
300.0 5.22689265243581e-08
301.0 5.19966376373888e-08
302.0 5.17243487504195e-08
303.0 5.145205986345018e-08
304.0 5.117977097648088e-08
305.0 5.090748208951158e-08
306.0 5.0635193202542255e-08
307.0 5.0362904315572946e-08
308.0 5.009061542860364e-08
309.0 4.9818326541634346e-08
310.0 4.9546037654665036e-08
311.0 4.928339408681399e-08
312.0 4.9045529162508347e-08
313.0 4.8807664238202686e-08
314.0 4.856979931389704e-08
315.0 4.8331934389591386e-08
316.0 4.809406946528575e-08
317.0 4.7856204540980105e-08
318.0 4.7618339616674445e-08
319.0 4.7380474692368804e-08
320.0 4.714260976806316e-08
321.0 4.69047448437575e-08
322.0 4.666687991945186e-08
323.0 4.64290149951462e-08
324.0 4.619115007084055e-08
325.0 4.5953285146534916e-08
326.0 4.5715420222229256e-08
327.0 4.54775552979236e-08
328.0 4.523969037361795e-08
329.0 4.5001825449312315e-08
330.0 4.476396052500666e-08
331.0 4.452609560070101e-08
332.0 4.428823067639537e-08
333.0 4.405036575208971e-08
334.0 4.381250082778406e-08
335.0 4.358760426857187e-08
336.0 4.338709473218035e-08
337.0 4.318658519578882e-08
338.0 4.298607565939729e-08
339.0 4.2785566123005765e-08
340.0 4.2585056586614234e-08
341.0 4.2384547050222704e-08
342.0 4.218403751383118e-08
343.0 4.198352797743966e-08
344.0 4.178301844104813e-08
345.0 4.1582508904656597e-08
346.0 4.1381999368265066e-08
347.0 4.118148983187353e-08
348.0 4.098098029548201e-08
349.0 4.078047075909049e-08
350.0 4.057996122269895e-08
351.0 4.037945168630742e-08
352.0 4.017894214991591e-08
353.0 3.9978432613524375e-08
354.0 3.9777923077132844e-08
355.0 3.957741354074131e-08
356.0 3.93769040043498e-08
357.0 3.917639446795826e-08
358.0 3.8975884931566737e-08
359.0 3.87753753951752e-08
360.0 3.8574865858783676e-08
361.0 3.839938198987882e-08
362.0 3.824272308324782e-08
363.0 3.808606417661683e-08
364.0 3.7929405269985824e-08
365.0 3.777274636335482e-08
366.0 3.7616087456723827e-08
367.0 3.745942855009282e-08
368.0 3.730276964346182e-08
369.0 3.714611073683083e-08
370.0 3.6989451830199844e-08
371.0 3.6832792923568836e-08
372.0 3.667613401693783e-08
373.0 3.651947511030683e-08
374.0 3.6362816203675836e-08
375.0 3.6206157297044833e-08
376.0 3.604949839041383e-08
377.0 3.5892839483782836e-08
378.0 3.5736180577151833e-08
379.0 3.557952167052084e-08
380.0 3.5422862763889836e-08
381.0 3.5266203857258833e-08
382.0 3.510954495062784e-08
383.0 3.495288604399684e-08
384.0 3.479622713736584e-08
385.0 3.463956823073484e-08
386.0 3.448290932410384e-08
387.0 3.4326250417472833e-08
388.0 3.416959151084184e-08
389.0 3.403122658794864e-08
390.0 3.389718565444531e-08
391.0 3.3763144720941984e-08
392.0 3.3629103787438666e-08
393.0 3.3495062853935336e-08
394.0 3.336102192043202e-08
395.0 3.322698098692869e-08
396.0 3.309294005342537e-08
397.0 3.2958899119922046e-08
398.0 3.282485818641872e-08
399.0 3.26908172529154e-08
400.0 3.255677631941207e-08
401.0 3.242273538590876e-08
402.0 3.228869445240543e-08
403.0 3.215465351890211e-08
404.0 3.2020612585398785e-08
405.0 3.188657165189546e-08
406.0 3.175253071839214e-08
407.0 3.161848978488881e-08
408.0 3.1484448851385495e-08
409.0 3.1350407917882165e-08
410.0 3.121636698437884e-08
411.0 3.108232605087552e-08
412.0 3.09482851173722e-08
413.0 3.0814244183868875e-08
414.0 3.068020325036555e-08
415.0 3.054616231686222e-08
416.0 3.04121213833589e-08
417.0 3.027808044985558e-08
418.0 3.014403951635226e-08
419.0 3.002892119837359e-08
420.0 2.991570630743835e-08
421.0 2.980249141650311e-08
422.0 2.9689276525567887e-08
423.0 2.9576061634632662e-08
424.0 2.946284674369743e-08
425.0 2.934963185276219e-08
426.0 2.9236416961826966e-08
427.0 2.9123202070891735e-08
428.0 2.9009987179956503e-08
429.0 2.8896772289021268e-08
430.0 2.8783557398086046e-08
431.0 2.867034250715081e-08
432.0 2.8557127616215572e-08
433.0 2.844391272528035e-08
434.0 2.8330697834345122e-08
435.0 2.8217482943409887e-08
436.0 2.8104268052474655e-08
437.0 2.799105316153943e-08
438.0 2.7877838270604194e-08
439.0 2.776462337966896e-08
440.0 2.7651408488733727e-08
441.0 2.75381935977985e-08
442.0 2.7424978706863264e-08
443.0 2.7311763815928032e-08
444.0 2.7198548924992803e-08
445.0 2.7085334034057585e-08
446.0 2.6972119143122343e-08
447.0 2.6858904252187104e-08
448.0 2.6745689361251886e-08
449.0 2.663247447031665e-08
450.0 2.6519259579381422e-08
451.0 2.6424182833521955e-08
452.0 2.633668365820989e-08
453.0 2.6249184482897816e-08
454.0 2.6161685307585746e-08
455.0 2.607418613227368e-08
456.0 2.5986686956961617e-08
457.0 2.589918778164954e-08
458.0 2.5811688606337464e-08
459.0 2.5724189431025404e-08
460.0 2.563669025571333e-08
461.0 2.554919108040126e-08
462.0 2.5461691905089192e-08
463.0 2.537419272977712e-08
464.0 2.528669355446505e-08
465.0 2.5199194379152986e-08
466.0 2.5111695203840913e-08
467.0 2.5024196028528843e-08
468.0 2.493669685321678e-08
469.0 2.4849197677904707e-08
470.0 2.4761698502592637e-08
471.0 2.4674199327280568e-08
472.0 2.45867001519685e-08
473.0 2.449920097665643e-08
474.0 2.4411701801344365e-08
475.0 2.4324202626032295e-08
476.0 2.4236703450720222e-08
477.0 2.4149204275408156e-08
478.0 2.406170510009609e-08
479.0 2.3974205924784017e-08
480.0 2.3886706749471947e-08
481.0 2.3799207574159884e-08
482.0 2.3711708398847804e-08
483.0 2.362420922353573e-08
484.0 2.3536710048223665e-08
485.0 2.344952613620885e-08
486.0 2.3376607195466377e-08
487.0 2.3303688254723898e-08
488.0 2.3230769313981426e-08
489.0 2.315785037323895e-08
490.0 2.308493143249647e-08
491.0 2.3012012491753995e-08
492.0 2.293909355101152e-08
493.0 2.2866174610269044e-08
494.0 2.2793255669526572e-08
495.0 2.2720336728784096e-08
496.0 2.2647417788041624e-08
497.0 2.2574498847299148e-08
498.0 2.2501579906556666e-08
499.0 2.242866096581419e-08
500.0 2.235574202507172e-08
501.0 2.2282823084329245e-08
502.0 2.220990414358677e-08
503.0 2.2136985202844294e-08
504.0 2.2064066262101825e-08
505.0 2.1991147321359342e-08
506.0 2.191822838061687e-08
507.0 2.1845309439874394e-08
508.0 2.1772390499131915e-08
509.0 2.1699471558389443e-08
510.0 2.162655261764697e-08
511.0 2.155363367690449e-08
512.0 2.1480714736162023e-08
513.0 2.1407795795419544e-08
514.0 2.1334876854677065e-08
515.0 2.12619579139346e-08
516.0 2.1189038973192123e-08
517.0 2.1116120032449644e-08
518.0 2.1043201091707172e-08
519.0 2.0970282150964696e-08
520.0 2.0897363210222217e-08
521.0 2.082444426947974e-08
522.0 2.0751525328737262e-08
523.0 2.0685756584408687e-08
524.0 2.0623566946517067e-08
525.0 2.0561377308625443e-08
526.0 2.0499187670733833e-08
527.0 2.043699803284221e-08
528.0 2.0374808394950586e-08
529.0 2.031261875705896e-08
530.0 2.025042911916734e-08
531.0 2.0188239481275725e-08
532.0 2.0126049843384105e-08
533.0 2.0063860205492478e-08
534.0 2.0001670567600854e-08
535.0 1.993948092970924e-08
536.0 1.9877291291817617e-08
537.0 1.9815101653926e-08
538.0 1.975291201603438e-08
539.0 1.9690722378142753e-08
540.0 1.962853274025114e-08
541.0 1.956634310235952e-08
542.0 1.9504153464467902e-08
543.0 1.9441963826576272e-08
544.0 1.9379774188684655e-08
545.0 1.9317584550793035e-08
546.0 1.9255394912901415e-08
547.0 1.9193205275009795e-08
548.0 1.913101563711817e-08
549.0 1.9068825999226547e-08
550.0 1.9006636361334937e-08
551.0 1.894444672344331e-08
552.0 1.8882257085551693e-08
553.0 1.8820067447660073e-08
554.0 1.8757877809768453e-08
555.0 1.869568817187683e-08
556.0 1.8633498533985202e-08
557.0 1.857130889609359e-08
558.0 1.850911925820197e-08
559.0 1.844692962031035e-08
560.0 1.838473998241872e-08
561.0 1.8322550344527108e-08
562.0 1.826036070663548e-08
563.0 1.8204514766749802e-08
564.0 1.8156943712451793e-08
565.0 1.8109372658153788e-08
566.0 1.8061801603855793e-08
567.0 1.8014230549557784e-08
568.0 1.796665949525978e-08
569.0 1.7919088440961777e-08
570.0 1.787151738666377e-08
571.0 1.7823946332365767e-08
572.0 1.7776375278067768e-08
573.0 1.7728804223769763e-08
574.0 1.7681233169471758e-08
575.0 1.7633662115173756e-08
576.0 1.7586091060875754e-08
577.0 1.753852000657775e-08
578.0 1.7490948952279743e-08
579.0 1.7443377897981738e-08
580.0 1.7395806843683736e-08
581.0 1.7348235789385734e-08
582.0 1.7300664735087726e-08
583.0 1.7253093680789727e-08
584.0 1.720552262649172e-08
585.0 1.7157951572193717e-08
586.0 1.7110380517895718e-08
587.0 1.706280946359771e-08
588.0 1.7015238409299707e-08
589.0 1.6967667355001702e-08
590.0 1.69200963007037e-08
591.0 1.6872525246405695e-08
592.0 1.6824954192107693e-08
593.0 1.6777383137809688e-08
594.0 1.6729812083511686e-08
595.0 1.668224102921368e-08
596.0 1.6634669974915676e-08
597.0 1.658709892061767e-08
598.0 1.6539527866319672e-08
599.0 1.6491956812021666e-08
600.0 1.6444385757723665e-08
601.0 1.6396814703425663e-08
602.0 1.6349243649127657e-08
603.0 1.6301672594829655e-08
604.0 1.6254101540531647e-08
605.0 1.6206530486233648e-08
606.0 1.615986383348113e-08
607.0 1.612110825223098e-08
608.0 1.6082352670980823e-08
609.0 1.604359708973067e-08
610.0 1.6004841508480515e-08
611.0 1.5966085927230357e-08
612.0 1.5927330345980206e-08
613.0 1.5888574764730052e-08
614.0 1.5849819183479894e-08
615.0 1.581106360222974e-08
616.0 1.577230802097959e-08
617.0 1.5733552439729432e-08
618.0 1.5694796858479274e-08
619.0 1.565604127722912e-08
620.0 1.5617285695978963e-08
621.0 1.5578530114728815e-08
622.0 1.5539774533478658e-08
623.0 1.5501018952228504e-08
624.0 1.5462263370978346e-08
625.0 1.5423507789728192e-08
626.0 1.5384752208478038e-08
627.0 1.5345996627227883e-08
628.0 1.5307241045977723e-08
629.0 1.5268485464727575e-08
630.0 1.5229729883477418e-08
631.0 1.5190974302227263e-08
632.0 1.515221872097711e-08
633.0 1.5113463139726955e-08
634.0 1.50747075584768e-08
635.0 1.5035951977226643e-08
636.0 1.499719639597649e-08
637.0 1.4958440814726335e-08
638.0 1.4919685233476178e-08
639.0 1.4880929652226025e-08
640.0 1.4842174070975873e-08
641.0 1.4803418489725715e-08
642.0 1.4764662908475561e-08
643.0 1.4725907327225402e-08
644.0 1.4687151745975249e-08
645.0 1.4648396164725097e-08
646.0 1.460964058347494e-08
647.0 1.4570885002224787e-08
648.0 1.4532129420974632e-08
649.0 1.4493373839724475e-08
650.0 1.445461825847432e-08
651.0 1.4415862677224165e-08
652.0 1.4377107095974012e-08
653.0 1.4340760044906635e-08
654.0 1.4307558389676743e-08
655.0 1.4274356734446858e-08
656.0 1.424115507921697e-08
657.0 1.4207953423987085e-08
658.0 1.4174751768757193e-08
659.0 1.4141550113527309e-08
660.0 1.4108348458297418e-08
661.0 1.4075146803067532e-08
662.0 1.4041945147837645e-08
663.0 1.400874349260776e-08
664.0 1.3975541837377872e-08
665.0 1.3942340182147987e-08
666.0 1.3909138526918095e-08
667.0 1.387593687168821e-08
668.0 1.3842735216458324e-08
669.0 1.3809533561228438e-08
670.0 1.3776331905998549e-08
671.0 1.3743130250768663e-08
672.0 1.3709928595538775e-08
673.0 1.367672694030889e-08
674.0 1.3643525285079e-08
675.0 1.3610323629849115e-08
676.0 1.3577121974619229e-08
677.0 1.354392031938934e-08
678.0 1.3510718664159451e-08
679.0 1.3477517008929568e-08
680.0 1.3444315353699678e-08
681.0 1.3411113698469794e-08
682.0 1.3377912043239906e-08
683.0 1.3344710388010015e-08
684.0 1.3311508732780128e-08
685.0 1.3278307077550244e-08
686.0 1.3245105422320358e-08
687.0 1.3211903767090467e-08
688.0 1.3178702111860582e-08
689.0 1.3145500456630694e-08
690.0 1.3112298801400805e-08
691.0 1.3079097146170923e-08
692.0 1.3045895490941037e-08
693.0 1.3012693835711144e-08
694.0 1.2979492180481259e-08
695.0 1.2946290525251368e-08
696.0 1.2913088870021484e-08
697.0 1.2879887214791598e-08
698.0 1.284668555956171e-08
699.0 1.2813483904331823e-08
700.0 1.2780282249101934e-08
701.0 1.2747080593872047e-08
702.0 1.2713878938642163e-08
703.0 1.268200047838807e-08
704.0 1.2656578528513764e-08
705.0 1.2631156578639461e-08
706.0 1.2605734628765155e-08
707.0 1.258031267889085e-08
708.0 1.2554890729016543e-08
709.0 1.2529468779142244e-08
710.0 1.2504046829267937e-08
711.0 1.2478624879393632e-08
712.0 1.245320292951933e-08
713.0 1.2427780979645026e-08
714.0 1.240235902977072e-08
715.0 1.2376937079896415e-08
716.0 1.2351515130022111e-08
717.0 1.2326093180147808e-08
718.0 1.2300671230273502e-08
719.0 1.2275249280399198e-08
720.0 1.2249827330524897e-08
721.0 1.222440538065059e-08
722.0 1.2198983430776284e-08
723.0 1.217356148090198e-08
724.0 1.2148139531027676e-08
725.0 1.2122717581153371e-08
726.0 1.2097295631279066e-08
727.0 1.2071873681404763e-08
728.0 1.2046451731530458e-08
729.0 1.2021029781656153e-08
730.0 1.1995607831781852e-08
731.0 1.1970185881907545e-08
732.0 1.194476393203324e-08
733.0 1.1919341982158934e-08
734.0 1.189392003228463e-08
735.0 1.1868498082410326e-08
736.0 1.1843076132536024e-08
737.0 1.1817654182661718e-08
738.0 1.1792232232787413e-08
739.0 1.1766810282913112e-08
740.0 1.1741388333038807e-08
741.0 1.1715966383164502e-08
742.0 1.1690544433290195e-08
743.0 1.1665122483415894e-08
744.0 1.1639700533541586e-08
745.0 1.1614278583667281e-08
746.0 1.158885663379298e-08
747.0 1.1563434683918673e-08
748.0 1.1538012734044368e-08
749.0 1.1512590784170066e-08
750.0 1.1487168834295762e-08
751.0 1.146174688442146e-08
752.0 1.1436324934547154e-08
753.0 1.1410902984672849e-08
754.0 1.138548103479854e-08
755.0 1.136005908492424e-08
756.0 1.1334637135049936e-08
757.0 1.130939810405099e-08
758.0 1.1289205792596798e-08
759.0 1.1269013481142602e-08
760.0 1.1248821169688408e-08
761.0 1.1228628858234217e-08
762.0 1.1208436546780022e-08
763.0 1.118824423532583e-08
764.0 1.1168051923871636e-08
765.0 1.1147859612417443e-08
766.0 1.1127667300963247e-08
767.0 1.1107474989509058e-08
768.0 1.1087282678054865e-08
769.0 1.1067090366600673e-08
770.0 1.1046898055146476e-08
771.0 1.1026705743692288e-08
772.0 1.1006513432238091e-08
773.0 1.09863211207839e-08
774.0 1.0966128809329707e-08
775.0 1.0945936497875511e-08
776.0 1.092574418642132e-08
777.0 1.0905551874967122e-08
778.0 1.088535956351293e-08
779.0 1.086516725205874e-08
780.0 1.0844974940604548e-08
781.0 1.0824782629150354e-08
782.0 1.0804590317696161e-08
783.0 1.0784398006241963e-08
784.0 1.0764205694787775e-08
785.0 1.074401338333358e-08
786.0 1.0723821071879386e-08
787.0 1.0703628760425195e-08
788.0 1.0683436448971e-08
789.0 1.0663244137516809e-08
790.0 1.0643051826062615e-08
791.0 1.0622859514608422e-08
792.0 1.0602667203154229e-08
793.0 1.0582474891700036e-08
794.0 1.0562282580245843e-08
795.0 1.0542090268791648e-08
796.0 1.0521897957337456e-08
797.0 1.0501705645883264e-08
798.0 1.048151333442907e-08
799.0 1.0461321022974874e-08
800.0 1.0441128711520684e-08
801.0 1.0420936400066493e-08
802.0 1.0400744088612298e-08
803.0 1.0380551777158105e-08
804.0 1.0360359465703911e-08
805.0 1.034016715424972e-08
806.0 1.0319974842795523e-08
807.0 1.029978253134133e-08
808.0 1.0279590219887141e-08
809.0 1.0259397908432948e-08
810.0 1.0239205596978752e-08
811.0 1.0219013285524559e-08
812.0 1.0198820974070366e-08
813.0 1.0178628662616173e-08
814.0 1.015843635116198e-08
815.0 1.0138244039707786e-08
816.0 1.0120066774171306e-08
817.0 1.010263425641685e-08
818.0 1.0085201738662394e-08
819.0 1.0067769220907938e-08
820.0 1.0050336703153484e-08
821.0 1.0032904185399024e-08
822.0 1.0015471667644568e-08
823.0 9.998039149890114e-09
824.0 9.980606632135656e-09
825.0 9.963174114381202e-09
826.0 9.945741596626743e-09
827.0 9.92830907887229e-09
828.0 9.910876561117828e-09
829.0 9.893444043363374e-09
830.0 9.876011525608918e-09
831.0 9.858579007854461e-09
832.0 9.841146490100007e-09
833.0 9.823713972345551e-09
834.0 9.806281454591094e-09
835.0 9.788848936836638e-09
836.0 9.771416419082179e-09
837.0 9.753983901327726e-09
838.0 9.736551383573269e-09
839.0 9.719118865818813e-09
840.0 9.701686348064356e-09
841.0 9.684253830309902e-09
842.0 9.666821312555443e-09
843.0 9.649388794800987e-09
844.0 9.631956277046535e-09
845.0 9.614523759292077e-09
846.0 9.597091241537621e-09
847.0 9.579658723783166e-09
848.0 9.562226206028707e-09
849.0 9.54479368827425e-09
850.0 9.527361170519795e-09
851.0 9.50992865276534e-09
852.0 9.492496135010882e-09
853.0 9.475063617256423e-09
854.0 9.457631099501969e-09
855.0 9.440198581747513e-09
856.0 9.422766063993057e-09
857.0 9.405333546238603e-09
858.0 9.387901028484147e-09
859.0 9.370468510729687e-09
860.0 9.353035992975233e-09
861.0 9.335603475220775e-09
862.0 9.318170957466321e-09
863.0 9.300738439711862e-09
864.0 9.283305921957408e-09
865.0 9.265873404202954e-09
866.0 9.248440886448496e-09
867.0 9.231008368694039e-09
868.0 9.213575850939585e-09
869.0 9.196143333185124e-09
870.0 9.178710815430672e-09
871.0 9.161278297676214e-09
872.0 9.143845779921758e-09
873.0 9.126413262167301e-09
874.0 9.108980744412847e-09
875.0 9.091548226658391e-09
876.0 9.074115708903934e-09
877.0 9.056683191149476e-09
878.0 9.039250673395022e-09
879.0 9.025620064275342e-09
880.0 9.012256323004494e-09
881.0 8.998892581733644e-09
882.0 8.98552884046279e-09
883.0 8.97216509919194e-09
884.0 8.958801357921088e-09
885.0 8.945437616650236e-09
886.0 8.932073875379387e-09
887.0 8.918710134108533e-09
888.0 8.905346392837684e-09
889.0 8.891982651566832e-09
890.0 8.878618910295982e-09
891.0 8.865255169025129e-09
892.0 8.851891427754278e-09
893.0 8.838527686483428e-09
894.0 8.825163945212576e-09
895.0 8.811800203941726e-09
896.0 8.798436462670872e-09
897.0 8.785072721400022e-09
898.0 8.77170898012917e-09
899.0 8.758345238858319e-09
900.0 8.744981497587467e-09
901.0 8.731617756316616e-09
902.0 8.718254015045764e-09
903.0 8.704890273774914e-09
904.0 8.691526532504061e-09
905.0 8.67816279123321e-09
906.0 8.66479904996236e-09
907.0 8.65143530869151e-09
908.0 8.638071567420658e-09
909.0 8.624707826149807e-09
910.0 8.611344084878954e-09
911.0 8.597980343608102e-09
912.0 8.58461660233725e-09
913.0 8.5712528610664e-09
914.0 8.55788911979555e-09
915.0 8.544525378524696e-09
916.0 8.531161637253846e-09
917.0 8.517797895982995e-09
918.0 8.504434154712145e-09
919.0 8.491070413441292e-09
920.0 8.477706672170442e-09
921.0 8.46434293089959e-09
922.0 8.450979189628739e-09
923.0 8.43761544835789e-09
924.0 8.424251707087036e-09
925.0 8.410887965816186e-09
926.0 8.397524224545333e-09
927.0 8.384160483274482e-09
928.0 8.370796742003632e-09
929.0 8.357433000732782e-09
930.0 8.344069259461929e-09
931.0 8.330705518191077e-09
932.0 8.317341776920227e-09
933.0 8.303978035649374e-09
934.0 8.290614294378524e-09
935.0 8.277250553107673e-09
936.0 8.263886811836821e-09
937.0 8.250523070565971e-09
938.0 8.237159329295118e-09
939.0 8.223795588024265e-09
940.0 8.210431846753417e-09
941.0 8.197068105482567e-09
942.0 8.183704364211712e-09
943.0 8.170340622940862e-09
944.0 8.156976881670011e-09
945.0 8.143613140399161e-09
946.0 8.131130787906253e-09
947.0 8.120686813999482e-09
948.0 8.110242840092716e-09
949.0 8.099798866185947e-09
950.0 8.08935489227918e-09
951.0 8.078910918372411e-09
952.0 8.068466944465645e-09
953.0 8.058022970558874e-09
954.0 8.047578996652109e-09
955.0 8.03713502274534e-09
956.0 8.02669104883857e-09
957.0 8.016247074931803e-09
958.0 8.005803101025036e-09
959.0 7.995359127118268e-09
960.0 7.9849151532115e-09
961.0 7.974471179304732e-09
962.0 7.964027205397964e-09
963.0 7.953583231491197e-09
964.0 7.943139257584428e-09
965.0 7.93269528367766e-09
966.0 7.922251309770891e-09
967.0 7.911807335864124e-09
968.0 7.901363361957356e-09
969.0 7.890919388050587e-09
970.0 7.88047541414382e-09
971.0 7.870031440237052e-09
972.0 7.859587466330285e-09
973.0 7.849143492423513e-09
974.0 7.838699518516747e-09
975.0 7.828255544609979e-09
976.0 7.817811570703212e-09
977.0 7.807367596796443e-09
978.0 7.796923622889675e-09
979.0 7.786479648982908e-09
980.0 7.77603567507614e-09
981.0 7.765591701169372e-09
982.0 7.755147727262604e-09
983.0 7.744703753355837e-09
984.0 7.73425977944907e-09
985.0 7.7238158055423e-09
986.0 7.713371831635531e-09
987.0 7.702927857728764e-09
988.0 7.692483883821996e-09
989.0 7.68203990991523e-09
990.0 7.67159593600846e-09
991.0 7.661151962101692e-09
992.0 7.650707988194923e-09
993.0 7.640264014288156e-09
994.0 7.629820040381388e-09
995.0 7.619376066474619e-09
996.0 7.608932092567854e-09
997.0 7.598488118661083e-09
998.0 7.588044144754317e-09
999.0 7.577600170847546e-09
1000.0 7.56715619694078e-09
1001.0 7.556712223034012e-09
1002.0 7.546268249127246e-09
1003.0 7.535824275220477e-09
1004.0 7.525380301313707e-09
1005.0 7.514936327406941e-09
1006.0 7.504492353500173e-09
1007.0 7.494048379593404e-09
1008.0 7.483604405686636e-09
1009.0 7.473160431779869e-09
1010.0 7.4627164578731e-09
1011.0 7.452272483966333e-09
1012.0 7.441828510059564e-09
1013.0 7.431384536152796e-09
1014.0 7.420940562246027e-09
1015.0 7.4104965883392615e-09
1016.0 7.400052614432492e-09
1017.0 7.389608640525723e-09
1018.0 7.379164666618956e-09
1019.0 7.369366356476759e-09
1020.0 7.3603260993740194e-09
1021.0 7.351285842271283e-09
1022.0 7.342245585168543e-09
1023.0 7.333205328065804e-09
1024.0 7.324165070963068e-09
1025.0 7.31512481386033e-09
1026.0 7.3060845567575915e-09
1027.0 7.297044299654853e-09
1028.0 7.288004042552115e-09
1029.0 7.278963785449376e-09
1030.0 7.269923528346638e-09
1031.0 7.2608832712439e-09
1032.0 7.251843014141161e-09
1033.0 7.242802757038424e-09
1034.0 7.233762499935684e-09
1035.0 7.224722242832946e-09
1036.0 7.215681985730208e-09
1037.0 7.206641728627471e-09
1038.0 7.19760147152473e-09
1039.0 7.188561214421994e-09
1040.0 7.1795209573192555e-09
1041.0 7.170480700216517e-09
1042.0 7.161440443113778e-09
1043.0 7.152400186011039e-09
1044.0 7.143359928908301e-09
1045.0 7.1343196718055634e-09
1046.0 7.125279414702824e-09
1047.0 7.116239157600087e-09
1048.0 7.107198900497349e-09
1049.0 7.0981586433946115e-09
1050.0 7.089118386291872e-09
1051.0 7.080078129189135e-09
1052.0 7.0710378720863954e-09
1053.0 7.061997614983657e-09
1054.0 7.052957357880919e-09
1055.0 7.043917100778179e-09
1056.0 7.034876843675441e-09
1057.0 7.0258365865727026e-09
1058.0 7.016796329469965e-09
1059.0 7.007756072367226e-09
1060.0 6.998715815264487e-09
1061.0 6.989675558161749e-09
1062.0 6.980635301059012e-09
1063.0 6.971595043956271e-09
1064.0 6.962554786853535e-09
1065.0 6.953514529750799e-09
1066.0 6.944474272648059e-09
1067.0 6.935434015545321e-09
1068.0 6.926393758442583e-09
1069.0 6.917353501339844e-09
1070.0 6.908313244237105e-09
1071.0 6.8992729871343665e-09
1072.0 6.890232730031628e-09
1073.0 6.881192472928891e-09
1074.0 6.872152215826153e-09
1075.0 6.863111958723415e-09
1076.0 6.854071701620676e-09
1077.0 6.845031444517938e-09
1078.0 6.8359911874152e-09
1079.0 6.826950930312461e-09
1080.0 6.817910673209723e-09
1081.0 6.808870416106984e-09
1082.0 6.7998301590042466e-09
1083.0 6.79078990190151e-09
1084.0 6.7817496447987706e-09
1085.0 6.772709387696033e-09
1086.0 6.763669130593295e-09
1087.0 6.754628873490555e-09
1088.0 6.745588616387817e-09
1089.0 6.7365483592850786e-09
1090.0 6.72750810218234e-09
1091.0 6.718467845079602e-09
1092.0 6.709427587976864e-09
1093.0 6.700387330874125e-09
1094.0 6.6913470737713865e-09
1095.0 6.682306816668647e-09
1096.0 6.67326655956591e-09
1097.0 6.664241264366775e-09
1098.0 6.657207784498165e-09
1099.0 6.650174304629555e-09
1100.0 6.643140824760945e-09
1101.0 6.636107344892337e-09
1102.0 6.629073865023726e-09
1103.0 6.622040385155115e-09
1104.0 6.615006905286506e-09
1105.0 6.6079734254178955e-09
1106.0 6.600939945549287e-09
1107.0 6.593906465680677e-09
1108.0 6.586872985812066e-09
1109.0 6.579839505943455e-09
1110.0 6.572806026074845e-09
1111.0 6.5657725462062355e-09
1112.0 6.558739066337626e-09
1113.0 6.551705586469015e-09
1114.0 6.544672106600406e-09
1115.0 6.537638626731796e-09
1116.0 6.530605146863186e-09
1117.0 6.5235716669945756e-09
1118.0 6.516538187125967e-09
1119.0 6.509504707257357e-09
1120.0 6.502471227388748e-09
1121.0 6.495437747520137e-09
1122.0 6.488404267651528e-09
1123.0 6.4813707877829164e-09
1124.0 6.4743373079143075e-09
1125.0 6.467303828045698e-09
1126.0 6.460270348177087e-09
1127.0 6.4532368683084775e-09
1128.0 6.446203388439866e-09
1129.0 6.439169908571257e-09
1130.0 6.432136428702648e-09
1131.0 6.425102948834038e-09
1132.0 6.4180694689654265e-09
1133.0 6.411035989096818e-09
1134.0 6.404002509228209e-09
1135.0 6.396969029359598e-09
1136.0 6.389935549490987e-09
1137.0 6.382902069622378e-09
1138.0 6.375868589753767e-09
1139.0 6.368835109885158e-09
1140.0 6.361801630016549e-09
1141.0 6.354768150147939e-09
1142.0 6.3477346702793284e-09
1143.0 6.340701190410719e-09
1144.0 6.333667710542108e-09
1145.0 6.326634230673499e-09
1146.0 6.319600750804888e-09
1147.0 6.31256727093628e-09
1148.0 6.3055337910676685e-09
1149.0 6.29850031119906e-09
1150.0 6.291466831330448e-09
1151.0 6.284433351461838e-09
1152.0 6.277399871593228e-09
1153.0 6.27036639172462e-09
1154.0 6.2633329118560085e-09
1155.0 6.256299431987398e-09
1156.0 6.249265952118788e-09
1157.0 6.2422324722501785e-09
1158.0 6.235198992381569e-09
1159.0 6.22816551251296e-09
1160.0 6.221132032644349e-09
1161.0 6.21409855277574e-09
1162.0 6.207065072907129e-09
1163.0 6.200031593038522e-09
1164.0 6.19299811316991e-09
1165.0 6.1859646333013016e-09
1166.0 6.17893115343269e-09
1167.0 6.17189767356408e-09
1168.0 6.1648641936954716e-09
1169.0 6.15783071382686e-09
1170.0 6.150797233958251e-09
1171.0 6.14376375408964e-09
1172.0 6.136730274221031e-09
1173.0 6.1296967943524205e-09
1174.0 6.122663314483811e-09
1175.0 6.115629834615199e-09
1176.0 6.10859635474659e-09
1177.0 6.10156287487798e-09
1178.0 6.09452939500937e-09
1179.0 6.087495915140761e-09
1180.0 6.080462435272151e-09
1181.0 6.073428955403541e-09
1182.0 6.067220675075484e-09
1183.0 6.061798344806048e-09
1184.0 6.056376014536614e-09
1185.0 6.050953684267179e-09
1186.0 6.045531353997743e-09
1187.0 6.040109023728309e-09
1188.0 6.0346866934588734e-09
1189.0 6.029264363189438e-09
1190.0 6.023842032920003e-09
1191.0 6.0184197026505666e-09
1192.0 6.012997372381133e-09
1193.0 6.007575042111698e-09
1194.0 6.002152711842264e-09
1195.0 5.996730381572828e-09
1196.0 5.991308051303393e-09
1197.0 5.985885721033959e-09
1198.0 5.980463390764522e-09
1199.0 5.9750410604950885e-09
1200.0 5.9696187302256535e-09
1201.0 5.964196399956217e-09
1202.0 5.958774069686781e-09
1203.0 5.9533517394173474e-09
1204.0 5.947929409147911e-09
1205.0 5.942507078878477e-09
1206.0 5.937084748609041e-09
1207.0 5.931662418339607e-09
1208.0 5.926240088070172e-09
1209.0 5.920817757800738e-09
1210.0 5.9153954275313e-09
1211.0 5.909973097261867e-09
1212.0 5.904550766992433e-09
1213.0 5.899128436722997e-09
1214.0 5.893706106453561e-09
1215.0 5.888283776184125e-09
1216.0 5.88286144591469e-09
1217.0 5.877439115645254e-09
1218.0 5.872016785375821e-09
1219.0 5.8665944551063856e-09
1220.0 5.8611721248369505e-09
1221.0 5.855749794567517e-09
1222.0 5.85032746429808e-09
1223.0 5.844905134028645e-09
1224.0 5.839482803759213e-09
1225.0 5.834060473489775e-09
1226.0 5.82863814322034e-09
1227.0 5.823215812950904e-09
1228.0 5.817793482681469e-09
1229.0 5.812371152412033e-09
1230.0 5.806948822142599e-09
1231.0 5.801526491873165e-09
1232.0 5.7961041616037305e-09
1233.0 5.790681831334295e-09
1234.0 5.7852595010648596e-09
1235.0 5.7798371707954245e-09
1236.0 5.7744148405259894e-09
1237.0 5.768992510256556e-09
1238.0 5.763570179987119e-09
1239.0 5.758147849717683e-09
1240.0 5.752725519448248e-09
1241.0 5.747303189178814e-09
1242.0 5.741880858909378e-09
1243.0 5.736458528639944e-09
1244.0 5.73103619837051e-09
1245.0 5.725613868101073e-09
1246.0 5.72019153783164e-09
1247.0 5.714769207562203e-09
1248.0 5.709346877292768e-09
1249.0 5.703924547023334e-09
1250.0 5.698502216753898e-09
1251.0 5.6930798864844635e-09
1252.0 5.687657556215028e-09
1253.0 5.6822352259455925e-09
1254.0 5.676812895676156e-09
1255.0 5.671390565406722e-09
1256.0 5.665968235137287e-09
1257.0 5.660545904867853e-09
1258.0 5.655123574598418e-09
1259.0 5.649701244328984e-09
1260.0 5.644278914059547e-09
1261.0 5.638856583790114e-09
1262.0 5.633434253520677e-09
1263.0 5.628011923251241e-09
1264.0 5.622589592981808e-09
1265.0 5.617167262712372e-09
1266.0 5.6117449324429375e-09
1267.0 5.6063226021735e-09
1268.0 5.600900271904066e-09
1269.0 5.595477941634631e-09
1270.0 5.590055611365197e-09
1271.0 5.584633281095763e-09
1272.0 5.5792109508263254e-09
1273.0 5.574144914715217e-09
1274.0 5.5694229840580625e-09
1275.0 5.564701053400909e-09
1276.0 5.5599791227437526e-09
1277.0 5.5552571920866005e-09
1278.0 5.550535261429445e-09
1279.0 5.5458133307722914e-09
1280.0 5.541091400115137e-09
1281.0 5.536369469457982e-09
1282.0 5.531647538800827e-09
1283.0 5.526925608143673e-09
1284.0 5.522203677486519e-09
1285.0 5.517481746829366e-09
1286.0 5.512759816172211e-09
1287.0 5.508037885515057e-09
1288.0 5.503315954857902e-09
1289.0 5.498594024200748e-09
1290.0 5.493872093543593e-09
1291.0 5.489150162886438e-09
1292.0 5.484428232229286e-09
1293.0 5.47970630157213e-09
1294.0 5.474984370914976e-09
1295.0 5.470262440257821e-09
1296.0 5.465540509600668e-09
1297.0 5.460818578943511e-09
1298.0 5.456096648286359e-09
1299.0 5.451374717629205e-09
1300.0 5.446652786972049e-09
1301.0 5.441930856314896e-09
1302.0 5.437208925657741e-09
1303.0 5.432486995000587e-09
1304.0 5.427765064343434e-09
1305.0 5.423043133686278e-09
1306.0 5.418321203029124e-09
1307.0 5.413599272371969e-09
1308.0 5.408877341714815e-09
1309.0 5.40415541105766e-09
1310.0 5.399433480400505e-09
1311.0 5.394711549743353e-09
1312.0 5.389989619086198e-09
1313.0 5.385267688429044e-09
1314.0 5.380545757771889e-09
1315.0 5.3758238271147345e-09
1316.0 5.37110189645758e-09
1317.0 5.3663799658004254e-09
1318.0 5.361658035143272e-09
1319.0 5.356936104486117e-09
1320.0 5.352214173828962e-09
1321.0 5.347492243171809e-09
1322.0 5.342770312514654e-09
1323.0 5.3380483818575e-09
1324.0 5.333326451200346e-09
1325.0 5.3286045205431916e-09
1326.0 5.323882589886038e-09
1327.0 5.3191606592288825e-09
1328.0 5.314438728571727e-09
1329.0 5.309716797914573e-09
1330.0 5.3049948672574205e-09
1331.0 5.300272936600266e-09
1332.0 5.2955510059431114e-09
1333.0 5.290829075285957e-09
1334.0 5.2861071446288015e-09
1335.0 5.281385213971648e-09
1336.0 5.2766632833144924e-09
1337.0 5.2719413526573395e-09
1338.0 5.267219422000185e-09
1339.0 5.2624974913430305e-09
1340.0 5.257775560685875e-09
1341.0 5.253053630028721e-09
1342.0 5.248331699371567e-09
1343.0 5.243609768714414e-09
1344.0 5.2388878380572586e-09
1345.0 5.234165907400105e-09
1346.0 5.22944397674295e-09
1347.0 5.224722046085796e-09
1348.0 5.220000115428641e-09
1349.0 5.215278184771487e-09
1350.0 5.210556254114334e-09
1351.0 5.2058343234571784e-09
1352.0 5.201112392800024e-09
1353.0 5.196390462142869e-09
1354.0 5.1916685314857165e-09
1355.0 5.186946600828561e-09
1356.0 5.182224670171407e-09
1357.0 5.177502739514253e-09
1358.0 5.172780808857098e-09
1359.0 5.168058878199944e-09
1360.0 5.163336947542789e-09
1361.0 5.158615016885635e-09
1362.0 5.15389308622848e-09
1363.0 5.1491711555713256e-09
1364.0 5.144449224914171e-09
1365.0 5.139727294257018e-09
1366.0 5.135005363599862e-09
1367.0 5.130283432942709e-09
1368.0 5.1255615022855545e-09
1369.0 5.120839571628401e-09
1370.0 5.116117640971246e-09
1371.0 5.111882898161454e-09
1372.0 5.1081437426364825e-09
1373.0 5.10440458711151e-09
1374.0 5.100665431586538e-09
1375.0 5.096926276061567e-09
1376.0 5.093187120536595e-09
1377.0 5.089447965011624e-09
1378.0 5.085708809486653e-09
1379.0 5.081969653961681e-09
1380.0 5.078230498436709e-09
1381.0 5.074491342911737e-09
1382.0 5.070752187386766e-09
1383.0 5.067013031861796e-09
1384.0 5.063273876336824e-09
1385.0 5.0595347208118535e-09
1386.0 5.05579556528688e-09
1387.0 5.0520564097619084e-09
1388.0 5.048317254236938e-09
1389.0 5.0445780987119675e-09
1390.0 5.040838943186995e-09
1391.0 5.037099787662023e-09
1392.0 5.033360632137052e-09
1393.0 5.029621476612081e-09
1394.0 5.025882321087109e-09
1395.0 5.022143165562137e-09
1396.0 5.018404010037166e-09
1397.0 5.0146648545121946e-09
1398.0 5.010925698987223e-09
1399.0 5.00718654346225e-09
1400.0 5.0034473879372794e-09
1401.0 4.999708232412307e-09
1402.0 4.995969076887336e-09
1403.0 4.992229921362365e-09
1404.0 4.9884907658373926e-09
1405.0 4.984751610312422e-09
1406.0 4.98101245478745e-09
1407.0 4.977273299262478e-09
1408.0 4.9735341437375065e-09
1409.0 4.969794988212535e-09
1410.0 4.966055832687564e-09
1411.0 4.962316677162593e-09
1412.0 4.9585775216376205e-09
1413.0 4.95483836611265e-09
1414.0 4.951099210587678e-09
1415.0 4.947360055062706e-09
1416.0 4.943620899537735e-09
1417.0 4.939881744012763e-09
1418.0 4.936142588487792e-09
1419.0 4.93240343296282e-09
1420.0 4.928664277437849e-09
1421.0 4.9249251219128775e-09
1422.0 4.921185966387905e-09
1423.0 4.917446810862934e-09
1424.0 4.913707655337962e-09
1425.0 4.909968499812991e-09
1426.0 4.906229344288018e-09
1427.0 4.902490188763047e-09
1428.0 4.898751033238076e-09
1429.0 4.895011877713106e-09
1430.0 4.891272722188133e-09
1431.0 4.887533566663161e-09
1432.0 4.883794411138189e-09
1433.0 4.8800552556132194e-09
1434.0 4.876316100088246e-09
1435.0 4.872576944563274e-09
1436.0 4.8688377890383035e-09
1437.0 4.865098633513334e-09
1438.0 4.861359477988362e-09
1439.0 4.857620322463391e-09
1440.0 4.853881166938418e-09
1441.0 4.8501420114134466e-09
1442.0 4.846402855888475e-09
1443.0 4.842663700363505e-09
1444.0 4.838924544838532e-09
1445.0 4.835185389313559e-09
1446.0 4.831446233788589e-09
1447.0 4.827707078263617e-09
1448.0 4.823967922738646e-09
1449.0 4.8202287672136745e-09
1450.0 4.816489611688703e-09
1451.0 4.812750456163731e-09
1452.0 4.8090113006387585e-09
1453.0 4.8052721451137884e-09
1454.0 4.8015329895888176e-09
1455.0 4.797793834063845e-09
1456.0 4.7940546785388725e-09
1457.0 4.7903155230139016e-09
1458.0 4.78657636748893e-09
1459.0 4.782837211963958e-09
1460.0 4.7790980564389864e-09
1461.0 4.775358900914015e-09
1462.0 4.771619745389044e-09
1463.0 4.767880589864074e-09
1464.0 4.764141434339101e-09
1465.0 4.7604022788141295e-09
1466.0 4.756663123289158e-09
1467.0 4.752923967764186e-09
1468.0 4.749184812239215e-09
1469.0 4.745445656714244e-09
1470.0 4.741706501189272e-09
1471.0 4.7379673456643e-09
1472.0 4.734228190139328e-09
1473.0 4.7304890346143574e-09
1474.0 4.726749879089386e-09
1475.0 4.723010723564414e-09
1476.0 4.719271568039442e-09
1477.0 4.716311937487089e-09
1478.0 4.713407968652643e-09
1479.0 4.710503999818199e-09
1480.0 4.707600030983754e-09
1481.0 4.7046960621493076e-09
1482.0 4.701792093314864e-09
1483.0 4.698888124480418e-09
1484.0 4.695984155645973e-09
1485.0 4.693080186811528e-09
1486.0 4.690176217977083e-09
1487.0 4.687272249142637e-09
1488.0 4.684368280308192e-09
1489.0 4.681464311473747e-09
1490.0 4.6785603426393e-09
1491.0 4.675656373804855e-09
1492.0 4.672752404970411e-09
1493.0 4.669848436135965e-09
1494.0 4.666944467301521e-09
1495.0 4.6640404984670764e-09
1496.0 4.66113652963263e-09
1497.0 4.658232560798184e-09
1498.0 4.655328591963738e-09
1499.0 4.652424623129293e-09
1500.0 4.649520654294849e-09
1501.0 4.646616685460403e-09
1502.0 4.6437127166259576e-09
1503.0 4.640808747791512e-09
1504.0 4.637904778957067e-09
1505.0 4.635000810122623e-09
1506.0 4.632096841288177e-09
1507.0 4.629192872453732e-09
1508.0 4.626288903619286e-09
1509.0 4.6233849347848395e-09
1510.0 4.620480965950396e-09
1511.0 4.617576997115951e-09
1512.0 4.614673028281505e-09
1513.0 4.6117690594470596e-09
1514.0 4.608865090612615e-09
1515.0 4.605961121778169e-09
1516.0 4.603057152943723e-09
1517.0 4.6001531841092804e-09
1518.0 4.597249215274833e-09
1519.0 4.594345246440388e-09
1520.0 4.591441277605944e-09
1521.0 4.588537308771497e-09
1522.0 4.585633339937052e-09
1523.0 4.582729371102608e-09
1524.0 4.579825402268162e-09
1525.0 4.576921433433716e-09
1526.0 4.57401746459927e-09
1527.0 4.571113495764825e-09
1528.0 4.568209526930382e-09
1529.0 4.565305558095936e-09
1530.0 4.56240158926149e-09
1531.0 4.5594976204270435e-09
1532.0 4.556593651592598e-09
1533.0 4.553689682758154e-09
1534.0 4.550785713923709e-09
1535.0 4.5478817450892636e-09
1536.0 4.544977776254819e-09
1537.0 4.542073807420373e-09
1538.0 4.539169838585929e-09
1539.0 4.536265869751484e-09
1540.0 4.533361900917037e-09
1541.0 4.530457932082592e-09
1542.0 4.527553963248147e-09
1543.0 4.524649994413701e-09
1544.0 4.521746025579256e-09
1545.0 4.5188420567448124e-09
1546.0 4.5159380879103656e-09
1547.0 4.51303411907592e-09
1548.0 4.510130150241475e-09
1549.0 4.507226181407029e-09
1550.0 4.504322212572585e-09
1551.0 4.501418243738138e-09
1552.0 4.498514274903693e-09
1553.0 4.495610306069248e-09
1554.0 4.492706337234804e-09
1555.0 4.489802368400359e-09
1556.0 4.486898399565913e-09
1557.0 4.4839944307314676e-09
1558.0 4.481090461897023e-09
1559.0 4.478186493062577e-09
1560.0 4.475282524228131e-09
1561.0 4.472378555393686e-09
1562.0 4.469474586559241e-09
1563.0 4.4665706177247956e-09
1564.0 4.463666648890351e-09
1565.0 4.460762680055906e-09
1566.0 4.45785871122146e-09
1567.0 4.454954742387016e-09
1568.0 4.4520507735525696e-09
1569.0 4.4491468047181235e-09
1570.0 4.446242835883679e-09
1571.0 4.443338867049233e-09
1572.0 4.440434898214789e-09
1573.0 4.437530929380343e-09
1574.0 4.434626960545899e-09
1575.0 4.431722991711453e-09
1576.0 4.428819022877007e-09
1577.0 4.425915054042562e-09
1578.0 4.423011085208117e-09
1579.0 4.420107116373671e-09
1580.0 4.417203147539226e-09
1581.0 4.414299178704781e-09
1582.0 4.411395209870335e-09
1583.0 4.40849124103589e-09
1584.0 4.405587272201445e-09
1585.0 4.4026833033669996e-09
1586.0 4.399779334532554e-09
1587.0 4.396875365698108e-09
1588.0 4.393971396863664e-09
1589.0 4.391067428029219e-09
1590.0 4.388250412433841e-09
1591.0 4.385708604959526e-09
1592.0 4.38316679748521e-09
1593.0 4.380624990010894e-09
1594.0 4.378083182536577e-09
1595.0 4.3755413750622615e-09
1596.0 4.372999567587946e-09
1597.0 4.37045776011363e-09
1598.0 4.367915952639315e-09
1599.0 4.365374145164999e-09
1600.0 4.3628323376906825e-09
1601.0 4.360290530216367e-09
1602.0 4.357748722742051e-09
1603.0 4.3552069152677355e-09
1604.0 4.3526651077934196e-09
1605.0 4.350123300319103e-09
1606.0 4.347581492844787e-09
1607.0 4.345039685370472e-09
1608.0 4.342497877896154e-09
1609.0 4.33995607042184e-09
1610.0 4.337414262947524e-09
1611.0 4.334872455473208e-09
1612.0 4.332330647998892e-09
1613.0 4.329788840524576e-09
1614.0 4.327247033050259e-09
1615.0 4.324705225575944e-09
1616.0 4.322163418101628e-09
1617.0 4.319621610627312e-09
1618.0 4.317079803152996e-09
1619.0 4.314537995678681e-09
1620.0 4.311996188204364e-09
1621.0 4.3094543807300484e-09
1622.0 4.3069125732557325e-09
1623.0 4.304370765781416e-09
1624.0 4.3018289583071006e-09
1625.0 4.299287150832785e-09
1626.0 4.296745343358469e-09
1627.0 4.2942035358841536e-09
1628.0 4.291661728409838e-09
1629.0 4.289119920935521e-09
1630.0 4.286578113461205e-09
1631.0 4.284036305986889e-09
1632.0 4.281494498512574e-09
1633.0 4.278952691038258e-09
1634.0 4.276410883563943e-09
1635.0 4.273869076089625e-09
1636.0 4.271327268615309e-09
1637.0 4.268785461140994e-09
1638.0 4.266243653666678e-09
1639.0 4.263701846192361e-09
1640.0 4.261160038718046e-09
1641.0 4.25861823124373e-09
1642.0 4.256076423769414e-09
1643.0 4.2535346162950975e-09
1644.0 4.250992808820783e-09
1645.0 4.2484510013464665e-09
1646.0 4.2459091938721505e-09
1647.0 4.2433673863978346e-09
1648.0 4.2408255789235194e-09
1649.0 4.238283771449203e-09
1650.0 4.235741963974887e-09
1651.0 4.233200156500571e-09
1652.0 4.230658349026254e-09
1653.0 4.228116541551939e-09
1654.0 4.225574734077622e-09
1655.0 4.223032926603307e-09
1656.0 4.220491119128992e-09
1657.0 4.217949311654676e-09
1658.0 4.215407504180359e-09
1659.0 4.212865696706044e-09
1660.0 4.210323889231727e-09
1661.0 4.207782081757412e-09
1662.0 4.205240274283096e-09
1663.0 4.202698466808779e-09
1664.0 4.200156659334464e-09
1665.0 4.1976148518601475e-09
1666.0 4.195073044385832e-09
1667.0 4.192531236911516e-09
1668.0 4.1899894294372004e-09
1669.0 4.187447621962884e-09
1670.0 4.1849058144885685e-09
1671.0 4.182364007014253e-09
1672.0 4.179822199539936e-09
1673.0 4.1772803920656215e-09
1674.0 4.1747385845913056e-09
1675.0 4.172196777116989e-09
1676.0 4.169654969642673e-09
1677.0 4.167113162168357e-09
1678.0 4.164571354694041e-09
1679.0 4.162029547219725e-09
1680.0 4.15948773974541e-09
1681.0 4.156945932271093e-09
1682.0 4.154404124796778e-09
1683.0 4.151862317322461e-09
1684.0 4.149320509848146e-09
1685.0 4.14677870237383e-09
1686.0 4.144236894899515e-09
1687.0 4.141695087425199e-09
1688.0 4.1391532799508814e-09
1689.0 4.1366114724765655e-09
1690.0 4.1340696650022495e-09
1691.0 4.1315278575279344e-09
1692.0 4.128986050053618e-09
1693.0 4.126444242579302e-09
1694.0 4.1239024351049866e-09
1695.0 4.121360627630671e-09
1696.0 4.118818820156354e-09
1697.0 4.1162770126820396e-09
1698.0 4.113735205207722e-09
1699.0 4.111193397733408e-09
1700.0 4.10865159025909e-09
1701.0 4.106109782784774e-09
1702.0 4.10356797531046e-09
1703.0 4.101026167836143e-09
1704.0 4.098484360361827e-09
1705.0 4.095942552887512e-09
1706.0 4.093400745413196e-09
1707.0 4.090858937938879e-09
1708.0 4.088317130464563e-09
1709.0 4.085775322990247e-09
1710.0 4.083233515515932e-09
1711.0 4.080691708041616e-09
1712.0 4.0781499005673e-09
1713.0 4.075964716491962e-09
1714.0 4.073874518073177e-09
1715.0 4.071784319654392e-09
1716.0 4.069694121235608e-09
1717.0 4.0676039228168225e-09
1718.0 4.065513724398038e-09
1719.0 4.063423525979253e-09
1720.0 4.061333327560469e-09
1721.0 4.0592431291416845e-09
1722.0 4.0571529307228994e-09
1723.0 4.055062732304114e-09
1724.0 4.05297253388533e-09
1725.0 4.050882335466546e-09
1726.0 4.048792137047761e-09
1727.0 4.046701938628976e-09
1728.0 4.044611740210192e-09
1729.0 4.042521541791407e-09
1730.0 4.040431343372623e-09
1731.0 4.0383411449538375e-09
1732.0 4.036250946535053e-09
1733.0 4.034160748116268e-09
1734.0 4.032070549697484e-09
1735.0 4.0299803512786995e-09
1736.0 4.027890152859914e-09
1737.0 4.02579995444113e-09
1738.0 4.023709756022346e-09
1739.0 4.021619557603561e-09
1740.0 4.0195293591847756e-09
1741.0 4.017439160765992e-09
1742.0 4.015348962347206e-09
1743.0 4.013258763928421e-09
1744.0 4.011168565509637e-09
1745.0 4.009078367090853e-09
1746.0 4.006988168672068e-09
1747.0 4.004897970253283e-09
1748.0 4.002807771834499e-09
1749.0 4.0007175734157145e-09
1750.0 3.998627374996929e-09
1751.0 3.996537176578145e-09
1752.0 3.99444697815936e-09
1753.0 3.992356779740576e-09
1754.0 3.9902665813217906e-09
1755.0 3.988176382903006e-09
1756.0 3.986086184484221e-09
1757.0 3.983995986065437e-09
1758.0 3.981905787646652e-09
1759.0 3.9798155892278674e-09
1760.0 3.977725390809082e-09
1761.0 3.975635192390299e-09
1762.0 3.973544993971514e-09
1763.0 3.971454795552728e-09
1764.0 3.969364597133944e-09
1765.0 3.967274398715158e-09
1766.0 3.965184200296375e-09
1767.0 3.96309400187759e-09
1768.0 3.961003803458805e-09
1769.0 3.958913605040021e-09
1770.0 3.956823406621235e-09
1771.0 3.954733208202452e-09
1772.0 3.952643009783666e-09
1773.0 3.950552811364882e-09
1774.0 3.948462612946097e-09
1775.0 3.946372414527313e-09
1776.0 3.944282216108529e-09
1777.0 3.942192017689744e-09
1778.0 3.9401018192709585e-09
1779.0 3.938011620852174e-09
1780.0 3.935921422433388e-09
1781.0 3.933831224014606e-09
1782.0 3.931741025595819e-09
1783.0 3.9296508271770346e-09
1784.0 3.927560628758251e-09
1785.0 3.925470430339466e-09
1786.0 3.923380231920682e-09
1787.0 3.9212900335018966e-09
1788.0 3.9191998350831114e-09
1789.0 3.917109636664328e-09
1790.0 3.915019438245542e-09
1791.0 3.912929239826758e-09
1792.0 3.9108390414079735e-09
1793.0 3.908748842989188e-09
1794.0 3.906658644570405e-09
1795.0 3.90456844615162e-09
1796.0 3.902478247732835e-09
1797.0 3.90038804931405e-09
1798.0 3.898297850895266e-09
1799.0 3.896207652476481e-09
1800.0 3.894117454057696e-09
1801.0 3.8920272556389115e-09
1802.0 3.889937057220127e-09
1803.0 3.887846858801343e-09
1804.0 3.885756660382558e-09
1805.0 3.8836664619637736e-09
1806.0 3.8815762635449884e-09
1807.0 3.8794860651262025e-09
1808.0 3.877395866707419e-09
1809.0 3.875305668288633e-09
1810.0 3.873215469869849e-09
1811.0 3.871125271451065e-09
1812.0 3.86903507303228e-09
1813.0 3.866944874613496e-09
1814.0 3.864854676194711e-09
1815.0 3.8627644777759265e-09
1816.0 3.860674279357141e-09
1817.0 3.858584080938357e-09
1818.0 3.856493882519573e-09
1819.0 3.854403684100788e-09
1820.0 3.8523134856820026e-09
1821.0 3.850223287263218e-09
1822.0 3.848133088844435e-09
1823.0 3.846042890425649e-09
1824.0 3.843952692006864e-09
1825.0 3.84186249358808e-09
1826.0 3.839772295169295e-09
1827.0 3.83768209675051e-09
1828.0 3.835591898331726e-09
1829.0 3.833501699912941e-09
1830.0 3.831411501494156e-09
1831.0 3.829321303075372e-09
1832.0 3.827231104656588e-09
1833.0 3.825140906237803e-09
1834.0 3.823050707819018e-09
1835.0 3.820960509400233e-09
1836.0 3.818870310981448e-09
1837.0 3.816780112562664e-09
1838.0 3.814689914143879e-09
1839.0 3.8125997157250944e-09
1840.0 3.81050951730631e-09
1841.0 3.808419318887525e-09
1842.0 3.8063291204687416e-09
1843.0 3.804238922049956e-09
1844.0 3.802148723631171e-09
1845.0 3.800450138801413e-09
1846.0 3.798791436836238e-09
1847.0 3.797132734871061e-09
1848.0 3.795474032905886e-09
1849.0 3.79381533094071e-09
1850.0 3.792156628975534e-09
1851.0 3.790497927010358e-09
1852.0 3.7888392250451836e-09
1853.0 3.787180523080007e-09
1854.0 3.78552182111483e-09
1855.0 3.783863119149655e-09
1856.0 3.782204417184479e-09
1857.0 3.7805457152193035e-09
1858.0 3.778887013254127e-09
1859.0 3.777228311288951e-09
1860.0 3.775569609323776e-09
1861.0 3.7739109073586005e-09
1862.0 3.772252205393424e-09
1863.0 3.770593503428247e-09
1864.0 3.768934801463073e-09
1865.0 3.767276099497897e-09
1866.0 3.7656173975327205e-09
1867.0 3.763958695567545e-09
1868.0 3.762299993602369e-09
1869.0 3.760641291637193e-09
1870.0 3.7589825896720174e-09
1871.0 3.757323887706842e-09
1872.0 3.755665185741666e-09
1873.0 3.75400648377649e-09
1874.0 3.752347781811314e-09
1875.0 3.750689079846137e-09
1876.0 3.749030377880963e-09
1877.0 3.747371675915786e-09
1878.0 3.745712973950611e-09
1879.0 3.744054271985435e-09
1880.0 3.742395570020258e-09
1881.0 3.740736868055083e-09
1882.0 3.7390781660899075e-09
1883.0 3.737419464124731e-09
1884.0 3.735760762159556e-09
1885.0 3.73410206019438e-09
1886.0 3.732443358229204e-09
1887.0 3.730784656264028e-09
1888.0 3.729125954298852e-09
1889.0 3.727467252333676e-09
1890.0 3.725808550368501e-09
1891.0 3.724149848403325e-09
1892.0 3.722491146438149e-09
1893.0 3.720832444472973e-09
1894.0 3.7191737425077968e-09
1895.0 3.717515040542622e-09
1896.0 3.7158563385774457e-09
1897.0 3.71419763661227e-09
1898.0 3.712538934647094e-09
1899.0 3.710880232681918e-09
1900.0 3.7092215307167422e-09
1901.0 3.7075628287515656e-09
1902.0 3.705904126786391e-09
1903.0 3.7042454248212145e-09
1904.0 3.702586722856039e-09
1905.0 3.7009280208908626e-09
1906.0 3.6992693189256877e-09
1907.0 3.6976106169605123e-09
1908.0 3.6959519149953357e-09
1909.0 3.6942932130301596e-09
1910.0 3.6926345110649842e-09
1911.0 3.690975809099808e-09
1912.0 3.689317107134633e-09
1913.0 3.6876584051694565e-09
1914.0 3.685999703204281e-09
1915.0 3.6843410012391046e-09
1916.0 3.682682299273929e-09
1917.0 3.6810235973087527e-09
1918.0 3.6793648953435777e-09
1919.0 3.6777061933784016e-09
1920.0 3.676047491413226e-09
1921.0 3.674388789448051e-09
1922.0 3.672730087482874e-09
1923.0 3.6710713855176985e-09
1924.0 3.669412683552523e-09
1925.0 3.6677539815873466e-09
1926.0 3.666095279622171e-09
1927.0 3.664436577656995e-09
1928.0 3.662777875691819e-09
1929.0 3.6611191737266436e-09
1930.0 3.6594604717614674e-09
1931.0 3.6578017697962916e-09
1932.0 3.656143067831116e-09
1933.0 3.6544843658659397e-09
1934.0 3.6528256639007644e-09
1935.0 3.651166961935588e-09
1936.0 3.6495082599704124e-09
1937.0 3.6478495580052367e-09
1938.0 3.6461908560400605e-09
1939.0 3.6445321540748847e-09
1940.0 3.6428734521097094e-09
1941.0 3.6412147501445336e-09
1942.0 3.639556048179357e-09
1943.0 3.6378973462141817e-09
1944.0 3.6362386442490055e-09
1945.0 3.6345799422838306e-09
1946.0 3.6329212403186544e-09
1947.0 3.6312625383534782e-09
1948.0 3.6296038363883025e-09
1949.0 3.6279451344231267e-09
1950.0 3.6262864324579506e-09
1951.0 3.6246277304927752e-09
1952.0 3.6229690285275982e-09
1953.0 3.6213103265624233e-09
1954.0 3.619651624597247e-09
1955.0 3.6179929226320718e-09
1956.0 3.6163342206668956e-09
1957.0 3.6146755187017202e-09
1958.0 3.613016816736544e-09
1959.0 3.611358114771368e-09
1960.0 3.6096994128061926e-09
1961.0 3.6080407108410164e-09
1962.0 3.6063820088758415e-09
1963.0 3.6047233069106653e-09
1964.0 3.6030646049454887e-09
1965.0 3.6014059029803134e-09
1966.0 3.5997472010151376e-09
1967.0 3.5980884990499623e-09
1968.0 3.596429797084786e-09
1969.0 3.5947710951196103e-09
1970.0 3.593112393154434e-09
1971.0 3.591453691189258e-09
1972.0 3.589794989224082e-09
1973.0 3.588136287258907e-09
1974.0 3.586477585293731e-09
1975.0 3.5848188833285545e-09
1976.0 3.5831601813633788e-09
1977.0 3.5815014793982034e-09
1978.0 3.5798427774330273e-09
1979.0 3.578184075467851e-09
1980.0 3.5765253735026757e-09
1981.0 3.5748666715375004e-09
1982.0 3.5732079695723242e-09
1983.0 3.5715492676071476e-09
1984.0 3.5698905656419723e-09
1985.0 3.5682318636767965e-09
1986.0 3.566573161711621e-09
1987.0 3.5650752333887194e-09
1988.0 3.5636018999247193e-09
1989.0 3.5621285664607188e-09
1990.0 3.560655232996719e-09
1991.0 3.559181899532718e-09
1992.0 3.557708566068718e-09
1993.0 3.5562352326047175e-09
1994.0 3.5547618991407174e-09
1995.0 3.5532885656767164e-09
1996.0 3.551815232212717e-09
1997.0 3.5503418987487158e-09
1998.0 3.5488685652847152e-09
1999.0 3.5473952318207147e-09
2000.0 3.5459218983567146e-09
2001.0 3.5444485648927145e-09
2002.0 3.5429752314287144e-09
2003.0 3.5415018979647143e-09
2004.0 3.5400285645007137e-09
2005.0 3.538555231036714e-09
2006.0 3.537081897572713e-09
2007.0 3.535608564108713e-09
2008.0 3.5341352306447124e-09
2009.0 3.532661897180712e-09
2010.0 3.5311885637167118e-09
2011.0 3.5297152302527117e-09
2012.0 3.5282418967887103e-09
2013.0 3.5267685633247114e-09
2014.0 3.525295229860711e-09
2015.0 3.5238218963967104e-09
2016.0 3.5223485629327094e-09
2017.0 3.5208752294687093e-09
2018.0 3.5194018960047092e-09
2019.0 3.5179285625407087e-09
2020.0 3.5164552290767094e-09
2021.0 3.5149818956127076e-09
2022.0 3.513508562148708e-09
2023.0 3.512035228684707e-09
2024.0 3.510561895220707e-09
2025.0 3.509088561756707e-09
2026.0 3.507615228292707e-09
2027.0 3.506141894828706e-09
2028.0 3.504668561364706e-09
2029.0 3.503195227900706e-09
2030.0 3.5017218944367054e-09
2031.0 3.5002485609727052e-09
2032.0 3.498775227508704e-09
2033.0 3.4973018940447046e-09
2034.0 3.495828560580704e-09
2035.0 3.494355227116704e-09
2036.0 3.492881893652703e-09
2037.0 3.4914085601887025e-09
2038.0 3.4899352267247024e-09
2039.0 3.4884618932607022e-09
2040.0 3.486988559796702e-09
2041.0 3.4855152263327016e-09
2042.0 3.4840418928687015e-09
2043.0 3.482568559404701e-09
2044.0 3.481095225940701e-09
2045.0 3.4796218924767e-09
2046.0 3.4781485590127e-09
2047.0 3.4766752255486997e-09
2048.0 3.4752018920847e-09
2049.0 3.4737285586206994e-09
2050.0 3.4722552251566985e-09
2051.0 3.4707818916926984e-09
2052.0 3.4693085582286983e-09
2053.0 3.4678352247646977e-09
2054.0 3.4663618913006976e-09
2055.0 3.464888557836698e-09
2056.0 3.463415224372697e-09
2057.0 3.461941890908696e-09
2058.0 3.4604685574446955e-09
2059.0 3.4589952239806954e-09
2060.0 3.457521890516696e-09
2061.0 3.456048557052695e-09
2062.0 3.4545752235886946e-09
2063.0 3.453101890124694e-09
2064.0 3.451628556660694e-09
2065.0 3.450155223196694e-09
2066.0 3.4486818897326938e-09
2067.0 3.4472085562686932e-09
2068.0 3.445735222804693e-09
2069.0 3.4442618893406926e-09
2070.0 3.442788555876692e-09
2071.0 3.441315222412692e-09
2072.0 3.439841888948692e-09
2073.0 3.4383685554846917e-09
2074.0 3.436895222020691e-09
2075.0 3.4354218885566907e-09
2076.0 3.4339485550926905e-09
2077.0 3.432475221628691e-09
2078.0 3.43100188816469e-09
2079.0 3.429528554700689e-09
2080.0 3.4280552212366897e-09
2081.0 3.4265818877726887e-09
2082.0 3.425108554308688e-09
2083.0 3.423635220844689e-09
2084.0 3.422161887380688e-09
2085.0 3.4206885539166866e-09
2086.0 3.4192152204526873e-09
2087.0 3.4177418869886864e-09
2088.0 3.4162685535246863e-09
2089.0 3.414795220060686e-09
2090.0 3.413321886596686e-09
2091.0 3.4118485531326855e-09
2092.0 3.410375219668686e-09
2093.0 3.408901886204685e-09
2094.0 3.4074285527406847e-09
2095.0 3.4059552192766842e-09
2096.0 3.4044818858126837e-09
2097.0 3.4030085523486836e-09
2098.0 3.401535218884684e-09
2099.0 3.4000618854206838e-09
2100.0 3.398588551956683e-09
2101.0 3.3971152184926827e-09
2102.0 3.3956418850286813e-09
2103.0 3.3941685515646816e-09
2104.0 3.392695218100682e-09
2105.0 3.391221884636681e-09
2106.0 3.38974855117268e-09
2107.0 3.3882752177086808e-09
2108.0 3.3868018842446802e-09
2109.0 3.3853285507806797e-09
2110.0 3.3838552173166796e-09
2111.0 3.3823818838526787e-09
2112.0 3.380908550388679e-09
2113.0 3.3794352169246784e-09
2114.0 3.3779618834606787e-09
2115.0 3.3764885499966778e-09
2116.0 3.3750152165326777e-09
2117.0 3.373541883068677e-09
2118.0 3.372068549604677e-09
2119.0 3.370595216140677e-09
2120.0 3.3691218826766768e-09
2121.0 3.3676485492126763e-09
2122.0 3.366175215748675e-09
2123.0 3.3647018822846756e-09
2124.0 3.3632285488206743e-09
2125.0 3.361755215356674e-09
2126.0 3.360281881892674e-09
2127.0 3.358808548428674e-09
2128.0 3.3573352149646734e-09
2129.0 3.3558618815006737e-09
2130.0 3.3543885480366727e-09
2131.0 3.3529152145726726e-09
2132.0 3.3514418811086725e-09
2133.0 3.349968547644672e-09
2134.0 3.3484952141806715e-09
2135.0 3.3470218807166713e-09
2136.0 3.3455485472526712e-09
2137.0 3.3440752137886703e-09
2138.0 3.3426018803246706e-09
2139.0 3.34112854686067e-09
2140.0 3.339841921306314e-09
2141.0 3.3385792022728847e-09
2142.0 3.3373164832394554e-09
2143.0 3.3360537642060257e-09
2144.0 3.3347910451725973e-09
2145.0 3.333528326139167e-09
2146.0 3.3322656071057387e-09
2147.0 3.331002888072309e-09
2148.0 3.3297401690388797e-09
2149.0 3.3284774500054504e-09
2150.0 3.3272147309720215e-09
2151.0 3.3259520119385926e-09
2152.0 3.3246892929051625e-09
2153.0 3.3234265738717336e-09
2154.0 3.3221638548383047e-09
2155.0 3.320901135804875e-09
2156.0 3.3196384167714457e-09
2157.0 3.3183756977380173e-09
2158.0 3.317112978704588e-09
2159.0 3.315850259671158e-09
2160.0 3.314587540637729e-09
2161.0 3.3133248216042993e-09
2162.0 3.312062102570871e-09
2163.0 3.310799383537442e-09
2164.0 3.3095366645040122e-09
2165.0 3.308273945470583e-09
2166.0 3.3070112264371536e-09
2167.0 3.305748507403724e-09
2168.0 3.304485788370295e-09
2169.0 3.303223069336866e-09
2170.0 3.3019603503034365e-09
2171.0 3.300697631270007e-09
2172.0 3.2994349122365775e-09
2173.0 3.298172193203149e-09
2174.0 3.2969094741697193e-09
2175.0 3.295646755136291e-09
2176.0 3.294384036102861e-09
2177.0 3.293121317069432e-09
2178.0 3.2918585980360025e-09
2179.0 3.290595879002574e-09
2180.0 3.2893331599691444e-09
2181.0 3.2880704409357143e-09
2182.0 3.2868077219022858e-09
2183.0 3.2855450028688557e-09
2184.0 3.284282283835427e-09
2185.0 3.2830195648019975e-09
2186.0 3.281756845768569e-09
2187.0 3.280494126735139e-09
2188.0 3.2792314077017096e-09
2189.0 3.2779686886682803e-09
2190.0 3.276705969634852e-09
2191.0 3.275443250601422e-09
2192.0 3.2741805315679924e-09
2193.0 3.272917812534564e-09
2194.0 3.2716550935011343e-09
2195.0 3.270392374467706e-09
2196.0 3.2691296554342757e-09
2197.0 3.2678669364008472e-09
2198.0 3.2666042173674175e-09
2199.0 3.2653414983339886e-09
2200.0 3.2640787793005585e-09
2201.0 3.26281606026713e-09
2202.0 3.2615533412337008e-09
2203.0 3.260290622200271e-09
2204.0 3.259027903166842e-09
2205.0 3.257765184133413e-09
2206.0 3.256502465099984e-09
2207.0 3.255239746066554e-09
2208.0 3.2539770270331246e-09
2209.0 3.2527143079996957e-09
2210.0 3.251451588966267e-09
2211.0 3.250188869932837e-09
2212.0 3.2489261508994082e-09
2213.0 3.247663431865979e-09
2214.0 3.246400712832549e-09
2215.0 3.2451379937991208e-09
2216.0 3.2438752747656907e-09
2217.0 3.242612555732262e-09
2218.0 3.2413498366988325e-09
2219.0 3.240087117665403e-09
2220.0 3.2388243986319743e-09
2221.0 3.237561679598545e-09
2222.0 3.2362989605651157e-09
2223.0 3.235036241531687e-09
2224.0 3.233773522498257e-09
2225.0 3.232510803464828e-09
2226.0 3.2312480844313994e-09
2227.0 3.2299853653979697e-09
2228.0 3.2287226463645404e-09
2229.0 3.227459927331111e-09
2230.0 3.226197208297682e-09
2231.0 3.224934489264253e-09
2232.0 3.2236717702308236e-09
2233.0 3.222409051197394e-09
2234.0 3.2211463321639646e-09
2235.0 3.2198836131305358e-09
2236.0 3.2186208940971056e-09
2237.0 3.2173581750636776e-09
2238.0 3.2160954560302483e-09
2239.0 3.214832736996819e-09
2240.0 3.2135700179633893e-09
2241.0 3.21230729892996e-09
2242.0 3.2110445798965307e-09
2243.0 3.209781860863102e-09
2244.0 3.208519141829672e-09
2245.0 3.207256422796243e-09
2246.0 3.205993703762814e-09
2247.0 3.204730984729384e-09
2248.0 3.203468265695956e-09
2249.0 3.202205546662526e-09
2250.0 3.200942827629097e-09
2251.0 3.199680108595668e-09
2252.0 3.198417389562238e-09
2253.0 3.197154670528809e-09
2254.0 3.19589195149538e-09
2255.0 3.1946292324619507e-09
2256.0 3.193366513428521e-09
2257.0 3.192103794395092e-09
2258.0 3.1908410753616624e-09
2259.0 3.1895783563282344e-09
2260.0 3.1883156372948043e-09
2261.0 3.187052918261375e-09
2262.0 3.1857901992279457e-09
2263.0 3.184527480194516e-09
2264.0 3.183264761161087e-09
2265.0 3.182002042127658e-09
2266.0 3.180739323094229e-09
2267.0 3.1794766040607992e-09
2268.0 3.178213885027371e-09
2269.0 3.176951165993941e-09
2270.0 3.1756884469605126e-09
2271.0 3.174425727927083e-09
2272.0 3.173163008893653e-09
2273.0 3.171900289860224e-09
2274.0 3.170637570826795e-09
2275.0 3.1693748517933653e-09
2276.0 3.1681121327599364e-09
2277.0 3.166849413726507e-09
2278.0 3.1655866946930782e-09
2279.0 3.164323975659649e-09
2280.0 3.1630612566262192e-09
2281.0 3.1617985375927904e-09
2282.0 3.160535818559361e-09
2283.0 3.1592730995259318e-09
2284.0 3.1580103804925025e-09
2285.0 3.156747661459073e-09
2286.0 3.155484942425644e-09
2287.0 3.154222223392214e-09
2288.0 3.1529595043587853e-09
2289.0 3.151696785325356e-09
2290.0 3.150434066291927e-09
2291.0 3.149171347258497e-09
2292.0 3.1479086282250686e-09
2293.0 3.1466459091916397e-09
2294.0 3.14538319015821e-09
2295.0 3.144120471124781e-09
2296.0 3.1428577520913514e-09
2297.0 3.1415950330579225e-09
2298.0 3.1403323140244932e-09
2299.0 3.139069594991064e-09
2300.0 3.1378068759576342e-09
2301.0 3.1365441569242057e-09
2302.0 3.135281437890776e-09
2303.0 3.134018718857347e-09
2304.0 3.132782060062334e-09
2305.0 3.131732258442004e-09
2306.0 3.1306824568216735e-09
2307.0 3.129632655201343e-09
2308.0 3.1285828535810126e-09
2309.0 3.1275330519606823e-09
2310.0 3.1264832503403525e-09
2311.0 3.1254334487200235e-09
2312.0 3.1243836470996924e-09
2313.0 3.1233338454793626e-09
2314.0 3.1222840438590328e-09
2315.0 3.1212342422387025e-09
2316.0 3.120184440618372e-09
2317.0 3.1191346389980425e-09
2318.0 3.118084837377713e-09
2319.0 3.1170350357573824e-09
2320.0 3.115985234137052e-09
2321.0 3.1149354325167224e-09
2322.0 3.1138856308963917e-09
2323.0 3.1128358292760615e-09
2324.0 3.111786027655732e-09
2325.0 3.1107362260354014e-09
2326.0 3.109686424415072e-09
2327.0 3.1086366227947417e-09
2328.0 3.107586821174411e-09
2329.0 3.1065370195540813e-09
2330.0 3.1054872179337506e-09
2331.0 3.1044374163134204e-09
2332.0 3.103387614693091e-09
2333.0 3.102337813072761e-09
2334.0 3.1012880114524305e-09
2335.0 3.1002382098321003e-09
2336.0 3.099188408211771e-09
2337.0 3.09813860659144e-09
2338.0 3.09708880497111e-09
2339.0 3.0960390033507793e-09
2340.0 3.0949892017304503e-09
2341.0 3.0939394001101196e-09
2342.0 3.0928895984897906e-09
2343.0 3.0918397968694604e-09
2344.0 3.0907899952491298e-09
2345.0 3.0897401936287995e-09
2346.0 3.0886903920084693e-09
2347.0 3.0876405903881394e-09
2348.0 3.0865907887678092e-09
2349.0 3.08554098714748e-09
2350.0 3.0844911855271487e-09
2351.0 3.0834413839068197e-09
2352.0 3.0823915822864887e-09
2353.0 3.0813417806661584e-09
2354.0 3.080291979045829e-09
2355.0 3.079242177425499e-09
2356.0 3.0781923758051685e-09
2357.0 3.0771425741848387e-09
2358.0 3.076092772564509e-09
2359.0 3.0750429709441782e-09
2360.0 3.0739931693238484e-09
2361.0 3.0729433677035186e-09
2362.0 3.0718935660831875e-09
2363.0 3.070843764462858e-09
2364.0 3.0697939628425283e-09
2365.0 3.0687441612221972e-09
2366.0 3.0676943596018682e-09
2367.0 3.066644557981538e-09
2368.0 3.0655947563612086e-09
2369.0 3.064544954740877e-09
2370.0 3.0634951531205477e-09
2371.0 3.062445351500218e-09
2372.0 3.061395549879887e-09
2373.0 3.0603457482595578e-09
2374.0 3.0592959466392275e-09
2375.0 3.0582461450188973e-09
2376.0 3.0571963433985667e-09
2377.0 3.0561465417782372e-09
2378.0 3.0550967401579066e-09
2379.0 3.0540469385375768e-09
2380.0 3.052997136917246e-09
2381.0 3.0519473352969163e-09
2382.0 3.0508975336765865e-09
2383.0 3.0498477320562562e-09
2384.0 3.048797930435926e-09
2385.0 3.047748128815596e-09
2386.0 3.046698327195266e-09
2387.0 3.0456485255749357e-09
2388.0 3.044598723954606e-09
2389.0 3.043548922334276e-09
2390.0 3.042499120713945e-09
2391.0 3.0414493190936155e-09
2392.0 3.0403995174732857e-09
2393.0 3.039349715852955e-09
2394.0 3.0382999142326252e-09
2395.0 3.037250112612296e-09
2396.0 3.0362003109919656e-09
2397.0 3.035150509371635e-09
2398.0 3.034100707751305e-09
2399.0 3.0330509061309753e-09
2400.0 3.0320011045106446e-09
2401.0 3.030951302890315e-09
2402.0 3.0299015012699854e-09
2403.0 3.0288516996496543e-09
2404.0 3.0278018980293245e-09
2405.0 3.0267520964089947e-09
2406.0 3.025702294788664e-09
2407.0 3.0246524931683346e-09
2408.0 3.0236026915480044e-09
2409.0 3.0225528899276733e-09
2410.0 3.0215030883073435e-09
2411.0 3.020453286687014e-09
2412.0 3.019403485066683e-09
2413.0 3.018353683446354e-09
2414.0 3.017303881826024e-09
2415.0 3.016254080205694e-09
2416.0 3.0152042785853633e-09
2417.0 3.014154476965033e-09
2418.0 3.0131046753447024e-09
2419.0 3.012054873724373e-09
2420.0 3.0110050721040436e-09
2421.0 3.0099552704837133e-09
2422.0 3.0089054688633827e-09
2423.0 3.007855667243053e-09
2424.0 3.0068058656227222e-09
2425.0 3.005756064002392e-09
2426.0 3.0047062623820626e-09
2427.0 3.0036564607617327e-09
2428.0 3.0026066591414025e-09
2429.0 3.0015568575210723e-09
2430.0 3.0005070559007424e-09
2431.0 2.9994572542804118e-09
2432.0 2.9984074526600815e-09
2433.0 2.9973576510397517e-09
2434.0 2.9963078494194215e-09
2435.0 2.9952580477990916e-09
2436.0 2.994208246178762e-09
2437.0 2.9931584445584308e-09
2438.0 2.9921086429381013e-09
2439.0 2.991058841317771e-09
2440.0 2.9900090396974405e-09
2441.0 2.988959238077111e-09
2442.0 2.9879094364567812e-09
2443.0 2.98685963483645e-09
2444.0 2.985809833216121e-09
2445.0 2.984760031595791e-09
2446.0 2.9837102299754603e-09
2447.0 2.98266042835513e-09
2448.0 2.9816106267348006e-09
2449.0 2.98056082511447e-09
2450.0 2.97951102349414e-09
2451.0 2.97846122187381e-09
2452.0 2.9774114202534805e-09
2453.0 2.97636161863315e-09
2454.0 2.9753118170128196e-09
2455.0 2.97426201539249e-09
2456.0 2.9732122137721595e-09
2457.0 2.97216241215183e-09
2458.0 2.9711126105315e-09
2459.0 2.97006280891117e-09
2460.0 2.9690130072908394e-09
2461.0 2.967963205670509e-09
2462.0 2.966913404050179e-09
2463.0 2.965863602429849e-09
2464.0 2.9648138008095193e-09
2465.0 2.9637639991891886e-09
2466.0 2.962714197568859e-09
2467.0 2.961664395948529e-09
2468.0 2.9606145943281983e-09
2469.0 2.9595647927078685e-09
2470.0 2.9585149910875387e-09
2471.0 2.9574651894672076e-09
2472.0 2.956415387846878e-09
2473.0 2.9553655862265488e-09
2474.0 2.954315784606218e-09
2475.0 2.953265982985888e-09
2476.0 2.952216181365558e-09
2477.0 2.951166379745228e-09
2478.0 2.950116578124897e-09
2479.0 2.9490667765045677e-09
2480.0 2.9480169748842375e-09
2481.0 2.946967173263908e-09
2482.0 2.945984031076664e-09
2483.0 2.9450341038825428e-09
2484.0 2.9440841766884226e-09
2485.0 2.943134249494301e-09
2486.0 2.9421843223001813e-09
2487.0 2.9412343951060603e-09
2488.0 2.9402844679119397e-09
2489.0 2.9393345407178186e-09
2490.0 2.9383846135236984e-09
2491.0 2.9374346863295786e-09
2492.0 2.9364847591354563e-09
2493.0 2.9355348319413357e-09
2494.0 2.934584904747216e-09
2495.0 2.933634977553094e-09
2496.0 2.9326850503589743e-09
2497.0 2.931735123164853e-09
2498.0 2.930785195970732e-09
2499.0 2.929835268776612e-09
2500.0 2.9288853415824918e-09
2501.0 2.927935414388371e-09
2502.0 2.9269854871942505e-09
2503.0 2.926035560000129e-09
2504.0 2.925085632806009e-09
2505.0 2.924135705611888e-09
2506.0 2.9231857784177668e-09
2507.0 2.9222358512236457e-09
2508.0 2.9212859240295255e-09
2509.0 2.9203359968354045e-09
2510.0 2.9193860696412847e-09
2511.0 2.9184361424471637e-09
2512.0 2.9174862152530426e-09
2513.0 2.916536288058923e-09
2514.0 2.915586360864802e-09
2515.0 2.9146364336706808e-09
2516.0 2.9136865064765605e-09
2517.0 2.9127365792824395e-09
2518.0 2.911786652088319e-09
2519.0 2.9108367248941974e-09
2520.0 2.909886797700078e-09
2521.0 2.908936870505956e-09
2522.0 2.9079869433118364e-09
2523.0 2.9070370161177154e-09
2524.0 2.9060870889235947e-09
2525.0 2.9051371617294745e-09
2526.0 2.904187234535353e-09
2527.0 2.9032373073412324e-09
2528.0 2.9022873801471122e-09
2529.0 2.90133745295299e-09
2530.0 2.9003875257588706e-09
2531.0 2.8994375985647495e-09
2532.0 2.8984876713706293e-09
2533.0 2.8975377441765083e-09
2534.0 2.896587816982388e-09
2535.0 2.8956378897882675e-09
2536.0 2.894687962594146e-09
2537.0 2.893738035400025e-09
2538.0 2.8927881082059056e-09
2539.0 2.8918381810117845e-09
2540.0 2.890888253817664e-09
2541.0 2.889938326623543e-09
2542.0 2.8889883994294223e-09
2543.0 2.8880384722353012e-09
2544.0 2.8870885450411814e-09
2545.0 2.8861386178470604e-09
2546.0 2.8851886906529398e-09
2547.0 2.8842387634588183e-09
2548.0 2.883288836264698e-09
2549.0 2.882338909070577e-09
2550.0 2.8813889818764556e-09
2551.0 2.880439054682336e-09
2552.0 2.8794891274882148e-09
2553.0 2.878539200294095e-09
2554.0 2.877589273099974e-09
2555.0 2.876639345905853e-09
2556.0 2.8756894187117327e-09
2557.0 2.874739491517612e-09
2558.0 2.8737895643234915e-09
2559.0 2.8728396371293704e-09
2560.0 2.87188970993525e-09
2561.0 2.8709397827411296e-09
2562.0 2.8699898555470085e-09
2563.0 2.8690399283528875e-09
2564.0 2.8680900011587673e-09
2565.0 2.867140073964646e-09
2566.0 2.8661901467705256e-09
2567.0 2.8652402195764046e-09
2568.0 2.8642902923822844e-09
2569.0 2.8633403651881634e-09
2570.0 2.8623904379940423e-09
2571.0 2.861440510799922e-09
2572.0 2.8604905836058015e-09
2573.0 2.85954065641168e-09
2574.0 2.8585907292175602e-09
2575.0 2.8576408020234396e-09
2576.0 2.856690874829319e-09
2577.0 2.855740947635198e-09
2578.0 2.8547910204410773e-09
2579.0 2.853841093246957e-09
2580.0 2.8528911660528357e-09
2581.0 2.8519412388587146e-09
2582.0 2.8509913116645952e-09
2583.0 2.850041384470474e-09
2584.0 2.849091457276353e-09
2585.0 2.848141530082232e-09
2586.0 2.8471916028881115e-09
2587.0 2.8462416756939905e-09
2588.0 2.8452917484998703e-09
2589.0 2.84434182130575e-09
2590.0 2.843391894111629e-09
2591.0 2.842441966917508e-09
2592.0 2.8414920397233878e-09
2593.0 2.8405421125292667e-09
2594.0 2.8395921853351457e-09
2595.0 2.8386422581410255e-09
2596.0 2.8376923309469044e-09
2597.0 2.836742403752784e-09
2598.0 2.8357924765586636e-09
2599.0 2.8348425493645426e-09
2600.0 2.833892622170422e-09
2601.0 2.832942694976301e-09
2602.0 2.8319927677821807e-09
2603.0 2.8310428405880597e-09
2604.0 2.8300929133939395e-09
2605.0 2.8291429861998184e-09
2606.0 2.828193059005698e-09
2607.0 2.827243131811577e-09
2608.0 2.8262932046174565e-09
2609.0 2.8253432774233363e-09
2610.0 2.824393350229215e-09
2611.0 2.8234434230350943e-09
2612.0 2.8224934958409736e-09
2613.0 2.821543568646853e-09
2614.0 2.820593641452732e-09
2615.0 2.8196437142586114e-09
2616.0 2.818693787064491e-09
2617.0 2.8177438598703697e-09
2618.0 2.8167939326762495e-09
2619.0 2.815844005482129e-09
2620.0 2.8148940782880082e-09
2621.0 2.813944151093887e-09
2622.0 2.8129942238997666e-09
2623.0 2.812044296705646e-09
2624.0 2.811094369511525e-09
2625.0 2.810144442317404e-09
2626.0 2.8091945151232845e-09
2627.0 2.808244587929163e-09
2628.0 2.807294660735043e-09
2629.0 2.806344733540922e-09
2630.0 2.805394806346801e-09
2631.0 2.8044448791526805e-09
2632.0 2.80349495195856e-09
2633.0 2.8025450247644397e-09
2634.0 2.8015950975703183e-09
2635.0 2.8006451703761972e-09
2636.0 2.799695243182077e-09
2637.0 2.7987453159879564e-09
2638.0 2.7977953887938354e-09
2639.0 2.7968454615997143e-09
2640.0 2.795895534405594e-09
2641.0 2.794945607211473e-09
2642.0 2.793995680017353e-09
2643.0 2.7930457528232322e-09
2644.0 2.7920958256291116e-09
2645.0 2.7911458984349906e-09
2646.0 2.7901959712408704e-09
2647.0 2.7892460440467493e-09
2648.0 2.7882961168526295e-09
2649.0 2.7873461896585085e-09
2650.0 2.7863962624643875e-09
2651.0 2.7854463352702664e-09
2652.0 2.7844964080761466e-09
2653.0 2.7835464808820256e-09
2654.0 2.782596553687904e-09
2655.0 2.781646626493784e-09
2656.0 2.7806966992996633e-09
2657.0 2.779746772105542e-09
2658.0 2.7787968449114216e-09
2659.0 2.777846917717301e-09
2660.0 2.77689699052318e-09
2661.0 2.775947063329059e-09
2662.0 2.774997136134939e-09
2663.0 2.774047208940818e-09
2664.0 2.773097281746698e-09
2665.0 2.772147354552577e-09
2666.0 2.771197427358457e-09
2667.0 2.770247500164336e-09
2668.0 2.7692975729702146e-09
2669.0 2.7683476457760935e-09
2670.0 2.767397718581974e-09
2671.0 2.7664477913878527e-09
2672.0 2.765497864193732e-09
2673.0 2.7646035675381365e-09
2674.0 2.76375588479825e-09
2675.0 2.762908202058364e-09
2676.0 2.7620605193184777e-09
2677.0 2.761212836578592e-09
2678.0 2.7603651538387055e-09
2679.0 2.75951747109882e-09
2680.0 2.7586697883589337e-09
2681.0 2.757822105619047e-09
2682.0 2.756974422879161e-09
2683.0 2.756126740139275e-09
2684.0 2.7552790573993884e-09
2685.0 2.7544313746595027e-09
2686.0 2.7535836919196166e-09
2687.0 2.752736009179731e-09
2688.0 2.7518883264398447e-09
2689.0 2.7510406436999586e-09
2690.0 2.750192960960072e-09
2691.0 2.7493452782201864e-09
2692.0 2.7484975954803003e-09
2693.0 2.747649912740414e-09
2694.0 2.746802230000528e-09
2695.0 2.7459545472606415e-09
2696.0 2.745106864520756e-09
2697.0 2.7442591817808693e-09
2698.0 2.7434114990409836e-09
2699.0 2.7425638163010983e-09
2700.0 2.7417161335612113e-09
2701.0 2.740868450821325e-09
2702.0 2.740020768081439e-09
2703.0 2.7391730853415538e-09
2704.0 2.7383254026016673e-09
2705.0 2.737477719861781e-09
2706.0 2.7366300371218954e-09
2707.0 2.735782354382009e-09
2708.0 2.7349346716421228e-09
2709.0 2.734086988902236e-09
2710.0 2.733239306162351e-09
2711.0 2.7323916234224644e-09
2712.0 2.7315439406825783e-09
2713.0 2.730696257942692e-09
2714.0 2.729848575202806e-09
2715.0 2.72900089246292e-09
2716.0 2.7281532097230343e-09
2717.0 2.7273055269831485e-09
2718.0 2.7264578442432616e-09
2719.0 2.7256101615033755e-09
2720.0 2.724762478763489e-09
2721.0 2.723914796023603e-09
2722.0 2.723067113283718e-09
2723.0 2.7222194305438314e-09
2724.0 2.7213717478039453e-09
2725.0 2.720524065064059e-09
2726.0 2.719676382324173e-09
2727.0 2.7188286995842874e-09
2728.0 2.7179810168444e-09
2729.0 2.7171333341045143e-09
2730.0 2.7162856513646286e-09
2731.0 2.7154379686247425e-09
2732.0 2.714590285884856e-09
2733.0 2.71374260314497e-09
2734.0 2.7128949204050845e-09
2735.0 2.712047237665198e-09
2736.0 2.7111995549253123e-09
2737.0 2.710351872185426e-09
2738.0 2.7095041894455396e-09
2739.0 2.7086565067056535e-09
2740.0 2.707808823965767e-09
2741.0 2.7069611412258813e-09
2742.0 2.706113458485995e-09
2743.0 2.7052657757461095e-09
2744.0 2.704418093006223e-09
2745.0 2.703570410266337e-09
2746.0 2.7027227275264515e-09
2747.0 2.701875044786564e-09
2748.0 2.7010273620466785e-09
2749.0 2.700179679306792e-09
2750.0 2.6993319965669066e-09
2751.0 2.6984843138270205e-09
2752.0 2.697636631087134e-09
2753.0 2.6967889483472483e-09
2754.0 2.695941265607362e-09
2755.0 2.695093582867476e-09
2756.0 2.6942459001275895e-09
2757.0 2.693398217387704e-09
2758.0 2.6925505346478173e-09
2759.0 2.6917028519079316e-09
2760.0 2.6908551691680455e-09
2761.0 2.690007486428159e-09
2762.0 2.6891598036882732e-09
2763.0 2.6883121209483875e-09
2764.0 2.687464438208501e-09
2765.0 2.6866167554686153e-09
2766.0 2.6857690727287288e-09
2767.0 2.6849213899888422e-09
2768.0 2.684073707248956e-09
2769.0 2.683226024509071e-09
2770.0 2.682378341769184e-09
2771.0 2.6815306590292986e-09
2772.0 2.680682976289412e-09
2773.0 2.6798352935495263e-09
2774.0 2.6789876108096402e-09
2775.0 2.6781399280697545e-09
2776.0 2.677292245329868e-09
2777.0 2.676444562589982e-09
2778.0 2.6755968798500957e-09
2779.0 2.6747491971102096e-09
2780.0 2.673901514370323e-09
2781.0 2.6730538316304374e-09
2782.0 2.6722061488905517e-09
2783.0 2.6713584661506656e-09
2784.0 2.6705107834107795e-09
2785.0 2.6696631006708933e-09
2786.0 2.668815417931007e-09
2787.0 2.6679677351911207e-09
2788.0 2.6671200524512346e-09
2789.0 2.666272369711349e-09
2790.0 2.6654246869714627e-09
2791.0 2.664577004231577e-09
2792.0 2.6637293214916905e-09
2793.0 2.6628816387518044e-09
2794.0 2.6620339560119183e-09
2795.0 2.6611862732720326e-09
2796.0 2.660338590532146e-09
2797.0 2.65949090779226e-09
2798.0 2.6586432250523742e-09
2799.0 2.657795542312488e-09
2800.0 2.6569478595726016e-09
2801.0 2.6561001768327163e-09
2802.0 2.655252494092829e-09
2803.0 2.6544048113529436e-09
2804.0 2.6535571286130575e-09
2805.0 2.652709445873171e-09
2806.0 2.651861763133285e-09
2807.0 2.6510140803933987e-09
2808.0 2.6501663976535126e-09
2809.0 2.6493187149136273e-09
2810.0 2.648471032173741e-09
2811.0 2.647623349433855e-09
2812.0 2.6467756666939686e-09
2813.0 2.6459279839540833e-09
2814.0 2.6450803012141963e-09
2815.0 2.6442326184743098e-09
2816.0 2.643384935734424e-09
2817.0 2.642537252994538e-09
2818.0 2.641689570254652e-09
2819.0 2.6408418875147657e-09
2820.0 2.6399942047748796e-09
2821.0 2.6391465220349935e-09
2822.0 2.6382988392951078e-09
2823.0 2.6374511565552217e-09
2824.0 2.636603473815335e-09
2825.0 2.6357557910754486e-09
2826.0 2.634908108335563e-09
2827.0 2.6340604255956768e-09
2828.0 2.6332127428557907e-09
2829.0 2.632365060115905e-09
2830.0 2.631517377376019e-09
2831.0 2.6306696946361327e-09
2832.0 2.6298220118962466e-09
2833.0 2.6289743291563605e-09
2834.0 2.628126646416474e-09
2835.0 2.6272789636765882e-09
2836.0 2.626431280936702e-09
2837.0 2.6255835981968156e-09
2838.0 2.62473591545693e-09
2839.0 2.6238882327170438e-09
2840.0 2.6230405499771577e-09
2841.0 2.622192867237272e-09
2842.0 2.621345184497386e-09
2843.0 2.6204975017574985e-09
2844.0 2.619649819017613e-09
2845.0 2.618802136277727e-09
2846.0 2.617954453537841e-09
2847.0 2.617106770797955e-09
2848.0 2.616259088058069e-09
2849.0 2.6154114053181826e-09
2850.0 2.6145637225782965e-09
2851.0 2.613716039838411e-09
2852.0 2.6128683570985247e-09
2853.0 2.612020674358638e-09
2854.0 2.6111729916187516e-09
2855.0 2.6103253088788655e-09
2856.0 2.60947762613898e-09
2857.0 2.608629943399094e-09
2858.0 2.607782260659208e-09
2859.0 2.606934577919322e-09
2860.0 2.6060868951794357e-09
2861.0 2.605239212439549e-09
2862.0 2.6043915296996635e-09
2863.0 2.6035438469597774e-09
2864.0 2.6026961642198912e-09
2865.0 2.601848481480005e-09
2866.0 2.601000798740119e-09
2867.0 2.600153116000233e-09
2868.0 2.599305433260347e-09
2869.0 2.5984577505204606e-09
2870.0 2.597610067780575e-09
2871.0 2.596762385040689e-09
2872.0 2.5959147023008023e-09
2873.0 2.5950670195609166e-09
2874.0 2.59421933682103e-09
2875.0 2.5933716540811443e-09
2876.0 2.5925239713412582e-09
2877.0 2.591676288601372e-09
2878.0 2.590828605861486e-09
2879.0 2.5900597954749895e-09
2880.0 2.589324855241454e-09
2881.0 2.5885899150079184e-09
2882.0 2.5878549747743834e-09
2883.0 2.587120034540848e-09
2884.0 2.5863850943073127e-09
2885.0 2.5856501540737774e-09
2886.0 2.584915213840242e-09
2887.0 2.5841802736067066e-09
2888.0 2.5834453333731717e-09
2889.0 2.5827103931396363e-09
2890.0 2.581975452906101e-09
2891.0 2.5812405126725656e-09
2892.0 2.5805055724390303e-09
2893.0 2.5797706322054953e-09
2894.0 2.57903569197196e-09
2895.0 2.5783007517384246e-09
2896.0 2.5775658115048892e-09
2897.0 2.576830871271354e-09
2898.0 2.5760959310378185e-09
2899.0 2.5753609908042836e-09
2900.0 2.5746260505707474e-09
2901.0 2.573891110337213e-09
2902.0 2.573156170103678e-09
2903.0 2.5724212298701426e-09
2904.0 2.5716862896366068e-09
2905.0 2.570951349403072e-09
2906.0 2.5702164091695365e-09
2907.0 2.5694814689360015e-09
2908.0 2.5687465287024654e-09
2909.0 2.568011588468931e-09
2910.0 2.567276648235395e-09
2911.0 2.5665417080018605e-09
2912.0 2.565806767768325e-09
2913.0 2.565071827534789e-09
2914.0 2.5643368873012544e-09
2915.0 2.5636019470677187e-09
2916.0 2.5628670068341833e-09
2917.0 2.5621320666006488e-09
2918.0 2.561397126367113e-09
2919.0 2.560662186133578e-09
2920.0 2.5599272459000423e-09
2921.0 2.559192305666507e-09
2922.0 2.5584573654329724e-09
2923.0 2.5577224251994366e-09
2924.0 2.5569874849659013e-09
2925.0 2.556252544732366e-09
2926.0 2.5555176044988306e-09
2927.0 2.5547826642652956e-09
2928.0 2.55404772403176e-09
2929.0 2.553312783798225e-09
2930.0 2.5525778435646895e-09
2931.0 2.551842903331154e-09
2932.0 2.551107963097619e-09
2933.0 2.5503730228640835e-09
2934.0 2.549638082630548e-09
2935.0 2.548903142397013e-09
2936.0 2.548168202163478e-09
2937.0 2.5474332619299424e-09
2938.0 2.546698321696407e-09
2939.0 2.5459633814628717e-09
2940.0 2.5452284412293364e-09
2941.0 2.5444935009958014e-09
2942.0 2.543758560762266e-09
2943.0 2.5430236205287307e-09
2944.0 2.5422886802951954e-09
2945.0 2.54155374006166e-09
2946.0 2.5408187998281246e-09
2947.0 2.5400838595945897e-09
2948.0 2.5393489193610543e-09
2949.0 2.538613979127519e-09
2950.0 2.5378790388939836e-09
2951.0 2.5371440986604483e-09
2952.0 2.5364091584269133e-09
2953.0 2.535674218193378e-09
2954.0 2.5349392779598426e-09
2955.0 2.5342043377263072e-09
2956.0 2.533469397492772e-09
2957.0 2.5327344572592365e-09
2958.0 2.5319995170257016e-09
2959.0 2.5312645767921662e-09
2960.0 2.530529636558631e-09
2961.0 2.5297946963250955e-09
2962.0 2.52905975609156e-09
2963.0 2.5283248158580248e-09
2964.0 2.5275898756244903e-09
2965.0 2.5268549353909545e-09
2966.0 2.5261199951574187e-09
2967.0 2.5253850549238834e-09
2968.0 2.524650114690348e-09
2969.0 2.5239151744568126e-09
2970.0 2.5231802342232773e-09
2971.0 2.5224452939897415e-09
2972.0 2.5217103537562066e-09
2973.0 2.520975413522672e-09
2974.0 2.5202404732891367e-09
2975.0 2.5195055330556005e-09
2976.0 2.5187705928220655e-09
2977.0 2.5180356525885298e-09
2978.0 2.517300712354995e-09
2979.0 2.5165657721214603e-09
2980.0 2.5158308318879245e-09
2981.0 2.515095891654389e-09
2982.0 2.514360951420854e-09
2983.0 2.513626011187318e-09
2984.0 2.512891070953784e-09
2985.0 2.512156130720248e-09
2986.0 2.5114211904867128e-09
2987.0 2.5106862502531774e-09
2988.0 2.509951310019642e-09
2989.0 2.509216369786107e-09
2990.0 2.5084814295525718e-09
2991.0 2.5077464893190364e-09
2992.0 2.507011549085501e-09
2993.0 2.5062766088519657e-09
2994.0 2.5055416686184303e-09
2995.0 2.5048067283848954e-09
2996.0 2.50407178815136e-09
2997.0 2.5033368479178247e-09
2998.0 2.5026019076842893e-09
2999.0 2.501866967450754e-09
3000.0 2.5011320272172186e-09
3001.0 2.5003970869836837e-09
3002.0 2.4996621467501483e-09
3003.0 2.498927206516613e-09
3004.0 2.4981922662830776e-09
3005.0 2.4974573260495422e-09
3006.0 2.496722385816007e-09
3007.0 2.495987445582472e-09
3008.0 2.4952525053489366e-09
3009.0 2.494517565115401e-09
3010.0 2.493782624881866e-09
3011.0 2.4930476846483305e-09
3012.0 2.492312744414795e-09
3013.0 2.49157780418126e-09
3014.0 2.490842863947725e-09
3015.0 2.4901079237141895e-09
3016.0 2.489372983480654e-09
3017.0 2.4886380432471187e-09
3018.0 2.487903103013584e-09
3019.0 2.4871681627800484e-09
3020.0 2.486433222546513e-09
3021.0 2.4856982823129777e-09
3022.0 2.4849633420794424e-09
3023.0 2.484228401845907e-09
3024.0 2.483493461612372e-09
3025.0 2.4827585213788367e-09
3026.0 2.4820235811453014e-09
3027.0 2.481288640911766e-09
3028.0 2.4805537006782306e-09
3029.0 2.4798187604446953e-09
3030.0 2.4790838202111603e-09
3031.0 2.478348879977625e-09
3032.0 2.4776139397440896e-09
3033.0 2.4768789995105543e-09
3034.0 2.476144059277019e-09
3035.0 2.4754091190434835e-09
3036.0 2.4746741788099486e-09
3037.0 2.4739392385764132e-09
3038.0 2.473204298342878e-09
3039.0 2.4724693581093425e-09
3040.0 2.471734417875807e-09
3041.0 2.4709994776422726e-09
3042.0 2.470264537408737e-09
3043.0 2.4695295971752015e-09
3044.0 2.4687946569416666e-09
3045.0 2.4680597167081304e-09
3046.0 2.4673247764745954e-09
3047.0 2.46658983624106e-09
3048.0 2.465854896007525e-09
3049.0 2.46511995577399e-09
3050.0 2.464385015540454e-09
3051.0 2.463650075306919e-09
3052.0 2.4629151350733837e-09
3053.0 2.4621801948398483e-09
3054.0 2.4614452546063134e-09
3055.0 2.460710314372778e-09
3056.0 2.4599753741392423e-09
3057.0 2.459240433905707e-09
3058.0 2.4585054936721715e-09
3059.0 2.457770553438636e-09
3060.0 2.457035613205101e-09
3061.0 2.456300672971566e-09
3062.0 2.4555657327380305e-09
3063.0 2.454830792504495e-09
3064.0 2.45409585227096e-09
3065.0 2.4533609120374244e-09
3066.0 2.452625971803889e-09
3067.0 2.451891031570354e-09
3068.0 2.4511560913368188e-09
3069.0 2.4504211511032834e-09
3070.0 2.449686210869748e-09
3071.0 2.4489512706362127e-09
3072.0 2.4482163304026774e-09
3073.0 2.4474813901691424e-09
3074.0 2.446746449935607e-09
3075.0 2.4460115097020717e-09
3076.0 2.4452765694685363e-09
3077.0 2.444541629235001e-09
3078.0 2.4438066890014656e-09
3079.0 2.4430717487679307e-09
3080.0 2.4423368085343953e-09
3081.0 2.44160186830086e-09
3082.0 2.4408669280673246e-09
3083.0 2.4401319878337892e-09
3084.0 2.4393970476002543e-09
3085.0 2.438662107366719e-09
3086.0 2.4379271671331836e-09
3087.0 2.4371922268996482e-09
3088.0 2.436457286666113e-09
3089.0 2.4357223464325775e-09
3090.0 2.4349874061990426e-09
3091.0 2.434252465965507e-09
3092.0 2.433517525731972e-09
3093.0 2.4327825854984365e-09
3094.0 2.432047645264901e-09
3095.0 2.4313127050313658e-09
3096.0 2.430577764797831e-09
3097.0 2.429842824564295e-09
3098.0 2.42910788433076e-09
3099.0 2.4283729440972243e-09
3100.0 2.427638003863689e-09
