2.0 1.923436973181078e-06
3.0 2.431060552528158e-06
4.0 2.829701575637251e-06
5.0 3.1369634760335407e-06
6.0 3.3694142513049255e-06
7.0 3.5387825215323224e-06
8.0 3.6511232808298054e-06
9.0 3.719787827265605e-06
10.0 3.749949365471702e-06
11.0 3.7505416661735567e-06
12.0 3.725126368974949e-06
13.0 3.6807047984901488e-06
14.0 3.6219940348817994e-06
15.0 3.5525409657267176e-06
16.0 3.476575803362052e-06
17.0 3.3942828592059015e-06
18.0 3.3093443093774048e-06
19.0 3.2236713646744348e-06
20.0 3.1379735460755967e-06
21.0 3.0532732858344325e-06
22.0 2.969886092286223e-06
23.0 2.8877634504743807e-06
24.0 2.8091970418979327e-06
25.0 2.7315563760160775e-06
26.0 2.6580610850631812e-06
27.0 2.585331241452594e-06
28.0 2.5168987655361745e-06
29.0 2.4488894408446695e-06
30.0 2.38554447216013e-06
31.0 2.3221995034755903e-06
32.0 2.2632371813741483e-06
33.0 2.205012897032636e-06
34.0 2.1491033186096417e-06
35.0 2.0959439133615345e-06
36.0 2.042784508113427e-06
37.0 1.9936339515272537e-06
38.0 1.945064585890679e-06
39.0 1.896914384646551e-06
40.0 1.8529641129827466e-06
41.0 1.8090138413189423e-06
42.0 1.7654722131538184e-06
43.0 1.72587935771975e-06
44.0 1.686286502285682e-06
45.0 1.6466936468516138e-06
46.0 1.610512197522347e-06
47.0 1.5748587164125265e-06
48.0 1.5392052353027063e-06
49.0 1.5050351662377878e-06
50.0 1.4731896784667244e-06
51.0 1.4413441906956615e-06
52.0 1.4094987029245983e-06
53.0 1.379914729490638e-06
54.0 1.351573520887012e-06
55.0 1.3232323122833857e-06
56.0 1.2948911036797597e-06
57.0 1.268591156787077e-06
58.0 1.243581156848642e-06
59.0 1.2185711569102073e-06
60.0 1.1935611569717727e-06
61.0 1.1693508715874436e-06
62.0 1.1473074776096913e-06
63.0 1.1252640836319394e-06
64.0 1.1032206896541873e-06
65.0 1.081177295676435e-06
66.0 1.0607707588942384e-06
67.0 1.0414930603937593e-06
68.0 1.0222153618932802e-06
69.0 1.002937663392801e-06
70.0 9.836599648923217e-07
71.0 9.657859168935006e-07
72.0 9.490427349242678e-07
73.0 9.32299552955035e-07
74.0 9.15556370985802e-07
75.0 8.988131890165696e-07
76.0 8.823552687748214e-07
77.0 8.678453457240245e-07
78.0 8.533354226732274e-07
79.0 8.388254996224302e-07
80.0 8.243155765716331e-07
81.0 8.098056535208358e-07
82.0 7.958759047204368e-07
83.0 7.83410923470243e-07
84.0 7.709459422200494e-07
85.0 7.584809609698558e-07
86.0 7.460159797196623e-07
87.0 7.335509984694686e-07
88.0 7.210860172192751e-07
89.0 7.103565755644291e-07
90.0 6.996454482677722e-07
91.0 6.889343209711152e-07
92.0 6.782231936744582e-07
93.0 6.675120663778016e-07
94.0 6.568009390811445e-07
95.0 6.464387888785118e-07
96.0 6.373847266737627e-07
97.0 6.283306644690136e-07
98.0 6.192766022642645e-07
99.0 6.102225400595153e-07
100.0 6.011684778547662e-07
101.0 5.921144156500171e-07
102.0 5.830603534452681e-07
103.0 5.752252679265744e-07
104.0 5.675114833290707e-07
105.0 5.597976987315668e-07
106.0 5.52083914134063e-07
107.0 5.443701295365591e-07
108.0 5.366563449390553e-07
109.0 5.289425603415514e-07
110.0 5.212825236070325e-07
111.0 5.147364562688066e-07
112.0 5.081903889305811e-07
113.0 5.016443215923555e-07
114.0 4.9509825425413e-07
115.0 4.885521869159044e-07
116.0 4.820061195776788e-07
117.0 4.7546005223945306e-07
118.0 4.689139849012276e-07
119.0 4.6301930946450006e-07
120.0 4.576024034586277e-07
121.0 4.52185497452755e-07
122.0 4.4676859144688245e-07
123.0 4.413516854410098e-07
124.0 4.359347794351372e-07
125.0 4.305178734292647e-07
126.0 4.251009674233921e-07
127.0 4.196840614175194e-07
128.0 4.1465110315433724e-07
129.0 4.1007729239042565e-07
130.0 4.05503481626514e-07
131.0 4.0092967086260226e-07
132.0 3.9635586009869056e-07
133.0 3.9178204933477897e-07
134.0 3.872082385708674e-07
135.0 3.8263442780695553e-07
136.0 3.7806061704304394e-07
137.0 3.734868062791323e-07
138.0 3.693915040741567e-07
139.0 3.655756103479367e-07
140.0 3.6175971662171663e-07
141.0 3.5794382289549677e-07
142.0 3.5412792916927664e-07
143.0 3.503120354430567e-07
144.0 3.464961417168366e-07
145.0 3.4268024799061667e-07
146.0 3.388643542643967e-07
147.0 3.350484605381767e-07
148.0 3.312663983994644e-07
149.0 3.281191335100023e-07
150.0 3.2497186862054034e-07
151.0 3.2182460373107835e-07
152.0 3.1867733884161635e-07
153.0 3.155300739521544e-07
154.0 3.1238280906269237e-07
155.0 3.092355441732304e-07
156.0 3.0608827928376833e-07
157.0 3.029410143943064e-07
158.0 2.9979374950484435e-07
159.0 2.966464846153823e-07
160.0 2.9384917204850377e-07
161.0 2.9123628877116123e-07
162.0 2.886234054938187e-07
163.0 2.860105222164761e-07
164.0 2.8339763893913345e-07
165.0 2.8078475566179107e-07
166.0 2.781718723844484e-07
167.0 2.7555898910710583e-07
168.0 2.729461058297633e-07
169.0 2.7033322255242075e-07
170.0 2.6772033927507827e-07
171.0 2.6510745599773557e-07
172.0 2.6267367181547386e-07
173.0 2.6053037353330247e-07
174.0 2.583870752511312e-07
175.0 2.5624377696895986e-07
176.0 2.541004786867886e-07
177.0 2.5195718040461724e-07
178.0 2.4981388212244596e-07
179.0 2.476705838402746e-07
180.0 2.4552728555810334e-07
181.0 2.43383987275932e-07
182.0 2.4124068899376067e-07
183.0 2.3909739071158933e-07
184.0 2.3695409242941803e-07
185.0 2.348716977599691e-07
186.0 2.331030388692667e-07
187.0 2.313343799785641e-07
188.0 2.2956572108786162e-07
189.0 2.277970621971591e-07
190.0 2.2602840330645657e-07
191.0 2.2425974441575402e-07
192.0 2.2249108552505147e-07
193.0 2.20722426634349e-07
194.0 2.1895376774364645e-07
195.0 2.1718510885294396e-07
196.0 2.154164499622414e-07
197.0 2.1364779107153889e-07
198.0 2.1187913218083636e-07
199.0 2.1011047329013384e-07
200.0 2.0863908260469894e-07
201.0 2.071916004458005e-07
202.0 2.0574411828690207e-07
203.0 2.0429663612800375e-07
204.0 2.0284915396910537e-07
205.0 2.0140167181020696e-07
206.0 1.9995418965130853e-07
207.0 1.9850670749241018e-07
208.0 1.9705922533351177e-07
209.0 1.9561174317461345e-07
210.0 1.9416426101571501e-07
211.0 1.927167788568166e-07
212.0 1.9126929669791823e-07
213.0 1.898218145390198e-07
214.0 1.8837433238012144e-07
215.0 1.8708630915680842e-07
216.0 1.8590820365659879e-07
217.0 1.8473009815638912e-07
218.0 1.8355199265617948e-07
219.0 1.823738871559698e-07
220.0 1.8119578165576015e-07
221.0 1.800176761555505e-07
222.0 1.7883957065534088e-07
223.0 1.7766146515513113e-07
224.0 1.7648335965492155e-07
225.0 1.7530525415471183e-07
226.0 1.7412714865450216e-07
227.0 1.7294904315429252e-07
228.0 1.7177093765408286e-07
229.0 1.7059283215387322e-07
230.0 1.6941472665366353e-07
231.0 1.6825280001173284e-07
232.0 1.6728402621396965e-07
233.0 1.6631525241620648e-07
234.0 1.653464786184433e-07
235.0 1.6437770482068003e-07
236.0 1.6340893102291692e-07
237.0 1.6244015722515375e-07
238.0 1.6147138342739055e-07
239.0 1.6050260962962736e-07
240.0 1.5953383583186414e-07
241.0 1.5856506203410094e-07
242.0 1.575962882363378e-07
243.0 1.5662751443857458e-07
244.0 1.5565874064081138e-07
245.0 1.5468996684304819e-07
246.0 1.5372119304528502e-07
247.0 1.5275241924752185e-07
248.0 1.517836454497587e-07
249.0 1.5086842538819528e-07
250.0 1.5008394633373124e-07
251.0 1.4929946727926718e-07
252.0 1.485149882248031e-07
253.0 1.477305091703391e-07
254.0 1.4694603011587506e-07
255.0 1.4616155106141102e-07
256.0 1.45377072006947e-07
257.0 1.4459259295248294e-07
258.0 1.438081138980189e-07
259.0 1.4302363484355484e-07
260.0 1.4223915578909083e-07
261.0 1.4145467673462679e-07
262.0 1.4067019768016272e-07
263.0 1.3988571862569865e-07
264.0 1.3910123957123464e-07
265.0 1.3831676051677058e-07
266.0 1.375322814623066e-07
267.0 1.3674780240784252e-07
268.0 1.359832610113841e-07
269.0 1.353477088921444e-07
270.0 1.347121567729047e-07
271.0 1.3407660465366502e-07
272.0 1.3344105253442534e-07
273.0 1.3280550041518563e-07
274.0 1.3216994829594592e-07
275.0 1.3153439617670627e-07
276.0 1.3089884405746658e-07
277.0 1.3026329193822687e-07
278.0 1.2962773981898714e-07
279.0 1.2899218769974748e-07
280.0 1.2835663558050777e-07
281.0 1.2772108346126812e-07
282.0 1.2708553134202838e-07
283.0 1.264499792227887e-07
284.0 1.25814427103549e-07
285.0 1.251788749843093e-07
286.0 1.2454332286506962e-07
287.0 1.2390777074582994e-07
288.0 1.232722186265902e-07
289.0 1.2269510896784925e-07
290.0 1.2217606248662814e-07
291.0 1.216570160054071e-07
292.0 1.2113796952418594e-07
293.0 1.206189230429649e-07
294.0 1.2009987656174378e-07
295.0 1.1958083008052261e-07
296.0 1.1906178359930156e-07
297.0 1.1854273711808043e-07
298.0 1.1802369063685935e-07
299.0 1.1750464415563823e-07
300.0 1.1698559767441714e-07
301.0 1.1646655119319602e-07
302.0 1.1594750471197491e-07
303.0 1.1542845823075384e-07
304.0 1.149094117495327e-07
305.0 1.1439036526831162e-07
306.0 1.1387131878709049e-07
307.0 1.1335227230586936e-07
308.0 1.1283322582464831e-07
309.0 1.1231417934342716e-07
310.0 1.1179513286220608e-07
311.0 1.1130356404627554e-07
312.0 1.108825848360746e-07
313.0 1.1046160562587366e-07
314.0 1.1004062641567273e-07
315.0 1.096196472054718e-07
316.0 1.0919866799527085e-07
317.0 1.0877768878506994e-07
318.0 1.08356709574869e-07
319.0 1.0793573036466807e-07
320.0 1.0751475115446712e-07
321.0 1.0709377194426618e-07
322.0 1.0667279273406528e-07
323.0 1.0625181352386434e-07
324.0 1.0583083431366339e-07
325.0 1.0540985510346245e-07
326.0 1.0498887589326154e-07
327.0 1.0456789668306058e-07
328.0 1.0414691747285965e-07
329.0 1.0372593826265875e-07
330.0 1.0330495905245778e-07
331.0 1.0288397984225689e-07
332.0 1.0246300063205593e-07
333.0 1.0204202142185498e-07
334.0 1.0162104221165405e-07
335.0 1.0122746517081692e-07
336.0 1.0088541793537881e-07
337.0 1.0054337069994071e-07
338.0 1.002013234645026e-07
339.0 9.98592762290645e-08
340.0 9.951722899362637e-08
341.0 9.917518175818829e-08
342.0 9.883313452275016e-08
343.0 9.849108728731206e-08
344.0 9.814904005187398e-08
345.0 9.780699281643585e-08
346.0 9.746494558099776e-08
347.0 9.712289834555965e-08
348.0 9.678085111012155e-08
349.0 9.643880387468343e-08
350.0 9.609675663924531e-08
351.0 9.57547094038072e-08
352.0 9.541266216836912e-08
353.0 9.5070614932931e-08
354.0 9.47285676974929e-08
355.0 9.438652046205477e-08
356.0 9.404447322661669e-08
357.0 9.370242599117859e-08
358.0 9.336037875574047e-08
359.0 9.301833152030235e-08
360.0 9.267628428486426e-08
361.0 9.237109072057144e-08
362.0 9.209361945257031e-08
363.0 9.181614818456918e-08
364.0 9.153867691656803e-08
365.0 9.126120564856691e-08
366.0 9.098373438056577e-08
367.0 9.070626311256465e-08
368.0 9.04287918445635e-08
369.0 9.015132057656236e-08
370.0 8.987384930856125e-08
371.0 8.959637804056009e-08
372.0 8.931890677255896e-08
373.0 8.904143550455782e-08
374.0 8.876396423655669e-08
375.0 8.848649296855555e-08
376.0 8.820902170055443e-08
377.0 8.793155043255329e-08
378.0 8.765407916455216e-08
379.0 8.737660789655102e-08
380.0 8.709913662854989e-08
381.0 8.682166536054877e-08
382.0 8.654419409254763e-08
383.0 8.62667228245465e-08
384.0 8.598925155654535e-08
385.0 8.57117802885442e-08
386.0 8.543430902054308e-08
387.0 8.515683775254194e-08
388.0 8.48793664845408e-08
389.0 8.464289782523751e-08
390.0 8.441612059495851e-08
391.0 8.418934336467958e-08
392.0 8.39625661344006e-08
393.0 8.373578890412163e-08
394.0 8.350901167384267e-08
395.0 8.328223444356371e-08
396.0 8.305545721328475e-08
397.0 8.282867998300578e-08
398.0 8.26019027527268e-08
399.0 8.237512552244783e-08
400.0 8.214834829216887e-08
401.0 8.192157106188987e-08
402.0 8.169479383161092e-08
403.0 8.146801660133195e-08
404.0 8.124123937105297e-08
405.0 8.1014462140774e-08
406.0 8.078768491049503e-08
407.0 8.056090768021609e-08
408.0 8.033413044993709e-08
409.0 8.010735321965813e-08
410.0 7.988057598937917e-08
411.0 7.96537987591002e-08
412.0 7.942702152882123e-08
413.0 7.920024429854226e-08
414.0 7.897346706826329e-08
415.0 7.874668983798435e-08
416.0 7.851991260770535e-08
417.0 7.829313537742637e-08
418.0 7.806635814714743e-08
419.0 7.787652200903349e-08
420.0 7.769040177762125e-08
421.0 7.750428154620897e-08
422.0 7.731816131479673e-08
423.0 7.713204108338449e-08
424.0 7.694592085197226e-08
425.0 7.675980062056001e-08
426.0 7.657368038914775e-08
427.0 7.63875601577355e-08
428.0 7.620143992632325e-08
429.0 7.601531969491098e-08
430.0 7.582919946349875e-08
431.0 7.564307923208649e-08
432.0 7.545695900067423e-08
433.0 7.527083876926199e-08
434.0 7.508471853784974e-08
435.0 7.48985983064375e-08
436.0 7.471247807502526e-08
437.0 7.452635784361299e-08
438.0 7.434023761220074e-08
439.0 7.415411738078848e-08
440.0 7.396799714937624e-08
441.0 7.3781876917964e-08
442.0 7.359575668655175e-08
443.0 7.34096364551395e-08
444.0 7.322351622372723e-08
445.0 7.303739599231499e-08
446.0 7.285127576090275e-08
447.0 7.266515552949051e-08
448.0 7.247903529807823e-08
449.0 7.229291506666599e-08
450.0 7.210679483525374e-08
451.0 7.194532031798322e-08
452.0 7.179414203755606e-08
453.0 7.164296375712895e-08
454.0 7.14917854767018e-08
455.0 7.134060719627467e-08
456.0 7.118942891584754e-08
457.0 7.103825063542041e-08
458.0 7.08870723549933e-08
459.0 7.073589407456614e-08
460.0 7.0584715794139e-08
461.0 7.043353751371187e-08
462.0 7.028235923328476e-08
463.0 7.013118095285763e-08
464.0 6.998000267243048e-08
465.0 6.982882439200333e-08
466.0 6.967764611157619e-08
467.0 6.952646783114909e-08
468.0 6.937528955072195e-08
469.0 6.922411127029481e-08
470.0 6.907293298986767e-08
471.0 6.892175470944054e-08
472.0 6.877057642901341e-08
473.0 6.861939814858628e-08
474.0 6.846821986815914e-08
475.0 6.831704158773203e-08
476.0 6.816586330730489e-08
477.0 6.801468502687774e-08
478.0 6.78635067464506e-08
479.0 6.771232846602346e-08
480.0 6.756115018559636e-08
481.0 6.74099719051692e-08
482.0 6.725879362474208e-08
483.0 6.710761534431494e-08
484.0 6.69564370638878e-08
485.0 6.680580455288343e-08
486.0 6.667986690869269e-08
487.0 6.655392926450193e-08
488.0 6.642799162031118e-08
489.0 6.630205397612044e-08
490.0 6.617611633192968e-08
491.0 6.605017868773893e-08
492.0 6.592424104354819e-08
493.0 6.579830339935746e-08
494.0 6.567236575516669e-08
495.0 6.554642811097594e-08
496.0 6.54204904667852e-08
497.0 6.529455282259445e-08
498.0 6.516861517840369e-08
499.0 6.504267753421296e-08
500.0 6.49167398900222e-08
501.0 6.479080224583146e-08
502.0 6.466486460164071e-08
503.0 6.453892695744995e-08
504.0 6.441298931325922e-08
505.0 6.428705166906845e-08
506.0 6.416111402487772e-08
507.0 6.403517638068696e-08
508.0 6.390923873649622e-08
509.0 6.378330109230546e-08
510.0 6.365736344811471e-08
511.0 6.353142580392397e-08
512.0 6.340548815973321e-08
513.0 6.327955051554248e-08
514.0 6.315361287135173e-08
515.0 6.302767522716096e-08
516.0 6.290173758297023e-08
517.0 6.277579993877947e-08
518.0 6.264986229458871e-08
519.0 6.252392465039798e-08
520.0 6.239798700620724e-08
521.0 6.227204936201648e-08
522.0 6.214611171782575e-08
523.0 6.203440892724463e-08
524.0 6.192983154318865e-08
525.0 6.182525415913268e-08
526.0 6.17206767750767e-08
527.0 6.161609939102072e-08
528.0 6.151152200696474e-08
529.0 6.140694462290877e-08
530.0 6.130236723885279e-08
531.0 6.119778985479682e-08
532.0 6.109321247074083e-08
533.0 6.098863508668483e-08
534.0 6.088405770262888e-08
535.0 6.077948031857289e-08
536.0 6.067490293451691e-08
537.0 6.057032555046095e-08
538.0 6.046574816640496e-08
539.0 6.036117078234896e-08
540.0 6.0256593398293e-08
541.0 6.015201601423702e-08
542.0 6.004743863018103e-08
543.0 5.994286124612507e-08
544.0 5.983828386206908e-08
545.0 5.97337064780131e-08
546.0 5.962912909395713e-08
547.0 5.952455170990115e-08
548.0 5.941997432584517e-08
549.0 5.9315396941789205e-08
550.0 5.921081955773321e-08
551.0 5.9106242173677235e-08
552.0 5.900166478962124e-08
553.0 5.889708740556527e-08
554.0 5.8792510021509295e-08
555.0 5.868793263745331e-08
556.0 5.858335525339732e-08
557.0 5.8478777869341355e-08
558.0 5.837420048528537e-08
559.0 5.826962310122939e-08
560.0 5.816504571717343e-08
561.0 5.806046833311745e-08
562.0 5.795589094906148e-08
563.0 5.7858768776747637e-08
564.0 5.7771371377608794e-08
565.0 5.768397397846994e-08
566.0 5.759657657933108e-08
567.0 5.750917918019224e-08
568.0 5.7421781781053385e-08
569.0 5.733438438191454e-08
570.0 5.724698698277567e-08
571.0 5.715958958363683e-08
572.0 5.7072192184497975e-08
573.0 5.698479478535913e-08
574.0 5.689739738622028e-08
575.0 5.680999998708142e-08
576.0 5.6722602587942585e-08
577.0 5.6635205188803736e-08
578.0 5.6547807789664854e-08
579.0 5.6460410390526025e-08
580.0 5.637301299138717e-08
581.0 5.628561559224833e-08
582.0 5.619821819310948e-08
583.0 5.611082079397062e-08
584.0 5.6023423394831766e-08
585.0 5.593602599569292e-08
586.0 5.584862859655407e-08
587.0 5.57612311974152e-08
588.0 5.567383379827636e-08
589.0 5.558643639913751e-08
590.0 5.549903899999865e-08
591.0 5.5411641600859796e-08
592.0 5.5324244201720954e-08
593.0 5.523684680258211e-08
594.0 5.514944940344325e-08
595.0 5.5062052004304393e-08
596.0 5.497465460516556e-08
597.0 5.48872572060267e-08
598.0 5.479985980688785e-08
599.0 5.4712462407749e-08
600.0 5.4625065008610135e-08
601.0 5.453766760947129e-08
602.0 5.4450270210332457e-08
603.0 5.43628728111936e-08
604.0 5.427547541205475e-08
605.0 5.4188078012915896e-08
606.0 5.410202707099603e-08
607.0 5.402775399410445e-08
608.0 5.395348091721285e-08
609.0 5.387920784032129e-08
610.0 5.3804934763429707e-08
611.0 5.373066168653812e-08
612.0 5.365638860964654e-08
613.0 5.358211553275497e-08
614.0 5.350784245586338e-08
615.0 5.343356937897181e-08
616.0 5.335929630208023e-08
617.0 5.328502322518865e-08
618.0 5.321075014829707e-08
619.0 5.3136477071405496e-08
620.0 5.306220399451391e-08
621.0 5.298793091762232e-08
622.0 5.2913657840730764e-08
623.0 5.2839384763839175e-08
624.0 5.2765111686947593e-08
625.0 5.2690838610056025e-08
626.0 5.2616565533164436e-08
627.0 5.254229245627287e-08
628.0 5.2468019379381286e-08
629.0 5.2393746302489704e-08
630.0 5.2319473225598115e-08
631.0 5.224520014870654e-08
632.0 5.217092707181495e-08
633.0 5.2096653994923376e-08
634.0 5.2022380918031794e-08
635.0 5.194810784114022e-08
636.0 5.1873834764248644e-08
637.0 5.179956168735707e-08
638.0 5.172528861046548e-08
639.0 5.165101553357391e-08
640.0 5.157674245668232e-08
641.0 5.150246937979075e-08
642.0 5.142819630289917e-08
643.0 5.13539232260076e-08
644.0 5.127965014911601e-08
645.0 5.1205377072224433e-08
646.0 5.113110399533285e-08
647.0 5.105683091844129e-08
648.0 5.0982557841549694e-08
649.0 5.090828476465811e-08
650.0 5.083401168776654e-08
651.0 5.0759738610874955e-08
652.0 5.068546553398337e-08
653.0 5.0615893501625766e-08
654.0 5.055246075123136e-08
655.0 5.0489028000836966e-08
656.0 5.042559525044257e-08
657.0 5.0362162500048187e-08
658.0 5.02987297496538e-08
659.0 5.023529699925939e-08
660.0 5.0171864248865e-08
661.0 5.010843149847061e-08
662.0 5.0044998748076214e-08
663.0 4.998156599768182e-08
664.0 4.991813324728742e-08
665.0 4.985470049689303e-08
666.0 4.9791267746498635e-08
667.0 4.972783499610424e-08
668.0 4.9664402245709855e-08
669.0 4.960096949531546e-08
670.0 4.953753674492106e-08
671.0 4.947410399452667e-08
672.0 4.9410671244132275e-08
673.0 4.934723849373788e-08
674.0 4.928380574334349e-08
675.0 4.9220372992949096e-08
676.0 4.91569402425547e-08
677.0 4.9093507492160296e-08
678.0 4.903007474176591e-08
679.0 4.896664199137153e-08
680.0 4.890320924097711e-08
681.0 4.8839776490582736e-08
682.0 4.877634374018834e-08
683.0 4.8712910989793943e-08
684.0 4.864947823939955e-08
685.0 4.858604548900516e-08
686.0 4.8522612738610764e-08
687.0 4.845917998821638e-08
688.0 4.839574723782198e-08
689.0 4.8332314487427584e-08
690.0 4.8268881737033184e-08
691.0 4.820544898663879e-08
692.0 4.8142016236244405e-08
693.0 4.8078583485850005e-08
694.0 4.801515073545561e-08
695.0 4.795171798506122e-08
696.0 4.7888285234666825e-08
697.0 4.782485248427243e-08
698.0 4.7761419733878025e-08
699.0 4.769798698348365e-08
700.0 4.763455423308925e-08
701.0 4.757112148269486e-08
702.0 4.7507688732300466e-08
703.0 4.7445708641208566e-08
704.0 4.739081677977021e-08
705.0 4.733592491833186e-08
706.0 4.7281033056893515e-08
707.0 4.722614119545518e-08
708.0 4.7171249334016824e-08
709.0 4.711635747257849e-08
710.0 4.706146561114013e-08
711.0 4.7006573749701786e-08
712.0 4.695168188826343e-08
713.0 4.689679002682509e-08
714.0 4.684189816538675e-08
715.0 4.6787006303948405e-08
716.0 4.673211444251005e-08
717.0 4.667722258107169e-08
718.0 4.662233071963336e-08
719.0 4.656743885819501e-08
720.0 4.651254699675665e-08
721.0 4.6457655135318315e-08
722.0 4.6402763273879967e-08
723.0 4.634787141244162e-08
724.0 4.629297955100327e-08
725.0 4.623808768956493e-08
726.0 4.6183195828126566e-08
727.0 4.612830396668823e-08
728.0 4.607341210524989e-08
729.0 4.601852024381154e-08
730.0 4.596362838237318e-08
731.0 4.590873652093484e-08
732.0 4.5853844659496496e-08
733.0 4.5798952798058154e-08
734.0 4.57440609366198e-08
735.0 4.568916907518145e-08
736.0 4.56342772137431e-08
737.0 4.557938535230476e-08
738.0 4.552449349086641e-08
739.0 4.5469601629428064e-08
740.0 4.5414709767989715e-08
741.0 4.535981790655137e-08
742.0 4.5304926045113025e-08
743.0 4.525003418367467e-08
744.0 4.519514232223632e-08
745.0 4.514025046079798e-08
746.0 4.508535859935963e-08
747.0 4.503046673792128e-08
748.0 4.4975574876482935e-08
749.0 4.492068301504459e-08
750.0 4.486579115360624e-08
751.0 4.4810899292167896e-08
752.0 4.475600743072954e-08
753.0 4.4701115569291206e-08
754.0 4.464622370785286e-08
755.0 4.45913318464145e-08
756.0 4.4536439984976154e-08
757.0 4.448180081612263e-08
758.0 4.443413341879422e-08
759.0 4.4386466021465814e-08
760.0 4.4338798624137385e-08
761.0 4.429113122680898e-08
762.0 4.424346382948057e-08
763.0 4.419579643215216e-08
764.0 4.414812903482375e-08
765.0 4.4100461637495336e-08
766.0 4.405279424016692e-08
767.0 4.4005126842838516e-08
768.0 4.395745944551011e-08
769.0 4.390979204818169e-08
770.0 4.3862124650853287e-08
771.0 4.381445725352488e-08
772.0 4.3766789856196454e-08
773.0 4.371912245886806e-08
774.0 4.367145506153964e-08
775.0 4.362378766421122e-08
776.0 4.3576120266882815e-08
777.0 4.352845286955441e-08
778.0 4.348078547222598e-08
779.0 4.343311807489758e-08
780.0 4.3385450677569175e-08
781.0 4.3337783280240766e-08
782.0 4.329011588291236e-08
783.0 4.3242448485583946e-08
784.0 4.319478108825552e-08
785.0 4.314711369092711e-08
786.0 4.3099446293598703e-08
787.0 4.305177889627029e-08
788.0 4.3004111498941884e-08
789.0 4.295644410161347e-08
790.0 4.290877670428506e-08
791.0 4.2861109306956654e-08
792.0 4.2813441909628245e-08
793.0 4.276577451229983e-08
794.0 4.271810711497141e-08
795.0 4.2670439717642995e-08
796.0 4.2622772320314586e-08
797.0 4.257510492298618e-08
798.0 4.252743752565777e-08
799.0 4.247977012832935e-08
800.0 4.243210273100094e-08
801.0 4.238443533367254e-08
802.0 4.233676793634412e-08
803.0 4.228910053901571e-08
804.0 4.224143314168731e-08
805.0 4.219376574435889e-08
806.0 4.214609834703048e-08
807.0 4.209843094970208e-08
808.0 4.205076355237366e-08
809.0 4.200309615504524e-08
810.0 4.1955428757716835e-08
811.0 4.1907761360388425e-08
812.0 4.186009396306001e-08
813.0 4.18124265657316e-08
814.0 4.1764759168403196e-08
815.0 4.171709177107477e-08
816.0 4.167340756402e-08
817.0 4.1631195518019016e-08
818.0 4.158898347201804e-08
819.0 4.154677142601707e-08
820.0 4.150455938001608e-08
821.0 4.146234733401511e-08
822.0 4.142013528801413e-08
823.0 4.1377923242013136e-08
824.0 4.1335711196012157e-08
825.0 4.1293499150011184e-08
826.0 4.12512871040102e-08
827.0 4.120907505800922e-08
828.0 4.116686301200825e-08
829.0 4.112465096600727e-08
830.0 4.1082438920006276e-08
831.0 4.104022687400531e-08
832.0 4.0998014828004324e-08
833.0 4.095580278200334e-08
834.0 4.091359073600236e-08
835.0 4.0871378690001374e-08
836.0 4.08291666440004e-08
837.0 4.078695459799942e-08
838.0 4.0744742551998444e-08
839.0 4.070253050599747e-08
840.0 4.066031845999648e-08
841.0 4.06181064139955e-08
842.0 4.057589436799453e-08
843.0 4.0533682321993535e-08
844.0 4.049147027599256e-08
845.0 4.0449258229991584e-08
846.0 4.0407046183990605e-08
847.0 4.0364834137989626e-08
848.0 4.0322622091988653e-08
849.0 4.0280410045987654e-08
850.0 4.023819799998669e-08
851.0 4.01959859539857e-08
852.0 4.0153773907984724e-08
853.0 4.0111561861983745e-08
854.0 4.006934981598277e-08
855.0 4.002713776998179e-08
856.0 3.9984925723980814e-08
857.0 3.9942713677979835e-08
858.0 3.990050163197884e-08
859.0 3.985828958597787e-08
860.0 3.9816077539976885e-08
861.0 3.97738654939759e-08
862.0 3.973165344797493e-08
863.0 3.968944140197394e-08
864.0 3.9647229355972956e-08
865.0 3.9605017309971983e-08
866.0 3.9562805263971e-08
867.0 3.952059321797002e-08
868.0 3.9478381171969046e-08
869.0 3.943616912596805e-08
870.0 3.939395707996708e-08
871.0 3.93517450339661e-08
872.0 3.930953298796512e-08
873.0 3.9267320941964145e-08
874.0 3.9225108895963166e-08
875.0 3.918289684996217e-08
876.0 3.914068480396121e-08
877.0 3.909847275796022e-08
878.0 3.9056260711959236e-08
879.0 3.9018389521422055e-08
880.0 3.898082302909593e-08
881.0 3.894325653676983e-08
882.0 3.890569004444372e-08
883.0 3.88681235521176e-08
884.0 3.883055705979148e-08
885.0 3.879299056746536e-08
886.0 3.875542407513924e-08
887.0 3.871785758281314e-08
888.0 3.8680291090487024e-08
889.0 3.8642724598160905e-08
890.0 3.860515810583479e-08
891.0 3.856759161350868e-08
892.0 3.8530025121182575e-08
893.0 3.8492458628856456e-08
894.0 3.845489213653034e-08
895.0 3.841732564420423e-08
896.0 3.837975915187811e-08
897.0 3.8342192659552e-08
898.0 3.830462616722588e-08
899.0 3.826705967489976e-08
900.0 3.8229493182573656e-08
901.0 3.8191926690247544e-08
902.0 3.8154360197921425e-08
903.0 3.811679370559532e-08
904.0 3.80792272132692e-08
905.0 3.804166072094308e-08
906.0 3.800409422861697e-08
907.0 3.796652773629086e-08
908.0 3.792896124396474e-08
909.0 3.789139475163862e-08
910.0 3.785382825931251e-08
911.0 3.781626176698641e-08
912.0 3.777869527466028e-08
913.0 3.7741128782334163e-08
914.0 3.770356229000806e-08
915.0 3.766599579768194e-08
916.0 3.762842930535584e-08
917.0 3.75908628130297e-08
918.0 3.75532963207036e-08
919.0 3.7515729828377496e-08
920.0 3.747816333605138e-08
921.0 3.744059684372525e-08
922.0 3.740303035139914e-08
923.0 3.736546385907302e-08
924.0 3.7327897366746915e-08
925.0 3.7290330874420796e-08
926.0 3.7252764382094683e-08
927.0 3.721519788976857e-08
928.0 3.717763139744245e-08
929.0 3.7140064905116333e-08
930.0 3.7102498412790234e-08
931.0 3.706493192046411e-08
932.0 3.702736542813799e-08
933.0 3.698979893581188e-08
934.0 3.695223244348577e-08
935.0 3.691466595115965e-08
936.0 3.687709945883354e-08
937.0 3.683953296650743e-08
938.0 3.6801966474181316e-08
939.0 3.67643999818552e-08
940.0 3.672683348952907e-08
941.0 3.6689266997202966e-08
942.0 3.6651700504876853e-08
943.0 3.661413401255075e-08
944.0 3.6576567520224616e-08
945.0 3.65390010278985e-08
946.0 3.650273882858232e-08
947.0 3.646949305403577e-08
948.0 3.643624727948923e-08
949.0 3.640300150494268e-08
950.0 3.6369755730396125e-08
951.0 3.633650995584958e-08
952.0 3.630326418130303e-08
953.0 3.62700184067565e-08
954.0 3.623677263220995e-08
955.0 3.62035268576634e-08
956.0 3.6170281083116854e-08
957.0 3.613703530857031e-08
958.0 3.610378953402376e-08
959.0 3.607054375947722e-08
960.0 3.6037297984930665e-08
961.0 3.600405221038413e-08
962.0 3.5970806435837576e-08
963.0 3.593756066129103e-08
964.0 3.590431488674448e-08
965.0 3.5871069112197934e-08
966.0 3.5837823337651393e-08
967.0 3.580457756310484e-08
968.0 3.57713317885583e-08
969.0 3.573808601401175e-08
970.0 3.570484023946521e-08
971.0 3.567159446491865e-08
972.0 3.5638348690372116e-08
973.0 3.560510291582556e-08
974.0 3.557185714127902e-08
975.0 3.5538611366732467e-08
976.0 3.5505365592185926e-08
977.0 3.547211981763938e-08
978.0 3.543887404309283e-08
979.0 3.540562826854629e-08
980.0 3.537238249399974e-08
981.0 3.53391367194532e-08
982.0 3.530589094490664e-08
983.0 3.52726451703601e-08
984.0 3.523939939581355e-08
985.0 3.5206153621267006e-08
986.0 3.517290784672045e-08
987.0 3.513966207217392e-08
988.0 3.5106416297627364e-08
989.0 3.5073170523080816e-08
990.0 3.503992474853427e-08
991.0 3.500667897398772e-08
992.0 3.497343319944118e-08
993.0 3.494018742489464e-08
994.0 3.490694165034808e-08
995.0 3.4873695875801545e-08
996.0 3.4840450101255e-08
997.0 3.4807204326708444e-08
998.0 3.47739585521619e-08
999.0 3.4740712777615355e-08
1000.0 3.4707467003068815e-08
1001.0 3.467422122852226e-08
1002.0 3.464097545397571e-08
1003.0 3.4607729679429166e-08
1004.0 3.457448390488263e-08
1005.0 3.454123813033607e-08
1006.0 3.450799235578954e-08
1007.0 3.447474658124298e-08
1008.0 3.444150080669644e-08
1009.0 3.4408255032149895e-08
1010.0 3.437500925760334e-08
1011.0 3.43417634830568e-08
1012.0 3.430851770851025e-08
1013.0 3.4275271933963705e-08
1014.0 3.424202615941716e-08
1015.0 3.420878038487061e-08
1016.0 3.417553461032406e-08
1017.0 3.414228883577752e-08
1018.0 3.4109043061230975e-08
1019.0 3.4077245521363414e-08
1020.0 3.404714830720792e-08
1021.0 3.401705109305242e-08
1022.0 3.398695387889694e-08
1023.0 3.395685666474143e-08
1024.0 3.392675945058595e-08
1025.0 3.3896662236430454e-08
1026.0 3.386656502227496e-08
1027.0 3.383646780811946e-08
1028.0 3.3806370593963965e-08
1029.0 3.377627337980848e-08
1030.0 3.374617616565298e-08
1031.0 3.371607895149749e-08
1032.0 3.3685981737342e-08
1033.0 3.36558845231865e-08
1034.0 3.3625787309031005e-08
1035.0 3.359569009487552e-08
1036.0 3.356559288072003e-08
1037.0 3.353549566656453e-08
1038.0 3.350539845240904e-08
1039.0 3.347530123825354e-08
1040.0 3.344520402409805e-08
1041.0 3.341510680994256e-08
1042.0 3.338500959578707e-08
1043.0 3.335491238163156e-08
1044.0 3.3324815167476075e-08
1045.0 3.329471795332059e-08
1046.0 3.326462073916509e-08
1047.0 3.32345235250096e-08
1048.0 3.320442631085411e-08
1049.0 3.317432909669862e-08
1050.0 3.3144231882543116e-08
1051.0 3.311413466838763e-08
1052.0 3.3084037454232134e-08
1053.0 3.305394024007664e-08
1054.0 3.302384302592115e-08
1055.0 3.299374581176565e-08
1056.0 3.296364859761016e-08
1057.0 3.293355138345467e-08
1058.0 3.2903454169299174e-08
1059.0 3.287335695514368e-08
1060.0 3.284325974098818e-08
1061.0 3.28131625268327e-08
1062.0 3.27830653126772e-08
1063.0 3.27529680985217e-08
1064.0 3.272287088436622e-08
1065.0 3.269277367021072e-08
1066.0 3.2662676456055226e-08
1067.0 3.263257924189973e-08
1068.0 3.2602482027744244e-08
1069.0 3.257238481358875e-08
1070.0 3.2542287599433256e-08
1071.0 3.251219038527777e-08
1072.0 3.248209317112227e-08
1073.0 3.245199595696678e-08
1074.0 3.242189874281128e-08
1075.0 3.2391801528655784e-08
1076.0 3.236170431450029e-08
1077.0 3.23316071003448e-08
1078.0 3.230150988618931e-08
1079.0 3.227141267203381e-08
1080.0 3.2241315457878326e-08
1081.0 3.221121824372283e-08
1082.0 3.218112102956733e-08
1083.0 3.215102381541184e-08
1084.0 3.212092660125635e-08
1085.0 3.209082938710086e-08
1086.0 3.2060732172945366e-08
1087.0 3.2030634958789865e-08
1088.0 3.2000537744634384e-08
1089.0 3.1970440530478883e-08
1090.0 3.194034331632339e-08
1091.0 3.1910246102167895e-08
1092.0 3.1880148888012394e-08
1093.0 3.185005167385691e-08
1094.0 3.181995445970141e-08
1095.0 3.178985724554592e-08
1096.0 3.1759760031390436e-08
1097.0 3.17296851980514e-08
1098.0 3.170258982872451e-08
1099.0 3.167549445939763e-08
1100.0 3.164839909007074e-08
1101.0 3.1621303720743845e-08
1102.0 3.159420835141696e-08
1103.0 3.156711298209008e-08
1104.0 3.154001761276318e-08
1105.0 3.15129222434363e-08
1106.0 3.1485826874109407e-08
1107.0 3.145873150478253e-08
1108.0 3.1431636135455646e-08
1109.0 3.140454076612875e-08
1110.0 3.137744539680187e-08
1111.0 3.135035002747498e-08
1112.0 3.13232546581481e-08
1113.0 3.129615928882121e-08
1114.0 3.126906391949431e-08
1115.0 3.1241968550167426e-08
1116.0 3.1214873180840556e-08
1117.0 3.118777781151366e-08
1118.0 3.116068244218677e-08
1119.0 3.1133587072859885e-08
1120.0 3.1106491703532995e-08
1121.0 3.107939633420612e-08
1122.0 3.105230096487922e-08
1123.0 3.102520559555233e-08
1124.0 3.099811022622545e-08
1125.0 3.097101485689856e-08
1126.0 3.094391948757168e-08
1127.0 3.091682411824479e-08
1128.0 3.08897287489179e-08
1129.0 3.086263337959102e-08
1130.0 3.083553801026412e-08
1131.0 3.080844264093724e-08
1132.0 3.0781347271610363e-08
1133.0 3.075425190228347e-08
1134.0 3.072715653295658e-08
1135.0 3.07000611636297e-08
1136.0 3.067296579430281e-08
1137.0 3.0645870424975925e-08
1138.0 3.0618775055649034e-08
1139.0 3.0591679686322144e-08
1140.0 3.056458431699527e-08
1141.0 3.053748894766837e-08
1142.0 3.0510393578341486e-08
1143.0 3.04832982090146e-08
1144.0 3.045620283968771e-08
1145.0 3.042910747036082e-08
1146.0 3.040201210103394e-08
1147.0 3.0374916731707054e-08
1148.0 3.0347821362380164e-08
1149.0 3.032072599305327e-08
1150.0 3.029363062372639e-08
1151.0 3.0266535254399506e-08
1152.0 3.023943988507261e-08
1153.0 3.021234451574573e-08
1154.0 3.0185249146418835e-08
1155.0 3.015815377709196e-08
1156.0 3.0131058407765074e-08
1157.0 3.0103963038438184e-08
1158.0 3.007686766911129e-08
1159.0 3.004977229978441e-08
1160.0 3.002267693045752e-08
1161.0 2.9995581561130636e-08
1162.0 2.9968486191803745e-08
1163.0 2.994139082247686e-08
1164.0 2.9914295453149985e-08
1165.0 2.988720008382309e-08
1166.0 2.9860104714496204e-08
1167.0 2.9833009345169314e-08
1168.0 2.980591397584243e-08
1169.0 2.977881860651554e-08
1170.0 2.9751723237188652e-08
1171.0 2.9724627867861765e-08
1172.0 2.9697532498534885e-08
1173.0 2.9670437129207998e-08
1174.0 2.9643341759881108e-08
1175.0 2.961624639055422e-08
1176.0 2.9589151021227333e-08
1177.0 2.9562055651900443e-08
1178.0 2.9534960282573556e-08
1179.0 2.950786491324667e-08
1180.0 2.9480769543919782e-08
1181.0 2.9453674174592898e-08
1182.0 2.9428032724616133e-08
1183.0 2.940377604031398e-08
1184.0 2.9379519356011837e-08
1185.0 2.9355262671709685e-08
1186.0 2.9331005987407543e-08
1187.0 2.9306749303105395e-08
1188.0 2.9282492618803237e-08
1189.0 2.9258235934501082e-08
1190.0 2.9233979250198933e-08
1191.0 2.9209722565896785e-08
1192.0 2.9185465881594637e-08
1193.0 2.9161209197292485e-08
1194.0 2.9136952512990337e-08
1195.0 2.9112695828688188e-08
1196.0 2.9088439144386037e-08
1197.0 2.9064182460083888e-08
1198.0 2.9039925775781733e-08
1199.0 2.901566909147958e-08
1200.0 2.899141240717744e-08
1201.0 2.896715572287529e-08
1202.0 2.894289903857313e-08
1203.0 2.8918642354270988e-08
1204.0 2.8894385669968837e-08
1205.0 2.8870128985666688e-08
1206.0 2.884587230136454e-08
1207.0 2.882161561706238e-08
1208.0 2.8797358932760237e-08
1209.0 2.877310224845808e-08
1210.0 2.8748845564155937e-08
1211.0 2.8724588879853795e-08
1212.0 2.8700332195551643e-08
1213.0 2.8676075511249488e-08
1214.0 2.8651818826947333e-08
1215.0 2.8627562142645198e-08
1216.0 2.8603305458343047e-08
1217.0 2.8579048774040885e-08
1218.0 2.8554792089738737e-08
1219.0 2.8530535405436595e-08
1220.0 2.8506278721134437e-08
1221.0 2.8482022036832282e-08
1222.0 2.8457765352530133e-08
1223.0 2.8433508668227985e-08
1224.0 2.8409251983925847e-08
1225.0 2.838499529962369e-08
1226.0 2.836073861532155e-08
1227.0 2.8336481931019388e-08
1228.0 2.8312225246717237e-08
1229.0 2.8287968562415088e-08
1230.0 2.826371187811294e-08
1231.0 2.8239455193810795e-08
1232.0 2.821519850950864e-08
1233.0 2.8190941825206485e-08
1234.0 2.816668514090435e-08
1235.0 2.8142428456602195e-08
1236.0 2.8118171772300037e-08
1237.0 2.8093915087997888e-08
1238.0 2.806965840369574e-08
1239.0 2.804540171939359e-08
1240.0 2.8021145035091443e-08
1241.0 2.799688835078929e-08
1242.0 2.797263166648714e-08
1243.0 2.7948374982184995e-08
1244.0 2.792411829788284e-08
1245.0 2.789986161358069e-08
1246.0 2.7875604929278543e-08
1247.0 2.785134824497639e-08
1248.0 2.7827091560674237e-08
1249.0 2.780283487637209e-08
1250.0 2.777857819206994e-08
1251.0 2.775432150776779e-08
1252.0 2.7730064823465643e-08
1253.0 2.7705808139163495e-08
1254.0 2.7681551454861347e-08
1255.0 2.765729477055919e-08
1256.0 2.7633038086257043e-08
1257.0 2.7608781401954895e-08
1258.0 2.7584524717652743e-08
1259.0 2.756026803335059e-08
1260.0 2.753601134904844e-08
1261.0 2.7511754664746288e-08
1262.0 2.748749798044415e-08
1263.0 2.746324129614199e-08
1264.0 2.7438984611839843e-08
1265.0 2.7414727927537695e-08
1266.0 2.739047124323555e-08
1267.0 2.7366214558933395e-08
1268.0 2.734195787463124e-08
1269.0 2.7317701190329095e-08
1270.0 2.729344450602694e-08
1271.0 2.7269187821724795e-08
1272.0 2.7244931137422643e-08
1273.0 2.722186447124031e-08
1274.0 2.7199947113054647e-08
1275.0 2.7178029754868986e-08
1276.0 2.715611239668332e-08
1277.0 2.713419503849767e-08
1278.0 2.7112277680312005e-08
1279.0 2.7090360322126344e-08
1280.0 2.7068442963940683e-08
1281.0 2.7046525605755025e-08
1282.0 2.7024608247569367e-08
1283.0 2.7002690889383702e-08
1284.0 2.698077353119804e-08
1285.0 2.6958856173012386e-08
1286.0 2.6936938814826725e-08
1287.0 2.6915021456641063e-08
1288.0 2.6893104098455402e-08
1289.0 2.6871186740269744e-08
1290.0 2.6849269382084086e-08
1291.0 2.682735202389842e-08
1292.0 2.6805434665712763e-08
1293.0 2.67835173075271e-08
1294.0 2.676159994934144e-08
1295.0 2.673968259115578e-08
1296.0 2.6717765232970118e-08
1297.0 2.669584787478446e-08
1298.0 2.6673930516598802e-08
1299.0 2.6652013158413144e-08
1300.0 2.663009580022748e-08
1301.0 2.6608178442041825e-08
1302.0 2.658626108385616e-08
1303.0 2.6564343725670496e-08
1304.0 2.6542426367484834e-08
1305.0 2.6520509009299176e-08
1306.0 2.649859165111352e-08
1307.0 2.647667429292786e-08
1308.0 2.64547569347422e-08
1309.0 2.6432839576556538e-08
1310.0 2.6410922218370876e-08
1311.0 2.638900486018522e-08
1312.0 2.6367087501999554e-08
1313.0 2.63451701438139e-08
1314.0 2.6323252785628235e-08
1315.0 2.6301335427442577e-08
1316.0 2.6279418069256912e-08
1317.0 2.6257500711071257e-08
1318.0 2.6235583352885593e-08
1319.0 2.621366599469993e-08
1320.0 2.6191748636514273e-08
1321.0 2.6169831278328622e-08
1322.0 2.614791392014295e-08
1323.0 2.6125996561957293e-08
1324.0 2.6104079203771628e-08
1325.0 2.608216184558597e-08
1326.0 2.6060244487400312e-08
1327.0 2.6038327129214654e-08
1328.0 2.6016409771028993e-08
1329.0 2.599449241284333e-08
1330.0 2.5972575054657673e-08
1331.0 2.595065769647201e-08
1332.0 2.5928740338286354e-08
1333.0 2.590682298010069e-08
1334.0 2.588490562191503e-08
1335.0 2.5862988263729367e-08
1336.0 2.584107090554371e-08
1337.0 2.5819153547358048e-08
1338.0 2.5797236189172386e-08
1339.0 2.5775318830986728e-08
1340.0 2.5753401472801064e-08
1341.0 2.5731484114615406e-08
1342.0 2.5709566756429748e-08
1343.0 2.5687649398244083e-08
1344.0 2.5665732040058425e-08
1345.0 2.564381468187277e-08
1346.0 2.5621897323687102e-08
1347.0 2.559997996550144e-08
1348.0 2.5578062607315783e-08
1349.0 2.5556145249130125e-08
1350.0 2.5534227890944467e-08
1351.0 2.551231053275881e-08
1352.0 2.5490393174573144e-08
1353.0 2.546847581638748e-08
1354.0 2.544655845820183e-08
1355.0 2.5424641100016157e-08
1356.0 2.5402723741830506e-08
1357.0 2.5380806383644845e-08
1358.0 2.5358889025459187e-08
1359.0 2.533697166727352e-08
1360.0 2.531505430908786e-08
1361.0 2.5293136950902203e-08
1362.0 2.527121959271654e-08
1363.0 2.5249302234530883e-08
1364.0 2.5227384876345225e-08
1365.0 2.5205467518159554e-08
1366.0 2.5183550159973903e-08
1367.0 2.5161632801788238e-08
1368.0 2.513971544360258e-08
1369.0 2.511779808541692e-08
1370.0 2.5095880727231257e-08
1371.0 2.507508125987512e-08
1372.0 2.505541895651831e-08
1373.0 2.503575665316151e-08
1374.0 2.50160943498047e-08
1375.0 2.4996432046447895e-08
1376.0 2.497676974309109e-08
1377.0 2.4957107439734283e-08
1378.0 2.4937445136377476e-08
1379.0 2.4917782833020668e-08
1380.0 2.4898120529663864e-08
1381.0 2.4878458226307053e-08
1382.0 2.4858795922950242e-08
1383.0 2.4839133619593438e-08
1384.0 2.481947131623663e-08
1385.0 2.4799809012879823e-08
1386.0 2.4780146709523016e-08
1387.0 2.4760484406166208e-08
1388.0 2.4740822102809407e-08
1389.0 2.4721159799452593e-08
1390.0 2.4701497496095792e-08
1391.0 2.468183519273898e-08
1392.0 2.4662172889382177e-08
1393.0 2.4642510586025373e-08
1394.0 2.4622848282668562e-08
1395.0 2.4603185979311758e-08
1396.0 2.4583523675954944e-08
1397.0 2.4563861372598136e-08
1398.0 2.4544199069241332e-08
1399.0 2.4524536765884525e-08
1400.0 2.4504874462527724e-08
1401.0 2.4485212159170913e-08
1402.0 2.4465549855814105e-08
1403.0 2.4445887552457298e-08
1404.0 2.4426225249100484e-08
1405.0 2.4406562945743683e-08
1406.0 2.438690064238688e-08
1407.0 2.436723833903007e-08
1408.0 2.4347576035673264e-08
1409.0 2.4327913732316456e-08
1410.0 2.4308251428959652e-08
1411.0 2.4288589125602838e-08
1412.0 2.4268926822246037e-08
1413.0 2.4249264518889223e-08
1414.0 2.4229602215532415e-08
1415.0 2.420993991217561e-08
1416.0 2.4190277608818803e-08
1417.0 2.4170615305462003e-08
1418.0 2.415095300210519e-08
1419.0 2.4131290698748388e-08
1420.0 2.4111628395391577e-08
1421.0 2.4091966092034773e-08
1422.0 2.4072303788677965e-08
1423.0 2.405264148532116e-08
1424.0 2.4032979181964357e-08
1425.0 2.4013316878607542e-08
1426.0 2.3993654575250738e-08
1427.0 2.397399227189393e-08
1428.0 2.3954329968537123e-08
1429.0 2.3934667665180316e-08
1430.0 2.3915005361823505e-08
1431.0 2.3895343058466697e-08
1432.0 2.3875680755109896e-08
1433.0 2.385601845175309e-08
1434.0 2.383635614839628e-08
1435.0 2.3816693845039474e-08
1436.0 2.379703154168267e-08
1437.0 2.3777369238325862e-08
1438.0 2.3757706934969048e-08
1439.0 2.373804463161225e-08
1440.0 2.3718382328255436e-08
1441.0 2.3698720024898632e-08
1442.0 2.3679057721541825e-08
1443.0 2.3659395418185017e-08
1444.0 2.363973311482821e-08
1445.0 2.3620070811471402e-08
1446.0 2.3600408508114598e-08
1447.0 2.3580746204757784e-08
1448.0 2.3561083901400983e-08
1449.0 2.3541421598044172e-08
1450.0 2.352175929468736e-08
1451.0 2.350209699133056e-08
1452.0 2.3482434687973753e-08
1453.0 2.3462772384616945e-08
1454.0 2.344311008126014e-08
1455.0 2.3423447777903337e-08
1456.0 2.3403785474546526e-08
1457.0 2.3384123171189722e-08
1458.0 2.336446086783291e-08
1459.0 2.3344798564476103e-08
1460.0 2.3325136261119296e-08
1461.0 2.3305473957762492e-08
1462.0 2.328581165440568e-08
1463.0 2.326614935104887e-08
1464.0 2.3246487047692066e-08
1465.0 2.3226824744335262e-08
1466.0 2.320716244097846e-08
1467.0 2.3187500137621647e-08
1468.0 2.3167837834264846e-08
1469.0 2.3148175530908028e-08
1470.0 2.3128513227551224e-08
1471.0 2.3108850924194423e-08
1472.0 2.3089188620837616e-08
1473.0 2.306952631748081e-08
1474.0 2.3049864014123997e-08
1475.0 2.303020171076719e-08
1476.0 2.3010539407410386e-08
1477.0 2.2992837739755524e-08
1478.0 2.2975276070632067e-08
1479.0 2.2957714401508616e-08
1480.0 2.294015273238516e-08
1481.0 2.2922591063261706e-08
1482.0 2.2905029394138252e-08
1483.0 2.2887467725014796e-08
1484.0 2.2869906055891342e-08
1485.0 2.2852344386767892e-08
1486.0 2.2834782717644435e-08
1487.0 2.2817221048520978e-08
1488.0 2.279965937939752e-08
1489.0 2.278209771027407e-08
1490.0 2.2764536041150614e-08
1491.0 2.2746974372027164e-08
1492.0 2.272941270290371e-08
1493.0 2.2711851033780257e-08
1494.0 2.26942893646568e-08
1495.0 2.2676727695533347e-08
1496.0 2.2659166026409886e-08
1497.0 2.2641604357286436e-08
1498.0 2.2624042688162983e-08
1499.0 2.2606481019039526e-08
1500.0 2.2588919349916075e-08
1501.0 2.2571357680792622e-08
1502.0 2.255379601166917e-08
1503.0 2.2536234342545708e-08
1504.0 2.2518672673422258e-08
1505.0 2.2501111004298798e-08
1506.0 2.2483549335175348e-08
1507.0 2.246598766605189e-08
1508.0 2.2448425996928437e-08
1509.0 2.2430864327804987e-08
1510.0 2.2413302658681533e-08
1511.0 2.2395740989558077e-08
1512.0 2.237817932043462e-08
1513.0 2.2360617651311163e-08
1514.0 2.2343055982187713e-08
1515.0 2.232549431306426e-08
1516.0 2.2307932643940806e-08
1517.0 2.2290370974817352e-08
1518.0 2.22728093056939e-08
1519.0 2.225524763657044e-08
1520.0 2.2237685967446985e-08
1521.0 2.222012429832353e-08
1522.0 2.2202562629200074e-08
1523.0 2.2185000960076624e-08
1524.0 2.216743929095317e-08
1525.0 2.214987762182972e-08
1526.0 2.213231595270626e-08
1527.0 2.2114754283582807e-08
1528.0 2.209719261445935e-08
1529.0 2.20796309453359e-08
1530.0 2.206206927621245e-08
1531.0 2.204450760708899e-08
1532.0 2.2026945937965536e-08
1533.0 2.2009384268842082e-08
1534.0 2.1991822599718625e-08
1535.0 2.1974260930595172e-08
1536.0 2.1956699261471718e-08
1537.0 2.193913759234826e-08
1538.0 2.1921575923224808e-08
1539.0 2.190401425410135e-08
1540.0 2.1886452584977904e-08
1541.0 2.1868890915854447e-08
1542.0 2.1851329246730987e-08
1543.0 2.1833767577607543e-08
1544.0 2.1816205908484083e-08
1545.0 2.179864423936063e-08
1546.0 2.1781082570237176e-08
1547.0 2.176352090111372e-08
1548.0 2.1745959231990266e-08
1549.0 2.1728397562866812e-08
1550.0 2.1710835893743355e-08
1551.0 2.1693274224619902e-08
1552.0 2.1675712555496448e-08
1553.0 2.1658150886372998e-08
1554.0 2.164058921724954e-08
1555.0 2.1623027548126088e-08
1556.0 2.160546587900263e-08
1557.0 2.1587904209879177e-08
1558.0 2.157034254075572e-08
1559.0 2.1552780871632267e-08
1560.0 2.1535219202508813e-08
1561.0 2.151765753338536e-08
1562.0 2.1500095864261906e-08
1563.0 2.148253419513845e-08
1564.0 2.1464972526014993e-08
1565.0 2.144741085689154e-08
1566.0 2.1429849187768082e-08
1567.0 2.1412287518644635e-08
1568.0 2.1394725849521182e-08
1569.0 2.1377164180397725e-08
1570.0 2.1359602511274268e-08
1571.0 2.1342040842150818e-08
1572.0 2.1324479173027364e-08
1573.0 2.1306917503903904e-08
1574.0 2.128935583478045e-08
1575.0 2.1271794165656994e-08
1576.0 2.1254232496533543e-08
1577.0 2.123667082741009e-08
1578.0 2.1219109158286636e-08
1579.0 2.120154748916318e-08
1580.0 2.118398582003973e-08
1581.0 2.1166424150916272e-08
1582.0 2.114886248179282e-08
1583.0 2.113130081266936e-08
1584.0 2.1113739143545905e-08
1585.0 2.1096177474422455e-08
1586.0 2.1078615805299e-08
1587.0 2.106105413617555e-08
1588.0 2.104349246705209e-08
1589.0 2.1025930797928637e-08
1590.0 2.1008840372001162e-08
1591.0 2.099324143685557e-08
1592.0 2.097764250170999e-08
1593.0 2.0962043566564407e-08
1594.0 2.0946444631418825e-08
1595.0 2.093084569627324e-08
1596.0 2.0915246761127658e-08
1597.0 2.0899647825982073e-08
1598.0 2.0884048890836488e-08
1599.0 2.086844995569091e-08
1600.0 2.085285102054532e-08
1601.0 2.083725208539974e-08
1602.0 2.0821653150254157e-08
1603.0 2.0806054215108568e-08
1604.0 2.0790455279962986e-08
1605.0 2.0774856344817408e-08
1606.0 2.075925740967182e-08
1607.0 2.0743658474526238e-08
1608.0 2.0728059539380652e-08
1609.0 2.071246060423507e-08
1610.0 2.0696861669089482e-08
1611.0 2.0681262733943903e-08
1612.0 2.0665663798798318e-08
1613.0 2.0650064863652733e-08
1614.0 2.0634465928507148e-08
1615.0 2.061886699336157e-08
1616.0 2.060326805821598e-08
1617.0 2.05876691230704e-08
1618.0 2.0572070187924817e-08
1619.0 2.0556471252779232e-08
1620.0 2.054087231763365e-08
1621.0 2.0525273382488065e-08
1622.0 2.050967444734248e-08
1623.0 2.0494075512196895e-08
1624.0 2.0478476577051316e-08
1625.0 2.0462877641905728e-08
1626.0 2.044727870676015e-08
1627.0 2.0431679771614567e-08
1628.0 2.0416080836468982e-08
1629.0 2.0400481901323397e-08
1630.0 2.0384882966177808e-08
1631.0 2.036928403103223e-08
1632.0 2.0353685095886645e-08
1633.0 2.0338086160741063e-08
1634.0 2.0322487225595478e-08
1635.0 2.0306888290449896e-08
1636.0 2.0291289355304307e-08
1637.0 2.0275690420158725e-08
1638.0 2.0260091485013143e-08
1639.0 2.024449254986756e-08
1640.0 2.0228893614721976e-08
1641.0 2.021329467957639e-08
1642.0 2.0197695744430813e-08
1643.0 2.018209680928522e-08
1644.0 2.0166497874139646e-08
1645.0 2.0150898938994057e-08
1646.0 2.0135300003848475e-08
1647.0 2.0119701068702893e-08
1648.0 2.0104102133557305e-08
1649.0 2.0088503198411723e-08
1650.0 2.007290426326614e-08
1651.0 2.0057305328120563e-08
1652.0 2.0041706392974974e-08
1653.0 2.002610745782939e-08
1654.0 2.0010508522683804e-08
1655.0 1.999490958753822e-08
1656.0 1.9979310652392637e-08
1657.0 1.9963711717247058e-08
1658.0 1.9948112782101473e-08
1659.0 1.9932513846955885e-08
1660.0 1.991691491181031e-08
1661.0 1.9901315976664724e-08
1662.0 1.9885717041519136e-08
1663.0 1.9870118106373554e-08
1664.0 1.9854519171227965e-08
1665.0 1.983892023608239e-08
1666.0 1.9823321300936798e-08
1667.0 1.980772236579122e-08
1668.0 1.9792123430645635e-08
1669.0 1.9776524495500053e-08
1670.0 1.976092556035447e-08
1671.0 1.9745326625208886e-08
1672.0 1.9729727690063297e-08
1673.0 1.971412875491772e-08
1674.0 1.9698529819772137e-08
1675.0 1.9682930884626548e-08
1676.0 1.966733194948097e-08
1677.0 1.9651733014335385e-08
1678.0 1.96361340791898e-08
1679.0 1.962053514404421e-08
1680.0 1.9604936208898632e-08
1681.0 1.9589337273753044e-08
1682.0 1.957373833860746e-08
1683.0 1.9558139403461883e-08
1684.0 1.9542540468316298e-08
1685.0 1.952694153317071e-08
1686.0 1.951134259802513e-08
1687.0 1.9495743662879546e-08
1688.0 1.9480144727733964e-08
1689.0 1.9464545792588382e-08
1690.0 1.9448946857442794e-08
1691.0 1.9433347922297212e-08
1692.0 1.9417748987151627e-08
1693.0 1.9402150052006045e-08
1694.0 1.938655111686046e-08
1695.0 1.9370952181714878e-08
1696.0 1.9355353246569293e-08
1697.0 1.933975431142371e-08
1698.0 1.9324155376278122e-08
1699.0 1.9308556441132544e-08
1700.0 1.9292957505986962e-08
1701.0 1.9277358570841377e-08
1702.0 1.9261759635695795e-08
1703.0 1.9246160700550213e-08
1704.0 1.923056176540462e-08
1705.0 1.9214962830259043e-08
1706.0 1.9199363895113458e-08
1707.0 1.9183764959967872e-08
1708.0 1.916816602482229e-08
1709.0 1.9152567089676712e-08
1710.0 1.913696815453112e-08
1711.0 1.9121369219385538e-08
1712.0 1.9105770284239953e-08
1713.0 1.9091613898373085e-08
1714.0 1.907784173151917e-08
1715.0 1.9064069564665247e-08
1716.0 1.9050297397811324e-08
1717.0 1.9036525230957398e-08
1718.0 1.9022753064103478e-08
1719.0 1.9008980897249556e-08
1720.0 1.8995208730395636e-08
1721.0 1.8981436563541717e-08
1722.0 1.8967664396687797e-08
1723.0 1.8953892229833878e-08
1724.0 1.8940120062979952e-08
1725.0 1.8926347896126032e-08
1726.0 1.891257572927211e-08
1727.0 1.889880356241819e-08
1728.0 1.8885031395564267e-08
1729.0 1.8871259228710348e-08
1730.0 1.8857487061856422e-08
1731.0 1.8843714895002502e-08
1732.0 1.8829942728148583e-08
1733.0 1.8816170561294663e-08
1734.0 1.8802398394440737e-08
1735.0 1.8788626227586818e-08
1736.0 1.8774854060732895e-08
1737.0 1.8761081893878976e-08
1738.0 1.874730972702506e-08
1739.0 1.8733537560171137e-08
1740.0 1.8719765393317214e-08
1741.0 1.8705993226463295e-08
1742.0 1.8692221059609372e-08
1743.0 1.8678448892755452e-08
1744.0 1.866467672590153e-08
1745.0 1.8650904559047607e-08
1746.0 1.8637132392193687e-08
1747.0 1.8623360225339765e-08
1748.0 1.8609588058485845e-08
1749.0 1.8595815891631922e-08
1750.0 1.8582043724778003e-08
1751.0 1.856827155792408e-08
1752.0 1.8554499391070157e-08
1753.0 1.8540727224216235e-08
1754.0 1.852695505736232e-08
1755.0 1.8513182890508392e-08
1756.0 1.8499410723654473e-08
1757.0 1.8485638556800554e-08
1758.0 1.847186638994663e-08
1759.0 1.845809422309271e-08
1760.0 1.844432205623879e-08
1761.0 1.8430549889384863e-08
1762.0 1.8416777722530946e-08
1763.0 1.8403005555677027e-08
1764.0 1.838923338882311e-08
1765.0 1.8375461221969185e-08
1766.0 1.8361689055115262e-08
1767.0 1.8347916888261346e-08
1768.0 1.833414472140742e-08
1769.0 1.8320372554553497e-08
1770.0 1.8306600387699578e-08
1771.0 1.8292828220845658e-08
1772.0 1.8279056053991735e-08
1773.0 1.8265283887137813e-08
1774.0 1.8251511720283893e-08
1775.0 1.8237739553429974e-08
1776.0 1.822396738657605e-08
1777.0 1.821019521972213e-08
1778.0 1.8196423052868205e-08
1779.0 1.8182650886014283e-08
1780.0 1.8168878719160367e-08
1781.0 1.8155106552306447e-08
1782.0 1.814133438545252e-08
1783.0 1.8127562218598598e-08
1784.0 1.8113790051744682e-08
1785.0 1.8100017884890763e-08
1786.0 1.808624571803684e-08
1787.0 1.8072473551182924e-08
1788.0 1.8058701384328994e-08
1789.0 1.8044929217475075e-08
1790.0 1.8031157050621152e-08
1791.0 1.8017384883767236e-08
1792.0 1.8003612716913313e-08
1793.0 1.798984055005939e-08
1794.0 1.797606838320547e-08
1795.0 1.7962296216351548e-08
1796.0 1.7948524049497626e-08
1797.0 1.7934751882643706e-08
1798.0 1.792097971578979e-08
1799.0 1.7907207548935864e-08
1800.0 1.789343538208194e-08
1801.0 1.787966321522802e-08
1802.0 1.7865891048374102e-08
1803.0 1.785211888152018e-08
1804.0 1.783834671466626e-08
1805.0 1.782457454781233e-08
1806.0 1.781080238095841e-08
1807.0 1.7797030214104492e-08
1808.0 1.7783258047250572e-08
1809.0 1.7769485880396653e-08
1810.0 1.775571371354273e-08
1811.0 1.774194154668881e-08
1812.0 1.7728169379834888e-08
1813.0 1.7714397212980972e-08
1814.0 1.7700625046127042e-08
1815.0 1.7686852879273126e-08
1816.0 1.76730807124192e-08
1817.0 1.765930854556528e-08
1818.0 1.764553637871136e-08
1819.0 1.7631764211857445e-08
1820.0 1.761799204500352e-08
1821.0 1.7604219878149596e-08
1822.0 1.7590447711295677e-08
1823.0 1.7576675544441754e-08
1824.0 1.7562903377587838e-08
1825.0 1.7549131210733915e-08
1826.0 1.753535904387999e-08
1827.0 1.7521586877026073e-08
1828.0 1.750781471017215e-08
1829.0 1.7494042543318227e-08
1830.0 1.7480270376464308e-08
1831.0 1.7466498209610385e-08
1832.0 1.7452726042756466e-08
1833.0 1.7438953875902543e-08
1834.0 1.742518170904862e-08
1835.0 1.7411409542194704e-08
1836.0 1.739763737534078e-08
1837.0 1.7383865208486862e-08
1838.0 1.7370093041632936e-08
1839.0 1.7356320874779016e-08
1840.0 1.7342548707925097e-08
1841.0 1.732877654107117e-08
1842.0 1.7315004374217258e-08
1843.0 1.7301232207363332e-08
1844.0 1.7287460040509406e-08
1845.0 1.727516694002306e-08
1846.0 1.7263024471193266e-08
1847.0 1.725088200236348e-08
1848.0 1.7238739533533678e-08
1849.0 1.7226597064703884e-08
1850.0 1.7214454595874093e-08
1851.0 1.7202312127044302e-08
1852.0 1.719016965821451e-08
1853.0 1.717802718938472e-08
1854.0 1.7165884720554926e-08
1855.0 1.715374225172513e-08
1856.0 1.714159978289534e-08
1857.0 1.7129457314065547e-08
1858.0 1.7117314845235756e-08
1859.0 1.7105172376405955e-08
1860.0 1.7093029907576168e-08
1861.0 1.7080887438746374e-08
1862.0 1.7068744969916583e-08
1863.0 1.7056602501086785e-08
1864.0 1.704446003225699e-08
1865.0 1.7032317563427204e-08
1866.0 1.702017509459741e-08
1867.0 1.7008032625767622e-08
1868.0 1.6995890156937825e-08
1869.0 1.698374768810803e-08
1870.0 1.6971605219278236e-08
1871.0 1.6959462750448445e-08
1872.0 1.6947320281618654e-08
1873.0 1.6935177812788864e-08
1874.0 1.6923035343959063e-08
1875.0 1.6910892875129272e-08
1876.0 1.6898750406299484e-08
1877.0 1.6886607937469687e-08
1878.0 1.68744654686399e-08
1879.0 1.6862322999810105e-08
1880.0 1.6850180530980314e-08
1881.0 1.6838038062150514e-08
1882.0 1.682589559332072e-08
1883.0 1.6813753124490932e-08
1884.0 1.680161065566114e-08
1885.0 1.6789468186831347e-08
1886.0 1.6777325718001553e-08
1887.0 1.6765183249171762e-08
1888.0 1.6753040780341968e-08
1889.0 1.6740898311512177e-08
1890.0 1.6728755842682383e-08
1891.0 1.671661337385259e-08
1892.0 1.6704470905022794e-08
1893.0 1.6692328436193003e-08
1894.0 1.6680185967363213e-08
1895.0 1.666804349853342e-08
1896.0 1.6655901029703624e-08
1897.0 1.6643758560873827e-08
1898.0 1.663161609204404e-08
1899.0 1.6619473623214242e-08
1900.0 1.6607331154384454e-08
1901.0 1.659518868555466e-08
1902.0 1.658304621672487e-08
1903.0 1.6570903747895075e-08
1904.0 1.655876127906528e-08
1905.0 1.654661881023549e-08
1906.0 1.65344763414057e-08
1907.0 1.6522333872575905e-08
1908.0 1.651019140374611e-08
1909.0 1.649804893491632e-08
1910.0 1.648590646608652e-08
1911.0 1.647376399725673e-08
1912.0 1.646162152842694e-08
1913.0 1.6449479059597147e-08
1914.0 1.6437336590767352e-08
1915.0 1.6425194121937558e-08
1916.0 1.641305165310777e-08
1917.0 1.6400909184277977e-08
1918.0 1.6388766715448182e-08
1919.0 1.6376624246618388e-08
1920.0 1.6364481777788594e-08
1921.0 1.6352339308958803e-08
1922.0 1.6340196840129012e-08
1923.0 1.6328054371299218e-08
1924.0 1.6315911902469424e-08
1925.0 1.630376943363963e-08
1926.0 1.629162696480984e-08
1927.0 1.6279484495980048e-08
1928.0 1.6267342027150254e-08
1929.0 1.625519955832046e-08
1930.0 1.6243057089490666e-08
1931.0 1.6230914620660875e-08
1932.0 1.6218772151831084e-08
1933.0 1.620662968300129e-08
1934.0 1.6194487214171496e-08
1935.0 1.6182344745341705e-08
1936.0 1.617020227651191e-08
1937.0 1.6158059807682116e-08
1938.0 1.6145917338852326e-08
1939.0 1.613377487002253e-08
1940.0 1.612163240119274e-08
1941.0 1.6109489932362943e-08
1942.0 1.6097347463533155e-08
1943.0 1.6085204994703358e-08
1944.0 1.607306252587357e-08
1945.0 1.6060920057043776e-08
1946.0 1.6048777588213982e-08
1947.0 1.6036635119384188e-08
1948.0 1.60244926505544e-08
1949.0 1.6012350181724606e-08
1950.0 1.6000207712894812e-08
1951.0 1.5988065244065018e-08
1952.0 1.597592277523522e-08
1953.0 1.5963780306405433e-08
1954.0 1.5951637837575642e-08
1955.0 1.593949536874585e-08
1956.0 1.5927352899916054e-08
1957.0 1.5915210431086256e-08
1958.0 1.5903067962256465e-08
1959.0 1.5890925493426678e-08
1960.0 1.5878783024596884e-08
1961.0 1.586664055576709e-08
1962.0 1.58544980869373e-08
1963.0 1.58423556181075e-08
1964.0 1.583021314927771e-08
1965.0 1.5818070680447916e-08
1966.0 1.5805928211618125e-08
1967.0 1.5793785742788334e-08
1968.0 1.578164327395854e-08
1969.0 1.5769500805128746e-08
1970.0 1.5757358336298955e-08
1971.0 1.574521586746916e-08
1972.0 1.573307339863937e-08
1973.0 1.5720930929809576e-08
1974.0 1.570878846097978e-08
1975.0 1.5696645992149988e-08
1976.0 1.5684503523320197e-08
1977.0 1.5672361054490406e-08
1978.0 1.5660218585660612e-08
1979.0 1.5648076116830814e-08
1980.0 1.5635933648001023e-08
1981.0 1.5623791179171236e-08
1982.0 1.5611648710341445e-08
1983.0 1.5599506241511644e-08
1984.0 1.5587363772681853e-08
1985.0 1.557522130385206e-08
1986.0 1.556307883502227e-08
1987.0 1.555231927984716e-08
1988.0 1.5541771280283584e-08
1989.0 1.5531223280720003e-08
1990.0 1.5520675281156426e-08
1991.0 1.5510127281592853e-08
1992.0 1.5499579282029276e-08
1993.0 1.54890312824657e-08
1994.0 1.547848328290212e-08
1995.0 1.5467935283338542e-08
1996.0 1.5457387283774965e-08
1997.0 1.5446839284211388e-08
1998.0 1.543629128464781e-08
1999.0 1.5425743285084237e-08
2000.0 1.541519528552066e-08
2001.0 1.5404647285957077e-08
2002.0 1.5394099286393503e-08
2003.0 1.5383551286829923e-08
2004.0 1.5373003287266343e-08
2005.0 1.5362455287702766e-08
2006.0 1.5351907288139192e-08
2007.0 1.534135928857562e-08
2008.0 1.533081128901204e-08
2009.0 1.532026328944846e-08
2010.0 1.5309715289884884e-08
2011.0 1.5299167290321304e-08
2012.0 1.5288619290757727e-08
2013.0 1.5278071291194154e-08
2014.0 1.5267523291630577e-08
2015.0 1.5256975292066993e-08
2016.0 1.524642729250342e-08
2017.0 1.5235879292939843e-08
2018.0 1.522533129337627e-08
2019.0 1.521478329381269e-08
2020.0 1.5204235294249112e-08
2021.0 1.5193687294685535e-08
2022.0 1.5183139295121955e-08
2023.0 1.517259129555838e-08
2024.0 1.5162043295994807e-08
2025.0 1.5151495296431227e-08
2026.0 1.5140947296867644e-08
2027.0 1.513039929730407e-08
2028.0 1.5119851297740496e-08
2029.0 1.5109303298176923e-08
2030.0 1.509875529861334e-08
2031.0 1.5088207299049762e-08
2032.0 1.5077659299486185e-08
2033.0 1.5067111299922605e-08
2034.0 1.5056563300359028e-08
2035.0 1.5046015300795454e-08
2036.0 1.5035467301231877e-08
2037.0 1.50249193016683e-08
2038.0 1.501437130210472e-08
2039.0 1.5003823302541147e-08
2040.0 1.499327530297757e-08
2041.0 1.498272730341399e-08
2042.0 1.4972179303850413e-08
2043.0 1.4961631304286836e-08
2044.0 1.495108330472326e-08
2045.0 1.494053530515968e-08
2046.0 1.4929987305596105e-08
2047.0 1.4919439306032528e-08
2048.0 1.4908891306468948e-08
2049.0 1.4898343306905372e-08
2050.0 1.4887795307341799e-08
2051.0 1.4877247307778217e-08
2052.0 1.4866699308214643e-08
2053.0 1.4856151308651066e-08
2054.0 1.4845603309087491e-08
2055.0 1.4835055309523914e-08
2056.0 1.482450730996033e-08
2057.0 1.4813959310396755e-08
2058.0 1.4803411310833178e-08
2059.0 1.4792863311269603e-08
2060.0 1.4782315311706023e-08
2061.0 1.4771767312142446e-08
2062.0 1.4761219312578867e-08
2063.0 1.475067131301529e-08
2064.0 1.4740123313451713e-08
2065.0 1.4729575313888138e-08
2066.0 1.4719027314324561e-08
2067.0 1.4708479314760982e-08
2068.0 1.4697931315197406e-08
2069.0 1.4687383315633829e-08
2070.0 1.4676835316070253e-08
2071.0 1.4666287316506673e-08
2072.0 1.46557393169431e-08
2073.0 1.464519131737952e-08
2074.0 1.4634643317815944e-08
2075.0 1.4624095318252362e-08
2076.0 1.4613547318688788e-08
2077.0 1.4602999319125211e-08
2078.0 1.4592451319561636e-08
2079.0 1.4581903319998056e-08
2080.0 1.4571355320434479e-08
2081.0 1.45608073208709e-08
2082.0 1.455025932130732e-08
2083.0 1.4539711321743745e-08
2084.0 1.4529163322180171e-08
2085.0 1.4518615322616594e-08
2086.0 1.4508067323053016e-08
2087.0 1.4497519323489439e-08
2088.0 1.4486971323925862e-08
2089.0 1.4476423324362283e-08
2090.0 1.4465875324798706e-08
2091.0 1.4455327325235131e-08
2092.0 1.444477932567155e-08
2093.0 1.4434231326107977e-08
2094.0 1.4423683326544402e-08
2095.0 1.4413135326980822e-08
2096.0 1.4402587327417245e-08
2097.0 1.4392039327853663e-08
2098.0 1.4381491328290086e-08
2099.0 1.4370943328726514e-08
2100.0 1.4360395329162934e-08
2101.0 1.4349847329599357e-08
2102.0 1.4339299330035781e-08
2103.0 1.4328751330472204e-08
2104.0 1.4318203330908623e-08
2105.0 1.4307655331345049e-08
2106.0 1.4297107331781472e-08
2107.0 1.4286559332217897e-08
2108.0 1.4276011332654316e-08
2109.0 1.426546333309074e-08
2110.0 1.4254915333527164e-08
2111.0 1.4244367333963587e-08
2112.0 1.4233819334400007e-08
2113.0 1.4223271334836428e-08
2114.0 1.4212723335272851e-08
2115.0 1.4202175335709273e-08
2116.0 1.41916273361457e-08
2117.0 1.4181079336582122e-08
2118.0 1.4170531337018547e-08
2119.0 1.4159983337454967e-08
2120.0 1.4149435337891393e-08
2121.0 1.4138887338327811e-08
2122.0 1.4128339338764234e-08
2123.0 1.4117791339200662e-08
2124.0 1.4107243339637085e-08
2125.0 1.4096695340073508e-08
2126.0 1.4086147340509927e-08
2127.0 1.4075599340946346e-08
2128.0 1.4065051341382773e-08
2129.0 1.4054503341819197e-08
2130.0 1.404395534225562e-08
2131.0 1.403340734269204e-08
2132.0 1.4022859343128463e-08
2133.0 1.4012311343564885e-08
2134.0 1.400176334400131e-08
2135.0 1.3991215344437731e-08
2136.0 1.3980667344874154e-08
2137.0 1.397011934531058e-08
2138.0 1.3959571345747e-08
2139.0 1.3949023346183426e-08
2140.0 1.3939762659835706e-08
2141.0 1.393066680410707e-08
2142.0 1.392157094837844e-08
2143.0 1.3912475092649807e-08
2144.0 1.3903379236921176e-08
2145.0 1.389428338119254e-08
2146.0 1.3885187525463905e-08
2147.0 1.3876091669735275e-08
2148.0 1.3866995814006642e-08
2149.0 1.3857899958278011e-08
2150.0 1.3848804102549375e-08
2151.0 1.3839708246820744e-08
2152.0 1.383061239109211e-08
2153.0 1.3821516535363478e-08
2154.0 1.3812420679634846e-08
2155.0 1.3803324823906213e-08
2156.0 1.3794228968177579e-08
2157.0 1.3785133112448946e-08
2158.0 1.3776037256720313e-08
2159.0 1.3766941400991682e-08
2160.0 1.3757845545263049e-08
2161.0 1.3748749689534416e-08
2162.0 1.3739653833805781e-08
2163.0 1.3730557978077148e-08
2164.0 1.3721462122348517e-08
2165.0 1.3712366266619884e-08
2166.0 1.3703270410891251e-08
2167.0 1.3694174555162621e-08
2168.0 1.3685078699433985e-08
2169.0 1.3675982843705352e-08
2170.0 1.366688698797672e-08
2171.0 1.3657791132248086e-08
2172.0 1.3648695276519455e-08
2173.0 1.363959942079082e-08
2174.0 1.3630503565062188e-08
2175.0 1.3621407709333555e-08
2176.0 1.3612311853604927e-08
2177.0 1.3603215997876292e-08
2178.0 1.3594120142147656e-08
2179.0 1.3585024286419023e-08
2180.0 1.357592843069039e-08
2181.0 1.356683257496176e-08
2182.0 1.3557736719233127e-08
2183.0 1.3548640863504491e-08
2184.0 1.353954500777586e-08
2185.0 1.3530449152047227e-08
2186.0 1.3521353296318596e-08
2187.0 1.351225744058996e-08
2188.0 1.3503161584861326e-08
2189.0 1.3494065729132695e-08
2190.0 1.3484969873404062e-08
2191.0 1.3475874017675432e-08
2192.0 1.3466778161946795e-08
2193.0 1.3457682306218165e-08
2194.0 1.3448586450489532e-08
2195.0 1.3439490594760899e-08
2196.0 1.343039473903227e-08
2197.0 1.3421298883303632e-08
2198.0 1.3412203027575002e-08
2199.0 1.3403107171846366e-08
2200.0 1.3394011316117733e-08
2201.0 1.3384915460389101e-08
2202.0 1.337581960466047e-08
2203.0 1.3366723748931837e-08
2204.0 1.3357627893203203e-08
2205.0 1.334853203747457e-08
2206.0 1.3339436181745937e-08
2207.0 1.3330340326017305e-08
2208.0 1.3321244470288672e-08
2209.0 1.3312148614560038e-08
2210.0 1.3303052758831407e-08
2211.0 1.3293956903102772e-08
2212.0 1.3284861047374142e-08
2213.0 1.327576519164551e-08
2214.0 1.3266669335916875e-08
2215.0 1.3257573480188242e-08
2216.0 1.3248477624459609e-08
2217.0 1.3239381768730976e-08
2218.0 1.3230285913002345e-08
2219.0 1.322119005727371e-08
2220.0 1.3212094201545079e-08
2221.0 1.3202998345816443e-08
2222.0 1.319390249008781e-08
2223.0 1.318480663435918e-08
2224.0 1.3175710778630547e-08
2225.0 1.3166614922901914e-08
2226.0 1.3157519067173278e-08
2227.0 1.3148423211444648e-08
2228.0 1.3139327355716015e-08
2229.0 1.3130231499987382e-08
2230.0 1.3121135644258746e-08
2231.0 1.3112039788530116e-08
2232.0 1.3102943932801483e-08
2233.0 1.309384807707285e-08
2234.0 1.3084752221344218e-08
2235.0 1.3075656365615585e-08
2236.0 1.3066560509886952e-08
2237.0 1.3057464654158319e-08
2238.0 1.3048368798429686e-08
2239.0 1.3039272942701053e-08
2240.0 1.303017708697242e-08
2241.0 1.3021081231243787e-08
2242.0 1.3011985375515154e-08
2243.0 1.3002889519786521e-08
2244.0 1.2993793664057888e-08
2245.0 1.2984697808329257e-08
2246.0 1.2975601952600622e-08
2247.0 1.296650609687199e-08
2248.0 1.2957410241143356e-08
2249.0 1.2948314385414725e-08
2250.0 1.2939218529686092e-08
2251.0 1.2930122673957458e-08
2252.0 1.2921026818228825e-08
2253.0 1.2911930962500192e-08
2254.0 1.290283510677156e-08
2255.0 1.2893739251042927e-08
2256.0 1.2884643395314295e-08
2257.0 1.287554753958566e-08
2258.0 1.2866451683857027e-08
2259.0 1.2857355828128396e-08
2260.0 1.2848259972399763e-08
2261.0 1.283916411667113e-08
2262.0 1.2830068260942495e-08
2263.0 1.2820972405213862e-08
2264.0 1.2811876549485231e-08
2265.0 1.2802780693756598e-08
2266.0 1.2793684838027965e-08
2267.0 1.278458898229933e-08
2268.0 1.2775493126570698e-08
2269.0 1.2766397270842066e-08
2270.0 1.2757301415113433e-08
2271.0 1.27482055593848e-08
2272.0 1.2739109703656167e-08
2273.0 1.2730013847927533e-08
2274.0 1.2720917992198902e-08
2275.0 1.2711822136470269e-08
2276.0 1.2702726280741636e-08
2277.0 1.2693630425013003e-08
2278.0 1.2684534569284371e-08
2279.0 1.2675438713555737e-08
2280.0 1.2666342857827104e-08
2281.0 1.2657247002098471e-08
2282.0 1.2648151146369841e-08
2283.0 1.2639055290641207e-08
2284.0 1.2629959434912572e-08
2285.0 1.262086357918394e-08
2286.0 1.261176772345531e-08
2287.0 1.2602671867726677e-08
2288.0 1.259357601199804e-08
2289.0 1.2584480156269407e-08
2290.0 1.2575384300540778e-08
2291.0 1.2566288444812145e-08
2292.0 1.2557192589083512e-08
2293.0 1.2548096733354877e-08
2294.0 1.2539000877626243e-08
2295.0 1.2529905021897613e-08
2296.0 1.252080916616898e-08
2297.0 1.2511713310440347e-08
2298.0 1.2502617454711713e-08
2299.0 1.249352159898308e-08
2300.0 1.2484425743254448e-08
2301.0 1.2475329887525815e-08
2302.0 1.2466234031797182e-08
2303.0 1.245713817606855e-08
2304.0 1.2448192734549448e-08
2305.0 1.2440325793302576e-08
2306.0 1.2432458852055701e-08
2307.0 1.2424591910808826e-08
2308.0 1.2416724969561952e-08
2309.0 1.2408858028315079e-08
2310.0 1.2400991087068203e-08
2311.0 1.2393124145821325e-08
2312.0 1.2385257204574453e-08
2313.0 1.2377390263327577e-08
2314.0 1.2369523322080703e-08
2315.0 1.2361656380833828e-08
2316.0 1.2353789439586952e-08
2317.0 1.2345922498340079e-08
2318.0 1.2338055557093201e-08
2319.0 1.233018861584633e-08
2320.0 1.232232167459945e-08
2321.0 1.2314454733352579e-08
2322.0 1.2306587792105702e-08
2323.0 1.2298720850858831e-08
2324.0 1.2290853909611953e-08
2325.0 1.2282986968365079e-08
2326.0 1.2275120027118202e-08
2327.0 1.226725308587133e-08
2328.0 1.2259386144624457e-08
2329.0 1.2251519203377579e-08
2330.0 1.2243652262130706e-08
2331.0 1.2235785320883828e-08
2332.0 1.2227918379636953e-08
2333.0 1.2220051438390082e-08
2334.0 1.2212184497143206e-08
2335.0 1.2204317555896331e-08
2336.0 1.2196450614649457e-08
2337.0 1.2188583673402582e-08
2338.0 1.2180716732155702e-08
2339.0 1.2172849790908833e-08
2340.0 1.2164982849661958e-08
2341.0 1.2157115908415082e-08
2342.0 1.2149248967168207e-08
2343.0 1.2141382025921331e-08
2344.0 1.2133515084674455e-08
2345.0 1.2125648143427584e-08
2346.0 1.2117781202180709e-08
2347.0 1.2109914260933833e-08
2348.0 1.2102047319686956e-08
2349.0 1.2094180378440084e-08
2350.0 1.2086313437193207e-08
2351.0 1.2078446495946334e-08
2352.0 1.2070579554699458e-08
2353.0 1.2062712613452583e-08
2354.0 1.205484567220571e-08
2355.0 1.2046978730958836e-08
2356.0 1.203911178971196e-08
2357.0 1.2031244848465087e-08
2358.0 1.2023377907218207e-08
2359.0 1.2015510965971334e-08
2360.0 1.2007644024724461e-08
2361.0 1.1999777083477585e-08
2362.0 1.1991910142230712e-08
2363.0 1.1984043200983836e-08
2364.0 1.1976176259736961e-08
2365.0 1.1968309318490083e-08
2366.0 1.1960442377243212e-08
2367.0 1.1952575435996334e-08
2368.0 1.1944708494749463e-08
2369.0 1.1936841553502587e-08
2370.0 1.192897461225571e-08
2371.0 1.1921107671008836e-08
2372.0 1.1913240729761961e-08
2373.0 1.1905373788515088e-08
2374.0 1.1897506847268214e-08
2375.0 1.1889639906021336e-08
2376.0 1.1881772964774461e-08
2377.0 1.1873906023527588e-08
2378.0 1.1866039082280714e-08
2379.0 1.1858172141033837e-08
2380.0 1.1850305199786963e-08
2381.0 1.184243825854009e-08
2382.0 1.1834571317293214e-08
2383.0 1.1826704376046339e-08
2384.0 1.1818837434799466e-08
2385.0 1.181097049355259e-08
2386.0 1.1803103552305719e-08
2387.0 1.179523661105884e-08
2388.0 1.1787369669811964e-08
2389.0 1.1779502728565092e-08
2390.0 1.1771635787318215e-08
2391.0 1.1763768846071342e-08
2392.0 1.1755901904824463e-08
2393.0 1.1748034963577591e-08
2394.0 1.1740168022330717e-08
2395.0 1.1732301081083842e-08
2396.0 1.1724434139836966e-08
2397.0 1.1716567198590091e-08
2398.0 1.1708700257343215e-08
2399.0 1.170083331609634e-08
2400.0 1.169296637484947e-08
2401.0 1.1685099433602593e-08
2402.0 1.1677232492355719e-08
2403.0 1.166936555110884e-08
2404.0 1.1661498609861968e-08
2405.0 1.1653631668615093e-08
2406.0 1.1645764727368218e-08
2407.0 1.1637897786121344e-08
2408.0 1.163003084487447e-08
2409.0 1.1622163903627595e-08
2410.0 1.1614296962380717e-08
2411.0 1.1606430021133846e-08
2412.0 1.159856307988697e-08
2413.0 1.1590696138640095e-08
2414.0 1.158282919739322e-08
2415.0 1.1574962256146344e-08
2416.0 1.1567095314899468e-08
2417.0 1.1559228373652596e-08
2418.0 1.1551361432405722e-08
2419.0 1.1543494491158845e-08
2420.0 1.1535627549911973e-08
2421.0 1.1527760608665095e-08
2422.0 1.151989366741822e-08
2423.0 1.1512026726171347e-08
2424.0 1.1504159784924471e-08
2425.0 1.1496292843677595e-08
2426.0 1.1488425902430722e-08
2427.0 1.1480558961183849e-08
2428.0 1.147269201993697e-08
2429.0 1.14648250786901e-08
2430.0 1.145695813744322e-08
2431.0 1.1449091196196345e-08
2432.0 1.1441224254949474e-08
2433.0 1.1433357313702598e-08
2434.0 1.1425490372455723e-08
2435.0 1.141762343120885e-08
2436.0 1.1409756489961974e-08
2437.0 1.1401889548715096e-08
2438.0 1.1394022607468225e-08
2439.0 1.1386155666221349e-08
2440.0 1.1378288724974474e-08
2441.0 1.13704217837276e-08
2442.0 1.1362554842480723e-08
2443.0 1.1354687901233849e-08
2444.0 1.1346820959986974e-08
2445.0 1.1338954018740098e-08
2446.0 1.1331087077493226e-08
2447.0 1.1323220136246349e-08
2448.0 1.1315353194999476e-08
2449.0 1.1307486253752601e-08
2450.0 1.1299619312505726e-08
2451.0 1.129175237125885e-08
2452.0 1.1283885430011977e-08
2453.0 1.1276018488765101e-08
2454.0 1.1268151547518226e-08
2455.0 1.1260284606271352e-08
2456.0 1.1252417665024476e-08
2457.0 1.1244550723777603e-08
2458.0 1.1236683782530726e-08
2459.0 1.1228816841283853e-08
2460.0 1.1220949900036977e-08
2461.0 1.1213082958790104e-08
2462.0 1.1205216017543228e-08
2463.0 1.1197349076296353e-08
2464.0 1.1189482135049479e-08
2465.0 1.1181615193802604e-08
2466.0 1.1173748252555728e-08
2467.0 1.1165881311308855e-08
2468.0 1.1158014370061979e-08
2469.0 1.1150147428815104e-08
2470.0 1.114228048756823e-08
2471.0 1.1134413546321357e-08
2472.0 1.1126546605074479e-08
2473.0 1.1118679663827606e-08
2474.0 1.1110812722580728e-08
2475.0 1.1102945781333857e-08
2476.0 1.109507884008698e-08
2477.0 1.1087211898840106e-08
2478.0 1.1079344957593231e-08
2479.0 1.1071478016346357e-08
2480.0 1.106361107509948e-08
2481.0 1.1055744133852607e-08
2482.0 1.1048665686520617e-08
2483.0 1.1041980129118044e-08
2484.0 1.1035294571715476e-08
2485.0 1.1028609014312905e-08
2486.0 1.1021923456910337e-08
2487.0 1.1015237899507764e-08
2488.0 1.1008552342105195e-08
2489.0 1.1001866784702625e-08
2490.0 1.0995181227300056e-08
2491.0 1.0988495669897486e-08
2492.0 1.0981810112494913e-08
2493.0 1.0975124555092345e-08
2494.0 1.0968438997689774e-08
2495.0 1.0961753440287203e-08
2496.0 1.0955067882884634e-08
2497.0 1.0948382325482062e-08
2498.0 1.0941696768079496e-08
2499.0 1.0935011210676923e-08
2500.0 1.0928325653274354e-08
2501.0 1.0921640095871781e-08
2502.0 1.0914954538469213e-08
2503.0 1.0908268981066642e-08
2504.0 1.0901583423664074e-08
2505.0 1.0894897866261503e-08
2506.0 1.0888212308858932e-08
2507.0 1.0881526751456362e-08
2508.0 1.0874841194053793e-08
2509.0 1.0868155636651223e-08
2510.0 1.086147007924865e-08
2511.0 1.0854784521846081e-08
2512.0 1.0848098964443511e-08
2513.0 1.0841413407040942e-08
2514.0 1.083472784963837e-08
2515.0 1.08280422922358e-08
2516.0 1.0821356734833232e-08
2517.0 1.081467117743066e-08
2518.0 1.0807985620028091e-08
2519.0 1.0801300062625521e-08
2520.0 1.0794614505222949e-08
2521.0 1.078792894782038e-08
2522.0 1.078124339041781e-08
2523.0 1.0774557833015237e-08
2524.0 1.0767872275612669e-08
2525.0 1.0761186718210098e-08
2526.0 1.075450116080753e-08
2527.0 1.0747815603404959e-08
2528.0 1.0741130046002388e-08
2529.0 1.0734444488599818e-08
2530.0 1.0727758931197249e-08
2531.0 1.0721073373794679e-08
2532.0 1.071438781639211e-08
2533.0 1.0707702258989538e-08
2534.0 1.0701016701586967e-08
2535.0 1.0694331144184398e-08
2536.0 1.0687645586781827e-08
2537.0 1.0680960029379259e-08
2538.0 1.0674274471976688e-08
2539.0 1.0667588914574116e-08
2540.0 1.0660903357171547e-08
2541.0 1.0654217799768977e-08
2542.0 1.0647532242366404e-08
2543.0 1.0640846684963838e-08
2544.0 1.0634161127561265e-08
2545.0 1.0627475570158698e-08
2546.0 1.0620790012756126e-08
2547.0 1.0614104455353555e-08
2548.0 1.0607418897950984e-08
2549.0 1.0600733340548415e-08
2550.0 1.0594047783145845e-08
2551.0 1.0587362225743276e-08
2552.0 1.0580676668340706e-08
2553.0 1.0573991110938133e-08
2554.0 1.0567305553535565e-08
2555.0 1.0560619996132994e-08
2556.0 1.0553934438730426e-08
2557.0 1.0547248881327855e-08
2558.0 1.0540563323925286e-08
2559.0 1.0533877766522714e-08
2560.0 1.0527192209120143e-08
2561.0 1.0520506651717574e-08
2562.0 1.0513821094315003e-08
2563.0 1.0507135536912435e-08
2564.0 1.0500449979509862e-08
2565.0 1.0493764422107294e-08
2566.0 1.0487078864704723e-08
2567.0 1.0480393307302152e-08
2568.0 1.0473707749899582e-08
2569.0 1.0467022192497014e-08
2570.0 1.0460336635094442e-08
2571.0 1.0453651077691872e-08
2572.0 1.0446965520289301e-08
2573.0 1.0440279962886731e-08
2574.0 1.0433594405484162e-08
2575.0 1.0426908848081589e-08
2576.0 1.0420223290679023e-08
2577.0 1.041353773327645e-08
2578.0 1.0406852175873882e-08
2579.0 1.040016661847131e-08
2580.0 1.039348106106874e-08
2581.0 1.0386795503666169e-08
2582.0 1.0380109946263602e-08
2583.0 1.037342438886103e-08
2584.0 1.036673883145846e-08
2585.0 1.036005327405589e-08
2586.0 1.0353367716653318e-08
2587.0 1.034668215925075e-08
2588.0 1.0339996601848179e-08
2589.0 1.0333311044445611e-08
2590.0 1.032662548704304e-08
2591.0 1.0319939929640469e-08
2592.0 1.03132543722379e-08
2593.0 1.0306568814835331e-08
2594.0 1.0299883257432758e-08
2595.0 1.029319770003019e-08
2596.0 1.028651214262762e-08
2597.0 1.0279826585225048e-08
2598.0 1.0273141027822479e-08
2599.0 1.0266455470419907e-08
2600.0 1.0259769913017336e-08
2601.0 1.0253084355614767e-08
2602.0 1.0246398798212197e-08
2603.0 1.0239713240809628e-08
2604.0 1.0233027683407058e-08
2605.0 1.0226342126004487e-08
2606.0 1.0219656568601918e-08
2607.0 1.0212971011199346e-08
2608.0 1.0206285453796777e-08
2609.0 1.0199599896394207e-08
2610.0 1.0192914338991636e-08
2611.0 1.0186228781589067e-08
2612.0 1.0179543224186496e-08
2613.0 1.0172857666783926e-08
2614.0 1.0166172109381355e-08
2615.0 1.0159486551978787e-08
2616.0 1.0152800994576216e-08
2617.0 1.0146115437173646e-08
2618.0 1.0139429879771075e-08
2619.0 1.0132744322368504e-08
2620.0 1.0126058764965934e-08
2621.0 1.0119373207563365e-08
2622.0 1.0112687650160795e-08
2623.0 1.0106002092758224e-08
2624.0 1.0099316535355653e-08
2625.0 1.0092630977953084e-08
2626.0 1.0085945420550512e-08
2627.0 1.0079259863147943e-08
2628.0 1.0072574305745372e-08
2629.0 1.0065888748342804e-08
2630.0 1.0059203190940233e-08
2631.0 1.0052517633537663e-08
2632.0 1.0045832076135094e-08
2633.0 1.0039146518732521e-08
2634.0 1.0032460961329953e-08
2635.0 1.0025775403927382e-08
2636.0 1.0019089846524812e-08
2637.0 1.0012404289122243e-08
2638.0 1.000571873171967e-08
2639.0 9.9990331743171e-09
2640.0 9.992347616914531e-09
2641.0 9.985662059511961e-09
2642.0 9.978976502109395e-09
2643.0 9.972290944706822e-09
2644.0 9.96560538730425e-09
2645.0 9.958919829901682e-09
2646.0 9.95223427249911e-09
2647.0 9.94554871509654e-09
2648.0 9.938863157693972e-09
2649.0 9.932177600291399e-09
2650.0 9.925492042888831e-09
2651.0 9.91880648548626e-09
2652.0 9.91212092808369e-09
2653.0 9.905435370681119e-09
2654.0 9.89874981327855e-09
2655.0 9.89206425587598e-09
2656.0 9.88537869847341e-09
2657.0 9.87869314107084e-09
2658.0 9.87200758366827e-09
2659.0 9.865322026265699e-09
2660.0 9.858636468863127e-09
2661.0 9.85195091146056e-09
2662.0 9.845265354057988e-09
2663.0 9.838579796655417e-09
2664.0 9.831894239252846e-09
2665.0 9.825208681850278e-09
2666.0 9.818523124447705e-09
2667.0 9.811837567045138e-09
2668.0 9.805152009642566e-09
2669.0 9.798466452239999e-09
2670.0 9.791780894837427e-09
2671.0 9.785095337434856e-09
2672.0 9.778409780032287e-09
2673.0 9.772292600286379e-09
2674.0 9.766651675289781e-09
2675.0 9.761010750293184e-09
2676.0 9.755369825296587e-09
2677.0 9.74972890029999e-09
2678.0 9.744087975303389e-09
2679.0 9.738447050306793e-09
2680.0 9.732806125310196e-09
2681.0 9.727165200313599e-09
2682.0 9.721524275317003e-09
2683.0 9.715883350320406e-09
2684.0 9.710242425323809e-09
2685.0 9.704601500327211e-09
2686.0 9.698960575330612e-09
2687.0 9.693319650334015e-09
2688.0 9.687678725337418e-09
2689.0 9.68203780034082e-09
2690.0 9.676396875344223e-09
2691.0 9.670755950347626e-09
2692.0 9.665115025351027e-09
2693.0 9.659474100354432e-09
2694.0 9.653833175357833e-09
2695.0 9.648192250361237e-09
2696.0 9.64255132536464e-09
2697.0 9.636910400368043e-09
2698.0 9.631269475371445e-09
2699.0 9.625628550374845e-09
2700.0 9.619987625378247e-09
2701.0 9.614346700381652e-09
2702.0 9.608705775385055e-09
2703.0 9.603064850388457e-09
2704.0 9.597423925391862e-09
2705.0 9.591783000395263e-09
2706.0 9.586142075398665e-09
2707.0 9.580501150402068e-09
2708.0 9.574860225405471e-09
2709.0 9.569219300408874e-09
2710.0 9.563578375412276e-09
2711.0 9.557937450415679e-09
2712.0 9.552296525419082e-09
2713.0 9.546655600422485e-09
2714.0 9.541014675425889e-09
2715.0 9.535373750429288e-09
2716.0 9.52973282543269e-09
2717.0 9.524091900436097e-09
2718.0 9.518450975439497e-09
2719.0 9.5128100504429e-09
2720.0 9.5071691254463e-09
2721.0 9.501528200449703e-09
2722.0 9.495887275453106e-09
2723.0 9.49024635045651e-09
2724.0 9.484605425459913e-09
2725.0 9.478964500463316e-09
2726.0 9.473323575466718e-09
2727.0 9.467682650470121e-09
2728.0 9.46204172547352e-09
2729.0 9.456400800476925e-09
2730.0 9.450759875480328e-09
2731.0 9.44511895048373e-09
2732.0 9.439478025487132e-09
2733.0 9.433837100490538e-09
2734.0 9.42819617549394e-09
2735.0 9.422555250497343e-09
2736.0 9.416914325500744e-09
2737.0 9.411273400504147e-09
2738.0 9.40563247550755e-09
2739.0 9.399991550510952e-09
2740.0 9.394350625514355e-09
2741.0 9.388709700517758e-09
2742.0 9.383068775521159e-09
2743.0 9.377427850524563e-09
2744.0 9.371786925527964e-09
2745.0 9.366146000531369e-09
2746.0 9.360505075534771e-09
2747.0 9.354864150538173e-09
2748.0 9.349223225541574e-09
2749.0 9.343582300544976e-09
2750.0 9.337941375548379e-09
2751.0 9.332300450551784e-09
2752.0 9.326659525555186e-09
2753.0 9.321018600558589e-09
2754.0 9.315377675561992e-09
2755.0 9.309736750565394e-09
2756.0 9.304095825568796e-09
2757.0 9.2984549005722e-09
2758.0 9.292813975575603e-09
2759.0 9.287173050579005e-09
2760.0 9.281532125582408e-09
2761.0 9.275891200585811e-09
2762.0 9.270250275589214e-09
2763.0 9.264609350592616e-09
2764.0 9.258968425596017e-09
2765.0 9.25332750059942e-09
2766.0 9.247686575602823e-09
2767.0 9.242045650606226e-09
2768.0 9.236404725609628e-09
2769.0 9.230763800613031e-09
2770.0 9.225122875616432e-09
2771.0 9.219481950619837e-09
2772.0 9.21384102562324e-09
2773.0 9.208200100626642e-09
2774.0 9.202559175630045e-09
2775.0 9.196918250633447e-09
2776.0 9.191277325636845e-09
2777.0 9.18563640064025e-09
2778.0 9.179995475643652e-09
2779.0 9.174354550647058e-09
2780.0 9.16871362565046e-09
2781.0 9.163072700653862e-09
2782.0 9.157431775657267e-09
2783.0 9.15179085066067e-09
2784.0 9.146149925664072e-09
2785.0 9.140509000667473e-09
2786.0 9.134868075670876e-09
2787.0 9.129227150674279e-09
2788.0 9.123586225677681e-09
2789.0 9.117945300681084e-09
2790.0 9.112304375684487e-09
2791.0 9.10666345068789e-09
2792.0 9.101022525691292e-09
2793.0 9.095381600694693e-09
2794.0 9.089740675698098e-09
2795.0 9.084099750701499e-09
2796.0 9.078458825704902e-09
2797.0 9.072817900708303e-09
2798.0 9.067176975711705e-09
2799.0 9.061536050715108e-09
2800.0 9.055895125718512e-09
2801.0 9.050254200721915e-09
2802.0 9.044613275725318e-09
2803.0 9.03897235072872e-09
2804.0 9.033331425732123e-09
2805.0 9.027690500735524e-09
2806.0 9.022049575738927e-09
2807.0 9.016408650742332e-09
2808.0 9.010767725745734e-09
2809.0 9.005126800749137e-09
2810.0 8.999485875752538e-09
2811.0 8.993844950755943e-09
2812.0 8.988204025759345e-09
2813.0 8.98256310076275e-09
2814.0 8.976922175766149e-09
2815.0 8.971281250769552e-09
2816.0 8.965640325772955e-09
2817.0 8.959999400776357e-09
2818.0 8.954358475779758e-09
2819.0 8.948717550783163e-09
2820.0 8.943076625786564e-09
2821.0 8.937435700789967e-09
2822.0 8.931794775793371e-09
2823.0 8.926153850796774e-09
2824.0 8.920512925800175e-09
2825.0 8.914872000803577e-09
2826.0 8.909231075806979e-09
2827.0 8.903590150810381e-09
2828.0 8.897949225813786e-09
2829.0 8.892308300817188e-09
2830.0 8.886667375820591e-09
2831.0 8.881026450823992e-09
2832.0 8.875385525827397e-09
2833.0 8.8697446008308e-09
2834.0 8.864103675834202e-09
2835.0 8.858462750837605e-09
2836.0 8.85282182584101e-09
2837.0 8.84718090084441e-09
2838.0 8.841539975847813e-09
2839.0 8.835899050851217e-09
2840.0 8.830258125854618e-09
2841.0 8.824617200858021e-09
2842.0 8.818976275861424e-09
2843.0 8.813335350864825e-09
2844.0 8.80769442586823e-09
2845.0 8.80205350087163e-09
2846.0 8.796412575875033e-09
2847.0 8.790771650878436e-09
2848.0 8.785130725881837e-09
2849.0 8.779489800885241e-09
2850.0 8.773848875888644e-09
2851.0 8.768207950892047e-09
2852.0 8.76256702589545e-09
2853.0 8.756926100898852e-09
2854.0 8.751285175902253e-09
2855.0 8.745644250905655e-09
2856.0 8.740003325909059e-09
2857.0 8.734362400912462e-09
2858.0 8.728721475915866e-09
2859.0 8.723080550919269e-09
2860.0 8.717439625922673e-09
2861.0 8.711798700926074e-09
2862.0 8.706157775929477e-09
2863.0 8.700516850932878e-09
2864.0 8.69487592593628e-09
2865.0 8.689235000939684e-09
2866.0 8.683594075943086e-09
2867.0 8.677953150946489e-09
2868.0 8.672312225949892e-09
2869.0 8.666671300953294e-09
2870.0 8.661030375956697e-09
2871.0 8.655389450960098e-09
2872.0 8.649748525963503e-09
2873.0 8.644107600966904e-09
2874.0 8.638466675970306e-09
2875.0 8.63282575097371e-09
2876.0 8.62718482597711e-09
2877.0 8.621543900980513e-09
2878.0 8.615902975983917e-09
2879.0 8.610876936691632e-09
2880.0 8.606114947753667e-09
2881.0 8.601352958815707e-09
2882.0 8.596590969877744e-09
2883.0 8.591828980939782e-09
2884.0 8.587066992001818e-09
2885.0 8.582305003063855e-09
2886.0 8.57754301412589e-09
2887.0 8.572781025187929e-09
2888.0 8.568019036249967e-09
2889.0 8.563257047312004e-09
2890.0 8.55849505837404e-09
2891.0 8.553733069436076e-09
2892.0 8.548971080498115e-09
2893.0 8.544209091560151e-09
2894.0 8.539447102622189e-09
2895.0 8.534685113684225e-09
2896.0 8.529923124746264e-09
2897.0 8.525161135808302e-09
2898.0 8.520399146870338e-09
2899.0 8.515637157932373e-09
2900.0 8.510875168994411e-09
2901.0 8.506113180056449e-09
2902.0 8.501351191118486e-09
2903.0 8.496589202180524e-09
2904.0 8.491827213242561e-09
2905.0 8.487065224304597e-09
2906.0 8.482303235366635e-09
2907.0 8.477541246428671e-09
2908.0 8.472779257490707e-09
2909.0 8.468017268552746e-09
2910.0 8.463255279614784e-09
2911.0 8.45849329067682e-09
2912.0 8.453731301738857e-09
2913.0 8.448969312800893e-09
2914.0 8.444207323862932e-09
2915.0 8.43944533492497e-09
2916.0 8.434683345987006e-09
2917.0 8.429921357049042e-09
2918.0 8.425159368111078e-09
2919.0 8.420397379173117e-09
2920.0 8.415635390235155e-09
2921.0 8.410873401297192e-09
2922.0 8.406111412359228e-09
2923.0 8.401349423421264e-09
2924.0 8.396587434483303e-09
2925.0 8.39182544554534e-09
2926.0 8.387063456607377e-09
2927.0 8.382301467669415e-09
2928.0 8.37753947873145e-09
2929.0 8.37277748979349e-09
2930.0 8.368015500855526e-09
2931.0 8.363253511917562e-09
2932.0 8.3584915229796e-09
2933.0 8.353729534041637e-09
2934.0 8.348967545103673e-09
2935.0 8.344205556165712e-09
2936.0 8.33944356722775e-09
2937.0 8.334681578289787e-09
2938.0 8.329919589351821e-09
2939.0 8.325157600413859e-09
2940.0 8.320395611475895e-09
2941.0 8.315633622537934e-09
2942.0 8.310871633599972e-09
2943.0 8.30610964466201e-09
2944.0 8.301347655724045e-09
2945.0 8.296585666786083e-09
2946.0 8.291823677848119e-09
2947.0 8.287061688910156e-09
2948.0 8.282299699972194e-09
2949.0 8.27753771103423e-09
2950.0 8.27277572209627e-09
2951.0 8.268013733158307e-09
2952.0 8.263251744220343e-09
2953.0 8.25848975528238e-09
2954.0 8.253727766344416e-09
2955.0 8.248965777406452e-09
2956.0 8.244203788468491e-09
2957.0 8.239441799530529e-09
2958.0 8.234679810592565e-09
2959.0 8.229917821654603e-09
2960.0 8.22515583271664e-09
2961.0 8.220393843778674e-09
2962.0 8.215631854840714e-09
2963.0 8.210869865902751e-09
2964.0 8.206107876964787e-09
2965.0 8.201345888026825e-09
2966.0 8.19658389908886e-09
2967.0 8.1918219101509e-09
2968.0 8.187059921212938e-09
2969.0 8.182297932274974e-09
2970.0 8.177535943337011e-09
2971.0 8.172773954399047e-09
2972.0 8.168011965461083e-09
2973.0 8.163249976523122e-09
2974.0 8.158487987585158e-09
2975.0 8.153725998647197e-09
2976.0 8.148964009709235e-09
2977.0 8.144202020771271e-09
2978.0 8.139440031833305e-09
2979.0 8.134678042895345e-09
2980.0 8.129916053957382e-09
2981.0 8.12515406501942e-09
2982.0 8.120392076081457e-09
2983.0 8.115630087143495e-09
2984.0 8.110868098205533e-09
2985.0 8.106106109267567e-09
2986.0 8.101344120329604e-09
2987.0 8.096582131391642e-09
2988.0 8.091820142453678e-09
2989.0 8.087058153515717e-09
2990.0 8.082296164577753e-09
2991.0 8.077534175639789e-09
2992.0 8.072772186701827e-09
2993.0 8.068010197763863e-09
2994.0 8.063248208825902e-09
2995.0 8.05848621988794e-09
2996.0 8.053724230949977e-09
2997.0 8.048962242012015e-09
2998.0 8.04420025307405e-09
2999.0 8.039438264136085e-09
3000.0 8.034676275198124e-09
3001.0 8.029914286260162e-09
3002.0 8.0251522973222e-09
3003.0 8.020390308384235e-09
3004.0 8.015628319446273e-09
3005.0 8.01086633050831e-09
3006.0 8.006104341570346e-09
3007.0 8.001342352632384e-09
3008.0 7.996580363694422e-09
3009.0 7.991818374756457e-09
3010.0 7.987056385818497e-09
3011.0 7.982294396880534e-09
3012.0 7.977532407942572e-09
3013.0 7.972770419004608e-09
3014.0 7.968008430066644e-09
3015.0 7.96324644112868e-09
3016.0 7.958484452190719e-09
3017.0 7.953722463252757e-09
3018.0 7.948960474314792e-09
3019.0 7.94419848537683e-09
3020.0 7.939436496438866e-09
3021.0 7.934674507500904e-09
3022.0 7.929912518562941e-09
3023.0 7.925150529624979e-09
3024.0 7.920388540687015e-09
3025.0 7.915626551749052e-09
3026.0 7.910864562811092e-09
3027.0 7.90610257387313e-09
3028.0 7.901340584935165e-09
3029.0 7.896578595997201e-09
3030.0 7.891816607059237e-09
3031.0 7.887054618121275e-09
3032.0 7.88229262918331e-09
3033.0 7.87753064024535e-09
3034.0 7.872768651307387e-09
3035.0 7.868006662369427e-09
3036.0 7.863244673431461e-09
3037.0 7.858482684493495e-09
3038.0 7.853720695555534e-09
3039.0 7.848958706617572e-09
3040.0 7.84419671767961e-09
3041.0 7.839434728741647e-09
3042.0 7.834672739803685e-09
3043.0 7.829910750865724e-09
3044.0 7.825148761927757e-09
3045.0 7.820386772989794e-09
3046.0 7.815624784051832e-09
3047.0 7.810862795113868e-09
3048.0 7.806100806175907e-09
3049.0 7.801338817237945e-09
3050.0 7.79657682829998e-09
3051.0 7.791814839362018e-09
3052.0 7.787052850424054e-09
3053.0 7.78229086148609e-09
3054.0 7.77752887254813e-09
3055.0 7.772766883610167e-09
3056.0 7.768004894672205e-09
3057.0 7.76324290573424e-09
3058.0 7.758480916796278e-09
3059.0 7.753718927858314e-09
3060.0 7.748956938920352e-09
3061.0 7.744194949982389e-09
3062.0 7.739432961044427e-09
3063.0 7.734670972106463e-09
3064.0 7.7299089831685e-09
3065.0 7.725146994230538e-09
3066.0 7.720385005292575e-09
3067.0 7.715623016354611e-09
3068.0 7.710861027416649e-09
3069.0 7.706099038478687e-09
3070.0 7.701337049540724e-09
3071.0 7.696575060602758e-09
3072.0 7.6918130716648e-09
3073.0 7.687051082726835e-09
3074.0 7.682289093788871e-09
3075.0 7.677527104850909e-09
3076.0 7.672765115912946e-09
3077.0 7.668003126974982e-09
3078.0 7.66324113803702e-09
3079.0 7.658479149099056e-09
3080.0 7.653717160161095e-09
3081.0 7.648955171223133e-09
3082.0 7.644193182285169e-09
3083.0 7.639431193347206e-09
3084.0 7.634669204409242e-09
3085.0 7.62990721547128e-09
3086.0 7.625145226533319e-09
3087.0 7.620383237595355e-09
3088.0 7.615621248657393e-09
3089.0 7.610859259719429e-09
3090.0 7.606097270781464e-09
3091.0 7.6013352818435e-09
3092.0 7.59657329290554e-09
3093.0 7.591811303967577e-09
3094.0 7.587049315029613e-09
3095.0 7.582287326091652e-09
3096.0 7.57752533715369e-09
3097.0 7.572763348215724e-09
3098.0 7.568001359277762e-09
3099.0 7.5632393703398e-09
3100.0 7.558477381401837e-09
