2.0 4.1171654386784005e-08
3.0 5.557936368130865e-08
4.0 6.91395295286873e-08
5.0 8.183696547083455e-08
6.0 9.372731396653693e-08
7.0 1.0473027106445853e-07
8.0 1.1492561484392421e-07
9.0 1.2441506113735444e-07
10.0 1.3318646862971888e-07
11.0 1.4122119139988348e-07
12.0 1.488421655576021e-07
13.0 1.5560537236846732e-07
14.0 1.618442558411957e-07
15.0 1.6782603816466812e-07
16.0 1.7318986476962402e-07
17.0 1.7778288728602808e-07
18.0 1.8222649949591713e-07
19.0 1.8636004453600402e-07
20.0 1.9014874802813928e-07
21.0 1.9307604659963308e-07
22.0 1.9588046495623605e-07
23.0 1.985665432544557e-07
24.0 2.0087720842396992e-07
25.0 2.0305672883771972e-07
26.0 2.0436341586044895e-07
27.0 2.0562165027931725e-07
28.0 2.0660786251844708e-07
29.0 2.0756848186543738e-07
30.0 2.0824699317833074e-07
31.0 2.0892550449122408e-07
32.0 2.08871621500247e-07
33.0 2.0869440329590827e-07
34.0 2.083427969484907e-07
35.0 2.0778399469368907e-07
36.0 2.072251924388875e-07
37.0 2.0652610725112973e-07
38.0 2.058066842612017e-07
39.0 2.0503821528393614e-07
40.0 2.0377831693736723e-07
41.0 2.0251841859079833e-07
42.0 2.0122909834270015e-07
43.0 1.9965547061673994e-07
44.0 1.9808184289077979e-07
45.0 1.965082151648195e-07
46.0 1.9490087019386042e-07
47.0 1.932883069541701e-07
48.0 1.9167574371447965e-07
49.0 1.900215277548936e-07
50.0 1.8830203988799048e-07
51.0 1.8658255202108745e-07
52.0 1.848630641541844e-07
53.0 1.8309340783892867e-07
54.0 1.8129618257034718e-07
55.0 1.794989573017657e-07
56.0 1.7770173203318412e-07
57.0 1.7591396317959088e-07
58.0 1.7413217017595688e-07
59.0 1.7235037717232292e-07
60.0 1.70568584168689e-07
61.0 1.688179467431955e-07
62.0 1.6715172788204222e-07
63.0 1.6548550902088894e-07
64.0 1.6381929015973563e-07
65.0 1.6215307129858232e-07
66.0 1.6055561642297287e-07
67.0 1.5900558377790133e-07
68.0 1.574555511328298e-07
69.0 1.5590551848775828e-07
70.0 1.543554858426868e-07
71.0 1.5282365618281418e-07
72.0 1.513064919525299e-07
73.0 1.4978932772224563e-07
74.0 1.4827216349196132e-07
75.0 1.46754999261677e-07
76.0 1.4525430385039146e-07
77.0 1.438660708203397e-07
78.0 1.4247783779028794e-07
79.0 1.410896047602362e-07
80.0 1.3970137173018442e-07
81.0 1.3831313870013269e-07
82.0 1.369715283912062e-07
83.0 1.3574762659650572e-07
84.0 1.345237248018053e-07
85.0 1.3329982300710486e-07
86.0 1.320759212124044e-07
87.0 1.3085201941770395e-07
88.0 1.296281176230035e-07
89.0 1.2844053488697937e-07
90.0 1.272533354094251e-07
91.0 1.2606613593187079e-07
92.0 1.2487893645431652e-07
93.0 1.2369173697676223e-07
94.0 1.2250453749920796e-07
95.0 1.2133803496156698e-07
96.0 1.2024911178130251e-07
97.0 1.1916018860103805e-07
98.0 1.1807126542077362e-07
99.0 1.1698234224050915e-07
100.0 1.1589341906024466e-07
101.0 1.1480449587998024e-07
102.0 1.1371557269971579e-07
103.0 1.1276625012507475e-07
104.0 1.1183081926981972e-07
105.0 1.1089538841456468e-07
106.0 1.0995995755930969e-07
107.0 1.090245267040546e-07
108.0 1.0808909584879958e-07
109.0 1.0715366499354453e-07
110.0 1.0622003000344062e-07
111.0 1.0532361582002753e-07
112.0 1.0442720163661443e-07
113.0 1.0353078745320135e-07
114.0 1.0263437326978826e-07
115.0 1.0173795908637517e-07
116.0 1.0084154490296207e-07
117.0 9.994513071954899e-08
118.0 9.90487165361359e-08
119.0 9.819301840568701e-08
120.0 9.736718384186617e-08
121.0 9.654134927804531e-08
122.0 9.571551471422447e-08
123.0 9.488968015040363e-08
124.0 9.406384558658278e-08
125.0 9.323801102276192e-08
126.0 9.24121764589411e-08
127.0 9.158634189512027e-08
128.0 9.082308479689105e-08
129.0 9.013466154619484e-08
130.0 8.94462382954986e-08
131.0 8.875781504480235e-08
132.0 8.806939179410608e-08
133.0 8.738096854340985e-08
134.0 8.669254529271362e-08
135.0 8.600412204201737e-08
136.0 8.531569879132114e-08
137.0 8.462727554062489e-08
138.0 8.396451603056108e-08
139.0 8.331674197184477e-08
140.0 8.266896791312841e-08
141.0 8.202119385441208e-08
142.0 8.137341979569573e-08
143.0 8.07256457369794e-08
144.0 8.007787167826307e-08
145.0 7.943009761954674e-08
146.0 7.878232356083039e-08
147.0 7.813454950211405e-08
148.0 7.748923055607979e-08
149.0 7.688997799037225e-08
150.0 7.629072542466468e-08
151.0 7.569147285895712e-08
152.0 7.509222029324956e-08
153.0 7.449296772754199e-08
154.0 7.389371516183444e-08
155.0 7.329446259612688e-08
156.0 7.269521003041932e-08
157.0 7.209595746471178e-08
158.0 7.149670489900421e-08
159.0 7.089745233329664e-08
160.0 7.037393244484776e-08
161.0 6.989032463287369e-08
162.0 6.94067168208996e-08
163.0 6.892310900892553e-08
164.0 6.843950119695145e-08
165.0 6.795589338497736e-08
166.0 6.747228557300328e-08
167.0 6.698867776102922e-08
168.0 6.650506994905514e-08
169.0 6.602146213708106e-08
170.0 6.553785432510698e-08
171.0 6.505424651313292e-08
172.0 6.458635283993685e-08
173.0 6.414394637394874e-08
174.0 6.370153990796061e-08
175.0 6.32591334419725e-08
176.0 6.281672697598438e-08
177.0 6.237432050999627e-08
178.0 6.193191404400815e-08
179.0 6.148950757802004e-08
180.0 6.104710111203191e-08
181.0 6.06046946460438e-08
182.0 6.016228818005568e-08
183.0 5.971988171406757e-08
184.0 5.9277475248079444e-08
185.0 5.884009272511553e-08
186.0 5.842859028720115e-08
187.0 5.801708784928676e-08
188.0 5.7605585411372354e-08
189.0 5.719408297345796e-08
190.0 5.6782580535543554e-08
191.0 5.6371078097629164e-08
192.0 5.595957565971476e-08
193.0 5.554807322180038e-08
194.0 5.513657078388596e-08
195.0 5.472506834597158e-08
196.0 5.431356590805718e-08
197.0 5.390206347014278e-08
198.0 5.349056103222839e-08
199.0 5.3079058594313984e-08
200.0 5.274835462146549e-08
201.0 5.242414906389285e-08
202.0 5.20999435063202e-08
203.0 5.177573794874755e-08
204.0 5.145153239117492e-08
205.0 5.112732683360228e-08
206.0 5.080312127602963e-08
207.0 5.0478915718457e-08
208.0 5.015471016088436e-08
209.0 4.983050460331172e-08
210.0 4.9506299045739064e-08
211.0 4.918209348816643e-08
212.0 4.885788793059379e-08
213.0 4.8533682373021155e-08
214.0 4.820947681544851e-08
215.0 4.790827654803159e-08
216.0 4.762293421359263e-08
217.0 4.733759187915366e-08
218.0 4.7052249544714686e-08
219.0 4.676690721027572e-08
220.0 4.648156487583676e-08
221.0 4.6196222541397774e-08
222.0 4.591088020695881e-08
223.0 4.5625537872519853e-08
224.0 4.5340195538080876e-08
225.0 4.505485320364191e-08
226.0 4.476951086920295e-08
227.0 4.4484168534763965e-08
228.0 4.419882620032501e-08
229.0 4.391348386588604e-08
230.0 4.3628141531447073e-08
231.0 4.334419946945918e-08
232.0 4.3076974693813244e-08
233.0 4.280974991816729e-08
234.0 4.254252514252136e-08
235.0 4.2275300366875416e-08
236.0 4.2008075591229476e-08
237.0 4.174085081558354e-08
238.0 4.14736260399376e-08
239.0 4.120640126429166e-08
240.0 4.0939176488645714e-08
241.0 4.0671951712999767e-08
242.0 4.040472693735384e-08
243.0 4.01375021617079e-08
244.0 3.987027738606196e-08
245.0 3.960305261041601e-08
246.0 3.933582783477008e-08
247.0 3.9068603059124124e-08
248.0 3.8801378283478197e-08
249.0 3.855159970378549e-08
250.0 3.834441261052925e-08
251.0 3.813722551727304e-08
252.0 3.7930038424016814e-08
253.0 3.7722851330760584e-08
254.0 3.751566423750437e-08
255.0 3.730847714424814e-08
256.0 3.7101290050991915e-08
257.0 3.68941029577357e-08
258.0 3.668691586447946e-08
259.0 3.6479728771223246e-08
260.0 3.627254167796701e-08
261.0 3.6065354584710793e-08
262.0 3.5858167491454564e-08
263.0 3.565098039819834e-08
264.0 3.544379330494211e-08
265.0 3.523660621168589e-08
266.0 3.502941911842966e-08
267.0 3.4822232025173436e-08
268.0 3.461941909982956e-08
269.0 3.444490542394052e-08
270.0 3.4270391748051474e-08
271.0 3.409587807216243e-08
272.0 3.392136439627339e-08
273.0 3.374685072038435e-08
274.0 3.357233704449532e-08
275.0 3.339782336860627e-08
276.0 3.322330969271723e-08
277.0 3.3048796016828184e-08
278.0 3.287428234093914e-08
279.0 3.26997686650501e-08
280.0 3.252525498916106e-08
281.0 3.235074131327202e-08
282.0 3.217622763738298e-08
283.0 3.200171396149394e-08
284.0 3.182720028560489e-08
285.0 3.1652686609715853e-08
286.0 3.147817293382681e-08
287.0 3.1303659257937766e-08
288.0 3.112914558204873e-08
289.0 3.095981404300948e-08
290.0 3.079563100951354e-08
291.0 3.0631447976017594e-08
292.0 3.046726494252165e-08
293.0 3.0303081909025707e-08
294.0 3.013889887552976e-08
295.0 2.997471584203381e-08
296.0 2.9810532808537865e-08
297.0 2.964634977504192e-08
298.0 2.948216674154599e-08
299.0 2.9317983708050037e-08
300.0 2.9153800674554087e-08
301.0 2.8989617641058146e-08
302.0 2.8825434607562202e-08
303.0 2.8661251574066268e-08
304.0 2.8497068540570315e-08
305.0 2.8332885507074364e-08
306.0 2.8168702473578424e-08
307.0 2.800451944008248e-08
308.0 2.7840336406586533e-08
309.0 2.7676153373090592e-08
310.0 2.7511970339594642e-08
311.0 2.7358145433489472e-08
312.0 2.723093036198561e-08
313.0 2.710371529048174e-08
314.0 2.697650021897787e-08
315.0 2.6849285147474007e-08
316.0 2.6722070075970142e-08
317.0 2.6594855004466273e-08
318.0 2.6467639932962408e-08
319.0 2.6340424861458536e-08
320.0 2.6213209789954678e-08
321.0 2.6085994718450806e-08
322.0 2.5958779646946937e-08
323.0 2.5831564575443075e-08
324.0 2.570434950393921e-08
325.0 2.557713443243534e-08
326.0 2.5449919360931473e-08
327.0 2.5322704289427607e-08
328.0 2.519548921792374e-08
329.0 2.5068274146419873e-08
330.0 2.4941059074916005e-08
331.0 2.481384400341214e-08
332.0 2.468662893190827e-08
333.0 2.455941386040441e-08
334.0 2.4432198788900537e-08
335.0 2.4313759482832405e-08
336.0 2.421182301196419e-08
337.0 2.4109886541095985e-08
338.0 2.400795007022777e-08
339.0 2.3906013599359557e-08
340.0 2.3804077128491345e-08
341.0 2.370214065762313e-08
342.0 2.3600204186754924e-08
343.0 2.3498267715886712e-08
344.0 2.33963312450185e-08
345.0 2.329439477415029e-08
346.0 2.319245830328208e-08
347.0 2.3090521832413868e-08
348.0 2.298858536154566e-08
349.0 2.288664889067744e-08
350.0 2.278471241980923e-08
351.0 2.2682775948941026e-08
352.0 2.2580839478072814e-08
353.0 2.24789030072046e-08
354.0 2.2376966536336397e-08
355.0 2.227503006546818e-08
356.0 2.217309359459996e-08
357.0 2.2071157123731754e-08
358.0 2.196922065286354e-08
359.0 2.186728418199533e-08
360.0 2.176534771112712e-08
361.0 2.16667182329507e-08
362.0 2.157057636125654e-08
363.0 2.1474434489562386e-08
364.0 2.1378292617868228e-08
365.0 2.1282150746174067e-08
366.0 2.1186008874479913e-08
367.0 2.108986700278576e-08
368.0 2.09937251310916e-08
369.0 2.0897583259397443e-08
370.0 2.0801441387703286e-08
371.0 2.0705299516009128e-08
372.0 2.0609157644314974e-08
373.0 2.0513015772620813e-08
374.0 2.0416873900926655e-08
375.0 2.03207320292325e-08
376.0 2.0224590157538347e-08
377.0 2.012844828584419e-08
378.0 2.003230641415003e-08
379.0 1.9936164542455877e-08
380.0 1.9840022670761716e-08
381.0 1.974388079906756e-08
382.0 1.9647738927373408e-08
383.0 1.9551597055679247e-08
384.0 1.9455455183985086e-08
385.0 1.9359313312290935e-08
386.0 1.926317144059678e-08
387.0 1.916702956890262e-08
388.0 1.907088769720846e-08
389.0 1.899177419044934e-08
390.0 1.8916685529801462e-08
391.0 1.8841596869153578e-08
392.0 1.87665082085057e-08
393.0 1.8691419547857823e-08
394.0 1.861633088720994e-08
395.0 1.854124222656206e-08
396.0 1.8466153565914177e-08
397.0 1.83910649052663e-08
398.0 1.8315976244618422e-08
399.0 1.8240887583970538e-08
400.0 1.816579892332266e-08
401.0 1.8090710262674777e-08
402.0 1.80156216020269e-08
403.0 1.7940532941379022e-08
404.0 1.7865444280731138e-08
405.0 1.779035562008326e-08
406.0 1.771526695943538e-08
407.0 1.76401782987875e-08
408.0 1.756508963813962e-08
409.0 1.7490000977491737e-08
410.0 1.741491231684386e-08
411.0 1.7339823656195982e-08
412.0 1.7264734995548102e-08
413.0 1.718964633490022e-08
414.0 1.711455767425234e-08
415.0 1.7039469013604463e-08
416.0 1.6964380352956582e-08
417.0 1.68892916923087e-08
418.0 1.6814203031660824e-08
419.0 1.6755180603304145e-08
420.0 1.6697774278228197e-08
421.0 1.6640367953152252e-08
422.0 1.6582961628076305e-08
423.0 1.6525555303000354e-08
424.0 1.6468148977924406e-08
425.0 1.6410742652848458e-08
426.0 1.635333632777251e-08
427.0 1.6295930002696562e-08
428.0 1.6238523677620615e-08
429.0 1.6181117352544667e-08
430.0 1.6123711027468716e-08
431.0 1.606630470239277e-08
432.0 1.6008898377316824e-08
433.0 1.5951492052240873e-08
434.0 1.5894085727164925e-08
435.0 1.5836679402088977e-08
436.0 1.5779273077013033e-08
437.0 1.572186675193708e-08
438.0 1.566446042686113e-08
439.0 1.5607054101785183e-08
440.0 1.5549647776709235e-08
441.0 1.549224145163329e-08
442.0 1.5434835126557343e-08
443.0 1.537742880148139e-08
444.0 1.5320022476405447e-08
445.0 1.5262616151329493e-08
446.0 1.5205209826253548e-08
447.0 1.51478035011776e-08
448.0 1.509039717610165e-08
449.0 1.50329908510257e-08
450.0 1.4975584525949757e-08
451.0 1.4920584155054044e-08
452.0 1.4866588919328347e-08
453.0 1.4812593683602653e-08
454.0 1.4758598447876962e-08
455.0 1.4704603212151266e-08
456.0 1.465060797642557e-08
457.0 1.4596612740699879e-08
458.0 1.4542617504974182e-08
459.0 1.448862226924849e-08
460.0 1.4434627033522796e-08
461.0 1.43806317977971e-08
462.0 1.4326636562071405e-08
463.0 1.4272641326345715e-08
464.0 1.421864609062002e-08
465.0 1.4164650854894324e-08
466.0 1.411065561916863e-08
467.0 1.4056660383442934e-08
468.0 1.4002665147717243e-08
469.0 1.3948669911991548e-08
470.0 1.3894674676265852e-08
471.0 1.3840679440540158e-08
472.0 1.3786684204814466e-08
473.0 1.3732688969088768e-08
474.0 1.3678693733363077e-08
475.0 1.3624698497637381e-08
476.0 1.3570703261911687e-08
477.0 1.3516708026185991e-08
478.0 1.34627127904603e-08
479.0 1.3408717554734606e-08
480.0 1.335472231900891e-08
481.0 1.3300727083283216e-08
482.0 1.324673184755752e-08
483.0 1.319273661183183e-08
484.0 1.3138741376106135e-08
485.0 1.308498701540521e-08
486.0 1.3042131720147598e-08
487.0 1.2999276424889982e-08
488.0 1.2956421129632368e-08
489.0 1.2913565834374756e-08
490.0 1.287071053911714e-08
491.0 1.2827855243859527e-08
492.0 1.2784999948601913e-08
493.0 1.2742144653344298e-08
494.0 1.2699289358086689e-08
495.0 1.2656434062829071e-08
496.0 1.2613578767571459e-08
497.0 1.2570723472313843e-08
498.0 1.2527868177056234e-08
499.0 1.2485012881798618e-08
500.0 1.2442157586541001e-08
501.0 1.2399302291283389e-08
502.0 1.2356446996025774e-08
503.0 1.2313591700768164e-08
504.0 1.227073640551055e-08
505.0 1.2227881110252937e-08
506.0 1.218502581499532e-08
507.0 1.214217051973771e-08
508.0 1.2099315224480095e-08
509.0 1.2056459929222483e-08
510.0 1.2013604633964867e-08
511.0 1.1970749338707255e-08
512.0 1.192789404344964e-08
513.0 1.1885038748192028e-08
514.0 1.1842183452934412e-08
515.0 1.17993281576768e-08
516.0 1.1756472862419186e-08
517.0 1.171361756716157e-08
518.0 1.1670762271903958e-08
519.0 1.1627906976646344e-08
520.0 1.1585051681388731e-08
521.0 1.1542196386131116e-08
522.0 1.1499341090873502e-08
523.0 1.1464116233318402e-08
524.0 1.1432710872056412e-08
525.0 1.1401305510794423e-08
526.0 1.1369900149532432e-08
527.0 1.1338494788270444e-08
528.0 1.1307089427008455e-08
529.0 1.1275684065746465e-08
530.0 1.1244278704484478e-08
531.0 1.1212873343222487e-08
532.0 1.1181467981960499e-08
533.0 1.1150062620698508e-08
534.0 1.111865725943652e-08
535.0 1.108725189817453e-08
536.0 1.1055846536912542e-08
537.0 1.102444117565055e-08
538.0 1.0993035814388563e-08
539.0 1.0961630453126569e-08
540.0 1.0930225091864584e-08
541.0 1.0898819730602595e-08
542.0 1.0867414369340606e-08
543.0 1.0836009008078615e-08
544.0 1.0804603646816625e-08
545.0 1.0773198285554638e-08
546.0 1.0741792924292645e-08
547.0 1.0710387563030659e-08
548.0 1.0678982201768668e-08
549.0 1.0647576840506682e-08
550.0 1.061617147924469e-08
551.0 1.0584766117982701e-08
552.0 1.0553360756720712e-08
553.0 1.0521955395458721e-08
554.0 1.0490550034196735e-08
555.0 1.0459144672934742e-08
556.0 1.0427739311672755e-08
557.0 1.0396333950410765e-08
558.0 1.0364928589148774e-08
559.0 1.0333523227886785e-08
560.0 1.0302117866624797e-08
561.0 1.0270712505362808e-08
562.0 1.0239307144100817e-08
563.0 1.0208827581966275e-08
564.0 1.0179555656426287e-08
565.0 1.0150283730886301e-08
566.0 1.0121011805346315e-08
567.0 1.009173987980633e-08
568.0 1.0062467954266343e-08
569.0 1.0033196028726357e-08
570.0 1.000392410318637e-08
571.0 9.974652177646382e-09
572.0 9.945380252106396e-09
573.0 9.91610832656641e-09
574.0 9.886836401026424e-09
575.0 9.857564475486438e-09
576.0 9.828292549946452e-09
577.0 9.799020624406464e-09
578.0 9.769748698866476e-09
579.0 9.740476773326492e-09
580.0 9.711204847786504e-09
581.0 9.681932922246517e-09
582.0 9.65266099670653e-09
583.0 9.623389071166545e-09
584.0 9.594117145626559e-09
585.0 9.564845220086571e-09
586.0 9.535573294546583e-09
587.0 9.506301369006599e-09
588.0 9.477029443466611e-09
589.0 9.447757517926625e-09
590.0 9.41848559238664e-09
591.0 9.389213666846653e-09
592.0 9.359941741306667e-09
593.0 9.330669815766681e-09
594.0 9.301397890226695e-09
595.0 9.272125964686706e-09
596.0 9.24285403914672e-09
597.0 9.213582113606734e-09
598.0 9.184310188066748e-09
599.0 9.155038262526762e-09
600.0 9.125766336986776e-09
601.0 9.09649441144679e-09
602.0 9.067222485906802e-09
603.0 9.037950560366816e-09
604.0 9.00867863482683e-09
605.0 8.979406709286842e-09
606.0 8.950698099748147e-09
607.0 8.926916984182496e-09
608.0 8.903135868616846e-09
609.0 8.879354753051196e-09
610.0 8.855573637485545e-09
611.0 8.831792521919895e-09
612.0 8.808011406354245e-09
613.0 8.784230290788596e-09
614.0 8.760449175222944e-09
615.0 8.736668059657294e-09
616.0 8.712886944091644e-09
617.0 8.689105828525993e-09
618.0 8.665324712960345e-09
619.0 8.641543597394693e-09
620.0 8.617762481829042e-09
621.0 8.593981366263394e-09
622.0 8.570200250697744e-09
623.0 8.546419135132093e-09
624.0 8.522638019566443e-09
625.0 8.498856904000793e-09
626.0 8.475075788435142e-09
627.0 8.451294672869492e-09
628.0 8.427513557303842e-09
629.0 8.403732441738191e-09
630.0 8.379951326172541e-09
631.0 8.356170210606891e-09
632.0 8.332389095041239e-09
633.0 8.308607979475592e-09
634.0 8.28482686390994e-09
635.0 8.26104574834429e-09
636.0 8.23726463277864e-09
637.0 8.21348351721299e-09
638.0 8.18970240164734e-09
639.0 8.165921286081688e-09
640.0 8.142140170516038e-09
641.0 8.11835905495039e-09
642.0 8.09457793938474e-09
643.0 8.070796823819089e-09
644.0 8.047015708253439e-09
645.0 8.023234592687787e-09
646.0 7.999453477122138e-09
647.0 7.975672361556488e-09
648.0 7.951891245990837e-09
649.0 7.928110130425186e-09
650.0 7.904329014859535e-09
651.0 7.880547899293887e-09
652.0 7.856766783728236e-09
653.0 7.83602091067699e-09
654.0 7.819238882147555e-09
655.0 7.802456853618116e-09
656.0 7.78567482508868e-09
657.0 7.768892796559244e-09
658.0 7.752110768029805e-09
659.0 7.735328739500369e-09
660.0 7.71854671097093e-09
661.0 7.701764682441495e-09
662.0 7.684982653912057e-09
663.0 7.66820062538262e-09
664.0 7.651418596853183e-09
665.0 7.634636568323744e-09
666.0 7.617854539794308e-09
667.0 7.601072511264871e-09
668.0 7.584290482735432e-09
669.0 7.567508454205997e-09
670.0 7.55072642567656e-09
671.0 7.53394439714712e-09
672.0 7.517162368617685e-09
673.0 7.50038034008825e-09
674.0 7.48359831155881e-09
675.0 7.466816283029372e-09
676.0 7.450034254499936e-09
677.0 7.4332522259705e-09
678.0 7.416470197441062e-09
679.0 7.3996881689116235e-09
680.0 7.382906140382188e-09
681.0 7.366124111852749e-09
682.0 7.3493420833233134e-09
683.0 7.332560054793877e-09
684.0 7.315778026264439e-09
685.0 7.298995997735002e-09
686.0 7.282213969205564e-09
687.0 7.265431940676127e-09
688.0 7.24864991214669e-09
689.0 7.231867883617253e-09
690.0 7.215085855087816e-09
691.0 7.1983038265583775e-09
692.0 7.181521798028941e-09
693.0 7.164739769499505e-09
694.0 7.147957740970066e-09
695.0 7.131175712440629e-09
696.0 7.1143936839111905e-09
697.0 7.097611655381754e-09
698.0 7.0808296268523185e-09
699.0 7.0640475983228804e-09
700.0 7.047265569793444e-09
701.0 7.030483541264005e-09
702.0 7.013701512734569e-09
703.0 6.9971482500328836e-09
704.0 6.981711246815583e-09
705.0 6.9662742435982795e-09
706.0 6.950837240380977e-09
707.0 6.935400237163677e-09
708.0 6.919963233946375e-09
709.0 6.9045262307290715e-09
710.0 6.8890892275117716e-09
711.0 6.87365222429447e-09
712.0 6.8582152210771675e-09
713.0 6.842778217859865e-09
714.0 6.827341214642565e-09
715.0 6.811904211425262e-09
716.0 6.796467208207961e-09
717.0 6.7810302049906596e-09
718.0 6.765593201773357e-09
719.0 6.7501561985560555e-09
720.0 6.734719195338754e-09
721.0 6.719282192121452e-09
722.0 6.70384518890415e-09
723.0 6.688408185686848e-09
724.0 6.6729711824695476e-09
725.0 6.657534179252244e-09
726.0 6.642097176034942e-09
727.0 6.626660172817642e-09
728.0 6.61122316960034e-09
729.0 6.595786166383038e-09
730.0 6.5803491631657355e-09
731.0 6.564912159948435e-09
732.0 6.549475156731134e-09
733.0 6.534038153513831e-09
734.0 6.518601150296531e-09
735.0 6.503164147079227e-09
736.0 6.487727143861926e-09
737.0 6.472290140644623e-09
738.0 6.456853137427323e-09
739.0 6.44141613421002e-09
740.0 6.425979130992719e-09
741.0 6.410542127775417e-09
742.0 6.395105124558115e-09
743.0 6.379668121340812e-09
744.0 6.3642311181235115e-09
745.0 6.348794114906211e-09
746.0 6.33335711168891e-09
747.0 6.317920108471605e-09
748.0 6.302483105254305e-09
749.0 6.2870461020370035e-09
750.0 6.271609098819701e-09
751.0 6.2561720956023995e-09
752.0 6.240735092385098e-09
753.0 6.225298089167797e-09
754.0 6.209861085950493e-09
755.0 6.194424082733193e-09
756.0 6.17898707951589e-09
757.0 6.163641292464368e-09
758.0 6.150812153329729e-09
759.0 6.137983014195092e-09
760.0 6.125153875060457e-09
761.0 6.11232473592582e-09
762.0 6.099495596791183e-09
763.0 6.086666457656544e-09
764.0 6.073837318521908e-09
765.0 6.061008179387273e-09
766.0 6.048179040252635e-09
767.0 6.035349901117998e-09
768.0 6.0225207619833596e-09
769.0 6.009691622848724e-09
770.0 5.9968624837140875e-09
771.0 5.984033344579451e-09
772.0 5.971204205444812e-09
773.0 5.958375066310176e-09
774.0 5.945545927175539e-09
775.0 5.932716788040902e-09
776.0 5.919887648906265e-09
777.0 5.907058509771627e-09
778.0 5.89422937063699e-09
779.0 5.881400231502355e-09
780.0 5.868571092367718e-09
781.0 5.85574195323308e-09
782.0 5.842912814098443e-09
783.0 5.830083674963805e-09
784.0 5.8172545358291696e-09
785.0 5.804425396694533e-09
786.0 5.791596257559894e-09
787.0 5.778767118425259e-09
788.0 5.765937979290622e-09
789.0 5.753108840155985e-09
790.0 5.7402797010213475e-09
791.0 5.727450561886711e-09
792.0 5.714621422752072e-09
793.0 5.701792283617437e-09
794.0 5.6889631444828e-09
795.0 5.6761340053481614e-09
796.0 5.6633048662135246e-09
797.0 5.650475727078889e-09
798.0 5.6376465879442525e-09
799.0 5.6248174488096156e-09
800.0 5.611988309674978e-09
801.0 5.599159170540339e-09
802.0 5.586330031405704e-09
803.0 5.573500892271066e-09
804.0 5.56067175313643e-09
805.0 5.547842614001793e-09
806.0 5.535013474867157e-09
807.0 5.52218433573252e-09
808.0 5.509355196597883e-09
809.0 5.496526057463245e-09
810.0 5.483696918328608e-09
811.0 5.4708677791939714e-09
812.0 5.4580386400593345e-09
813.0 5.445209500924697e-09
814.0 5.43238036179006e-09
815.0 5.419551222655423e-09
816.0 5.4096206463146324e-09
817.0 5.4007613598103644e-09
818.0 5.3919020733060964e-09
819.0 5.383042786801829e-09
820.0 5.374183500297561e-09
821.0 5.365324213793294e-09
822.0 5.356464927289025e-09
823.0 5.347605640784757e-09
824.0 5.338746354280489e-09
825.0 5.329887067776222e-09
826.0 5.321027781271955e-09
827.0 5.312168494767687e-09
828.0 5.30330920826342e-09
829.0 5.294449921759152e-09
830.0 5.285590635254883e-09
831.0 5.276731348750615e-09
832.0 5.267872062246348e-09
833.0 5.25901277574208e-09
834.0 5.250153489237812e-09
835.0 5.241294202733545e-09
836.0 5.232434916229277e-09
837.0 5.223575629725008e-09
838.0 5.214716343220741e-09
839.0 5.2058570567164745e-09
840.0 5.196997770212205e-09
841.0 5.188138483707938e-09
842.0 5.17927919720367e-09
843.0 5.1704199106994025e-09
844.0 5.1615606241951346e-09
845.0 5.152701337690867e-09
846.0 5.143842051186599e-09
847.0 5.134982764682331e-09
848.0 5.1261234781780634e-09
849.0 5.1172641916737954e-09
850.0 5.1084049051695275e-09
851.0 5.09954561866526e-09
852.0 5.0906863321609915e-09
853.0 5.081827045656724e-09
854.0 5.072967759152456e-09
855.0 5.064108472648189e-09
856.0 5.05524918614392e-09
857.0 5.046389899639654e-09
858.0 5.037530613135385e-09
859.0 5.028671326631117e-09
860.0 5.019812040126849e-09
861.0 5.010952753622582e-09
862.0 5.002093467118315e-09
863.0 4.993234180614047e-09
864.0 4.984374894109779e-09
865.0 4.975515607605511e-09
866.0 4.966656321101243e-09
867.0 4.957797034596976e-09
868.0 4.948937748092708e-09
869.0 4.94007846158844e-09
870.0 4.931219175084172e-09
871.0 4.922359888579905e-09
872.0 4.913500602075637e-09
873.0 4.904641315571369e-09
874.0 4.8957820290671015e-09
875.0 4.886922742562834e-09
876.0 4.878063456058565e-09
877.0 4.869204169554298e-09
878.0 4.86034488305003e-09
879.0 4.852324856261698e-09
880.0 4.8443637397356866e-09
881.0 4.836402623209677e-09
882.0 4.828441506683665e-09
883.0 4.820480390157654e-09
884.0 4.812519273631643e-09
885.0 4.8045581571056325e-09
886.0 4.796597040579622e-09
887.0 4.788635924053612e-09
888.0 4.7806748075276005e-09
889.0 4.77271369100159e-09
890.0 4.764752574475579e-09
891.0 4.7567914579495685e-09
892.0 4.748830341423557e-09
893.0 4.740869224897547e-09
894.0 4.7329081083715366e-09
895.0 4.724946991845525e-09
896.0 4.7169858753195144e-09
897.0 4.709024758793504e-09
898.0 4.701063642267494e-09
899.0 4.6931025257414825e-09
900.0 4.685141409215472e-09
901.0 4.677180292689461e-09
902.0 4.66921917616345e-09
903.0 4.66125805963744e-09
904.0 4.653296943111428e-09
905.0 4.645335826585417e-09
906.0 4.637374710059406e-09
907.0 4.6294135935333956e-09
908.0 4.6214524770073866e-09
909.0 4.613491360481375e-09
910.0 4.605530243955364e-09
911.0 4.597569127429353e-09
912.0 4.589608010903342e-09
913.0 4.581646894377332e-09
914.0 4.573685777851321e-09
915.0 4.56572466132531e-09
916.0 4.557763544799299e-09
917.0 4.549802428273288e-09
918.0 4.541841311747278e-09
919.0 4.533880195221266e-09
920.0 4.525919078695256e-09
921.0 4.5179579621692456e-09
922.0 4.509996845643236e-09
923.0 4.502035729117224e-09
924.0 4.494074612591213e-09
925.0 4.486113496065203e-09
926.0 4.478152379539191e-09
927.0 4.470191263013182e-09
928.0 4.46223014648717e-09
929.0 4.4542690299611595e-09
930.0 4.446307913435149e-09
931.0 4.438346796909138e-09
932.0 4.430385680383127e-09
933.0 4.422424563857116e-09
934.0 4.414463447331106e-09
935.0 4.406502330805095e-09
936.0 4.398541214279084e-09
937.0 4.3905800977530734e-09
938.0 4.382618981227063e-09
939.0 4.374657864701052e-09
940.0 4.3666967481750415e-09
941.0 4.358735631649031e-09
942.0 4.350774515123019e-09
943.0 4.342813398597008e-09
944.0 4.334852282070998e-09
945.0 4.326891165544987e-09
946.0 4.3192809679299975e-09
947.0 4.312482336801441e-09
948.0 4.305683705672884e-09
949.0 4.298885074544326e-09
950.0 4.29208644341577e-09
951.0 4.285287812287213e-09
952.0 4.278489181158655e-09
953.0 4.271690550030098e-09
954.0 4.264891918901542e-09
955.0 4.258093287772984e-09
956.0 4.2512946566444275e-09
957.0 4.244496025515871e-09
958.0 4.237697394387314e-09
959.0 4.230898763258756e-09
960.0 4.2241001321302005e-09
961.0 4.217301501001643e-09
962.0 4.210502869873085e-09
963.0 4.2037042387445286e-09
964.0 4.196905607615972e-09
965.0 4.190106976487415e-09
966.0 4.183308345358858e-09
967.0 4.1765097142303016e-09
968.0 4.169711083101745e-09
969.0 4.162912451973187e-09
970.0 4.156113820844631e-09
971.0 4.149315189716074e-09
972.0 4.142516558587516e-09
973.0 4.13571792745896e-09
974.0 4.1289192963304035e-09
975.0 4.122120665201845e-09
976.0 4.115322034073289e-09
977.0 4.1085234029447324e-09
978.0 4.101724771816175e-09
979.0 4.094926140687618e-09
980.0 4.088127509559061e-09
981.0 4.081328878430505e-09
982.0 4.074530247301947e-09
983.0 4.06773161617339e-09
984.0 4.0609329850448335e-09
985.0 4.054134353916276e-09
986.0 4.047335722787719e-09
987.0 4.0405370916591624e-09
988.0 4.033738460530606e-09
989.0 4.026939829402049e-09
990.0 4.020141198273492e-09
991.0 4.0133425671449354e-09
992.0 4.006543936016378e-09
993.0 3.999745304887821e-09
994.0 3.992946673759264e-09
995.0 3.986148042630707e-09
996.0 3.97934941150215e-09
997.0 3.972550780373593e-09
998.0 3.9657521492450365e-09
999.0 3.958953518116478e-09
1000.0 3.952154886987922e-09
1001.0 3.9453562558593655e-09
1002.0 3.938557624730808e-09
1003.0 3.931758993602251e-09
1004.0 3.924960362473694e-09
1005.0 3.918161731345138e-09
1006.0 3.911363100216581e-09
1007.0 3.904564469088024e-09
1008.0 3.897765837959467e-09
1009.0 3.890967206830911e-09
1010.0 3.884168575702352e-09
1011.0 3.877369944573796e-09
1012.0 3.8705713134452396e-09
1013.0 3.863772682316683e-09
1014.0 3.856974051188125e-09
1015.0 3.850175420059568e-09
1016.0 3.8433767889310126e-09
1017.0 3.836578157802453e-09
1018.0 3.829779526673897e-09
1019.0 3.823978828839951e-09
1020.0 3.819349772359705e-09
1021.0 3.814720715879459e-09
1022.0 3.810091659399214e-09
1023.0 3.805462602918968e-09
1024.0 3.800833546438721e-09
1025.0 3.796204489958476e-09
1026.0 3.791575433478229e-09
1027.0 3.786946376997983e-09
1028.0 3.782317320517738e-09
1029.0 3.777688264037492e-09
1030.0 3.773059207557247e-09
1031.0 3.768430151077e-09
1032.0 3.763801094596755e-09
1033.0 3.7591720381165084e-09
1034.0 3.7545429816362615e-09
1035.0 3.749913925156016e-09
1036.0 3.74528486867577e-09
1037.0 3.740655812195525e-09
1038.0 3.7360267557152785e-09
1039.0 3.731397699235033e-09
1040.0 3.726768642754787e-09
1041.0 3.722139586274541e-09
1042.0 3.717510529794295e-09
1043.0 3.7128814733140493e-09
1044.0 3.708252416833804e-09
1045.0 3.7036233603535574e-09
1046.0 3.6989943038733117e-09
1047.0 3.694365247393065e-09
1048.0 3.6897361909128193e-09
1049.0 3.685107134432574e-09
1050.0 3.6804780779523283e-09
1051.0 3.6758490214720817e-09
1052.0 3.671219964991836e-09
1053.0 3.66659090851159e-09
1054.0 3.6619618520313432e-09
1055.0 3.657332795551098e-09
1056.0 3.6527037390708525e-09
1057.0 3.6480746825906072e-09
1058.0 3.643445626110361e-09
1059.0 3.638816569630115e-09
1060.0 3.6341875131498687e-09
1061.0 3.629558456669623e-09
1062.0 3.6249294001893764e-09
1063.0 3.620300343709131e-09
1064.0 3.6156712872288853e-09
1065.0 3.6110422307486388e-09
1066.0 3.6064131742683934e-09
1067.0 3.6017841177881473e-09
1068.0 3.597155061307902e-09
1069.0 3.5925260048276554e-09
1070.0 3.5878969483474096e-09
1071.0 3.583267891867164e-09
1072.0 3.5786388353869173e-09
1073.0 3.574009778906672e-09
1074.0 3.569380722426426e-09
1075.0 3.5647516659461805e-09
1076.0 3.560122609465934e-09
1077.0 3.5554935529856886e-09
1078.0 3.5508644965054424e-09
1079.0 3.5462354400251966e-09
1080.0 3.5416063835449505e-09
1081.0 3.5369773270647043e-09
1082.0 3.532348270584459e-09
1083.0 3.5277192141042124e-09
1084.0 3.523090157623967e-09
1085.0 3.5184611011437213e-09
1086.0 3.5138320446634748e-09
1087.0 3.509202988183229e-09
1088.0 3.504573931702983e-09
1089.0 3.4999448752227375e-09
1090.0 3.4953158187424918e-09
1091.0 3.4906867622622464e-09
1092.0 3.486057705782e-09
1093.0 3.4814286493017533e-09
1094.0 3.4767995928215084e-09
1095.0 3.472170536341262e-09
1096.0 3.4675414798610152e-09
1097.0 3.4629167057702627e-09
1098.0 3.4588620281905655e-09
1099.0 3.4548073506108687e-09
1100.0 3.450752673031171e-09
1101.0 3.4466979954514743e-09
1102.0 3.442643317871777e-09
1103.0 3.4385886402920795e-09
1104.0 3.4345339627123827e-09
1105.0 3.430479285132686e-09
1106.0 3.4264246075529887e-09
1107.0 3.4223699299732915e-09
1108.0 3.4183152523935943e-09
1109.0 3.414260574813897e-09
1110.0 3.4102058972342e-09
1111.0 3.4061512196545027e-09
1112.0 3.4020965420748055e-09
1113.0 3.3980418644951087e-09
1114.0 3.393987186915411e-09
1115.0 3.3899325093357143e-09
1116.0 3.385877831756017e-09
1117.0 3.38182315417632e-09
1118.0 3.377768476596622e-09
1119.0 3.3737137990169255e-09
1120.0 3.3696591214372287e-09
1121.0 3.3656044438575315e-09
1122.0 3.3615497662778343e-09
1123.0 3.3574950886981363e-09
1124.0 3.35344041111844e-09
1125.0 3.3493857335387427e-09
1126.0 3.3453310559590455e-09
1127.0 3.3412763783793483e-09
1128.0 3.3372217007996515e-09
1129.0 3.3331670232199535e-09
1130.0 3.329112345640257e-09
1131.0 3.32505766806056e-09
1132.0 3.321002990480862e-09
1133.0 3.3169483129011647e-09
1134.0 3.3128936353214683e-09
1135.0 3.308838957741772e-09
1136.0 3.3047842801620743e-09
1137.0 3.300729602582377e-09
1138.0 3.29667492500268e-09
1139.0 3.2926202474229827e-09
1140.0 3.2885655698432855e-09
1141.0 3.2845108922635887e-09
1142.0 3.280456214683892e-09
1143.0 3.2764015371041943e-09
1144.0 3.2723468595244963e-09
1145.0 3.268292181944799e-09
1146.0 3.264237504365102e-09
1147.0 3.2601828267854047e-09
1148.0 3.256128149205708e-09
1149.0 3.2520734716260107e-09
1150.0 3.2480187940463135e-09
1151.0 3.243964116466617e-09
1152.0 3.239909438886919e-09
1153.0 3.2358547613072223e-09
1154.0 3.231800083727525e-09
1155.0 3.227745406147828e-09
1156.0 3.2236907285681303e-09
1157.0 3.2196360509884335e-09
1158.0 3.2155813734087363e-09
1159.0 3.2115266958290395e-09
1160.0 3.2074720182493423e-09
1161.0 3.203417340669645e-09
1162.0 3.1993626630899475e-09
1163.0 3.1953079855102507e-09
1164.0 3.1912533079305535e-09
1165.0 3.1871986303508563e-09
1166.0 3.1831439527711595e-09
1167.0 3.179089275191462e-09
1168.0 3.175034597611766e-09
1169.0 3.170979920032068e-09
1170.0 3.1669252424523707e-09
1171.0 3.1628705648726735e-09
1172.0 3.1588158872929763e-09
1173.0 3.1547612097132795e-09
1174.0 3.1507065321335823e-09
1175.0 3.146651854553885e-09
1176.0 3.142597176974188e-09
1177.0 3.1385424993944907e-09
1178.0 3.1344878218147927e-09
1179.0 3.1304331442350963e-09
1180.0 3.1263784666553995e-09
1181.0 3.1223237890757023e-09
1182.0 3.1185284268984505e-09
1183.0 3.1149800461429506e-09
1184.0 3.1114316653874503e-09
1185.0 3.1078832846319504e-09
1186.0 3.1043349038764493e-09
1187.0 3.1007865231209494e-09
1188.0 3.0972381423654495e-09
1189.0 3.093689761609949e-09
1190.0 3.090141380854449e-09
1191.0 3.086593000098949e-09
1192.0 3.083044619343449e-09
1193.0 3.079496238587948e-09
1194.0 3.075947857832447e-09
1195.0 3.0723994770769472e-09
1196.0 3.0688510963214473e-09
1197.0 3.065302715565947e-09
1198.0 3.061754334810447e-09
1199.0 3.058205954054946e-09
1200.0 3.0546575732994456e-09
1201.0 3.0511091925439457e-09
1202.0 3.0475608117884466e-09
1203.0 3.0440124310329447e-09
1204.0 3.0404640502774448e-09
1205.0 3.0369156695219444e-09
1206.0 3.0333672887664445e-09
1207.0 3.0298189080109446e-09
1208.0 3.0262705272554435e-09
1209.0 3.022722146499944e-09
1210.0 3.0191737657444437e-09
1211.0 3.0156253849889434e-09
1212.0 3.012077004233443e-09
1213.0 3.008528623477943e-09
1214.0 3.0049802427224432e-09
1215.0 3.0014318619669433e-09
1216.0 2.997883481211442e-09
1217.0 2.9943351004559423e-09
1218.0 2.9907867197004415e-09
1219.0 2.9872383389449412e-09
1220.0 2.9836899581894413e-09
1221.0 2.98014157743394e-09
1222.0 2.9765931966784403e-09
1223.0 2.97304481592294e-09
1224.0 2.9694964351674396e-09
1225.0 2.9659480544119397e-09
1226.0 2.96239967365644e-09
1227.0 2.9588512929009387e-09
1228.0 2.955302912145439e-09
1229.0 2.951754531389938e-09
1230.0 2.948206150634439e-09
1231.0 2.9446577698789382e-09
1232.0 2.941109389123438e-09
1233.0 2.937561008367938e-09
1234.0 2.9340126276124373e-09
1235.0 2.9304642468569374e-09
1236.0 2.9269158661014366e-09
1237.0 2.9233674853459363e-09
1238.0 2.9198191045904364e-09
1239.0 2.9162707238349365e-09
1240.0 2.9127223430794366e-09
1241.0 2.909173962323936e-09
1242.0 2.9056255815684347e-09
1243.0 2.9020772008129344e-09
1244.0 2.898528820057435e-09
1245.0 2.894980439301934e-09
1246.0 2.891432058546434e-09
1247.0 2.887883677790934e-09
1248.0 2.884335297035434e-09
1249.0 2.8807869162799333e-09
1250.0 2.8772385355244334e-09
1251.0 2.873690154768933e-09
1252.0 2.870141774013433e-09
1253.0 2.866593393257932e-09
1254.0 2.863045012502432e-09
1255.0 2.8594966317469322e-09
1256.0 2.8559482509914315e-09
1257.0 2.8523998702359316e-09
1258.0 2.848851489480431e-09
1259.0 2.8453031087249305e-09
1260.0 2.8417547279694306e-09
1261.0 2.8382063472139307e-09
1262.0 2.83465796645843e-09
1263.0 2.83110958570293e-09
1264.0 2.8275612049474298e-09
1265.0 2.82401282419193e-09
1266.0 2.820464443436429e-09
1267.0 2.816916062680929e-09
1268.0 2.8133676819254285e-09
1269.0 2.809819301169928e-09
1270.0 2.8062709204144283e-09
1271.0 2.8027225396589275e-09
1272.0 2.7991741589034276e-09
1273.0 2.7961953444273716e-09
1274.0 2.7937666115582287e-09
1275.0 2.791337878689086e-09
1276.0 2.788909145819943e-09
1277.0 2.7864804129508e-09
1278.0 2.7840516800816578e-09
1279.0 2.781622947212515e-09
1280.0 2.7791942143433717e-09
1281.0 2.7767654814742293e-09
1282.0 2.774336748605087e-09
1283.0 2.771908015735944e-09
1284.0 2.769479282866801e-09
1285.0 2.7670505499976583e-09
1286.0 2.7646218171285155e-09
1287.0 2.762193084259373e-09
1288.0 2.75976435139023e-09
1289.0 2.7573356185210873e-09
1290.0 2.7549068856519445e-09
1291.0 2.752478152782802e-09
1292.0 2.7500494199136592e-09
1293.0 2.7476206870445172e-09
1294.0 2.7451919541753735e-09
1295.0 2.742763221306231e-09
1296.0 2.7403344884370883e-09
1297.0 2.737905755567946e-09
1298.0 2.7354770226988034e-09
1299.0 2.73304828982966e-09
1300.0 2.7306195569605173e-09
1301.0 2.728190824091375e-09
1302.0 2.7257620912222325e-09
1303.0 2.7233333583530892e-09
1304.0 2.7209046254839464e-09
1305.0 2.7184758926148035e-09
1306.0 2.7160471597456615e-09
1307.0 2.7136184268765187e-09
1308.0 2.711189694007376e-09
1309.0 2.7087609611382326e-09
1310.0 2.7063322282690906e-09
1311.0 2.7039034953999477e-09
1312.0 2.701474762530805e-09
1313.0 2.6990460296616616e-09
1314.0 2.6966172967925196e-09
1315.0 2.6941885639233768e-09
1316.0 2.691759831054234e-09
1317.0 2.689331098185091e-09
1318.0 2.686902365315949e-09
1319.0 2.684473632446806e-09
1320.0 2.682044899577663e-09
1321.0 2.67961616670852e-09
1322.0 2.677187433839378e-09
1323.0 2.674758700970235e-09
1324.0 2.672329968101092e-09
1325.0 2.669901235231949e-09
1326.0 2.6674725023628063e-09
1327.0 2.665043769493664e-09
1328.0 2.662615036624521e-09
1329.0 2.6601863037553782e-09
1330.0 2.6577575708862354e-09
1331.0 2.655328838017093e-09
1332.0 2.6529001051479505e-09
1333.0 2.6504713722788073e-09
1334.0 2.6480426394096644e-09
1335.0 2.645613906540522e-09
1336.0 2.643185173671379e-09
1337.0 2.6407564408022363e-09
1338.0 2.6383277079330935e-09
1339.0 2.6358989750639506e-09
1340.0 2.6334702421948086e-09
1341.0 2.6310415093256658e-09
1342.0 2.628612776456523e-09
1343.0 2.6261840435873797e-09
1344.0 2.6237553107182372e-09
1345.0 2.621326577849095e-09
1346.0 2.618897844979952e-09
1347.0 2.6164691121108087e-09
1348.0 2.6140403792416663e-09
1349.0 2.611611646372524e-09
1350.0 2.609182913503381e-09
1351.0 2.6067541806342378e-09
1352.0 2.6043254477650953e-09
1353.0 2.601896714895952e-09
1354.0 2.59946798202681e-09
1355.0 2.597039249157667e-09
1356.0 2.5946105162885244e-09
1357.0 2.592181783419381e-09
1358.0 2.589753050550239e-09
1359.0 2.587324317681096e-09
1360.0 2.5848955848119534e-09
1361.0 2.58246685194281e-09
1362.0 2.580038119073668e-09
1363.0 2.5776093862045253e-09
1364.0 2.5751806533353825e-09
1365.0 2.57275192046624e-09
1366.0 2.570323187597097e-09
1367.0 2.5678944547279544e-09
1368.0 2.5654657218588115e-09
1369.0 2.563036988989669e-09
1370.0 2.5606082561205263e-09
1371.0 2.5583606836196207e-09
1372.0 2.556297394810309e-09
1373.0 2.5542341060009967e-09
1374.0 2.5521708171916852e-09
1375.0 2.5501075283823734e-09
1376.0 2.5480442395730616e-09
1377.0 2.5459809507637493e-09
1378.0 2.5439176619544375e-09
1379.0 2.541854373145126e-09
1380.0 2.5397910843358142e-09
1381.0 2.5377277955265024e-09
1382.0 2.535664506717191e-09
1383.0 2.533601217907879e-09
1384.0 2.531537929098567e-09
1385.0 2.529474640289256e-09
1386.0 2.5274113514799437e-09
1387.0 2.5253480626706314e-09
1388.0 2.5232847738613196e-09
1389.0 2.521221485052008e-09
1390.0 2.519158196242696e-09
1391.0 2.5170949074333845e-09
1392.0 2.515031618624073e-09
1393.0 2.5129683298147612e-09
1394.0 2.510905041005449e-09
1395.0 2.508841752196137e-09
1396.0 2.5067784633868253e-09
1397.0 2.504715174577514e-09
1398.0 2.502651885768202e-09
1399.0 2.50058859695889e-09
1400.0 2.498525308149579e-09
1401.0 2.4964620193402666e-09
1402.0 2.4943987305309543e-09
1403.0 2.492335441721643e-09
1404.0 2.490272152912331e-09
1405.0 2.488208864103019e-09
1406.0 2.4861455752937074e-09
1407.0 2.484082286484396e-09
1408.0 2.4820189976750837e-09
1409.0 2.4799557088657723e-09
1410.0 2.4778924200564605e-09
1411.0 2.475829131247149e-09
1412.0 2.473765842437837e-09
1413.0 2.4717025536285246e-09
1414.0 2.469639264819213e-09
1415.0 2.467575976009901e-09
1416.0 2.4655126872005895e-09
1417.0 2.4634493983912777e-09
1418.0 2.461386109581966e-09
1419.0 2.4593228207726536e-09
1420.0 2.4572595319633417e-09
1421.0 2.4551962431540303e-09
1422.0 2.4531329543447185e-09
1423.0 2.4510696655354067e-09
1424.0 2.4490063767260944e-09
1425.0 2.446943087916783e-09
1426.0 2.444879799107471e-09
1427.0 2.4428165102981597e-09
1428.0 2.440753221488848e-09
1429.0 2.438689932679536e-09
1430.0 2.436626643870224e-09
1431.0 2.4345633550609116e-09
1432.0 2.4325000662516006e-09
1433.0 2.4304367774422883e-09
1434.0 2.4283734886329765e-09
1435.0 2.4263101998236647e-09
1436.0 2.4242469110143532e-09
1437.0 2.4221836222050414e-09
1438.0 2.4201203333957296e-09
1439.0 2.418057044586418e-09
1440.0 2.415993755777106e-09
1441.0 2.413930466967794e-09
1442.0 2.4118671781584823e-09
1443.0 2.409803889349171e-09
1444.0 2.407740600539859e-09
1445.0 2.4056773117305468e-09
1446.0 2.4036140229212353e-09
1447.0 2.401550734111923e-09
1448.0 2.3994874453026117e-09
1449.0 2.3974241564933002e-09
1450.0 2.3953608676839876e-09
1451.0 2.393297578874676e-09
1452.0 2.3912342900653643e-09
1453.0 2.3891710012560525e-09
1454.0 2.387107712446741e-09
1455.0 2.3850444236374292e-09
1456.0 2.3829811348281174e-09
1457.0 2.380917846018806e-09
1458.0 2.3788545572094938e-09
1459.0 2.3767912684001815e-09
1460.0 2.37472797959087e-09
1461.0 2.372664690781558e-09
1462.0 2.370601401972246e-09
1463.0 2.3685381131629346e-09
1464.0 2.366474824353623e-09
1465.0 2.364411535544311e-09
1466.0 2.3623482467349995e-09
1467.0 2.3602849579256873e-09
1468.0 2.3582216691163754e-09
1469.0 2.356158380307064e-09
1470.0 2.3540950914977518e-09
1471.0 2.3520318026884403e-09
1472.0 2.349968513879128e-09
1473.0 2.3479052250698167e-09
1474.0 2.345841936260505e-09
1475.0 2.343778647451193e-09
1476.0 2.3417153586418808e-09
1477.0 2.339848652637239e-09
1478.0 2.3379959835615004e-09
1479.0 2.336143314485762e-09
1480.0 2.334290645410023e-09
1481.0 2.332437976334285e-09
1482.0 2.330585307258546e-09
1483.0 2.3287326381828073e-09
1484.0 2.3268799691070687e-09
1485.0 2.3250273000313304e-09
1486.0 2.3231746309555914e-09
1487.0 2.3213219618798528e-09
1488.0 2.319469292804114e-09
1489.0 2.3176166237283755e-09
1490.0 2.315763954652637e-09
1491.0 2.3139112855768983e-09
1492.0 2.31205861650116e-09
1493.0 2.310205947425421e-09
1494.0 2.308353278349682e-09
1495.0 2.3065006092739437e-09
1496.0 2.3046479401982047e-09
1497.0 2.302795271122466e-09
1498.0 2.3009426020467274e-09
1499.0 2.299089932970989e-09
1500.0 2.29723726389525e-09
1501.0 2.2953845948195116e-09
1502.0 2.293531925743773e-09
1503.0 2.291679256668034e-09
1504.0 2.2898265875922957e-09
1505.0 2.287973918516557e-09
1506.0 2.2861212494408184e-09
1507.0 2.2842685803650798e-09
1508.0 2.282415911289341e-09
1509.0 2.2805632422136025e-09
1510.0 2.278710573137864e-09
1511.0 2.276857904062125e-09
1512.0 2.2750052349863862e-09
1513.0 2.273152565910648e-09
1514.0 2.271299896834909e-09
1515.0 2.2694472277591703e-09
1516.0 2.2675945586834317e-09
1517.0 2.2657418896076927e-09
1518.0 2.2638892205319544e-09
1519.0 2.262036551456216e-09
1520.0 2.260183882380477e-09
1521.0 2.2583312133047386e-09
1522.0 2.256478544229e-09
1523.0 2.2546258751532613e-09
1524.0 2.2527732060775227e-09
1525.0 2.250920537001784e-09
1526.0 2.249067867926046e-09
1527.0 2.2472151988503068e-09
1528.0 2.245362529774568e-09
1529.0 2.2435098606988295e-09
1530.0 2.2416571916230913e-09
1531.0 2.239804522547352e-09
1532.0 2.2379518534716132e-09
1533.0 2.2360991843958746e-09
1534.0 2.234246515320136e-09
1535.0 2.2323938462443973e-09
1536.0 2.2305411771686587e-09
1537.0 2.22868850809292e-09
1538.0 2.2268358390171814e-09
1539.0 2.224983169941443e-09
1540.0 2.223130500865704e-09
1541.0 2.2212778317899656e-09
1542.0 2.219425162714227e-09
1543.0 2.217572493638488e-09
1544.0 2.2157198245627497e-09
1545.0 2.2138671554870106e-09
1546.0 2.2120144864112724e-09
1547.0 2.2101618173355334e-09
1548.0 2.2083091482597947e-09
1549.0 2.206456479184056e-09
1550.0 2.204603810108318e-09
1551.0 2.202751141032579e-09
1552.0 2.2008984719568402e-09
1553.0 2.1990458028811016e-09
1554.0 2.197193133805363e-09
1555.0 2.1953404647296243e-09
1556.0 2.1934877956538857e-09
1557.0 2.191635126578147e-09
1558.0 2.1897824575024084e-09
1559.0 2.18792978842667e-09
1560.0 2.1860771193509308e-09
1561.0 2.184224450275192e-09
1562.0 2.182371781199454e-09
1563.0 2.180519112123715e-09
1564.0 2.1786664430479767e-09
1565.0 2.1768137739722376e-09
1566.0 2.1749611048964994e-09
1567.0 2.1731084358207604e-09
1568.0 2.171255766745022e-09
1569.0 2.1694030976692835e-09
1570.0 2.167550428593545e-09
1571.0 2.1656977595178063e-09
1572.0 2.1638450904420676e-09
1573.0 2.161992421366329e-09
1574.0 2.16013975229059e-09
1575.0 2.1582870832148513e-09
1576.0 2.1564344141391127e-09
1577.0 2.1545817450633737e-09
1578.0 2.1527290759876354e-09
1579.0 2.1508764069118964e-09
1580.0 2.149023737836158e-09
1581.0 2.1471710687604195e-09
1582.0 2.145318399684681e-09
1583.0 2.1434657306089423e-09
1584.0 2.1416130615332037e-09
1585.0 2.139760392457465e-09
1586.0 2.137907723381726e-09
1587.0 2.1360550543059878e-09
1588.0 2.1342023852302487e-09
1589.0 2.1323497161545105e-09
1590.0 2.13063021327014e-09
1591.0 2.129332183095789e-09
1592.0 2.1280341529214384e-09
1593.0 2.1267361227470872e-09
1594.0 2.125438092572736e-09
1595.0 2.1241400623983857e-09
1596.0 2.1228420322240345e-09
1597.0 2.121544002049684e-09
1598.0 2.1202459718753326e-09
1599.0 2.118947941700982e-09
1600.0 2.117649911526631e-09
1601.0 2.1163518813522804e-09
1602.0 2.1150538511779296e-09
1603.0 2.1137558210035785e-09
1604.0 2.112457790829228e-09
1605.0 2.111159760654877e-09
1606.0 2.109861730480526e-09
1607.0 2.108563700306175e-09
1608.0 2.1072656701318243e-09
1609.0 2.1059676399574727e-09
1610.0 2.1046696097831224e-09
1611.0 2.1033715796087712e-09
1612.0 2.1020735494344205e-09
1613.0 2.1007755192600697e-09
1614.0 2.099477489085719e-09
1615.0 2.098179458911368e-09
1616.0 2.0968814287370175e-09
1617.0 2.095583398562666e-09
1618.0 2.0942853683883156e-09
1619.0 2.0929873382139644e-09
1620.0 2.0916893080396137e-09
1621.0 2.0903912778652625e-09
1622.0 2.0890932476909117e-09
1623.0 2.087795217516561e-09
1624.0 2.0864971873422102e-09
1625.0 2.085199157167859e-09
1626.0 2.0839011269935083e-09
1627.0 2.0826030968191576e-09
1628.0 2.081305066644807e-09
1629.0 2.0800070364704557e-09
1630.0 2.0787090062961045e-09
1631.0 2.0774109761217538e-09
1632.0 2.076112945947403e-09
1633.0 2.0748149157730523e-09
1634.0 2.073516885598701e-09
1635.0 2.07221885542435e-09
1636.0 2.070920825249999e-09
1637.0 2.0696227950756484e-09
1638.0 2.0683247649012977e-09
1639.0 2.067026734726947e-09
1640.0 2.0657287045525958e-09
1641.0 2.064430674378245e-09
1642.0 2.0631326442038943e-09
1643.0 2.0618346140295435e-09
1644.0 2.0605365838551924e-09
1645.0 2.059238553680842e-09
1646.0 2.057940523506491e-09
1647.0 2.0566424933321397e-09
1648.0 2.0553444631577894e-09
1649.0 2.054046432983438e-09
1650.0 2.052748402809087e-09
1651.0 2.0514503726347363e-09
1652.0 2.050152342460385e-09
1653.0 2.0488543122860348e-09
1654.0 2.0475562821116836e-09
1655.0 2.046258251937333e-09
1656.0 2.0449602217629817e-09
1657.0 2.043662191588631e-09
1658.0 2.0423641614142802e-09
1659.0 2.041066131239929e-09
1660.0 2.0397681010655783e-09
1661.0 2.0384700708912275e-09
1662.0 2.0371720407168764e-09
1663.0 2.035874010542526e-09
1664.0 2.034575980368175e-09
1665.0 2.033277950193824e-09
1666.0 2.0319799200194734e-09
1667.0 2.0306818898451222e-09
1668.0 2.0293838596707715e-09
1669.0 2.0280858294964207e-09
1670.0 2.0267877993220696e-09
1671.0 2.025489769147719e-09
1672.0 2.0241917389733676e-09
1673.0 2.022893708799017e-09
1674.0 2.0215956786246666e-09
1675.0 2.020297648450315e-09
1676.0 2.0189996182759642e-09
1677.0 2.017701588101613e-09
1678.0 2.0164035579272623e-09
1679.0 2.015105527752912e-09
1680.0 2.013807497578561e-09
1681.0 2.01250946740421e-09
1682.0 2.0112114372298593e-09
1683.0 2.009913407055508e-09
1684.0 2.0086153768811574e-09
1685.0 2.0073173467068062e-09
1686.0 2.006019316532456e-09
1687.0 2.004721286358105e-09
1688.0 2.0034232561837536e-09
1689.0 2.0021252260094032e-09
1690.0 2.000827195835052e-09
1691.0 1.999529165660701e-09
1692.0 1.9982311354863506e-09
1693.0 1.996933105311999e-09
1694.0 1.9956350751376487e-09
1695.0 1.994337044963298e-09
1696.0 1.9930390147889468e-09
1697.0 1.991740984614596e-09
1698.0 1.990442954440245e-09
1699.0 1.989144924265894e-09
1700.0 1.9878468940915438e-09
1701.0 1.9865488639171926e-09
1702.0 1.985250833742842e-09
1703.0 1.9839528035684903e-09
1704.0 1.98265477339414e-09
1705.0 1.981356743219789e-09
1706.0 1.980058713045438e-09
1707.0 1.9787606828710873e-09
1708.0 1.9774626526967365e-09
1709.0 1.9761646225223854e-09
1710.0 1.9748665923480346e-09
1711.0 1.9735685621736834e-09
1712.0 1.972270531999333e-09
1713.0 1.971147665962525e-09
1714.0 1.970071454409571e-09
1715.0 1.968995242856616e-09
1716.0 1.9679190313036627e-09
1717.0 1.9668428197507084e-09
1718.0 1.965766608197754e-09
1719.0 1.9646903966447994e-09
1720.0 1.963614185091845e-09
1721.0 1.962537973538891e-09
1722.0 1.961461761985937e-09
1723.0 1.9603855504329822e-09
1724.0 1.959309338880028e-09
1725.0 1.9582331273270736e-09
1726.0 1.957156915774119e-09
1727.0 1.9560807042211646e-09
1728.0 1.9550044926682104e-09
1729.0 1.953928281115256e-09
1730.0 1.9528520695623018e-09
1731.0 1.9517758580093475e-09
1732.0 1.950699646456393e-09
1733.0 1.9496234349034385e-09
1734.0 1.948547223350484e-09
1735.0 1.94747101179753e-09
1736.0 1.9463948002445756e-09
1737.0 1.9453185886916217e-09
1738.0 1.944242377138667e-09
1739.0 1.9431661655857127e-09
1740.0 1.942089954032758e-09
1741.0 1.941013742479804e-09
1742.0 1.93993753092685e-09
1743.0 1.9388613193738956e-09
1744.0 1.9377851078209413e-09
1745.0 1.9367088962679866e-09
1746.0 1.9356326847150323e-09
1747.0 1.9345564731620784e-09
1748.0 1.9334802616091237e-09
1749.0 1.9324040500561694e-09
1750.0 1.931327838503215e-09
1751.0 1.930251626950261e-09
1752.0 1.9291754153973065e-09
1753.0 1.928099203844352e-09
1754.0 1.927022992291398e-09
1755.0 1.9259467807384432e-09
1756.0 1.924870569185489e-09
1757.0 1.9237943576325347e-09
1758.0 1.9227181460795804e-09
1759.0 1.921641934526626e-09
1760.0 1.9205657229736714e-09
1761.0 1.9194895114207175e-09
1762.0 1.918413299867763e-09
1763.0 1.9173370883148085e-09
1764.0 1.916260876761854e-09
1765.0 1.9151846652089e-09
1766.0 1.914108453655946e-09
1767.0 1.9130322421029917e-09
1768.0 1.9119560305500374e-09
1769.0 1.9108798189970827e-09
1770.0 1.9098036074441285e-09
1771.0 1.9087273958911737e-09
1772.0 1.90765118433822e-09
1773.0 1.9065749727852656e-09
1774.0 1.9054987612323113e-09
1775.0 1.904422549679357e-09
1776.0 1.9033463381264027e-09
1777.0 1.902270126573448e-09
1778.0 1.9011939150204937e-09
1779.0 1.9001177034675394e-09
1780.0 1.899041491914585e-09
1781.0 1.897965280361631e-09
1782.0 1.8968890688086765e-09
1783.0 1.8958128572557222e-09
1784.0 1.8947366457027675e-09
1785.0 1.8936604341498132e-09
1786.0 1.8925842225968585e-09
1787.0 1.8915080110439047e-09
1788.0 1.8904317994909504e-09
1789.0 1.889355587937996e-09
1790.0 1.8882793763850418e-09
1791.0 1.8872031648320875e-09
1792.0 1.886126953279133e-09
1793.0 1.8850507417261785e-09
1794.0 1.8839745301732246e-09
1795.0 1.8828983186202703e-09
1796.0 1.8818221070673156e-09
1797.0 1.8807458955143613e-09
1798.0 1.879669683961407e-09
1799.0 1.8785934724084528e-09
1800.0 1.877517260855498e-09
1801.0 1.876441049302544e-09
1802.0 1.87536483774959e-09
1803.0 1.8742886261966356e-09
1804.0 1.873212414643681e-09
1805.0 1.8721362030907266e-09
1806.0 1.8710599915377723e-09
1807.0 1.869983779984818e-09
1808.0 1.8689075684318637e-09
1809.0 1.8678313568789094e-09
1810.0 1.866755145325955e-09
1811.0 1.865678933773001e-09
1812.0 1.864602722220046e-09
1813.0 1.863526510667092e-09
1814.0 1.8624502991141378e-09
1815.0 1.8613740875611833e-09
1816.0 1.860297876008229e-09
1817.0 1.8592216644552749e-09
1818.0 1.8581454529023204e-09
1819.0 1.8570692413493663e-09
1820.0 1.855993029796412e-09
1821.0 1.8549168182434575e-09
1822.0 1.853840606690503e-09
1823.0 1.8527643951375485e-09
1824.0 1.8516881835845942e-09
1825.0 1.8506119720316401e-09
1826.0 1.8495357604786856e-09
1827.0 1.8484595489257315e-09
1828.0 1.8473833373727773e-09
1829.0 1.8463071258198228e-09
1830.0 1.8452309142668683e-09
1831.0 1.8441547027139138e-09
1832.0 1.8430784911609599e-09
1833.0 1.8420022796080052e-09
1834.0 1.840926068055051e-09
1835.0 1.8398498565020968e-09
1836.0 1.8387736449491423e-09
1837.0 1.8376974333961878e-09
1838.0 1.8366212218432333e-09
1839.0 1.835545010290279e-09
1840.0 1.834468798737325e-09
1841.0 1.8333925871843704e-09
1842.0 1.8323163756314163e-09
1843.0 1.831240164078462e-09
1844.0 1.8301639525255076e-09
1845.0 1.8291663334964784e-09
1846.0 1.8281767185180657e-09
1847.0 1.8271871035396534e-09
1848.0 1.8261974885612409e-09
1849.0 1.825207873582829e-09
1850.0 1.8242182586044165e-09
1851.0 1.8232286436260038e-09
1852.0 1.8222390286475917e-09
1853.0 1.821249413669179e-09
1854.0 1.820259798690767e-09
1855.0 1.8192701837123544e-09
1856.0 1.8182805687339423e-09
1857.0 1.8172909537555298e-09
1858.0 1.8163013387771169e-09
1859.0 1.8153117237987048e-09
1860.0 1.8143221088202925e-09
1861.0 1.8133324938418798e-09
1862.0 1.8123428788634677e-09
1863.0 1.811353263885055e-09
1864.0 1.810363648906643e-09
1865.0 1.8093740339282302e-09
1866.0 1.808384418949818e-09
1867.0 1.8073948039714058e-09
1868.0 1.8064051889929933e-09
1869.0 1.805415574014581e-09
1870.0 1.8044259590361683e-09
1871.0 1.8034363440577562e-09
1872.0 1.8024467290793435e-09
1873.0 1.8014571141009312e-09
1874.0 1.800467499122519e-09
1875.0 1.7994778841441066e-09
1876.0 1.7984882691656943e-09
1877.0 1.7974986541872816e-09
1878.0 1.7965090392088688e-09
1879.0 1.7955194242304568e-09
1880.0 1.794529809252044e-09
1881.0 1.7935401942736322e-09
1882.0 1.7925505792952195e-09
1883.0 1.7915609643168074e-09
1884.0 1.7905713493383949e-09
1885.0 1.7895817343599826e-09
1886.0 1.78859211938157e-09
1887.0 1.7876025044031576e-09
1888.0 1.7866128894247455e-09
1889.0 1.7856232744463327e-09
1890.0 1.7846336594679202e-09
1891.0 1.7836440444895082e-09
1892.0 1.7826544295110959e-09
1893.0 1.7816648145326836e-09
1894.0 1.7806751995542708e-09
1895.0 1.7796855845758588e-09
1896.0 1.778695969597446e-09
1897.0 1.7777063546190338e-09
1898.0 1.7767167396406217e-09
1899.0 1.7757271246622085e-09
1900.0 1.7747375096837964e-09
1901.0 1.7737478947053841e-09
1902.0 1.7727582797269714e-09
1903.0 1.7717686647485593e-09
1904.0 1.7707790497701466e-09
1905.0 1.7697894347917345e-09
1906.0 1.7687998198133218e-09
1907.0 1.7678102048349097e-09
1908.0 1.7668205898564974e-09
1909.0 1.7658309748780847e-09
1910.0 1.7648413598996726e-09
1911.0 1.76385174492126e-09
1912.0 1.7628621299428478e-09
1913.0 1.7618725149644353e-09
1914.0 1.7608828999860228e-09
1915.0 1.7598932850076107e-09
1916.0 1.7589036700291984e-09
1917.0 1.757914055050786e-09
1918.0 1.7569244400723732e-09
1919.0 1.7559348250939607e-09
1920.0 1.7549452101155488e-09
1921.0 1.753955595137136e-09
1922.0 1.7529659801587238e-09
1923.0 1.7519763651803113e-09
1924.0 1.750986750201899e-09
1925.0 1.7499971352234867e-09
1926.0 1.7490075202450742e-09
1927.0 1.7480179052666621e-09
1928.0 1.7470282902882492e-09
1929.0 1.7460386753098371e-09
1930.0 1.7450490603314248e-09
1931.0 1.7440594453530121e-09
1932.0 1.7430698303746e-09
1933.0 1.7420802153961875e-09
1934.0 1.7410906004177752e-09
1935.0 1.7401009854393625e-09
1936.0 1.7391113704609504e-09
1937.0 1.7381217554825381e-09
1938.0 1.7371321405041254e-09
1939.0 1.7361425255257133e-09
1940.0 1.7351529105473006e-09
1941.0 1.7341632955688883e-09
1942.0 1.7331736805904758e-09
1943.0 1.7321840656120631e-09
1944.0 1.7311944506336514e-09
1945.0 1.7302048356552385e-09
1946.0 1.7292152206768264e-09
1947.0 1.728225605698414e-09
1948.0 1.7272359907200012e-09
1949.0 1.7262463757415891e-09
1950.0 1.7252567607631764e-09
1951.0 1.7242671457847645e-09
1952.0 1.7232775308063518e-09
1953.0 1.7222879158279397e-09
1954.0 1.7212983008495272e-09
1955.0 1.7203086858711145e-09
1956.0 1.7193190708927026e-09
1957.0 1.7183294559142901e-09
1958.0 1.7173398409358778e-09
1959.0 1.7163502259574651e-09
1960.0 1.7153606109790526e-09
1961.0 1.7143709960006405e-09
1962.0 1.7133813810222276e-09
1963.0 1.7123917660438155e-09
1964.0 1.7114021510654032e-09
1965.0 1.7104125360869907e-09
1966.0 1.7094229211085784e-09
1967.0 1.7084333061301661e-09
1968.0 1.7074436911517536e-09
1969.0 1.706454076173341e-09
1970.0 1.7054644611949288e-09
1971.0 1.7044748462165165e-09
1972.0 1.7034852312381042e-09
1973.0 1.7024956162596917e-09
1974.0 1.701506001281279e-09
1975.0 1.700516386302867e-09
1976.0 1.6995267713244542e-09
1977.0 1.6985371563460421e-09
1978.0 1.6975475413676298e-09
1979.0 1.6965579263892175e-09
1980.0 1.6955683114108048e-09
1981.0 1.6945786964323923e-09
1982.0 1.6935890814539796e-09
1983.0 1.6925994664755677e-09
1984.0 1.691609851497155e-09
1985.0 1.6906202365187431e-09
1986.0 1.6896306215403302e-09
1987.0 1.6888692325195171e-09
1988.0 1.6881427570899195e-09
1989.0 1.687416281660323e-09
1990.0 1.6866898062307254e-09
1991.0 1.6859633308011281e-09
1992.0 1.6852368553715317e-09
1993.0 1.684510379941934e-09
1994.0 1.6837839045123372e-09
1995.0 1.6830574290827406e-09
1996.0 1.682330953653143e-09
1997.0 1.6816044782235456e-09
1998.0 1.6808780027939486e-09
1999.0 1.6801515273643522e-09
2000.0 1.6794250519347545e-09
2001.0 1.6786985765051575e-09
2002.0 1.6779721010755604e-09
2003.0 1.6772456256459634e-09
2004.0 1.6765191502163663e-09
2005.0 1.6757926747867688e-09
2006.0 1.6750661993571722e-09
2007.0 1.6743397239275748e-09
2008.0 1.673613248497978e-09
2009.0 1.6728867730683809e-09
2010.0 1.6721602976387834e-09
2011.0 1.6714338222091866e-09
2012.0 1.6707073467795897e-09
2013.0 1.6699808713499925e-09
2014.0 1.6692543959203952e-09
2015.0 1.668527920490798e-09
2016.0 1.6678014450612011e-09
2017.0 1.6670749696316039e-09
2018.0 1.666348494202007e-09
2019.0 1.6656220187724098e-09
2020.0 1.6648955433428125e-09
2021.0 1.6641690679132157e-09
2022.0 1.6634425924836184e-09
2023.0 1.6627161170540212e-09
2024.0 1.6619896416244243e-09
2025.0 1.661263166194827e-09
2026.0 1.6605366907652302e-09
2027.0 1.6598102153356328e-09
2028.0 1.6590837399060355e-09
2029.0 1.6583572644764389e-09
2030.0 1.6576307890468416e-09
2031.0 1.6569043136172442e-09
2032.0 1.6561778381876473e-09
2033.0 1.6554513627580505e-09
2034.0 1.6547248873284534e-09
2035.0 1.6539984118988564e-09
2036.0 1.6532719364692587e-09
2037.0 1.6525454610396619e-09
2038.0 1.6518189856100646e-09
2039.0 1.6510925101804678e-09
2040.0 1.650366034750871e-09
2041.0 1.6496395593212737e-09
2042.0 1.6489130838916765e-09
2043.0 1.6481866084620796e-09
2044.0 1.6474601330324822e-09
2045.0 1.6467336576028851e-09
2046.0 1.6460071821732883e-09
2047.0 1.645280706743691e-09
2048.0 1.6445542313140935e-09
2049.0 1.643827755884497e-09
2050.0 1.6431012804548995e-09
2051.0 1.6423748050253028e-09
2052.0 1.6416483295957056e-09
2053.0 1.6409218541661083e-09
2054.0 1.6401953787365113e-09
2055.0 1.6394689033069142e-09
2056.0 1.6387424278773172e-09
2057.0 1.6380159524477201e-09
2058.0 1.6372894770181227e-09
2059.0 1.636563001588526e-09
2060.0 1.6358365261589286e-09
2061.0 1.6351100507293317e-09
2062.0 1.6343835752997345e-09
2063.0 1.6336570998701376e-09
2064.0 1.6329306244405404e-09
2065.0 1.632204149010943e-09
2066.0 1.6314776735813463e-09
2067.0 1.630751198151749e-09
2068.0 1.6300247227221518e-09
2069.0 1.629298247292555e-09
2070.0 1.6285717718629575e-09
2071.0 1.6278452964333608e-09
2072.0 1.6271188210037636e-09
2073.0 1.6263923455741663e-09
2074.0 1.6256658701445695e-09
2075.0 1.624939394714972e-09
2076.0 1.624212919285375e-09
2077.0 1.6234864438557781e-09
2078.0 1.6227599684261809e-09
2079.0 1.6220334929965838e-09
2080.0 1.6213070175669866e-09
2081.0 1.62058054213739e-09
2082.0 1.6198540667077927e-09
2083.0 1.6191275912781952e-09
2084.0 1.618401115848598e-09
2085.0 1.6176746404190012e-09
2086.0 1.6169481649894043e-09
2087.0 1.6162216895598066e-09
2088.0 1.6154952141302102e-09
2089.0 1.614768738700613e-09
2090.0 1.6140422632710157e-09
2091.0 1.613315787841419e-09
2092.0 1.6125893124118216e-09
2093.0 1.6118628369822244e-09
2094.0 1.6111363615526275e-09
2095.0 1.6104098861230303e-09
2096.0 1.6096834106934328e-09
2097.0 1.608956935263836e-09
2098.0 1.608230459834239e-09
2099.0 1.607503984404642e-09
2100.0 1.6067775089750448e-09
2101.0 1.6060510335454476e-09
2102.0 1.6053245581158507e-09
2103.0 1.6045980826862535e-09
2104.0 1.6038716072566564e-09
2105.0 1.6031451318270594e-09
2106.0 1.602418656397462e-09
2107.0 1.601692180967865e-09
2108.0 1.600965705538268e-09
2109.0 1.600239230108671e-09
2110.0 1.5995127546790737e-09
2111.0 1.5987862792494765e-09
2112.0 1.5980598038198798e-09
2113.0 1.5973333283902828e-09
2114.0 1.5966068529606851e-09
2115.0 1.5958803775310883e-09
2116.0 1.595153902101491e-09
2117.0 1.5944274266718942e-09
2118.0 1.5937009512422967e-09
2119.0 1.5929744758127e-09
2120.0 1.5922480003831026e-09
2121.0 1.5915215249535056e-09
2122.0 1.590795049523909e-09
2123.0 1.5900685740943115e-09
2124.0 1.589342098664714e-09
2125.0 1.5886156232351174e-09
2126.0 1.5878891478055202e-09
2127.0 1.5871626723759227e-09
2128.0 1.5864361969463259e-09
2129.0 1.5857097215167292e-09
2130.0 1.5849832460871318e-09
2131.0 1.5842567706575347e-09
2132.0 1.5835302952279372e-09
2133.0 1.5828038197983404e-09
2134.0 1.5820773443687436e-09
2135.0 1.5813508689391463e-09
2136.0 1.5806243935095495e-09
2137.0 1.5798979180799522e-09
2138.0 1.579171442650355e-09
2139.0 1.5784449672207581e-09
2140.0 1.5778333505303133e-09
2141.0 1.5772364406236167e-09
2142.0 1.5766395307169201e-09
2143.0 1.5760426208102238e-09
2144.0 1.5754457109035272e-09
2145.0 1.5748488009968306e-09
2146.0 1.574251891090134e-09
2147.0 1.5736549811834373e-09
2148.0 1.5730580712767411e-09
2149.0 1.5724611613700443e-09
2150.0 1.5718642514633473e-09
2151.0 1.5712673415566512e-09
2152.0 1.5706704316499544e-09
2153.0 1.5700735217432582e-09
2154.0 1.5694766118365616e-09
2155.0 1.568879701929865e-09
2156.0 1.5682827920231683e-09
2157.0 1.5676858821164721e-09
2158.0 1.5670889722097753e-09
2159.0 1.566492062303079e-09
2160.0 1.5658951523963822e-09
2161.0 1.5652982424896854e-09
2162.0 1.5647013325829892e-09
2163.0 1.5641044226762927e-09
2164.0 1.563507512769596e-09
2165.0 1.5629106028628993e-09
2166.0 1.5623136929562032e-09
2167.0 1.5617167830495062e-09
2168.0 1.56111987314281e-09
2169.0 1.5605229632361132e-09
2170.0 1.559926053329417e-09
2171.0 1.55932914342272e-09
2172.0 1.5587322335160237e-09
2173.0 1.5581353236093271e-09
2174.0 1.5575384137026303e-09
2175.0 1.5569415037959344e-09
2176.0 1.5563445938892372e-09
2177.0 1.555747683982541e-09
2178.0 1.5551507740758442e-09
2179.0 1.5545538641691479e-09
2180.0 1.553956954262451e-09
2181.0 1.5533600443557547e-09
2182.0 1.5527631344490581e-09
2183.0 1.552166224542362e-09
2184.0 1.5515693146356654e-09
2185.0 1.5509724047289682e-09
2186.0 1.550375494822272e-09
2187.0 1.5497785849155753e-09
2188.0 1.5491816750088789e-09
2189.0 1.5485847651021821e-09
2190.0 1.5479878551954855e-09
2191.0 1.5473909452887894e-09
2192.0 1.5467940353820928e-09
2193.0 1.5461971254753964e-09
2194.0 1.5456002155687e-09
2195.0 1.545003305662003e-09
2196.0 1.544406395755306e-09
2197.0 1.54380948584861e-09
2198.0 1.5432125759419131e-09
2199.0 1.542615666035217e-09
2200.0 1.5420187561285204e-09
2201.0 1.5414218462218238e-09
2202.0 1.5408249363151272e-09
2203.0 1.540228026408431e-09
2204.0 1.539631116501734e-09
2205.0 1.5390342065950381e-09
2206.0 1.538437296688341e-09
2207.0 1.5378403867816444e-09
2208.0 1.537243476874948e-09
2209.0 1.5366465669682514e-09
2210.0 1.5360496570615553e-09
2211.0 1.5354527471548583e-09
2212.0 1.5348558372481615e-09
2213.0 1.534258927341465e-09
2214.0 1.5336620174347685e-09
2215.0 1.533065107528072e-09
2216.0 1.5324681976213754e-09
2217.0 1.5318712877146788e-09
2218.0 1.5312743778079826e-09
2219.0 1.5306774679012859e-09
2220.0 1.5300805579945893e-09
2221.0 1.5294836480878925e-09
2222.0 1.528886738181196e-09
2223.0 1.5282898282744994e-09
2224.0 1.527692918367803e-09
2225.0 1.5270960084611064e-09
2226.0 1.5264990985544102e-09
2227.0 1.5259021886477137e-09
2228.0 1.525305278741017e-09
2229.0 1.5247083688343207e-09
2230.0 1.5241114589276241e-09
2231.0 1.523514549020927e-09
2232.0 1.5229176391142304e-09
2233.0 1.522320729207534e-09
2234.0 1.5217238193008376e-09
2235.0 1.5211269093941413e-09
2236.0 1.5205299994874447e-09
2237.0 1.5199330895807481e-09
2238.0 1.5193361796740515e-09
2239.0 1.5187392697673552e-09
2240.0 1.5181423598606586e-09
2241.0 1.517545449953962e-09
2242.0 1.5169485400472654e-09
2243.0 1.5163516301405687e-09
2244.0 1.515754720233872e-09
2245.0 1.5151578103271757e-09
2246.0 1.5145609004204791e-09
2247.0 1.5139639905137826e-09
2248.0 1.513367080607086e-09
2249.0 1.5127701707003896e-09
2250.0 1.512173260793693e-09
2251.0 1.5115763508869965e-09
2252.0 1.5109794409802997e-09
2253.0 1.5103825310736035e-09
2254.0 1.5097856211669067e-09
2255.0 1.5091887112602102e-09
2256.0 1.5085918013535136e-09
2257.0 1.507994891446817e-09
2258.0 1.5073979815401206e-09
2259.0 1.506801071633424e-09
2260.0 1.5062041617267275e-09
2261.0 1.505607251820031e-09
2262.0 1.5050103419133345e-09
2263.0 1.504413432006638e-09
2264.0 1.5038165220999414e-09
2265.0 1.5032196121932448e-09
2266.0 1.502622702286548e-09
2267.0 1.5020257923798515e-09
2268.0 1.501428882473155e-09
2269.0 1.5008319725664585e-09
2270.0 1.500235062659762e-09
2271.0 1.4996381527530654e-09
2272.0 1.499041242846369e-09
2273.0 1.4984443329396724e-09
2274.0 1.4978474230329758e-09
2275.0 1.497250513126279e-09
2276.0 1.4966536032195829e-09
2277.0 1.4960566933128861e-09
2278.0 1.4954597834061891e-09
2279.0 1.494862873499493e-09
2280.0 1.4942659635927962e-09
2281.0 1.4936690536861e-09
2282.0 1.4930721437794034e-09
2283.0 1.4924752338727069e-09
2284.0 1.49187832396601e-09
2285.0 1.491281414059314e-09
2286.0 1.490684504152617e-09
2287.0 1.4900875942459208e-09
2288.0 1.489490684339224e-09
2289.0 1.4888937744325272e-09
2290.0 1.4882968645258308e-09
2291.0 1.4876999546191345e-09
2292.0 1.4871030447124379e-09
2293.0 1.486506134805741e-09
2294.0 1.4859092248990447e-09
2295.0 1.485312314992348e-09
2296.0 1.4847154050856518e-09
2297.0 1.484118495178955e-09
2298.0 1.483521585272259e-09
2299.0 1.4829246753655618e-09
2300.0 1.4823277654588657e-09
2301.0 1.481730855552169e-09
2302.0 1.4811339456454721e-09
2303.0 1.4805370357387757e-09
2304.0 1.4799445357219901e-09
2305.0 1.4793836555068435e-09
2306.0 1.4788227752916967e-09
2307.0 1.4782618950765507e-09
2308.0 1.4777010148614039e-09
2309.0 1.4771401346462568e-09
2310.0 1.4765792544311108e-09
2311.0 1.4760183742159638e-09
2312.0 1.4754574940008178e-09
2313.0 1.4748966137856708e-09
2314.0 1.4743357335705246e-09
2315.0 1.4737748533553776e-09
2316.0 1.473213973140231e-09
2317.0 1.4726530929250845e-09
2318.0 1.4720922127099383e-09
2319.0 1.471531332494792e-09
2320.0 1.470970452279645e-09
2321.0 1.4704095720644983e-09
2322.0 1.469848691849352e-09
2323.0 1.4692878116342053e-09
2324.0 1.4687269314190585e-09
2325.0 1.4681660512039118e-09
2326.0 1.467605170988766e-09
2327.0 1.4670442907736188e-09
2328.0 1.4664834105584724e-09
2329.0 1.4659225303433258e-09
2330.0 1.4653616501281792e-09
2331.0 1.4648007699130332e-09
2332.0 1.4642398896978862e-09
2333.0 1.4636790094827396e-09
2334.0 1.463118129267593e-09
2335.0 1.4625572490524465e-09
2336.0 1.4619963688373e-09
2337.0 1.4614354886221529e-09
2338.0 1.4608746084070067e-09
2339.0 1.46031372819186e-09
2340.0 1.4597528479767137e-09
2341.0 1.459191967761567e-09
2342.0 1.4586310875464204e-09
2343.0 1.458070207331274e-09
2344.0 1.457509327116127e-09
2345.0 1.4569484469009808e-09
2346.0 1.4563875666858342e-09
2347.0 1.4558266864706874e-09
2348.0 1.4552658062555412e-09
2349.0 1.4547049260403941e-09
2350.0 1.4541440458252477e-09
2351.0 1.4535831656101011e-09
2352.0 1.453022285394955e-09
2353.0 1.452461405179808e-09
2354.0 1.4519005249646613e-09
2355.0 1.4513396447495153e-09
2356.0 1.4507787645343687e-09
2357.0 1.4502178843192216e-09
2358.0 1.4496570041040752e-09
2359.0 1.4490961238889286e-09
2360.0 1.4485352436737822e-09
2361.0 1.4479743634586354e-09
2362.0 1.447413483243489e-09
2363.0 1.4468526030283426e-09
2364.0 1.446291722813196e-09
2365.0 1.4457308425980493e-09
2366.0 1.4451699623829025e-09
2367.0 1.4446090821677563e-09
2368.0 1.4440482019526097e-09
2369.0 1.4434873217374635e-09
2370.0 1.4429264415223165e-09
2371.0 1.44236556130717e-09
2372.0 1.4418046810920233e-09
2373.0 1.4412438008768768e-09
2374.0 1.4406829206617302e-09
2375.0 1.4401220404465836e-09
2376.0 1.4395611602314372e-09
2377.0 1.4390002800162906e-09
2378.0 1.438439399801144e-09
2379.0 1.4378785195859976e-09
2380.0 1.437317639370851e-09
2381.0 1.4367567591557043e-09
2382.0 1.4361958789405573e-09
2383.0 1.4356349987254113e-09
2384.0 1.4350741185102643e-09
2385.0 1.4345132382951177e-09
2386.0 1.4339523580799715e-09
2387.0 1.4333914778648247e-09
2388.0 1.4328305976496785e-09
2389.0 1.4322697174345318e-09
2390.0 1.4317088372193852e-09
2391.0 1.431147957004239e-09
2392.0 1.4305870767890922e-09
2393.0 1.4300261965739456e-09
2394.0 1.4294653163587986e-09
2395.0 1.428904436143652e-09
2396.0 1.4283435559285056e-09
2397.0 1.427782675713359e-09
2398.0 1.4272217954982125e-09
2399.0 1.426660915283066e-09
2400.0 1.4261000350679197e-09
2401.0 1.4255391548527727e-09
2402.0 1.4249782746376263e-09
2403.0 1.4244173944224797e-09
2404.0 1.4238565142073333e-09
2405.0 1.4232956339921866e-09
2406.0 1.42273475377704e-09
2407.0 1.4221738735618932e-09
2408.0 1.4216129933467468e-09
2409.0 1.4210521131316004e-09
2410.0 1.4204912329164538e-09
2411.0 1.4199303527013072e-09
2412.0 1.4193694724861608e-09
2413.0 1.4188085922710141e-09
2414.0 1.4182477120558675e-09
2415.0 1.417686831840721e-09
2416.0 1.4171259516255745e-09
2417.0 1.4165650714104279e-09
2418.0 1.4160041911952809e-09
2419.0 1.4154433109801343e-09
2420.0 1.4148824307649883e-09
2421.0 1.4143215505498414e-09
2422.0 1.413760670334695e-09
2423.0 1.4131997901195484e-09
2424.0 1.412638909904402e-09
2425.0 1.4120780296892554e-09
2426.0 1.4115171494741088e-09
2427.0 1.4109562692589622e-09
2428.0 1.4103953890438158e-09
2429.0 1.4098345088286691e-09
2430.0 1.4092736286135225e-09
2431.0 1.4087127483983755e-09
2432.0 1.408151868183229e-09
2433.0 1.4075909879680825e-09
2434.0 1.4070301077529363e-09
2435.0 1.4064692275377895e-09
2436.0 1.4059083473226433e-09
2437.0 1.4053474671074966e-09
2438.0 1.4047865868923498e-09
2439.0 1.4042257066772032e-09
2440.0 1.403664826462057e-09
2441.0 1.4031039462469104e-09
2442.0 1.4025430660317634e-09
2443.0 1.401982185816617e-09
2444.0 1.4014213056014708e-09
2445.0 1.400860425386324e-09
2446.0 1.4002995451711773e-09
2447.0 1.3997386649560307e-09
2448.0 1.3991777847408845e-09
2449.0 1.3986169045257377e-09
2450.0 1.398056024310591e-09
2451.0 1.3974951440954445e-09
2452.0 1.396934263880298e-09
2453.0 1.3963733836651512e-09
2454.0 1.3958125034500046e-09
2455.0 1.3952516232348582e-09
2456.0 1.3946907430197118e-09
2457.0 1.394129862804565e-09
2458.0 1.3935689825894186e-09
2459.0 1.393008102374272e-09
2460.0 1.3924472221591254e-09
2461.0 1.391886341943979e-09
2462.0 1.3913254617288323e-09
2463.0 1.3907645815136857e-09
2464.0 1.390203701298539e-09
2465.0 1.3896428210833927e-09
2466.0 1.389081940868246e-09
2467.0 1.388521060653099e-09
2468.0 1.3879601804379529e-09
2469.0 1.387399300222806e-09
2470.0 1.3868384200076598e-09
2471.0 1.3862775397925132e-09
2472.0 1.3857166595773666e-09
2473.0 1.3851557793622202e-09
2474.0 1.3845948991470736e-09
2475.0 1.384034018931927e-09
2476.0 1.38347313871678e-09
2477.0 1.382912258501634e-09
2478.0 1.3823513782864873e-09
2479.0 1.3817904980713405e-09
2480.0 1.3812296178561939e-09
2481.0 1.3806687376410473e-09
2482.0 1.380187847115935e-09
2483.0 1.3797468137705398e-09
2484.0 1.3793057804251449e-09
2485.0 1.37886474707975e-09
2486.0 1.3784237137343551e-09
2487.0 1.3779826803889597e-09
2488.0 1.3775416470435648e-09
2489.0 1.3771006136981702e-09
2490.0 1.3766595803527754e-09
2491.0 1.37621854700738e-09
2492.0 1.375777513661985e-09
2493.0 1.3753364803165897e-09
2494.0 1.3748954469711953e-09
2495.0 1.3744544136258004e-09
2496.0 1.374013380280405e-09
2497.0 1.3735723469350102e-09
2498.0 1.373131313589615e-09
2499.0 1.3726902802442205e-09
2500.0 1.3722492468988253e-09
2501.0 1.3718082135534303e-09
2502.0 1.3713671802080353e-09
2503.0 1.3709261468626404e-09
2504.0 1.3704851135172454e-09
2505.0 1.3700440801718504e-09
2506.0 1.3696030468264555e-09
2507.0 1.3691620134810603e-09
2508.0 1.3687209801356653e-09
2509.0 1.3682799467902703e-09
2510.0 1.3678389134448754e-09
2511.0 1.3673978800994804e-09
2512.0 1.3669568467540854e-09
2513.0 1.3665158134086904e-09
2514.0 1.3660747800632955e-09
2515.0 1.3656337467179005e-09
2516.0 1.3651927133725053e-09
2517.0 1.3647516800271105e-09
2518.0 1.3643106466817154e-09
2519.0 1.3638696133363208e-09
2520.0 1.3634285799909256e-09
2521.0 1.3629875466455309e-09
2522.0 1.3625465133001357e-09
2523.0 1.362105479954741e-09
2524.0 1.3616644466093457e-09
2525.0 1.3612234132639508e-09
2526.0 1.3607823799185558e-09
2527.0 1.3603413465731608e-09
2528.0 1.3599003132277658e-09
2529.0 1.3594592798823709e-09
2530.0 1.3590182465369759e-09
2531.0 1.3585772131915807e-09
2532.0 1.358136179846186e-09
2533.0 1.3576951465007908e-09
2534.0 1.3572541131553958e-09
2535.0 1.3568130798100008e-09
2536.0 1.3563720464646058e-09
2537.0 1.3559310131192109e-09
2538.0 1.3554899797738159e-09
2539.0 1.355048946428421e-09
2540.0 1.354607913083026e-09
2541.0 1.354166879737631e-09
2542.0 1.3537258463922362e-09
2543.0 1.353284813046841e-09
2544.0 1.352843779701446e-09
2545.0 1.3524027463560513e-09
2546.0 1.3519617130106561e-09
2547.0 1.3515206796652613e-09
2548.0 1.3510796463198662e-09
2549.0 1.3506386129744714e-09
2550.0 1.3501975796290762e-09
2551.0 1.3497565462836812e-09
2552.0 1.3493155129382863e-09
2553.0 1.3488744795928913e-09
2554.0 1.3484334462474963e-09
2555.0 1.3479924129021013e-09
2556.0 1.3475513795567064e-09
2557.0 1.3471103462113112e-09
2558.0 1.3466693128659162e-09
2559.0 1.3462282795205215e-09
2560.0 1.3457872461751263e-09
2561.0 1.3453462128297315e-09
2562.0 1.3449051794843363e-09
2563.0 1.3444641461389414e-09
2564.0 1.3440231127935464e-09
2565.0 1.3435820794481516e-09
2566.0 1.3431410461027566e-09
2567.0 1.3427000127573615e-09
2568.0 1.3422589794119667e-09
2569.0 1.3418179460665717e-09
2570.0 1.3413769127211767e-09
2571.0 1.3409358793757818e-09
2572.0 1.3404948460303866e-09
2573.0 1.3400538126849918e-09
2574.0 1.3396127793395966e-09
2575.0 1.3391717459942019e-09
2576.0 1.338730712648807e-09
2577.0 1.3382896793034117e-09
2578.0 1.3378486459580168e-09
2579.0 1.3374076126126218e-09
2580.0 1.3369665792672268e-09
2581.0 1.3365255459218318e-09
2582.0 1.3360845125764369e-09
2583.0 1.3356434792310419e-09
2584.0 1.3352024458856467e-09
2585.0 1.3347614125402521e-09
2586.0 1.3343203791948568e-09
2587.0 1.333879345849462e-09
2588.0 1.3334383125040668e-09
2589.0 1.332997279158672e-09
2590.0 1.3325562458132769e-09
2591.0 1.3321152124678819e-09
2592.0 1.3316741791224871e-09
2593.0 1.331233145777092e-09
2594.0 1.3307921124316972e-09
2595.0 1.3303510790863022e-09
2596.0 1.3299100457409072e-09
2597.0 1.3294690123955123e-09
2598.0 1.3290279790501169e-09
2599.0 1.3285869457047223e-09
2600.0 1.3281459123593273e-09
2601.0 1.3277048790139322e-09
2602.0 1.3272638456685374e-09
2603.0 1.3268228123231422e-09
2604.0 1.3263817789777472e-09
2605.0 1.3259407456323523e-09
2606.0 1.3254997122869573e-09
2607.0 1.3250586789415623e-09
2608.0 1.3246176455961673e-09
2609.0 1.3241766122507724e-09
2610.0 1.3237355789053772e-09
2611.0 1.3232945455599824e-09
2612.0 1.3228535122145877e-09
2613.0 1.3224124788691925e-09
2614.0 1.3219714455237973e-09
2615.0 1.3215304121784027e-09
2616.0 1.3210893788330074e-09
2617.0 1.3206483454876128e-09
2618.0 1.3202073121422174e-09
2619.0 1.3197662787968224e-09
2620.0 1.3193252454514277e-09
2621.0 1.3188842121060327e-09
2622.0 1.3184431787606377e-09
2623.0 1.3180021454152427e-09
2624.0 1.3175611120698478e-09
2625.0 1.3171200787244528e-09
2626.0 1.3166790453790578e-09
2627.0 1.3162380120336626e-09
2628.0 1.3157969786882679e-09
2629.0 1.3153559453428727e-09
2630.0 1.3149149119974777e-09
2631.0 1.3144738786520828e-09
2632.0 1.3140328453066882e-09
2633.0 1.3135918119612928e-09
2634.0 1.3131507786158978e-09
2635.0 1.312709745270503e-09
2636.0 1.3122687119251079e-09
2637.0 1.311827678579713e-09
2638.0 1.3113866452343181e-09
2639.0 1.310945611888923e-09
2640.0 1.310504578543528e-09
2641.0 1.3100635451981332e-09
2642.0 1.309622511852738e-09
2643.0 1.3091814785073433e-09
2644.0 1.308740445161948e-09
2645.0 1.3082994118165531e-09
2646.0 1.3078583784711581e-09
2647.0 1.3074173451257632e-09
2648.0 1.3069763117803682e-09
2649.0 1.3065352784349732e-09
2650.0 1.3060942450895783e-09
2651.0 1.305653211744183e-09
2652.0 1.3052121783987883e-09
2653.0 1.3047711450533931e-09
2654.0 1.3043301117079982e-09
2655.0 1.3038890783626036e-09
2656.0 1.3034480450172082e-09
2657.0 1.3030070116718134e-09
2658.0 1.302565978326418e-09
2659.0 1.3021249449810235e-09
2660.0 1.3016839116356283e-09
2661.0 1.3012428782902333e-09
2662.0 1.3008018449448386e-09
2663.0 1.3003608115994434e-09
2664.0 1.2999197782540486e-09
2665.0 1.2994787449086537e-09
2666.0 1.2990377115632585e-09
2667.0 1.2985966782178637e-09
2668.0 1.2981556448724685e-09
2669.0 1.2977146115270738e-09
2670.0 1.2972735781816786e-09
2671.0 1.2968325448362836e-09
2672.0 1.2963915114908888e-09
2673.0 1.2959904034549232e-09
2674.0 1.295622749616199e-09
2675.0 1.295255095777475e-09
2676.0 1.2948874419387507e-09
2677.0 1.2945197881000266e-09
2678.0 1.2941521342613025e-09
2679.0 1.2937844804225784e-09
2680.0 1.293416826583854e-09
2681.0 1.2930491727451298e-09
2682.0 1.2926815189064057e-09
2683.0 1.2923138650676818e-09
2684.0 1.2919462112289573e-09
2685.0 1.2915785573902334e-09
2686.0 1.291210903551509e-09
2687.0 1.290843249712785e-09
2688.0 1.2904755958740609e-09
2689.0 1.2901079420353366e-09
2690.0 1.2897402881966125e-09
2691.0 1.2893726343578883e-09
2692.0 1.289004980519164e-09
2693.0 1.2886373266804401e-09
2694.0 1.288269672841716e-09
2695.0 1.2879020190029913e-09
2696.0 1.2875343651642674e-09
2697.0 1.2871667113255433e-09
2698.0 1.286799057486819e-09
2699.0 1.286431403648095e-09
2700.0 1.2860637498093708e-09
2701.0 1.2856960959706467e-09
2702.0 1.2853284421319226e-09
2703.0 1.2849607882931985e-09
2704.0 1.2845931344544742e-09
2705.0 1.28422548061575e-09
2706.0 1.283857826777026e-09
2707.0 1.2834901729383017e-09
2708.0 1.2831225190995778e-09
2709.0 1.2827548652608535e-09
2710.0 1.282387211422129e-09
2711.0 1.282019557583405e-09
2712.0 1.281651903744681e-09
2713.0 1.2812842499059567e-09
2714.0 1.2809165960672326e-09
2715.0 1.2805489422285084e-09
2716.0 1.2801812883897843e-09
2717.0 1.27981363455106e-09
2718.0 1.2794459807123361e-09
2719.0 1.2790783268736118e-09
2720.0 1.2787106730348877e-09
2721.0 1.2783430191961638e-09
2722.0 1.2779753653574391e-09
2723.0 1.277607711518715e-09
2724.0 1.2772400576799911e-09
2725.0 1.2768724038412668e-09
2726.0 1.2765047500025427e-09
2727.0 1.2761370961638186e-09
2728.0 1.275769442325094e-09
2729.0 1.2754017884863702e-09
2730.0 1.275034134647646e-09
2731.0 1.2746664808089218e-09
2732.0 1.2742988269701977e-09
2733.0 1.2739311731314734e-09
2734.0 1.2735635192927495e-09
2735.0 1.2731958654540254e-09
2736.0 1.272828211615301e-09
2737.0 1.2724605577765768e-09
2738.0 1.2720929039378526e-09
2739.0 1.2717252500991288e-09
2740.0 1.2713575962604044e-09
2741.0 1.2709899424216803e-09
2742.0 1.2706222885829562e-09
2743.0 1.2702546347442317e-09
2744.0 1.2698869809055078e-09
2745.0 1.2695193270667837e-09
2746.0 1.2691516732280594e-09
2747.0 1.2687840193893351e-09
2748.0 1.268416365550611e-09
2749.0 1.2680487117118871e-09
2750.0 1.2676810578731628e-09
2751.0 1.2673134040344387e-09
2752.0 1.2669457501957144e-09
2753.0 1.2665780963569903e-09
2754.0 1.2662104425182664e-09
2755.0 1.265842788679542e-09
2756.0 1.2654751348408178e-09
2757.0 1.2651074810020939e-09
2758.0 1.2647398271633694e-09
2759.0 1.2643721733246455e-09
2760.0 1.2640045194859214e-09
2761.0 1.2636368656471968e-09
2762.0 1.2632692118084727e-09
2763.0 1.2629015579697486e-09
2764.0 1.2625339041310245e-09
2765.0 1.2621662502923004e-09
2766.0 1.2617985964535763e-09
2767.0 1.2614309426148522e-09
2768.0 1.2610632887761281e-09
2769.0 1.2606956349374038e-09
2770.0 1.2603279810986795e-09
2771.0 1.2599603272599554e-09
2772.0 1.2595926734212311e-09
2773.0 1.259225019582507e-09
2774.0 1.2588573657437831e-09
2775.0 1.2584897119050588e-09
2776.0 1.2581220580663345e-09
2777.0 1.2577544042276104e-09
2778.0 1.2573867503888863e-09
2779.0 1.2570190965501622e-09
2780.0 1.256651442711438e-09
2781.0 1.2562837888727138e-09
2782.0 1.2559161350339899e-09
2783.0 1.2555484811952656e-09
2784.0 1.2551808273565415e-09
2785.0 1.2548131735178172e-09
2786.0 1.254445519679093e-09
2787.0 1.2540778658403687e-09
2788.0 1.2537102120016446e-09
2789.0 1.2533425581629205e-09
2790.0 1.2529749043241964e-09
2791.0 1.2526072504854723e-09
2792.0 1.2522395966467482e-09
2793.0 1.2518719428080241e-09
2794.0 1.2515042889692996e-09
2795.0 1.2511366351305755e-09
2796.0 1.2507689812918514e-09
2797.0 1.250401327453127e-09
2798.0 1.2500336736144032e-09
2799.0 1.249666019775679e-09
2800.0 1.2492983659369548e-09
2801.0 1.2489307120982307e-09
2802.0 1.2485630582595064e-09
2803.0 1.2481954044207823e-09
2804.0 1.2478277505820582e-09
2805.0 1.2474600967433339e-09
2806.0 1.24709244290461e-09
2807.0 1.2467247890658859e-09
2808.0 1.2463571352271616e-09
2809.0 1.2459894813884373e-09
2810.0 1.2456218275497132e-09
2811.0 1.245254173710989e-09
2812.0 1.2448865198722647e-09
2813.0 1.2445188660335408e-09
2814.0 1.2441512121948165e-09
2815.0 1.2437835583560924e-09
2816.0 1.2434159045173683e-09
2817.0 1.2430482506786442e-09
2818.0 1.24268059683992e-09
2819.0 1.2423129430011956e-09
2820.0 1.2419452891624715e-09
2821.0 1.2415776353237476e-09
2822.0 1.241209981485023e-09
2823.0 1.2408423276462992e-09
2824.0 1.2404746738075749e-09
2825.0 1.2401070199688508e-09
2826.0 1.2397393661301267e-09
2827.0 1.2393717122914024e-09
2828.0 1.2390040584526783e-09
2829.0 1.2386364046139542e-09
2830.0 1.2382687507752299e-09
2831.0 1.237901096936506e-09
2832.0 1.2375334430977819e-09
2833.0 1.2371657892590576e-09
2834.0 1.2367981354203332e-09
2835.0 1.2364304815816091e-09
2836.0 1.2360628277428848e-09
2837.0 1.2356951739041607e-09
2838.0 1.2353275200654366e-09
2839.0 1.2349598662267125e-09
2840.0 1.2345922123879884e-09
2841.0 1.2342245585492643e-09
2842.0 1.23385690471054e-09
2843.0 1.233489250871816e-09
2844.0 1.2331215970330918e-09
2845.0 1.2327539431943675e-09
2846.0 1.2323862893556436e-09
2847.0 1.232018635516919e-09
2848.0 1.2316509816781952e-09
2849.0 1.2312833278394709e-09
2850.0 1.2309156740007468e-09
2851.0 1.2305480201620225e-09
2852.0 1.2301803663232984e-09
2853.0 1.2298127124845743e-09
2854.0 1.2294450586458502e-09
2855.0 1.2290774048071259e-09
2856.0 1.228709750968402e-09
2857.0 1.2283420971296777e-09
2858.0 1.2279744432909536e-09
2859.0 1.2276067894522295e-09
2860.0 1.2272391356135051e-09
2861.0 1.2268714817747808e-09
2862.0 1.226503827936057e-09
2863.0 1.2261361740973326e-09
2864.0 1.2257685202586085e-09
2865.0 1.2254008664198844e-09
2866.0 1.22503321258116e-09
2867.0 1.224665558742436e-09
2868.0 1.224297904903712e-09
2869.0 1.2239302510649876e-09
2870.0 1.2235625972262635e-09
2871.0 1.2231949433875396e-09
2872.0 1.2228272895488153e-09
2873.0 1.2224596357100912e-09
2874.0 1.2220919818713669e-09
2875.0 1.2217243280326426e-09
2876.0 1.2213566741939185e-09
2877.0 1.2209890203551946e-09
2878.0 1.2206213665164703e-09
2879.0 1.2202650243394399e-09
2880.0 1.2199135397290386e-09
2881.0 1.2195620551186372e-09
2882.0 1.219210570508236e-09
2883.0 1.2188590858978347e-09
2884.0 1.2185076012874334e-09
2885.0 1.2181561166770322e-09
2886.0 1.217804632066631e-09
2887.0 1.2174531474562297e-09
2888.0 1.2171016628458285e-09
2889.0 1.2167501782354274e-09
2890.0 1.2163986936250262e-09
2891.0 1.216047209014625e-09
2892.0 1.2156957244042237e-09
2893.0 1.215344239793822e-09
2894.0 1.2149927551834208e-09
2895.0 1.2146412705730196e-09
2896.0 1.2142897859626183e-09
2897.0 1.2139383013522173e-09
2898.0 1.213586816741816e-09
2899.0 1.2132353321314148e-09
2900.0 1.2128838475210136e-09
2901.0 1.2125323629106123e-09
2902.0 1.212180878300211e-09
2903.0 1.2118293936898098e-09
2904.0 1.2114779090794086e-09
2905.0 1.2111264244690074e-09
2906.0 1.2107749398586061e-09
2907.0 1.2104234552482047e-09
2908.0 1.2100719706378034e-09
2909.0 1.2097204860274022e-09
2910.0 1.209369001417001e-09
2911.0 1.2090175168065997e-09
2912.0 1.2086660321961987e-09
2913.0 1.2083145475857974e-09
2914.0 1.2079630629753962e-09
2915.0 1.207611578364995e-09
2916.0 1.2072600937545935e-09
2917.0 1.2069086091441923e-09
2918.0 1.206557124533791e-09
2919.0 1.2062056399233898e-09
2920.0 1.2058541553129885e-09
2921.0 1.2055026707025873e-09
2922.0 1.205151186092186e-09
2923.0 1.2047997014817848e-09
2924.0 1.2044482168713836e-09
2925.0 1.2040967322609825e-09
2926.0 1.2037452476505813e-09
2927.0 1.20339376304018e-09
2928.0 1.2030422784297788e-09
2929.0 1.2026907938193776e-09
2930.0 1.2023393092089761e-09
2931.0 1.2019878245985749e-09
2932.0 1.2016363399881734e-09
2933.0 1.2012848553777724e-09
2934.0 1.2009333707673711e-09
2935.0 1.20058188615697e-09
2936.0 1.2002304015465689e-09
2937.0 1.1998789169361676e-09
2938.0 1.1995274323257664e-09
2939.0 1.199175947715365e-09
2940.0 1.1988244631049635e-09
2941.0 1.1984729784945622e-09
2942.0 1.198121493884161e-09
2943.0 1.1977700092737602e-09
2944.0 1.197418524663359e-09
2945.0 1.1970670400529575e-09
2946.0 1.1967155554425562e-09
2947.0 1.196364070832155e-09
2948.0 1.1960125862217538e-09
2949.0 1.1956611016113525e-09
2950.0 1.1953096170009513e-09
2951.0 1.19495813239055e-09
2952.0 1.1946066477801488e-09
2953.0 1.1942551631697475e-09
2954.0 1.1939036785593463e-09
2955.0 1.1935521939489449e-09
2956.0 1.1932007093385436e-09
2957.0 1.1928492247281426e-09
2958.0 1.1924977401177413e-09
2959.0 1.19214625550734e-09
2960.0 1.1917947708969388e-09
2961.0 1.1914432862865376e-09
2962.0 1.1910918016761364e-09
2963.0 1.190740317065735e-09
2964.0 1.1903888324553337e-09
2965.0 1.1900373478449324e-09
2966.0 1.1896858632345312e-09
2967.0 1.18933437862413e-09
2968.0 1.1889828940137287e-09
2969.0 1.1886314094033277e-09
2970.0 1.1882799247929264e-09
2971.0 1.1879284401825252e-09
2972.0 1.187576955572124e-09
2973.0 1.1872254709617227e-09
2974.0 1.1868739863513215e-09
2975.0 1.1865225017409202e-09
2976.0 1.186171017130519e-09
2977.0 1.1858195325201177e-09
2978.0 1.185468047909716e-09
2979.0 1.185116563299315e-09
2980.0 1.1847650786889138e-09
2981.0 1.1844135940785126e-09
2982.0 1.1840621094681113e-09
2983.0 1.18371062485771e-09
2984.0 1.183359140247309e-09
2985.0 1.1830076556369076e-09
2986.0 1.1826561710265064e-09
2987.0 1.1823046864161051e-09
2988.0 1.181953201805704e-09
2989.0 1.1816017171953028e-09
2990.0 1.1812502325849016e-09
2991.0 1.1808987479745004e-09
2992.0 1.1805472633640991e-09
2993.0 1.1801957787536977e-09
2994.0 1.1798442941432964e-09
2995.0 1.1794928095328952e-09
2996.0 1.179141324922494e-09
2997.0 1.1787898403120927e-09
2998.0 1.1784383557016915e-09
2999.0 1.1780868710912902e-09
3000.0 1.177735386480889e-09
3001.0 1.1773839018704877e-09
3002.0 1.1770324172600865e-09
3003.0 1.1766809326496852e-09
3004.0 1.176329448039284e-09
3005.0 1.1759779634288828e-09
3006.0 1.1756264788184817e-09
3007.0 1.1752749942080805e-09
3008.0 1.174923509597679e-09
3009.0 1.1745720249872778e-09
3010.0 1.1742205403768765e-09
3011.0 1.173869055766475e-09
3012.0 1.1735175711560739e-09
3013.0 1.1731660865456726e-09
3014.0 1.1728146019352714e-09
3015.0 1.1724631173248705e-09
3016.0 1.172111632714469e-09
3017.0 1.1717601481040679e-09
3018.0 1.1714086634936666e-09
3019.0 1.1710571788832654e-09
3020.0 1.1707056942728641e-09
3021.0 1.1703542096624629e-09
3022.0 1.1700027250520616e-09
3023.0 1.1696512404416604e-09
3024.0 1.1692997558312592e-09
3025.0 1.168948271220858e-09
3026.0 1.1685967866104567e-09
3027.0 1.1682453020000552e-09
3028.0 1.167893817389654e-09
3029.0 1.1675423327792527e-09
3030.0 1.1671908481688515e-09
3031.0 1.1668393635584503e-09
3032.0 1.166487878948049e-09
3033.0 1.1661363943376478e-09
3034.0 1.1657849097272467e-09
3035.0 1.1654334251168455e-09
3036.0 1.1650819405064443e-09
3037.0 1.164730455896043e-09
3038.0 1.1643789712856418e-09
3039.0 1.1640274866752405e-09
3040.0 1.1636760020648393e-09
3041.0 1.163324517454438e-09
3042.0 1.1629730328440366e-09
3043.0 1.1626215482336354e-09
3044.0 1.1622700636232341e-09
3045.0 1.161918579012833e-09
3046.0 1.1615670944024318e-09
3047.0 1.1612156097920306e-09
3048.0 1.1608641251816294e-09
3049.0 1.160512640571228e-09
3050.0 1.1601611559608267e-09
3051.0 1.1598096713504256e-09
3052.0 1.1594581867400244e-09
3053.0 1.1591067021296231e-09
3054.0 1.1587552175192217e-09
3055.0 1.1584037329088205e-09
3056.0 1.1580522482984192e-09
3057.0 1.157700763688018e-09
3058.0 1.1573492790776167e-09
3059.0 1.1569977944672155e-09
3060.0 1.1566463098568145e-09
3061.0 1.1562948252464132e-09
3062.0 1.155943340636012e-09
3063.0 1.1555918560256107e-09
3064.0 1.1552403714152095e-09
3065.0 1.154888886804808e-09
3066.0 1.1545374021944068e-09
3067.0 1.1541859175840056e-09
3068.0 1.1538344329736043e-09
3069.0 1.153482948363203e-09
3070.0 1.1531314637528018e-09
3071.0 1.1527799791424006e-09
3072.0 1.1524284945319993e-09
3073.0 1.152077009921598e-09
3074.0 1.1517255253111969e-09
3075.0 1.1513740407007954e-09
3076.0 1.1510225560903942e-09
3077.0 1.150671071479993e-09
3078.0 1.1503195868695917e-09
3079.0 1.1499681022591904e-09
3080.0 1.1496166176487894e-09
3081.0 1.1492651330383882e-09
3082.0 1.148913648427987e-09
3083.0 1.1485621638175857e-09
3084.0 1.1482106792071844e-09
3085.0 1.1478591945967832e-09
3086.0 1.147507709986382e-09
3087.0 1.1471562253759807e-09
3088.0 1.1468047407655795e-09
3089.0 1.1464532561551782e-09
3090.0 1.146101771544777e-09
3091.0 1.1457502869343757e-09
3092.0 1.1453988023239745e-09
3093.0 1.1450473177135733e-09
3094.0 1.144695833103172e-09
3095.0 1.1443443484927708e-09
3096.0 1.1439928638823695e-09
3097.0 1.1436413792719683e-09
3098.0 1.143289894661567e-09
3099.0 1.142938410051166e-09
3100.0 1.1425869254407644e-09
