2.0 3.412478770743986e-06
3.0 4.297801805370112e-06
4.0 4.985593263472511e-06
5.0 5.508630130479289e-06
6.0 5.897590570162564e-06
7.0 6.173947989320512e-06
8.0 6.348585559593328e-06
9.0 6.446229296237892e-06
10.0 6.476922871462086e-06
11.0 6.456983974049464e-06
12.0 6.393754118149411e-06
13.0 6.29950461730154e-06
14.0 6.182685197893969e-06
15.0 6.049784088849977e-06
16.0 5.90764052203696e-06
17.0 5.75688528425417e-06
18.0 5.603396426076944e-06
19.0 5.450108240745606e-06
20.0 5.297957931733989e-06
21.0 5.148814088659918e-06
22.0 5.002615608950915e-06
23.0 4.859253667840838e-06
24.0 4.7228763610840335e-06
25.0 4.5882789298448255e-06
26.0 4.461324010645013e-06
27.0 4.335761114397666e-06
28.0 4.2180133010891925e-06
29.0 4.101018547599541e-06
30.0 3.992324701404299e-06
31.0 3.883630855209055e-06
32.0 3.7826347584130998e-06
33.0 3.6829349627483078e-06
34.0 3.5873116291253377e-06
35.0 3.4965316652221122e-06
36.0 3.4057517013188885e-06
37.0 3.321961720552241e-06
38.0 3.239185126740158e-06
39.0 3.1571354223372828e-06
40.0 3.0823689805071915e-06
41.0 3.0076025386771007e-06
42.0 2.9335515813088805e-06
43.0 2.8664144388958863e-06
44.0 2.799277296482892e-06
45.0 2.7321401540698987e-06
46.0 2.670891877631643e-06
47.0 2.610554994908391e-06
48.0 2.550218112185139e-06
49.0 2.492444489737054e-06
50.0 2.4386876250788286e-06
51.0 2.384930760420604e-06
52.0 2.3311738957623797e-06
53.0 2.2813428675014734e-06
54.0 2.233669195187507e-06
55.0 2.185995522873539e-06
56.0 2.1383218505595726e-06
57.0 2.094129727244477e-06
58.0 2.0521377204078725e-06
59.0 2.0101457135712684e-06
60.0 1.968153706734664e-06
61.0 1.927534808761796e-06
62.0 1.890636460554902e-06
63.0 1.8537381123480085e-06
64.0 1.816839764141114e-06
65.0 1.77994141593422e-06
66.0 1.745843359752522e-06
67.0 1.71367649026604e-06
68.0 1.681509620779559e-06
69.0 1.6493427512930774e-06
70.0 1.6171758818065962e-06
71.0 1.5873807351120664e-06
72.0 1.559496392235047e-06
73.0 1.5316120493580273e-06
74.0 1.5037277064810086e-06
75.0 1.475843363603989e-06
76.0 1.4484437912096175e-06
77.0 1.4243546227266994e-06
78.0 1.4002654542437818e-06
79.0 1.3761762857608638e-06
80.0 1.352087117277946e-06
81.0 1.327997948795028e-06
82.0 1.3048882719909584e-06
83.0 1.2842515205638601e-06
84.0 1.263614769136762e-06
85.0 1.2429780177096637e-06
86.0 1.2223412662825652e-06
87.0 1.201704514855467e-06
88.0 1.1810677634283688e-06
89.0 1.1633365527114083e-06
90.0 1.145636002841047e-06
91.0 1.1279354529706855e-06
92.0 1.1102349031003237e-06
93.0 1.0925343532299622e-06
94.0 1.0748338033596004e-06
95.0 1.0577202414244602e-06
96.0 1.0428069152243108e-06
97.0 1.0278935890241613e-06
98.0 1.0129802628240117e-06
99.0 9.98066936623862e-07
100.0 9.831536104237126e-07
101.0 9.68240284223563e-07
102.0 9.533269580234134e-07
103.0 9.404431768275237e-07
104.0 9.27761356572667e-07
105.0 9.150795363178104e-07
106.0 9.023977160629535e-07
107.0 8.897158958080968e-07
108.0 8.770340755532399e-07
109.0 8.643522552983831e-07
110.0 8.51759853643797e-07
111.0 8.410207272382968e-07
112.0 8.302816008327967e-07
113.0 8.195424744272967e-07
114.0 8.088033480217966e-07
115.0 7.980642216162966e-07
116.0 7.873250952107966e-07
117.0 7.765859688052961e-07
118.0 7.65846842399796e-07
119.0 7.561874324097909e-07
120.0 7.473199504375109e-07
121.0 7.384524684652308e-07
122.0 7.295849864929506e-07
123.0 7.207175045206705e-07
124.0 7.118500225483903e-07
125.0 7.029825405761103e-07
126.0 6.9411505860383e-07
127.0 6.852475766315499e-07
128.0 6.770148213461053e-07
129.0 6.695411099058955e-07
130.0 6.620673984656857e-07
131.0 6.545936870254757e-07
132.0 6.471199755852659e-07
133.0 6.396462641450562e-07
134.0 6.321725527048462e-07
135.0 6.246988412646362e-07
136.0 6.172251298244265e-07
137.0 6.097514183842167e-07
138.0 6.030689080706793e-07
139.0 5.968483922169377e-07
140.0 5.906278763631957e-07
141.0 5.844073605094539e-07
142.0 5.781868446557121e-07
143.0 5.719663288019704e-07
144.0 5.657458129482286e-07
145.0 5.595252970944867e-07
146.0 5.533047812407449e-07
147.0 5.470842653870032e-07
148.0 5.409189702394823e-07
149.0 5.35789805968254e-07
150.0 5.306606416970256e-07
151.0 5.255314774257974e-07
152.0 5.20402313154569e-07
153.0 5.152731488833407e-07
154.0 5.101439846121124e-07
155.0 5.05014820340884e-07
156.0 4.998856560696557e-07
157.0 4.947564917984273e-07
158.0 4.89627327527199e-07
159.0 4.844981632559708e-07
160.0 4.799466494157175e-07
161.0 4.7569956464111104e-07
162.0 4.7145247986650454e-07
163.0 4.672053950918981e-07
164.0 4.629583103172916e-07
165.0 4.5871122554268507e-07
166.0 4.544641407680786e-07
167.0 4.5021705599347216e-07
168.0 4.459699712188656e-07
169.0 4.417228864442592e-07
170.0 4.374758016696527e-07
171.0 4.332287168950462e-07
172.0 4.2927457276376087e-07
173.0 4.25795557367268e-07
174.0 4.2231654197077523e-07
175.0 4.188375265742825e-07
176.0 4.153585111777897e-07
177.0 4.1187949578129687e-07
178.0 4.084004803848042e-07
179.0 4.0492146498831134e-07
180.0 4.0144244959181865e-07
181.0 3.9796343419532586e-07
182.0 3.94484418798833e-07
183.0 3.9100540340234023e-07
184.0 3.8752638800584755e-07
185.0 3.8414625296160825e-07
186.0 3.8127548514420986e-07
187.0 3.784047173268115e-07
188.0 3.7553394950941303e-07
189.0 3.7266318169201464e-07
190.0 3.6979241387461615e-07
191.0 3.669216460572178e-07
192.0 3.6405087823981926e-07
193.0 3.611801104224208e-07
194.0 3.5830934260502243e-07
195.0 3.5543857478762404e-07
196.0 3.525678069702256e-07
197.0 3.496970391528272e-07
198.0 3.4682627133542877e-07
199.0 3.4395550351803027e-07
200.0 3.4157133958865316e-07
201.0 3.3922631197376714e-07
202.0 3.3688128435888107e-07
203.0 3.3453625674399494e-07
204.0 3.321912291291088e-07
205.0 3.2984620151422273e-07
206.0 3.2750117389933666e-07
207.0 3.251561462844506e-07
208.0 3.228111186695645e-07
209.0 3.204660910546784e-07
210.0 3.181210634397923e-07
211.0 3.157760358249062e-07
212.0 3.134310082100201e-07
213.0 3.11085980595134e-07
214.0 3.087409529802479e-07
215.0 3.0665624477628717e-07
216.0 3.047509791154704e-07
217.0 3.028457134546538e-07
218.0 3.0094044779383713e-07
219.0 2.990351821330204e-07
220.0 2.971299164722038e-07
221.0 2.9522465081138705e-07
222.0 2.933193851505704e-07
223.0 2.9141411948975376e-07
224.0 2.8950885382893707e-07
225.0 2.8760358816812037e-07
226.0 2.856983225073037e-07
227.0 2.837930568464871e-07
228.0 2.8188779118567044e-07
229.0 2.799825255248538e-07
230.0 2.7807725986403705e-07
231.0 2.761980663820033e-07
232.0 2.746301380954942e-07
233.0 2.730622098089851e-07
234.0 2.7149428152247594e-07
235.0 2.6992635323596685e-07
236.0 2.6835842494945776e-07
237.0 2.667904966629486e-07
238.0 2.6522256837643953e-07
239.0 2.6365464008993045e-07
240.0 2.620867118034213e-07
241.0 2.6051878351691216e-07
242.0 2.589508552304031e-07
243.0 2.57382926943894e-07
244.0 2.558149986573849e-07
245.0 2.5424707037087576e-07
246.0 2.5267914208436667e-07
247.0 2.511112137978576e-07
248.0 2.4954328551134844e-07
249.0 2.4806224903283896e-07
250.0 2.467933419647625e-07
251.0 2.455244348966859e-07
252.0 2.4425552782860947e-07
253.0 2.42986620760533e-07
254.0 2.4171771369245646e-07
255.0 2.4044880662437993e-07
256.0 2.3917989955630345e-07
257.0 2.379109924882269e-07
258.0 2.3664208542015036e-07
259.0 2.3537317835207389e-07
260.0 2.3410427128399736e-07
261.0 2.328353642159209e-07
262.0 2.3156645714784437e-07
263.0 2.3029755007976787e-07
264.0 2.2902864301169134e-07
265.0 2.2775973594361486e-07
266.0 2.264908288755383e-07
267.0 2.2522192180746185e-07
268.0 2.2398557489685513e-07
269.0 2.2295988016901576e-07
270.0 2.2193418544117633e-07
271.0 2.2090849071333696e-07
272.0 2.1988279598549756e-07
273.0 2.1885710125765817e-07
274.0 2.1783140652981877e-07
275.0 2.1680571180197937e-07
276.0 2.1578001707413997e-07
277.0 2.147543223463006e-07
278.0 2.1372862761846118e-07
279.0 2.127029328906218e-07
280.0 2.1167723816278243e-07
281.0 2.10651543434943e-07
282.0 2.0962584870710364e-07
283.0 2.0860015397926424e-07
284.0 2.0757445925142484e-07
285.0 2.0654876452358545e-07
286.0 2.0552306979574607e-07
287.0 2.0449737506790665e-07
288.0 2.0347168034006728e-07
289.0 2.0253946512155985e-07
290.0 2.0170012274410815e-07
291.0 2.0086078036665646e-07
292.0 2.000214379892047e-07
293.0 1.9918209561175305e-07
294.0 1.9834275323430135e-07
295.0 1.9750341085684966e-07
296.0 1.9666406847939797e-07
297.0 1.9582472610194627e-07
298.0 1.9498538372449455e-07
299.0 1.9414604134704283e-07
300.0 1.9330669896959116e-07
301.0 1.9246735659213947e-07
302.0 1.9162801421468778e-07
303.0 1.9078867183723608e-07
304.0 1.8994932945978436e-07
305.0 1.8910998708233267e-07
306.0 1.8827064470488095e-07
307.0 1.8743130232742928e-07
308.0 1.865919599499776e-07
309.0 1.8575261757252584e-07
310.0 1.8491327519507418e-07
311.0 1.8411827267893176e-07
312.0 1.8343717843319138e-07
313.0 1.8275608418745094e-07
314.0 1.8207498994171054e-07
315.0 1.8139389569597008e-07
316.0 1.8071280145022967e-07
317.0 1.8003170720448927e-07
318.0 1.7935061295874886e-07
319.0 1.7866951871300832e-07
320.0 1.779884244672679e-07
321.0 1.773073302215275e-07
322.0 1.7662623597578708e-07
323.0 1.7594514173004667e-07
324.0 1.752640474843062e-07
325.0 1.745829532385658e-07
326.0 1.7390185899282538e-07
327.0 1.7322076474708494e-07
328.0 1.7253967050134448e-07
329.0 1.718585762556041e-07
330.0 1.7117748200986365e-07
331.0 1.7049638776412324e-07
332.0 1.698152935183828e-07
333.0 1.691341992726424e-07
334.0 1.6845310502690194e-07
335.0 1.6781659690407703e-07
336.0 1.6726393302755361e-07
337.0 1.6671126915103025e-07
338.0 1.6615860527450686e-07
339.0 1.656059413979835e-07
340.0 1.6505327752146013e-07
341.0 1.6450061364493673e-07
342.0 1.6394794976841337e-07
343.0 1.6339528589188998e-07
344.0 1.6284262201536664e-07
345.0 1.622899581388432e-07
346.0 1.6173729426231983e-07
347.0 1.6118463038579646e-07
348.0 1.6063196650927307e-07
349.0 1.600793026327497e-07
350.0 1.595266387562263e-07
351.0 1.5897397487970294e-07
352.0 1.5842131100317955e-07
353.0 1.5786864712665616e-07
354.0 1.5731598325013282e-07
355.0 1.567633193736094e-07
356.0 1.5621065549708604e-07
357.0 1.5565799162056267e-07
358.0 1.5510532774403928e-07
359.0 1.5455266386751594e-07
360.0 1.5399999999099252e-07
361.0 1.5350607923801824e-07
362.0 1.5305634660051568e-07
363.0 1.526066139630131e-07
364.0 1.5215688132551058e-07
365.0 1.5170714868800807e-07
366.0 1.5125741605050547e-07
367.0 1.5080768341300294e-07
368.0 1.5035795077550044e-07
369.0 1.4990821813799783e-07
370.0 1.494584855004953e-07
371.0 1.4900875286299275e-07
372.0 1.485590202254902e-07
373.0 1.4810928758798767e-07
374.0 1.4765955495048511e-07
375.0 1.4720982231298256e-07
376.0 1.4676008967548003e-07
377.0 1.4631035703797748e-07
378.0 1.4586062440047493e-07
379.0 1.454108917629724e-07
380.0 1.4496115912546984e-07
381.0 1.445114264879673e-07
382.0 1.4406169385046476e-07
383.0 1.436119612129622e-07
384.0 1.4316222857545965e-07
385.0 1.4271249593795713e-07
386.0 1.4226276330045457e-07
387.0 1.4181303066295202e-07
388.0 1.413632980254495e-07
389.0 1.4097936082909794e-07
390.0 1.4061097512735347e-07
391.0 1.40242589425609e-07
392.0 1.398742037238645e-07
393.0 1.3950581802212e-07
394.0 1.391374323203755e-07
395.0 1.3876904661863107e-07
396.0 1.3840066091688657e-07
397.0 1.3803227521514207e-07
398.0 1.3766388951339758e-07
399.0 1.3729550381165308e-07
400.0 1.3692711810990858e-07
401.0 1.3655873240816414e-07
402.0 1.3619034670641964e-07
403.0 1.3582196100467515e-07
404.0 1.3545357530293065e-07
405.0 1.3508518960118618e-07
406.0 1.3471680389944168e-07
407.0 1.3434841819769719e-07
408.0 1.3398003249595272e-07
409.0 1.336116467942082e-07
410.0 1.3324326109246375e-07
411.0 1.3287487539071925e-07
412.0 1.3250648968897476e-07
413.0 1.3213810398723026e-07
414.0 1.3176971828548576e-07
415.0 1.3140133258374132e-07
416.0 1.310329468819968e-07
417.0 1.3066456118025232e-07
418.0 1.3029617547850783e-07
419.0 1.2998769985436447e-07
420.0 1.296852505885611e-07
421.0 1.2938280132275768e-07
422.0 1.290803520569543e-07
423.0 1.287779027911509e-07
424.0 1.284754535253475e-07
425.0 1.281730042595441e-07
426.0 1.278705549937407e-07
427.0 1.275681057279373e-07
428.0 1.2726565646213392e-07
429.0 1.2696320719633052e-07
430.0 1.266607579305271e-07
431.0 1.2635830866472372e-07
432.0 1.260558593989203e-07
433.0 1.2575341013311692e-07
434.0 1.254509608673135e-07
435.0 1.251485116015101e-07
436.0 1.248460623357067e-07
437.0 1.245436130699033e-07
438.0 1.242411638040999e-07
439.0 1.2393871453829654e-07
440.0 1.236362652724931e-07
441.0 1.2333381600668974e-07
442.0 1.2303136674088631e-07
443.0 1.2272891747508292e-07
444.0 1.2242646820927952e-07
445.0 1.2212401894347612e-07
446.0 1.2182156967767272e-07
447.0 1.2151912041186932e-07
448.0 1.2121667114606593e-07
449.0 1.2091422188026253e-07
450.0 1.2061177261445913e-07
451.0 1.2034847168011153e-07
452.0 1.2010152573918696e-07
453.0 1.198545797982624e-07
454.0 1.1960763385733778e-07
455.0 1.193606879164132e-07
456.0 1.1911374197548862e-07
457.0 1.1886679603456404e-07
458.0 1.1861985009363946e-07
459.0 1.1837290415271486e-07
460.0 1.1812595821179028e-07
461.0 1.1787901227086569e-07
462.0 1.1763206632994111e-07
463.0 1.1738512038901649e-07
464.0 1.1713817444809191e-07
465.0 1.1689122850716733e-07
466.0 1.1664428256624274e-07
467.0 1.1639733662531816e-07
468.0 1.1615039068439358e-07
469.0 1.1590344474346898e-07
470.0 1.1565649880254444e-07
471.0 1.1540955286161984e-07
472.0 1.1516260692069523e-07
473.0 1.1491566097977065e-07
474.0 1.1466871503884607e-07
475.0 1.144217690979215e-07
476.0 1.141748231569969e-07
477.0 1.1392787721607234e-07
478.0 1.1368093127514772e-07
479.0 1.1343398533422314e-07
480.0 1.1318703939329856e-07
481.0 1.1294009345237396e-07
482.0 1.1269314751144938e-07
483.0 1.124462015705248e-07
484.0 1.1219925562960021e-07
485.0 1.1195318358199712e-07
486.0 1.1174665328643218e-07
487.0 1.1154012299086717e-07
488.0 1.1133359269530224e-07
489.0 1.1112706239973725e-07
490.0 1.1092053210417227e-07
491.0 1.1071400180860731e-07
492.0 1.1050747151304232e-07
493.0 1.1030094121747736e-07
494.0 1.100944109219124e-07
495.0 1.0988788062634742e-07
496.0 1.0968135033078246e-07
497.0 1.0947482003521749e-07
498.0 1.0926828973965249e-07
499.0 1.0906175944408752e-07
500.0 1.0885522914852257e-07
501.0 1.0864869885295757e-07
502.0 1.0844216855739262e-07
503.0 1.0823563826182765e-07
504.0 1.0802910796626265e-07
505.0 1.0782257767069771e-07
506.0 1.0761604737513273e-07
507.0 1.0740951707956775e-07
508.0 1.0720298678400279e-07
509.0 1.069964564884378e-07
510.0 1.0678992619287284e-07
511.0 1.0658339589730789e-07
512.0 1.063768656017429e-07
513.0 1.0617033530617794e-07
514.0 1.0596380501061295e-07
515.0 1.05757274715048e-07
516.0 1.0555074441948298e-07
517.0 1.0534421412391805e-07
518.0 1.0513768382835304e-07
519.0 1.049311535327881e-07
520.0 1.0472462323722312e-07
521.0 1.0451809294165813e-07
522.0 1.0431156264609317e-07
523.0 1.0412797066799724e-07
524.0 1.0395586070731092e-07
525.0 1.0378375074662465e-07
526.0 1.0361164078593833e-07
527.0 1.0343953082525203e-07
528.0 1.0326742086456573e-07
529.0 1.0309531090387942e-07
530.0 1.0292320094319314e-07
531.0 1.0275109098250679e-07
532.0 1.0257898102182051e-07
533.0 1.024068710611342e-07
534.0 1.0223476110044793e-07
535.0 1.0206265113976158e-07
536.0 1.0189054117907528e-07
537.0 1.0171843121838897e-07
538.0 1.0154632125770266e-07
539.0 1.0137421129701638e-07
540.0 1.0120210133633007e-07
541.0 1.0102999137564375e-07
542.0 1.0085788141495745e-07
543.0 1.0068577145427115e-07
544.0 1.0051366149358482e-07
545.0 1.0034155153289852e-07
546.0 1.0016944157221221e-07
547.0 9.999733161152593e-08
548.0 9.982522165083962e-08
549.0 9.965311169015332e-08
550.0 9.948100172946702e-08
551.0 9.93088917687807e-08
552.0 9.913678180809442e-08
553.0 9.896467184740809e-08
554.0 9.87925618867218e-08
555.0 9.862045192603549e-08
556.0 9.844834196534918e-08
557.0 9.827623200466287e-08
558.0 9.810412204397656e-08
559.0 9.793201208329026e-08
560.0 9.775990212260395e-08
561.0 9.758779216191767e-08
562.0 9.741568220123135e-08
563.0 9.72554518062117e-08
564.0 9.711071742733769e-08
565.0 9.696598304846365e-08
566.0 9.682124866958965e-08
567.0 9.66765142907156e-08
568.0 9.653177991184158e-08
569.0 9.638704553296758e-08
570.0 9.624231115409354e-08
571.0 9.609757677521954e-08
572.0 9.59528423963455e-08
573.0 9.58081080174715e-08
574.0 9.566337363859748e-08
575.0 9.551863925972345e-08
576.0 9.537390488084944e-08
577.0 9.522917050197541e-08
578.0 9.50844361231014e-08
579.0 9.493970174422737e-08
580.0 9.479496736535332e-08
581.0 9.465023298647933e-08
582.0 9.45054986076053e-08
583.0 9.436076422873129e-08
584.0 9.421602984985727e-08
585.0 9.407129547098321e-08
586.0 9.392656109210923e-08
587.0 9.37818267132352e-08
588.0 9.36370923343612e-08
589.0 9.349235795548715e-08
590.0 9.334762357661313e-08
591.0 9.320288919773913e-08
592.0 9.305815481886508e-08
593.0 9.291342043999107e-08
594.0 9.276868606111708e-08
595.0 9.262395168224301e-08
596.0 9.2479217303369e-08
597.0 9.2334482924495e-08
598.0 9.218974854562095e-08
599.0 9.204501416674694e-08
600.0 9.190027978787293e-08
601.0 9.175554540899892e-08
602.0 9.161081103012487e-08
603.0 9.146607665125087e-08
604.0 9.132134227237686e-08
605.0 9.117660789350283e-08
606.0 9.103402887768401e-08
607.0 9.091030346879261e-08
608.0 9.07865780599012e-08
609.0 9.066285265100979e-08
610.0 9.05391272421184e-08
611.0 9.041540183322698e-08
612.0 9.029167642433556e-08
613.0 9.016795101544419e-08
614.0 9.004422560655275e-08
615.0 8.992050019766135e-08
616.0 8.979677478876995e-08
617.0 8.967304937987856e-08
618.0 8.954932397098715e-08
619.0 8.942559856209574e-08
620.0 8.930187315320434e-08
621.0 8.917814774431294e-08
622.0 8.905442233542152e-08
623.0 8.893069692653013e-08
624.0 8.88069715176387e-08
625.0 8.868324610874731e-08
626.0 8.855952069985589e-08
627.0 8.84357952909645e-08
628.0 8.831206988207309e-08
629.0 8.818834447318167e-08
630.0 8.806461906429027e-08
631.0 8.794089365539885e-08
632.0 8.781716824650746e-08
633.0 8.769344283761606e-08
634.0 8.756971742872464e-08
635.0 8.744599201983325e-08
636.0 8.732226661094181e-08
637.0 8.719854120205043e-08
638.0 8.7074815793159e-08
639.0 8.695109038426763e-08
640.0 8.68273649753762e-08
641.0 8.670363956648482e-08
642.0 8.65799141575934e-08
643.0 8.6456188748702e-08
644.0 8.633246333981057e-08
645.0 8.620873793091919e-08
646.0 8.608501252202778e-08
647.0 8.596128711313638e-08
648.0 8.583756170424496e-08
649.0 8.571383629535357e-08
650.0 8.559011088646215e-08
651.0 8.546638547757075e-08
652.0 8.534266006867933e-08
653.0 8.52265176980157e-08
654.0 8.512027832007673e-08
655.0 8.501403894213778e-08
656.0 8.490779956419882e-08
657.0 8.480156018625986e-08
658.0 8.46953208083209e-08
659.0 8.458908143038195e-08
660.0 8.448284205244298e-08
661.0 8.437660267450401e-08
662.0 8.427036329656506e-08
663.0 8.41641239186261e-08
664.0 8.405788454068715e-08
665.0 8.395164516274817e-08
666.0 8.384540578480923e-08
667.0 8.373916640687026e-08
668.0 8.363292702893128e-08
669.0 8.352668765099234e-08
670.0 8.342044827305339e-08
671.0 8.331420889511443e-08
672.0 8.320796951717547e-08
673.0 8.31017301392365e-08
674.0 8.299549076129753e-08
675.0 8.288925138335858e-08
676.0 8.27830120054196e-08
677.0 8.267677262748066e-08
678.0 8.257053324954171e-08
679.0 8.246429387160273e-08
680.0 8.235805449366378e-08
681.0 8.225181511572482e-08
682.0 8.214557573778586e-08
683.0 8.20393363598469e-08
684.0 8.193309698190794e-08
685.0 8.182685760396899e-08
686.0 8.172061822603001e-08
687.0 8.161437884809105e-08
688.0 8.150813947015211e-08
689.0 8.140190009221314e-08
690.0 8.129566071427416e-08
691.0 8.11894213363352e-08
692.0 8.108318195839627e-08
693.0 8.097694258045729e-08
694.0 8.087070320251833e-08
695.0 8.076446382457937e-08
696.0 8.06582244466404e-08
697.0 8.055198506870147e-08
698.0 8.04457456907625e-08
699.0 8.033950631282353e-08
700.0 8.023326693488458e-08
701.0 8.012702755694562e-08
702.0 8.002078817900665e-08
703.0 7.991688278706702e-08
704.0 7.982436604540686e-08
705.0 7.97318493037467e-08
706.0 7.963933256208654e-08
707.0 7.954681582042638e-08
708.0 7.945429907876622e-08
709.0 7.936178233710606e-08
710.0 7.92692655954459e-08
711.0 7.917674885378574e-08
712.0 7.908423211212559e-08
713.0 7.899171537046542e-08
714.0 7.889919862880527e-08
715.0 7.880668188714513e-08
716.0 7.871416514548495e-08
717.0 7.86216484038248e-08
718.0 7.852913166216464e-08
719.0 7.843661492050447e-08
720.0 7.834409817884432e-08
721.0 7.825158143718416e-08
722.0 7.8159064695524e-08
723.0 7.806654795386384e-08
724.0 7.79740312122037e-08
725.0 7.788151447054352e-08
726.0 7.778899772888338e-08
727.0 7.769648098722322e-08
728.0 7.760396424556304e-08
729.0 7.751144750390291e-08
730.0 7.741893076224275e-08
731.0 7.732641402058259e-08
732.0 7.723389727892243e-08
733.0 7.714138053726228e-08
734.0 7.704886379560211e-08
735.0 7.695634705394195e-08
736.0 7.686383031228179e-08
737.0 7.677131357062164e-08
738.0 7.667879682896147e-08
739.0 7.658628008730131e-08
740.0 7.649376334564116e-08
741.0 7.6401246603981e-08
742.0 7.630872986232085e-08
743.0 7.62162131206607e-08
744.0 7.612369637900052e-08
745.0 7.603117963734037e-08
746.0 7.593866289568021e-08
747.0 7.584614615402007e-08
748.0 7.57536294123599e-08
749.0 7.566111267069973e-08
750.0 7.556859592903957e-08
751.0 7.547607918737943e-08
752.0 7.538356244571927e-08
753.0 7.529104570405909e-08
754.0 7.519852896239895e-08
755.0 7.51060122207388e-08
756.0 7.501349547907864e-08
757.0 7.492138898404379e-08
758.0 7.484060116598027e-08
759.0 7.475981334791677e-08
760.0 7.467902552985326e-08
761.0 7.459823771178974e-08
762.0 7.451744989372624e-08
763.0 7.443666207566274e-08
764.0 7.435587425759922e-08
765.0 7.427508643953572e-08
766.0 7.41942986214722e-08
767.0 7.41135108034087e-08
768.0 7.403272298534518e-08
769.0 7.395193516728168e-08
770.0 7.387114734921816e-08
771.0 7.379035953115466e-08
772.0 7.370957171309115e-08
773.0 7.362878389502764e-08
774.0 7.354799607696413e-08
775.0 7.346720825890063e-08
776.0 7.338642044083711e-08
777.0 7.330563262277361e-08
778.0 7.322484480471008e-08
779.0 7.31440569866466e-08
780.0 7.306326916858308e-08
781.0 7.298248135051957e-08
782.0 7.290169353245605e-08
783.0 7.282090571439255e-08
784.0 7.274011789632904e-08
785.0 7.265933007826553e-08
786.0 7.257854226020202e-08
787.0 7.249775444213852e-08
788.0 7.2416966624075e-08
789.0 7.23361788060115e-08
790.0 7.225539098794797e-08
791.0 7.217460316988446e-08
792.0 7.209381535182096e-08
793.0 7.201302753375746e-08
794.0 7.193223971569394e-08
795.0 7.185145189763045e-08
796.0 7.177066407956693e-08
797.0 7.168987626150343e-08
798.0 7.160908844343991e-08
799.0 7.152830062537641e-08
800.0 7.14475128073129e-08
801.0 7.136672498924937e-08
802.0 7.128593717118587e-08
803.0 7.120514935312236e-08
804.0 7.112436153505885e-08
805.0 7.104357371699536e-08
806.0 7.096278589893183e-08
807.0 7.088199808086833e-08
808.0 7.080121026280482e-08
809.0 7.072042244474132e-08
810.0 7.06396346266778e-08
811.0 7.055884680861427e-08
812.0 7.047805899055077e-08
813.0 7.039727117248728e-08
814.0 7.031648335442376e-08
815.0 7.023569553636027e-08
816.0 7.016139833154188e-08
817.0 7.008950001489566e-08
818.0 7.001760169824942e-08
819.0 6.994570338160317e-08
820.0 6.987380506495691e-08
821.0 6.980190674831068e-08
822.0 6.973000843166445e-08
823.0 6.965811011501821e-08
824.0 6.958621179837197e-08
825.0 6.951431348172574e-08
826.0 6.944241516507949e-08
827.0 6.937051684843325e-08
828.0 6.929861853178701e-08
829.0 6.922672021514076e-08
830.0 6.915482189849451e-08
831.0 6.908292358184829e-08
832.0 6.901102526520205e-08
833.0 6.893912694855581e-08
834.0 6.886722863190956e-08
835.0 6.879533031526333e-08
836.0 6.872343199861708e-08
837.0 6.865153368197085e-08
838.0 6.857963536532459e-08
839.0 6.850773704867835e-08
840.0 6.843583873203213e-08
841.0 6.83639404153859e-08
842.0 6.829204209873964e-08
843.0 6.822014378209341e-08
844.0 6.814824546544716e-08
845.0 6.807634714880093e-08
846.0 6.800444883215468e-08
847.0 6.793255051550843e-08
848.0 6.786065219886218e-08
849.0 6.778875388221596e-08
850.0 6.771685556556974e-08
851.0 6.764495724892349e-08
852.0 6.757305893227724e-08
853.0 6.750116061563101e-08
854.0 6.742926229898476e-08
855.0 6.735736398233853e-08
856.0 6.728546566569228e-08
857.0 6.721356734904604e-08
858.0 6.714166903239979e-08
859.0 6.706977071575356e-08
860.0 6.699787239910731e-08
861.0 6.692597408246109e-08
862.0 6.685407576581484e-08
863.0 6.67821774491686e-08
864.0 6.671027913252235e-08
865.0 6.663838081587612e-08
866.0 6.656648249922987e-08
867.0 6.649458418258363e-08
868.0 6.642268586593739e-08
869.0 6.635078754929116e-08
870.0 6.62788892326449e-08
871.0 6.620699091599868e-08
872.0 6.613509259935243e-08
873.0 6.60631942827062e-08
874.0 6.599129596605996e-08
875.0 6.591939764941374e-08
876.0 6.584749933276747e-08
877.0 6.577560101612124e-08
878.0 6.5703702699475e-08
879.0 6.563898915274374e-08
880.0 6.557477992746672e-08
881.0 6.551057070218969e-08
882.0 6.544636147691265e-08
883.0 6.538215225163564e-08
884.0 6.531794302635859e-08
885.0 6.525373380108156e-08
886.0 6.518952457580454e-08
887.0 6.512531535052751e-08
888.0 6.506110612525047e-08
889.0 6.499689689997344e-08
890.0 6.493268767469642e-08
891.0 6.486847844941939e-08
892.0 6.480426922414236e-08
893.0 6.474005999886532e-08
894.0 6.46758507735883e-08
895.0 6.461164154831126e-08
896.0 6.454743232303425e-08
897.0 6.448322309775721e-08
898.0 6.441901387248018e-08
899.0 6.435480464720314e-08
900.0 6.42905954219261e-08
901.0 6.422638619664908e-08
902.0 6.416217697137204e-08
903.0 6.409796774609503e-08
904.0 6.403375852081799e-08
905.0 6.396954929554098e-08
906.0 6.390534007026394e-08
907.0 6.38411308449869e-08
908.0 6.377692161970989e-08
909.0 6.371271239443285e-08
910.0 6.364850316915583e-08
911.0 6.358429394387879e-08
912.0 6.352008471860175e-08
913.0 6.345587549332473e-08
914.0 6.33916662680477e-08
915.0 6.332745704277068e-08
916.0 6.326324781749364e-08
917.0 6.319903859221661e-08
918.0 6.313482936693957e-08
919.0 6.307062014166254e-08
920.0 6.300641091638552e-08
921.0 6.294220169110851e-08
922.0 6.287799246583146e-08
923.0 6.281378324055442e-08
924.0 6.274957401527738e-08
925.0 6.268536479000036e-08
926.0 6.262115556472336e-08
927.0 6.255694633944631e-08
928.0 6.249273711416928e-08
929.0 6.242852788889224e-08
930.0 6.236431866361523e-08
931.0 6.230010943833821e-08
932.0 6.223590021306116e-08
933.0 6.217169098778413e-08
934.0 6.210748176250709e-08
935.0 6.204327253723008e-08
936.0 6.197906331195304e-08
937.0 6.191485408667602e-08
938.0 6.185064486139898e-08
939.0 6.178643563612195e-08
940.0 6.172222641084493e-08
941.0 6.165801718556789e-08
942.0 6.159380796029086e-08
943.0 6.152959873501384e-08
944.0 6.14653895097368e-08
945.0 6.140118028445978e-08
946.0 6.133914602821941e-08
947.0 6.128214180006746e-08
948.0 6.122513757191552e-08
949.0 6.11681333437636e-08
950.0 6.111112911561163e-08
951.0 6.105412488745968e-08
952.0 6.099712065930776e-08
953.0 6.094011643115581e-08
954.0 6.088311220300386e-08
955.0 6.082610797485192e-08
956.0 6.076910374669997e-08
957.0 6.071209951854803e-08
958.0 6.065509529039608e-08
959.0 6.059809106224415e-08
960.0 6.05410868340922e-08
961.0 6.048408260594026e-08
962.0 6.042707837778831e-08
963.0 6.037007414963637e-08
964.0 6.031306992148443e-08
965.0 6.025606569333248e-08
966.0 6.019906146518055e-08
967.0 6.014205723702858e-08
968.0 6.008505300887666e-08
969.0 6.00280487807247e-08
970.0 5.997104455257277e-08
971.0 5.991404032442082e-08
972.0 5.985703609626887e-08
973.0 5.980003186811692e-08
974.0 5.974302763996498e-08
975.0 5.968602341181305e-08
976.0 5.962901918366111e-08
977.0 5.9572014955509145e-08
978.0 5.9515010727357214e-08
979.0 5.9458006499205264e-08
980.0 5.940100227105332e-08
981.0 5.9343998042901376e-08
982.0 5.9286993814749426e-08
983.0 5.922998958659748e-08
984.0 5.917298535844554e-08
985.0 5.911598113029359e-08
986.0 5.9058976902141664e-08
987.0 5.900197267398972e-08
988.0 5.894496844583776e-08
989.0 5.8887964217685826e-08
990.0 5.883095998953388e-08
991.0 5.877395576138193e-08
992.0 5.871695153322999e-08
993.0 5.8659947305078044e-08
994.0 5.8602943076926107e-08
995.0 5.854593884877415e-08
996.0 5.848893462062223e-08
997.0 5.8431930392470275e-08
998.0 5.8374926164318325e-08
999.0 5.831792193616637e-08
1000.0 5.826091770801445e-08
1001.0 5.8203913479862507e-08
1002.0 5.8146909251710556e-08
1003.0 5.8089905023558606e-08
1004.0 5.8032900795406655e-08
1005.0 5.797589656725473e-08
1006.0 5.791889233910278e-08
1007.0 5.786188811095084e-08
1008.0 5.780488388279889e-08
1009.0 5.774787965464695e-08
1010.0 5.769087542649499e-08
1011.0 5.7633871198343075e-08
1012.0 5.757686697019112e-08
1013.0 5.7519862742039174e-08
1014.0 5.7462858513887224e-08
1015.0 5.740585428573528e-08
1016.0 5.7348850057583356e-08
1017.0 5.72918458294314e-08
1018.0 5.723484160127944e-08
1019.0 5.718026674088544e-08
1020.0 5.712854412296486e-08
1021.0 5.707682150504429e-08
1022.0 5.702509888712371e-08
1023.0 5.6973376269203115e-08
1024.0 5.692165365128254e-08
1025.0 5.6869931033361955e-08
1026.0 5.681820841544138e-08
1027.0 5.676648579752081e-08
1028.0 5.671476317960023e-08
1029.0 5.6663040561679646e-08
1030.0 5.661131794375907e-08
1031.0 5.655959532583848e-08
1032.0 5.650787270791791e-08
1033.0 5.645615008999733e-08
1034.0 5.640442747207675e-08
1035.0 5.6352704854156164e-08
1036.0 5.630098223623559e-08
1037.0 5.624925961831499e-08
1038.0 5.6197537000394426e-08
1039.0 5.614581438247384e-08
1040.0 5.609409176455326e-08
1041.0 5.6042369146632694e-08
1042.0 5.599064652871211e-08
1043.0 5.5938923910791533e-08
1044.0 5.588720129287097e-08
1045.0 5.583547867495037e-08
1046.0 5.578375605702979e-08
1047.0 5.573203343910922e-08
1048.0 5.5680310821188634e-08
1049.0 5.5628588203268044e-08
1050.0 5.557686558534747e-08
1051.0 5.55251429674269e-08
1052.0 5.547342034950631e-08
1053.0 5.542169773158575e-08
1054.0 5.5369975113665145e-08
1055.0 5.531825249574458e-08
1056.0 5.526652987782399e-08
1057.0 5.5214807259903414e-08
1058.0 5.5163084641982843e-08
1059.0 5.511136202406226e-08
1060.0 5.5059639406141676e-08
1061.0 5.5007916788221105e-08
1062.0 5.495619417030051e-08
1063.0 5.490447155237993e-08
1064.0 5.485274893445937e-08
1065.0 5.4801026316538784e-08
1066.0 5.47493036986182e-08
1067.0 5.469758108069762e-08
1068.0 5.464585846277703e-08
1069.0 5.459413584485647e-08
1070.0 5.4542413226935885e-08
1071.0 5.44906906090153e-08
1072.0 5.443896799109473e-08
1073.0 5.438724537317415e-08
1074.0 5.433552275525356e-08
1075.0 5.428380013733298e-08
1076.0 5.423207751941241e-08
1077.0 5.418035490149181e-08
1078.0 5.412863228357126e-08
1079.0 5.407690966565066e-08
1080.0 5.402518704773009e-08
1081.0 5.3973464429809504e-08
1082.0 5.392174181188892e-08
1083.0 5.387001919396834e-08
1084.0 5.381829657604777e-08
1085.0 5.376657395812719e-08
1086.0 5.37148513402066e-08
1087.0 5.3663128722286034e-08
1088.0 5.361140610436545e-08
1089.0 5.3559683486444873e-08
1090.0 5.350796086852428e-08
1091.0 5.34562382506037e-08
1092.0 5.3404515632683135e-08
1093.0 5.335279301476255e-08
1094.0 5.330107039684196e-08
1095.0 5.324934777892139e-08
1096.0 5.319762516100081e-08
1097.0 5.314594124652397e-08
1098.0 5.309940975881214e-08
1099.0 5.305287827110031e-08
1100.0 5.300634678338849e-08
1101.0 5.295981529567666e-08
1102.0 5.291328380796483e-08
1103.0 5.2866752320253e-08
1104.0 5.282022083254118e-08
1105.0 5.277368934482935e-08
1106.0 5.272715785711752e-08
1107.0 5.26806263694057e-08
1108.0 5.263409488169386e-08
1109.0 5.258756339398204e-08
1110.0 5.254103190627021e-08
1111.0 5.249450041855839e-08
1112.0 5.244796893084656e-08
1113.0 5.240143744313472e-08
1114.0 5.23549059554229e-08
1115.0 5.230837446771106e-08
1116.0 5.226184297999923e-08
1117.0 5.221531149228741e-08
1118.0 5.2168780004575584e-08
1119.0 5.212224851686376e-08
1120.0 5.207571702915193e-08
1121.0 5.2029185541440094e-08
1122.0 5.198265405372827e-08
1123.0 5.193612256601645e-08
1124.0 5.1889591078304605e-08
1125.0 5.184305959059279e-08
1126.0 5.179652810288096e-08
1127.0 5.1749996615169135e-08
1128.0 5.1703465127457305e-08
1129.0 5.1656933639745475e-08
1130.0 5.161040215203364e-08
1131.0 5.156387066432183e-08
1132.0 5.151733917661e-08
1133.0 5.147080768889817e-08
1134.0 5.1424276201186346e-08
1135.0 5.1377744713474516e-08
1136.0 5.133121322576268e-08
1137.0 5.128468173805085e-08
1138.0 5.123815025033903e-08
1139.0 5.11916187626272e-08
1140.0 5.114508727491537e-08
1141.0 5.109855578720354e-08
1142.0 5.105202429949172e-08
1143.0 5.100549281177989e-08
1144.0 5.095896132406805e-08
1145.0 5.0912429836356223e-08
1146.0 5.0865898348644407e-08
1147.0 5.081936686093258e-08
1148.0 5.077283537322075e-08
1149.0 5.072630388550891e-08
1150.0 5.0679772397797094e-08
1151.0 5.063324091008525e-08
1152.0 5.058670942237343e-08
1153.0 5.05401779346616e-08
1154.0 5.049364644694978e-08
1155.0 5.044711495923795e-08
1156.0 5.040058347152612e-08
1157.0 5.035405198381429e-08
1158.0 5.0307520496102474e-08
1159.0 5.0260989008390645e-08
1160.0 5.0214457520678815e-08
1161.0 5.016792603296699e-08
1162.0 5.012139454525516e-08
1163.0 5.007486305754333e-08
1164.0 5.00283315698315e-08
1165.0 4.9981800082119665e-08
1166.0 4.993526859440785e-08
1167.0 4.988873710669602e-08
1168.0 4.984220561898419e-08
1169.0 4.9795674131272365e-08
1170.0 4.9749142643560536e-08
1171.0 4.9702611155848706e-08
1172.0 4.965607966813687e-08
1173.0 4.960954818042504e-08
1174.0 4.956301669271322e-08
1175.0 4.951648520500139e-08
1176.0 4.946995371728956e-08
1177.0 4.942342222957774e-08
1178.0 4.937689074186591e-08
1179.0 4.933035925415408e-08
1180.0 4.928382776644224e-08
1181.0 4.9237296278730413e-08
1182.0 4.9193262278652856e-08
1183.0 4.915160697664299e-08
1184.0 4.910995167463311e-08
1185.0 4.9068296372623235e-08
1186.0 4.9026641070613366e-08
1187.0 4.898498576860349e-08
1188.0 4.894333046659361e-08
1189.0 4.8901675164583725e-08
1190.0 4.886001986257385e-08
1191.0 4.881836456056398e-08
1192.0 4.8776709258554104e-08
1193.0 4.873505395654422e-08
1194.0 4.869339865453434e-08
1195.0 4.8651743352524464e-08
1196.0 4.861008805051459e-08
1197.0 4.856843274850472e-08
1198.0 4.8526777446494836e-08
1199.0 4.8485122144484954e-08
1200.0 4.8443466842475085e-08
1201.0 4.84018115404652e-08
1202.0 4.836015623845533e-08
1203.0 4.831850093644545e-08
1204.0 4.827684563443557e-08
1205.0 4.82351903324257e-08
1206.0 4.819353503041582e-08
1207.0 4.815187972840595e-08
1208.0 4.811022442639607e-08
1209.0 4.806856912438619e-08
1210.0 4.8026913822376314e-08
1211.0 4.798525852036643e-08
1212.0 4.794360321835656e-08
1213.0 4.7901947916346686e-08
1214.0 4.7860292614336804e-08
1215.0 4.781863731232693e-08
1216.0 4.7776982010317046e-08
1217.0 4.7735326708307177e-08
1218.0 4.76936714062973e-08
1219.0 4.765201610428741e-08
1220.0 4.761036080227754e-08
1221.0 4.7568705500267673e-08
1222.0 4.752705019825779e-08
1223.0 4.7485394896247915e-08
1224.0 4.744373959423804e-08
1225.0 4.740208429222816e-08
1226.0 4.7360428990218275e-08
1227.0 4.7318773688208405e-08
1228.0 4.727711838619853e-08
1229.0 4.7235463084188654e-08
1230.0 4.719380778217877e-08
1231.0 4.715215248016889e-08
1232.0 4.711049717815901e-08
1233.0 4.7068841876149144e-08
1234.0 4.702718657413927e-08
1235.0 4.6985531272129386e-08
1236.0 4.6943875970119503e-08
1237.0 4.690222066810964e-08
1238.0 4.686056536609976e-08
1239.0 4.681891006408988e-08
1240.0 4.677725476208e-08
1241.0 4.6735599460070125e-08
1242.0 4.6693944158060255e-08
1243.0 4.665228885605037e-08
1244.0 4.66106335540405e-08
1245.0 4.656897825203062e-08
1246.0 4.652732295002074e-08
1247.0 4.648566764801087e-08
1248.0 4.6444012346000974e-08
1249.0 4.640235704399111e-08
1250.0 4.6360701741981236e-08
1251.0 4.6319046439971353e-08
1252.0 4.6277391137961484e-08
1253.0 4.62357358359516e-08
1254.0 4.6194080533941726e-08
1255.0 4.615242523193185e-08
1256.0 4.611076992992196e-08
1257.0 4.60691146279121e-08
1258.0 4.6027459325902216e-08
1259.0 4.598580402389234e-08
1260.0 4.5944148721882465e-08
1261.0 4.5902493419872595e-08
1262.0 4.586083811786271e-08
1263.0 4.581918281585284e-08
1264.0 4.577752751384294e-08
1265.0 4.573587221183308e-08
1266.0 4.569421690982321e-08
1267.0 4.565256160781332e-08
1268.0 4.561090630580345e-08
1269.0 4.5569251003793576e-08
1270.0 4.5527595701783694e-08
1271.0 4.548594039977382e-08
1272.0 4.5444285097763935e-08
1273.0 4.540469445500112e-08
1274.0 4.5367097840180874e-08
1275.0 4.532950122536062e-08
1276.0 4.5291904610540364e-08
1277.0 4.52543079957201e-08
1278.0 4.521671138089985e-08
1279.0 4.5179114766079613e-08
1280.0 4.514151815125935e-08
1281.0 4.51039215364391e-08
1282.0 4.5066324921618836e-08
1283.0 4.502872830679858e-08
1284.0 4.499113169197833e-08
1285.0 4.495353507715809e-08
1286.0 4.4915938462337823e-08
1287.0 4.487834184751758e-08
1288.0 4.484074523269732e-08
1289.0 4.4803148617877066e-08
1290.0 4.4765552003056824e-08
1291.0 4.472795538823657e-08
1292.0 4.4690358773416315e-08
1293.0 4.465276215859606e-08
1294.0 4.461516554377579e-08
1295.0 4.4577568928955544e-08
1296.0 4.45399723141353e-08
1297.0 4.450237569931505e-08
1298.0 4.446477908449479e-08
1299.0 4.442718246967454e-08
1300.0 4.438958585485428e-08
1301.0 4.435198924003403e-08
1302.0 4.431439262521378e-08
1303.0 4.427679601039351e-08
1304.0 4.423919939557326e-08
1305.0 4.4201602780753e-08
1306.0 4.416400616593275e-08
1307.0 4.412640955111251e-08
1308.0 4.408881293629226e-08
1309.0 4.4051216321472e-08
1310.0 4.401361970665175e-08
1311.0 4.3976023091831494e-08
1312.0 4.393842647701124e-08
1313.0 4.390082986219099e-08
1314.0 4.3863233247370736e-08
1315.0 4.382563663255048e-08
1316.0 4.378804001773023e-08
1317.0 4.375044340290997e-08
1318.0 4.3712846788089724e-08
1319.0 4.367525017326948e-08
1320.0 4.363765355844921e-08
1321.0 4.360005694362896e-08
1322.0 4.3562460328808705e-08
1323.0 4.352486371398845e-08
1324.0 4.34872670991682e-08
1325.0 4.344967048434795e-08
1326.0 4.341207386952769e-08
1327.0 4.337447725470744e-08
1328.0 4.333688063988718e-08
1329.0 4.329928402506693e-08
1330.0 4.3261687410246674e-08
1331.0 4.322409079542642e-08
1332.0 4.3186494180606164e-08
1333.0 4.314889756578591e-08
1334.0 4.311130095096566e-08
1335.0 4.307370433614542e-08
1336.0 4.3036107721325165e-08
1337.0 4.2998511106504903e-08
1338.0 4.296091449168465e-08
1339.0 4.2923317876864394e-08
1340.0 4.288572126204415e-08
1341.0 4.28481246472239e-08
1342.0 4.281052803240364e-08
1343.0 4.277293141758339e-08
1344.0 4.2735334802763133e-08
1345.0 4.269773818794287e-08
1346.0 4.266014157312262e-08
1347.0 4.2622544958302376e-08
1348.0 4.258494834348212e-08
1349.0 4.2547351728661866e-08
1350.0 4.25097551138416e-08
1351.0 4.247215849902136e-08
1352.0 4.243456188420111e-08
1353.0 4.2396965269380854e-08
1354.0 4.23593686545606e-08
1355.0 4.2321772039740344e-08
1356.0 4.228417542492009e-08
1357.0 4.2246578810099835e-08
1358.0 4.220898219527958e-08
1359.0 4.2171385580459325e-08
1360.0 4.2133788965639064e-08
1361.0 4.209619235081882e-08
1362.0 4.2058595735998574e-08
1363.0 4.202099912117832e-08
1364.0 4.1983402506358065e-08
1365.0 4.194580589153781e-08
1366.0 4.190820927671756e-08
1367.0 4.1870612661897294e-08
1368.0 4.183301604707705e-08
1369.0 4.17954194322568e-08
1370.0 4.175782281743654e-08
1371.0 4.1722197930910704e-08
1372.0 4.1688578766565997e-08
1373.0 4.165495960222128e-08
1374.0 4.162134043787658e-08
1375.0 4.158772127353188e-08
1376.0 4.1554102109187175e-08
1377.0 4.1520482944842474e-08
1378.0 4.148686378049776e-08
1379.0 4.145324461615305e-08
1380.0 4.1419625451808346e-08
1381.0 4.138600628746363e-08
1382.0 4.135238712311894e-08
1383.0 4.131876795877423e-08
1384.0 4.128514879442953e-08
1385.0 4.125152963008481e-08
1386.0 4.12179104657401e-08
1387.0 4.11842913013954e-08
1388.0 4.1150672137050696e-08
1389.0 4.1117052972705995e-08
1390.0 4.108343380836129e-08
1391.0 4.104981464401658e-08
1392.0 4.101619547967188e-08
1393.0 4.0982576315327166e-08
1394.0 4.094895715098247e-08
1395.0 4.091533798663776e-08
1396.0 4.088171882229305e-08
1397.0 4.0848099657948344e-08
1398.0 4.081448049360364e-08
1399.0 4.078086132925894e-08
1400.0 4.074724216491423e-08
1401.0 4.0713623000569516e-08
1402.0 4.0680003836224815e-08
1403.0 4.06463846718801e-08
1404.0 4.06127655075354e-08
1405.0 4.05791463431907e-08
1406.0 4.054552717884599e-08
1407.0 4.051190801450128e-08
1408.0 4.047828885015657e-08
1409.0 4.044466968581187e-08
1410.0 4.041105052146717e-08
1411.0 4.0377431357122464e-08
1412.0 4.034381219277775e-08
1413.0 4.031019302843305e-08
1414.0 4.027657386408835e-08
1415.0 4.0242954699743636e-08
1416.0 4.020933553539893e-08
1417.0 4.017571637105422e-08
1418.0 4.014209720670952e-08
1419.0 4.0108478042364814e-08
1420.0 4.0074858878020107e-08
1421.0 4.0041239713675406e-08
1422.0 4.00076205493307e-08
1423.0 3.9974001384985985e-08
1424.0 3.9940382220641285e-08
1425.0 3.990676305629657e-08
1426.0 3.987314389195187e-08
1427.0 3.983952472760716e-08
1428.0 3.9805905563262456e-08
1429.0 3.977228639891774e-08
1430.0 3.973866723457304e-08
1431.0 3.970504807022834e-08
1432.0 3.9671428905883634e-08
1433.0 3.9637809741538934e-08
1434.0 3.960419057719423e-08
1435.0 3.957057141284952e-08
1436.0 3.9536952248504806e-08
1437.0 3.9503333084160105e-08
1438.0 3.9469713919815405e-08
1439.0 3.94360947554707e-08
1440.0 3.940247559112599e-08
1441.0 3.9368856426781277e-08
1442.0 3.933523726243657e-08
1443.0 3.930161809809187e-08
1444.0 3.926799893374716e-08
1445.0 3.9234379769402455e-08
1446.0 3.920076060505775e-08
1447.0 3.916714144071304e-08
1448.0 3.913352227636834e-08
1449.0 3.9099903112023626e-08
1450.0 3.9066283947678925e-08
1451.0 3.9032664783334225e-08
1452.0 3.899904561898951e-08
1453.0 3.8965426454644804e-08
1454.0 3.8931807290300104e-08
1455.0 3.88981881259554e-08
1456.0 3.886456896161069e-08
1457.0 3.883094979726598e-08
1458.0 3.8797330632921275e-08
1459.0 3.8763711468576574e-08
1460.0 3.8730092304231874e-08
1461.0 3.869647313988716e-08
1462.0 3.866285397554245e-08
1463.0 3.8629234811197746e-08
1464.0 3.859561564685304e-08
1465.0 3.856199648250834e-08
1466.0 3.852837731816363e-08
1467.0 3.8494758153818924e-08
1468.0 3.846113898947421e-08
1469.0 3.842751982512951e-08
1470.0 3.839390066078481e-08
1471.0 3.8360281496440095e-08
1472.0 3.8326662332095395e-08
1473.0 3.829304316775069e-08
1474.0 3.825942400340598e-08
1475.0 3.822580483906128e-08
1476.0 3.8192185674716566e-08
1477.0 3.816199890137541e-08
1478.0 3.813205721675687e-08
1479.0 3.810211553213833e-08
1480.0 3.807217384751979e-08
1481.0 3.804223216290125e-08
1482.0 3.801229047828271e-08
1483.0 3.798234879366417e-08
1484.0 3.795240710904563e-08
1485.0 3.7922465424427087e-08
1486.0 3.7892523739808546e-08
1487.0 3.786258205519001e-08
1488.0 3.7832640370571465e-08
1489.0 3.7802698685952924e-08
1490.0 3.7772757001334383e-08
1491.0 3.774281531671585e-08
1492.0 3.77128736320973e-08
1493.0 3.768293194747876e-08
1494.0 3.765299026286023e-08
1495.0 3.762304857824169e-08
1496.0 3.759310689362314e-08
1497.0 3.756316520900459e-08
1498.0 3.7533223524386065e-08
1499.0 3.750328183976752e-08
1500.0 3.7473340155148983e-08
1501.0 3.744339847053044e-08
1502.0 3.74134567859119e-08
1503.0 3.738351510129336e-08
1504.0 3.735357341667482e-08
1505.0 3.732363173205628e-08
1506.0 3.729369004743774e-08
1507.0 3.72637483628192e-08
1508.0 3.723380667820066e-08
1509.0 3.720386499358212e-08
1510.0 3.717392330896358e-08
1511.0 3.714398162434504e-08
1512.0 3.7114039939726496e-08
1513.0 3.708409825510795e-08
1514.0 3.7054156570489414e-08
1515.0 3.702421488587088e-08
1516.0 3.699427320125233e-08
1517.0 3.6964331516633786e-08
1518.0 3.693438983201526e-08
1519.0 3.690444814739671e-08
1520.0 3.687450646277817e-08
1521.0 3.684456477815962e-08
1522.0 3.6814623093541096e-08
1523.0 3.678468140892255e-08
1524.0 3.6754739724304014e-08
1525.0 3.6724798039685474e-08
1526.0 3.669485635506693e-08
1527.0 3.66649146704484e-08
1528.0 3.663497298582985e-08
1529.0 3.6605031301211304e-08
1530.0 3.657508961659277e-08
1531.0 3.654514793197423e-08
1532.0 3.651520624735569e-08
1533.0 3.648526456273715e-08
1534.0 3.645532287811861e-08
1535.0 3.642538119350007e-08
1536.0 3.6395439508881526e-08
1537.0 3.636549782426298e-08
1538.0 3.6335556139644445e-08
1539.0 3.6305614455025904e-08
1540.0 3.6275672770407364e-08
1541.0 3.624573108578882e-08
1542.0 3.621578940117028e-08
1543.0 3.618584771655174e-08
1544.0 3.6155906031933195e-08
1545.0 3.6125964347314654e-08
1546.0 3.6096022662696126e-08
1547.0 3.606608097807758e-08
1548.0 3.603613929345904e-08
1549.0 3.6006197608840504e-08
1550.0 3.5976255924221964e-08
1551.0 3.5946314239603417e-08
1552.0 3.591637255498488e-08
1553.0 3.588643087036633e-08
1554.0 3.5856489185747795e-08
1555.0 3.582654750112926e-08
1556.0 3.579660581651072e-08
1557.0 3.576666413189217e-08
1558.0 3.573672244727364e-08
1559.0 3.57067807626551e-08
1560.0 3.567683907803655e-08
1561.0 3.564689739341801e-08
1562.0 3.5616955708799476e-08
1563.0 3.5587014024180935e-08
1564.0 3.5557072339562395e-08
1565.0 3.5527130654943854e-08
1566.0 3.549718897032531e-08
1567.0 3.546724728570677e-08
1568.0 3.543730560108823e-08
1569.0 3.5407363916469685e-08
1570.0 3.537742223185116e-08
1571.0 3.534748054723261e-08
1572.0 3.531753886261407e-08
1573.0 3.5287597177995535e-08
1574.0 3.525765549337699e-08
1575.0 3.522771380875845e-08
1576.0 3.51977721241399e-08
1577.0 3.516783043952136e-08
1578.0 3.5137888754902825e-08
1579.0 3.510794707028429e-08
1580.0 3.507800538566575e-08
1581.0 3.504806370104721e-08
1582.0 3.501812201642867e-08
1583.0 3.498818033181013e-08
1584.0 3.495823864719158e-08
1585.0 3.492829696257304e-08
1586.0 3.489835527795451e-08
1587.0 3.4868413593335966e-08
1588.0 3.4838471908717425e-08
1589.0 3.4808530224098885e-08
1590.0 3.4779413069896424e-08
1591.0 3.4752905565075584e-08
1592.0 3.4726398060254745e-08
1593.0 3.4699890555433905e-08
1594.0 3.4673383050613066e-08
1595.0 3.4646875545792227e-08
1596.0 3.4620368040971394e-08
1597.0 3.4593860536150554e-08
1598.0 3.4567353031329715e-08
1599.0 3.4540845526508876e-08
1600.0 3.4514338021688036e-08
1601.0 3.44878305168672e-08
1602.0 3.4461323012046364e-08
1603.0 3.4434815507225525e-08
1604.0 3.4408308002404685e-08
1605.0 3.4381800497583846e-08
1606.0 3.435529299276301e-08
1607.0 3.4328785487942174e-08
1608.0 3.4302277983121334e-08
1609.0 3.4275770478300495e-08
1610.0 3.4249262973479655e-08
1611.0 3.4222755468658816e-08
1612.0 3.4196247963837977e-08
1613.0 3.416974045901714e-08
1614.0 3.4143232954196305e-08
1615.0 3.4116725449375465e-08
1616.0 3.4090217944554626e-08
1617.0 3.4063710439733786e-08
1618.0 3.403720293491295e-08
1619.0 3.401069543009211e-08
1620.0 3.398418792527127e-08
1621.0 3.3957680420450435e-08
1622.0 3.3931172915629596e-08
1623.0 3.3904665410808757e-08
1624.0 3.387815790598792e-08
1625.0 3.3851650401167084e-08
1626.0 3.3825142896346245e-08
1627.0 3.3798635391525406e-08
1628.0 3.3772127886704566e-08
1629.0 3.374562038188373e-08
1630.0 3.371911287706289e-08
1631.0 3.3692605372242055e-08
1632.0 3.366609786742122e-08
1633.0 3.363959036260038e-08
1634.0 3.361308285777954e-08
1635.0 3.3586575352958704e-08
1636.0 3.3560067848137864e-08
1637.0 3.353356034331703e-08
1638.0 3.350705283849619e-08
1639.0 3.348054533367535e-08
1640.0 3.3454037828854513e-08
1641.0 3.342753032403367e-08
1642.0 3.3401022819212835e-08
1643.0 3.3374515314391995e-08
1644.0 3.334800780957116e-08
1645.0 3.332150030475032e-08
1646.0 3.3294992799929484e-08
1647.0 3.3268485295108644e-08
1648.0 3.3241977790287805e-08
1649.0 3.3215470285466965e-08
1650.0 3.3188962780646126e-08
1651.0 3.316245527582529e-08
1652.0 3.3135947771004454e-08
1653.0 3.3109440266183614e-08
1654.0 3.3082932761362775e-08
1655.0 3.305642525654194e-08
1656.0 3.30299177517211e-08
1657.0 3.3003410246900263e-08
1658.0 3.2976902742079424e-08
1659.0 3.2950395237258585e-08
1660.0 3.2923887732437745e-08
1661.0 3.289738022761691e-08
1662.0 3.287087272279607e-08
1663.0 3.2844365217975234e-08
1664.0 3.2817857713154394e-08
1665.0 3.2791350208333555e-08
1666.0 3.2764842703512716e-08
1667.0 3.2738335198691876e-08
1668.0 3.271182769387104e-08
1669.0 3.26853201890502e-08
1670.0 3.2658812684229365e-08
1671.0 3.2632305179408525e-08
1672.0 3.2605797674587686e-08
1673.0 3.2579290169766846e-08
1674.0 3.2552782664946014e-08
1675.0 3.2526275160125174e-08
1676.0 3.2499767655304335e-08
1677.0 3.2473260150483495e-08
1678.0 3.2446752645662656e-08
1679.0 3.242024514084182e-08
1680.0 3.2393737636020984e-08
1681.0 3.2367230131200144e-08
1682.0 3.2340722626379305e-08
1683.0 3.2314215121558466e-08
1684.0 3.2287707616737626e-08
1685.0 3.226120011191679e-08
1686.0 3.223469260709596e-08
1687.0 3.220818510227512e-08
1688.0 3.2181677597454275e-08
1689.0 3.2155170092633436e-08
1690.0 3.2128662587812596e-08
1691.0 3.210215508299176e-08
1692.0 3.207564757817093e-08
1693.0 3.204914007335009e-08
1694.0 3.202263256852925e-08
1695.0 3.199612506370841e-08
1696.0 3.1969617558887573e-08
1697.0 3.1943110054066734e-08
1698.0 3.1916602549245895e-08
1699.0 3.1890095044425055e-08
1700.0 3.186358753960422e-08
1701.0 3.183708003478338e-08
1702.0 3.1810572529962544e-08
1703.0 3.1784065025141704e-08
1704.0 3.1757557520320865e-08
1705.0 3.173105001550003e-08
1706.0 3.170454251067919e-08
1707.0 3.167803500585835e-08
1708.0 3.1651527501037514e-08
1709.0 3.162501999621668e-08
1710.0 3.159851249139584e-08
1711.0 3.1572004986575e-08
1712.0 3.154549748175416e-08
1713.0 3.152152443311622e-08
1714.0 3.149822642987696e-08
1715.0 3.147492842663769e-08
1716.0 3.1451630423398416e-08
1717.0 3.142833242015915e-08
1718.0 3.1405034416919893e-08
1719.0 3.138173641368062e-08
1720.0 3.135843841044135e-08
1721.0 3.1335140407202084e-08
1722.0 3.1311842403962816e-08
1723.0 3.1288544400723555e-08
1724.0 3.126524639748429e-08
1725.0 3.124194839424502e-08
1726.0 3.121865039100575e-08
1727.0 3.1195352387766484e-08
1728.0 3.117205438452722e-08
1729.0 3.1148756381287955e-08
1730.0 3.112545837804869e-08
1731.0 3.110216037480942e-08
1732.0 3.107886237157015e-08
1733.0 3.1055564368330884e-08
1734.0 3.103226636509162e-08
1735.0 3.1008968361852356e-08
1736.0 3.098567035861309e-08
1737.0 3.0962372355373814e-08
1738.0 3.093907435213455e-08
1739.0 3.091577634889528e-08
1740.0 3.089247834565602e-08
1741.0 3.086918034241675e-08
1742.0 3.084588233917748e-08
1743.0 3.0822584335938214e-08
1744.0 3.0799286332698946e-08
1745.0 3.077598832945969e-08
1746.0 3.075269032622042e-08
1747.0 3.072939232298115e-08
1748.0 3.070609431974188e-08
1749.0 3.068279631650263e-08
1750.0 3.065949831326335e-08
1751.0 3.0636200310024086e-08
1752.0 3.061290230678481e-08
1753.0 3.0589604303545543e-08
1754.0 3.056630630030628e-08
1755.0 3.0543008297067015e-08
1756.0 3.051971029382775e-08
1757.0 3.049641229058848e-08
1758.0 3.047311428734921e-08
1759.0 3.044981628410995e-08
1760.0 3.042651828087068e-08
1761.0 3.0403220277631415e-08
1762.0 3.037992227439215e-08
1763.0 3.035662427115288e-08
1764.0 3.033332626791362e-08
1765.0 3.031002826467435e-08
1766.0 3.028673026143508e-08
1767.0 3.0263432258195815e-08
1768.0 3.024013425495655e-08
1769.0 3.021683625171728e-08
1770.0 3.019353824847801e-08
1771.0 3.017024024523875e-08
1772.0 3.0146942241999483e-08
1773.0 3.012364423876021e-08
1774.0 3.010034623552095e-08
1775.0 3.0077048232281674e-08
1776.0 3.005375022904241e-08
1777.0 3.0030452225803145e-08
1778.0 3.0007154222563884e-08
1779.0 2.998385621932461e-08
1780.0 2.996055821608534e-08
1781.0 2.9937260212846074e-08
1782.0 2.991396220960682e-08
1783.0 2.9890664206367545e-08
1784.0 2.986736620312828e-08
1785.0 2.9844068199889e-08
1786.0 2.982077019664975e-08
1787.0 2.9797472193410478e-08
1788.0 2.977417419017121e-08
1789.0 2.975087618693194e-08
1790.0 2.9727578183692685e-08
1791.0 2.9704280180453414e-08
1792.0 2.9680982177214143e-08
1793.0 2.9657684173974875e-08
1794.0 2.9634386170735607e-08
1795.0 2.9611088167496346e-08
1796.0 2.9587790164257078e-08
1797.0 2.9564492161017807e-08
1798.0 2.9541194157778546e-08
1799.0 2.9517896154539272e-08
1800.0 2.949459815130001e-08
1801.0 2.947130014806074e-08
1802.0 2.9448002144821475e-08
1803.0 2.9424704141582204e-08
1804.0 2.9401406138342943e-08
1805.0 2.9378108135103672e-08
1806.0 2.9354810131864408e-08
1807.0 2.933151212862514e-08
1808.0 2.9308214125385876e-08
1809.0 2.9284916122146608e-08
1810.0 2.9261618118907344e-08
1811.0 2.9238320115668076e-08
1812.0 2.921502211242881e-08
1813.0 2.919172410918954e-08
1814.0 2.916842610595027e-08
1815.0 2.914512810271101e-08
1816.0 2.9121830099471734e-08
1817.0 2.9098532096232476e-08
1818.0 2.9075234092993212e-08
1819.0 2.9051936089753938e-08
1820.0 2.902863808651467e-08
1821.0 2.9005340083275402e-08
1822.0 2.8982042080036148e-08
1823.0 2.8958744076796873e-08
1824.0 2.8935446073557606e-08
1825.0 2.8912148070318335e-08
1826.0 2.888885006707907e-08
1827.0 2.8865552063839806e-08
1828.0 2.8842254060600538e-08
1829.0 2.881895605736127e-08
1830.0 2.8795658054122006e-08
1831.0 2.877236005088274e-08
1832.0 2.8749062047643474e-08
1833.0 2.8725764044404203e-08
1834.0 2.870246604116494e-08
1835.0 2.867916803792567e-08
1836.0 2.8655870034686406e-08
1837.0 2.863257203144714e-08
1838.0 2.8609274028207864e-08
1839.0 2.8585976024968607e-08
1840.0 2.8562678021729332e-08
1841.0 2.853938001849007e-08
1842.0 2.85160820152508e-08
1843.0 2.8492784012011536e-08
1844.0 2.8469486008772268e-08
1845.0 2.844876453000552e-08
1846.0 2.842830545065368e-08
1847.0 2.8407846371301835e-08
1848.0 2.838738729194999e-08
1849.0 2.8366928212598155e-08
1850.0 2.834646913324631e-08
1851.0 2.8326010053894468e-08
1852.0 2.8305550974542635e-08
1853.0 2.828509189519079e-08
1854.0 2.826463281583894e-08
1855.0 2.8244173736487108e-08
1856.0 2.822371465713526e-08
1857.0 2.820325557778342e-08
1858.0 2.818279649843158e-08
1859.0 2.8162337419079737e-08
1860.0 2.8141878339727904e-08
1861.0 2.812141926037606e-08
1862.0 2.810096018102422e-08
1863.0 2.8080501101672377e-08
1864.0 2.806004202232053e-08
1865.0 2.8039582942968697e-08
1866.0 2.8019123863616847e-08
1867.0 2.7998664784265004e-08
1868.0 2.7978205704913177e-08
1869.0 2.7957746625561327e-08
1870.0 2.7937287546209483e-08
1871.0 2.7916828466857643e-08
1872.0 2.78963693875058e-08
1873.0 2.7875910308153963e-08
1874.0 2.7855451228802116e-08
1875.0 2.783499214945028e-08
1876.0 2.7814533070098446e-08
1877.0 2.7794073990746596e-08
1878.0 2.7773614911394753e-08
1879.0 2.775315583204291e-08
1880.0 2.7732696752691073e-08
1881.0 2.7712237673339233e-08
1882.0 2.7691778593987386e-08
1883.0 2.7671319514635546e-08
1884.0 2.7650860435283706e-08
1885.0 2.7630401355931866e-08
1886.0 2.7609942276580022e-08
1887.0 2.758948319722818e-08
1888.0 2.7569024117876336e-08
1889.0 2.7548565038524502e-08
1890.0 2.752810595917266e-08
1891.0 2.7507646879820815e-08
1892.0 2.7487187800468972e-08
1893.0 2.7466728721117135e-08
1894.0 2.7446269641765292e-08
1895.0 2.742581056241345e-08
1896.0 2.7405351483061605e-08
1897.0 2.738489240370977e-08
1898.0 2.7364433324357928e-08
1899.0 2.7343974245006085e-08
1900.0 2.732351516565424e-08
1901.0 2.7303056086302405e-08
1902.0 2.728259700695056e-08
1903.0 2.726213792759872e-08
1904.0 2.7241678848246874e-08
1905.0 2.722121976889504e-08
1906.0 2.7200760689543198e-08
1907.0 2.7180301610191354e-08
1908.0 2.7159842530839514e-08
1909.0 2.713938345148767e-08
1910.0 2.711892437213583e-08
1911.0 2.709846529278399e-08
1912.0 2.7078006213432144e-08
1913.0 2.705754713408031e-08
1914.0 2.7037088054728467e-08
1915.0 2.7016628975376624e-08
1916.0 2.699616989602478e-08
1917.0 2.697571081667294e-08
1918.0 2.6955251737321097e-08
1919.0 2.693479265796926e-08
1920.0 2.6914333578617417e-08
1921.0 2.6893874499265577e-08
1922.0 2.6873415419913733e-08
1923.0 2.685295634056189e-08
1924.0 2.6832497261210053e-08
1925.0 2.681203818185821e-08
1926.0 2.6791579102506373e-08
1927.0 2.677112002315453e-08
1928.0 2.6750660943802686e-08
1929.0 2.6730201864450846e-08
1930.0 2.6709742785099003e-08
1931.0 2.668928370574716e-08
1932.0 2.6668824626395323e-08
1933.0 2.664836554704348e-08
1934.0 2.662790646769164e-08
1935.0 2.6607447388339796e-08
1936.0 2.6586988308987952e-08
1937.0 2.6566529229636116e-08
1938.0 2.6546070150284272e-08
1939.0 2.652561107093243e-08
1940.0 2.6505151991580592e-08
1941.0 2.648469291222875e-08
1942.0 2.646423383287691e-08
1943.0 2.6443774753525065e-08
1944.0 2.6423315674173222e-08
1945.0 2.6402856594821385e-08
1946.0 2.638239751546954e-08
1947.0 2.6361938436117695e-08
1948.0 2.6341479356765858e-08
1949.0 2.6321020277414015e-08
1950.0 2.6300561198062178e-08
1951.0 2.6280102118710335e-08
1952.0 2.625964303935849e-08
1953.0 2.6239183960006654e-08
1954.0 2.621872488065481e-08
1955.0 2.619826580130296e-08
1956.0 2.6177806721951128e-08
1957.0 2.6157347642599284e-08
1958.0 2.6136888563247447e-08
1959.0 2.6116429483895604e-08
1960.0 2.609597040454376e-08
1961.0 2.607551132519192e-08
1962.0 2.6055052245840077e-08
1963.0 2.6034593166488237e-08
1964.0 2.6014134087136397e-08
1965.0 2.599367500778455e-08
1966.0 2.5973215928432717e-08
1967.0 2.5952756849080874e-08
1968.0 2.5932297769729024e-08
1969.0 2.591183869037719e-08
1970.0 2.5891379611025347e-08
1971.0 2.5870920531673503e-08
1972.0 2.5850461452321667e-08
1973.0 2.5830002372969817e-08
1974.0 2.5809543293617983e-08
1975.0 2.5789084214266136e-08
1976.0 2.5768625134914296e-08
1977.0 2.574816605556246e-08
1978.0 2.5727706976210613e-08
1979.0 2.5707247896858773e-08
1980.0 2.5686788817506936e-08
1981.0 2.5666329738155093e-08
1982.0 2.5645870658803253e-08
1983.0 2.5625411579451406e-08
1984.0 2.5604952500099566e-08
1985.0 2.558449342074773e-08
1986.0 2.5564034341395886e-08
1987.0 2.5545966212530197e-08
1988.0 2.5528263846914094e-08
1989.0 2.5510561481297992e-08
1990.0 2.54928591156819e-08
1991.0 2.54751567500658e-08
1992.0 2.5457454384449703e-08
1993.0 2.54397520188336e-08
1994.0 2.5422049653217505e-08
1995.0 2.5404347287601397e-08
1996.0 2.5386644921985305e-08
1997.0 2.5368942556369206e-08
1998.0 2.5351240190753107e-08
1999.0 2.5333537825137008e-08
2000.0 2.5315835459520906e-08
2001.0 2.5298133093904814e-08
2002.0 2.5280430728288712e-08
2003.0 2.5262728362672613e-08
2004.0 2.5245025997056508e-08
2005.0 2.5227323631440416e-08
2006.0 2.5209621265824317e-08
2007.0 2.519191890020822e-08
2008.0 2.5174216534592116e-08
2009.0 2.5156514168976018e-08
2010.0 2.5138811803359916e-08
2011.0 2.5121109437743823e-08
2012.0 2.5103407072127725e-08
2013.0 2.5085704706511626e-08
2014.0 2.5068002340895527e-08
2015.0 2.5050299975279425e-08
2016.0 2.5032597609663323e-08
2017.0 2.5014895244047228e-08
2018.0 2.499719287843113e-08
2019.0 2.497949051281503e-08
2020.0 2.4961788147198928e-08
2021.0 2.4944085781582836e-08
2022.0 2.4926383415966737e-08
2023.0 2.4908681050350635e-08
2024.0 2.4890978684734536e-08
2025.0 2.4873276319118438e-08
2026.0 2.485557395350234e-08
2027.0 2.4837871587886237e-08
2028.0 2.482016922227014e-08
2029.0 2.480246685665404e-08
2030.0 2.478476449103794e-08
2031.0 2.4767062125421842e-08
2032.0 2.4749359759805747e-08
2033.0 2.4731657394189648e-08
2034.0 2.471395502857355e-08
2035.0 2.4696252662957447e-08
2036.0 2.4678550297341348e-08
2037.0 2.4660847931725246e-08
2038.0 2.464314556610915e-08
2039.0 2.4625443200493052e-08
2040.0 2.4607740834876953e-08
2041.0 2.4590038469260858e-08
2042.0 2.457233610364476e-08
2043.0 2.455463373802865e-08
2044.0 2.453693137241256e-08
2045.0 2.451922900679646e-08
2046.0 2.450152664118036e-08
2047.0 2.448382427556426e-08
2048.0 2.4466121909948163e-08
2049.0 2.4448419544332065e-08
2050.0 2.4430717178715963e-08
2051.0 2.4413014813099864e-08
2052.0 2.4395312447483765e-08
2053.0 2.437761008186767e-08
2054.0 2.435990771625157e-08
2055.0 2.4342205350635472e-08
2056.0 2.432450298501937e-08
2057.0 2.430680061940327e-08
2058.0 2.4289098253787173e-08
2059.0 2.427139588817107e-08
2060.0 2.4253693522554975e-08
2061.0 2.4235991156938876e-08
2062.0 2.4218288791322774e-08
2063.0 2.4200586425706682e-08
2064.0 2.4182884060090574e-08
2065.0 2.416518169447448e-08
2066.0 2.4147479328858386e-08
2067.0 2.4129776963242284e-08
2068.0 2.4112074597626185e-08
2069.0 2.4094372232010087e-08
2070.0 2.407666986639398e-08
2071.0 2.4058967500777886e-08
2072.0 2.4041265135161787e-08
2073.0 2.402356276954569e-08
2074.0 2.4005860403929586e-08
2075.0 2.3988158038313494e-08
2076.0 2.3970455672697395e-08
2077.0 2.3952753307081293e-08
2078.0 2.393505094146519e-08
2079.0 2.3917348575849096e-08
2080.0 2.3899646210232997e-08
2081.0 2.3881943844616898e-08
2082.0 2.3864241479000803e-08
2083.0 2.3846539113384698e-08
2084.0 2.38288367477686e-08
2085.0 2.3811134382152503e-08
2086.0 2.3793432016536398e-08
2087.0 2.3775729650920306e-08
2088.0 2.3758027285304207e-08
2089.0 2.3740324919688105e-08
2090.0 2.372262255407201e-08
2091.0 2.3704920188455904e-08
2092.0 2.368721782283981e-08
2093.0 2.366951545722371e-08
2094.0 2.3651813091607615e-08
2095.0 2.3634110725991516e-08
2096.0 2.3616408360375417e-08
2097.0 2.359870599475932e-08
2098.0 2.3581003629143216e-08
2099.0 2.3563301263527118e-08
2100.0 2.354559889791102e-08
2101.0 2.3527896532294917e-08
2102.0 2.351019416667882e-08
2103.0 2.3492491801062726e-08
2104.0 2.3474789435446627e-08
2105.0 2.345708706983052e-08
2106.0 2.3439384704214427e-08
2107.0 2.3421682338598328e-08
2108.0 2.340397997298223e-08
2109.0 2.338627760736613e-08
2110.0 2.3368575241750028e-08
2111.0 2.335087287613393e-08
2112.0 2.333317051051783e-08
2113.0 2.331546814490173e-08
2114.0 2.3297765779285633e-08
2115.0 2.3280063413669538e-08
2116.0 2.3262361048053432e-08
2117.0 2.324465868243734e-08
2118.0 2.3226956316821232e-08
2119.0 2.320925395120514e-08
2120.0 2.319155158558904e-08
2121.0 2.3173849219972942e-08
2122.0 2.3156146854356843e-08
2123.0 2.3138444488740745e-08
2124.0 2.312074212312465e-08
2125.0 2.3103039757508544e-08
2126.0 2.308533739189245e-08
2127.0 2.3067635026276353e-08
2128.0 2.3049932660660244e-08
2129.0 2.3032230295044152e-08
2130.0 2.3014527929428053e-08
2131.0 2.2996825563811955e-08
2132.0 2.297912319819585e-08
2133.0 2.2961420832579754e-08
2134.0 2.2943718466963655e-08
2135.0 2.2926016101347556e-08
2136.0 2.290831373573146e-08
2137.0 2.2890611370115356e-08
2138.0 2.2872909004499264e-08
2139.0 2.285520663888316e-08
2140.0 2.28397325169766e-08
2141.0 2.2824543704647838e-08
2142.0 2.2809354892319074e-08
2143.0 2.279416607999031e-08
2144.0 2.277897726766155e-08
2145.0 2.2763788455332785e-08
2146.0 2.2748599643004024e-08
2147.0 2.273341083067526e-08
2148.0 2.27182220183465e-08
2149.0 2.2703033206017735e-08
2150.0 2.2687844393688974e-08
2151.0 2.267265558136021e-08
2152.0 2.2657466769031442e-08
2153.0 2.2642277956702684e-08
2154.0 2.2627089144373914e-08
2155.0 2.261190033204516e-08
2156.0 2.2596711519716392e-08
2157.0 2.2581522707387634e-08
2158.0 2.2566333895058867e-08
2159.0 2.255114508273011e-08
2160.0 2.253595627040134e-08
2161.0 2.2520767458072574e-08
2162.0 2.2505578645743817e-08
2163.0 2.2490389833415053e-08
2164.0 2.2475201021086292e-08
2165.0 2.2460012208757528e-08
2166.0 2.2444823396428764e-08
2167.0 2.2429634584100003e-08
2168.0 2.2414445771771242e-08
2169.0 2.2399256959442478e-08
2170.0 2.2384068147113717e-08
2171.0 2.2368879334784953e-08
2172.0 2.235369052245619e-08
2173.0 2.2338501710127428e-08
2174.0 2.2323312897798664e-08
2175.0 2.2308124085469903e-08
2176.0 2.229293527314114e-08
2177.0 2.2277746460812378e-08
2178.0 2.2262557648483614e-08
2179.0 2.2247368836154853e-08
2180.0 2.2232180023826085e-08
2181.0 2.2216991211497328e-08
2182.0 2.2201802399168557e-08
2183.0 2.2186613586839796e-08
2184.0 2.2171424774511035e-08
2185.0 2.2156235962182268e-08
2186.0 2.214104714985351e-08
2187.0 2.2125858337524746e-08
2188.0 2.2110669525195985e-08
2189.0 2.209548071286722e-08
2190.0 2.208029190053846e-08
2191.0 2.2065103088209693e-08
2192.0 2.2049914275880925e-08
2193.0 2.203472546355217e-08
2194.0 2.2019536651223407e-08
2195.0 2.2004347838894646e-08
2196.0 2.1989159026565882e-08
2197.0 2.1973970214237118e-08
2198.0 2.195878140190835e-08
2199.0 2.1943592589579596e-08
2200.0 2.1928403777250832e-08
2201.0 2.1913214964922064e-08
2202.0 2.1898026152593307e-08
2203.0 2.188283734026454e-08
2204.0 2.1867648527935782e-08
2205.0 2.1852459715607014e-08
2206.0 2.1837270903278257e-08
2207.0 2.182208209094949e-08
2208.0 2.1806893278620725e-08
2209.0 2.1791704466291964e-08
2210.0 2.1776515653963203e-08
2211.0 2.176132684163444e-08
2212.0 2.1746138029305675e-08
2213.0 2.173094921697691e-08
2214.0 2.171576040464815e-08
2215.0 2.170057159231939e-08
2216.0 2.168538277999062e-08
2217.0 2.1670193967661864e-08
2218.0 2.16550051553331e-08
2219.0 2.163981634300434e-08
2220.0 2.1624627530675575e-08
2221.0 2.160943871834681e-08
2222.0 2.1594249906018043e-08
2223.0 2.157906109368928e-08
2224.0 2.1563872281360525e-08
2225.0 2.154868346903176e-08
2226.0 2.1533494656703e-08
2227.0 2.1518305844374236e-08
2228.0 2.1503117032045468e-08
2229.0 2.1487928219716704e-08
2230.0 2.147273940738794e-08
2231.0 2.1457550595059182e-08
2232.0 2.1442361782730418e-08
2233.0 2.1427172970401657e-08
2234.0 2.1411984158072893e-08
2235.0 2.1396795345744132e-08
2236.0 2.1381606533415368e-08
2237.0 2.1366417721086607e-08
2238.0 2.1351228908757843e-08
2239.0 2.133604009642908e-08
2240.0 2.1320851284100318e-08
2241.0 2.1305662471771554e-08
2242.0 2.1290473659442793e-08
2243.0 2.127528484711403e-08
2244.0 2.1260096034785265e-08
2245.0 2.1244907222456504e-08
2246.0 2.1229718410127743e-08
2247.0 2.1214529597798972e-08
2248.0 2.1199340785470218e-08
2249.0 2.1184151973141454e-08
2250.0 2.1168963160812686e-08
2251.0 2.115377434848393e-08
2252.0 2.113858553615516e-08
2253.0 2.1123396723826397e-08
2254.0 2.1108207911497633e-08
2255.0 2.109301909916888e-08
2256.0 2.107783028684011e-08
2257.0 2.1062641474511354e-08
2258.0 2.1047452662182586e-08
2259.0 2.1032263849853822e-08
2260.0 2.1017075037525058e-08
2261.0 2.1001886225196294e-08
2262.0 2.0986697412867536e-08
2263.0 2.0971508600538772e-08
2264.0 2.095631978821001e-08
2265.0 2.0941130975881247e-08
2266.0 2.0925942163552486e-08
2267.0 2.0910753351223722e-08
2268.0 2.089556453889496e-08
2269.0 2.0880375726566197e-08
2270.0 2.0865186914237433e-08
2271.0 2.0849998101908672e-08
2272.0 2.08348092895799e-08
2273.0 2.0819620477251147e-08
2274.0 2.0804431664922383e-08
2275.0 2.0789242852593615e-08
2276.0 2.0774054040264858e-08
2277.0 2.0758865227936094e-08
2278.0 2.0743676415607326e-08
2279.0 2.0728487603278565e-08
2280.0 2.0713298790949805e-08
2281.0 2.069810997862104e-08
2282.0 2.068292116629228e-08
2283.0 2.066773235396352e-08
2284.0 2.0652543541634755e-08
2285.0 2.063735472930599e-08
2286.0 2.0622165916977226e-08
2287.0 2.0606977104648465e-08
2288.0 2.0591788292319704e-08
2289.0 2.0576599479990937e-08
2290.0 2.056141066766218e-08
2291.0 2.0546221855333412e-08
2292.0 2.0531033043004654e-08
2293.0 2.051584423067589e-08
2294.0 2.0500655418347126e-08
2295.0 2.0485466606018362e-08
2296.0 2.04702777936896e-08
2297.0 2.0455088981360837e-08
2298.0 2.0439900169032073e-08
2299.0 2.0424711356703312e-08
2300.0 2.0409522544374548e-08
2301.0 2.0394333732045784e-08
2302.0 2.0379144919717026e-08
2303.0 2.036395610738826e-08
2304.0 2.0349023940870973e-08
2305.0 2.033593197667501e-08
2306.0 2.032284001247905e-08
2307.0 2.0309748048283082e-08
2308.0 2.0296656084087117e-08
2309.0 2.028356411989116e-08
2310.0 2.0270472155695194e-08
2311.0 2.025738019149923e-08
2312.0 2.024428822730327e-08
2313.0 2.0231196263107307e-08
2314.0 2.021810429891134e-08
2315.0 2.0205012334715378e-08
2316.0 2.0191920370519416e-08
2317.0 2.017882840632345e-08
2318.0 2.0165736442127487e-08
2319.0 2.0152644477931525e-08
2320.0 2.013955251373556e-08
2321.0 2.0126460549539596e-08
2322.0 2.0113368585343635e-08
2323.0 2.0100276621147673e-08
2324.0 2.0087184656951705e-08
2325.0 2.007409269275574e-08
2326.0 2.0061000728559782e-08
2327.0 2.0047908764363818e-08
2328.0 2.0034816800167853e-08
2329.0 2.0021724835971892e-08
2330.0 2.000863287177593e-08
2331.0 1.9995540907579962e-08
2332.0 1.9982448943384e-08
2333.0 1.9969356979188036e-08
2334.0 1.995626501499207e-08
2335.0 1.994317305079611e-08
2336.0 1.9930081086600145e-08
2337.0 1.9916989122404184e-08
2338.0 1.9903897158208223e-08
2339.0 1.9890805194012258e-08
2340.0 1.9877713229816297e-08
2341.0 1.9864621265620335e-08
2342.0 1.9851529301424367e-08
2343.0 1.9838437337228406e-08
2344.0 1.982534537303244e-08
2345.0 1.9812253408836476e-08
2346.0 1.9799161444640512e-08
2347.0 1.9786069480444547e-08
2348.0 1.9772977516248586e-08
2349.0 1.9759885552052624e-08
2350.0 1.9746793587856656e-08
2351.0 1.9733701623660695e-08
2352.0 1.9720609659464733e-08
2353.0 1.970751769526877e-08
2354.0 1.9694425731072807e-08
2355.0 1.9681333766876846e-08
2356.0 1.966824180268088e-08
2357.0 1.965514983848492e-08
2358.0 1.9642057874288952e-08
2359.0 1.962896591009299e-08
2360.0 1.961587394589703e-08
2361.0 1.960278198170106e-08
2362.0 1.9589690017505096e-08
2363.0 1.9576598053309135e-08
2364.0 1.956350608911317e-08
2365.0 1.955041412491721e-08
2366.0 1.9537322160721248e-08
2367.0 1.952423019652528e-08
2368.0 1.9511138232329318e-08
2369.0 1.9498046268133357e-08
2370.0 1.9484954303937392e-08
2371.0 1.947186233974143e-08
2372.0 1.9458770375545466e-08
2373.0 1.94456784113495e-08
2374.0 1.943258644715354e-08
2375.0 1.9419494482957575e-08
2376.0 1.9406402518761614e-08
2377.0 1.9393310554565652e-08
2378.0 1.9380218590369684e-08
2379.0 1.936712662617372e-08
2380.0 1.9354034661977758e-08
2381.0 1.9340942697781797e-08
2382.0 1.9327850733585832e-08
2383.0 1.931475876938987e-08
2384.0 1.9301666805193903e-08
2385.0 1.928857484099794e-08
2386.0 1.9275482876801977e-08
2387.0 1.9262390912606015e-08
2388.0 1.924929894841005e-08
2389.0 1.9236206984214086e-08
2390.0 1.9223115020018125e-08
2391.0 1.9210023055822163e-08
2392.0 1.91969310916262e-08
2393.0 1.918383912743023e-08
2394.0 1.9170747163234276e-08
2395.0 1.9157655199038308e-08
2396.0 1.9144563234842343e-08
2397.0 1.9131471270646385e-08
2398.0 1.911837930645042e-08
2399.0 1.9105287342254456e-08
2400.0 1.909219537805849e-08
2401.0 1.9079103413862526e-08
2402.0 1.9066011449666565e-08
2403.0 1.90529194854706e-08
2404.0 1.9039827521274635e-08
2405.0 1.9026735557078674e-08
2406.0 1.901364359288271e-08
2407.0 1.9000551628686745e-08
2408.0 1.8987459664490787e-08
2409.0 1.8974367700294822e-08
2410.0 1.8961275736098854e-08
2411.0 1.89481837719029e-08
2412.0 1.893509180770693e-08
2413.0 1.8921999843510966e-08
2414.0 1.8908907879315002e-08
2415.0 1.889581591511904e-08
2416.0 1.8882723950923076e-08
2417.0 1.8869631986727114e-08
2418.0 1.8856540022531153e-08
2419.0 1.8843448058335188e-08
2420.0 1.8830356094139227e-08
2421.0 1.8817264129943255e-08
2422.0 1.8804172165747297e-08
2423.0 1.8791080201551333e-08
2424.0 1.8777988237355368e-08
2425.0 1.8764896273159407e-08
2426.0 1.8751804308963445e-08
2427.0 1.8738712344767477e-08
2428.0 1.8725620380571516e-08
2429.0 1.8712528416375554e-08
2430.0 1.8699436452179586e-08
2431.0 1.8686344487983625e-08
2432.0 1.867325252378766e-08
2433.0 1.86601605595917e-08
2434.0 1.8647068595395738e-08
2435.0 1.8633976631199773e-08
2436.0 1.862088466700381e-08
2437.0 1.860779270280785e-08
2438.0 1.8594700738611882e-08
2439.0 1.8581608774415917e-08
2440.0 1.8568516810219956e-08
2441.0 1.855542484602399e-08
2442.0 1.8542332881828027e-08
2443.0 1.8529240917632065e-08
2444.0 1.85161489534361e-08
2445.0 1.850305698924014e-08
2446.0 1.848996502504417e-08
2447.0 1.847687306084821e-08
2448.0 1.8463781096652248e-08
2449.0 1.8450689132456284e-08
2450.0 1.8437597168260322e-08
2451.0 1.842450520406436e-08
2452.0 1.8411413239868396e-08
2453.0 1.8398321275672435e-08
2454.0 1.838522931147647e-08
2455.0 1.8372137347280505e-08
2456.0 1.835904538308454e-08
2457.0 1.8345953418888576e-08
2458.0 1.833286145469261e-08
2459.0 1.831976949049665e-08
2460.0 1.8306677526300685e-08
2461.0 1.8293585562104724e-08
2462.0 1.8280493597908762e-08
2463.0 1.8267401633712794e-08
2464.0 1.8254309669516833e-08
2465.0 1.824121770532087e-08
2466.0 1.8228125741124907e-08
2467.0 1.8215033776928946e-08
2468.0 1.820194181273298e-08
2469.0 1.8188849848537016e-08
2470.0 1.8175757884341055e-08
2471.0 1.8162665920145093e-08
2472.0 1.814957395594913e-08
2473.0 1.8136481991753167e-08
2474.0 1.81233900275572e-08
2475.0 1.8110298063361238e-08
2476.0 1.8097206099165273e-08
2477.0 1.8084114134969312e-08
2478.0 1.8071022170773347e-08
2479.0 1.8057930206577386e-08
2480.0 1.8044838242381418e-08
2481.0 1.8031746278185456e-08
2482.0 1.8019994046667432e-08
2483.0 1.8008909375757477e-08
2484.0 1.7997824704847522e-08
2485.0 1.798674003393757e-08
2486.0 1.7975655363027618e-08
2487.0 1.7964570692117663e-08
2488.0 1.7953486021207708e-08
2489.0 1.7942401350297753e-08
2490.0 1.7931316679387798e-08
2491.0 1.7920232008477842e-08
2492.0 1.7909147337567887e-08
2493.0 1.7898062666657932e-08
2494.0 1.7886977995747977e-08
2495.0 1.7875893324838028e-08
2496.0 1.786480865392807e-08
2497.0 1.7853723983018115e-08
2498.0 1.7842639312108163e-08
2499.0 1.7831554641198208e-08
2500.0 1.7820469970288252e-08
2501.0 1.7809385299378297e-08
2502.0 1.779830062846834e-08
2503.0 1.7787215957558387e-08
2504.0 1.7776131286648432e-08
2505.0 1.7765046615738477e-08
2506.0 1.775396194482852e-08
2507.0 1.774287727391857e-08
2508.0 1.7731792603008614e-08
2509.0 1.772070793209866e-08
2510.0 1.7709623261188704e-08
2511.0 1.769853859027875e-08
2512.0 1.7687453919368794e-08
2513.0 1.767636924845884e-08
2514.0 1.7665284577548887e-08
2515.0 1.765419990663893e-08
2516.0 1.7643115235728976e-08
2517.0 1.763203056481902e-08
2518.0 1.7620945893909066e-08
2519.0 1.760986122299911e-08
2520.0 1.7598776552089156e-08
2521.0 1.75876918811792e-08
2522.0 1.7576607210269245e-08
2523.0 1.7565522539359293e-08
2524.0 1.7554437868449338e-08
2525.0 1.7543353197539386e-08
2526.0 1.753226852662943e-08
2527.0 1.7521183855719473e-08
2528.0 1.7510099184809517e-08
2529.0 1.7499014513899566e-08
2530.0 1.748792984298961e-08
2531.0 1.7476845172079655e-08
2532.0 1.74657605011697e-08
2533.0 1.7454675830259745e-08
2534.0 1.7443591159349793e-08
2535.0 1.7432506488439838e-08
2536.0 1.7421421817529883e-08
2537.0 1.7410337146619927e-08
2538.0 1.7399252475709972e-08
2539.0 1.7388167804800017e-08
2540.0 1.7377083133890062e-08
2541.0 1.736599846298011e-08
2542.0 1.7354913792070158e-08
2543.0 1.7343829121160203e-08
2544.0 1.7332744450250248e-08
2545.0 1.7321659779340293e-08
2546.0 1.7310575108430337e-08
2547.0 1.7299490437520382e-08
2548.0 1.7288405766610427e-08
2549.0 1.7277321095700472e-08
2550.0 1.7266236424790517e-08
2551.0 1.725515175388056e-08
2552.0 1.7244067082970606e-08
2553.0 1.723298241206065e-08
2554.0 1.7221897741150696e-08
2555.0 1.721081307024074e-08
2556.0 1.719972839933079e-08
2557.0 1.7188643728420834e-08
2558.0 1.717755905751088e-08
2559.0 1.7166474386600927e-08
2560.0 1.715538971569097e-08
2561.0 1.7144305044781016e-08
2562.0 1.713322037387106e-08
2563.0 1.7122135702961106e-08
2564.0 1.711105103205115e-08
2565.0 1.7099966361141196e-08
2566.0 1.708888169023124e-08
2567.0 1.7077797019321285e-08
2568.0 1.7066712348411333e-08
2569.0 1.705562767750138e-08
2570.0 1.7044543006591426e-08
2571.0 1.703345833568147e-08
2572.0 1.7022373664771516e-08
2573.0 1.701128899386156e-08
2574.0 1.7000204322951606e-08
2575.0 1.6989119652041654e-08
2576.0 1.6978034981131695e-08
2577.0 1.696695031022174e-08
2578.0 1.6955865639311788e-08
2579.0 1.6944780968401833e-08
2580.0 1.6933696297491878e-08
2581.0 1.6922611626581923e-08
2582.0 1.6911526955671968e-08
2583.0 1.6900442284762012e-08
2584.0 1.6889357613852057e-08
2585.0 1.6878272942942105e-08
2586.0 1.686718827203215e-08
2587.0 1.6856103601122195e-08
2588.0 1.684501893021224e-08
2589.0 1.6833934259302285e-08
2590.0 1.682284958839233e-08
2591.0 1.6811764917482374e-08
2592.0 1.680068024657242e-08
2593.0 1.6789595575662464e-08
2594.0 1.677851090475251e-08
2595.0 1.6767426233842554e-08
2596.0 1.6756341562932602e-08
2597.0 1.674525689202265e-08
2598.0 1.6734172221112695e-08
2599.0 1.6723087550202736e-08
2600.0 1.6712002879292784e-08
2601.0 1.670091820838283e-08
2602.0 1.6689833537472874e-08
2603.0 1.667874886656292e-08
2604.0 1.6667664195652964e-08
2605.0 1.6656579524743012e-08
2606.0 1.6645494853833057e-08
2607.0 1.66344101829231e-08
2608.0 1.6623325512013146e-08
2609.0 1.661224084110319e-08
2610.0 1.6601156170193236e-08
2611.0 1.659007149928328e-08
2612.0 1.6578986828373326e-08
2613.0 1.656790215746337e-08
2614.0 1.655681748655342e-08
2615.0 1.6545732815643463e-08
2616.0 1.6534648144733508e-08
2617.0 1.6523563473823553e-08
2618.0 1.65124788029136e-08
2619.0 1.6501394132003646e-08
2620.0 1.649030946109369e-08
2621.0 1.6479224790183736e-08
2622.0 1.646814011927378e-08
2623.0 1.6457055448363825e-08
2624.0 1.644597077745387e-08
2625.0 1.6434886106543915e-08
2626.0 1.642380143563396e-08
2627.0 1.6412716764724008e-08
2628.0 1.6401632093814053e-08
2629.0 1.6390547422904097e-08
2630.0 1.6379462751994142e-08
2631.0 1.636837808108419e-08
2632.0 1.6357293410174235e-08
2633.0 1.634620873926428e-08
2634.0 1.6335124068354325e-08
2635.0 1.632403939744437e-08
2636.0 1.6312954726534415e-08
2637.0 1.630187005562446e-08
2638.0 1.6290785384714504e-08
2639.0 1.627970071380455e-08
2640.0 1.62686160428946e-08
2641.0 1.6257531371984645e-08
2642.0 1.624644670107469e-08
2643.0 1.6235362030164735e-08
2644.0 1.622427735925478e-08
2645.0 1.6213192688344825e-08
2646.0 1.6202108017434873e-08
2647.0 1.6191023346524914e-08
2648.0 1.617993867561496e-08
2649.0 1.6168854004705004e-08
2650.0 1.615776933379505e-08
2651.0 1.6146684662885093e-08
2652.0 1.6135599991975138e-08
2653.0 1.612451532106519e-08
2654.0 1.6113430650155235e-08
2655.0 1.610234597924528e-08
2656.0 1.6091261308335324e-08
2657.0 1.608017663742537e-08
2658.0 1.6069091966515414e-08
2659.0 1.605800729560546e-08
2660.0 1.6046922624695503e-08
2661.0 1.6035837953785548e-08
2662.0 1.6024753282875593e-08
2663.0 1.6013668611965638e-08
2664.0 1.6002583941055683e-08
2665.0 1.5991499270145728e-08
2666.0 1.5980414599235772e-08
2667.0 1.5969329928325824e-08
2668.0 1.595824525741587e-08
2669.0 1.5947160586505914e-08
2670.0 1.5936075915595955e-08
2671.0 1.5924991244686003e-08
2672.0 1.5913906573776048e-08
2673.0 1.5903788835974164e-08
2674.0 1.5894481310325394e-08
2675.0 1.588517378467662e-08
2676.0 1.5875866259027846e-08
2677.0 1.5866558733379076e-08
2678.0 1.5857251207730302e-08
2679.0 1.5847943682081532e-08
2680.0 1.5838636156432758e-08
2681.0 1.5829328630783984e-08
2682.0 1.5820021105135214e-08
2683.0 1.5810713579486443e-08
2684.0 1.580140605383767e-08
2685.0 1.5792098528188896e-08
2686.0 1.5782791002540125e-08
2687.0 1.577348347689135e-08
2688.0 1.5764175951242578e-08
2689.0 1.5754868425593807e-08
2690.0 1.5745560899945034e-08
2691.0 1.5736253374296263e-08
2692.0 1.572694584864749e-08
2693.0 1.5717638322998716e-08
2694.0 1.5708330797349945e-08
2695.0 1.5699023271701175e-08
2696.0 1.5689715746052398e-08
2697.0 1.5680408220403627e-08
2698.0 1.5671100694754857e-08
2699.0 1.5661793169106083e-08
2700.0 1.5652485643457313e-08
2701.0 1.564317811780854e-08
2702.0 1.5633870592159765e-08
2703.0 1.5624563066510995e-08
2704.0 1.561525554086222e-08
2705.0 1.5605948015213447e-08
2706.0 1.5596640489564677e-08
2707.0 1.5587332963915903e-08
2708.0 1.557802543826713e-08
2709.0 1.556871791261836e-08
2710.0 1.5559410386969585e-08
2711.0 1.5550102861320815e-08
2712.0 1.554079533567204e-08
2713.0 1.553148781002327e-08
2714.0 1.5522180284374497e-08
2715.0 1.5512872758725726e-08
2716.0 1.5503565233076952e-08
2717.0 1.549425770742818e-08
2718.0 1.5484950181779408e-08
2719.0 1.5475642656130634e-08
2720.0 1.546633513048186e-08
2721.0 1.545702760483309e-08
2722.0 1.5447720079184316e-08
2723.0 1.5438412553535543e-08
2724.0 1.5429105027886772e-08
2725.0 1.5419797502238e-08
2726.0 1.5410489976589228e-08
2727.0 1.5401182450940454e-08
2728.0 1.5391874925291684e-08
2729.0 1.538256739964291e-08
2730.0 1.5373259873994136e-08
2731.0 1.5363952348345366e-08
2732.0 1.5354644822696595e-08
2733.0 1.534533729704782e-08
2734.0 1.5336029771399048e-08
2735.0 1.5326722245750274e-08
2736.0 1.5317414720101504e-08
2737.0 1.530810719445273e-08
2738.0 1.5298799668803956e-08
2739.0 1.5289492143155186e-08
2740.0 1.5280184617506415e-08
2741.0 1.5270877091857645e-08
2742.0 1.5261569566208868e-08
2743.0 1.5252262040560094e-08
2744.0 1.5242954514911327e-08
2745.0 1.523364698926255e-08
2746.0 1.522433946361378e-08
2747.0 1.521503193796501e-08
2748.0 1.5205724412316235e-08
2749.0 1.5196416886667465e-08
2750.0 1.5187109361018688e-08
2751.0 1.5177801835369917e-08
2752.0 1.5168494309721147e-08
2753.0 1.5159186784072376e-08
2754.0 1.51498792584236e-08
2755.0 1.5140571732774825e-08
2756.0 1.5131264207126058e-08
2757.0 1.5121956681477284e-08
2758.0 1.511264915582851e-08
2759.0 1.510334163017974e-08
2760.0 1.5094034104530966e-08
2761.0 1.5084726578882196e-08
2762.0 1.5075419053233422e-08
2763.0 1.506611152758465e-08
2764.0 1.5056804001935878e-08
2765.0 1.5047496476287108e-08
2766.0 1.503818895063833e-08
2767.0 1.502888142498956e-08
2768.0 1.501957389934079e-08
2769.0 1.5010266373692016e-08
2770.0 1.5000958848043242e-08
2771.0 1.4991651322394472e-08
2772.0 1.4982343796745698e-08
2773.0 1.4973036271096924e-08
2774.0 1.4963728745448154e-08
2775.0 1.495442121979938e-08
2776.0 1.494511369415061e-08
2777.0 1.4935806168501836e-08
2778.0 1.4926498642853062e-08
2779.0 1.491719111720429e-08
2780.0 1.4907883591555518e-08
2781.0 1.4898576065906742e-08
2782.0 1.4889268540257974e-08
2783.0 1.4879961014609201e-08
2784.0 1.4870653488960428e-08
2785.0 1.4861345963311657e-08
2786.0 1.4852038437662883e-08
2787.0 1.4842730912014111e-08
2788.0 1.4833423386365338e-08
2789.0 1.4824115860716569e-08
2790.0 1.4814808335067797e-08
2791.0 1.4805500809419023e-08
2792.0 1.4796193283770251e-08
2793.0 1.4786885758121479e-08
2794.0 1.4777578232472707e-08
2795.0 1.476827070682393e-08
2796.0 1.475896318117516e-08
2797.0 1.4749655655526389e-08
2798.0 1.4740348129877615e-08
2799.0 1.4731040604228841e-08
2800.0 1.472173307858007e-08
2801.0 1.4712425552931299e-08
2802.0 1.4703118027282525e-08
2803.0 1.4693810501633753e-08
2804.0 1.4684502975984982e-08
2805.0 1.467519545033621e-08
2806.0 1.4665887924687436e-08
2807.0 1.4656580399038664e-08
2808.0 1.4647272873389892e-08
2809.0 1.4637965347741118e-08
2810.0 1.4628657822092346e-08
2811.0 1.4619350296443574e-08
2812.0 1.4610042770794802e-08
2813.0 1.4600735245146028e-08
2814.0 1.4591427719497256e-08
2815.0 1.4582120193848484e-08
2816.0 1.4572812668199712e-08
2817.0 1.4563505142550938e-08
2818.0 1.4554197616902166e-08
2819.0 1.4544890091253396e-08
2820.0 1.453558256560462e-08
2821.0 1.4526275039955848e-08
2822.0 1.4516967514307078e-08
2823.0 1.4507659988658306e-08
2824.0 1.4498352463009532e-08
2825.0 1.448904493736076e-08
2826.0 1.4479737411711988e-08
2827.0 1.4470429886063216e-08
2828.0 1.4461122360414442e-08
2829.0 1.445181483476567e-08
2830.0 1.4442507309116901e-08
2831.0 1.4433199783468129e-08
2832.0 1.4423892257819352e-08
2833.0 1.441458473217058e-08
2834.0 1.4405277206521811e-08
2835.0 1.4395969680873039e-08
2836.0 1.4386662155224262e-08
2837.0 1.4377354629575491e-08
2838.0 1.436804710392672e-08
2839.0 1.4358739578277949e-08
2840.0 1.4349432052629173e-08
2841.0 1.4340124526980403e-08
2842.0 1.433081700133163e-08
2843.0 1.432150947568286e-08
2844.0 1.4312201950034083e-08
2845.0 1.4302894424385313e-08
2846.0 1.4293586898736542e-08
2847.0 1.428427937308777e-08
2848.0 1.4274971847438993e-08
2849.0 1.4265664321790224e-08
2850.0 1.4256356796141452e-08
2851.0 1.424704927049268e-08
2852.0 1.4237741744843903e-08
2853.0 1.4228434219195134e-08
2854.0 1.4219126693546362e-08
2855.0 1.420981916789759e-08
2856.0 1.4200511642248816e-08
2857.0 1.4191204116600044e-08
2858.0 1.4181896590951272e-08
2859.0 1.4172589065302502e-08
2860.0 1.4163281539653726e-08
2861.0 1.4153974014004956e-08
2862.0 1.4144666488356184e-08
2863.0 1.413535896270741e-08
2864.0 1.4126051437058638e-08
2865.0 1.4116743911409866e-08
2866.0 1.4107436385761094e-08
2867.0 1.409812886011232e-08
2868.0 1.4088821334463548e-08
2869.0 1.4079513808814776e-08
2870.0 1.4070206283166004e-08
2871.0 1.406089875751723e-08
2872.0 1.4051591231868458e-08
2873.0 1.4042283706219686e-08
2874.0 1.4032976180570912e-08
2875.0 1.402366865492214e-08
2876.0 1.4014361129273371e-08
2877.0 1.4005053603624597e-08
2878.0 1.3995746077975822e-08
2879.0 1.398746427576708e-08
2880.0 1.3979622949952367e-08
2881.0 1.3971781624137656e-08
2882.0 1.396394029832294e-08
2883.0 1.3956098972508228e-08
2884.0 1.3948257646693513e-08
2885.0 1.39404163208788e-08
2886.0 1.3932574995064086e-08
2887.0 1.3924733669249376e-08
2888.0 1.3916892343434662e-08
2889.0 1.390905101761995e-08
2890.0 1.3901209691805235e-08
2891.0 1.389336836599052e-08
2892.0 1.3885527040175807e-08
2893.0 1.3877685714361096e-08
2894.0 1.3869844388546384e-08
2895.0 1.386200306273167e-08
2896.0 1.3854161736916956e-08
2897.0 1.3846320411102241e-08
2898.0 1.3838479085287529e-08
2899.0 1.3830637759472817e-08
2900.0 1.3822796433658107e-08
2901.0 1.381495510784339e-08
2902.0 1.3807113782028676e-08
2903.0 1.3799272456213963e-08
2904.0 1.3791431130399247e-08
2905.0 1.3783589804584536e-08
2906.0 1.3775748478769825e-08
2907.0 1.376790715295511e-08
2908.0 1.3760065827140398e-08
2909.0 1.3752224501325686e-08
2910.0 1.3744383175510969e-08
2911.0 1.3736541849696257e-08
2912.0 1.3728700523881547e-08
2913.0 1.3720859198066832e-08
2914.0 1.371301787225212e-08
2915.0 1.3705176546437404e-08
2916.0 1.369733522062269e-08
2917.0 1.3689493894807976e-08
2918.0 1.3681652568993265e-08
2919.0 1.3673811243178553e-08
2920.0 1.3665969917363838e-08
2921.0 1.3658128591549126e-08
2922.0 1.365028726573441e-08
2923.0 1.3642445939919697e-08
2924.0 1.3634604614104984e-08
2925.0 1.3626763288290275e-08
2926.0 1.361892196247556e-08
2927.0 1.3611080636660848e-08
2928.0 1.3603239310846134e-08
2929.0 1.3595397985031417e-08
2930.0 1.3587556659216705e-08
2931.0 1.3579715333401993e-08
2932.0 1.3571874007587281e-08
2933.0 1.3564032681772568e-08
2934.0 1.3556191355957854e-08
2935.0 1.3548350030143139e-08
2936.0 1.3540508704328429e-08
2937.0 1.3532667378513715e-08
2938.0 1.3524826052699e-08
2939.0 1.3516984726884288e-08
2940.0 1.3509143401069576e-08
2941.0 1.350130207525486e-08
2942.0 1.3493460749440145e-08
2943.0 1.3485619423625433e-08
2944.0 1.3477778097810723e-08
2945.0 1.346993677199601e-08
2946.0 1.3462095446181296e-08
2947.0 1.3454254120366584e-08
2948.0 1.3446412794551867e-08
2949.0 1.3438571468737155e-08
2950.0 1.3430730142922445e-08
2951.0 1.342288881710773e-08
2952.0 1.3415047491293017e-08
2953.0 1.3407206165478302e-08
2954.0 1.3399364839663589e-08
2955.0 1.3391523513848873e-08
2956.0 1.3383682188034161e-08
2957.0 1.337584086221945e-08
2958.0 1.3367999536404736e-08
2959.0 1.3360158210590024e-08
2960.0 1.3352316884775312e-08
2961.0 1.3344475558960595e-08
2962.0 1.3336634233145883e-08
2963.0 1.3328792907331173e-08
2964.0 1.3320951581516457e-08
2965.0 1.3313110255701745e-08
2966.0 1.330526892988703e-08
2967.0 1.3297427604072317e-08
2968.0 1.3289586278257606e-08
2969.0 1.328174495244289e-08
2970.0 1.3273903626628179e-08
2971.0 1.3266062300813467e-08
2972.0 1.3258220974998752e-08
2973.0 1.3250379649184037e-08
2974.0 1.3242538323369323e-08
2975.0 1.323469699755461e-08
2976.0 1.32268556717399e-08
2977.0 1.3219014345925185e-08
2978.0 1.3211173020110473e-08
2979.0 1.320333169429576e-08
2980.0 1.3195490368481043e-08
2981.0 1.3187649042666331e-08
2982.0 1.317980771685162e-08
2983.0 1.3171966391036909e-08
2984.0 1.3164125065222193e-08
2985.0 1.315628373940748e-08
2986.0 1.3148442413592765e-08
2987.0 1.3140601087778054e-08
2988.0 1.3132759761963337e-08
2989.0 1.3124918436148627e-08
2990.0 1.3117077110333915e-08
2991.0 1.3109235784519202e-08
2992.0 1.3101394458704486e-08
2993.0 1.3093553132889771e-08
2994.0 1.3085711807075059e-08
2995.0 1.3077870481260349e-08
2996.0 1.3070029155445635e-08
2997.0 1.3062187829630922e-08
2998.0 1.305434650381621e-08
2999.0 1.3046505178001493e-08
3000.0 1.303866385218678e-08
3001.0 1.303082252637207e-08
3002.0 1.3022981200557355e-08
3003.0 1.3015139874742643e-08
3004.0 1.3007298548927928e-08
3005.0 1.2999457223113214e-08
3006.0 1.2991615897298506e-08
3007.0 1.2983774571483787e-08
3008.0 1.2975933245669077e-08
3009.0 1.2968091919854365e-08
3010.0 1.296025059403965e-08
3011.0 1.2952409268224938e-08
3012.0 1.294456794241022e-08
3013.0 1.293672661659551e-08
3014.0 1.2928885290780798e-08
3015.0 1.2921043964966083e-08
3016.0 1.2913202639151371e-08
3017.0 1.290536131333666e-08
3018.0 1.2897519987521942e-08
3019.0 1.2889678661707232e-08
3020.0 1.2881837335892518e-08
3021.0 1.2873996010077802e-08
3022.0 1.2866154684263093e-08
3023.0 1.2858313358448378e-08
3024.0 1.2850472032633662e-08
3025.0 1.2842630706818952e-08
3026.0 1.2834789381004235e-08
3027.0 1.2826948055189523e-08
3028.0 1.2819106729374816e-08
3029.0 1.28112654035601e-08
3030.0 1.2803424077745386e-08
3031.0 1.2795582751930669e-08
3032.0 1.2787741426115957e-08
3033.0 1.2779900100301246e-08
3034.0 1.2772058774486533e-08
3035.0 1.276421744867182e-08
3036.0 1.2756376122857107e-08
3037.0 1.274853479704239e-08
3038.0 1.274069347122768e-08
3039.0 1.2732852145412968e-08
3040.0 1.2725010819598253e-08
3041.0 1.2717169493783541e-08
3042.0 1.2709328167968826e-08
3043.0 1.2701486842154114e-08
3044.0 1.2693645516339402e-08
3045.0 1.2685804190524685e-08
3046.0 1.2677962864709975e-08
3047.0 1.2670121538895263e-08
3048.0 1.2662280213080547e-08
3049.0 1.2654438887265835e-08
3050.0 1.2646597561451118e-08
3051.0 1.2638756235636406e-08
3052.0 1.2630914909821696e-08
3053.0 1.2623073584006981e-08
3054.0 1.2615232258192269e-08
3055.0 1.2607390932377557e-08
3056.0 1.259954960656284e-08
3057.0 1.259170828074813e-08
3058.0 1.2583866954933418e-08
3059.0 1.2576025629118701e-08
3060.0 1.256818430330399e-08
3061.0 1.2560342977489275e-08
3062.0 1.2552501651674563e-08
3063.0 1.2544660325859851e-08
3064.0 1.2536819000045135e-08
3065.0 1.2528977674230424e-08
3066.0 1.2521136348415709e-08
3067.0 1.2513295022600997e-08
3068.0 1.2505453696786285e-08
3069.0 1.2497612370971568e-08
3070.0 1.2489771045156858e-08
3071.0 1.2481929719342144e-08
3072.0 1.247408839352743e-08
3073.0 1.2466247067712719e-08
3074.0 1.2458405741898005e-08
3075.0 1.2450564416083288e-08
3076.0 1.2442723090268578e-08
3077.0 1.2434881764453861e-08
3078.0 1.2427040438639152e-08
3079.0 1.2419199112824439e-08
3080.0 1.2411357787009725e-08
3081.0 1.2403516461195011e-08
3082.0 1.23956751353803e-08
3083.0 1.2387833809565583e-08
3084.0 1.2379992483750872e-08
3085.0 1.2372151157936159e-08
3086.0 1.2364309832121445e-08
3087.0 1.2356468506306733e-08
3088.0 1.2348627180492016e-08
3089.0 1.2340785854677306e-08
3090.0 1.2332944528862594e-08
3091.0 1.2325103203047879e-08
3092.0 1.2317261877233167e-08
3093.0 1.2309420551418455e-08
3094.0 1.230157922560374e-08
3095.0 1.2293737899789028e-08
3096.0 1.228589657397431e-08
3097.0 1.22780552481596e-08
3098.0 1.2270213922344885e-08
3099.0 1.2262372596530173e-08
3100.0 1.2254531270715461e-08
