2.0 1.2019575635964915e-07
3.0 1.604758785323062e-07
4.0 1.9718221582743627e-07
5.0 2.3044004712457033e-07
6.0 2.604107677017872e-07
7.0 2.8739553436117177e-07
8.0 3.115757394888822e-07
9.0 3.3315418883668357e-07
10.0 3.524544147238377e-07
11.0 3.697401218594769e-07
12.0 3.8466883280348816e-07
13.0 3.9806868248240247e-07
14.0 4.0972109891866494e-07
15.0 4.1967047534916215e-07
16.0 4.2840737377261254e-07
17.0 4.3567678964303977e-07
18.0 4.414122085989698e-07
19.0 4.4604052408628585e-07
20.0 4.4980791567821693e-07
21.0 4.5233267311593375e-07
22.0 4.5393403391899724e-07
23.0 4.546461155834062e-07
24.0 4.541288288341953e-07
25.0 4.53325618935388e-07
26.0 4.5153348267952e-07
27.0 4.495599192388068e-07
28.0 4.4656778890275795e-07
29.0 4.434903513680391e-07
30.0 4.394725806353371e-07
31.0 4.354548099026349e-07
32.0 4.309069957744783e-07
33.0 4.262699223294157e-07
34.0 4.2147033048021184e-07
35.0 4.164776455249165e-07
36.0 4.114849605696212e-07
37.0 4.062885258157128e-07
38.0 4.01062552022314e-07
39.0 3.958269279402086e-07
40.0 3.904946102130158e-07
41.0 3.851622924858231e-07
42.0 3.7984716212328335e-07
43.0 3.7469811539373906e-07
44.0 3.695490686641947e-07
45.0 3.6440002193465033e-07
46.0 3.5949304099806116e-07
47.0 3.546235235125447e-07
48.0 3.49754006027028e-07
49.0 3.4496773947867595e-07
50.0 3.403119313365998e-07
51.0 3.356561231945237e-07
52.0 3.3100031505244756e-07
53.0 3.265466927315674e-07
54.0 3.2220417712518027e-07
55.0 3.178616615187933e-07
56.0 3.1351914591240625e-07
57.0 3.094044645660291e-07
58.0 3.054337599122032e-07
59.0 3.0146305525837736e-07
60.0 2.9749235060455156e-07
61.0 2.935955462450158e-07
62.0 2.8989898072297367e-07
63.0 2.862024152009315e-07
64.0 2.8250584967888937e-07
65.0 2.788092841568471e-07
66.0 2.752805334224921e-07
67.0 2.7186751407698025e-07
68.0 2.6845449473146837e-07
69.0 2.6504147538595654e-07
70.0 2.6162845604044466e-07
71.0 2.584047116802452e-07
72.0 2.5533345873502946e-07
73.0 2.5226220578981377e-07
74.0 2.491909528445981e-07
75.0 2.461196998993824e-07
76.0 2.4308008847610587e-07
77.0 2.4025655088929607e-07
78.0 2.3743301330248632e-07
79.0 2.3460947571567652e-07
80.0 2.3178593812886682e-07
81.0 2.2896240054205697e-07
82.0 2.2620561423449798e-07
83.0 2.2361735506807683e-07
84.0 2.210290959016556e-07
85.0 2.184408367352345e-07
86.0 2.1585257756881327e-07
87.0 2.1326431840239215e-07
88.0 2.1067605923597094e-07
89.0 2.0837443848820376e-07
90.0 2.0607584250500203e-07
91.0 2.0377724652180033e-07
92.0 2.014786505385986e-07
93.0 1.991800545553969e-07
94.0 1.9688145857219526e-07
95.0 1.9463080991642788e-07
96.0 1.9255988458526125e-07
97.0 1.9048895925409465e-07
98.0 1.8841803392292795e-07
99.0 1.863471085917613e-07
100.0 1.8427618326059467e-07
101.0 1.82205257929428e-07
102.0 1.8013433259826136e-07
103.0 1.7823420661267374e-07
104.0 1.7635107694719168e-07
105.0 1.7446794728170954e-07
106.0 1.7258481761622748e-07
107.0 1.7070168795074543e-07
108.0 1.6881855828526334e-07
109.0 1.6693542861978123e-07
110.0 1.6506353222826323e-07
111.0 1.6342445483123668e-07
112.0 1.617853774342101e-07
113.0 1.601463000371836e-07
114.0 1.5850722264015702e-07
115.0 1.5686814524313048e-07
116.0 1.5522906784610394e-07
117.0 1.535899904490774e-07
118.0 1.5195091305205085e-07
119.0 1.5042226537549985e-07
120.0 1.4897461340150473e-07
121.0 1.475269614275096e-07
122.0 1.4607930945351447e-07
123.0 1.4463165747951935e-07
124.0 1.4318400550552418e-07
125.0 1.4173635353152909e-07
126.0 1.4028870155753391e-07
127.0 1.388410495835388e-07
128.0 1.37461381332016e-07
129.0 1.3616301205088317e-07
130.0 1.3486464276975033e-07
131.0 1.3356627348861744e-07
132.0 1.3226790420748464e-07
133.0 1.3096953492635178e-07
134.0 1.2967116564521894e-07
135.0 1.2837279636408608e-07
136.0 1.2707442708295325e-07
137.0 1.2577605780182042e-07
138.0 1.245953832082734e-07
139.0 1.2348343234599898e-07
140.0 1.2237148148372458e-07
141.0 1.2125953062145018e-07
142.0 1.2014757975917578e-07
143.0 1.1903562889690135e-07
144.0 1.1792367803462695e-07
145.0 1.1681172717235255e-07
146.0 1.1569977631007812e-07
147.0 1.1458782544780371e-07
148.0 1.1348369838955855e-07
149.0 1.1252637287514582e-07
150.0 1.1156904736073305e-07
151.0 1.106117218463203e-07
152.0 1.0965439633190757e-07
153.0 1.0869707081749482e-07
154.0 1.0773974530308209e-07
155.0 1.0678241978866937e-07
156.0 1.0582509427425662e-07
157.0 1.0486776875984386e-07
158.0 1.0391044324543113e-07
159.0 1.0295311773101839e-07
160.0 1.0206839765235201e-07
161.0 1.0122194155442543e-07
162.0 1.0037548545649881e-07
163.0 9.95290293585722e-08
164.0 9.86825732606456e-08
165.0 9.783611716271898e-08
166.0 9.698966106479237e-08
167.0 9.614320496686577e-08
168.0 9.529674886893916e-08
169.0 9.445029277101254e-08
170.0 9.360383667308591e-08
171.0 9.275738057515933e-08
172.0 9.196071028599216e-08
173.0 9.124478901156845e-08
174.0 9.052886773714474e-08
175.0 8.981294646272105e-08
176.0 8.909702518829735e-08
177.0 8.838110391387363e-08
178.0 8.766518263944994e-08
179.0 8.694926136502624e-08
180.0 8.623334009060253e-08
181.0 8.551741881617884e-08
182.0 8.480149754175512e-08
183.0 8.40855762673314e-08
184.0 8.336965499290773e-08
185.0 8.267214531432252e-08
186.0 8.206948019585689e-08
187.0 8.146681507739127e-08
188.0 8.086414995892566e-08
189.0 8.026148484046004e-08
190.0 7.965881972199444e-08
191.0 7.905615460352882e-08
192.0 7.84534894850632e-08
193.0 7.785082436659759e-08
194.0 7.724815924813197e-08
195.0 7.664549412966636e-08
196.0 7.604282901120074e-08
197.0 7.544016389273511e-08
198.0 7.483749877426953e-08
199.0 7.423483365580391e-08
200.0 7.37043113508953e-08
201.0 7.317959130920149e-08
202.0 7.265487126750766e-08
203.0 7.213015122581385e-08
204.0 7.160543118412003e-08
205.0 7.10807111424262e-08
206.0 7.055599110073241e-08
207.0 7.003127105903858e-08
208.0 6.950655101734476e-08
209.0 6.898183097565094e-08
210.0 6.845711093395714e-08
211.0 6.79323908922633e-08
212.0 6.740767085056948e-08
213.0 6.688295080887568e-08
214.0 6.635823076718187e-08
215.0 6.588463638120922e-08
216.0 6.544628376860227e-08
217.0 6.500793115599533e-08
218.0 6.456957854338838e-08
219.0 6.413122593078144e-08
220.0 6.36928733181745e-08
221.0 6.325452070556754e-08
222.0 6.281616809296058e-08
223.0 6.237781548035364e-08
224.0 6.193946286774669e-08
225.0 6.150111025513974e-08
226.0 6.106275764253279e-08
227.0 6.062440502992583e-08
228.0 6.018605241731889e-08
229.0 5.974769980471195e-08
230.0 5.9309347192105e-08
231.0 5.8876845617921486e-08
232.0 5.85141972245581e-08
233.0 5.815154883119471e-08
234.0 5.778890043783132e-08
235.0 5.742625204446792e-08
236.0 5.7063603651104535e-08
237.0 5.670095525774114e-08
238.0 5.633830686437774e-08
239.0 5.597565847101435e-08
240.0 5.561301007765095e-08
241.0 5.5250361684287565e-08
242.0 5.488771329092417e-08
243.0 5.452506489756077e-08
244.0 5.416241650419739e-08
245.0 5.379976811083399e-08
246.0 5.34371197174706e-08
247.0 5.3074471324107215e-08
248.0 5.2711822930743816e-08
249.0 5.236449049158573e-08
250.0 5.205454896890855e-08
251.0 5.174460744623139e-08
252.0 5.143466592355422e-08
253.0 5.112472440087705e-08
254.0 5.081478287819989e-08
255.0 5.0504841355522704e-08
256.0 5.0194899832845534e-08
257.0 4.988495831016837e-08
258.0 4.957501678749121e-08
259.0 4.926507526481404e-08
260.0 4.895513374213687e-08
261.0 4.8645192219459684e-08
262.0 4.8335250696782533e-08
263.0 4.802530917410536e-08
264.0 4.7715367651428187e-08
265.0 4.740542612875103e-08
266.0 4.709548460607385e-08
267.0 4.6785543083396676e-08
268.0 4.648255495465329e-08
269.0 4.6224552714296665e-08
270.0 4.5966550473940047e-08
271.0 4.570854823358343e-08
272.0 4.545054599322678e-08
273.0 4.5192543752870164e-08
274.0 4.493454151251355e-08
275.0 4.467653927215692e-08
276.0 4.441853703180031e-08
277.0 4.4160534791443675e-08
278.0 4.3902532551087056e-08
279.0 4.364453031073043e-08
280.0 4.33865280703738e-08
281.0 4.312852583001717e-08
282.0 4.287052358966056e-08
283.0 4.2612521349303935e-08
284.0 4.2354519108947317e-08
285.0 4.2096516868590684e-08
286.0 4.183851462823405e-08
287.0 4.158051238787744e-08
288.0 4.1322510147520815e-08
289.0 4.10891442332563e-08
290.0 4.088025475894856e-08
291.0 4.067136528464082e-08
292.0 4.046247581033307e-08
293.0 4.025358633602532e-08
294.0 4.004469686171758e-08
295.0 3.9835807387409836e-08
296.0 3.962691791310209e-08
297.0 3.941802843879434e-08
298.0 3.92091389644866e-08
299.0 3.900024949017885e-08
300.0 3.87913600158711e-08
301.0 3.858247054156337e-08
302.0 3.837358106725561e-08
303.0 3.816469159294787e-08
304.0 3.795580211864012e-08
305.0 3.774691264433238e-08
306.0 3.753802317002463e-08
307.0 3.7329133695716886e-08
308.0 3.712024422140915e-08
309.0 3.69113547471014e-08
310.0 3.670246527279366e-08
311.0 3.650274119335765e-08
312.0 3.632656284109721e-08
313.0 3.615038448883677e-08
314.0 3.597420613657632e-08
315.0 3.5798027784315874e-08
316.0 3.5621849432055434e-08
317.0 3.544567107979499e-08
318.0 3.526949272753454e-08
319.0 3.5093314375274105e-08
320.0 3.491713602301366e-08
321.0 3.474095767075321e-08
322.0 3.456477931849277e-08
323.0 3.438860096623232e-08
324.0 3.4212422613971876e-08
325.0 3.4036244261711435e-08
326.0 3.3860065909450995e-08
327.0 3.3683887557190554e-08
328.0 3.350770920493011e-08
329.0 3.333153085266966e-08
330.0 3.315535250040922e-08
331.0 3.297917414814878e-08
332.0 3.280299579588834e-08
333.0 3.2626817443627884e-08
334.0 3.2450639091367444e-08
335.0 3.2284947442015654e-08
336.0 3.213897604739941e-08
337.0 3.1993004652783155e-08
338.0 3.18470332581669e-08
339.0 3.170106186355065e-08
340.0 3.155509046893441e-08
341.0 3.1409119074318156e-08
342.0 3.1263147679701903e-08
343.0 3.111717628508566e-08
344.0 3.097120489046941e-08
345.0 3.0825233495853165e-08
346.0 3.067926210123691e-08
347.0 3.0533290706620665e-08
348.0 3.038731931200441e-08
349.0 3.0241347917388166e-08
350.0 3.009537652277191e-08
351.0 2.994940512815567e-08
352.0 2.9803433733539414e-08
353.0 2.9657462338923165e-08
354.0 2.9511490944306915e-08
355.0 2.936551954969067e-08
356.0 2.921954815507442e-08
357.0 2.9073576760458166e-08
358.0 2.892760536584191e-08
359.0 2.878163397122567e-08
360.0 2.8635662576609424e-08
361.0 2.850615309864556e-08
362.0 2.8389026705372707e-08
363.0 2.8271900312099855e-08
364.0 2.8154773918827007e-08
365.0 2.803764752555415e-08
366.0 2.7920521132281293e-08
367.0 2.780339473900845e-08
368.0 2.768626834573559e-08
369.0 2.7569141952462747e-08
370.0 2.7452015559189888e-08
371.0 2.7334889165917036e-08
372.0 2.7217762772644177e-08
373.0 2.710063637937133e-08
374.0 2.698350998609848e-08
375.0 2.686638359282562e-08
376.0 2.674925719955277e-08
377.0 2.6632130806279917e-08
378.0 2.6515004413007065e-08
379.0 2.6397878019734213e-08
380.0 2.628075162646136e-08
381.0 2.616362523318851e-08
382.0 2.604649883991565e-08
383.0 2.5929372446642805e-08
384.0 2.5812246053369947e-08
385.0 2.5695119660097095e-08
386.0 2.5577993266824243e-08
387.0 2.5460866873551394e-08
388.0 2.534374048027854e-08
389.0 2.524291972107294e-08
390.0 2.514595298238647e-08
391.0 2.504898624370001e-08
392.0 2.4952019505013537e-08
393.0 2.485505276632708e-08
394.0 2.4758086027640604e-08
395.0 2.466111928895414e-08
396.0 2.456415255026768e-08
397.0 2.4467185811581216e-08
398.0 2.4370219072894745e-08
399.0 2.4273252334208284e-08
400.0 2.417628559552182e-08
401.0 2.407931885683535e-08
402.0 2.3982352118148886e-08
403.0 2.388538537946242e-08
404.0 2.378841864077596e-08
405.0 2.3691451902089488e-08
406.0 2.3594485163403024e-08
407.0 2.3497518424716562e-08
408.0 2.3400551686030097e-08
409.0 2.330358494734363e-08
410.0 2.3206618208657164e-08
411.0 2.3109651469970693e-08
412.0 2.3012684731284235e-08
413.0 2.291571799259776e-08
414.0 2.28187512539113e-08
415.0 2.2721784515224834e-08
416.0 2.262481777653837e-08
417.0 2.2527851037851904e-08
418.0 2.243088429916544e-08
419.0 2.234924433072899e-08
420.0 2.226914608304169e-08
421.0 2.2189047835354384e-08
422.0 2.2108949587667085e-08
423.0 2.2028851339979785e-08
424.0 2.1948753092292476e-08
425.0 2.186865484460518e-08
426.0 2.1788556596917874e-08
427.0 2.1708458349230578e-08
428.0 2.162836010154327e-08
429.0 2.1548261853855972e-08
430.0 2.1468163606168673e-08
431.0 2.138806535848137e-08
432.0 2.130796711079407e-08
433.0 2.1227868863106765e-08
434.0 2.1147770615419465e-08
435.0 2.1067672367732163e-08
436.0 2.0987574120044863e-08
437.0 2.0907475872357564e-08
438.0 2.0827377624670258e-08
439.0 2.074727937698296e-08
440.0 2.0667181129295656e-08
441.0 2.0587082881608353e-08
442.0 2.0506984633921057e-08
443.0 2.042688638623375e-08
444.0 2.034678813854645e-08
445.0 2.026668989085915e-08
446.0 2.018659164317185e-08
447.0 2.0106493395484543e-08
448.0 2.002639514779724e-08
449.0 1.9946296900109945e-08
450.0 1.986619865242264e-08
451.0 1.9797698645209308e-08
452.0 1.973404403343471e-08
453.0 1.9670389421660113e-08
454.0 1.9606734809885516e-08
455.0 1.954308019811092e-08
456.0 1.9479425586336315e-08
457.0 1.941577097456172e-08
458.0 1.935211636278712e-08
459.0 1.9288461751012523e-08
460.0 1.9224807139237926e-08
461.0 1.916115252746333e-08
462.0 1.909749791568873e-08
463.0 1.903384330391413e-08
464.0 1.8970188692139537e-08
465.0 1.8906534080364936e-08
466.0 1.8842879468590336e-08
467.0 1.8779224856815742e-08
468.0 1.871557024504114e-08
469.0 1.865191563326654e-08
470.0 1.8588261021491947e-08
471.0 1.8524606409717346e-08
472.0 1.8460951797942752e-08
473.0 1.8397297186168152e-08
474.0 1.8333642574393555e-08
475.0 1.8269987962618957e-08
476.0 1.8206333350844357e-08
477.0 1.8142678739069756e-08
478.0 1.8079024127295162e-08
479.0 1.8015369515520562e-08
480.0 1.7951714903745964e-08
481.0 1.788806029197137e-08
482.0 1.782440568019677e-08
483.0 1.7760751068422173e-08
484.0 1.7697096456647576e-08
485.0 1.763369283326824e-08
486.0 1.7581645883118405e-08
487.0 1.752959893296857e-08
488.0 1.7477551982818736e-08
489.0 1.7425505032668907e-08
490.0 1.7373458082519075e-08
491.0 1.7321411132369245e-08
492.0 1.726936418221941e-08
493.0 1.7217317232069577e-08
494.0 1.7165270281919745e-08
495.0 1.7113223331769912e-08
496.0 1.7061176381620083e-08
497.0 1.7009129431470247e-08
498.0 1.695708248132041e-08
499.0 1.690503553117058e-08
500.0 1.685298858102075e-08
501.0 1.6800941630870917e-08
502.0 1.6748894680721085e-08
503.0 1.6696847730571252e-08
504.0 1.6644800780421416e-08
505.0 1.6592753830271587e-08
506.0 1.654070688012175e-08
507.0 1.648865992997192e-08
508.0 1.6436612979822086e-08
509.0 1.6384566029672254e-08
510.0 1.633251907952242e-08
511.0 1.6280472129372592e-08
512.0 1.622842517922276e-08
513.0 1.6176378229072927e-08
514.0 1.6124331278923095e-08
515.0 1.607228432877326e-08
516.0 1.6020237378623423e-08
517.0 1.596819042847359e-08
518.0 1.591614347832376e-08
519.0 1.5864096528173925e-08
520.0 1.5812049578024096e-08
521.0 1.5760002627874264e-08
522.0 1.570795567772443e-08
523.0 1.5661931619106925e-08
524.0 1.5618922382545295e-08
525.0 1.5575913145983672e-08
526.0 1.553290390942205e-08
527.0 1.5489894672860422e-08
528.0 1.5446885436298795e-08
529.0 1.5403876199737172e-08
530.0 1.5360866963175545e-08
531.0 1.531785772661392e-08
532.0 1.5274848490052295e-08
533.0 1.523183925349067e-08
534.0 1.5188830016929045e-08
535.0 1.5145820780367415e-08
536.0 1.510281154380579e-08
537.0 1.5059802307244165e-08
538.0 1.501679307068254e-08
539.0 1.4973783834120915e-08
540.0 1.4930774597559285e-08
541.0 1.488776536099766e-08
542.0 1.4844756124436032e-08
543.0 1.4801746887874409e-08
544.0 1.4758737651312782e-08
545.0 1.471572841475116e-08
546.0 1.4672719178189532e-08
547.0 1.4629709941627907e-08
548.0 1.458670070506628e-08
549.0 1.4543691468504653e-08
550.0 1.450068223194303e-08
551.0 1.4457672995381403e-08
552.0 1.4414663758819778e-08
553.0 1.4371654522258152e-08
554.0 1.4328645285696527e-08
555.0 1.4285636049134902e-08
556.0 1.4242626812573275e-08
557.0 1.419961757601165e-08
558.0 1.4156608339450023e-08
559.0 1.4113599102888393e-08
560.0 1.407058986632677e-08
561.0 1.4027580629765145e-08
562.0 1.3984571393203517e-08
563.0 1.394553259424229e-08
564.0 1.3911672937927133e-08
565.0 1.3877813281611979e-08
566.0 1.384395362529682e-08
567.0 1.3810093968981664e-08
568.0 1.3776234312666507e-08
569.0 1.3742374656351352e-08
570.0 1.370851500003619e-08
571.0 1.3674655343721036e-08
572.0 1.364079568740588e-08
573.0 1.3606936031090722e-08
574.0 1.3573076374775565e-08
575.0 1.3539216718460407e-08
576.0 1.3505357062145248e-08
577.0 1.3471497405830095e-08
578.0 1.3437637749514937e-08
579.0 1.340377809319978e-08
580.0 1.3369918436884621e-08
581.0 1.3336058780569468e-08
582.0 1.3302199124254307e-08
583.0 1.3268339467939152e-08
584.0 1.3234479811623996e-08
585.0 1.3200620155308838e-08
586.0 1.3166760498993683e-08
587.0 1.3132900842678525e-08
588.0 1.3099041186363369e-08
589.0 1.3065181530048209e-08
590.0 1.3031321873733053e-08
591.0 1.2997462217417898e-08
592.0 1.296360256110274e-08
593.0 1.2929742904787584e-08
594.0 1.2895883248472426e-08
595.0 1.2862023592157266e-08
596.0 1.282816393584211e-08
597.0 1.2794304279526954e-08
598.0 1.2760444623211799e-08
599.0 1.2726584966896641e-08
600.0 1.2692725310581485e-08
601.0 1.2658865654266327e-08
602.0 1.2625005997951167e-08
603.0 1.259114634163601e-08
604.0 1.2557286685320856e-08
605.0 1.25234270290057e-08
606.0 1.2490228109603957e-08
607.0 1.2462808854105175e-08
608.0 1.2435389598606391e-08
609.0 1.240797034310761e-08
610.0 1.2380551087608832e-08
611.0 1.235313183211005e-08
612.0 1.232571257661127e-08
613.0 1.2298293321112488e-08
614.0 1.2270874065613707e-08
615.0 1.2243454810114925e-08
616.0 1.2216035554616143e-08
617.0 1.2188616299117363e-08
618.0 1.2161197043618582e-08
619.0 1.21337777881198e-08
620.0 1.2106358532621018e-08
621.0 1.207893927712224e-08
622.0 1.2051520021623458e-08
623.0 1.2024100766124676e-08
624.0 1.1996681510625892e-08
625.0 1.1969262255127115e-08
626.0 1.1941842999628333e-08
627.0 1.191442374412955e-08
628.0 1.1887004488630769e-08
629.0 1.1859585233131987e-08
630.0 1.1832165977633208e-08
631.0 1.1804746722134426e-08
632.0 1.1777327466635644e-08
633.0 1.1749908211136865e-08
634.0 1.1722488955638083e-08
635.0 1.1695069700139301e-08
636.0 1.1667650444640519e-08
637.0 1.164023118914174e-08
638.0 1.1612811933642958e-08
639.0 1.1585392678144173e-08
640.0 1.1557973422645394e-08
641.0 1.1530554167146612e-08
642.0 1.1503134911647833e-08
643.0 1.1475715656149051e-08
644.0 1.1448296400650274e-08
645.0 1.1420877145151487e-08
646.0 1.1393457889652705e-08
647.0 1.1366038634153927e-08
648.0 1.1338619378655146e-08
649.0 1.1311200123156367e-08
650.0 1.1283780867657582e-08
651.0 1.1256361612158803e-08
652.0 1.1228942356660021e-08
653.0 1.1203599442251491e-08
654.0 1.1180968104666542e-08
655.0 1.1158336767081593e-08
656.0 1.113570542949664e-08
657.0 1.1113074091911688e-08
658.0 1.1090442754326739e-08
659.0 1.1067811416741786e-08
660.0 1.1045180079156839e-08
661.0 1.1022548741571888e-08
662.0 1.0999917403986935e-08
663.0 1.0977286066401985e-08
664.0 1.0954654728817032e-08
665.0 1.0932023391232085e-08
666.0 1.0909392053647134e-08
667.0 1.0886760716062185e-08
668.0 1.0864129378477229e-08
669.0 1.0841498040892282e-08
670.0 1.081886670330733e-08
671.0 1.0796235365722382e-08
672.0 1.0773604028137431e-08
673.0 1.075097269055248e-08
674.0 1.0728341352967526e-08
675.0 1.0705710015382577e-08
676.0 1.0683078677797624e-08
677.0 1.0660447340212675e-08
678.0 1.0637816002627726e-08
679.0 1.0615184665042774e-08
680.0 1.0592553327457825e-08
681.0 1.0569921989872874e-08
682.0 1.0547290652287923e-08
683.0 1.0524659314702974e-08
684.0 1.0502027977118023e-08
685.0 1.0479396639533072e-08
686.0 1.045676530194812e-08
687.0 1.0434133964363167e-08
688.0 1.041150262677822e-08
689.0 1.0388871289193269e-08
690.0 1.0366239951608318e-08
691.0 1.0343608614023369e-08
692.0 1.0320977276438417e-08
693.0 1.0298345938853466e-08
694.0 1.0275714601268515e-08
695.0 1.0253083263683564e-08
696.0 1.0230451926098613e-08
697.0 1.0207820588513664e-08
698.0 1.0185189250928712e-08
699.0 1.0162557913343761e-08
700.0 1.0139926575758812e-08
701.0 1.011729523817386e-08
702.0 1.009466390058891e-08
703.0 1.007283931501873e-08
704.0 1.0054951264012661e-08
705.0 1.0037063213006592e-08
706.0 1.0019175162000524e-08
707.0 1.0001287110994455e-08
708.0 9.983399059988388e-09
709.0 9.96551100898232e-09
710.0 9.947622957976252e-09
711.0 9.929734906970183e-09
712.0 9.911846855964114e-09
713.0 9.893958804958049e-09
714.0 9.876070753951978e-09
715.0 9.858182702945911e-09
716.0 9.840294651939842e-09
717.0 9.822406600933774e-09
718.0 9.804518549927708e-09
719.0 9.78663049892164e-09
720.0 9.76874244791557e-09
721.0 9.750854396909502e-09
722.0 9.732966345903435e-09
723.0 9.715078294897367e-09
724.0 9.697190243891297e-09
725.0 9.67930219288523e-09
726.0 9.661414141879161e-09
727.0 9.643526090873094e-09
728.0 9.625638039867025e-09
729.0 9.607749988860958e-09
730.0 9.589861937854888e-09
731.0 9.57197388684882e-09
732.0 9.554085835842752e-09
733.0 9.536197784836686e-09
734.0 9.518309733830617e-09
735.0 9.500421682824549e-09
736.0 9.482533631818481e-09
737.0 9.464645580812414e-09
738.0 9.446757529806342e-09
739.0 9.428869478800277e-09
740.0 9.410981427794206e-09
741.0 9.393093376788141e-09
742.0 9.375205325782072e-09
743.0 9.357317274776003e-09
744.0 9.339429223769936e-09
745.0 9.321541172763867e-09
746.0 9.303653121757799e-09
747.0 9.285765070751731e-09
748.0 9.267877019745664e-09
749.0 9.249988968739596e-09
750.0 9.232100917733528e-09
751.0 9.214212866727461e-09
752.0 9.196324815721392e-09
753.0 9.178436764715324e-09
754.0 9.160548713709255e-09
755.0 9.142660662703188e-09
756.0 9.124772611697119e-09
757.0 9.107010235382087e-09
758.0 9.092715215392591e-09
759.0 9.078420195403098e-09
760.0 9.064125175413601e-09
761.0 9.049830155424107e-09
762.0 9.035535135434614e-09
763.0 9.021240115445117e-09
764.0 9.006945095455623e-09
765.0 8.992650075466128e-09
766.0 8.978355055476636e-09
767.0 8.964060035487138e-09
768.0 8.949765015497644e-09
769.0 8.935469995508149e-09
770.0 8.921174975518654e-09
771.0 8.90687995552916e-09
772.0 8.892584935539665e-09
773.0 8.87828991555017e-09
774.0 8.863994895560676e-09
775.0 8.849699875571181e-09
776.0 8.835404855581686e-09
777.0 8.82110983559219e-09
778.0 8.806814815602697e-09
779.0 8.7925197956132e-09
780.0 8.778224775623707e-09
781.0 8.763929755634213e-09
782.0 8.749634735644716e-09
783.0 8.735339715655223e-09
784.0 8.721044695665726e-09
785.0 8.706749675676232e-09
786.0 8.692454655686739e-09
787.0 8.678159635697242e-09
788.0 8.663864615707748e-09
789.0 8.649569595718253e-09
790.0 8.635274575728756e-09
791.0 8.620979555739263e-09
792.0 8.60668453574977e-09
793.0 8.592389515760276e-09
794.0 8.57809449577078e-09
795.0 8.563799475781285e-09
796.0 8.54950445579179e-09
797.0 8.535209435802297e-09
798.0 8.5209144158128e-09
799.0 8.506619395823304e-09
800.0 8.49232437583381e-09
801.0 8.478029355844317e-09
802.0 8.463734335854822e-09
803.0 8.449439315865325e-09
804.0 8.435144295875832e-09
805.0 8.420849275886337e-09
806.0 8.406554255896841e-09
807.0 8.392259235907348e-09
808.0 8.377964215917853e-09
809.0 8.363669195928357e-09
810.0 8.349374175938862e-09
811.0 8.335079155949369e-09
812.0 8.320784135959872e-09
813.0 8.306489115970378e-09
814.0 8.292194095980883e-09
815.0 8.27789907599139e-09
816.0 8.265383242594312e-09
817.0 8.253524984916408e-09
818.0 8.241666727238503e-09
819.0 8.229808469560599e-09
820.0 8.217950211882695e-09
821.0 8.20609195420479e-09
822.0 8.194233696526886e-09
823.0 8.182375438848981e-09
824.0 8.170517181171077e-09
825.0 8.158658923493174e-09
826.0 8.146800665815268e-09
827.0 8.134942408137366e-09
828.0 8.123084150459461e-09
829.0 8.111225892781557e-09
830.0 8.099367635103653e-09
831.0 8.087509377425748e-09
832.0 8.075651119747846e-09
833.0 8.063792862069941e-09
834.0 8.051934604392035e-09
835.0 8.040076346714132e-09
836.0 8.028218089036228e-09
837.0 8.016359831358324e-09
838.0 8.00450157368042e-09
839.0 7.992643316002517e-09
840.0 7.98078505832461e-09
841.0 7.96892680064671e-09
842.0 7.957068542968805e-09
843.0 7.9452102852909e-09
844.0 7.933352027612995e-09
845.0 7.921493769935092e-09
846.0 7.909635512257188e-09
847.0 7.897777254579282e-09
848.0 7.885918996901379e-09
849.0 7.874060739223476e-09
850.0 7.862202481545572e-09
851.0 7.850344223867668e-09
852.0 7.838485966189763e-09
853.0 7.826627708511859e-09
854.0 7.814769450833955e-09
855.0 7.80291119315605e-09
856.0 7.791052935478146e-09
857.0 7.779194677800243e-09
858.0 7.767336420122337e-09
859.0 7.755478162444434e-09
860.0 7.74361990476653e-09
861.0 7.731761647088626e-09
862.0 7.719903389410721e-09
863.0 7.708045131732817e-09
864.0 7.696186874054914e-09
865.0 7.684328616377008e-09
866.0 7.672470358699104e-09
867.0 7.660612101021201e-09
868.0 7.648753843343297e-09
869.0 7.636895585665392e-09
870.0 7.625037327987488e-09
871.0 7.613179070309584e-09
872.0 7.601320812631681e-09
873.0 7.589462554953778e-09
874.0 7.577604297275872e-09
875.0 7.565746039597968e-09
876.0 7.553887781920064e-09
877.0 7.542029524242159e-09
878.0 7.530171266564255e-09
879.0 7.52061762480136e-09
880.0 7.511225751231937e-09
881.0 7.501833877662515e-09
882.0 7.492442004093094e-09
883.0 7.483050130523669e-09
884.0 7.473658256954249e-09
885.0 7.464266383384825e-09
886.0 7.454874509815404e-09
887.0 7.445482636245982e-09
888.0 7.436090762676559e-09
889.0 7.426698889107138e-09
890.0 7.417307015537715e-09
891.0 7.407915141968293e-09
892.0 7.398523268398871e-09
893.0 7.389131394829448e-09
894.0 7.379739521260027e-09
895.0 7.370347647690603e-09
896.0 7.360955774121183e-09
897.0 7.351563900551761e-09
898.0 7.342172026982339e-09
899.0 7.332780153412916e-09
900.0 7.323388279843493e-09
901.0 7.313996406274072e-09
902.0 7.304604532704649e-09
903.0 7.295212659135228e-09
904.0 7.285820785565805e-09
905.0 7.276428911996382e-09
906.0 7.267037038426961e-09
907.0 7.257645164857539e-09
908.0 7.248253291288117e-09
909.0 7.238861417718695e-09
910.0 7.229469544149272e-09
911.0 7.2200776705798486e-09
912.0 7.210685797010429e-09
913.0 7.201293923441006e-09
914.0 7.1919020498715845e-09
915.0 7.182510176302162e-09
916.0 7.173118302732738e-09
917.0 7.163726429163318e-09
918.0 7.154334555593895e-09
919.0 7.144942682024473e-09
920.0 7.135550808455051e-09
921.0 7.1261589348856274e-09
922.0 7.116767061316207e-09
923.0 7.1073751877467825e-09
924.0 7.0979833141773626e-09
925.0 7.08859144060794e-09
926.0 7.0791995670385185e-09
927.0 7.069807693469096e-09
928.0 7.060415819899673e-09
929.0 7.051023946330252e-09
930.0 7.041632072760829e-09
931.0 7.032240199191408e-09
932.0 7.022848325621985e-09
933.0 7.013456452052562e-09
934.0 7.004064578483141e-09
935.0 6.994672704913717e-09
936.0 6.9852808313442966e-09
937.0 6.975888957774874e-09
938.0 6.966497084205452e-09
939.0 6.95710521063603e-09
940.0 6.947713337066608e-09
941.0 6.938321463497186e-09
942.0 6.928929589927763e-09
943.0 6.919537716358342e-09
944.0 6.910145842788919e-09
945.0 6.900753969219496e-09
946.0 6.8919212372778e-09
947.0 6.8843816263164235e-09
948.0 6.876842015355048e-09
949.0 6.869302404393673e-09
950.0 6.861762793432296e-09
951.0 6.8542231824709225e-09
952.0 6.846683571509546e-09
953.0 6.83914396054817e-09
954.0 6.8316043495867935e-09
955.0 6.824064738625416e-09
956.0 6.816525127664042e-09
957.0 6.808985516702665e-09
958.0 6.80144590574129e-09
959.0 6.793906294779913e-09
960.0 6.786366683818538e-09
961.0 6.778827072857161e-09
962.0 6.771287461895786e-09
963.0 6.763747850934411e-09
964.0 6.756208239973033e-09
965.0 6.748668629011658e-09
966.0 6.741129018050282e-09
967.0 6.7335894070889055e-09
968.0 6.726049796127531e-09
969.0 6.718510185166156e-09
970.0 6.710970574204778e-09
971.0 6.703430963243403e-09
972.0 6.695891352282027e-09
973.0 6.688351741320649e-09
974.0 6.6808121303592755e-09
975.0 6.673272519397899e-09
976.0 6.6657329084365234e-09
977.0 6.658193297475147e-09
978.0 6.650653686513772e-09
979.0 6.643114075552397e-09
980.0 6.635574464591019e-09
981.0 6.628034853629644e-09
982.0 6.620495242668268e-09
983.0 6.612955631706891e-09
984.0 6.605416020745516e-09
985.0 6.59787640978414e-09
986.0 6.5903367988227644e-09
987.0 6.582797187861388e-09
988.0 6.5752575769000115e-09
989.0 6.567717965938636e-09
990.0 6.56017835497726e-09
991.0 6.552638744015883e-09
992.0 6.545099133054508e-09
993.0 6.537559522093132e-09
994.0 6.530019911131757e-09
995.0 6.522480300170381e-09
996.0 6.514940689209004e-09
997.0 6.5074010782476286e-09
998.0 6.4998614672862525e-09
999.0 6.492321856324877e-09
1000.0 6.4847822453634995e-09
1001.0 6.4772426344021235e-09
1002.0 6.469703023440748e-09
1003.0 6.462163412479371e-09
1004.0 6.454623801517996e-09
1005.0 6.447084190556621e-09
1006.0 6.439544579595245e-09
1007.0 6.4320049686338696e-09
1008.0 6.4244653576724935e-09
1009.0 6.416925746711117e-09
1010.0 6.409386135749741e-09
1011.0 6.401846524788365e-09
1012.0 6.3943069138269884e-09
1013.0 6.386767302865613e-09
1014.0 6.379227691904238e-09
1015.0 6.371688080942862e-09
1016.0 6.364148469981484e-09
1017.0 6.356608859020111e-09
1018.0 6.349069248058733e-09
1019.0 6.342106543620111e-09
1020.0 6.335821166556905e-09
1021.0 6.329535789493698e-09
1022.0 6.3232504124304916e-09
1023.0 6.316965035367285e-09
1024.0 6.310679658304076e-09
1025.0 6.304394281240871e-09
1026.0 6.2981089041776645e-09
1027.0 6.291823527114456e-09
1028.0 6.285538150051249e-09
1029.0 6.279252772988042e-09
1030.0 6.272967395924835e-09
1031.0 6.266682018861629e-09
1032.0 6.2603966417984225e-09
1033.0 6.254111264735215e-09
1034.0 6.2478258876720085e-09
1035.0 6.241540510608802e-09
1036.0 6.235255133545595e-09
1037.0 6.228969756482387e-09
1038.0 6.222684379419181e-09
1039.0 6.2163990023559765e-09
1040.0 6.210113625292767e-09
1041.0 6.20382824822956e-09
1042.0 6.197542871166354e-09
1043.0 6.191257494103147e-09
1044.0 6.18497211703994e-09
1045.0 6.178686739976734e-09
1046.0 6.172401362913525e-09
1047.0 6.166115985850318e-09
1048.0 6.159830608787113e-09
1049.0 6.153545231723905e-09
1050.0 6.1472598546606975e-09
1051.0 6.140974477597493e-09
1052.0 6.134689100534286e-09
1053.0 6.128403723471078e-09
1054.0 6.122118346407871e-09
1055.0 6.1158329693446655e-09
1056.0 6.109547592281457e-09
1057.0 6.103262215218251e-09
1058.0 6.096976838155044e-09
1059.0 6.090691461091836e-09
1060.0 6.08440608402863e-09
1061.0 6.0781207069654236e-09
1062.0 6.071835329902216e-09
1063.0 6.0655499528390096e-09
1064.0 6.059264575775803e-09
1065.0 6.052979198712596e-09
1066.0 6.046693821649389e-09
1067.0 6.0404084445861825e-09
1068.0 6.034123067522973e-09
1069.0 6.0278376904597685e-09
1070.0 6.021552313396562e-09
1071.0 6.015266936333354e-09
1072.0 6.008981559270146e-09
1073.0 6.002696182206941e-09
1074.0 5.996410805143735e-09
1075.0 5.9901254280805265e-09
1076.0 5.98384005101732e-09
1077.0 5.977554673954114e-09
1078.0 5.971269296890906e-09
1079.0 5.9649839198276994e-09
1080.0 5.9586985427644945e-09
1081.0 5.952413165701285e-09
1082.0 5.946127788638079e-09
1083.0 5.939842411574872e-09
1084.0 5.933557034511665e-09
1085.0 5.927271657448458e-09
1086.0 5.920986280385252e-09
1087.0 5.914700903322044e-09
1088.0 5.908415526258838e-09
1089.0 5.902130149195631e-09
1090.0 5.895844772132425e-09
1091.0 5.889559395069217e-09
1092.0 5.883274018006011e-09
1093.0 5.876988640942803e-09
1094.0 5.870703263879597e-09
1095.0 5.86441788681639e-09
1096.0 5.8581325097531835e-09
1097.0 5.851856360791639e-09
1098.0 5.846808710211738e-09
1099.0 5.841761059631837e-09
1100.0 5.836713409051937e-09
1101.0 5.831665758472037e-09
1102.0 5.826618107892135e-09
1103.0 5.821570457312235e-09
1104.0 5.816522806732335e-09
1105.0 5.811475156152434e-09
1106.0 5.806427505572534e-09
1107.0 5.801379854992635e-09
1108.0 5.796332204412733e-09
1109.0 5.7912845538328324e-09
1110.0 5.786236903252933e-09
1111.0 5.781189252673032e-09
1112.0 5.7761416020931305e-09
1113.0 5.77109395151323e-09
1114.0 5.7660463009333286e-09
1115.0 5.76099865035343e-09
1116.0 5.75595099977353e-09
1117.0 5.7509033491936274e-09
1118.0 5.745855698613727e-09
1119.0 5.740808048033827e-09
1120.0 5.735760397453928e-09
1121.0 5.730712746874027e-09
1122.0 5.725665096294127e-09
1123.0 5.720617445714226e-09
1124.0 5.715569795134326e-09
1125.0 5.710522144554426e-09
1126.0 5.705474493974524e-09
1127.0 5.700426843394624e-09
1128.0 5.695379192814722e-09
1129.0 5.690331542234823e-09
1130.0 5.685283891654922e-09
1131.0 5.680236241075021e-09
1132.0 5.675188590495121e-09
1133.0 5.670140939915222e-09
1134.0 5.6650932893353206e-09
1135.0 5.6600456387554205e-09
1136.0 5.654997988175521e-09
1137.0 5.649950337595619e-09
1138.0 5.644902687015719e-09
1139.0 5.63985503643582e-09
1140.0 5.634807385855918e-09
1141.0 5.629759735276017e-09
1142.0 5.624712084696116e-09
1143.0 5.619664434116216e-09
1144.0 5.614616783536316e-09
1145.0 5.609569132956416e-09
1146.0 5.604521482376515e-09
1147.0 5.599473831796614e-09
1148.0 5.594426181216713e-09
1149.0 5.589378530636814e-09
1150.0 5.584330880056913e-09
1151.0 5.579283229477011e-09
1152.0 5.574235578897113e-09
1153.0 5.569187928317213e-09
1154.0 5.56414027773731e-09
1155.0 5.55909262715741e-09
1156.0 5.55404497657751e-09
1157.0 5.5489973259976106e-09
1158.0 5.54394967541771e-09
1159.0 5.5389020248378095e-09
1160.0 5.5338543742579086e-09
1161.0 5.528806723678007e-09
1162.0 5.523759073098108e-09
1163.0 5.518711422518207e-09
1164.0 5.5136637719383065e-09
1165.0 5.508616121358406e-09
1166.0 5.5035684707785054e-09
1167.0 5.498520820198605e-09
1168.0 5.493473169618705e-09
1169.0 5.4884255190388034e-09
1170.0 5.483377868458903e-09
1171.0 5.478330217879003e-09
1172.0 5.473282567299103e-09
1173.0 5.468234916719202e-09
1174.0 5.463187266139302e-09
1175.0 5.458139615559401e-09
1176.0 5.4530919649795e-09
1177.0 5.4480443143996e-09
1178.0 5.4429966638197e-09
1179.0 5.437949013239799e-09
1180.0 5.432901362659897e-09
1181.0 5.4278537120800005e-09
1182.0 5.4232908132710335e-09
1183.0 5.419189609681297e-09
1184.0 5.415088406091559e-09
1185.0 5.410987202501823e-09
1186.0 5.406885998912087e-09
1187.0 5.402784795322353e-09
1188.0 5.398683591732617e-09
1189.0 5.394582388142879e-09
1190.0 5.390481184553145e-09
1191.0 5.386379980963409e-09
1192.0 5.382278777373672e-09
1193.0 5.378177573783935e-09
1194.0 5.3740763701942e-09
1195.0 5.3699751666044644e-09
1196.0 5.3658739630147285e-09
1197.0 5.361772759424991e-09
1198.0 5.3576715558352565e-09
1199.0 5.353570352245521e-09
1200.0 5.349469148655785e-09
1201.0 5.345367945066047e-09
1202.0 5.341266741476311e-09
1203.0 5.337165537886574e-09
1204.0 5.33306433429684e-09
1205.0 5.328963130707104e-09
1206.0 5.324861927117368e-09
1207.0 5.320760723527632e-09
1208.0 5.3166595199378945e-09
1209.0 5.31255831634816e-09
1210.0 5.308457112758423e-09
1211.0 5.304355909168686e-09
1212.0 5.300254705578951e-09
1213.0 5.296153501989215e-09
1214.0 5.29205229839948e-09
1215.0 5.287951094809742e-09
1216.0 5.283849891220008e-09
1217.0 5.279748687630272e-09
1218.0 5.275647484040534e-09
1219.0 5.271546280450798e-09
1220.0 5.267445076861061e-09
1221.0 5.263343873271326e-09
1222.0 5.2592426696815895e-09
1223.0 5.255141466091854e-09
1224.0 5.251040262502118e-09
1225.0 5.246939058912383e-09
1226.0 5.242837855322647e-09
1227.0 5.23873665173291e-09
1228.0 5.234635448143174e-09
1229.0 5.230534244553438e-09
1230.0 5.226433040963701e-09
1231.0 5.222331837373966e-09
1232.0 5.2182306337842316e-09
1233.0 5.214129430194494e-09
1234.0 5.210028226604757e-09
1235.0 5.20592702301502e-09
1236.0 5.201825819425285e-09
1237.0 5.197724615835549e-09
1238.0 5.193623412245813e-09
1239.0 5.189522208656077e-09
1240.0 5.1854210050663414e-09
1241.0 5.1813198014766055e-09
1242.0 5.177218597886869e-09
1243.0 5.1731173942971336e-09
1244.0 5.169016190707397e-09
1245.0 5.164914987117661e-09
1246.0 5.160813783527925e-09
1247.0 5.156712579938188e-09
1248.0 5.152611376348452e-09
1249.0 5.148510172758717e-09
1250.0 5.144408969168981e-09
1251.0 5.140307765579244e-09
1252.0 5.136206561989509e-09
1253.0 5.132105358399772e-09
1254.0 5.1280041548100356e-09
1255.0 5.1239029512203004e-09
1256.0 5.119801747630564e-09
1257.0 5.115700544040829e-09
1258.0 5.111599340451092e-09
1259.0 5.107498136861356e-09
1260.0 5.10339693327162e-09
1261.0 5.099295729681883e-09
1262.0 5.095194526092149e-09
1263.0 5.091093322502412e-09
1264.0 5.086992118912676e-09
1265.0 5.082890915322939e-09
1266.0 5.078789711733203e-09
1267.0 5.074688508143467e-09
1268.0 5.070587304553731e-09
1269.0 5.066486100963995e-09
1270.0 5.0623848973742594e-09
1271.0 5.058283693784524e-09
1272.0 5.0541824901947875e-09
1273.0 5.0504042445790085e-09
1274.0 5.046937908652567e-09
1275.0 5.043471572726128e-09
1276.0 5.040005236799687e-09
1277.0 5.0365389008732464e-09
1278.0 5.0330725649468065e-09
1279.0 5.029606229020367e-09
1280.0 5.026139893093926e-09
1281.0 5.022673557167486e-09
1282.0 5.019207221241045e-09
1283.0 5.015740885314606e-09
1284.0 5.012274549388165e-09
1285.0 5.0088082134617255e-09
1286.0 5.005341877535285e-09
1287.0 5.001875541608844e-09
1288.0 4.998409205682405e-09
1289.0 4.994942869755963e-09
1290.0 4.9914765338295235e-09
1291.0 4.988010197903084e-09
1292.0 4.984543861976644e-09
1293.0 4.981077526050204e-09
1294.0 4.977611190123763e-09
1295.0 4.974144854197323e-09
1296.0 4.970678518270883e-09
1297.0 4.967212182344443e-09
1298.0 4.9637458464180026e-09
1299.0 4.960279510491563e-09
1300.0 4.956813174565123e-09
1301.0 4.953346838638681e-09
1302.0 4.949880502712242e-09
1303.0 4.946414166785801e-09
1304.0 4.942947830859361e-09
1305.0 4.9394814949329216e-09
1306.0 4.936015159006481e-09
1307.0 4.932548823080041e-09
1308.0 4.9290824871536e-09
1309.0 4.92561615122716e-09
1310.0 4.9221498153007196e-09
1311.0 4.91868347937428e-09
1312.0 4.91521714344784e-09
1313.0 4.911750807521399e-09
1314.0 4.908284471594958e-09
1315.0 4.904818135668519e-09
1316.0 4.9013517997420785e-09
1317.0 4.897885463815638e-09
1318.0 4.894419127889197e-09
1319.0 4.890952791962757e-09
1320.0 4.887486456036317e-09
1321.0 4.884020120109877e-09
1322.0 4.880553784183437e-09
1323.0 4.877087448256997e-09
1324.0 4.873621112330557e-09
1325.0 4.870154776404116e-09
1326.0 4.866688440477677e-09
1327.0 4.863222104551237e-09
1328.0 4.859755768624796e-09
1329.0 4.856289432698356e-09
1330.0 4.852823096771916e-09
1331.0 4.849356760845475e-09
1332.0 4.845890424919036e-09
1333.0 4.842424088992595e-09
1334.0 4.838957753066154e-09
1335.0 4.8354914171397144e-09
1336.0 4.8320250812132745e-09
1337.0 4.828558745286834e-09
1338.0 4.825092409360394e-09
1339.0 4.821626073433953e-09
1340.0 4.818159737507514e-09
1341.0 4.814693401581073e-09
1342.0 4.8112270656546334e-09
1343.0 4.807760729728193e-09
1344.0 4.804294393801753e-09
1345.0 4.800828057875312e-09
1346.0 4.797361721948871e-09
1347.0 4.793895386022431e-09
1348.0 4.7904290500959915e-09
1349.0 4.786962714169551e-09
1350.0 4.783496378243111e-09
1351.0 4.780030042316671e-09
1352.0 4.77656370639023e-09
1353.0 4.77309737046379e-09
1354.0 4.76963103453735e-09
1355.0 4.7661646986109105e-09
1356.0 4.762698362684469e-09
1357.0 4.75923202675803e-09
1358.0 4.755765690831589e-09
1359.0 4.752299354905148e-09
1360.0 4.748833018978709e-09
1361.0 4.74536668305227e-09
1362.0 4.741900347125829e-09
1363.0 4.738434011199389e-09
1364.0 4.734967675272948e-09
1365.0 4.731501339346508e-09
1366.0 4.728035003420068e-09
1367.0 4.7245686674936275e-09
1368.0 4.7211023315671876e-09
1369.0 4.717635995640748e-09
1370.0 4.714169659714307e-09
1371.0 4.710995799395723e-09
1372.0 4.708119457155966e-09
1373.0 4.705243114916209e-09
1374.0 4.70236677267645e-09
1375.0 4.6994904304366926e-09
1376.0 4.696614088196934e-09
1377.0 4.6937377459571776e-09
1378.0 4.690861403717419e-09
1379.0 4.687985061477662e-09
1380.0 4.685108719237904e-09
1381.0 4.682232376998146e-09
1382.0 4.679356034758389e-09
1383.0 4.676479692518631e-09
1384.0 4.6736033502788735e-09
1385.0 4.670727008039115e-09
1386.0 4.6678506657993585e-09
1387.0 4.664974323559599e-09
1388.0 4.662097981319842e-09
1389.0 4.6592216390800836e-09
1390.0 4.656345296840327e-09
1391.0 4.653468954600569e-09
1392.0 4.650592612360811e-09
1393.0 4.647716270121054e-09
1394.0 4.644839927881295e-09
1395.0 4.641963585641539e-09
1396.0 4.63908724340178e-09
1397.0 4.636210901162023e-09
1398.0 4.6333345589222645e-09
1399.0 4.630458216682507e-09
1400.0 4.6275818744427496e-09
1401.0 4.624705532202991e-09
1402.0 4.621829189963234e-09
1403.0 4.618952847723476e-09
1404.0 4.616076505483718e-09
1405.0 4.6132001632439605e-09
1406.0 4.610323821004203e-09
1407.0 4.607447478764445e-09
1408.0 4.604571136524688e-09
1409.0 4.601694794284929e-09
1410.0 4.598818452045171e-09
1411.0 4.595942109805413e-09
1412.0 4.593065767565656e-09
1413.0 4.590189425325898e-09
1414.0 4.5873130830861406e-09
1415.0 4.584436740846383e-09
1416.0 4.5815603986066264e-09
1417.0 4.578684056366867e-09
1418.0 4.57580771412711e-09
1419.0 4.572931371887352e-09
1420.0 4.570055029647594e-09
1421.0 4.567178687407837e-09
1422.0 4.564302345168079e-09
1423.0 4.561426002928321e-09
1424.0 4.558549660688562e-09
1425.0 4.555673318448806e-09
1426.0 4.552796976209047e-09
1427.0 4.54992063396929e-09
1428.0 4.5470442917295324e-09
1429.0 4.544167949489774e-09
1430.0 4.541291607250017e-09
1431.0 4.538415265010258e-09
1432.0 4.535538922770502e-09
1433.0 4.532662580530743e-09
1434.0 4.529786238290985e-09
1435.0 4.526909896051228e-09
1436.0 4.52403355381147e-09
1437.0 4.521157211571712e-09
1438.0 4.518280869331955e-09
1439.0 4.515404527092198e-09
1440.0 4.512528184852439e-09
1441.0 4.509651842612682e-09
1442.0 4.506775500372925e-09
1443.0 4.503899158133166e-09
1444.0 4.5010228158934085e-09
1445.0 4.49814647365365e-09
1446.0 4.4952701314138935e-09
1447.0 4.492393789174135e-09
1448.0 4.489517446934377e-09
1449.0 4.48664110469462e-09
1450.0 4.483764762454861e-09
1451.0 4.480888420215104e-09
1452.0 4.478012077975346e-09
1453.0 4.475135735735589e-09
1454.0 4.472259393495831e-09
1455.0 4.469383051256073e-09
1456.0 4.466506709016315e-09
1457.0 4.463630366776558e-09
1458.0 4.4607540245368e-09
1459.0 4.457877682297043e-09
1460.0 4.4550013400572845e-09
1461.0 4.452124997817527e-09
1462.0 4.449248655577769e-09
1463.0 4.44637231333801e-09
1464.0 4.443495971098254e-09
1465.0 4.4406196288584954e-09
1466.0 4.437743286618738e-09
1467.0 4.434866944378979e-09
1468.0 4.431990602139222e-09
1469.0 4.429114259899465e-09
1470.0 4.426237917659706e-09
1471.0 4.42336157541995e-09
1472.0 4.420485233180192e-09
1473.0 4.417608890940434e-09
1474.0 4.414732548700676e-09
1475.0 4.411856206460919e-09
1476.0 4.40897986422116e-09
1477.0 4.406553549590636e-09
1478.0 4.404159369029854e-09
1479.0 4.401765188469072e-09
1480.0 4.39937100790829e-09
1481.0 4.396976827347507e-09
1482.0 4.394582646786725e-09
1483.0 4.392188466225944e-09
1484.0 4.3897942856651615e-09
1485.0 4.387400105104379e-09
1486.0 4.385005924543597e-09
1487.0 4.382611743982816e-09
1488.0 4.380217563422034e-09
1489.0 4.3778233828612515e-09
1490.0 4.37542920230047e-09
1491.0 4.373035021739686e-09
1492.0 4.370640841178904e-09
1493.0 4.368246660618123e-09
1494.0 4.36585248005734e-09
1495.0 4.363458299496558e-09
1496.0 4.3610641189357755e-09
1497.0 4.358669938374994e-09
1498.0 4.356275757814212e-09
1499.0 4.35388157725343e-09
1500.0 4.351487396692648e-09
1501.0 4.3490932161318654e-09
1502.0 4.346699035571084e-09
1503.0 4.344304855010301e-09
1504.0 4.34191067444952e-09
1505.0 4.339516493888737e-09
1506.0 4.3371223133279546e-09
1507.0 4.334728132767173e-09
1508.0 4.332333952206391e-09
1509.0 4.329939771645608e-09
1510.0 4.327545591084826e-09
1511.0 4.3251514105240445e-09
1512.0 4.322757229963262e-09
1513.0 4.32036304940248e-09
1514.0 4.317968868841698e-09
1515.0 4.315574688280916e-09
1516.0 4.313180507720134e-09
1517.0 4.3107863271593515e-09
1518.0 4.30839214659857e-09
1519.0 4.305997966037787e-09
1520.0 4.303603785477005e-09
1521.0 4.301209604916224e-09
1522.0 4.2988154243554415e-09
1523.0 4.2964212437946585e-09
1524.0 4.294027063233876e-09
1525.0 4.291632882673095e-09
1526.0 4.289238702112313e-09
1527.0 4.286844521551531e-09
1528.0 4.2844503409907484e-09
1529.0 4.282056160429966e-09
1530.0 4.279661979869184e-09
1531.0 4.277267799308402e-09
1532.0 4.2748736187476206e-09
1533.0 4.272479438186838e-09
1534.0 4.270085257626055e-09
1535.0 4.267691077065274e-09
1536.0 4.265296896504492e-09
1537.0 4.26290271594371e-09
1538.0 4.260508535382927e-09
1539.0 4.258114354822145e-09
1540.0 4.255720174261363e-09
1541.0 4.253325993700581e-09
1542.0 4.250931813139799e-09
1543.0 4.248537632579017e-09
1544.0 4.2461434520182345e-09
1545.0 4.243749271457452e-09
1546.0 4.241355090896671e-09
1547.0 4.238960910335889e-09
1548.0 4.236566729775107e-09
1549.0 4.234172549214324e-09
1550.0 4.231778368653542e-09
1551.0 4.22938418809276e-09
1552.0 4.226990007531978e-09
1553.0 4.224595826971197e-09
1554.0 4.222201646410414e-09
1555.0 4.2198074658496314e-09
1556.0 4.217413285288849e-09
1557.0 4.215019104728067e-09
1558.0 4.212624924167285e-09
1559.0 4.210230743606503e-09
1560.0 4.2078365630457206e-09
1561.0 4.205442382484938e-09
1562.0 4.203048201924157e-09
1563.0 4.200654021363375e-09
1564.0 4.198259840802593e-09
1565.0 4.1958656602418105e-09
1566.0 4.193471479681028e-09
1567.0 4.191077299120247e-09
1568.0 4.188683118559464e-09
1569.0 4.186288937998681e-09
1570.0 4.183894757437899e-09
1571.0 4.1815005768771175e-09
1572.0 4.179106396316335e-09
1573.0 4.176712215755553e-09
1574.0 4.174318035194771e-09
1575.0 4.171923854633989e-09
1576.0 4.1695296740732075e-09
1577.0 4.167135493512425e-09
1578.0 4.164741312951643e-09
1579.0 4.162347132390861e-09
1580.0 4.159952951830079e-09
1581.0 4.157558771269297e-09
1582.0 4.155164590708515e-09
1583.0 4.152770410147732e-09
1584.0 4.150376229586949e-09
1585.0 4.147982049026168e-09
1586.0 4.1455878684653866e-09
1587.0 4.1431936879046036e-09
1588.0 4.140799507343821e-09
1589.0 4.138405326783039e-09
1590.0 4.136086224513522e-09
1591.0 4.134004746002391e-09
1592.0 4.131923267491259e-09
1593.0 4.1298417889801274e-09
1594.0 4.127760310468995e-09
1595.0 4.1256788319578634e-09
1596.0 4.123597353446733e-09
1597.0 4.121515874935601e-09
1598.0 4.1194343964244695e-09
1599.0 4.117352917913339e-09
1600.0 4.115271439402206e-09
1601.0 4.113189960891075e-09
1602.0 4.111108482379944e-09
1603.0 4.1090270038688115e-09
1604.0 4.10694552535768e-09
1605.0 4.104864046846548e-09
1606.0 4.102782568335417e-09
1607.0 4.100701089824286e-09
1608.0 4.098619611313154e-09
1609.0 4.096538132802023e-09
1610.0 4.094456654290891e-09
1611.0 4.09237517577976e-09
1612.0 4.090293697268627e-09
1613.0 4.088212218757496e-09
1614.0 4.086130740246365e-09
1615.0 4.084049261735233e-09
1616.0 4.081967783224102e-09
1617.0 4.07988630471297e-09
1618.0 4.0778048262018384e-09
1619.0 4.075723347690707e-09
1620.0 4.0736418691795744e-09
1621.0 4.071560390668444e-09
1622.0 4.069478912157313e-09
1623.0 4.0673974336461805e-09
1624.0 4.065315955135049e-09
1625.0 4.063234476623917e-09
1626.0 4.061152998112786e-09
1627.0 4.059071519601655e-09
1628.0 4.056990041090523e-09
1629.0 4.054908562579391e-09
1630.0 4.05282708406826e-09
1631.0 4.050745605557128e-09
1632.0 4.048664127045997e-09
1633.0 4.046582648534865e-09
1634.0 4.044501170023734e-09
1635.0 4.042419691512602e-09
1636.0 4.0403382130014706e-09
1637.0 4.038256734490339e-09
1638.0 4.0361752559792066e-09
1639.0 4.034093777468076e-09
1640.0 4.032012298956945e-09
1641.0 4.029930820445813e-09
1642.0 4.027849341934681e-09
1643.0 4.02576786342355e-09
1644.0 4.023686384912418e-09
1645.0 4.021604906401286e-09
1646.0 4.019523427890155e-09
1647.0 4.017441949379024e-09
1648.0 4.015360470867892e-09
1649.0 4.01327899235676e-09
1650.0 4.011197513845629e-09
1651.0 4.009116035334497e-09
1652.0 4.007034556823366e-09
1653.0 4.0049530783122335e-09
1654.0 4.002871599801103e-09
1655.0 4.00079012128997e-09
1656.0 3.9987086427788395e-09
1657.0 3.996627164267708e-09
1658.0 3.994545685756576e-09
1659.0 3.992464207245444e-09
1660.0 3.990382728734313e-09
1661.0 3.9883012502231816e-09
1662.0 3.98621977171205e-09
1663.0 3.984138293200919e-09
1664.0 3.982056814689787e-09
1665.0 3.979975336178656e-09
1666.0 3.9778938576675236e-09
1667.0 3.975812379156392e-09
1668.0 3.97373090064526e-09
1669.0 3.971649422134129e-09
1670.0 3.969567943622998e-09
1671.0 3.967486465111866e-09
1672.0 3.965404986600734e-09
1673.0 3.9633235080896024e-09
1674.0 3.961242029578472e-09
1675.0 3.95916055106734e-09
1676.0 3.9570790725562085e-09
1677.0 3.954997594045076e-09
1678.0 3.952916115533945e-09
1679.0 3.950834637022813e-09
1680.0 3.948753158511682e-09
1681.0 3.94667168000055e-09
1682.0 3.944590201489419e-09
1683.0 3.942508722978287e-09
1684.0 3.940427244467156e-09
1685.0 3.938345765956024e-09
1686.0 3.936264287444893e-09
1687.0 3.934182808933761e-09
1688.0 3.93210133042263e-09
1689.0 3.9300198519114986e-09
1690.0 3.927938373400366e-09
1691.0 3.9258568948892346e-09
1692.0 3.923775416378103e-09
1693.0 3.921693937866971e-09
1694.0 3.919612459355841e-09
1695.0 3.917530980844708e-09
1696.0 3.9154495023335774e-09
1697.0 3.913368023822446e-09
1698.0 3.9112865453113134e-09
1699.0 3.909205066800183e-09
1700.0 3.90712358828905e-09
1701.0 3.9050421097779195e-09
1702.0 3.902960631266788e-09
1703.0 3.900879152755656e-09
1704.0 3.898797674244525e-09
1705.0 3.896716195733393e-09
1706.0 3.894634717222262e-09
1707.0 3.89255323871113e-09
1708.0 3.890471760199998e-09
1709.0 3.888390281688867e-09
1710.0 3.886308803177735e-09
1711.0 3.8842273246666035e-09
1712.0 3.882145846155473e-09
1713.0 3.880293844422571e-09
1714.0 3.8785029631952405e-09
1715.0 3.876712081967911e-09
1716.0 3.874921200740581e-09
1717.0 3.873130319513251e-09
1718.0 3.871339438285921e-09
1719.0 3.86954855705859e-09
1720.0 3.8677576758312615e-09
1721.0 3.865966794603931e-09
1722.0 3.864175913376601e-09
1723.0 3.862385032149271e-09
1724.0 3.860594150921941e-09
1725.0 3.858803269694611e-09
1726.0 3.857012388467281e-09
1727.0 3.85522150723995e-09
1728.0 3.8534306260126215e-09
1729.0 3.851639744785291e-09
1730.0 3.849848863557961e-09
1731.0 3.848057982330631e-09
1732.0 3.846267101103302e-09
1733.0 3.844476219875971e-09
1734.0 3.842685338648641e-09
1735.0 3.840894457421311e-09
1736.0 3.8391035761939815e-09
1737.0 3.837312694966651e-09
1738.0 3.835521813739321e-09
1739.0 3.8337309325119916e-09
1740.0 3.831940051284662e-09
1741.0 3.8301491700573305e-09
1742.0 3.828358288830002e-09
1743.0 3.826567407602672e-09
1744.0 3.8247765263753414e-09
1745.0 3.822985645148012e-09
1746.0 3.821194763920682e-09
1747.0 3.8194038826933515e-09
1748.0 3.817613001466022e-09
1749.0 3.815822120238691e-09
1750.0 3.814031239011362e-09
1751.0 3.812240357784031e-09
1752.0 3.810449476556702e-09
1753.0 3.808658595329371e-09
1754.0 3.806867714102042e-09
1755.0 3.8050768328747115e-09
1756.0 3.803285951647382e-09
1757.0 3.801495070420051e-09
1758.0 3.799704189192722e-09
1759.0 3.797913307965392e-09
1760.0 3.7961224267380614e-09
1761.0 3.794331545510732e-09
1762.0 3.792540664283402e-09
1763.0 3.7907497830560715e-09
1764.0 3.788958901828741e-09
1765.0 3.787168020601412e-09
1766.0 3.785377139374081e-09
1767.0 3.783586258146751e-09
1768.0 3.781795376919422e-09
1769.0 3.7800044956920925e-09
1770.0 3.778213614464762e-09
1771.0 3.7764227332374315e-09
1772.0 3.774631852010102e-09
1773.0 3.772840970782772e-09
1774.0 3.771050089555442e-09
1775.0 3.769259208328112e-09
1776.0 3.767468327100782e-09
1777.0 3.765677445873452e-09
1778.0 3.763886564646122e-09
1779.0 3.7620956834187915e-09
1780.0 3.760304802191463e-09
1781.0 3.758513920964132e-09
1782.0 3.7567230397368024e-09
1783.0 3.754932158509472e-09
1784.0 3.753141277282142e-09
1785.0 3.7513503960548125e-09
1786.0 3.749559514827482e-09
1787.0 3.7477686336001515e-09
1788.0 3.745977752372822e-09
1789.0 3.744186871145492e-09
1790.0 3.7423959899181624e-09
1791.0 3.740605108690832e-09
1792.0 3.738814227463501e-09
1793.0 3.7370233462361725e-09
1794.0 3.735232465008842e-09
1795.0 3.733441583781512e-09
1796.0 3.731650702554183e-09
1797.0 3.729859821326852e-09
1798.0 3.728068940099522e-09
1799.0 3.726278058872192e-09
1800.0 3.7244871776448626e-09
1801.0 3.722696296417532e-09
1802.0 3.720905415190203e-09
1803.0 3.719114533962872e-09
1804.0 3.7173236527355426e-09
1805.0 3.715532771508213e-09
1806.0 3.713741890280883e-09
1807.0 3.711951009053552e-09
1808.0 3.7101601278262226e-09
1809.0 3.708369246598892e-09
1810.0 3.7065783653715624e-09
1811.0 3.704787484144232e-09
1812.0 3.7029966029169026e-09
1813.0 3.7012057216895725e-09
1814.0 3.6994148404622424e-09
1815.0 3.6976239592349127e-09
1816.0 3.695833078007583e-09
1817.0 3.6940421967802525e-09
1818.0 3.692251315552922e-09
1819.0 3.6904604343255927e-09
1820.0 3.688669553098263e-09
1821.0 3.6868786718709325e-09
1822.0 3.6850877906436024e-09
1823.0 3.683296909416273e-09
1824.0 3.681506028188943e-09
1825.0 3.679715146961613e-09
1826.0 3.6779242657342828e-09
1827.0 3.676133384506953e-09
1828.0 3.6743425032796226e-09
1829.0 3.672551622052293e-09
1830.0 3.670760740824963e-09
1831.0 3.6689698595976327e-09
1832.0 3.667178978370302e-09
1833.0 3.665388097142973e-09
1834.0 3.663597215915643e-09
1835.0 3.6618063346883135e-09
1836.0 3.660015453460982e-09
1837.0 3.6582245722336525e-09
1838.0 3.656433691006323e-09
1839.0 3.6546428097789927e-09
1840.0 3.652851928551663e-09
1841.0 3.6510610473243324e-09
1842.0 3.649270166097003e-09
1843.0 3.647479284869673e-09
1844.0 3.645688403642343e-09
1845.0 3.644113828997915e-09
1846.0 3.642561283533259e-09
1847.0 3.6410087380686038e-09
1848.0 3.639456192603947e-09
1849.0 3.6379036471392917e-09
1850.0 3.6363511016746368e-09
1851.0 3.6347985562099805e-09
1852.0 3.6332460107453256e-09
1853.0 3.6316934652806693e-09
1854.0 3.6301409198160144e-09
1855.0 3.628588374351358e-09
1856.0 3.627035828886702e-09
1857.0 3.6254832834220465e-09
1858.0 3.623930737957391e-09
1859.0 3.6223781924927353e-09
1860.0 3.62082564702808e-09
1861.0 3.619273101563424e-09
1862.0 3.6177205560987687e-09
1863.0 3.6161680106341125e-09
1864.0 3.6146154651694575e-09
1865.0 3.6130629197048013e-09
1866.0 3.611510374240145e-09
1867.0 3.6099578287754905e-09
1868.0 3.6084052833108347e-09
1869.0 3.606852737846179e-09
1870.0 3.6053001923815235e-09
1871.0 3.6037476469168685e-09
1872.0 3.6021951014522114e-09
1873.0 3.6006425559875565e-09
1874.0 3.5990900105229002e-09
1875.0 3.5975374650582444e-09
1876.0 3.59598491959359e-09
1877.0 3.5944323741289345e-09
1878.0 3.5928798286642774e-09
1879.0 3.591327283199623e-09
1880.0 3.589774737734966e-09
1881.0 3.5882221922703116e-09
1882.0 3.586669646805656e-09
1883.0 3.5851171013410004e-09
1884.0 3.5835645558763446e-09
1885.0 3.5820120104116884e-09
1886.0 3.5804594649470334e-09
1887.0 3.578906919482377e-09
1888.0 3.577354374017721e-09
1889.0 3.575801828553066e-09
1890.0 3.57424928308841e-09
1891.0 3.5726967376237548e-09
1892.0 3.571144192159099e-09
1893.0 3.569591646694443e-09
1894.0 3.5680391012297878e-09
1895.0 3.566486555765132e-09
1896.0 3.5649340103004766e-09
1897.0 3.5633814648358207e-09
1898.0 3.5618289193711653e-09
1899.0 3.560276373906509e-09
1900.0 3.5587238284418537e-09
1901.0 3.5571712829771983e-09
1902.0 3.5556187375125425e-09
1903.0 3.554066192047887e-09
1904.0 3.5525136465832313e-09
1905.0 3.5509611011185747e-09
1906.0 3.54940855565392e-09
1907.0 3.5478560101892643e-09
1908.0 3.546303464724608e-09
1909.0 3.544750919259953e-09
1910.0 3.543198373795297e-09
1911.0 3.541645828330642e-09
1912.0 3.5400932828659857e-09
1913.0 3.5385407374013307e-09
1914.0 3.536988191936674e-09
1915.0 3.5354356464720186e-09
1916.0 3.533883101007363e-09
1917.0 3.5323305555427074e-09
1918.0 3.530778010078052e-09
1919.0 3.5292254646133962e-09
1920.0 3.52767291914874e-09
1921.0 3.526120373684085e-09
1922.0 3.524567828219429e-09
1923.0 3.5230152827547734e-09
1924.0 3.521462737290118e-09
1925.0 3.5199101918254622e-09
1926.0 3.5183576463608064e-09
1927.0 3.516805100896151e-09
1928.0 3.5152525554314956e-09
1929.0 3.5137000099668394e-09
1930.0 3.5121474645021844e-09
1931.0 3.510594919037528e-09
1932.0 3.509042373572872e-09
1933.0 3.507489828108217e-09
1934.0 3.5059372826435616e-09
1935.0 3.5043847371789058e-09
1936.0 3.5028321917142504e-09
1937.0 3.5012796462495937e-09
1938.0 3.4997271007849383e-09
1939.0 3.4981745553202825e-09
1940.0 3.496622009855627e-09
1941.0 3.4950694643909713e-09
1942.0 3.493516918926316e-09
1943.0 3.49196437346166e-09
1944.0 3.4904118279970043e-09
1945.0 3.4888592825323497e-09
1946.0 3.487306737067693e-09
1947.0 3.4857541916030373e-09
1948.0 3.484201646138382e-09
1949.0 3.482649100673726e-09
1950.0 3.4810965552090707e-09
1951.0 3.479544009744416e-09
1952.0 3.47799146427976e-09
1953.0 3.476438918815104e-09
1954.0 3.474886373350448e-09
1955.0 3.473333827885793e-09
1956.0 3.4717812824211367e-09
1957.0 3.4702287369564817e-09
1958.0 3.468676191491826e-09
1959.0 3.46712364602717e-09
1960.0 3.4655711005625147e-09
1961.0 3.464018555097859e-09
1962.0 3.4624660096332035e-09
1963.0 3.4609134641685476e-09
1964.0 3.459360918703892e-09
1965.0 3.4578083732392356e-09
1966.0 3.4562558277745806e-09
1967.0 3.4547032823099252e-09
1968.0 3.4531507368452694e-09
1969.0 3.4515981913806136e-09
1970.0 3.4500456459159582e-09
1971.0 3.4484931004513016e-09
1972.0 3.446940554986647e-09
1973.0 3.445388009521991e-09
1974.0 3.443835464057335e-09
1975.0 3.44228291859268e-09
1976.0 3.4407303731280238e-09
1977.0 3.439177827663368e-09
1978.0 3.4376252821987126e-09
1979.0 3.4360727367340568e-09
1980.0 3.434520191269401e-09
1981.0 3.4329676458047456e-09
1982.0 3.4314151003400897e-09
1983.0 3.429862554875434e-09
1984.0 3.428310009410779e-09
1985.0 3.426757463946123e-09
1986.0 3.4252049184814673e-09
1987.0 3.4237922316678406e-09
1988.0 3.422400940175857e-09
1989.0 3.421009648683873e-09
1990.0 3.4196183571918893e-09
1991.0 3.418227065699906e-09
1992.0 3.416835774207922e-09
1993.0 3.4154444827159376e-09
1994.0 3.4140531912239537e-09
1995.0 3.4126618997319698e-09
1996.0 3.4112706082399863e-09
1997.0 3.4098793167480024e-09
1998.0 3.4084880252560176e-09
1999.0 3.407096733764035e-09
2000.0 3.405705442272051e-09
2001.0 3.4043141507800668e-09
2002.0 3.4029228592880833e-09
2003.0 3.4015315677960994e-09
2004.0 3.400140276304115e-09
2005.0 3.398748984812132e-09
2006.0 3.397357693320148e-09
2007.0 3.395966401828164e-09
2008.0 3.3945751103361803e-09
2009.0 3.393183818844196e-09
2010.0 3.3917925273522125e-09
2011.0 3.3904012358602286e-09
2012.0 3.3890099443682442e-09
2013.0 3.387618652876261e-09
2014.0 3.3862273613842773e-09
2015.0 3.3848360698922934e-09
2016.0 3.38344477840031e-09
2017.0 3.382053486908326e-09
2018.0 3.3806621954163412e-09
2019.0 3.3792709039243578e-09
2020.0 3.377879612432374e-09
2021.0 3.3764883209403904e-09
2022.0 3.375097029448406e-09
2023.0 3.3737057379564226e-09
2024.0 3.372314446464439e-09
2025.0 3.3709231549724556e-09
2026.0 3.369531863480472e-09
2027.0 3.3681405719884878e-09
2028.0 3.3667492804965035e-09
2029.0 3.3653579890045196e-09
2030.0 3.363966697512536e-09
2031.0 3.362575406020552e-09
2032.0 3.361184114528568e-09
2033.0 3.3597928230365844e-09
2034.0 3.3584015315446e-09
2035.0 3.357010240052617e-09
2036.0 3.3556189485606322e-09
2037.0 3.3542276570686487e-09
2038.0 3.3528363655766653e-09
2039.0 3.3514450740846814e-09
2040.0 3.3500537825926975e-09
2041.0 3.348662491100714e-09
2042.0 3.34727119960873e-09
2043.0 3.345879908116746e-09
2044.0 3.3444886166247627e-09
2045.0 3.3430973251327788e-09
2046.0 3.341706033640794e-09
2047.0 3.3403147421488105e-09
2048.0 3.3389234506568266e-09
2049.0 3.337532159164843e-09
2050.0 3.3361408676728592e-09
2051.0 3.3347495761808753e-09
2052.0 3.333358284688892e-09
2053.0 3.331966993196908e-09
2054.0 3.3305757017049245e-09
2055.0 3.3291844102129406e-09
2056.0 3.3277931187209562e-09
2057.0 3.3264018272289723e-09
2058.0 3.325010535736989e-09
2059.0 3.3236192442450045e-09
2060.0 3.322227952753021e-09
2061.0 3.320836661261037e-09
2062.0 3.319445369769053e-09
2063.0 3.3180540782770698e-09
2064.0 3.316662786785085e-09
2065.0 3.3152714952931015e-09
2066.0 3.313880203801118e-09
2067.0 3.312488912309134e-09
2068.0 3.3110976208171507e-09
2069.0 3.3097063293251667e-09
2070.0 3.308315037833183e-09
2071.0 3.306923746341199e-09
2072.0 3.3055324548492155e-09
2073.0 3.3041411633572307e-09
2074.0 3.3027498718652472e-09
2075.0 3.3013585803732633e-09
2076.0 3.2999672888812807e-09
2077.0 3.298575997389296e-09
2078.0 3.2971847058973112e-09
2079.0 3.295793414405328e-09
2080.0 3.2944021229133446e-09
2081.0 3.2930108314213607e-09
2082.0 3.2916195399293773e-09
2083.0 3.290228248437393e-09
2084.0 3.2888369569454086e-09
2085.0 3.287445665453425e-09
2086.0 3.2860543739614416e-09
2087.0 3.2846630824694573e-09
2088.0 3.283271790977474e-09
2089.0 3.28188049948549e-09
2090.0 3.2804892079935056e-09
2091.0 3.279097916501522e-09
2092.0 3.2777066250095382e-09
2093.0 3.2763153335175543e-09
2094.0 3.274924042025571e-09
2095.0 3.273532750533587e-09
2096.0 3.2721414590416034e-09
2097.0 3.270750167549619e-09
2098.0 3.269358876057635e-09
2099.0 3.2679675845656513e-09
2100.0 3.2665762930736674e-09
2101.0 3.2651850015816835e-09
2102.0 3.2637937100897e-09
2103.0 3.262402418597716e-09
2104.0 3.2610111271057335e-09
2105.0 3.2596198356137487e-09
2106.0 3.258228544121765e-09
2107.0 3.2568372526297813e-09
2108.0 3.2554459611377974e-09
2109.0 3.254054669645813e-09
2110.0 3.25266337815383e-09
2111.0 3.2512720866618453e-09
2112.0 3.2498807951698614e-09
2113.0 3.248489503677878e-09
2114.0 3.2470982121858944e-09
2115.0 3.24570692069391e-09
2116.0 3.2443156292019266e-09
2117.0 3.242924337709943e-09
2118.0 3.2415330462179596e-09
2119.0 3.240141754725975e-09
2120.0 3.238750463233991e-09
2121.0 3.237359171742007e-09
2122.0 3.2359678802500236e-09
2123.0 3.2345765887580393e-09
2124.0 3.2331852972660562e-09
2125.0 3.2317940057740715e-09
2126.0 3.2304027142820876e-09
2127.0 3.229011422790104e-09
2128.0 3.227620131298121e-09
2129.0 3.2262288398061363e-09
2130.0 3.224837548314153e-09
2131.0 3.223446256822169e-09
2132.0 3.2220549653301854e-09
2133.0 3.2206636738382015e-09
2134.0 3.2192723823462176e-09
2135.0 3.2178810908542333e-09
2136.0 3.2164897993622502e-09
2137.0 3.2150985078702655e-09
2138.0 3.213707216378283e-09
2139.0 3.212315924886298e-09
2140.0 3.211062050295816e-09
2141.0 3.209825770889371e-09
2142.0 3.208589491482926e-09
2143.0 3.2073532120764815e-09
2144.0 3.2061169326700367e-09
2145.0 3.204880653263591e-09
2146.0 3.203644373857147e-09
2147.0 3.2024080944507014e-09
2148.0 3.201171815044257e-09
2149.0 3.1999355356378118e-09
2150.0 3.198699256231367e-09
2151.0 3.197462976824923e-09
2152.0 3.1962266974184777e-09
2153.0 3.1949904180120333e-09
2154.0 3.193754138605588e-09
2155.0 3.192517859199144e-09
2156.0 3.1912815797926984e-09
2157.0 3.190045300386254e-09
2158.0 3.188809020979808e-09
2159.0 3.1875727415733635e-09
2160.0 3.1863364621669182e-09
2161.0 3.1851001827604734e-09
2162.0 3.1838639033540294e-09
2163.0 3.1826276239475838e-09
2164.0 3.1813913445411398e-09
2165.0 3.1801550651346945e-09
2166.0 3.1789187857282505e-09
2167.0 3.177682506321805e-09
2168.0 3.1764462269153605e-09
2169.0 3.1752099475089152e-09
2170.0 3.17397366810247e-09
2171.0 3.172737388696025e-09
2172.0 3.1715011092895803e-09
2173.0 3.170264829883136e-09
2174.0 3.1690285504766915e-09
2175.0 3.1677922710702462e-09
2176.0 3.166555991663801e-09
2177.0 3.1653197122573566e-09
2178.0 3.1640834328509114e-09
2179.0 3.162847153444467e-09
2180.0 3.1616108740380217e-09
2181.0 3.160374594631577e-09
2182.0 3.159138315225132e-09
2183.0 3.1579020358186872e-09
2184.0 3.1566657564122424e-09
2185.0 3.1554294770057976e-09
2186.0 3.1541931975993523e-09
2187.0 3.152956918192908e-09
2188.0 3.151720638786463e-09
2189.0 3.1504843593800174e-09
2190.0 3.1492480799735726e-09
2191.0 3.1480118005671278e-09
2192.0 3.1467755211606825e-09
2193.0 3.145539241754238e-09
2194.0 3.144302962347793e-09
2195.0 3.1430666829413493e-09
2196.0 3.141830403534904e-09
2197.0 3.1405941241284596e-09
2198.0 3.1393578447220144e-09
2199.0 3.1381215653155704e-09
2200.0 3.1368852859091247e-09
2201.0 3.1356490065026795e-09
2202.0 3.1344127270962343e-09
2203.0 3.13317644768979e-09
2204.0 3.1319401682833446e-09
2205.0 3.1307038888768998e-09
2206.0 3.1294676094704558e-09
2207.0 3.1282313300640105e-09
2208.0 3.126995050657566e-09
2209.0 3.125758771251121e-09
2210.0 3.1245224918446752e-09
2211.0 3.1232862124382312e-09
2212.0 3.1220499330317856e-09
2213.0 3.1208136536253416e-09
2214.0 3.1195773742188963e-09
2215.0 3.1183410948124515e-09
2216.0 3.1171048154060067e-09
2217.0 3.1158685359995623e-09
2218.0 3.1146322565931166e-09
2219.0 3.1133959771866726e-09
2220.0 3.1121596977802274e-09
2221.0 3.1109234183737817e-09
2222.0 3.1096871389673377e-09
2223.0 3.108450859560892e-09
2224.0 3.107214580154448e-09
2225.0 3.1059783007480032e-09
2226.0 3.1047420213415584e-09
2227.0 3.1035057419351136e-09
2228.0 3.1022694625286688e-09
2229.0 3.101033183122224e-09
2230.0 3.0997969037157787e-09
2231.0 3.0985606243093343e-09
2232.0 3.097324344902889e-09
2233.0 3.0960880654964438e-09
2234.0 3.0948517860899985e-09
2235.0 3.093615506683554e-09
2236.0 3.092379227277109e-09
2237.0 3.0911429478706645e-09
2238.0 3.0899066684642192e-09
2239.0 3.0886703890577757e-09
2240.0 3.0874341096513304e-09
2241.0 3.0861978302448848e-09
2242.0 3.0849615508384408e-09
2243.0 3.083725271431995e-09
2244.0 3.082488992025551e-09
2245.0 3.0812527126191054e-09
2246.0 3.0800164332126606e-09
2247.0 3.078780153806216e-09
2248.0 3.077543874399771e-09
2249.0 3.076307594993326e-09
2250.0 3.075071315586882e-09
2251.0 3.073835036180437e-09
2252.0 3.0725987567739912e-09
2253.0 3.0713624773675472e-09
2254.0 3.0701261979611016e-09
2255.0 3.0688899185546576e-09
2256.0 3.0676536391482123e-09
2257.0 3.066417359741768e-09
2258.0 3.0651810803353227e-09
2259.0 3.063944800928878e-09
2260.0 3.062708521522433e-09
2261.0 3.0614722421159882e-09
2262.0 3.0602359627095442e-09
2263.0 3.0589996833030986e-09
2264.0 3.0577634038966537e-09
2265.0 3.056527124490208e-09
2266.0 3.055290845083764e-09
2267.0 3.0540545656773184e-09
2268.0 3.0528182862708744e-09
2269.0 3.0515820068644296e-09
2270.0 3.0503457274579848e-09
2271.0 3.04910944805154e-09
2272.0 3.0478731686450947e-09
2273.0 3.0466368892386503e-09
2274.0 3.045400609832205e-09
2275.0 3.0441643304257606e-09
2276.0 3.0429280510193154e-09
2277.0 3.0416917716128706e-09
2278.0 3.040455492206425e-09
2279.0 3.0392192127999805e-09
2280.0 3.037982933393536e-09
2281.0 3.036746653987091e-09
2282.0 3.0355103745806456e-09
2283.0 3.034274095174201e-09
2284.0 3.0330378157677568e-09
2285.0 3.0318015363613115e-09
2286.0 3.030565256954867e-09
2287.0 3.0293289775484215e-09
2288.0 3.0280926981419775e-09
2289.0 3.026856418735532e-09
2290.0 3.025620139329087e-09
2291.0 3.0243838599226426e-09
2292.0 3.0231475805161973e-09
2293.0 3.0219113011097525e-09
2294.0 3.0206750217033077e-09
2295.0 3.0194387422968633e-09
2296.0 3.0182024628904176e-09
2297.0 3.0169661834839736e-09
2298.0 3.015729904077528e-09
2299.0 3.014493624671084e-09
2300.0 3.0132573452646383e-09
2301.0 3.0120210658581943e-09
2302.0 3.010784786451749e-09
2303.0 3.0095485070453042e-09
2304.0 3.0083284701473077e-09
2305.0 3.007224895316542e-09
2306.0 3.006121320485776e-09
2307.0 3.0050177456550102e-09
2308.0 3.0039141708242445e-09
2309.0 3.002810595993479e-09
2310.0 3.0017070211627127e-09
2311.0 3.0006034463319474e-09
2312.0 2.999499871501181e-09
2313.0 2.998396296670415e-09
2314.0 2.9972927218396495e-09
2315.0 2.9961891470088838e-09
2316.0 2.9950855721781185e-09
2317.0 2.9939819973473524e-09
2318.0 2.9928784225165867e-09
2319.0 2.9917748476858206e-09
2320.0 2.990671272855055e-09
2321.0 2.989567698024289e-09
2322.0 2.9884641231935235e-09
2323.0 2.9873605483627574e-09
2324.0 2.9862569735319912e-09
2325.0 2.9851533987012264e-09
2326.0 2.9840498238704607e-09
2327.0 2.9829462490396946e-09
2328.0 2.9818426742089284e-09
2329.0 2.9807390993781627e-09
2330.0 2.9796355245473962e-09
2331.0 2.9785319497166313e-09
2332.0 2.9774283748858652e-09
2333.0 2.976324800055099e-09
2334.0 2.9752212252243347e-09
2335.0 2.9741176503935677e-09
2336.0 2.9730140755628024e-09
2337.0 2.9719105007320367e-09
2338.0 2.97080692590127e-09
2339.0 2.9697033510705053e-09
2340.0 2.9685997762397392e-09
2341.0 2.9674962014089735e-09
2342.0 2.966392626578208e-09
2343.0 2.9652890517474417e-09
2344.0 2.964185476916675e-09
2345.0 2.96308190208591e-09
2346.0 2.961978327255144e-09
2347.0 2.960874752424378e-09
2348.0 2.9597711775936124e-09
2349.0 2.9586676027628467e-09
2350.0 2.9575640279320814e-09
2351.0 2.9564604531013157e-09
2352.0 2.95535687827055e-09
2353.0 2.954253303439784e-09
2354.0 2.953149728609018e-09
2355.0 2.9520461537782525e-09
2356.0 2.9509425789474864e-09
2357.0 2.94983900411672e-09
2358.0 2.948735429285954e-09
2359.0 2.9476318544551884e-09
2360.0 2.9465282796244227e-09
2361.0 2.9454247047936574e-09
2362.0 2.9443211299628917e-09
2363.0 2.943217555132126e-09
2364.0 2.9421139803013603e-09
2365.0 2.941010405470594e-09
2366.0 2.9399068306398285e-09
2367.0 2.938803255809063e-09
2368.0 2.937699680978297e-09
2369.0 2.9365961061475322e-09
2370.0 2.9354925313167653e-09
2371.0 2.9343889564859988e-09
2372.0 2.9332853816552335e-09
2373.0 2.9321818068244678e-09
2374.0 2.9310782319937017e-09
2375.0 2.9299746571629364e-09
2376.0 2.9288710823321707e-09
2377.0 2.927767507501405e-09
2378.0 2.9266639326706393e-09
2379.0 2.925560357839873e-09
2380.0 2.9244567830091075e-09
2381.0 2.9233532081783414e-09
2382.0 2.922249633347576e-09
2383.0 2.92114605851681e-09
2384.0 2.920042483686044e-09
2385.0 2.918938908855278e-09
2386.0 2.9178353340245124e-09
2387.0 2.9167317591937467e-09
2388.0 2.915628184362981e-09
2389.0 2.9145246095322153e-09
2390.0 2.9134210347014496e-09
2391.0 2.912317459870684e-09
2392.0 2.911213885039918e-09
2393.0 2.910110310209152e-09
2394.0 2.909006735378386e-09
2395.0 2.9079031605476203e-09
2396.0 2.906799585716855e-09
2397.0 2.9056960108860893e-09
2398.0 2.904592436055323e-09
2399.0 2.903488861224557e-09
2400.0 2.9023852863937914e-09
2401.0 2.9012817115630253e-09
2402.0 2.90017813673226e-09
2403.0 2.8990745619014943e-09
2404.0 2.8979709870707278e-09
2405.0 2.8968674122399633e-09
2406.0 2.8957638374091964e-09
2407.0 2.894660262578431e-09
2408.0 2.893556687747665e-09
2409.0 2.8924531129168993e-09
2410.0 2.891349538086134e-09
2411.0 2.8902459632553683e-09
2412.0 2.8891423884246018e-09
2413.0 2.888038813593836e-09
2414.0 2.8869352387630708e-09
2415.0 2.885831663932304e-09
2416.0 2.884728089101539e-09
2417.0 2.8836245142707724e-09
2418.0 2.8825209394400067e-09
2419.0 2.881417364609241e-09
2420.0 2.8803137897784753e-09
2421.0 2.87921021494771e-09
2422.0 2.8781066401169443e-09
2423.0 2.8770030652861786e-09
2424.0 2.875899490455413e-09
2425.0 2.8747959156246464e-09
2426.0 2.8736923407938803e-09
2427.0 2.872588765963115e-09
2428.0 2.8714851911323485e-09
2429.0 2.8703816163015828e-09
2430.0 2.869278041470817e-09
2431.0 2.8681744666400514e-09
2432.0 2.867070891809286e-09
2433.0 2.8659673169785204e-09
2434.0 2.8648637421477547e-09
2435.0 2.863760167316989e-09
2436.0 2.862656592486223e-09
2437.0 2.8615530176554576e-09
2438.0 2.860449442824692e-09
2439.0 2.859345867993925e-09
2440.0 2.8582422931631593e-09
2441.0 2.857138718332394e-09
2442.0 2.8560351435016283e-09
2443.0 2.8549315686708626e-09
2444.0 2.853827993840096e-09
2445.0 2.8527244190093303e-09
2446.0 2.851620844178565e-09
2447.0 2.8505172693477993e-09
2448.0 2.8494136945170336e-09
2449.0 2.848310119686268e-09
2450.0 2.8472065448555022e-09
2451.0 2.8461029700247365e-09
2452.0 2.844999395193971e-09
2453.0 2.8438958203632043e-09
2454.0 2.842792245532438e-09
2455.0 2.841688670701673e-09
2456.0 2.8405850958709072e-09
2457.0 2.8394815210401415e-09
2458.0 2.8383779462093754e-09
2459.0 2.8372743713786097e-09
2460.0 2.836170796547844e-09
2461.0 2.835067221717078e-09
2462.0 2.8339636468863126e-09
2463.0 2.832860072055547e-09
2464.0 2.831756497224781e-09
2465.0 2.8306529223940147e-09
2466.0 2.829549347563249e-09
2467.0 2.8284457727324833e-09
2468.0 2.8273421979017176e-09
2469.0 2.826238623070952e-09
2470.0 2.825135048240186e-09
2471.0 2.82403147340942e-09
2472.0 2.8229278985786544e-09
2473.0 2.8218243237478887e-09
2474.0 2.820720748917123e-09
2475.0 2.819617174086357e-09
2476.0 2.818513599255592e-09
2477.0 2.817410024424825e-09
2478.0 2.8163064495940593e-09
2479.0 2.8152028747632936e-09
2480.0 2.814099299932528e-09
2481.0 2.8129957251017614e-09
2482.0 2.8119528782068048e-09
2483.0 2.810940290764664e-09
2484.0 2.8099277033225216e-09
2485.0 2.808915115880381e-09
2486.0 2.8079025284382397e-09
2487.0 2.806889940996099e-09
2488.0 2.8058773535539586e-09
2489.0 2.804864766111816e-09
2490.0 2.8038521786696754e-09
2491.0 2.8028395912275342e-09
2492.0 2.801827003785393e-09
2493.0 2.8008144163432515e-09
2494.0 2.7998018289011103e-09
2495.0 2.7987892414589687e-09
2496.0 2.7977766540168283e-09
2497.0 2.7967640665746876e-09
2498.0 2.7957514791325464e-09
2499.0 2.794738891690405e-09
2500.0 2.7937263042482632e-09
2501.0 2.7927137168061225e-09
2502.0 2.7917011293639813e-09
2503.0 2.7906885419218393e-09
2504.0 2.789675954479699e-09
2505.0 2.7886633670375578e-09
2506.0 2.7876507795954166e-09
2507.0 2.7866381921532754e-09
2508.0 2.785625604711134e-09
2509.0 2.784613017268993e-09
2510.0 2.7836004298268515e-09
2511.0 2.78258784238471e-09
2512.0 2.7815752549425696e-09
2513.0 2.780562667500428e-09
2514.0 2.7795500800582868e-09
2515.0 2.778537492616146e-09
2516.0 2.777524905174005e-09
2517.0 2.7765123177318633e-09
2518.0 2.775499730289722e-09
2519.0 2.7744871428475813e-09
2520.0 2.77347455540544e-09
2521.0 2.772461967963299e-09
2522.0 2.7714493805211582e-09
2523.0 2.7704367930790166e-09
2524.0 2.7694242056368755e-09
2525.0 2.768411618194734e-09
2526.0 2.7673990307525923e-09
2527.0 2.766386443310452e-09
2528.0 2.7653738558683104e-09
2529.0 2.7643612684261696e-09
2530.0 2.7633486809840284e-09
2531.0 2.7623360935418864e-09
2532.0 2.761323506099746e-09
2533.0 2.7603109186576045e-09
2534.0 2.7592983312154637e-09
2535.0 2.758285743773322e-09
2536.0 2.757273156331181e-09
2537.0 2.7562605688890394e-09
2538.0 2.755247981446899e-09
2539.0 2.7542353940047574e-09
2540.0 2.753222806562617e-09
2541.0 2.752210219120475e-09
2542.0 2.751197631678334e-09
2543.0 2.750185044236193e-09
2544.0 2.749172456794052e-09
2545.0 2.74815986935191e-09
2546.0 2.7471472819097692e-09
2547.0 2.746134694467629e-09
2548.0 2.7451221070254877e-09
2549.0 2.744109519583346e-09
2550.0 2.7430969321412045e-09
2551.0 2.7420843446990638e-09
2552.0 2.741071757256922e-09
2553.0 2.740059169814781e-09
2554.0 2.7390465823726402e-09
2555.0 2.7380339949305e-09
2556.0 2.737021407488358e-09
2557.0 2.7360088200462167e-09
2558.0 2.734996232604076e-09
2559.0 2.7339836451619344e-09
2560.0 2.7329710577197928e-09
2561.0 2.7319584702776524e-09
2562.0 2.73094588283551e-09
2563.0 2.7299332953933705e-09
2564.0 2.728920707951228e-09
2565.0 2.7279081205090873e-09
2566.0 2.726895533066946e-09
2567.0 2.7258829456248046e-09
2568.0 2.7248703581826634e-09
2569.0 2.7238577707405226e-09
2570.0 2.7228451832983806e-09
2571.0 2.7218325958562403e-09
2572.0 2.7208200084140995e-09
2573.0 2.7198074209719583e-09
2574.0 2.7187948335298167e-09
2575.0 2.717782246087675e-09
2576.0 2.7167696586455344e-09
2577.0 2.715757071203393e-09
2578.0 2.7147444837612512e-09
2579.0 2.713731896319111e-09
2580.0 2.7127193088769697e-09
2581.0 2.711706721434828e-09
2582.0 2.7106941339926874e-09
2583.0 2.7096815465505458e-09
2584.0 2.708668959108405e-09
2585.0 2.7076563716662634e-09
2586.0 2.706643784224123e-09
2587.0 2.7056311967819807e-09
2588.0 2.70461860933984e-09
2589.0 2.7036060218976987e-09
2590.0 2.702593434455558e-09
2591.0 2.7015808470134168e-09
2592.0 2.700568259571275e-09
2593.0 2.699555672129134e-09
2594.0 2.6985430846869933e-09
2595.0 2.697530497244852e-09
2596.0 2.696517909802711e-09
2597.0 2.69550532236057e-09
2598.0 2.6944927349184277e-09
2599.0 2.6934801474762874e-09
2600.0 2.6924675600341466e-09
2601.0 2.6914549725920042e-09
2602.0 2.690442385149864e-09
2603.0 2.6894297977077223e-09
2604.0 2.6884172102655815e-09
2605.0 2.6874046228234403e-09
2606.0 2.6863920353812983e-09
2607.0 2.685379447939158e-09
2608.0 2.684366860497017e-09
2609.0 2.6833542730548757e-09
2610.0 2.6823416856127345e-09
2611.0 2.681329098170593e-09
2612.0 2.680316510728452e-09
2613.0 2.679303923286311e-09
2614.0 2.67829133584417e-09
2615.0 2.6772787484020286e-09
2616.0 2.676266160959887e-09
2617.0 2.6752535735177454e-09
2618.0 2.674240986075605e-09
2619.0 2.673228398633464e-09
2620.0 2.6722158111913227e-09
2621.0 2.6712032237491816e-09
2622.0 2.670190636307041e-09
2623.0 2.6691780488648992e-09
2624.0 2.668165461422758e-09
2625.0 2.6671528739806164e-09
2626.0 2.6661402865384757e-09
2627.0 2.665127699096334e-09
2628.0 2.6641151116541938e-09
2629.0 2.663102524212052e-09
2630.0 2.662089936769911e-09
2631.0 2.6610773493277694e-09
2632.0 2.6600647618856286e-09
2633.0 2.6590521744434875e-09
2634.0 2.6580395870013463e-09
2635.0 2.657026999559205e-09
2636.0 2.6560144121170644e-09
2637.0 2.655001824674922e-09
2638.0 2.6539892372327816e-09
2639.0 2.652976649790641e-09
2640.0 2.6519640623484992e-09
2641.0 2.650951474906358e-09
2642.0 2.6499388874642165e-09
2643.0 2.648926300022075e-09
2644.0 2.6479137125799346e-09
2645.0 2.646901125137793e-09
2646.0 2.645888537695652e-09
2647.0 2.6448759502535106e-09
2648.0 2.643863362811369e-09
2649.0 2.6428507753692287e-09
2650.0 2.641838187927088e-09
2651.0 2.6408256004849463e-09
2652.0 2.639813013042805e-09
2653.0 2.6388004256006644e-09
2654.0 2.637787838158523e-09
2655.0 2.6367752507163816e-09
2656.0 2.63576266327424e-09
2657.0 2.6347500758320993e-09
2658.0 2.6337374883899577e-09
2659.0 2.632724900947817e-09
2660.0 2.6317123135056758e-09
2661.0 2.630699726063535e-09
2662.0 2.6296871386213934e-09
2663.0 2.628674551179252e-09
2664.0 2.6276619637371115e-09
2665.0 2.62664937629497e-09
2666.0 2.6256367888528287e-09
2667.0 2.624624201410688e-09
2668.0 2.6236116139685455e-09
2669.0 2.622599026526405e-09
2670.0 2.6215864390842636e-09
2671.0 2.620573851642123e-09
2672.0 2.6195612641999817e-09
2673.0 2.618602035959895e-09
2674.0 2.617687518438289e-09
2675.0 2.616773000916683e-09
2676.0 2.615858483395076e-09
2677.0 2.6149439658734707e-09
2678.0 2.614029448351865e-09
2679.0 2.613114930830258e-09
2680.0 2.6122004133086527e-09
2681.0 2.611285895787047e-09
2682.0 2.6103713782654398e-09
2683.0 2.609456860743834e-09
2684.0 2.608542343222229e-09
2685.0 2.6076278257006225e-09
2686.0 2.6067133081790165e-09
2687.0 2.605798790657411e-09
2688.0 2.6048842731358045e-09
2689.0 2.6039697556141985e-09
2690.0 2.603055238092593e-09
2691.0 2.6021407205709864e-09
2692.0 2.60122620304938e-09
2693.0 2.6003116855277748e-09
2694.0 2.5993971680061688e-09
2695.0 2.598482650484562e-09
2696.0 2.5975681329629567e-09
2697.0 2.5966536154413503e-09
2698.0 2.5957390979197443e-09
2699.0 2.594824580398138e-09
2700.0 2.5939100628765326e-09
2701.0 2.5929955453549266e-09
2702.0 2.5920810278333206e-09
2703.0 2.5911665103117146e-09
2704.0 2.5902519927901085e-09
2705.0 2.5893374752685025e-09
2706.0 2.588422957746896e-09
2707.0 2.5875084402252905e-09
2708.0 2.5865939227036844e-09
2709.0 2.585679405182078e-09
2710.0 2.5847648876604724e-09
2711.0 2.583850370138866e-09
2712.0 2.58293585261726e-09
2713.0 2.582021335095654e-09
2714.0 2.581106817574048e-09
2715.0 2.580192300052442e-09
2716.0 2.5792777825308363e-09
2717.0 2.5783632650092307e-09
2718.0 2.5774487474876246e-09
2719.0 2.576534229966018e-09
2720.0 2.5756197124444118e-09
2721.0 2.5747051949228066e-09
2722.0 2.5737906774012e-09
2723.0 2.5728761598795937e-09
2724.0 2.5719616423579885e-09
2725.0 2.571047124836382e-09
2726.0 2.5701326073147756e-09
2727.0 2.56921808979317e-09
2728.0 2.568303572271564e-09
2729.0 2.567389054749958e-09
2730.0 2.566474537228352e-09
2731.0 2.565560019706746e-09
2732.0 2.56464550218514e-09
2733.0 2.5637309846635343e-09
2734.0 2.562816467141928e-09
2735.0 2.561901949620322e-09
2736.0 2.560987432098716e-09
2737.0 2.56007291457711e-09
2738.0 2.5591583970555038e-09
2739.0 2.5582438795338977e-09
2740.0 2.5573293620122917e-09
2741.0 2.5564148444906857e-09
2742.0 2.5555003269690797e-09
2743.0 2.554585809447474e-09
2744.0 2.5536712919258676e-09
2745.0 2.5527567744042616e-09
2746.0 2.551842256882656e-09
2747.0 2.5509277393610496e-09
2748.0 2.5500132218394435e-09
2749.0 2.549098704317838e-09
2750.0 2.5481841867962315e-09
2751.0 2.547269669274626e-09
2752.0 2.54635515175302e-09
2753.0 2.545440634231414e-09
2754.0 2.544526116709808e-09
2755.0 2.543611599188202e-09
2756.0 2.5426970816665958e-09
2757.0 2.5417825641449898e-09
2758.0 2.5408680466233837e-09
2759.0 2.5399535291017777e-09
2760.0 2.5390390115801717e-09
2761.0 2.5381244940585657e-09
2762.0 2.5372099765369596e-09
2763.0 2.5362954590153536e-09
2764.0 2.5353809414937476e-09
2765.0 2.5344664239721416e-09
2766.0 2.5335519064505356e-09
2767.0 2.5326373889289295e-09
2768.0 2.5317228714073235e-09
2769.0 2.530808353885717e-09
2770.0 2.529893836364112e-09
2771.0 2.5289793188425054e-09
2772.0 2.5280648013208994e-09
2773.0 2.527150283799294e-09
2774.0 2.5262357662776874e-09
2775.0 2.5253212487560814e-09
2776.0 2.5244067312344757e-09
2777.0 2.5234922137128693e-09
2778.0 2.5225776961912633e-09
2779.0 2.5216631786696577e-09
2780.0 2.5207486611480512e-09
2781.0 2.5198341436264456e-09
2782.0 2.5189196261048396e-09
2783.0 2.518005108583233e-09
2784.0 2.5170905910616276e-09
2785.0 2.5161760735400207e-09
2786.0 2.515261556018415e-09
2787.0 2.5143470384968095e-09
2788.0 2.5134325209752035e-09
2789.0 2.5125180034535975e-09
2790.0 2.5116034859319914e-09
2791.0 2.5106889684103854e-09
2792.0 2.509774450888779e-09
2793.0 2.5088599333671734e-09
2794.0 2.507945415845567e-09
2795.0 2.507030898323961e-09
2796.0 2.5061163808023553e-09
2797.0 2.505201863280749e-09
2798.0 2.5042873457591433e-09
2799.0 2.5033728282375372e-09
2800.0 2.502458310715931e-09
2801.0 2.5015437931943248e-09
2802.0 2.500629275672719e-09
2803.0 2.4997147581511136e-09
2804.0 2.4988002406295075e-09
2805.0 2.4978857231079015e-09
2806.0 2.4969712055862947e-09
2807.0 2.4960566880646895e-09
2808.0 2.495142170543083e-09
2809.0 2.4942276530214766e-09
2810.0 2.4933131354998714e-09
2811.0 2.492398617978265e-09
2812.0 2.4914841004566585e-09
2813.0 2.490569582935053e-09
2814.0 2.489655065413447e-09
2815.0 2.488740547891841e-09
2816.0 2.487826030370235e-09
2817.0 2.4869115128486284e-09
2818.0 2.485996995327023e-09
2819.0 2.485082477805417e-09
2820.0 2.4841679602838108e-09
2821.0 2.483253442762205e-09
2822.0 2.4823389252405987e-09
2823.0 2.481424407718993e-09
2824.0 2.4805098901973867e-09
2825.0 2.4795953726757806e-09
2826.0 2.478680855154175e-09
2827.0 2.4777663376325686e-09
2828.0 2.4768518201109626e-09
2829.0 2.475937302589357e-09
2830.0 2.4750227850677505e-09
2831.0 2.474108267546145e-09
2832.0 2.473193750024539e-09
2833.0 2.4722792325029325e-09
2834.0 2.471364714981327e-09
2835.0 2.470450197459721e-09
2836.0 2.4695356799381144e-09
2837.0 2.468621162416509e-09
2838.0 2.4677066448949028e-09
2839.0 2.4667921273732963e-09
2840.0 2.4658776098516907e-09
2841.0 2.4649630923300847e-09
2842.0 2.4640485748084787e-09
2843.0 2.4631340572868727e-09
2844.0 2.4622195397652666e-09
2845.0 2.4613050222436606e-09
2846.0 2.4603905047220546e-09
2847.0 2.4594759872004486e-09
2848.0 2.4585614696788425e-09
2849.0 2.4576469521572365e-09
2850.0 2.456732434635631e-09
2851.0 2.4558179171140245e-09
2852.0 2.454903399592418e-09
2853.0 2.453988882070813e-09
2854.0 2.4530743645492064e-09
2855.0 2.4521598470276e-09
2856.0 2.4512453295059948e-09
2857.0 2.4503308119843883e-09
2858.0 2.4494162944627827e-09
2859.0 2.4485017769411767e-09
2860.0 2.4475872594195703e-09
2861.0 2.4466727418979647e-09
2862.0 2.4457582243763586e-09
2863.0 2.4448437068547522e-09
2864.0 2.4439291893331466e-09
2865.0 2.4430146718115406e-09
2866.0 2.442100154289934e-09
2867.0 2.4411856367683285e-09
2868.0 2.440271119246722e-09
2869.0 2.439356601725116e-09
2870.0 2.4384420842035105e-09
2871.0 2.437527566681904e-09
2872.0 2.436613049160298e-09
2873.0 2.435698531638692e-09
2874.0 2.4347840141170864e-09
2875.0 2.4338694965954795e-09
2876.0 2.4329549790738743e-09
2877.0 2.4320404615522687e-09
2878.0 2.4311259440306623e-09
2879.0 2.4302774114186522e-09
2880.0 2.429457214704902e-09
2881.0 2.428637017991152e-09
2882.0 2.427816821277402e-09
2883.0 2.426996624563652e-09
2884.0 2.426176427849902e-09
2885.0 2.4253562311361524e-09
2886.0 2.4245360344224023e-09
2887.0 2.4237158377086523e-09
2888.0 2.4228956409949022e-09
2889.0 2.422075444281152e-09
2890.0 2.421255247567402e-09
2891.0 2.420435050853652e-09
2892.0 2.419614854139902e-09
2893.0 2.4187946574261524e-09
2894.0 2.417974460712402e-09
2895.0 2.4171542639986523e-09
2896.0 2.4163340672849023e-09
2897.0 2.4155138705711522e-09
2898.0 2.414693673857402e-09
2899.0 2.413873477143652e-09
2900.0 2.413053280429902e-09
2901.0 2.412233083716152e-09
2902.0 2.411412887002402e-09
2903.0 2.4105926902886524e-09
2904.0 2.4097724935749023e-09
2905.0 2.4089522968611523e-09
2906.0 2.4081321001474022e-09
2907.0 2.407311903433652e-09
2908.0 2.406491706719902e-09
2909.0 2.405671510006152e-09
2910.0 2.404851313292402e-09
2911.0 2.4040311165786516e-09
2912.0 2.4032109198649024e-09
2913.0 2.4023907231511523e-09
2914.0 2.4015705264374023e-09
2915.0 2.4007503297236522e-09
2916.0 2.3999301330099018e-09
2917.0 2.399109936296152e-09
2918.0 2.3982897395824017e-09
2919.0 2.397469542868652e-09
2920.0 2.396649346154902e-09
2921.0 2.3958291494411515e-09
2922.0 2.3950089527274023e-09
2923.0 2.394188756013652e-09
2924.0 2.393368559299902e-09
2925.0 2.3925483625861518e-09
2926.0 2.3917281658724017e-09
2927.0 2.390907969158652e-09
2928.0 2.3900877724449016e-09
2929.0 2.3892675757311516e-09
2930.0 2.388447379017402e-09
2931.0 2.387627182303652e-09
2932.0 2.386806985589902e-09
2933.0 2.385986788876152e-09
2934.0 2.3851665921624018e-09
2935.0 2.3843463954486517e-09
2936.0 2.3835261987349017e-09
2937.0 2.3827060020211516e-09
2938.0 2.3818858053074016e-09
2939.0 2.381065608593651e-09
2940.0 2.380245411879902e-09
2941.0 2.379425215166152e-09
2942.0 2.378605018452402e-09
2943.0 2.3777848217386518e-09
2944.0 2.3769646250249013e-09
2945.0 2.3761444283111517e-09
2946.0 2.375324231597401e-09
2947.0 2.374504034883651e-09
2948.0 2.373683838169902e-09
2949.0 2.3728636414561515e-09
2950.0 2.372043444742402e-09
2951.0 2.3712232480286514e-09
2952.0 2.3704030513149013e-09
2953.0 2.3695828546011513e-09
2954.0 2.3687626578874012e-09
2955.0 2.3679424611736516e-09
2956.0 2.367122264459901e-09
2957.0 2.366302067746151e-09
2958.0 2.365481871032401e-09
2959.0 2.3646616743186514e-09
2960.0 2.363841477604902e-09
2961.0 2.3630212808911513e-09
2962.0 2.3622010841774013e-09
2963.0 2.3613808874636512e-09
2964.0 2.360560690749901e-09
2965.0 2.359740494036151e-09
2966.0 2.358920297322401e-09
2967.0 2.3581001006086515e-09
2968.0 2.3572799038949014e-09
2969.0 2.3564597071811514e-09
2970.0 2.3556395104674013e-09
2971.0 2.3548193137536513e-09
2972.0 2.3539991170399012e-09
2973.0 2.353178920326151e-09
2974.0 2.352358723612401e-09
2975.0 2.351538526898651e-09
2976.0 2.350718330184901e-09
2977.0 2.3498981334711514e-09
2978.0 2.3490779367574014e-09
2979.0 2.3482577400436513e-09
2980.0 2.3474375433299013e-09
2981.0 2.3466173466161512e-09
2982.0 2.345797149902401e-09
2983.0 2.344976953188651e-09
2984.0 2.344156756474901e-09
2985.0 2.3433365597611515e-09
2986.0 2.3425163630474014e-09
2987.0 2.3416961663336514e-09
2988.0 2.3408759696199013e-09
2989.0 2.3400557729061513e-09
2990.0 2.3392355761924012e-09
2991.0 2.338415379478651e-09
2992.0 2.337595182764901e-09
2993.0 2.336774986051151e-09
2994.0 2.3359547893374015e-09
2995.0 2.3351345926236514e-09
2996.0 2.3343143959099014e-09
2997.0 2.3334941991961513e-09
2998.0 2.332674002482401e-09
2999.0 2.3318538057686512e-09
3000.0 2.331033609054901e-09
3001.0 2.330213412341151e-09
3002.0 2.329393215627401e-09
3003.0 2.3285730189136506e-09
3004.0 2.3277528221999014e-09
3005.0 2.326932625486151e-09
3006.0 2.3261124287724013e-09
3007.0 2.3252922320586513e-09
3008.0 2.324472035344901e-09
3009.0 2.323651838631151e-09
3010.0 2.3228316419174007e-09
3011.0 2.3220114452036507e-09
3012.0 2.3211912484899006e-09
3013.0 2.320371051776151e-09
3014.0 2.3195508550624014e-09
3015.0 2.318730658348651e-09
3016.0 2.317910461634901e-09
3017.0 2.317090264921151e-09
3018.0 2.3162700682074008e-09
3019.0 2.3154498714936507e-09
3020.0 2.3146296747799007e-09
3021.0 2.3138094780661506e-09
3022.0 2.312989281352401e-09
3023.0 2.312169084638651e-09
3024.0 2.311348887924901e-09
3025.0 2.310528691211151e-09
3026.0 2.309708494497401e-09
3027.0 2.3088882977836508e-09
3028.0 2.3080681010699007e-09
3029.0 2.3072479043561503e-09
3030.0 2.3064277076424006e-09
3031.0 2.305607510928651e-09
3032.0 2.304787314214901e-09
3033.0 2.303967117501151e-09
3034.0 2.303146920787401e-09
3035.0 2.302326724073651e-09
3036.0 2.3015065273599008e-09
3037.0 2.3006863306461507e-09
3038.0 2.2998661339324007e-09
3039.0 2.2990459372186506e-09
3040.0 2.298225740504901e-09
3041.0 2.297405543791151e-09
3042.0 2.296585347077401e-09
3043.0 2.295765150363651e-09
3044.0 2.294944953649901e-09
3045.0 2.2941247569361508e-09
3046.0 2.2933045602224007e-09
3047.0 2.2924843635086507e-09
3048.0 2.2916641667949006e-09
3049.0 2.290843970081151e-09
3050.0 2.290023773367401e-09
3051.0 2.289203576653651e-09
3052.0 2.2883833799399004e-09
3053.0 2.287563183226151e-09
3054.0 2.2867429865124008e-09
3055.0 2.2859227897986507e-09
3056.0 2.2851025930849007e-09
3057.0 2.2842823963711502e-09
3058.0 2.283462199657401e-09
3059.0 2.2826420029436505e-09
3060.0 2.281821806229901e-09
3061.0 2.281001609516151e-09
3062.0 2.2801814128024004e-09
3063.0 2.2793612160886508e-09
3064.0 2.2785410193749003e-09
3065.0 2.2777208226611507e-09
3066.0 2.2769006259474002e-09
3067.0 2.27608042923365e-09
3068.0 2.275260232519901e-09
3069.0 2.2744400358061505e-09
3070.0 2.273619839092401e-09
3071.0 2.2727996423786504e-09
3072.0 2.2719794456649003e-09
3073.0 2.2711592489511503e-09
3074.0 2.2703390522374003e-09
3075.0 2.26951885552365e-09
3076.0 2.2686986588099006e-09
3077.0 2.2678784620961505e-09
3078.0 2.2670582653824005e-09
3079.0 2.2662380686686504e-09
3080.0 2.2654178719549004e-09
3081.0 2.2645976752411503e-09
3082.0 2.2637774785274003e-09
3083.0 2.2629572818136502e-09
3084.0 2.2621370850999e-09
3085.0 2.2613168883861497e-09
3086.0 2.2604966916724005e-09
3087.0 2.2596764949586505e-09
3088.0 2.2588562982449004e-09
3089.0 2.2580361015311504e-09
3090.0 2.2572159048174e-09
3091.0 2.2563957081036503e-09
3092.0 2.2555755113899e-09
3093.0 2.2547553146761498e-09
3094.0 2.2539351179624006e-09
3095.0 2.25311492124865e-09
3096.0 2.2522947245349005e-09
3097.0 2.25147452782115e-09
3098.0 2.2506543311074e-09
3099.0 2.24983413439365e-09
3100.0 2.2490139376799e-09
