2.0 35.86175856199635
3.0 6.583496352987709
4.0 1.9775807960662384
5.0 0.7780249544967286
6.0 0.36305802257816694
7.0 0.19059636611166642
8.0 0.1090690560771219
9.0 0.06666483827542118
10.0 0.042920655244482464
11.0 0.028820936839578464
12.0 0.02003768640417856
13.0 0.014344189679415044
14.0 0.010527447376639317
15.0 0.007894200117538549
16.0 0.006031699037057395
17.0 0.004685384230626289
18.0 0.003693357545200381
19.0 0.0029498316325261985
20.0 0.002384006465288128
21.0 0.0019474732039328777
22.0 0.001606490494497961
23.0 0.0013371284972083077
24.0 0.0011221462478357093
25.0 0.0009489421654653774
26.0 0.0008081836206384548
27.0 0.000692874829594018
28.0 0.000597712885579915
29.0 0.0005186363988478039
30.0 0.0004525048934629815
31.0 0.0003968682501868188
32.0 0.0003497989886993539
33.0 0.0003097689480722176
34.0 0.00027555770006855554
35.0 0.0002461838888821966
36.0 0.0002208533031991538
37.0 0.00019891927650405293
38.0 0.0001798522523129572
39.0 0.00016321622036878414
40.0 0.00014865034518482596
41.0 0.00013585454808065267
42.0 0.00012457812099297435
43.0 0.00011461068102707907
44.0 0.00010577494388436347
45.0 9.79209193254106e-05
46.0 9.092122490911072e-05
47.0 8.46672840353184e-05
48.0 7.906622699188615e-05
49.0 7.403835371780289e-05
50.0 6.95150475724341e-05
51.0 6.543705290691365e-05
52.0 6.175304740439873e-05
53.0 5.841845427752981e-05
54.0 5.539445044274784e-05
55.0 5.264713545092989e-05
56.0 5.0146832784180236e-05
57.0 4.786750054060171e-05
58.0 4.5786232835828876e-05
59.0 4.3882836692137866e-05
60.0 4.213947194795103e-05
61.0 4.054034394557796e-05
62.0 3.9071440554265444e-05
63.0 3.77203065458687e-05
64.0 3.647584952976145e-05
65.0 3.532817262554893e-05
66.0 3.426842984908524e-05
67.0 3.328870084282414e-05
68.0 3.2381882122411575e-05
69.0 3.154159245904838e-05
70.0 3.076209038866848e-05
71.0 3.003820214819958e-05
72.0 2.936525859724884e-05
73.0 2.8739039899516126e-05
74.0 2.8155726919421345e-05
75.0 2.7611858441819464e-05
76.0 2.7104293451156956e-05
77.0 2.6630177815001897e-05
78.0 2.618691480885222e-05
79.0 2.577213899720526e-05
80.0 2.5383693052301062e-05
81.0 2.5019607148589355e-05
82.0 2.4678080619358787e-05
83.0 2.4357465603391783e-05
84.0 2.4056252445040686e-05
85.0 2.3773056641657477e-05
86.0 2.350660715860147e-05
87.0 2.3255735954728203e-05
88.0 2.301936858085967e-05
89.0 2.2796515730699015e-05
90.0 2.2586265638361182e-05
91.0 2.238777722946491e-05
92.0 2.2200273943844006e-05
93.0 2.2023038157617327e-05
94.0 2.18554061408062e-05
95.0 2.1696763494071036e-05
96.0 2.154654101460193e-05
97.0 2.1404210946861995e-05
98.0 2.1269283578854198e-05
99.0 2.114130414895235e-05
100.0 2.10198500321832e-05
101.0 2.0904528178236206e-05
102.0 2.07949727764689e-05
103.0 2.069084312581876e-05
104.0 2.0591821689870747e-05
105.0 2.049761231940073e-05
106.0 2.040793862655184e-05
107.0 2.0322542496431467e-05
108.0 2.024118272336615e-05
109.0 2.0163633760341664e-05
110.0 2.0089684571304703e-05
111.0 2.0019137577027444e-05
112.0 1.9951807686151385e-05
113.0 1.9887521403844584e-05
114.0 1.9826116011238013e-05
115.0 1.976743880946208e-05
116.0 1.971134642269163e-05
117.0 1.96577041551348e-05
118.0 1.9606385397374596e-05
119.0 1.9557271077897464e-05
120.0 1.9510249156026236e-05
121.0 1.9465214152819654e-05
122.0 1.9422066716811676e-05
123.0 1.9380713221744218e-05
124.0 1.9341065393700424e-05
125.0 1.9303039965274425e-05
126.0 1.9266558354620777e-05
127.0 1.9231546367414073e-05
128.0 1.919793391991939e-05
129.0 1.916565478152793e-05
130.0 1.9134646335252314e-05
131.0 1.9104849354802682e-05
132.0 1.907620779698027e-05
133.0 1.9048668608230035e-05
134.0 1.9022181544289335e-05
135.0 1.8996699001956783e-05
136.0 1.8972175862084573e-05
137.0 1.894856934296997e-05
138.0 1.8925838863387668e-05
139.0 1.890394591456491e-05
140.0 1.8882853940456612e-05
141.0 1.8862528225727827e-05
142.0 1.8842935790897256e-05
143.0 1.882404529413768e-05
144.0 1.8805826939267818e-05
145.0 1.8788252389505736e-05
146.0 1.8771294686586426e-05
147.0 1.8754928174876066e-05
148.0 1.8739128430142953e-05
149.0 1.872387219267034e-05
150.0 1.8709137304419638e-05
151.0 1.869490264997374e-05
152.0 1.868114810100996e-05
153.0 1.866785446407021e-05
154.0 1.865500343141261e-05
155.0 1.8642577534744284e-05
156.0 1.8630560101649234e-05
157.0 1.861893521453825e-05
158.0 1.8607687671960083e-05
159.0 1.8596802952124057e-05
160.0 1.8586267178495007e-05
161.0 1.857606708733059e-05
162.0 1.8566189997040305e-05
163.0 1.8556623779253358e-05
164.0 1.8547356831490493e-05
165.0 1.853837805134166e-05
166.0 1.8529676812058134e-05
167.0 1.85212429394736e-05
168.0 1.851306669017452e-05
169.0 1.850513873084517e-05
170.0 1.84974501187177e-05
171.0 1.8489992283061984e-05
172.0 1.8482757007654377e-05
173.0 1.8475736414168206e-05
174.0 1.8468922946432632e-05
175.0 1.8462309355509776e-05
176.0 1.8455888685543237e-05
177.0 1.844965426033402e-05
178.0 1.8443599670602643e-05
179.0 1.8437718761898727e-05
180.0 1.8432005623121813e-05
181.0 1.8426454575619306e-05
182.0 1.8421060162829507e-05
183.0 1.8415817140439764e-05
184.0 1.8410720467031386e-05
185.0 1.840576529518484e-05
186.0 1.840094696302021e-05
187.0 1.8396260986149448e-05
188.0 1.8391703050018295e-05
189.0 1.8387269002617038e-05
190.0 1.8382954847540568e-05
191.0 1.83787567373792e-05
192.0 1.8374670967422916e-05
193.0 1.8370693969662604e-05
194.0 1.8366822307072864e-05
195.0 1.8363052668161777e-05
196.0 1.8359381861773882e-05
197.0 1.835580681213339e-05
198.0 1.8352324554115404e-05
199.0 1.8348932228733527e-05
200.0 1.834562707883296e-05
201.0 1.8342406444978786e-05
202.0 1.8339267761529595e-05
203.0 1.833620855288736e-05
204.0 1.8333226429914717e-05
205.0 1.8330319086511447e-05
206.0 1.832748429634238e-05
207.0 1.8324719909709285e-05
208.0 1.8322023850559763e-05
209.0 1.8319394113626563e-05
210.0 1.8316828761690966e-05
211.0 1.831432592296438e-05
212.0 1.8311883788582456e-05
213.0 1.8309500610206416e-05
214.0 1.8307174697726492e-05
215.0 1.8304904417062732e-05
216.0 1.8302688188058598e-05
217.0 1.8300524482462988e-05
218.0 1.8298411821996653e-05
219.0 1.829634877649906e-05
220.0 1.8294333962152073e-05
221.0 1.829236603977681e-05
222.0 1.8290443713200523e-05
223.0 1.828856572769016e-05
224.0 1.8286730868449702e-05
225.0 1.828493795917839e-05
226.0 1.8283185860687075e-05
227.0 1.828147346957016e-05
228.0 1.827979971693064e-05
229.0 1.82781635671559e-05
230.0 1.8276564016742035e-05
231.0 1.8275000093164565e-05
232.0 1.8273470853793573e-05
233.0 1.8271975384851234e-05
234.0 1.8270512800410014e-05
235.0 1.826908224142973e-05
236.0 1.82676828748318e-05
237.0 1.826631389260913e-05
238.0 1.8264974510970102e-05
239.0 1.8263663969515227e-05
240.0 1.8262381530445087e-05
241.0 1.8261126477798222e-05
242.0 1.825989811671779e-05
243.0 1.825869577274572e-05
244.0 1.8257518791143235e-05
245.0 1.8256366536236705e-05
246.0 1.825523839078774e-05
247.0 1.8254133755386532e-05
248.0 1.825305204786755e-05
249.0 1.825199270274658e-05
250.0 1.8250955170678354e-05
251.0 1.8249938917933894e-05
252.0 1.8248943425896733e-05
253.0 1.824796819057736e-05
254.0 1.8247012722145033e-05
255.0 1.8246076544476427e-05
256.0 1.8245159194720302e-05
257.0 1.824426022287765e-05
258.0 1.824337919139669e-05
259.0 1.8242515674782138e-05
260.0 1.8241669259218167e-05
261.0 1.8240839542204566e-05
262.0 1.8240026132205583e-05
263.0 1.8239228648310906e-05
264.0 1.823844671990842e-05
265.0 1.823767998636819e-05
266.0 1.8236928096737307e-05
267.0 1.8236190709445146e-05
268.0 1.8235467492018696e-05
269.0 1.8234758120807507e-05
270.0 1.8234062280717952e-05
271.0 1.8233379664956446e-05
272.0 1.8232709974781264e-05
273.0 1.8232052919262686e-05
274.0 1.8231408215051086e-05
275.0 1.8230775586152763e-05
276.0 1.8230154763713163e-05
277.0 1.822954548580724e-05
278.0 1.8228947497236732e-05
279.0 1.8228360549334006e-05
280.0 1.8227784399772387e-05
281.0 1.8227218812382567e-05
282.0 1.8226663556974997e-05
283.0 1.8226118409168018e-05
284.0 1.8225583150221473e-05
285.0 1.8225057566875707e-05
286.0 1.8224541451195654e-05
287.0 1.822403460041991e-05
288.0 1.8223536816814594e-05
289.0 1.8223047907531808e-05
290.0 1.822256768447258e-05
291.0 1.8222095964154066e-05
292.0 1.8221632567580948e-05
293.0 1.8221177320120817e-05
294.0 1.8220730051383426e-05
295.0 1.8220290595103687e-05
296.0 1.8219858789028277e-05
297.0 1.8219434474805725e-05
298.0 1.8219017497879867e-05
299.0 1.821860770738657e-05
300.0 1.8218204956053588e-05
301.0 1.8217809100103433e-05
302.0 1.8217419999159236e-05
303.0 1.8217037516153397e-05
304.0 1.821666151723901e-05
305.0 1.8216291871703926e-05
306.0 1.821592845188737e-05
307.0 1.821557113309907e-05
308.0 1.8215219793540767e-05
309.0 1.8214874314230012e-05
310.0 1.821453457892629e-05
311.0 1.8214200474059227e-05
312.0 1.821387188865894e-05
313.0 1.8213548714288436e-05
314.0 1.8213230844977936e-05
315.0 1.8212918177161124e-05
316.0 1.821261060961326e-05
317.0 1.821230804339103e-05
318.0 1.821201038177416e-05
319.0 1.82117175302087e-05
320.0 1.82114293962519e-05
321.0 1.8211145889518682e-05
322.0 1.8210866921629634e-05
323.0 1.8210592406160433e-05
324.0 1.821032225859275e-05
325.0 1.8210056396266495e-05
326.0 1.820979473833342e-05
327.0 1.820953720571201e-05
328.0 1.820928372104363e-05
329.0 1.820903420864989e-05
330.0 1.8208788594491207e-05
331.0 1.820854680612648e-05
332.0 1.82083087726739e-05
333.0 1.8208074424772815e-05
334.0 1.8207843694546677e-05
335.0 1.8207616515566938e-05
336.0 1.820739282281799e-05
337.0 1.820717255266301e-05
338.0 1.8206955642810753e-05
339.0 1.820674203228323e-05
340.0 1.8206531661384268e-05
341.0 1.820632447166889e-05
342.0 1.8206120405913533e-05
343.0 1.8205919408087043e-05
344.0 1.8205721423322467e-05
345.0 1.820552639788955e-05
346.0 1.8205334279168012e-05
347.0 1.820514501562147e-05
348.0 1.820495855677209e-05
349.0 1.8204774853175906e-05
350.0 1.8204593856398715e-05
351.0 1.8204415518992702e-05
352.0 1.820423979447359e-05
353.0 1.8204066637298416e-05
354.0 1.8203896002843882e-05
355.0 1.8203727847385246e-05
356.0 1.820356212807578e-05
357.0 1.820339880292673e-05
358.0 1.8203237830787797e-05
359.0 1.820307917132812e-05
360.0 1.8202922785017743e-05
361.0 1.820276863310953e-05
362.0 1.820261667762156e-05
363.0 1.8202466881319968e-05
364.0 1.8202319207702188e-05
365.0 1.8202173620980643e-05
366.0 1.8202030086066836e-05
367.0 1.820188856855583e-05
368.0 1.820174903471112e-05
369.0 1.8201611451449877e-05
370.0 1.820147578632856e-05
371.0 1.8201342007528872e-05
372.0 1.8201210083844083e-05
373.0 1.8201079984665664e-05
374.0 1.8200951679970254e-05
375.0 1.8200825140306958e-05
376.0 1.8200700336784945e-05
377.0 1.8200577241061342e-05
378.0 1.820045582532942e-05
379.0 1.8200336062307077e-05
380.0 1.8200217925225593e-05
381.0 1.820010138781865e-05
382.0 1.819998642431161e-05
383.0 1.819987300941108e-05
384.0 1.8199761118294658e-05
385.0 1.819965072660102e-05
386.0 1.8199541810420158e-05
387.0 1.819943434628387e-05
388.0 1.8199328311156513e-05
389.0 1.8199223682425917e-05
390.0 1.8199120437894558e-05
391.0 1.81990185557709e-05
392.0 1.8198918014660963e-05
393.0 1.8198818793560105e-05
394.0 1.8198720871844914e-05
395.0 1.8198624229265416e-05
396.0 1.8198528845937332e-05
397.0 1.8198434702334602e-05
398.0 1.819834177928204e-05
399.0 1.819825005794819e-05
400.0 1.8198159519838288e-05
401.0 1.8198070146787455e-05
402.0 1.8197981920953986e-05
403.0 1.8197894824812835e-05
404.0 1.8197808841149205e-05
405.0 1.8197723953052334e-05
406.0 1.8197640143909373e-05
407.0 1.8197557397399425e-05
408.0 1.8197475697487713e-05
409.0 1.8197395028419893e-05
410.0 1.8197315374716456e-05
411.0 1.8197236721167305e-05
412.0 1.8197159052826403e-05
413.0 1.819708235500658e-05
414.0 1.8197006613274424e-05
415.0 1.8196931813445313e-05
416.0 1.8196857941578525e-05
417.0 1.8196784983972487e-05
418.0 1.8196712927160093e-05
419.0 1.8196641757904166e-05
420.0 1.8196571463192986e-05
421.0 1.8196502030235918e-05
422.0 1.8196433446459155e-05
423.0 1.8196365699501528e-05
424.0 1.8196298777210434e-05
425.0 1.8196232667637825e-05
426.0 1.8196167359036294e-05
427.0 1.819610283985526e-05
428.0 1.8196039098737197e-05
429.0 1.8195976124513987e-05
430.0 1.8195913906203307e-05
431.0 1.819585243300515e-05
432.0 1.819579169429835e-05
433.0 1.8195731679637235e-05
434.0 1.8195672378748325e-05
435.0 1.819561378152711e-05
436.0 1.8195555878034888e-05
437.0 1.819549865849567e-05
438.0 1.8195442113293154e-05
439.0 1.819538623296777e-05
440.0 1.819533100821375e-05
441.0 1.819527642987632e-05
442.0 1.819522248894889e-05
443.0 1.8195169176570333e-05
444.0 1.8195116484022322e-05
445.0 1.8195064402726703e-05
446.0 1.819501292424295e-05
447.0 1.819496204026563e-05
448.0 1.819491174262197e-05
449.0 1.8194862023269425e-05
450.0 1.8194812874293354e-05
451.0 1.819476428790466e-05
452.0 1.8194716256437572e-05
453.0 1.8194668772347392e-05
454.0 1.8194621828208342e-05
455.0 1.819457541671142e-05
456.0 1.819452953066232e-05
457.0 1.8194484162979384e-05
458.0 1.8194439306691602e-05
459.0 1.8194394954936637e-05
460.0 1.8194351100958896e-05
461.0 1.8194307738107663e-05
462.0 1.819426485983523e-05
463.0 1.819422245969509e-05
464.0 1.8194180531340154e-05
465.0 1.8194139068521014e-05
466.0 1.8194098065084226e-05
467.0 1.819405751497065e-05
468.0 1.819401741221379e-05
469.0 1.8193977750938197e-05
470.0 1.819393852535787e-05
471.0 1.8193899729774737e-05
472.0 1.8193861358577116e-05
473.0 1.8193823406238216e-05
474.0 1.8193785867314715e-05
475.0 1.8193748736445284e-05
476.0 1.8193712008349208e-05
477.0 1.8193675677825007e-05
478.0 1.8193639739749063e-05
479.0 1.8193604189074334e-05
480.0 1.8193569020829014e-05
481.0 1.8193534230115278e-05
482.0 1.8193499812108026e-05
483.0 1.8193465762053654e-05
484.0 1.8193432075268857e-05
485.0 1.819339874713943e-05
486.0 1.8193365773119136e-05
487.0 1.819333314872854e-05
488.0 1.8193300869553904e-05
489.0 1.8193268931246098e-05
490.0 1.8193237329519518e-05
491.0 1.8193206060151035e-05
492.0 1.8193175118978946e-05
493.0 1.8193144501901974e-05
494.0 1.819311420487827e-05
495.0 1.8193084223924432e-05
496.0 1.819305455511453e-05
497.0 1.8193025194579174e-05
498.0 1.81929961385046e-05
499.0 1.8192967383131745e-05
500.0 1.8192938924755356e-05
501.0 1.819291075972312e-05
502.0 1.81928828844348e-05
503.0 1.8192855295341395e-05
504.0 1.8192827988944305e-05
505.0 1.8192800961794524e-05
506.0 1.8192774210491833e-05
507.0 1.8192747731684026e-05
508.0 1.819272152206612e-05
509.0 1.819269557837963e-05
510.0 1.819266989741179e-05
511.0 1.8192644475994843e-05
512.0 1.819261931100533e-05
513.0 1.8192594399363366e-05
514.0 1.819256973803196e-05
515.0 1.8192545324016352e-05
516.0 1.81925211543633e-05
517.0 1.819249722616048e-05
518.0 1.8192473536535797e-05
519.0 1.8192450082656784e-05
520.0 1.8192426861729958e-05
521.0 1.819240387100023e-05
522.0 1.8192381107750286e-05
523.0 1.819235856930001e-05
524.0 1.8192336253005896e-05
525.0 1.81923141562605e-05
526.0 1.8192292276491846e-05
527.0 1.819227061116291e-05
528.0 1.8192249157771066e-05
529.0 1.8192227913847552e-05
530.0 1.819220687695696e-05
531.0 1.8192186044696706e-05
532.0 1.8192165414696542e-05
533.0 1.819214498461807e-05
534.0 1.8192124752154226e-05
535.0 1.8192104715028825e-05
536.0 1.8192084870996086e-05
537.0 1.819206521784017e-05
538.0 1.8192045753374723e-05
539.0 1.8192026475442428e-05
540.0 1.819200738191458e-05
541.0 1.8191988470690644e-05
542.0 1.819196973969782e-05
543.0 1.819195118689065e-05
544.0 1.8191932810250598e-05
545.0 1.8191914607785634e-05
546.0 1.8191896577529862e-05
547.0 1.8191878717543115e-05
548.0 1.8191861025910566e-05
549.0 1.819184350074237e-05
550.0 1.8191826140173282e-05
551.0 1.8191808942362297e-05
552.0 1.819179190549228e-05
553.0 1.8191775027769636e-05
554.0 1.8191758307423943e-05
555.0 1.8191741742707622e-05
556.0 1.8191725331895595e-05
557.0 1.819170907328497e-05
558.0 1.8191692965194696e-05
559.0 1.819167700596526e-05
560.0 1.819166119395836e-05
561.0 1.8191645527556616e-05
562.0 1.8191630005163248e-05
563.0 1.8191614625201787e-05
564.0 1.8191599386115772e-05
565.0 1.8191584286368473e-05
566.0 1.819156932444261e-05
567.0 1.8191554498840042e-05
568.0 1.8191539808081538e-05
569.0 1.8191525250706467e-05
570.0 1.819151082527255e-05
571.0 1.81914965303556e-05
572.0 1.819148236454926e-05
573.0 1.8191468326464732e-05
574.0 1.819145441473057e-05
575.0 1.8191440627992385e-05
576.0 1.8191426964912636e-05
577.0 1.819141342417038e-05
578.0 1.8191400004461038e-05
579.0 1.8191386704496166e-05
580.0 1.8191373523003227e-05
581.0 1.819136045872537e-05
582.0 1.8191347510421212e-05
583.0 1.819133467686461e-05
584.0 1.819132195684446e-05
585.0 1.819130934916449e-05
586.0 1.8191296852643035e-05
587.0 1.819128446611285e-05
588.0 1.8191272188420917e-05
589.0 1.8191260018428215e-05
590.0 1.819124795500957e-05
591.0 1.8191235997053428e-05
592.0 1.8191224143461688e-05
593.0 1.8191212393149508e-05
594.0 1.8191200745045125e-05
595.0 1.8191189198089676e-05
596.0 1.819117775123702e-05
597.0 1.8191166403453573e-05
598.0 1.8191155153718116e-05
599.0 1.819114400102165e-05
600.0 1.8191132944367214e-05
601.0 1.8191121982769733e-05
602.0 1.8191111115255844e-05
603.0 1.8191100340863747e-05
604.0 1.8191089658643044e-05
605.0 1.8191079067654597e-05
606.0 1.8191068566970358e-05
607.0 1.819105815567323e-05
608.0 1.8191047832856913e-05
609.0 1.8191037597625784e-05
610.0 1.8191027449094713e-05
611.0 1.8191017386388962e-05
612.0 1.819100740864402e-05
613.0 1.8190997515005482e-05
614.0 1.8190987704628908e-05
615.0 1.8190977976679684e-05
616.0 1.8190968330332917e-05
617.0 1.8190958764773272e-05
618.0 1.8190949279194873e-05
619.0 1.819093987280117e-05
620.0 1.8190930544804803e-05
621.0 1.8190921294427507e-05
622.0 1.819091212089997e-05
623.0 1.819090302346173e-05
624.0 1.8190894001361042e-05
625.0 1.8190885053854793e-05
626.0 1.8190876180208364e-05
627.0 1.819086737969552e-05
628.0 1.8190858651598327e-05
629.0 1.819084999520701e-05
630.0 1.8190841409819864e-05
631.0 1.8190832894743165e-05
632.0 1.8190824449291033e-05
633.0 1.8190816072785357e-05
634.0 1.8190807764555687e-05
635.0 1.8190799523939137e-05
636.0 1.8190791350280285e-05
637.0 1.8190783242931074e-05
638.0 1.8190775201250732e-05
639.0 1.8190767224605658e-05
640.0 1.8190759312369356e-05
641.0 1.819075146392232e-05
642.0 1.819074367865196e-05
643.0 1.819073595595251e-05
644.0 1.819072829522494e-05
645.0 1.819072069587688e-05
646.0 1.819071315732251e-05
647.0 1.8190705678982517e-05
648.0 1.8190698260283978e-05
649.0 1.8190690900660302e-05
650.0 1.8190683599551135e-05
651.0 1.8190676356402295e-05
652.0 1.819066917066568e-05
653.0 1.8190662041799207e-05
654.0 1.819065496926673e-05
655.0 1.8190647952537965e-05
656.0 1.8190640991088418e-05
657.0 1.8190634084399316e-05
658.0 1.819062723195753e-05
659.0 1.819062043325551e-05
660.0 1.8190613687791214e-05
661.0 1.819060699506805e-05
662.0 1.8190600354594783e-05
663.0 1.81905937658855e-05
664.0 1.819058722845952e-05
665.0 1.8190580741841345e-05
666.0 1.8190574305560597e-05
667.0 1.8190567919151932e-05
668.0 1.819056158215502e-05
669.0 1.819055529411444e-05
670.0 1.819054905457965e-05
671.0 1.8190542863104923e-05
672.0 1.819053671924927e-05
673.0 1.8190530622576403e-05
674.0 1.8190524572654673e-05
675.0 1.819051856905701e-05
676.0 1.819051261136087e-05
677.0 1.8190506699148182e-05
678.0 1.819050083200529e-05
679.0 1.81904950095229e-05
680.0 1.819048923129604e-05
681.0 1.8190483496923983e-05
682.0 1.8190477806010225e-05
683.0 1.819047215816241e-05
684.0 1.8190466552992302e-05
685.0 1.819046099011572e-05
686.0 1.8190455469152493e-05
687.0 1.8190449989726413e-05
688.0 1.8190444551465203e-05
689.0 1.8190439154000437e-05
690.0 1.8190433796967528e-05
691.0 1.819042848000566e-05
692.0 1.819042320275777e-05
693.0 1.8190417964870464e-05
694.0 1.8190412765994006e-05
695.0 1.819040760578227e-05
696.0 1.819040248389268e-05
697.0 1.81903973999862e-05
698.0 1.8190392353727253e-05
699.0 1.819038734478372e-05
700.0 1.8190382372826866e-05
701.0 1.8190377437531323e-05
702.0 1.8190372538575045e-05
703.0 1.8190367675639267e-05
704.0 1.8190362848408465e-05
705.0 1.8190358056570328e-05
706.0 1.8190353299815703e-05
707.0 1.8190348577838578e-05
708.0 1.8190343890336038e-05
709.0 1.819033923700823e-05
710.0 1.819033461755832e-05
711.0 1.8190330031692473e-05
712.0 1.8190325479119802e-05
713.0 1.8190320959552352e-05
714.0 1.819031647270505e-05
715.0 1.819031201829569e-05
716.0 1.8190307596044874e-05
717.0 1.819030320567601e-05
718.0 1.8190298846915263e-05
719.0 1.819029451949152e-05
720.0 1.8190290223136373e-05
721.0 1.819028595758408e-05
722.0 1.819028172257153e-05
723.0 1.819027751783823e-05
724.0 1.8190273343126258e-05
725.0 1.8190269198180237e-05
726.0 1.8190265082747325e-05
727.0 1.8190260996577154e-05
728.0 1.8190256939421837e-05
729.0 1.8190252911035905e-05
730.0 1.819024891117631e-05
731.0 1.8190244939602394e-05
732.0 1.8190240996075838e-05
733.0 1.819023708036066e-05
734.0 1.819023319222318e-05
735.0 1.8190229331432e-05
736.0 1.819022549775797e-05
737.0 1.8190221690974172e-05
738.0 1.8190217910855888e-05
739.0 1.819021415718058e-05
740.0 1.8190210429727863e-05
741.0 1.8190206728279484e-05
742.0 1.8190203052619305e-05
743.0 1.8190199402533256e-05
744.0 1.8190195777809346e-05
745.0 1.819019217823761e-05
746.0 1.8190188603610113e-05
747.0 1.8190185053720896e-05
748.0 1.8190181528365985e-05
749.0 1.8190178027343363e-05
750.0 1.819017455045293e-05
751.0 1.8190171097496502e-05
752.0 1.8190167668277784e-05
753.0 1.8190164262602344e-05
754.0 1.8190160880277606e-05
755.0 1.8190157521112812e-05
756.0 1.819015418491902e-05
757.0 1.8190150871509073e-05
758.0 1.819014758069758e-05
759.0 1.819014431230091e-05
760.0 1.8190141066137152e-05
761.0 1.8190137842026114e-05
762.0 1.8190134639789298e-05
763.0 1.8190131459249885e-05
764.0 1.8190128300232706e-05
765.0 1.819012516256424e-05
766.0 1.819012204607259e-05
767.0 1.8190118950587458e-05
768.0 1.8190115875940144e-05
769.0 1.8190112821963513e-05
770.0 1.8190109788491985e-05
771.0 1.8190106775361526e-05
772.0 1.8190103782409618e-05
773.0 1.819010080947525e-05
774.0 1.8190097856398908e-05
775.0 1.8190094923022547e-05
776.0 1.819009200918958e-05
777.0 1.8190089114744867e-05
778.0 1.8190086239534706e-05
779.0 1.8190083383406788e-05
780.0 1.819008054621022e-05
781.0 1.819007772779549e-05
782.0 1.8190074928014453e-05
783.0 1.8190072146720317e-05
784.0 1.819006938376765e-05
785.0 1.819006663901232e-05
786.0 1.8190063912311526e-05
787.0 1.8190061203523773e-05
788.0 1.819005851250883e-05
789.0 1.819005583912777e-05
790.0 1.8190053183242895e-05
791.0 1.8190050544717778e-05
792.0 1.8190047923417215e-05
793.0 1.819004531920723e-05
794.0 1.819004273195505e-05
795.0 1.81900401615291e-05
796.0 1.8190037607798993e-05
797.0 1.8190035070635517e-05
798.0 1.819003254991061e-05
799.0 1.819003004549737e-05
800.0 1.8190027557270024e-05
801.0 1.819002508510392e-05
802.0 1.819002262887554e-05
803.0 1.8190020188462444e-05
804.0 1.81900177637433e-05
805.0 1.819001535459785e-05
806.0 1.8190012960906905e-05
807.0 1.8190010582552335e-05
808.0 1.8190008219417057e-05
809.0 1.8190005871385027e-05
810.0 1.8190003538341224e-05
811.0 1.819000122017165e-05
812.0 1.818999891676331e-05
813.0 1.8189996628004206e-05
814.0 1.8189994353783318e-05
815.0 1.818999209399061e-05
816.0 1.8189989848517017e-05
817.0 1.818998761725442e-05
818.0 1.8189985400095653e-05
819.0 1.8189983196934486e-05
820.0 1.8189981007665623e-05
821.0 1.8189978832184677e-05
822.0 1.8189976670388175e-05
823.0 1.8189974522173555e-05
824.0 1.8189972387439132e-05
825.0 1.818997026608411e-05
826.0 1.8189968158008575e-05
827.0 1.818996606311347e-05
828.0 1.8189963981300594e-05
829.0 1.8189961912472602e-05
830.0 1.818995985653299e-05
831.0 1.8189957813386074e-05
832.0 1.8189955782937006e-05
833.0 1.8189953765091754e-05
834.0 1.818995175975709e-05
835.0 1.8189949766840588e-05
836.0 1.8189947786250614e-05
837.0 1.8189945817896315e-05
838.0 1.8189943861687618e-05
839.0 1.818994191753522e-05
840.0 1.818993998535058e-05
841.0 1.8189938065045917e-05
842.0 1.8189936156534188e-05
843.0 1.8189934259729087e-05
844.0 1.8189932374545055e-05
845.0 1.818993050089725e-05
846.0 1.818992863870154e-05
847.0 1.818992678787453e-05
848.0 1.8189924948333506e-05
849.0 1.818992311999646e-05
850.0 1.8189921302782082e-05
851.0 1.8189919496609734e-05
852.0 1.818991770139947e-05
853.0 1.8189915917072e-05
854.0 1.818991414354872e-05
855.0 1.8189912380751667e-05
856.0 1.8189910628603537e-05
857.0 1.8189908887027673e-05
858.0 1.8189907155948062e-05
859.0 1.8189905435289317e-05
860.0 1.8189903724976687e-05
861.0 1.818990202493604e-05
862.0 1.8189900335093857e-05
863.0 1.8189898655377236e-05
864.0 1.8189896985713873e-05
865.0 1.8189895326032075e-05
866.0 1.8189893676260725e-05
867.0 1.818989203632931e-05
868.0 1.8189890406167886e-05
869.0 1.8189888785707095e-05
870.0 1.818988717487815e-05
871.0 1.8189885573612825e-05
872.0 1.818988398184346e-05
873.0 1.8189882399502948e-05
874.0 1.818988082652473e-05
875.0 1.8189879262842797e-05
876.0 1.8189877708391676e-05
877.0 1.818987616310643e-05
878.0 1.8189874626922656e-05
879.0 1.8189873099776473e-05
880.0 1.8189871581604515e-05
881.0 1.8189870072343944e-05
882.0 1.8189868571932424e-05
883.0 1.8189867080308122e-05
884.0 1.8189865597409713e-05
885.0 1.8189864123176373e-05
886.0 1.8189862657547756e-05
887.0 1.8189861200464015e-05
888.0 1.818985975186578e-05
889.0 1.8189858311694167e-05
890.0 1.8189856879890754e-05
891.0 1.8189855456397605e-05
892.0 1.8189854041157237e-05
893.0 1.8189852634112627e-05
894.0 1.8189851235207222e-05
895.0 1.8189849844384916e-05
896.0 1.818984846159004e-05
897.0 1.818984708676739e-05
898.0 1.818984571986219e-05
899.0 1.81898443608201e-05
900.0 1.8189843009587218e-05
901.0 1.8189841666110076e-05
902.0 1.8189840330335615e-05
903.0 1.818983900221121e-05
904.0 1.8189837681684653e-05
905.0 1.8189836368704136e-05
906.0 1.818983506321828e-05
907.0 1.81898337651761e-05
908.0 1.8189832474527018e-05
909.0 1.8189831191220847e-05
910.0 1.8189829915207813e-05
911.0 1.8189828646438513e-05
912.0 1.8189827384863945e-05
913.0 1.818982613043549e-05
914.0 1.81898248831049e-05
915.0 1.8189823642824325e-05
916.0 1.8189822409546268e-05
917.0 1.8189821183223625e-05
918.0 1.8189819963809638e-05
919.0 1.8189818751257925e-05
920.0 1.818981754552247e-05
921.0 1.8189816346557605e-05
922.0 1.818981515431802e-05
923.0 1.8189813968758767e-05
924.0 1.8189812789835224e-05
925.0 1.818981161750314e-05
926.0 1.8189810451718592e-05
927.0 1.8189809292438e-05
928.0 1.818980813961812e-05
929.0 1.818980699321604e-05
930.0 1.8189805853189186e-05
931.0 1.818980471949531e-05
932.0 1.8189803592092474e-05
933.0 1.8189802470939082e-05
934.0 1.818980135599385e-05
935.0 1.818980024721581e-05
936.0 1.81897991445643e-05
937.0 1.8189798047998983e-05
938.0 1.8189796957479825e-05
939.0 1.8189795872967097e-05
940.0 1.8189794794421366e-05
941.0 1.8189793721803514e-05
942.0 1.8189792655074707e-05
943.0 1.8189791594196413e-05
944.0 1.8189790539130395e-05
945.0 1.8189789489838696e-05
946.0 1.818978844628366e-05
947.0 1.8189787408427904e-05
948.0 1.8189786376234337e-05
949.0 1.818978534966614e-05
950.0 1.8189784328686777e-05
951.0 1.8189783313259987e-05
952.0 1.8189782303349787e-05
953.0 1.8189781298920446e-05
954.0 1.8189780299936523e-05
955.0 1.8189779306362838e-05
956.0 1.8189778318164464e-05
957.0 1.8189777335306747e-05
958.0 1.8189776357755286e-05
959.0 1.818977538547594e-05
960.0 1.8189774418434824e-05
961.0 1.8189773456598307e-05
962.0 1.8189772499932994e-05
963.0 1.8189771548405763e-05
964.0 1.8189770601983718e-05
965.0 1.818976966063422e-05
966.0 1.818976872432487e-05
967.0 1.8189767793023494e-05
968.0 1.818976686669818e-05
969.0 1.8189765945317237e-05
970.0 1.8189765028849215e-05
971.0 1.8189764117262887e-05
972.0 1.818976321052727e-05
973.0 1.8189762308611595e-05
974.0 1.818976141148533e-05
975.0 1.8189760519118162e-05
976.0 1.8189759631480007e-05
977.0 1.8189758748540995e-05
978.0 1.818975787027147e-05
979.0 1.818975699664201e-05
980.0 1.81897561276234e-05
981.0 1.818975526318663e-05
982.0 1.8189754403302904e-05
983.0 1.8189753547943657e-05
984.0 1.81897526970805e-05
985.0 1.8189751850685275e-05
986.0 1.818975100873002e-05
987.0 1.8189750171186978e-05
988.0 1.8189749338028583e-05
989.0 1.8189748509227488e-05
990.0 1.8189747684756527e-05
991.0 1.8189746864588744e-05
992.0 1.8189746048697363e-05
993.0 1.8189745237055814e-05
994.0 1.8189744429637713e-05
995.0 1.8189743626416867e-05
996.0 1.8189742827367273e-05
997.0 1.8189742032463108e-05
998.0 1.818974124167875e-05
999.0 1.8189740454988744e-05
1000.0 1.8189739672367824e-05
1001.0 1.8189738893790908e-05
1002.0 1.818973811923309e-05
1003.0 1.8189737348669645e-05
1004.0 1.8189736582076018e-05
1005.0 1.8189735819427837e-05
1006.0 1.81897350607009e-05
1007.0 1.818973430587118e-05
1008.0 1.818973355491481e-05
1009.0 1.818973280780811e-05
1010.0 1.8189732064527557e-05
1011.0 1.8189731325049796e-05
1012.0 1.8189730589351635e-05
1013.0 1.818972985741006e-05
1014.0 1.8189729129202193e-05
1015.0 1.818972840470535e-05
1016.0 1.8189727683896984e-05
1017.0 1.818972696675471e-05
1018.0 1.818972625325631e-05
1019.0 1.818972554337972e-05
1020.0 1.818972483710302e-05
1021.0 1.8189724134404456e-05
1022.0 1.818972343526242e-05
1023.0 1.8189722739655465e-05
1024.0 1.818972204756228e-05
1025.0 1.8189721358961708e-05
1026.0 1.8189720673832752e-05
1027.0 1.8189719992154545e-05
1028.0 1.818971931390637e-05
1029.0 1.8189718639067662e-05
1030.0 1.818971796761799e-05
1031.0 1.818971729953707e-05
1032.0 1.818971663480476e-05
1033.0 1.8189715973401048e-05
1034.0 1.8189715315306077e-05
1035.0 1.8189714660500112e-05
1036.0 1.8189714008963568e-05
1037.0 1.818971336067698e-05
1038.0 1.8189712715621036e-05
1039.0 1.818971207377654e-05
1040.0 1.8189711435124437e-05
1041.0 1.8189710799645805e-05
1042.0 1.8189710167321845e-05
1043.0 1.8189709538133893e-05
1044.0 1.8189708912063415e-05
1045.0 1.8189708289091994e-05
1046.0 1.8189707669201357e-05
1047.0 1.8189707052373333e-05
1048.0 1.8189706438589892e-05
1049.0 1.8189705827833126e-05
1050.0 1.8189705220085245e-05
1051.0 1.8189704615328576e-05
1052.0 1.8189704013545572e-05
1053.0 1.8189703414718815e-05
1054.0 1.8189702818830987e-05
1055.0 1.8189702225864898e-05
1056.0 1.8189701635803475e-05
1057.0 1.8189701048629756e-05
1058.0 1.81897004643269e-05
1059.0 1.8189699882878176e-05
1060.0 1.8189699304266964e-05
1061.0 1.8189698728476765e-05
1062.0 1.8189698155491184e-05
1063.0 1.8189697585293934e-05
1064.0 1.8189697017868846e-05
1065.0 1.8189696453199858e-05
1066.0 1.8189695891271004e-05
1067.0 1.818969533206645e-05
1068.0 1.8189694775570444e-05
1069.0 1.818969422176735e-05
1070.0 1.8189693670641637e-05
1071.0 1.818969312217788e-05
1072.0 1.8189692576360748e-05
1073.0 1.8189692033175026e-05
1074.0 1.8189691492605585e-05
1075.0 1.8189690954637413e-05
1076.0 1.818969041925559e-05
1077.0 1.8189689886445285e-05
1078.0 1.8189689356191787e-05
1079.0 1.8189688828480466e-05
1080.0 1.81896883032968e-05
1081.0 1.818968778062635e-05
1082.0 1.8189687260454792e-05
1083.0 1.818968674276788e-05
1084.0 1.8189686227551462e-05
1085.0 1.8189685714791496e-05
1086.0 1.818968520447402e-05
1087.0 1.818968469658516e-05
1088.0 1.8189684191111147e-05
1089.0 1.818968368803829e-05
1090.0 1.8189683187352998e-05
1091.0 1.8189682689041764e-05
1092.0 1.818968219309117e-05
1093.0 1.8189681699487886e-05
1094.0 1.818968120821867e-05
1095.0 1.8189680719270365e-05
1096.0 1.8189680232629906e-05
1097.0 1.8189679748284304e-05
1098.0 1.8189679266220662e-05
1099.0 1.8189678786426167e-05
1100.0 1.8189678308888087e-05
1101.0 1.8189677833593774e-05
1102.0 1.818967736053066e-05
1103.0 1.818967688968626e-05
1104.0 1.8189676421048173e-05
1105.0 1.8189675954604073e-05
1106.0 1.8189675490341716e-05
1107.0 1.8189675028248943e-05
1108.0 1.818967456831367e-05
1109.0 1.8189674110523886e-05
1110.0 1.8189673654867662e-05
1111.0 1.8189673201333148e-05
1112.0 1.8189672749908565e-05
1113.0 1.8189672300582214e-05
1114.0 1.8189671853342476e-05
1115.0 1.818967140817779e-05
1116.0 1.818967096507669e-05
1117.0 1.8189670524027766e-05
1118.0 1.8189670085019696e-05
1119.0 1.818966964804122e-05
1120.0 1.8189669213081155e-05
1121.0 1.8189668780128385e-05
1122.0 1.818966834917188e-05
1123.0 1.818966792020065e-05
1124.0 1.8189667493203808e-05
1125.0 1.8189667068170515e-05
1126.0 1.8189666645090013e-05
1127.0 1.8189666223951605e-05
1128.0 1.8189665804744665e-05
1129.0 1.8189665387458634e-05
1130.0 1.818966497208302e-05
1131.0 1.8189664558607405e-05
1132.0 1.8189664147021417e-05
1133.0 1.8189663737314772e-05
1134.0 1.8189663329477234e-05
1135.0 1.8189662923498646e-05
1136.0 1.8189662519368903e-05
1137.0 1.818966211707797e-05
1138.0 1.8189661716615874e-05
1139.0 1.8189661317972712e-05
1140.0 1.8189660921138623e-05
1141.0 1.8189660526103833e-05
1142.0 1.818966013285861e-05
1143.0 1.8189659741393293e-05
1144.0 1.818965935169828e-05
1145.0 1.8189658963764026e-05
1146.0 1.818965857758105e-05
1147.0 1.818965819313993e-05
1148.0 1.81896578104313e-05
1149.0 1.818965742944585e-05
1150.0 1.8189657050174334e-05
1151.0 1.818965667260756e-05
1152.0 1.81896562967364e-05
1153.0 1.818965592255177e-05
1154.0 1.8189655550044653e-05
1155.0 1.8189655179206083e-05
1156.0 1.8189654810027156e-05
1157.0 1.8189654442499014e-05
1158.0 1.8189654076612857e-05
1159.0 1.818965371235994e-05
1160.0 1.8189653349731584e-05
1161.0 1.8189652988719135e-05
1162.0 1.8189652629314023e-05
1163.0 1.8189652271507716e-05
1164.0 1.818965191529173e-05
1165.0 1.8189651560657646e-05
1166.0 1.8189651207597088e-05
1167.0 1.818965085610173e-05
1168.0 1.8189650506163304e-05
1169.0 1.818965015777359e-05
1170.0 1.8189649810924417e-05
1171.0 1.8189649465607662e-05
1172.0 1.818964912181526e-05
1173.0 1.818964877953919e-05
1174.0 1.8189648438771477e-05
1175.0 1.8189648099504197e-05
1176.0 1.8189647761729473e-05
1177.0 1.8189647425439487e-05
1178.0 1.818964709062645e-05
1179.0 1.8189646757282632e-05
1180.0 1.818964642540035e-05
1181.0 1.8189646094971965e-05
1182.0 1.8189645765989888e-05
1183.0 1.8189645438446564e-05
1184.0 1.8189645112334498e-05
1185.0 1.8189644787646237e-05
1186.0 1.8189644464374368e-05
1187.0 1.8189644142511528e-05
1188.0 1.8189643822050392e-05
1189.0 1.818964350298369e-05
1190.0 1.8189643185304182e-05
1191.0 1.818964286900468e-05
1192.0 1.8189642554078045e-05
1193.0 1.8189642240517168e-05
1194.0 1.8189641928314993e-05
1195.0 1.8189641617464496e-05
1196.0 1.81896413079587e-05
1197.0 1.818964099979068e-05
1198.0 1.818964069295354e-05
1199.0 1.8189640387440424e-05
1200.0 1.8189640083244523e-05
1201.0 1.8189639780359074e-05
1202.0 1.8189639478777336e-05
1203.0 1.8189639178492633e-05
1204.0 1.8189638879498307e-05
1205.0 1.8189638581787748e-05
1206.0 1.8189638285354385e-05
1207.0 1.8189637990191697e-05
1208.0 1.8189637696293176e-05
1209.0 1.818963740365238e-05
1210.0 1.8189637112262885e-05
1211.0 1.8189636822118315e-05
1212.0 1.8189636533212334e-05
1213.0 1.8189636245538634e-05
1214.0 1.8189635959090953e-05
1215.0 1.818963567386306e-05
1216.0 1.8189635389848766e-05
1217.0 1.8189635107041914e-05
1218.0 1.8189634825436384e-05
1219.0 1.818963454502609e-05
1220.0 1.8189634265804993e-05
1221.0 1.8189633987767078e-05
1222.0 1.8189633710906363e-05
1223.0 1.8189633435216916e-05
1224.0 1.818963316069282e-05
1225.0 1.818963288732821e-05
1226.0 1.8189632615117244e-05
1227.0 1.8189632344054124e-05
1228.0 1.8189632074133073e-05
1229.0 1.8189631805348363e-05
1230.0 1.8189631537694283e-05
1231.0 1.818963127116517e-05
1232.0 1.8189631005755383e-05
1233.0 1.8189630741459325e-05
1234.0 1.818963047827142e-05
1235.0 1.8189630216186127e-05
1236.0 1.8189629955197945e-05
1237.0 1.8189629695301396e-05
1238.0 1.818962943649104e-05
1239.0 1.8189629178761457e-05
1240.0 1.8189628922107276e-05
1241.0 1.8189628666523148e-05
1242.0 1.818962841200375e-05
1243.0 1.8189628158543798e-05
1244.0 1.8189627906138036e-05
1245.0 1.818962765478123e-05
1246.0 1.818962740446819e-05
1247.0 1.8189627155193746e-05
1248.0 1.8189626906952767e-05
1249.0 1.8189626659740136e-05
1250.0 1.8189626413550783e-05
1251.0 1.8189626168379657e-05
1252.0 1.8189625924221736e-05
1253.0 1.8189625681072025e-05
1254.0 1.818962543892557e-05
1255.0 1.8189625197777427e-05
1256.0 1.8189624957622696e-05
1257.0 1.8189624718456495e-05
1258.0 1.8189624480273978e-05
1259.0 1.818962424307032e-05
1260.0 1.8189624006840718e-05
1261.0 1.8189623771580417e-05
1262.0 1.8189623537284666e-05
1263.0 1.8189623303948756e-05
1264.0 1.8189623071567998e-05
1265.0 1.8189622840137726e-05
1266.0 1.8189622609653312e-05
1267.0 1.818962238011015e-05
1268.0 1.818962215150365e-05
1269.0 1.818962192382926e-05
1270.0 1.8189621697082447e-05
1271.0 1.818962147125871e-05
1272.0 1.8189621246353566e-05
1273.0 1.818962102236256e-05
1274.0 1.8189620799281273e-05
1275.0 1.8189620577105283e-05
1276.0 1.8189620355830224e-05
1277.0 1.8189620135451733e-05
1278.0 1.8189619915965486e-05
1279.0 1.818961969736717e-05
1280.0 1.818961947965251e-05
1281.0 1.8189619262817242e-05
1282.0 1.8189619046857136e-05
1283.0 1.8189618831767976e-05
1284.0 1.8189618617545578e-05
1285.0 1.818961840418578e-05
1286.0 1.818961819168444e-05
1287.0 1.8189617980037434e-05
1288.0 1.8189617769240682e-05
1289.0 1.8189617559290098e-05
1290.0 1.8189617350181638e-05
1291.0 1.8189617141911276e-05
1292.0 1.8189616934475008e-05
1293.0 1.8189616727868852e-05
1294.0 1.8189616522088845e-05
1295.0 1.818961631713105e-05
1296.0 1.8189616112991556e-05
1297.0 1.8189615909666457e-05
1298.0 1.818961570715189e-05
1299.0 1.8189615505444e-05
1300.0 1.818961530453896e-05
1301.0 1.8189615104432956e-05
1302.0 1.8189614905122193e-05
1303.0 1.818961470660292e-05
1304.0 1.8189614508871375e-05
1305.0 1.818961431192384e-05
1306.0 1.8189614115756604e-05
1307.0 1.8189613920365992e-05
1308.0 1.8189613725748324e-05
1309.0 1.8189613531899965e-05
1310.0 1.8189613338817287e-05
1311.0 1.818961314649668e-05
1312.0 1.818961295493457e-05
1313.0 1.818961276412738e-05
1314.0 1.8189612574071568e-05
1315.0 1.8189612384763604e-05
1316.0 1.8189612196199985e-05
1317.0 1.8189612008377216e-05
1318.0 1.818961182129183e-05
1319.0 1.8189611634940376e-05
1320.0 1.818961144931942e-05
1321.0 1.8189611264425552e-05
1322.0 1.8189611080255375e-05
1323.0 1.8189610896805508e-05
1324.0 1.8189610714072597e-05
1325.0 1.81896105320533e-05
1326.0 1.81896103507443e-05
1327.0 1.8189610170142285e-05
1328.0 1.818960999024397e-05
1329.0 1.8189609811046093e-05
1330.0 1.8189609632545395e-05
1331.0 1.8189609454738644e-05
1332.0 1.818960927762263e-05
1333.0 1.818960910119414e-05
1334.0 1.8189608925450012e-05
1335.0 1.8189608750387062e-05
1336.0 1.818960857600216e-05
1337.0 1.818960840229216e-05
1338.0 1.8189608229253958e-05
1339.0 1.8189608056884454e-05
1340.0 1.8189607885180565e-05
1341.0 1.818960771413923e-05
1342.0 1.8189607543757397e-05
1343.0 1.8189607374032042e-05
1344.0 1.8189607204960142e-05
1345.0 1.8189607036538706e-05
1346.0 1.8189606868764742e-05
1347.0 1.8189606701635286e-05
1348.0 1.8189606535147385e-05
1349.0 1.8189606369298107e-05
1350.0 1.8189606204084527e-05
1351.0 1.8189606039503742e-05
1352.0 1.8189605875552865e-05
1353.0 1.8189605712229022e-05
1354.0 1.8189605549529348e-05
1355.0 1.818960538745101e-05
1356.0 1.8189605225991165e-05
1357.0 1.8189605065147008e-05
1358.0 1.8189604904915744e-05
1359.0 1.8189604745294577e-05
1360.0 1.818960458628075e-05
1361.0 1.81896044278715e-05
1362.0 1.818960427006409e-05
1363.0 1.8189604112855794e-05
1364.0 1.8189603956243898e-05
1365.0 1.8189603800225708e-05
1366.0 1.8189603644798536e-05
1367.0 1.818960348995972e-05
1368.0 1.81896033357066e-05
1369.0 1.8189603182036536e-05
1370.0 1.81896030289469e-05
1371.0 1.818960287643508e-05
1372.0 1.8189602724498476e-05
1373.0 1.8189602573134498e-05
1374.0 1.8189602422340573e-05
1375.0 1.818960227211415e-05
1376.0 1.8189602122452675e-05
1377.0 1.818960197335362e-05
1378.0 1.818960182481446e-05
1379.0 1.818960167683269e-05
1380.0 1.818960152940582e-05
1381.0 1.8189601382531364e-05
1382.0 1.8189601236206856e-05
1383.0 1.8189601090429846e-05
1384.0 1.818960094519789e-05
1385.0 1.8189600800508554e-05
1386.0 1.8189600656359423e-05
1387.0 1.8189600512748094e-05
1388.0 1.8189600369672174e-05
1389.0 1.8189600227129282e-05
1390.0 1.8189600085117056e-05
1391.0 1.8189599943633135e-05
1392.0 1.8189599802675177e-05
1393.0 1.818959966224085e-05
1394.0 1.818959952232784e-05
1395.0 1.8189599382933838e-05
1396.0 1.8189599244056545e-05
1397.0 1.8189599105693683e-05
1398.0 1.818959896784297e-05
1399.0 1.818959883050216e-05
1400.0 1.8189598693668996e-05
1401.0 1.8189598557341243e-05
1402.0 1.8189598421516674e-05
1403.0 1.8189598286193077e-05
1404.0 1.8189598151368248e-05
1405.0 1.8189598017039993e-05
1406.0 1.8189597883206138e-05
1407.0 1.818959774986451e-05
1408.0 1.8189597617012946e-05
1409.0 1.8189597484649306e-05
1410.0 1.818959735277145e-05
1411.0 1.8189597221377253e-05
1412.0 1.81895970904646e-05
1413.0 1.8189596960031393e-05
1414.0 1.8189596830075526e-05
1415.0 1.818959670059493e-05
1416.0 1.818959657158752e-05
1417.0 1.8189596443051247e-05
1418.0 1.818959631498405e-05
1419.0 1.8189596187383893e-05
1420.0 1.8189596060248747e-05
1421.0 1.8189595933576583e-05
1422.0 1.81895958073654e-05
1423.0 1.8189595681613195e-05
1424.0 1.8189595556317978e-05
1425.0 1.8189595431477773e-05
1426.0 1.8189595307090598e-05
1427.0 1.8189595183154506e-05
1428.0 1.818959505966754e-05
1429.0 1.8189594936627765e-05
1430.0 1.8189594814033245e-05
1431.0 1.818959469188206e-05
1432.0 1.8189594570172303e-05
1433.0 1.8189594448902064e-05
1434.0 1.8189594328069457e-05
1435.0 1.81895942076726e-05
1436.0 1.8189594087709618e-05
1437.0 1.8189593968178642e-05
1438.0 1.8189593849077824e-05
1439.0 1.8189593730405316e-05
1440.0 1.818959361215928e-05
1441.0 1.818959349433789e-05
1442.0 1.818959337693933e-05
1443.0 1.818959325996179e-05
1444.0 1.818959314340347e-05
1445.0 1.8189593027262576e-05
1446.0 1.818959291153733e-05
1447.0 1.8189592796225954e-05
1448.0 1.818959268132669e-05
1449.0 1.818959256683777e-05
1450.0 1.818959245275746e-05
1451.0 1.8189592339084014e-05
1452.0 1.818959222581571e-05
1453.0 1.8189592112950814e-05
1454.0 1.818959200048762e-05
1455.0 1.8189591888424427e-05
1456.0 1.818959177675953e-05
1457.0 1.818959166549125e-05
1458.0 1.8189591554617904e-05
1459.0 1.818959144413782e-05
1460.0 1.8189591334049335e-05
1461.0 1.8189591224350793e-05
1462.0 1.818959111504055e-05
1463.0 1.8189591006116972e-05
1464.0 1.8189590897578417e-05
1465.0 1.818959078942327e-05
1466.0 1.8189590681649916e-05
1467.0 1.8189590574256743e-05
1468.0 1.818959046724216e-05
1469.0 1.8189590360604567e-05
1470.0 1.8189590254342387e-05
1471.0 1.8189590148454046e-05
1472.0 1.818959004293797e-05
1473.0 1.8189589937792598e-05
1474.0 1.8189589833016388e-05
1475.0 1.8189589728607783e-05
1476.0 1.818958962456525e-05
1477.0 1.8189589520887257e-05
1478.0 1.8189589417572284e-05
1479.0 1.8189589314618817e-05
1480.0 1.818958921202534e-05
1481.0 1.8189589109790364e-05
1482.0 1.818958900791238e-05
1483.0 1.818958890638992e-05
1484.0 1.8189588805221493e-05
1485.0 1.818958870440563e-05
1486.0 1.8189588603940864e-05
1487.0 1.818958850382574e-05
1488.0 1.8189588404058805e-05
1489.0 1.8189588304638618e-05
1490.0 1.818958820556374e-05
1491.0 1.8189588106832745e-05
1492.0 1.8189588008444204e-05
1493.0 1.8189587910396704e-05
1494.0 1.8189587812688835e-05
1495.0 1.8189587715319196e-05
1496.0 1.8189587618286388e-05
1497.0 1.818958752158903e-05
1498.0 1.8189587425225726e-05
1499.0 1.818958732919511e-05
1500.0 1.818958723349581e-05
1501.0 1.818958713812646e-05
1502.0 1.818958704308571e-05
1503.0 1.8189586948372204e-05
1504.0 1.8189586853984605e-05
1505.0 1.818958675992157e-05
1506.0 1.8189586666181775e-05
1507.0 1.8189586572763887e-05
1508.0 1.8189586479666594e-05
1509.0 1.8189586386888585e-05
1510.0 1.8189586294428552e-05
1511.0 1.8189586202285194e-05
1512.0 1.8189586110457217e-05
1513.0 1.818958601894334e-05
1514.0 1.8189585927742284e-05
1515.0 1.8189585836852765e-05
1516.0 1.8189585746273518e-05
1517.0 1.818958565600328e-05
1518.0 1.8189585566040797e-05
1519.0 1.8189585476384813e-05
1520.0 1.818958538703409e-05
1521.0 1.8189585297987382e-05
1522.0 1.818958520924346e-05
1523.0 1.8189585120801093e-05
1524.0 1.818958503265906e-05
1525.0 1.818958494481615e-05
1526.0 1.818958485727115e-05
1527.0 1.8189584770022852e-05
1528.0 1.8189584683070058e-05
1529.0 1.818958459641158e-05
1530.0 1.8189584510046225e-05
1531.0 1.818958442397281e-05
1532.0 1.8189584338190165e-05
1533.0 1.8189584252697114e-05
1534.0 1.8189584167492494e-05
1535.0 1.818958408257514e-05
1536.0 1.81895839979439e-05
1537.0 1.8189583913597627e-05
1538.0 1.8189583829535177e-05
1539.0 1.8189583745755406e-05
1540.0 1.8189583662257185e-05
1541.0 1.8189583579039386e-05
1542.0 1.8189583496100885e-05
1543.0 1.8189583413440566e-05
1544.0 1.818958333105731e-05
1545.0 1.818958324895002e-05
1546.0 1.8189583167117588e-05
1547.0 1.8189583085558916e-05
1548.0 1.8189583004272915e-05
1549.0 1.8189582923258496e-05
1550.0 1.818958284251458e-05
1551.0 1.818958276204009e-05
1552.0 1.818958268183395e-05
1553.0 1.8189582601895094e-05
1554.0 1.8189582522222463e-05
1555.0 1.8189582442815e-05
1556.0 1.818958236367165e-05
1557.0 1.818958228479137e-05
1558.0 1.818958220617311e-05
1559.0 1.818958212781584e-05
1560.0 1.818958204971852e-05
1561.0 1.818958197188013e-05
1562.0 1.818958189429964e-05
1563.0 1.8189581816976035e-05
1564.0 1.8189581739908295e-05
1565.0 1.818958166309542e-05
1566.0 1.8189581586536395e-05
1567.0 1.8189581510230226e-05
1568.0 1.818958143417592e-05
1569.0 1.8189581358372475e-05
1570.0 1.8189581282818915e-05
1571.0 1.8189581207514254e-05
1572.0 1.8189581132457512e-05
1573.0 1.818958105764772e-05
1574.0 1.818958098308391e-05
1575.0 1.8189580908765113e-05
1576.0 1.8189580834690374e-05
1577.0 1.8189580760858734e-05
1578.0 1.818958068726924e-05
1579.0 1.818958061392095e-05
1580.0 1.8189580540812917e-05
1581.0 1.8189580467944207e-05
1582.0 1.8189580395313883e-05
1583.0 1.8189580322921016e-05
1584.0 1.8189580250764678e-05
1585.0 1.8189580178843954e-05
1586.0 1.818958010715792e-05
1587.0 1.818958003570567e-05
1588.0 1.818957996448629e-05
1589.0 1.818957989349887e-05
1590.0 1.8189579822742518e-05
1591.0 1.8189579752216335e-05
1592.0 1.8189579681919428e-05
1593.0 1.8189579611850904e-05
1594.0 1.8189579542009883e-05
1595.0 1.8189579472395484e-05
1596.0 1.8189579403006833e-05
1597.0 1.8189579333843053e-05
1598.0 1.8189579264903275e-05
1599.0 1.8189579196186636e-05
1600.0 1.8189579127692272e-05
1601.0 1.818957905941933e-05
1602.0 1.818957899136695e-05
1603.0 1.8189578923534292e-05
1604.0 1.81895788559205e-05
1605.0 1.8189578788524742e-05
1606.0 1.8189578721346173e-05
1607.0 1.818957865438396e-05
1608.0 1.8189578587637272e-05
1609.0 1.818957852110528e-05
1610.0 1.8189578454787164e-05
1611.0 1.8189578388682107e-05
1612.0 1.8189578322789287e-05
1613.0 1.8189578257107892e-05
1614.0 1.8189578191637117e-05
1615.0 1.8189578126376153e-05
1616.0 1.8189578061324202e-05
1617.0 1.818957799648046e-05
1618.0 1.818957793184414e-05
1619.0 1.8189577867414447e-05
1620.0 1.818957780319059e-05
1621.0 1.818957773917179e-05
1622.0 1.8189577675357268e-05
1623.0 1.818957761174624e-05
1624.0 1.8189577548337935e-05
1625.0 1.8189577485131588e-05
1626.0 1.8189577422126428e-05
1627.0 1.8189577359321686e-05
1628.0 1.818957729671661e-05
1629.0 1.818957723431044e-05
1630.0 1.8189577172102428e-05
1631.0 1.8189577110091816e-05
1632.0 1.8189577048277856e-05
1633.0 1.818957698665981e-05
1634.0 1.818957692523694e-05
1635.0 1.8189576864008498e-05
1636.0 1.818957680297376e-05
1637.0 1.8189576742131993e-05
1638.0 1.818957668148247e-05
1639.0 1.8189576621024466e-05
1640.0 1.818957656075726e-05
1641.0 1.8189576500680132e-05
1642.0 1.818957644079237e-05
1643.0 1.8189576381093256e-05
1644.0 1.8189576321582093e-05
1645.0 1.8189576262258165e-05
1646.0 1.8189576203120778e-05
1647.0 1.8189576144169226e-05
1648.0 1.8189576085402816e-05
1649.0 1.8189576026820855e-05
1650.0 1.818957596842265e-05
1651.0 1.818957591020752e-05
1652.0 1.8189575852174767e-05
1653.0 1.8189575794323725e-05
1654.0 1.818957573665371e-05
1655.0 1.8189575679164042e-05
1656.0 1.8189575621854057e-05
1657.0 1.818957556472308e-05
1658.0 1.8189575507770446e-05
1659.0 1.8189575450995487e-05
1660.0 1.8189575394397552e-05
1661.0 1.8189575337975973e-05
1662.0 1.81895752817301e-05
1663.0 1.8189575225659275e-05
1664.0 1.8189575169762856e-05
1665.0 1.8189575114040194e-05
1666.0 1.818957505849064e-05
1667.0 1.8189575003113562e-05
1668.0 1.8189574947908312e-05
1669.0 1.8189574892874257e-05
1670.0 1.8189574838010767e-05
1671.0 1.818957478331721e-05
1672.0 1.818957472879296e-05
1673.0 1.818957467443739e-05
1674.0 1.8189574620249876e-05
1675.0 1.8189574566229804e-05
1676.0 1.8189574512376554e-05
1677.0 1.8189574458689508e-05
1678.0 1.8189574405168058e-05
1679.0 1.81895743518116e-05
1680.0 1.8189574298619522e-05
1681.0 1.8189574245591218e-05
1682.0 1.818957419272609e-05
1683.0 1.818957414002354e-05
1684.0 1.818957408748297e-05
1685.0 1.8189574035103788e-05
1686.0 1.8189573982885403e-05
1687.0 1.8189573930827222e-05
1688.0 1.8189573878928666e-05
1689.0 1.8189573827189146e-05
1690.0 1.8189573775608086e-05
1691.0 1.81895737241849e-05
1692.0 1.8189573672919022e-05
1693.0 1.818957362180987e-05
1694.0 1.8189573570856875e-05
1695.0 1.8189573520059465e-05
1696.0 1.8189573469417076e-05
1697.0 1.818957341892915e-05
1698.0 1.8189573368595117e-05
1699.0 1.8189573318414422e-05
1700.0 1.8189573268386508e-05
1701.0 1.8189573218510813e-05
1702.0 1.8189573168786797e-05
1703.0 1.8189573119213903e-05
1704.0 1.8189573069791584e-05
1705.0 1.8189573020519294e-05
1706.0 1.818957297139649e-05
1707.0 1.8189572922422633e-05
1708.0 1.8189572873597184e-05
1709.0 1.8189572824919607e-05
1710.0 1.8189572776389366e-05
1711.0 1.8189572728005932e-05
1712.0 1.8189572679768775e-05
1713.0 1.8189572631677364e-05
1714.0 1.8189572583731176e-05
1715.0 1.8189572535929692e-05
1716.0 1.8189572488272386e-05
1717.0 1.8189572440758747e-05
1718.0 1.818957239338825e-05
1719.0 1.8189572346160383e-05
1720.0 1.8189572299074634e-05
1721.0 1.8189572252130496e-05
1722.0 1.818957220532746e-05
1723.0 1.8189572158665022e-05
1724.0 1.8189572112142672e-05
1725.0 1.8189572065759914e-05
1726.0 1.818957201951625e-05
1727.0 1.8189571973411175e-05
1728.0 1.81895719274442e-05
1729.0 1.8189571881614833e-05
1730.0 1.818957183592258e-05
1731.0 1.818957179036695e-05
1732.0 1.818957174494746e-05
1733.0 1.818957169966362e-05
1734.0 1.8189571654514956e-05
1735.0 1.8189571609500972e-05
1736.0 1.8189571564621206e-05
1737.0 1.818957151987517e-05
1738.0 1.8189571475262387e-05
1739.0 1.8189571430782394e-05
1740.0 1.818957138643471e-05
1741.0 1.8189571342218875e-05
1742.0 1.818957129813441e-05
1743.0 1.8189571254180862e-05
1744.0 1.818957121035776e-05
1745.0 1.818957116666464e-05
1746.0 1.818957112310105e-05
1747.0 1.818957107966653e-05
1748.0 1.8189571036360614e-05
1749.0 1.8189570993182866e-05
1750.0 1.8189570950132816e-05
1751.0 1.8189570907210028e-05
1752.0 1.8189570864414044e-05
1753.0 1.818957082174442e-05
1754.0 1.8189570779200713e-05
1755.0 1.818957073678248e-05
1756.0 1.8189570694489273e-05
1757.0 1.8189570652320663e-05
1758.0 1.8189570610276207e-05
1759.0 1.818957056835547e-05
1760.0 1.8189570526558015e-05
1761.0 1.8189570484883412e-05
1762.0 1.818957044333123e-05
1763.0 1.8189570401901044e-05
1764.0 1.8189570360592423e-05
1765.0 1.818957031940494e-05
1766.0 1.8189570278338178e-05
1767.0 1.8189570237391708e-05
1768.0 1.818957019656511e-05
1769.0 1.8189570155857973e-05
1770.0 1.8189570115269872e-05
1771.0 1.8189570074800396e-05
1772.0 1.8189570034449132e-05
1773.0 1.818956999421567e-05
1774.0 1.8189569954099594e-05
1775.0 1.81895699141005e-05
1776.0 1.818956987421798e-05
1777.0 1.818956983445163e-05
1778.0 1.8189569794801045e-05
1779.0 1.8189569755265823e-05
1780.0 1.8189569715845563e-05
1781.0 1.8189569676539873e-05
1782.0 1.8189569637348347e-05
1783.0 1.8189569598270593e-05
1784.0 1.8189569559306224e-05
1785.0 1.8189569520454835e-05
1786.0 1.8189569481716044e-05
1787.0 1.818956944308946e-05
1788.0 1.8189569404574697e-05
1789.0 1.8189569366171365e-05
1790.0 1.8189569327879083e-05
1791.0 1.8189569289697467e-05
1792.0 1.8189569251626134e-05
1793.0 1.8189569213664706e-05
1794.0 1.818956917581281e-05
1795.0 1.8189569138070055e-05
1796.0 1.818956910043608e-05
1797.0 1.8189569062910507e-05
1798.0 1.818956902549296e-05
1799.0 1.818956898818307e-05
1800.0 1.8189568950980463e-05
1801.0 1.8189568913884784e-05
1802.0 1.8189568876895658e-05
1803.0 1.818956884001272e-05
1804.0 1.8189568803235606e-05
1805.0 1.8189568766563955e-05
1806.0 1.818956872999741e-05
1807.0 1.8189568693535607e-05
1808.0 1.818956865717819e-05
1809.0 1.8189568620924805e-05
1810.0 1.8189568584775093e-05
1811.0 1.81895685487287e-05
1812.0 1.8189568512785278e-05
1813.0 1.8189568476944475e-05
1814.0 1.8189568441205935e-05
1815.0 1.8189568405569325e-05
1816.0 1.8189568370034283e-05
1817.0 1.8189568334600476e-05
1818.0 1.818956829926755e-05
1819.0 1.8189568264035167e-05
1820.0 1.818956822890299e-05
1821.0 1.8189568193870668e-05
1822.0 1.8189568158937874e-05
1823.0 1.8189568124104264e-05
1824.0 1.818956808936951e-05
1825.0 1.8189568054733265e-05
1826.0 1.818956802019521e-05
1827.0 1.8189567985754998e-05
1828.0 1.818956795141231e-05
1829.0 1.8189567917166817e-05
1830.0 1.8189567883018182e-05
1831.0 1.818956784896609e-05
1832.0 1.8189567815010202e-05
1833.0 1.8189567781150205e-05
1834.0 1.818956774738577e-05
1835.0 1.8189567713716578e-05
1836.0 1.818956768014231e-05
1837.0 1.8189567646662647e-05
1838.0 1.8189567613277264e-05
1839.0 1.8189567579985854e-05
1840.0 1.8189567546788095e-05
1841.0 1.8189567513683676e-05
1842.0 1.818956748067228e-05
1843.0 1.8189567447753606e-05
1844.0 1.8189567414927332e-05
1845.0 1.818956738219315e-05
1846.0 1.818956734955076e-05
1847.0 1.8189567316999847e-05
1848.0 1.8189567284540104e-05
1849.0 1.818956725217124e-05
1850.0 1.8189567219892937e-05
1851.0 1.8189567187704896e-05
1852.0 1.818956715560682e-05
1853.0 1.818956712359841e-05
1854.0 1.8189567091679362e-05
1855.0 1.8189567059849382e-05
1856.0 1.818956702810817e-05
1857.0 1.8189566996455437e-05
1858.0 1.8189566964890887e-05
1859.0 1.8189566933414224e-05
1860.0 1.8189566902025155e-05
1861.0 1.8189566870723398e-05
1862.0 1.8189566839508655e-05
1863.0 1.8189566808380638e-05
1864.0 1.8189566777339063e-05
1865.0 1.8189566746383644e-05
1866.0 1.8189566715514094e-05
1867.0 1.8189566684730128e-05
1868.0 1.8189566654031465e-05
1869.0 1.8189566623417824e-05
1870.0 1.8189566592888924e-05
1871.0 1.8189566562444483e-05
1872.0 1.818956653208422e-05
1873.0 1.8189566501807864e-05
1874.0 1.818956647161514e-05
1875.0 1.8189566441505763e-05
1876.0 1.8189566411479468e-05
1877.0 1.8189566381535972e-05
1878.0 1.818956635167501e-05
1879.0 1.818956632189631e-05
1880.0 1.81895662921996e-05
1881.0 1.8189566262584615e-05
1882.0 1.818956623305108e-05
1883.0 1.818956620359873e-05
1884.0 1.8189566174227304e-05
1885.0 1.818956614493653e-05
1886.0 1.8189566115726147e-05
1887.0 1.8189566086595895e-05
1888.0 1.8189566057545504e-05
1889.0 1.818956602857472e-05
1890.0 1.818956599968328e-05
1891.0 1.8189565970870926e-05
1892.0 1.81895659421374e-05
1893.0 1.8189565913482445e-05
1894.0 1.8189565884905803e-05
1895.0 1.8189565856407217e-05
1896.0 1.8189565827986443e-05
1897.0 1.818956579964321e-05
1898.0 1.8189565771377283e-05
1899.0 1.8189565743188402e-05
1900.0 1.8189565715076317e-05
1901.0 1.818956568704078e-05
1902.0 1.8189565659081544e-05
1903.0 1.8189565631198358e-05
1904.0 1.8189565603390978e-05
1905.0 1.8189565575659156e-05
1906.0 1.8189565548002646e-05
1907.0 1.818956552042121e-05
1908.0 1.8189565492914598e-05
1909.0 1.8189565465482576e-05
1910.0 1.8189565438124896e-05
1911.0 1.8189565410841317e-05
1912.0 1.8189565383631607e-05
1913.0 1.818956535649552e-05
1914.0 1.8189565329432825e-05
1915.0 1.818956530244328e-05
1916.0 1.8189565275526652e-05
1917.0 1.8189565248682704e-05
1918.0 1.8189565221911204e-05
1919.0 1.8189565195211916e-05
1920.0 1.8189565168584612e-05
1921.0 1.818956514202906e-05
1922.0 1.8189565115545022e-05
1923.0 1.818956508913228e-05
1924.0 1.81895650627906e-05
1925.0 1.8189565036519748e-05
1926.0 1.8189565010319504e-05
1927.0 1.8189564984189643e-05
1928.0 1.8189564958129935e-05
1929.0 1.8189564932140156e-05
1930.0 1.8189564906220084e-05
1931.0 1.8189564880369495e-05
1932.0 1.818956485458817e-05
1933.0 1.818956482887588e-05
1934.0 1.8189564803232414e-05
1935.0 1.8189564777657545e-05
1936.0 1.8189564752151055e-05
1937.0 1.8189564726712735e-05
1938.0 1.8189564701342356e-05
1939.0 1.8189564676039703e-05
1940.0 1.8189564650804573e-05
1941.0 1.8189564625636733e-05
1942.0 1.8189564600535983e-05
1943.0 1.8189564575502104e-05
1944.0 1.8189564550534882e-05
1945.0 1.8189564525634113e-05
1946.0 1.8189564500799574e-05
1947.0 1.8189564476031067e-05
1948.0 1.8189564451328375e-05
1949.0 1.8189564426691293e-05
1950.0 1.818956440211961e-05
1951.0 1.8189564377613123e-05
1952.0 1.818956435317162e-05
1953.0 1.8189564328794904e-05
1954.0 1.8189564304482765e-05
1955.0 1.8189564280234997e-05
1956.0 1.81895642560514e-05
1957.0 1.8189564231931774e-05
1958.0 1.818956420787591e-05
1959.0 1.8189564183883613e-05
1960.0 1.818956415995468e-05
1961.0 1.8189564136088912e-05
1962.0 1.818956411228611e-05
1963.0 1.8189564088546078e-05
1964.0 1.8189564064868617e-05
1965.0 1.8189564041253528e-05
1966.0 1.8189564017700618e-05
1967.0 1.8189563994209694e-05
1968.0 1.8189563970780556e-05
1969.0 1.8189563947413014e-05
1970.0 1.8189563924106872e-05
1971.0 1.818956390086194e-05
1972.0 1.8189563877678025e-05
1973.0 1.8189563854554937e-05
1974.0 1.8189563831492486e-05
1975.0 1.8189563808490483e-05
1976.0 1.8189563785548735e-05
1977.0 1.8189563762667058e-05
1978.0 1.8189563739845263e-05
1979.0 1.8189563717083163e-05
1980.0 1.8189563694380573e-05
1981.0 1.8189563671737305e-05
1982.0 1.8189563649153174e-05
1983.0 1.8189563626628003e-05
1984.0 1.8189563604161596e-05
1985.0 1.8189563581753783e-05
1986.0 1.8189563559404375e-05
1987.0 1.818956353711319e-05
1988.0 1.8189563514880048e-05
1989.0 1.8189563492704766e-05
1990.0 1.818956347058717e-05
1991.0 1.818956344852708e-05
1992.0 1.818956342652432e-05
1993.0 1.8189563404578706e-05
1994.0 1.8189563382690063e-05
1995.0 1.8189563360858216e-05
1996.0 1.8189563339082988e-05
1997.0 1.8189563317364206e-05
1998.0 1.8189563295701694e-05
1999.0 1.8189563274095276e-05
2000.0 1.8189563252544786e-05
2001.0 1.818956323105004e-05
2002.0 1.8189563209610878e-05
2003.0 1.818956318822712e-05
2004.0 1.81895631668986e-05
2005.0 1.818956314562515e-05
2006.0 1.818956312440659e-05
2007.0 1.818956310324276e-05
2008.0 1.8189563082133493e-05
2009.0 1.8189563061078612e-05
2010.0 1.8189563040077962e-05
2011.0 1.8189563019131366e-05
2012.0 1.8189562998238664e-05
2013.0 1.818956297739969e-05
2014.0 1.8189562956614276e-05
2015.0 1.8189562935882257e-05
2016.0 1.818956291520348e-05
2017.0 1.818956289457777e-05
2018.0 1.818956287400497e-05
2019.0 1.8189562853484915e-05
2020.0 1.8189562833017448e-05
2021.0 1.8189562812602405e-05
2022.0 1.8189562792239628e-05
2023.0 1.8189562771928957e-05
2024.0 1.8189562751670233e-05
2025.0 1.8189562731463296e-05
2026.0 1.8189562711307988e-05
2027.0 1.8189562691204156e-05
2028.0 1.8189562671151637e-05
2029.0 1.818956265115028e-05
2030.0 1.8189562631199925e-05
2031.0 1.8189562611300424e-05
2032.0 1.8189562591451613e-05
2033.0 1.8189562571653346e-05
2034.0 1.8189562551905464e-05
2035.0 1.8189562532207818e-05
2036.0 1.8189562512560252e-05
2037.0 1.818956249296262e-05
2038.0 1.8189562473414763e-05
2039.0 1.8189562453916536e-05
2040.0 1.8189562434467785e-05
2041.0 1.8189562415068366e-05
2042.0 1.818956239571812e-05
2043.0 1.8189562376416907e-05
2044.0 1.818956235716458e-05
2045.0 1.8189562337960985e-05
2046.0 1.8189562318805975e-05
2047.0 1.8189562299699405e-05
2048.0 1.8189562280641133e-05
2049.0 1.818956226163101e-05
2050.0 1.818956224266889e-05
2051.0 1.818956222375463e-05
2052.0 1.8189562204888087e-05
2053.0 1.8189562186069112e-05
2054.0 1.8189562167297568e-05
2055.0 1.8189562148573315e-05
2056.0 1.81895621298962e-05
2057.0 1.818956211126609e-05
2058.0 1.8189562092682842e-05
2059.0 1.8189562074146312e-05
2060.0 1.8189562055656365e-05
2061.0 1.8189562037212863e-05
2062.0 1.818956201881566e-05
2063.0 1.8189562000464624e-05
2064.0 1.818956198215961e-05
2065.0 1.8189561963900485e-05
2066.0 1.818956194568711e-05
2067.0 1.8189561927519352e-05
2068.0 1.8189561909397072e-05
2069.0 1.8189561891320132e-05
2070.0 1.81895618732884e-05
2071.0 1.818956185530174e-05
2072.0 1.818956183736002e-05
2073.0 1.81895618194631e-05
2074.0 1.8189561801610852e-05
2075.0 1.8189561783803143e-05
2076.0 1.818956176603984e-05
2077.0 1.8189561748320804e-05
2078.0 1.8189561730645914e-05
2079.0 1.8189561713015035e-05
2080.0 1.8189561695428032e-05
2081.0 1.8189561677884784e-05
2082.0 1.818956166038515e-05
2083.0 1.818956164292901e-05
2084.0 1.8189561625516226e-05
2085.0 1.818956160814668e-05
2086.0 1.818956159082024e-05
2087.0 1.8189561573536776e-05
2088.0 1.818956155629616e-05
2089.0 1.818956153909827e-05
2090.0 1.818956152194298e-05
2091.0 1.8189561504830155e-05
2092.0 1.8189561487759677e-05
2093.0 1.8189561470731424e-05
2094.0 1.8189561453745266e-05
2095.0 1.818956143680108e-05
2096.0 1.818956141989874e-05
2097.0 1.8189561403038134e-05
2098.0 1.8189561386219126e-05
2099.0 1.8189561369441595e-05
2100.0 1.818956135270543e-05
2101.0 1.8189561336010495e-05
2102.0 1.818956131935668e-05
2103.0 1.818956130274386e-05
2104.0 1.818956128617191e-05
2105.0 1.818956126964072e-05
2106.0 1.818956125315016e-05
2107.0 1.818956123670012e-05
2108.0 1.8189561220290477e-05
2109.0 1.818956120392111e-05
2110.0 1.818956118759191e-05
2111.0 1.818956117130275e-05
2112.0 1.8189561155053517e-05
2113.0 1.8189561138844092e-05
2114.0 1.818956112267436e-05
2115.0 1.818956110654421e-05
2116.0 1.818956109045352e-05
2117.0 1.8189561074402178e-05
2118.0 1.8189561058390063e-05
2119.0 1.8189561042417075e-05
2120.0 1.8189561026483084e-05
2121.0 1.8189561010587986e-05
2122.0 1.8189560994731665e-05
2123.0 1.818956097891401e-05
2124.0 1.8189560963134903e-05
2125.0 1.818956094739424e-05
2126.0 1.8189560931691898e-05
2127.0 1.818956091602778e-05
2128.0 1.8189560900401766e-05
2129.0 1.818956088481375e-05
2130.0 1.818956086926362e-05
2131.0 1.818956085375126e-05
2132.0 1.8189560838276568e-05
2133.0 1.8189560822839433e-05
2134.0 1.8189560807439747e-05
2135.0 1.8189560792077402e-05
2136.0 1.818956077675229e-05
2137.0 1.81895607614643e-05
2138.0 1.818956074621333e-05
2139.0 1.8189560730999266e-05
2140.0 1.8189560715822008e-05
2141.0 1.818956070068145e-05
2142.0 1.818956068557748e-05
2143.0 1.818956067051e-05
2144.0 1.81895606554789e-05
2145.0 1.8189560640484075e-05
2146.0 1.8189560625525422e-05
2147.0 1.818956061060284e-05
2148.0 1.818956059571622e-05
2149.0 1.818956058086546e-05
2150.0 1.8189560566050462e-05
2151.0 1.8189560551271116e-05
2152.0 1.8189560536527325e-05
2153.0 1.818956052181898e-05
2154.0 1.818956050714599e-05
2155.0 1.818956049250825e-05
2156.0 1.8189560477905652e-05
2157.0 1.81895604633381e-05
2158.0 1.8189560448805496e-05
2159.0 1.8189560434307738e-05
2160.0 1.8189560419844725e-05
2161.0 1.8189560405416362e-05
2162.0 1.8189560391022545e-05
2163.0 1.818956037666318e-05
2164.0 1.8189560362338167e-05
2165.0 1.8189560348047403e-05
2166.0 1.81895603337908e-05
2167.0 1.818956031956825e-05
2168.0 1.8189560305379664e-05
2169.0 1.8189560291224944e-05
2170.0 1.818956027710399e-05
2171.0 1.818956026301671e-05
2172.0 1.8189560248963004e-05
2173.0 1.818956023494278e-05
2174.0 1.818956022095594e-05
2175.0 1.8189560207002394e-05
2176.0 1.818956019308204e-05
2177.0 1.8189560179194794e-05
2178.0 1.8189560165340554e-05
2179.0 1.8189560151519226e-05
2180.0 1.8189560137730722e-05
2181.0 1.818956012397495e-05
2182.0 1.818956011025181e-05
2183.0 1.8189560096561214e-05
2184.0 1.8189560082903072e-05
2185.0 1.8189560069277287e-05
2186.0 1.8189560055683773e-05
2187.0 1.8189560042122437e-05
2188.0 1.8189560028593186e-05
2189.0 1.8189560015095933e-05
2190.0 1.8189560001630583e-05
2191.0 1.818955998819705e-05
2192.0 1.8189559974795244e-05
2193.0 1.8189559961425073e-05
2194.0 1.8189559948086452e-05
2195.0 1.818955993477929e-05
2196.0 1.81895599215035e-05
2197.0 1.8189559908258986e-05
2198.0 1.8189559895045672e-05
2199.0 1.8189559881863464e-05
2200.0 1.8189559868712275e-05
2201.0 1.8189559855592016e-05
2202.0 1.8189559842502606e-05
2203.0 1.8189559829443956e-05
2204.0 1.818955981641598e-05
2205.0 1.8189559803418588e-05
2206.0 1.81895597904517e-05
2207.0 1.8189559777515226e-05
2208.0 1.8189559764609083e-05
2209.0 1.818955975173319e-05
2210.0 1.8189559738887454e-05
2211.0 1.8189559726071798e-05
2212.0 1.8189559713286134e-05
2213.0 1.818955970053038e-05
2214.0 1.8189559687804452e-05
2215.0 1.818955967510827e-05
2216.0 1.8189559662441748e-05
2217.0 1.8189559649804802e-05
2218.0 1.8189559637197354e-05
2219.0 1.8189559624619314e-05
2220.0 1.818955961207061e-05
2221.0 1.8189559599551154e-05
2222.0 1.8189559587060867e-05
2223.0 1.8189559574599668e-05
2224.0 1.8189559562167474e-05
2225.0 1.8189559549764208e-05
2226.0 1.8189559537389788e-05
2227.0 1.8189559525044134e-05
2228.0 1.8189559512727163e-05
2229.0 1.8189559500438802e-05
2230.0 1.818955948817897e-05
2231.0 1.818955947594758e-05
2232.0 1.8189559463744566e-05
2233.0 1.8189559451569843e-05
2234.0 1.818955943942333e-05
2235.0 1.8189559427304954e-05
2236.0 1.8189559415214637e-05
2237.0 1.8189559403152295e-05
2238.0 1.818955939111786e-05
2239.0 1.818955937911125e-05
2240.0 1.8189559367132388e-05
2241.0 1.81895593551812e-05
2242.0 1.8189559343257605e-05
2243.0 1.8189559331361536e-05
2244.0 1.8189559319492907e-05
2245.0 1.8189559307651647e-05
2246.0 1.8189559295837682e-05
2247.0 1.818955928405094e-05
2248.0 1.818955927229134e-05
2249.0 1.8189559260558807e-05
2250.0 1.818955924885327e-05
2251.0 1.8189559237174654e-05
2252.0 1.8189559225522882e-05
2253.0 1.818955921389789e-05
2254.0 1.8189559202299597e-05
2255.0 1.8189559190727927e-05
2256.0 1.8189559179182817e-05
2257.0 1.8189559167664186e-05
2258.0 1.818955915617196e-05
2259.0 1.8189559144706076e-05
2260.0 1.8189559133266456e-05
2261.0 1.818955912185303e-05
2262.0 1.8189559110465725e-05
2263.0 1.818955909910447e-05
2264.0 1.8189559087769192e-05
2265.0 1.818955907645983e-05
2266.0 1.81895590651763e-05
2267.0 1.818955905391854e-05
2268.0 1.8189559042686473e-05
2269.0 1.8189559031480038e-05
2270.0 1.818955902029916e-05
2271.0 1.818955900914377e-05
2272.0 1.81895589980138e-05
2273.0 1.8189558986909178e-05
2274.0 1.8189558975829834e-05
2275.0 1.818955896477571e-05
2276.0 1.818955895374672e-05
2277.0 1.8189558942742813e-05
2278.0 1.818955893176391e-05
2279.0 1.8189558920809952e-05
2280.0 1.8189558909880862e-05
2281.0 1.818955889897658e-05
2282.0 1.818955888809703e-05
2283.0 1.818955887724216e-05
2284.0 1.8189558866411887e-05
2285.0 1.8189558855606155e-05
2286.0 1.8189558844824893e-05
2287.0 1.818955883406804e-05
2288.0 1.8189558823335525e-05
2289.0 1.818955881262728e-05
2290.0 1.8189558801943247e-05
2291.0 1.8189558791283358e-05
2292.0 1.818955878064754e-05
2293.0 1.8189558770035743e-05
2294.0 1.8189558759447892e-05
2295.0 1.8189558748883924e-05
2296.0 1.8189558738343778e-05
2297.0 1.8189558727827383e-05
2298.0 1.8189558717334684e-05
2299.0 1.8189558706865615e-05
2300.0 1.8189558696420106e-05
2301.0 1.81895586859981e-05
2302.0 1.8189558675599535e-05
2303.0 1.8189558665224343e-05
2304.0 1.8189558654872466e-05
2305.0 1.818955864454384e-05
2306.0 1.8189558634238397e-05
2307.0 1.8189558623956085e-05
2308.0 1.818955861369684e-05
2309.0 1.818955860346059e-05
2310.0 1.8189558593247288e-05
2311.0 1.8189558583056862e-05
2312.0 1.8189558572889255e-05
2313.0 1.818955856274441e-05
2314.0 1.8189558552622253e-05
2315.0 1.818955854252274e-05
2316.0 1.81895585324458e-05
2317.0 1.8189558522391376e-05
2318.0 1.818955851235941e-05
2319.0 1.8189558502349838e-05
2320.0 1.8189558492362605e-05
2321.0 1.8189558482397645e-05
2322.0 1.8189558472454905e-05
2323.0 1.8189558462534323e-05
2324.0 1.818955845263584e-05
2325.0 1.81895584427594e-05
2326.0 1.8189558432904944e-05
2327.0 1.818955842307241e-05
2328.0 1.818955841326174e-05
2329.0 1.818955840347288e-05
2330.0 1.818955839370577e-05
2331.0 1.818955838396035e-05
2332.0 1.8189558374236572e-05
2333.0 1.8189558364534366e-05
2334.0 1.8189558354853684e-05
2335.0 1.8189558345194465e-05
2336.0 1.8189558335556654e-05
2337.0 1.818955832594019e-05
2338.0 1.818955831634502e-05
2339.0 1.8189558306771093e-05
2340.0 1.8189558297218347e-05
2341.0 1.8189558287686722e-05
2342.0 1.818955827817617e-05
2343.0 1.8189558268686635e-05
2344.0 1.8189558259218057e-05
2345.0 1.8189558249770383e-05
2346.0 1.8189558240343557e-05
2347.0 1.8189558230937527e-05
2348.0 1.8189558221552236e-05
2349.0 1.818955821218763e-05
2350.0 1.8189558202843653e-05
2351.0 1.8189558193520257e-05
2352.0 1.8189558184217382e-05
2353.0 1.818955817493497e-05
2354.0 1.8189558165672978e-05
2355.0 1.8189558156431344e-05
2356.0 1.818955814721002e-05
2357.0 1.8189558138008953e-05
2358.0 1.8189558128828085e-05
2359.0 1.8189558119667366e-05
2360.0 1.8189558110526742e-05
2361.0 1.818955810140616e-05
2362.0 1.8189558092305573e-05
2363.0 1.8189558083224925e-05
2364.0 1.818955807416416e-05
2365.0 1.818955806512323e-05
2366.0 1.8189558056102087e-05
2367.0 1.818955804710067e-05
2368.0 1.8189558038118937e-05
2369.0 1.818955802915683e-05
2370.0 1.81895580202143e-05
2371.0 1.81895580112913e-05
2372.0 1.8189558002387774e-05
2373.0 1.818955799350367e-05
2374.0 1.8189557984638944e-05
2375.0 1.8189557975793538e-05
2376.0 1.818955796696741e-05
2377.0 1.81895579581605e-05
2378.0 1.8189557949372767e-05
2379.0 1.818955794060416e-05
2380.0 1.8189557931854625e-05
2381.0 1.8189557923124118e-05
2382.0 1.8189557914412584e-05
2383.0 1.8189557905719976e-05
2384.0 1.8189557897046243e-05
2385.0 1.8189557888391342e-05
2386.0 1.8189557879755218e-05
2387.0 1.8189557871137826e-05
2388.0 1.8189557862539114e-05
2389.0 1.818955785395904e-05
2390.0 1.8189557845397552e-05
2391.0 1.81895578368546e-05
2392.0 1.818955782833014e-05
2393.0 1.8189557819824123e-05
2394.0 1.8189557811336497e-05
2395.0 1.818955780286722e-05
2396.0 1.818955779441625e-05
2397.0 1.8189557785983524e-05
2398.0 1.8189557777569007e-05
2399.0 1.818955776917265e-05
2400.0 1.8189557760794404e-05
2401.0 1.8189557752434226e-05
2402.0 1.818955774409207e-05
2403.0 1.818955773576788e-05
2404.0 1.818955772746162e-05
2405.0 1.818955771917324e-05
2406.0 1.81895577109027e-05
2407.0 1.8189557702649942e-05
2408.0 1.818955769441493e-05
2409.0 1.8189557686197618e-05
2410.0 1.8189557677997956e-05
2411.0 1.8189557669815903e-05
2412.0 1.8189557661651413e-05
2413.0 1.818955765350444e-05
2414.0 1.8189557645374936e-05
2415.0 1.8189557637262865e-05
2416.0 1.8189557629168177e-05
2417.0 1.8189557621090827e-05
2418.0 1.8189557613030767e-05
2419.0 1.818955760498796e-05
2420.0 1.8189557596962362e-05
2421.0 1.8189557588953926e-05
2422.0 1.8189557580962607e-05
2423.0 1.8189557572988365e-05
2424.0 1.8189557565031154e-05
2425.0 1.8189557557090932e-05
2426.0 1.8189557549167654e-05
2427.0 1.818955754126128e-05
2428.0 1.818955753337176e-05
2429.0 1.818955752549906e-05
2430.0 1.818955751764313e-05
2431.0 1.8189557509803932e-05
2432.0 1.8189557501981423e-05
2433.0 1.818955749417556e-05
2434.0 1.81895574863863e-05
2435.0 1.8189557478613604e-05
2436.0 1.8189557470857425e-05
2437.0 1.8189557463117722e-05
2438.0 1.818955745539446e-05
2439.0 1.8189557447687584e-05
2440.0 1.8189557439997067e-05
2441.0 1.818955743232286e-05
2442.0 1.8189557424664923e-05
2443.0 1.8189557417023212e-05
2444.0 1.8189557409397697e-05
2445.0 1.8189557401788322e-05
2446.0 1.8189557394195054e-05
2447.0 1.818955738661785e-05
2448.0 1.8189557379056675e-05
2449.0 1.818955737151148e-05
2450.0 1.8189557363982236e-05
2451.0 1.818955735646889e-05
2452.0 1.8189557348971413e-05
2453.0 1.8189557341489757e-05
2454.0 1.8189557334023887e-05
2455.0 1.818955732657376e-05
2456.0 1.8189557319139343e-05
2457.0 1.8189557311720585e-05
2458.0 1.8189557304317456e-05
2459.0 1.8189557296929912e-05
2460.0 1.8189557289557917e-05
2461.0 1.8189557282201432e-05
2462.0 1.8189557274860414e-05
2463.0 1.8189557267534833e-05
2464.0 1.818955726022464e-05
2465.0 1.8189557252929796e-05
2466.0 1.8189557245650277e-05
2467.0 1.8189557238386027e-05
2468.0 1.818955723113702e-05
2469.0 1.8189557223903214e-05
2470.0 1.818955721668457e-05
2471.0 1.8189557209481048e-05
2472.0 1.8189557202292615e-05
2473.0 1.8189557195119232e-05
2474.0 1.8189557187960858e-05
2475.0 1.8189557180817463e-05
2476.0 1.8189557173689e-05
2477.0 1.818955716657544e-05
2478.0 1.8189557159476743e-05
2479.0 1.818955715239287e-05
2480.0 1.8189557145323784e-05
2481.0 1.8189557138269454e-05
2482.0 1.8189557131229834e-05
2483.0 1.8189557124204895e-05
2484.0 1.8189557117194593e-05
2485.0 1.8189557110198904e-05
2486.0 1.818955710321778e-05
2487.0 1.8189557096251188e-05
2488.0 1.8189557089299097e-05
2489.0 1.8189557082361464e-05
2490.0 1.8189557075438257e-05
2491.0 1.818955706852944e-05
2492.0 1.8189557061634978e-05
2493.0 1.818955705475483e-05
2494.0 1.8189557047888964e-05
2495.0 1.8189557041037352e-05
2496.0 1.8189557034199946e-05
2497.0 1.8189557027376717e-05
2498.0 1.8189557020567636e-05
2499.0 1.8189557013772656e-05
2500.0 1.818955700699175e-05
2501.0 1.818955700022488e-05
2502.0 1.818955699347201e-05
2503.0 1.8189556986733115e-05
2504.0 1.818955698000815e-05
2505.0 1.818955697329708e-05
2506.0 1.8189556966599883e-05
2507.0 1.8189556959916512e-05
2508.0 1.818955695324694e-05
2509.0 1.818955694659113e-05
2510.0 1.818955693994905e-05
2511.0 1.818955693332066e-05
2512.0 1.8189556926705936e-05
2513.0 1.818955692010484e-05
2514.0 1.8189556913517338e-05
2515.0 1.8189556906943397e-05
2516.0 1.818955690038298e-05
2517.0 1.8189556893836064e-05
2518.0 1.8189556887302604e-05
2519.0 1.8189556880782574e-05
2520.0 1.818955687427594e-05
2521.0 1.818955686778267e-05
2522.0 1.8189556861302727e-05
2523.0 1.8189556854836085e-05
2524.0 1.8189556848382707e-05
2525.0 1.818955684194256e-05
2526.0 1.8189556835515612e-05
2527.0 1.8189556829101835e-05
2528.0 1.818955682270119e-05
2529.0 1.8189556816313646e-05
2530.0 1.818955680993918e-05
2531.0 1.818955680357775e-05
2532.0 1.818955679722933e-05
2533.0 1.8189556790893886e-05
2534.0 1.8189556784571385e-05
2535.0 1.8189556778261796e-05
2536.0 1.818955677196509e-05
2537.0 1.8189556765681232e-05
2538.0 1.8189556759410197e-05
2539.0 1.8189556753151945e-05
2540.0 1.8189556746906452e-05
2541.0 1.8189556740673686e-05
2542.0 1.8189556734453608e-05
2543.0 1.81895567282462e-05
2544.0 1.8189556722051422e-05
2545.0 1.8189556715869247e-05
2546.0 1.8189556709699646e-05
2547.0 1.8189556703542587e-05
2548.0 1.8189556697398034e-05
2549.0 1.8189556691265962e-05
2550.0 1.8189556685146343e-05
2551.0 1.8189556679039143e-05
2552.0 1.8189556672944335e-05
2553.0 1.8189556666861886e-05
2554.0 1.8189556660791767e-05
2555.0 1.8189556654733946e-05
2556.0 1.8189556648688398e-05
2557.0 1.8189556642655094e-05
2558.0 1.8189556636633998e-05
2559.0 1.818955663062508e-05
2560.0 1.8189556624628322e-05
2561.0 1.8189556618643685e-05
2562.0 1.818955661267114e-05
2563.0 1.8189556606710665e-05
2564.0 1.818955660076222e-05
2565.0 1.8189556594825786e-05
2566.0 1.8189556588901326e-05
2567.0 1.818955658298882e-05
2568.0 1.8189556577088232e-05
2569.0 1.8189556571199533e-05
2570.0 1.81895565653227e-05
2571.0 1.8189556559457702e-05
2572.0 1.818955655360451e-05
2573.0 1.8189556547763094e-05
2574.0 1.8189556541933434e-05
2575.0 1.818955653611549e-05
2576.0 1.818955653030924e-05
2577.0 1.8189556524514652e-05
2578.0 1.8189556518731707e-05
2579.0 1.818955651296037e-05
2580.0 1.8189556507200614e-05
2581.0 1.8189556501452415e-05
2582.0 1.818955649571574e-05
2583.0 1.818955648999056e-05
2584.0 1.8189556484276857e-05
2585.0 1.8189556478574593e-05
2586.0 1.818955647288375e-05
2587.0 1.8189556467204294e-05
2588.0 1.81895564615362e-05
2589.0 1.8189556455879443e-05
2590.0 1.8189556450233993e-05
2591.0 1.8189556444599824e-05
2592.0 1.8189556438976908e-05
2593.0 1.818955643336522e-05
2594.0 1.8189556427764733e-05
2595.0 1.818955642217542e-05
2596.0 1.8189556416597254e-05
2597.0 1.818955641103021e-05
2598.0 1.8189556405474258e-05
2599.0 1.8189556399929377e-05
2600.0 1.8189556394395534e-05
2601.0 1.818955638887271e-05
2602.0 1.8189556383360873e-05
2603.0 1.818955637786e-05
2604.0 1.8189556372370065e-05
2605.0 1.8189556366891043e-05
2606.0 1.8189556361422903e-05
2607.0 1.8189556355965626e-05
2608.0 1.818955635051918e-05
2609.0 1.8189556345083543e-05
2610.0 1.818955633965869e-05
2611.0 1.8189556334244594e-05
2612.0 1.818955632884123e-05
2613.0 1.818955632344857e-05
2614.0 1.8189556318066593e-05
2615.0 1.818955631269527e-05
2616.0 1.8189556307334584e-05
2617.0 1.8189556301984497e-05
2618.0 1.818955629664499e-05
2619.0 1.8189556291316046e-05
2620.0 1.8189556285997624e-05
2621.0 1.8189556280689716e-05
2622.0 1.8189556275392284e-05
2623.0 1.818955627010531e-05
2624.0 1.8189556264828767e-05
2625.0 1.8189556259562634e-05
2626.0 1.818955625430688e-05
2627.0 1.818955624906149e-05
2628.0 1.818955624382643e-05
2629.0 1.818955623860168e-05
2630.0 1.8189556233387215e-05
2631.0 1.818955622818301e-05
2632.0 1.818955622298905e-05
2633.0 1.8189556217805296e-05
2634.0 1.8189556212631734e-05
2635.0 1.818955620746834e-05
2636.0 1.8189556202315086e-05
2637.0 1.8189556197171946e-05
2638.0 1.8189556192038906e-05
2639.0 1.8189556186915932e-05
2640.0 1.8189556181803007e-05
2641.0 1.8189556176700108e-05
2642.0 1.8189556171607204e-05
2643.0 1.818955616652428e-05
2644.0 1.818955616145131e-05
2645.0 1.818955615638827e-05
2646.0 1.8189556151335137e-05
2647.0 1.818955614629189e-05
2648.0 1.8189556141258498e-05
2649.0 1.818955613623495e-05
2650.0 1.8189556131221215e-05
2651.0 1.818955612621727e-05
2652.0 1.8189556121223096e-05
2653.0 1.818955611623867e-05
2654.0 1.8189556111263963e-05
2655.0 1.818955610629896e-05
2656.0 1.818955610134364e-05
2657.0 1.818955609639797e-05
2658.0 1.8189556091461936e-05
2659.0 1.8189556086535514e-05
2660.0 1.818955608161868e-05
2661.0 1.8189556076711413e-05
2662.0 1.8189556071813692e-05
2663.0 1.8189556066925492e-05
2664.0 1.8189556062046792e-05
2665.0 1.818955605717757e-05
2666.0 1.8189556052317806e-05
2667.0 1.8189556047467475e-05
2668.0 1.8189556042626556e-05
2669.0 1.818955603779503e-05
2670.0 1.818955603297287e-05
2671.0 1.8189556028160063e-05
2672.0 1.8189556023356577e-05
2673.0 1.8189556018562394e-05
2674.0 1.8189556013777498e-05
2675.0 1.8189556009001862e-05
2676.0 1.8189556004235465e-05
2677.0 1.8189555999478288e-05
2678.0 1.818955599473031e-05
2679.0 1.8189555989991505e-05
2680.0 1.8189555985261856e-05
2681.0 1.818955598054134e-05
2682.0 1.818955597582994e-05
2683.0 1.818955597112763e-05
2684.0 1.818955596643439e-05
2685.0 1.8189555961750204e-05
2686.0 1.8189555957075046e-05
2687.0 1.8189555952408894e-05
2688.0 1.818955594775173e-05
2689.0 1.8189555943103536e-05
2690.0 1.8189555938464285e-05
2691.0 1.8189555933833963e-05
2692.0 1.8189555929212544e-05
2693.0 1.818955592460001e-05
2694.0 1.8189555919996345e-05
2695.0 1.818955591540152e-05
2696.0 1.818955591081552e-05
2697.0 1.8189555906238327e-05
2698.0 1.8189555901669916e-05
2699.0 1.818955589711027e-05
2700.0 1.818955589255937e-05
2701.0 1.8189555888017185e-05
2702.0 1.8189555883483712e-05
2703.0 1.818955587895892e-05
2704.0 1.818955587444279e-05
2705.0 1.818955586993531e-05
2706.0 1.818955586543645e-05
2707.0 1.8189555860946195e-05
2708.0 1.8189555856464523e-05
2709.0 1.818955585199142e-05
2710.0 1.8189555847526865e-05
2711.0 1.8189555843070832e-05
2712.0 1.818955583862331e-05
2713.0 1.8189555834184274e-05
2714.0 1.8189555829753705e-05
2715.0 1.818955582533159e-05
2716.0 1.81895558209179e-05
2717.0 1.8189555816512625e-05
2718.0 1.818955581211574e-05
2719.0 1.8189555807727227e-05
2720.0 1.818955580334707e-05
2721.0 1.8189555798975245e-05
2722.0 1.8189555794611738e-05
2723.0 1.8189555790256525e-05
2724.0 1.8189555785909593e-05
2725.0 1.8189555781570917e-05
2726.0 1.8189555777240485e-05
2727.0 1.8189555772918276e-05
2728.0 1.818955576860427e-05
2729.0 1.8189555764298445e-05
2730.0 1.818955576000079e-05
2731.0 1.8189555755711282e-05
2732.0 1.81895557514299e-05
2733.0 1.8189555747156632e-05
2734.0 1.8189555742891456e-05
2735.0 1.8189555738634356e-05
2736.0 1.818955573438531e-05
2737.0 1.8189555730144304e-05
2738.0 1.8189555725911315e-05
2739.0 1.818955572168633e-05
2740.0 1.818955571746933e-05
2741.0 1.8189555713260295e-05
2742.0 1.8189555709059205e-05
2743.0 1.818955570486605e-05
2744.0 1.8189555700680802e-05
2745.0 1.8189555696503452e-05
2746.0 1.8189555692333973e-05
2747.0 1.8189555688172358e-05
2748.0 1.8189555684018583e-05
2749.0 1.818955567987263e-05
2750.0 1.8189555675734486e-05
2751.0 1.818955567160413e-05
2752.0 1.8189555667481542e-05
2753.0 1.8189555663366707e-05
2754.0 1.818955565925961e-05
2755.0 1.8189555655160235e-05
2756.0 1.8189555651068558e-05
2757.0 1.8189555646984565e-05
2758.0 1.818955564290824e-05
2759.0 1.8189555638839563e-05
2760.0 1.8189555634778518e-05
2761.0 1.8189555630725093e-05
2762.0 1.8189555626679264e-05
2763.0 1.8189555622641017e-05
2764.0 1.8189555618610333e-05
2765.0 1.81895556145872e-05
2766.0 1.8189555610571594e-05
2767.0 1.8189555606563502e-05
2768.0 1.818955560256291e-05
2769.0 1.81895555985698e-05
2770.0 1.8189555594584152e-05
2771.0 1.818955559060595e-05
2772.0 1.818955558663518e-05
2773.0 1.8189555582671826e-05
2774.0 1.8189555578715867e-05
2775.0 1.818955557476729e-05
2776.0 1.8189555570826077e-05
2777.0 1.8189555566892212e-05
2778.0 1.818955556296568e-05
2779.0 1.8189555559046465e-05
2780.0 1.8189555555134548e-05
2781.0 1.8189555551229912e-05
2782.0 1.8189555547332548e-05
2783.0 1.818955554344243e-05
2784.0 1.818955553955955e-05
2785.0 1.8189555535683886e-05
2786.0 1.818955553181543e-05
2787.0 1.8189555527954155e-05
2788.0 1.8189555524100057e-05
2789.0 1.8189555520253108e-05
2790.0 1.81895555164133e-05
2791.0 1.8189555512580616e-05
2792.0 1.8189555508755042e-05
2793.0 1.8189555504936557e-05
2794.0 1.818955550112515e-05
2795.0 1.81895554973208e-05
2796.0 1.8189555493523496e-05
2797.0 1.8189555489733227e-05
2798.0 1.8189555485949967e-05
2799.0 1.8189555482173705e-05
2800.0 1.818955547840443e-05
2801.0 1.8189555474642115e-05
2802.0 1.818955547088676e-05
2803.0 1.8189555467138338e-05
2804.0 1.8189555463396838e-05
2805.0 1.8189555459662246e-05
2806.0 1.8189555455934545e-05
2807.0 1.818955545221372e-05
2808.0 1.818955544849975e-05
2809.0 1.8189555444792633e-05
2810.0 1.8189555441092346e-05
2811.0 1.8189555437398872e-05
2812.0 1.81895554337122e-05
2813.0 1.818955543003231e-05
2814.0 1.8189555426359197e-05
2815.0 1.818955542269284e-05
2816.0 1.818955541903322e-05
2817.0 1.818955541538033e-05
2818.0 1.818955541173415e-05
2819.0 1.818955540809467e-05
2820.0 1.8189555404461867e-05
2821.0 1.8189555400835736e-05
2822.0 1.8189555397216256e-05
2823.0 1.8189555393603417e-05
2824.0 1.8189555389997198e-05
2825.0 1.8189555386397592e-05
2826.0 1.818955538280458e-05
2827.0 1.8189555379218148e-05
2828.0 1.818955537563828e-05
2829.0 1.818955537206497e-05
2830.0 1.8189555368498197e-05
2831.0 1.8189555364937945e-05
2832.0 1.81895553613842e-05
2833.0 1.8189555357836952e-05
2834.0 1.818955535429619e-05
2835.0 1.8189555350761886e-05
2836.0 1.8189555347234038e-05
2837.0 1.818955534371263e-05
2838.0 1.8189555340197644e-05
2839.0 1.8189555336689074e-05
2840.0 1.8189555333186898e-05
2841.0 1.81895553296911e-05
2842.0 1.8189555326201675e-05
2843.0 1.8189555322718604e-05
2844.0 1.8189555319241876e-05
2845.0 1.8189555315771473e-05
2846.0 1.8189555312307387e-05
2847.0 1.81895553088496e-05
2848.0 1.8189555305398098e-05
2849.0 1.818955530195287e-05
2850.0 1.81895552985139e-05
2851.0 1.8189555295081176e-05
2852.0 1.8189555291654684e-05
2853.0 1.818955528823441e-05
2854.0 1.818955528482034e-05
2855.0 1.8189555281412466e-05
2856.0 1.818955527801077e-05
2857.0 1.8189555274615237e-05
2858.0 1.818955527122585e-05
2859.0 1.818955526784261e-05
2860.0 1.8189555264465492e-05
2861.0 1.8189555261094484e-05
2862.0 1.8189555257729574e-05
2863.0 1.8189555254370753e-05
2864.0 1.8189555251018007e-05
2865.0 1.8189555247671312e-05
2866.0 1.8189555244330668e-05
2867.0 1.8189555240996055e-05
2868.0 1.8189555237667467e-05
2869.0 1.818955523434488e-05
2870.0 1.8189555231028294e-05
2871.0 1.8189555227717686e-05
2872.0 1.8189555224413044e-05
2873.0 1.818955522111436e-05
2874.0 1.818955521782162e-05
2875.0 1.8189555214534807e-05
2876.0 1.8189555211253913e-05
2877.0 1.8189555207978925e-05
2878.0 1.8189555204709828e-05
2879.0 1.818955520144661e-05
2880.0 1.818955519818926e-05
2881.0 1.818955519493776e-05
2882.0 1.8189555191692107e-05
2883.0 1.818955518845228e-05
2884.0 1.8189555185218272e-05
2885.0 1.8189555181990067e-05
2886.0 1.8189555178767655e-05
2887.0 1.818955517555102e-05
2888.0 1.8189555172340152e-05
2889.0 1.818955516913504e-05
2890.0 1.818955516593567e-05
2891.0 1.8189555162742032e-05
2892.0 1.818955515955411e-05
2893.0 1.818955515637189e-05
2894.0 1.8189555153195368e-05
2895.0 1.8189555150024527e-05
2896.0 1.818955514685935e-05
2897.0 1.8189555143699837e-05
2898.0 1.8189555140545968e-05
2899.0 1.818955513739773e-05
2900.0 1.8189555134255115e-05
2901.0 1.8189555131118108e-05
2902.0 1.81895551279867e-05
2903.0 1.8189555124860872e-05
2904.0 1.8189555121740623e-05
2905.0 1.818955511862593e-05
2906.0 1.818955511551679e-05
2907.0 1.8189555112413188e-05
2908.0 1.8189555109315114e-05
2909.0 1.818955510622255e-05
2910.0 1.818955510313549e-05
2911.0 1.818955510005392e-05
2912.0 1.8189555096977832e-05
2913.0 1.818955509390721e-05
2914.0 1.8189555090842044e-05
2915.0 1.8189555087782327e-05
2916.0 1.8189555084728038e-05
2917.0 1.8189555081679173e-05
2918.0 1.8189555078635713e-05
2919.0 1.8189555075597656e-05
2920.0 1.8189555072564987e-05
2921.0 1.818955506953769e-05
2922.0 1.8189555066515762e-05
2923.0 1.8189555063499183e-05
2924.0 1.818955506048795e-05
2925.0 1.8189555057482044e-05
2926.0 1.8189555054481457e-05
2927.0 1.8189555051486182e-05
2928.0 1.81895550484962e-05
2929.0 1.8189555045511503e-05
2930.0 1.8189555042532082e-05
2931.0 1.8189555039557926e-05
2932.0 1.818955503658902e-05
2933.0 1.8189555033625358e-05
2934.0 1.8189555030666926e-05
2935.0 1.818955502771371e-05
2936.0 1.8189555024765705e-05
2937.0 1.8189555021822896e-05
2938.0 1.8189555018885273e-05
2939.0 1.8189555015952825e-05
2940.0 1.8189555013025544e-05
2941.0 1.8189555010103412e-05
2942.0 1.8189555007186427e-05
2943.0 1.8189555004274575e-05
2944.0 1.818955500136784e-05
2945.0 1.8189554998466216e-05
2946.0 1.8189554995569696e-05
2947.0 1.8189554992678264e-05
2948.0 1.8189554989791908e-05
2949.0 1.818955498691062e-05
2950.0 1.818955498403439e-05
2951.0 1.818955498116321e-05
2952.0 1.8189554978297064e-05
2953.0 1.8189554975435943e-05
2954.0 1.8189554972579836e-05
2955.0 1.8189554969728736e-05
2956.0 1.8189554966882628e-05
2957.0 1.8189554964041503e-05
2958.0 1.8189554961205352e-05
2959.0 1.8189554958374165e-05
2960.0 1.818955495554793e-05
2961.0 1.8189554952726637e-05
2962.0 1.8189554949910276e-05
2963.0 1.8189554947098835e-05
2964.0 1.818955494429231e-05
2965.0 1.8189554941490684e-05
2966.0 1.8189554938693947e-05
2967.0 1.818955493590209e-05
2968.0 1.8189554933115107e-05
2969.0 1.8189554930332983e-05
2970.0 1.8189554927555708e-05
2971.0 1.8189554924783277e-05
2972.0 1.8189554922015672e-05
2973.0 1.818955491925289e-05
2974.0 1.8189554916494918e-05
2975.0 1.8189554913741746e-05
2976.0 1.818955491099336e-05
2977.0 1.818955490824976e-05
2978.0 1.8189554905510927e-05
2979.0 1.8189554902776853e-05
2980.0 1.8189554900047534e-05
2981.0 1.818955489732295e-05
2982.0 1.8189554894603104e-05
2983.0 1.8189554891887974e-05
2984.0 1.818955488917756e-05
2985.0 1.8189554886471842e-05
2986.0 1.818955488377082e-05
2987.0 1.818955488107448e-05
2988.0 1.818955487838281e-05
2989.0 1.81895548756958e-05
2990.0 1.818955487301345e-05
2991.0 1.8189554870335742e-05
2992.0 1.8189554867662665e-05
2993.0 1.8189554864994213e-05
2994.0 1.818955486233038e-05
2995.0 1.8189554859671147e-05
2996.0 1.818955485701651e-05
2997.0 1.8189554854366464e-05
2998.0 1.8189554851720994e-05
2999.0 1.818955484908009e-05
3000.0 1.8189554846443745e-05
3001.0 1.818955484381195e-05
3002.0 1.818955484118469e-05
3003.0 1.818955483856196e-05
3004.0 1.818955483594375e-05
3005.0 1.818955483333006e-05
3006.0 1.8189554830720865e-05
3007.0 1.8189554828116164e-05
3008.0 1.8189554825515946e-05
3009.0 1.8189554822920207e-05
3010.0 1.818955482032893e-05
3011.0 1.8189554817742108e-05
3012.0 1.8189554815159735e-05
3013.0 1.8189554812581797e-05
3014.0 1.818955481000829e-05
3015.0 1.8189554807439206e-05
3016.0 1.8189554804874525e-05
3017.0 1.8189554802314253e-05
3018.0 1.818955479975837e-05
3019.0 1.8189554797206868e-05
3020.0 1.8189554794659745e-05
3021.0 1.8189554792116986e-05
3022.0 1.8189554789578584e-05
3023.0 1.8189554787044533e-05
3024.0 1.8189554784514815e-05
3025.0 1.8189554781989433e-05
3026.0 1.818955477946837e-05
3027.0 1.8189554776951617e-05
3028.0 1.818955477443917e-05
3029.0 1.8189554771931015e-05
3030.0 1.818955476942715e-05
3031.0 1.818955476692756e-05
3032.0 1.8189554764432243e-05
3033.0 1.818955476194118e-05
3034.0 1.8189554759454372e-05
3035.0 1.8189554756971807e-05
3036.0 1.8189554754493473e-05
3037.0 1.8189554752019368e-05
3038.0 1.8189554749549477e-05
3039.0 1.8189554747083795e-05
3040.0 1.8189554744622314e-05
3041.0 1.8189554742165024e-05
3042.0 1.8189554739711915e-05
3043.0 1.818955473726298e-05
3044.0 1.8189554734818216e-05
3045.0 1.8189554732377602e-05
3046.0 1.8189554729941142e-05
3047.0 1.818955472750882e-05
3048.0 1.818955472508063e-05
3049.0 1.8189554722656564e-05
3050.0 1.818955472023661e-05
3051.0 1.8189554717820772e-05
3052.0 1.8189554715409025e-05
3053.0 1.818955471300137e-05
3054.0 1.81895547105978e-05
3055.0 1.81895547081983e-05
3056.0 1.8189554705802865e-05
3057.0 1.818955470341149e-05
3058.0 1.8189554701024166e-05
3059.0 1.818955469864088e-05
3060.0 1.818955469626163e-05
3061.0 1.81895546938864e-05
3062.0 1.8189554691515188e-05
3063.0 1.8189554689147985e-05
3064.0 1.8189554686784783e-05
3065.0 1.8189554684425573e-05
3066.0 1.8189554682070347e-05
3067.0 1.81895546797191e-05
3068.0 1.8189554677371818e-05
3069.0 1.8189554675028498e-05
3070.0 1.818955467268913e-05
3071.0 1.8189554670353703e-05
3072.0 1.8189554668022217e-05
3073.0 1.818955466569466e-05
3074.0 1.818955466337102e-05
3075.0 1.8189554661051296e-05
3076.0 1.818955465873547e-05
3077.0 1.8189554656423548e-05
3078.0 1.8189554654115515e-05
3079.0 1.8189554651811362e-05
3080.0 1.818955464951108e-05
3081.0 1.818955464721467e-05
3082.0 1.818955464492211e-05
3083.0 1.8189554642633408e-05
3084.0 1.8189554640348547e-05
3085.0 1.818955463806752e-05
3086.0 1.818955463579032e-05
3087.0 1.818955463351694e-05
3088.0 1.818955463124737e-05
3089.0 1.8189554628981605e-05
3090.0 1.8189554626719637e-05
3091.0 1.8189554624461464e-05
3092.0 1.8189554622207066e-05
3093.0 1.8189554619956442e-05
3094.0 1.818955461770959e-05
3095.0 1.818955461546649e-05
3096.0 1.8189554613227148e-05
3097.0 1.8189554610991547e-05
3098.0 1.8189554608759683e-05
3099.0 1.8189554606531546e-05
3100.0 1.8189554604307132e-05
