2.0 2.4003574276816336e-10
3.0 3.1187399463066007e-10
4.0 3.726983067638124e-10
5.0 4.239660694040156e-10
6.0 4.67223996918593e-10
7.0 5.019857101740671e-10
8.0 5.310780640831281e-10
9.0 5.542515001525684e-10
10.0 5.726240445714254e-10
11.0 5.860362379879437e-10
12.0 5.95656601028577e-10
13.0 6.019907920346869e-10
14.0 6.037629342246778e-10
15.0 6.037165217529922e-10
16.0 6.024388292401497e-10
17.0 5.966634377211148e-10
18.0 5.900893484068883e-10
19.0 5.826851929778192e-10
20.0 5.745267449013086e-10
21.0 5.65230794243317e-10
22.0 5.557169051637519e-10
23.0 5.459931300129756e-10
24.0 5.35829808468635e-10
25.0 5.256146530459664e-10
26.0 5.157022278345604e-10
27.0 5.058369218329701e-10
28.0 4.962361520820743e-10
29.0 4.866582093863866e-10
30.0 4.773318871653948e-10
31.0 4.680055649444029e-10
32.0 4.590411831635012e-10
33.0 4.501377521589321e-10
34.0 4.415450113218292e-10
35.0 4.3332141101244093e-10
36.0 4.250978107030528e-10
37.0 4.17246735250983e-10
38.0 4.094496673441792e-10
39.0 4.016851048958604e-10
40.0 3.9424623957037036e-10
41.0 3.868073742448805e-10
42.0 3.7943999375596514e-10
43.0 3.727633800950095e-10
44.0 3.6608676643405396e-10
45.0 3.594101527730984e-10
46.0 3.530843157802371e-10
47.0 3.468127669392953e-10
48.0 3.4054121809835365e-10
49.0 3.343969050893297e-10
50.0 3.284519770292153e-10
51.0 3.225070489691008e-10
52.0 3.165621209089863e-10
53.0 3.1114669812331345e-10
54.0 3.060222531668573e-10
55.0 3.0089780821040113e-10
56.0 2.9577336325394487e-10
57.0 2.9086045052684664e-10
58.0 2.860812126507108e-10
59.0 2.813019747745749e-10
60.0 2.765227368984391e-10
61.0 2.7181454361164713e-10
62.0 2.672988513983228e-10
63.0 2.627831591849984e-10
64.0 2.58267466971674e-10
65.0 2.5375177475834965e-10
66.0 2.497335004031504e-10
67.0 2.460582641100288e-10
68.0 2.423830278169072e-10
69.0 2.387077915237856e-10
70.0 2.3503255523066394e-10
71.0 2.3148969961977718e-10
72.0 2.280534979204848e-10
73.0 2.2461729622119242e-10
74.0 2.211810945219e-10
75.0 2.1774489282260762e-10
76.0 2.143379439962076e-10
77.0 2.1113075738370186e-10
78.0 2.0792357077119615e-10
79.0 2.047163841586904e-10
80.0 2.015091975461847e-10
81.0 1.9830201093367897e-10
82.0 1.952885699185688e-10
83.0 1.927642789542676e-10
84.0 1.902399879899664e-10
85.0 1.877156970256652e-10
86.0 1.8519140606136399e-10
87.0 1.8266711509706284e-10
88.0 1.8014282413276162e-10
89.0 1.777934072245742e-10
90.0 1.7544583568258314e-10
91.0 1.73098264140592e-10
92.0 1.707506925986009e-10
93.0 1.684031210566098e-10
94.0 1.6605554951461868e-10
95.0 1.6375360076815015e-10
96.0 1.6162266218903893e-10
97.0 1.5949172360992762e-10
98.0 1.5736078503081645e-10
99.0 1.5522984645170518e-10
100.0 1.530989078725939e-10
101.0 1.509679692934827e-10
102.0 1.4883703071437148e-10
103.0 1.471120507897691e-10
104.0 1.4542746799443113e-10
105.0 1.437428851990932e-10
106.0 1.4205830240375522e-10
107.0 1.4037371960841723e-10
108.0 1.3868913681307928e-10
109.0 1.3700455401774134e-10
110.0 1.3532679175777504e-10
111.0 1.3379039079569888e-10
112.0 1.3225398983362273e-10
113.0 1.3071758887154657e-10
114.0 1.291811879094704e-10
115.0 1.2764478694739427e-10
116.0 1.2610838598531812e-10
117.0 1.2457198502324196e-10
118.0 1.230355840611658e-10
119.0 1.2160575106216057e-10
120.0 1.202540813239306e-10
121.0 1.1890241158570064e-10
122.0 1.1755074184747069e-10
123.0 1.1619907210924071e-10
124.0 1.1484740237101077e-10
125.0 1.134957326327808e-10
126.0 1.1214406289455085e-10
127.0 1.1079239315632093e-10
128.0 1.0956562141509221e-10
129.0 1.0848821011178459e-10
130.0 1.0741079880847696e-10
131.0 1.0633338750516935e-10
132.0 1.0525597620186173e-10
133.0 1.0417856489855407e-10
134.0 1.0310115359524646e-10
135.0 1.0202374229193883e-10
136.0 1.009463309886312e-10
137.0 9.986891968532356e-11
138.0 9.886215328682971e-11
139.0 9.789663753060177e-11
140.0 9.693112177437378e-11
141.0 9.596560601814581e-11
142.0 9.500009026191787e-11
143.0 9.403457450568988e-11
144.0 9.306905874946192e-11
145.0 9.210354299323395e-11
146.0 9.1138027237006e-11
147.0 9.017251148077804e-11
148.0 8.921416259241862e-11
149.0 8.839028886008529e-11
150.0 8.756641512775195e-11
151.0 8.674254139541861e-11
152.0 8.591866766308526e-11
153.0 8.509479393075193e-11
154.0 8.427092019841858e-11
155.0 8.344704646608524e-11
156.0 8.262317273375191e-11
157.0 8.179929900141857e-11
158.0 8.097542526908522e-11
159.0 8.015155153675188e-11
160.0 7.943409076736806e-11
161.0 7.877271097212762e-11
162.0 7.811133117688717e-11
163.0 7.744995138164674e-11
164.0 7.67885715864063e-11
165.0 7.612719179116584e-11
166.0 7.546581199592541e-11
167.0 7.480443220068495e-11
168.0 7.414305240544452e-11
169.0 7.348167261020407e-11
170.0 7.282029281496362e-11
171.0 7.215891301972319e-11
172.0 7.153024238945193e-11
173.0 7.095462368120749e-11
174.0 7.0379004972963e-11
175.0 6.980338626471854e-11
176.0 6.922776755647407e-11
177.0 6.865214884822961e-11
178.0 6.807653013998513e-11
179.0 6.750091143174067e-11
180.0 6.69252927234962e-11
181.0 6.634967401525175e-11
182.0 6.577405530700727e-11
183.0 6.51984365987628e-11
184.0 6.462281789051833e-11
185.0 6.406135610741343e-11
186.0 6.357282158978227e-11
187.0 6.308428707215112e-11
188.0 6.259575255451996e-11
189.0 6.210721803688881e-11
190.0 6.161868351925765e-11
191.0 6.11301490016265e-11
192.0 6.064161448399534e-11
193.0 6.015307996636419e-11
194.0 5.966454544873303e-11
195.0 5.917601093110188e-11
196.0 5.868747641347071e-11
197.0 5.819894189583957e-11
198.0 5.771040737820843e-11
199.0 5.722187286057726e-11
200.0 5.681941030777632e-11
201.0 5.6423870304439904e-11
202.0 5.60283303011035e-11
203.0 5.563279029776707e-11
204.0 5.5237250294430645e-11
205.0 5.484171029109424e-11
206.0 5.4446170287757823e-11
207.0 5.40506302844214e-11
208.0 5.365509028108497e-11
209.0 5.325955027774858e-11
210.0 5.286401027441215e-11
211.0 5.2468470271075723e-11
212.0 5.207293026773931e-11
213.0 5.16773902644029e-11
214.0 5.128185026106648e-11
215.0 5.0925133583061455e-11
216.0 5.0595178475413456e-11
217.0 5.026522336776545e-11
218.0 4.993526826011745e-11
219.0 4.960531315246946e-11
220.0 4.927535804482145e-11
221.0 4.8945402937173453e-11
222.0 4.8615447829525454e-11
223.0 4.828549272187745e-11
224.0 4.7955537614229456e-11
225.0 4.7625582506581457e-11
226.0 4.729562739893345e-11
227.0 4.696567229128545e-11
228.0 4.663571718363745e-11
229.0 4.6305762075989453e-11
230.0 4.597580696834146e-11
231.0 4.564966876842233e-11
232.0 4.536909908582658e-11
233.0 4.508852940323085e-11
234.0 4.48079597206351e-11
235.0 4.452739003803936e-11
236.0 4.424682035544361e-11
237.0 4.396625067284786e-11
238.0 4.368568099025212e-11
239.0 4.340511130765638e-11
240.0 4.312454162506063e-11
241.0 4.284397194246489e-11
242.0 4.256340225986915e-11
243.0 4.22828325772734e-11
244.0 4.2002262894677656e-11
245.0 4.1721693212081924e-11
246.0 4.144112352948617e-11
247.0 4.116055384689042e-11
248.0 4.0879984164294687e-11
249.0 4.0614248562567324e-11
250.0 4.038472747750577e-11
251.0 4.015520639244421e-11
252.0 3.9925685307382657e-11
253.0 3.969616422232111e-11
254.0 3.946664313725956e-11
255.0 3.923712205219801e-11
256.0 3.9007600967136464e-11
257.0 3.8778079882074906e-11
258.0 3.8548558797013355e-11
259.0 3.831903771195181e-11
260.0 3.8089516626890246e-11
261.0 3.785999554182869e-11
262.0 3.7630474456767137e-11
263.0 3.740095337170559e-11
264.0 3.717143228664404e-11
265.0 3.6941911201582495e-11
266.0 3.671239011652094e-11
267.0 3.6482869031459386e-11
268.0 3.6259498951681816e-11
269.0 3.607592360233465e-11
270.0 3.5892348252987507e-11
271.0 3.570877290364036e-11
272.0 3.5525197554293217e-11
273.0 3.5341622204946065e-11
274.0 3.515804685559892e-11
275.0 3.497447150625177e-11
276.0 3.4790896156904624e-11
277.0 3.460732080755747e-11
278.0 3.442374545821033e-11
279.0 3.4240170108863176e-11
280.0 3.405659475951603e-11
281.0 3.387301941016888e-11
282.0 3.3689444060821735e-11
283.0 3.3505868711474584e-11
284.0 3.3322293362127445e-11
285.0 3.313871801278029e-11
286.0 3.295514266343314e-11
287.0 3.2771567314085985e-11
288.0 3.258799196473885e-11
289.0 3.241787696692334e-11
290.0 3.2261134964936405e-11
291.0 3.210439296294947e-11
292.0 3.194765096096254e-11
293.0 3.1790908958975605e-11
294.0 3.163416695698867e-11
295.0 3.147742495500173e-11
296.0 3.13206829530148e-11
297.0 3.116394095102786e-11
298.0 3.1007198949040934e-11
299.0 3.0850456947054e-11
300.0 3.0693714945067063e-11
301.0 3.053697294308013e-11
302.0 3.0380230941093186e-11
303.0 3.0223488939106263e-11
304.0 3.006674693711932e-11
305.0 2.9910004935132386e-11
306.0 2.9753262933145464e-11
307.0 2.9596520931158515e-11
308.0 2.9439778929171586e-11
309.0 2.928303692718465e-11
310.0 2.9126294925197715e-11
311.0 2.8977107002179033e-11
312.0 2.8847325366062107e-11
313.0 2.8717543729945172e-11
314.0 2.8587762093828253e-11
315.0 2.845798045771133e-11
316.0 2.8328198821594407e-11
317.0 2.8198417185477482e-11
318.0 2.8068635549360556e-11
319.0 2.7938853913243627e-11
320.0 2.78090722771267e-11
321.0 2.7679290641009766e-11
322.0 2.754950900489285e-11
323.0 2.741972736877593e-11
324.0 2.7289945732659e-11
325.0 2.7160164096542076e-11
326.0 2.7030382460425147e-11
327.0 2.6900600824308227e-11
328.0 2.6770819188191298e-11
329.0 2.6641037552074373e-11
330.0 2.651125591595745e-11
331.0 2.6381474279840524e-11
332.0 2.6251692643723602e-11
333.0 2.6121911007606676e-11
334.0 2.599212937148975e-11
335.0 2.587284723792506e-11
336.0 2.5773309428837797e-11
337.0 2.567377161975053e-11
338.0 2.557423381066326e-11
339.0 2.5474696001575996e-11
340.0 2.5375158192488732e-11
341.0 2.527562038340146e-11
342.0 2.517608257431419e-11
343.0 2.5076544765226928e-11
344.0 2.4977006956139654e-11
345.0 2.487746914705239e-11
346.0 2.4777931337965127e-11
347.0 2.4678393528877856e-11
348.0 2.457885571979059e-11
349.0 2.4479317910703322e-11
350.0 2.4379780101616052e-11
351.0 2.428024229252879e-11
352.0 2.4180704483441518e-11
353.0 2.408116667435425e-11
354.0 2.3981628865266987e-11
355.0 2.3882091056179717e-11
356.0 2.378255324709245e-11
357.0 2.3683015438005183e-11
358.0 2.3583477628917923e-11
359.0 2.3483939819830646e-11
360.0 2.3384402010743385e-11
361.0 2.3292769253097677e-11
362.0 2.320708288210637e-11
363.0 2.312139651111507e-11
364.0 2.3035710140123763e-11
365.0 2.295002376913245e-11
366.0 2.2864337398141146e-11
367.0 2.277865102714984e-11
368.0 2.269296465615853e-11
369.0 2.2607278285167226e-11
370.0 2.2521591914175922e-11
371.0 2.2435905543184612e-11
372.0 2.235021917219331e-11
373.0 2.2264532801202002e-11
374.0 2.2178846430210692e-11
375.0 2.2093160059219388e-11
376.0 2.2007473688228085e-11
377.0 2.1921787317236775e-11
378.0 2.1836100946245468e-11
379.0 2.1750414575254164e-11
380.0 2.1664728204262858e-11
381.0 2.157904183327155e-11
382.0 2.1493355462280244e-11
383.0 2.140766909128894e-11
384.0 2.1321982720297637e-11
385.0 2.123629634930633e-11
386.0 2.115060997831502e-11
387.0 2.1064923607323713e-11
388.0 2.097923723633241e-11
389.0 2.0904643032407675e-11
390.0 2.083267058727502e-11
391.0 2.0760698142142365e-11
392.0 2.068872569700971e-11
393.0 2.061675325187705e-11
394.0 2.05447808067444e-11
395.0 2.0472808361611744e-11
396.0 2.040083591647909e-11
397.0 2.0328863471346434e-11
398.0 2.0256891026213785e-11
399.0 2.018491858108113e-11
400.0 2.0112946135948468e-11
401.0 2.0040973690815816e-11
402.0 1.996900124568316e-11
403.0 1.9897028800550506e-11
404.0 1.982505635541785e-11
405.0 1.97530839102852e-11
406.0 1.968111146515254e-11
407.0 1.9609139020019885e-11
408.0 1.953716657488723e-11
409.0 1.9465194129754575e-11
410.0 1.939322168462192e-11
411.0 1.9321249239489265e-11
412.0 1.924927679435661e-11
413.0 1.917730434922395e-11
414.0 1.9105331904091302e-11
415.0 1.9033359458958647e-11
416.0 1.8961387013825992e-11
417.0 1.8889414568693337e-11
418.0 1.8817442123560682e-11
419.0 1.8762651122186177e-11
420.0 1.8709588403281507e-11
421.0 1.8656525684376834e-11
422.0 1.8603462965472164e-11
423.0 1.855040024656749e-11
424.0 1.8497337527662825e-11
425.0 1.8444274808758158e-11
426.0 1.8391212089853482e-11
427.0 1.833814937094881e-11
428.0 1.8285086652044146e-11
429.0 1.8232023933139476e-11
430.0 1.8178961214234803e-11
431.0 1.812589849533013e-11
432.0 1.807283577642546e-11
433.0 1.8019773057520787e-11
434.0 1.796671033861612e-11
435.0 1.791364761971145e-11
436.0 1.7860584900806778e-11
437.0 1.780752218190211e-11
438.0 1.7754459462997438e-11
439.0 1.7701396744092765e-11
440.0 1.7648334025188092e-11
441.0 1.7595271306283425e-11
442.0 1.7542208587378756e-11
443.0 1.7489145868474086e-11
444.0 1.7436083149569416e-11
445.0 1.7383020430664743e-11
446.0 1.732995771176007e-11
447.0 1.7276894992855404e-11
448.0 1.7223832273950734e-11
449.0 1.7170769555046064e-11
450.0 1.711770683614139e-11
451.0 1.7069439775929602e-11
452.0 1.7023176197436294e-11
453.0 1.697691261894299e-11
454.0 1.6930649040449684e-11
455.0 1.6884385461956383e-11
456.0 1.683812188346307e-11
457.0 1.679185830496977e-11
458.0 1.6745594726476462e-11
459.0 1.6699331147983154e-11
460.0 1.665306756948985e-11
461.0 1.6606803990996544e-11
462.0 1.656054041250324e-11
463.0 1.6514276834009935e-11
464.0 1.6468013255516627e-11
465.0 1.6421749677023325e-11
466.0 1.6375486098530014e-11
467.0 1.632922252003671e-11
468.0 1.6282958941543404e-11
469.0 1.62366953630501e-11
470.0 1.6190431784556795e-11
471.0 1.614416820606349e-11
472.0 1.6097904627570182e-11
473.0 1.6051641049076877e-11
474.0 1.6005377470583572e-11
475.0 1.5959113892090264e-11
476.0 1.591285031359696e-11
477.0 1.5866586735103655e-11
478.0 1.5820323156610347e-11
479.0 1.5774059578117045e-11
480.0 1.5727795999623734e-11
481.0 1.5681532421130432e-11
482.0 1.5635268842637124e-11
483.0 1.558900526414382e-11
484.0 1.5542741685650515e-11
485.0 1.5496625215117574e-11
486.0 1.545716505645767e-11
487.0 1.541770489779776e-11
488.0 1.5378244739137854e-11
489.0 1.5338784580477945e-11
490.0 1.5299324421818035e-11
491.0 1.5259864263158132e-11
492.0 1.5220404104498222e-11
493.0 1.5180943945838312e-11
494.0 1.5141483787178402e-11
495.0 1.5102023628518496e-11
496.0 1.5062563469858586e-11
497.0 1.5023103311198676e-11
498.0 1.498364315253877e-11
499.0 1.494418299387886e-11
500.0 1.4904722835218957e-11
501.0 1.4865262676559044e-11
502.0 1.4825802517899134e-11
503.0 1.4786342359239228e-11
504.0 1.4746882200579318e-11
505.0 1.470742204191941e-11
506.0 1.4667961883259502e-11
507.0 1.4628501724599595e-11
508.0 1.4589041565939685e-11
509.0 1.4549581407279774e-11
510.0 1.451012124861987e-11
511.0 1.4470661089959961e-11
512.0 1.4431200931300055e-11
513.0 1.4391740772640143e-11
514.0 1.4352280613980235e-11
515.0 1.4312820455320329e-11
516.0 1.427336029666042e-11
517.0 1.4233900138000509e-11
518.0 1.41944399793406e-11
519.0 1.4154979820680695e-11
520.0 1.4115519662020786e-11
521.0 1.4076059503360875e-11
522.0 1.4036599344700969e-11
523.0 1.4004719606265377e-11
524.0 1.3976634327345188e-11
525.0 1.3948549048425006e-11
526.0 1.3920463769504815e-11
527.0 1.3892378490584633e-11
528.0 1.3864293211664445e-11
529.0 1.3836207932744259e-11
530.0 1.3808122653824073e-11
531.0 1.3780037374903887e-11
532.0 1.3751952095983699e-11
533.0 1.3723866817063513e-11
534.0 1.3695781538143329e-11
535.0 1.3667696259223141e-11
536.0 1.3639610980302955e-11
537.0 1.3611525701382767e-11
538.0 1.3583440422462584e-11
539.0 1.3555355143542395e-11
540.0 1.3527269864622209e-11
541.0 1.3499184585702026e-11
542.0 1.3471099306781837e-11
543.0 1.344301402786165e-11
544.0 1.3414928748941465e-11
545.0 1.3386843470021279e-11
546.0 1.3358758191101096e-11
547.0 1.3330672912180906e-11
548.0 1.3302587633260724e-11
549.0 1.3274502354340534e-11
550.0 1.3246417075420348e-11
551.0 1.3218331796500162e-11
552.0 1.3190246517579973e-11
553.0 1.316216123865979e-11
554.0 1.3134075959739604e-11
555.0 1.3105990680819418e-11
556.0 1.3077905401899232e-11
557.0 1.3049820122979044e-11
558.0 1.302173484405886e-11
559.0 1.2993649565138675e-11
560.0 1.296556428621849e-11
561.0 1.2937479007298303e-11
562.0 1.2909393728378115e-11
563.0 1.2882585077754457e-11
564.0 1.285744169446886e-11
565.0 1.2832298311183265e-11
566.0 1.2807154927897664e-11
567.0 1.2782011544612068e-11
568.0 1.2756868161326466e-11
569.0 1.2731724778040873e-11
570.0 1.2706581394755276e-11
571.0 1.2681438011469676e-11
572.0 1.2656294628184074e-11
573.0 1.2631151244898481e-11
574.0 1.2606007861612882e-11
575.0 1.2580864478327285e-11
576.0 1.2555721095041686e-11
577.0 1.2530577711756088e-11
578.0 1.250543432847049e-11
579.0 1.2480290945184893e-11
580.0 1.2455147561899295e-11
581.0 1.2430004178613695e-11
582.0 1.24048607953281e-11
583.0 1.23797174120425e-11
584.0 1.2354574028756905e-11
585.0 1.2329430645471304e-11
586.0 1.2304287262185707e-11
587.0 1.227914387890011e-11
588.0 1.2254000495614512e-11
589.0 1.2228857112328913e-11
590.0 1.2203713729043315e-11
591.0 1.2178570345757716e-11
592.0 1.2153426962472118e-11
593.0 1.2128283579186519e-11
594.0 1.2103140195900926e-11
595.0 1.2077996812615324e-11
596.0 1.2052853429329727e-11
597.0 1.202771004604413e-11
598.0 1.2002566662758533e-11
599.0 1.1977423279472935e-11
600.0 1.1952279896187336e-11
601.0 1.192713651290174e-11
602.0 1.1901993129616141e-11
603.0 1.1876849746330542e-11
604.0 1.1851706363044946e-11
605.0 1.1826562979759347e-11
606.0 1.1801795554901796e-11
607.0 1.1780316751145164e-11
608.0 1.1758837947388527e-11
609.0 1.1737359143631895e-11
610.0 1.1715880339875262e-11
611.0 1.1694401536118627e-11
612.0 1.1672922732361995e-11
613.0 1.165144392860536e-11
614.0 1.1629965124848727e-11
615.0 1.1608486321092095e-11
616.0 1.158700751733546e-11
617.0 1.1565528713578823e-11
618.0 1.1544049909822193e-11
619.0 1.1522571106065556e-11
620.0 1.1501092302308926e-11
621.0 1.1479613498552289e-11
622.0 1.1458134694795653e-11
623.0 1.1436655891039026e-11
624.0 1.1415177087282391e-11
625.0 1.1393698283525756e-11
626.0 1.1372219479769124e-11
627.0 1.1350740676012489e-11
628.0 1.1329261872255852e-11
629.0 1.1307783068499221e-11
630.0 1.1286304264742586e-11
631.0 1.1264825460985954e-11
632.0 1.1243346657229319e-11
633.0 1.1221867853472684e-11
634.0 1.1200389049716052e-11
635.0 1.1178910245959418e-11
636.0 1.1157431442202783e-11
637.0 1.1135952638446148e-11
638.0 1.1114473834689516e-11
639.0 1.1092995030932882e-11
640.0 1.1071516227176248e-11
641.0 1.1050037423419618e-11
642.0 1.1028558619662981e-11
643.0 1.1007079815906347e-11
644.0 1.0985601012149712e-11
645.0 1.096412220839308e-11
646.0 1.0942643404636443e-11
647.0 1.0921164600879813e-11
648.0 1.0899685797123178e-11
649.0 1.0878206993366544e-11
650.0 1.085672818960991e-11
651.0 1.0835249385853275e-11
652.0 1.0813770582096643e-11
653.0 1.079492456112841e-11
654.0 1.0779516796439e-11
655.0 1.0764109031749593e-11
656.0 1.0748701267060182e-11
657.0 1.0733293502370773e-11
658.0 1.0717885737681363e-11
659.0 1.0702477972991954e-11
660.0 1.0687070208302544e-11
661.0 1.0671662443613134e-11
662.0 1.0656254678923724e-11
663.0 1.0640846914234317e-11
664.0 1.0625439149544906e-11
665.0 1.0610031384855496e-11
666.0 1.0594623620166089e-11
667.0 1.0579215855476676e-11
668.0 1.0563808090787268e-11
669.0 1.054840032609786e-11
670.0 1.053299256140845e-11
671.0 1.051758479671904e-11
672.0 1.0502177032029633e-11
673.0 1.0486769267340221e-11
674.0 1.0471361502650813e-11
675.0 1.0455953737961405e-11
676.0 1.0440545973271992e-11
677.0 1.0425138208582585e-11
678.0 1.0409730443893175e-11
679.0 1.0394322679203763e-11
680.0 1.0378914914514355e-11
681.0 1.0363507149824947e-11
682.0 1.0348099385135537e-11
683.0 1.0332691620446127e-11
684.0 1.031728385575672e-11
685.0 1.0301876091067307e-11
686.0 1.02864683263779e-11
687.0 1.027106056168849e-11
688.0 1.025565279699908e-11
689.0 1.0240245032309669e-11
690.0 1.0224837267620262e-11
691.0 1.0209429502930851e-11
692.0 1.0194021738241443e-11
693.0 1.0178613973552034e-11
694.0 1.0163206208862623e-11
695.0 1.0147798444173218e-11
696.0 1.0132390679483805e-11
697.0 1.0116982914794396e-11
698.0 1.0101575150104986e-11
699.0 1.0086167385415576e-11
700.0 1.0070759620726168e-11
701.0 1.0055351856036758e-11
702.0 1.0039944091347347e-11
703.0 1.0024777125772387e-11
704.0 1.0010785135926875e-11
705.0 9.996793146081358e-12
706.0 9.982801156235844e-12
707.0 9.968809166390328e-12
708.0 9.954817176544811e-12
709.0 9.940825186699297e-12
710.0 9.926833196853784e-12
711.0 9.912841207008268e-12
712.0 9.898849217162751e-12
713.0 9.884857227317236e-12
714.0 9.870865237471725e-12
715.0 9.856873247626207e-12
716.0 9.842881257780694e-12
717.0 9.82888926793518e-12
718.0 9.814897278089664e-12
719.0 9.800905288244148e-12
720.0 9.786913298398633e-12
721.0 9.772921308553119e-12
722.0 9.758929318707603e-12
723.0 9.744937328862088e-12
724.0 9.730945339016573e-12
725.0 9.71695334917106e-12
726.0 9.702961359325543e-12
727.0 9.688969369480026e-12
728.0 9.674977379634514e-12
729.0 9.660985389789e-12
730.0 9.646993399943483e-12
731.0 9.633001410097966e-12
732.0 9.619009420252453e-12
733.0 9.60501743040694e-12
734.0 9.591025440561423e-12
735.0 9.57703345071591e-12
736.0 9.563041460870394e-12
737.0 9.54904947102488e-12
738.0 9.535057481179363e-12
739.0 9.52106549133385e-12
740.0 9.507073501488334e-12
741.0 9.49308151164282e-12
742.0 9.479089521797305e-12
743.0 9.46509753195179e-12
744.0 9.451105542106272e-12
745.0 9.43711355226076e-12
746.0 9.423121562415243e-12
747.0 9.409129572569731e-12
748.0 9.395137582724212e-12
749.0 9.381145592878698e-12
750.0 9.367153603033183e-12
751.0 9.35316161318767e-12
752.0 9.339169623342155e-12
753.0 9.325177633496637e-12
754.0 9.311185643651123e-12
755.0 9.297193653805608e-12
756.0 9.283201663960094e-12
757.0 9.269279905802695e-12
758.0 9.257295835226109e-12
759.0 9.245311764649522e-12
760.0 9.233327694072939e-12
761.0 9.221343623496351e-12
762.0 9.209359552919767e-12
763.0 9.19737548234318e-12
764.0 9.185391411766596e-12
765.0 9.173407341190011e-12
766.0 9.161423270613425e-12
767.0 9.149439200036842e-12
768.0 9.137455129460255e-12
769.0 9.125471058883669e-12
770.0 9.113486988307084e-12
771.0 9.1015029177305e-12
772.0 9.089518847153912e-12
773.0 9.077534776577329e-12
774.0 9.065550706000742e-12
775.0 9.053566635424158e-12
776.0 9.041582564847573e-12
777.0 9.029598494270988e-12
778.0 9.0176144236944e-12
779.0 9.005630353117816e-12
780.0 8.993646282541231e-12
781.0 8.981662211964645e-12
782.0 8.969678141388059e-12
783.0 8.957694070811476e-12
784.0 8.945710000234888e-12
785.0 8.933725929658303e-12
786.0 8.921741859081717e-12
787.0 8.909757788505134e-12
788.0 8.897773717928547e-12
789.0 8.885789647351961e-12
790.0 8.873805576775375e-12
791.0 8.86182150619879e-12
792.0 8.849837435622204e-12
793.0 8.837853365045619e-12
794.0 8.825869294469034e-12
795.0 8.813885223892448e-12
796.0 8.801901153315863e-12
797.0 8.789917082739277e-12
798.0 8.777933012162693e-12
799.0 8.765948941586106e-12
800.0 8.753964871009522e-12
801.0 8.741980800432935e-12
802.0 8.729996729856349e-12
803.0 8.718012659279763e-12
804.0 8.70602858870318e-12
805.0 8.694044518126592e-12
806.0 8.682060447550009e-12
807.0 8.670076376973422e-12
808.0 8.658092306396838e-12
809.0 8.64610823582025e-12
810.0 8.634124165243668e-12
811.0 8.622140094667079e-12
812.0 8.610156024090496e-12
813.0 8.59817195351391e-12
814.0 8.586187882937325e-12
815.0 8.574203812360739e-12
816.0 8.564412531683656e-12
817.0 8.555431691800876e-12
818.0 8.546450851918095e-12
819.0 8.537470012035312e-12
820.0 8.528489172152532e-12
821.0 8.519508332269751e-12
822.0 8.51052749238697e-12
823.0 8.501546652504188e-12
824.0 8.492565812621407e-12
825.0 8.483584972738624e-12
826.0 8.474604132855843e-12
827.0 8.465623292973061e-12
828.0 8.45664245309028e-12
829.0 8.447661613207499e-12
830.0 8.438680773324718e-12
831.0 8.429699933441936e-12
832.0 8.420719093559155e-12
833.0 8.411738253676375e-12
834.0 8.402757413793589e-12
835.0 8.39377657391081e-12
836.0 8.384795734028028e-12
837.0 8.375814894145247e-12
838.0 8.366834054262464e-12
839.0 8.357853214379684e-12
840.0 8.348872374496903e-12
841.0 8.339891534614122e-12
842.0 8.33091069473134e-12
843.0 8.321929854848559e-12
844.0 8.312949014965776e-12
845.0 8.303968175082996e-12
846.0 8.294987335200213e-12
847.0 8.286006495317432e-12
848.0 8.27702565543465e-12
849.0 8.26804481555187e-12
850.0 8.259063975669088e-12
851.0 8.250083135786308e-12
852.0 8.241102295903527e-12
853.0 8.232121456020741e-12
854.0 8.223140616137961e-12
855.0 8.21415977625518e-12
856.0 8.205178936372399e-12
857.0 8.196198096489617e-12
858.0 8.187217256606836e-12
859.0 8.178236416724055e-12
860.0 8.169255576841273e-12
861.0 8.160274736958492e-12
862.0 8.15129389707571e-12
863.0 8.142313057192928e-12
864.0 8.133332217310148e-12
865.0 8.124351377427365e-12
866.0 8.115370537544584e-12
867.0 8.106389697661803e-12
868.0 8.097408857779021e-12
869.0 8.08842801789624e-12
870.0 8.079447178013459e-12
871.0 8.070466338130676e-12
872.0 8.061485498247895e-12
873.0 8.052504658365113e-12
874.0 8.043523818482332e-12
875.0 8.034542978599549e-12
876.0 8.02556213871677e-12
877.0 8.016581298833988e-12
878.0 8.007600458951207e-12
879.0 7.999312555291289e-12
880.0 7.991073290990424e-12
881.0 7.982834026689558e-12
882.0 7.974594762388693e-12
883.0 7.966355498087827e-12
884.0 7.95811623378696e-12
885.0 7.949876969486095e-12
886.0 7.941637705185231e-12
887.0 7.933398440884364e-12
888.0 7.925159176583497e-12
889.0 7.916919912282631e-12
890.0 7.908680647981768e-12
891.0 7.900441383680902e-12
892.0 7.892202119380038e-12
893.0 7.883962855079171e-12
894.0 7.875723590778304e-12
895.0 7.867484326477439e-12
896.0 7.859245062176572e-12
897.0 7.851005797875708e-12
898.0 7.842766533574844e-12
899.0 7.834527269273977e-12
900.0 7.826288004973111e-12
901.0 7.818048740672246e-12
902.0 7.80980947637138e-12
903.0 7.801570212070513e-12
904.0 7.793330947769646e-12
905.0 7.785091683468783e-12
906.0 7.776852419167919e-12
907.0 7.768613154867053e-12
908.0 7.760373890566186e-12
909.0 7.752134626265321e-12
910.0 7.743895361964455e-12
911.0 7.73565609766359e-12
912.0 7.727416833362723e-12
913.0 7.719177569061857e-12
914.0 7.710938304760992e-12
915.0 7.702699040460128e-12
916.0 7.694459776159263e-12
917.0 7.686220511858397e-12
918.0 7.67798124755753e-12
919.0 7.669741983256665e-12
920.0 7.6615027189558e-12
921.0 7.653263454654934e-12
922.0 7.645024190354068e-12
923.0 7.636784926053201e-12
924.0 7.628545661752336e-12
925.0 7.620306397451469e-12
926.0 7.612067133150605e-12
927.0 7.603827868849741e-12
928.0 7.595588604548874e-12
929.0 7.587349340248009e-12
930.0 7.579110075947143e-12
931.0 7.570870811646276e-12
932.0 7.56263154734541e-12
933.0 7.554392283044544e-12
934.0 7.54615301874368e-12
935.0 7.537913754442813e-12
936.0 7.529674490141949e-12
937.0 7.521435225841084e-12
938.0 7.513195961540216e-12
939.0 7.504956697239353e-12
940.0 7.496717432938487e-12
941.0 7.48847816863762e-12
942.0 7.480238904336756e-12
943.0 7.47199964003589e-12
944.0 7.463760375735024e-12
945.0 7.455521111434157e-12
946.0 7.447607776578836e-12
947.0 7.440448215335128e-12
948.0 7.433288654091423e-12
949.0 7.426129092847715e-12
950.0 7.418969531604007e-12
951.0 7.411809970360301e-12
952.0 7.404650409116593e-12
953.0 7.397490847872888e-12
954.0 7.390331286629177e-12
955.0 7.383171725385474e-12
956.0 7.376012164141766e-12
957.0 7.368852602898058e-12
958.0 7.361693041654351e-12
959.0 7.354533480410643e-12
960.0 7.347373919166937e-12
961.0 7.34021435792323e-12
962.0 7.333054796679524e-12
963.0 7.325895235435816e-12
964.0 7.318735674192108e-12
965.0 7.311576112948401e-12
966.0 7.304416551704697e-12
967.0 7.297256990460987e-12
968.0 7.29009742921728e-12
969.0 7.282937867973572e-12
970.0 7.275778306729866e-12
971.0 7.268618745486159e-12
972.0 7.261459184242452e-12
973.0 7.2542996229987444e-12
974.0 7.247140061755037e-12
975.0 7.239980500511332e-12
976.0 7.232820939267622e-12
977.0 7.225661378023916e-12
978.0 7.21850181678021e-12
979.0 7.2113422555365035e-12
980.0 7.204182694292796e-12
981.0 7.1970231330490875e-12
982.0 7.18986357180538e-12
983.0 7.182704010561675e-12
984.0 7.1755444493179675e-12
985.0 7.16838488807426e-12
986.0 7.161225326830553e-12
987.0 7.154065765586846e-12
988.0 7.1469062043431386e-12
989.0 7.139746643099433e-12
990.0 7.132587081855725e-12
991.0 7.125427520612018e-12
992.0 7.118267959368312e-12
993.0 7.111108398124603e-12
994.0 7.103948836880898e-12
995.0 7.0967892756371905e-12
996.0 7.089629714393482e-12
997.0 7.0824701531497744e-12
998.0 7.075310591906069e-12
999.0 7.068151030662362e-12
1000.0 7.0609914694186536e-12
1001.0 7.053831908174948e-12
1002.0 7.046672346931241e-12
1003.0 7.0395127856875335e-12
1004.0 7.032353224443826e-12
1005.0 7.025193663200119e-12
1006.0 7.018034101956412e-12
1007.0 7.010874540712705e-12
1008.0 7.0037149794689974e-12
1009.0 6.99655541822529e-12
1010.0 6.989395856981583e-12
1011.0 6.982236295737877e-12
1012.0 6.975076734494169e-12
1013.0 6.967917173250464e-12
1014.0 6.9607576120067566e-12
1015.0 6.953598050763049e-12
1016.0 6.9464384895193405e-12
1017.0 6.939278928275633e-12
1018.0 6.932119367031928e-12
1019.0 6.925655519507393e-12
1020.0 6.920008487062709e-12
1021.0 6.9143614546180234e-12
1022.0 6.9087144221733385e-12
1023.0 6.903067389728653e-12
1024.0 6.897420357283969e-12
1025.0 6.891773324839285e-12
1026.0 6.886126292394599e-12
1027.0 6.880479259949914e-12
1028.0 6.8748322275052285e-12
1029.0 6.8691851950605445e-12
1030.0 6.863538162615859e-12
1031.0 6.857891130171173e-12
1032.0 6.852244097726488e-12
1033.0 6.8465970652818026e-12
1034.0 6.8409500328371185e-12
1035.0 6.835303000392433e-12
1036.0 6.829655967947749e-12
1037.0 6.824008935503062e-12
1038.0 6.818361903058378e-12
1039.0 6.8127148706136926e-12
1040.0 6.8070678381690085e-12
1041.0 6.801420805724322e-12
1042.0 6.795773773279638e-12
1043.0 6.790126740834952e-12
1044.0 6.784479708390268e-12
1045.0 6.7788326759455826e-12
1046.0 6.773185643500897e-12
1047.0 6.767538611056214e-12
1048.0 6.761891578611528e-12
1049.0 6.756244546166842e-12
1050.0 6.750597513722157e-12
1051.0 6.7449504812774726e-12
1052.0 6.739303448832788e-12
1053.0 6.733656416388102e-12
1054.0 6.728009383943418e-12
1055.0 6.722362351498732e-12
1056.0 6.716715319054048e-12
1057.0 6.711068286609363e-12
1058.0 6.705421254164678e-12
1059.0 6.699774221719992e-12
1060.0 6.694127189275308e-12
1061.0 6.688480156830622e-12
1062.0 6.6828331243859374e-12
1063.0 6.677186091941253e-12
1064.0 6.671539059496568e-12
1065.0 6.665892027051882e-12
1066.0 6.660244994607196e-12
1067.0 6.654597962162512e-12
1068.0 6.6489509297178274e-12
1069.0 6.643303897273143e-12
1070.0 6.637656864828456e-12
1071.0 6.632009832383772e-12
1072.0 6.626362799939088e-12
1073.0 6.620715767494403e-12
1074.0 6.6150687350497174e-12
1075.0 6.609421702605032e-12
1076.0 6.603774670160348e-12
1077.0 6.598127637715662e-12
1078.0 6.592480605270977e-12
1079.0 6.5868335728262915e-12
1080.0 6.5811865403816074e-12
1081.0 6.575539507936923e-12
1082.0 6.569892475492238e-12
1083.0 6.564245443047551e-12
1084.0 6.5585984106028655e-12
1085.0 6.5529513781581815e-12
1086.0 6.547304345713497e-12
1087.0 6.541657313268812e-12
1088.0 6.536010280824126e-12
1089.0 6.530363248379441e-12
1090.0 6.5247162159347555e-12
1091.0 6.519069183490072e-12
1092.0 6.5134221510453874e-12
1093.0 6.507775118600702e-12
1094.0 6.502128086156017e-12
1095.0 6.496481053711331e-12
1096.0 6.490834021266646e-12
1097.0 6.4851899163102525e-12
1098.0 6.479935535563634e-12
1099.0 6.474681154817014e-12
1100.0 6.469426774070398e-12
1101.0 6.4641723933237785e-12
1102.0 6.45891801257716e-12
1103.0 6.453663631830541e-12
1104.0 6.448409251083923e-12
1105.0 6.4431548703373045e-12
1106.0 6.437900489590687e-12
1107.0 6.432646108844067e-12
1108.0 6.42739172809745e-12
1109.0 6.422137347350831e-12
1110.0 6.416882966604212e-12
1111.0 6.411628585857593e-12
1112.0 6.406374205110975e-12
1113.0 6.4011198243643565e-12
1114.0 6.3958654436177374e-12
1115.0 6.390611062871119e-12
1116.0 6.385356682124501e-12
1117.0 6.380102301377883e-12
1118.0 6.3748479206312634e-12
1119.0 6.369593539884644e-12
1120.0 6.364339159138027e-12
1121.0 6.359084778391409e-12
1122.0 6.353830397644789e-12
1123.0 6.348576016898171e-12
1124.0 6.343321636151553e-12
1125.0 6.338067255404935e-12
1126.0 6.3328128746583154e-12
1127.0 6.327558493911698e-12
1128.0 6.322304113165079e-12
1129.0 6.3170497324184605e-12
1130.0 6.3117953516718414e-12
1131.0 6.306540970925223e-12
1132.0 6.301286590178606e-12
1133.0 6.296032209431986e-12
1134.0 6.290777828685368e-12
1135.0 6.285523447938748e-12
1136.0 6.280269067192131e-12
1137.0 6.2750146864455126e-12
1138.0 6.2697603056988935e-12
1139.0 6.264505924952275e-12
1140.0 6.259251544205658e-12
1141.0 6.2539971634590386e-12
1142.0 6.24874278271242e-12
1143.0 6.2434884019658e-12
1144.0 6.238234021219183e-12
1145.0 6.2329796404725646e-12
1146.0 6.2277252597259455e-12
1147.0 6.222470878979327e-12
1148.0 6.21721649823271e-12
1149.0 6.2119621174860906e-12
1150.0 6.206707736739472e-12
1151.0 6.201453355992852e-12
1152.0 6.196198975246235e-12
1153.0 6.190944594499617e-12
1154.0 6.1856902137529975e-12
1155.0 6.180435833006379e-12
1156.0 6.175181452259762e-12
1157.0 6.169927071513144e-12
1158.0 6.164672690766524e-12
1159.0 6.159418310019905e-12
1160.0 6.154163929273287e-12
1161.0 6.148909548526669e-12
1162.0 6.1436551677800495e-12
1163.0 6.138400787033432e-12
1164.0 6.133146406286812e-12
1165.0 6.1278920255401946e-12
1166.0 6.122637644793576e-12
1167.0 6.117383264046957e-12
1168.0 6.112128883300339e-12
1169.0 6.1068745025537214e-12
1170.0 6.1016201218071015e-12
1171.0 6.096365741060482e-12
1172.0 6.091111360313866e-12
1173.0 6.085856979567246e-12
1174.0 6.080602598820628e-12
1175.0 6.075348218074008e-12
1176.0 6.070093837327392e-12
1177.0 6.064839456580773e-12
1178.0 6.0595850758341535e-12
1179.0 6.054330695087535e-12
1180.0 6.0490763143409185e-12
1181.0 6.043821933594298e-12
1182.0 6.038868048659434e-12
1183.0 6.03420036686606e-12
1184.0 6.029532685072687e-12
1185.0 6.024865003279313e-12
1186.0 6.02019732148594e-12
1187.0 6.015529639692566e-12
1188.0 6.010861957899192e-12
1189.0 6.0061942761058184e-12
1190.0 6.001526594312445e-12
1191.0 5.996858912519072e-12
1192.0 5.992191230725699e-12
1193.0 5.987523548932326e-12
1194.0 5.982855867138953e-12
1195.0 5.978188185345577e-12
1196.0 5.973520503552205e-12
1197.0 5.968852821758832e-12
1198.0 5.964185139965458e-12
1199.0 5.959517458172085e-12
1200.0 5.9548497763787115e-12
1201.0 5.950182094585338e-12
1202.0 5.9455144127919636e-12
1203.0 5.9408467309985904e-12
1204.0 5.936179049205217e-12
1205.0 5.931511367411843e-12
1206.0 5.92684368561847e-12
1207.0 5.922176003825098e-12
1208.0 5.917508322031722e-12
1209.0 5.912840640238349e-12
1210.0 5.908172958444976e-12
1211.0 5.903505276651603e-12
1212.0 5.8988375948582305e-12
1213.0 5.8941699130648566e-12
1214.0 5.889502231271483e-12
1215.0 5.884834549478108e-12
1216.0 5.880166867684736e-12
1217.0 5.875499185891362e-12
1218.0 5.870831504097989e-12
1219.0 5.866163822304615e-12
1220.0 5.861496140511242e-12
1221.0 5.8568284587178674e-12
1222.0 5.852160776924495e-12
1223.0 5.847493095131121e-12
1224.0 5.842825413337747e-12
1225.0 5.838157731544375e-12
1226.0 5.833490049751001e-12
1227.0 5.828822367957628e-12
1228.0 5.824154686164255e-12
1229.0 5.8194870043708815e-12
1230.0 5.814819322577508e-12
1231.0 5.8101516407841336e-12
1232.0 5.80548395899076e-12
1233.0 5.8008162771973865e-12
1234.0 5.796148595404013e-12
1235.0 5.79148091361064e-12
1236.0 5.786813231817267e-12
1237.0 5.782145550023892e-12
1238.0 5.777477868230518e-12
1239.0 5.772810186437146e-12
1240.0 5.768142504643773e-12
1241.0 5.763474822850399e-12
1242.0 5.758807141057027e-12
1243.0 5.754139459263653e-12
1244.0 5.749471777470278e-12
1245.0 5.744804095676905e-12
1246.0 5.7401364138835324e-12
1247.0 5.735468732090159e-12
1248.0 5.730801050296785e-12
1249.0 5.7261333685034114e-12
1250.0 5.721465686710037e-12
1251.0 5.716798004916664e-12
1252.0 5.712130323123291e-12
1253.0 5.707462641329918e-12
1254.0 5.702794959536544e-12
1255.0 5.698127277743171e-12
1256.0 5.693459595949798e-12
1257.0 5.688791914156424e-12
1258.0 5.68412423236305e-12
1259.0 5.679456550569678e-12
1260.0 5.674788868776304e-12
1261.0 5.67012118698293e-12
1262.0 5.6654535051895565e-12
1263.0 5.660785823396183e-12
1264.0 5.65611814160281e-12
1265.0 5.651450459809437e-12
1266.0 5.646782778016062e-12
1267.0 5.6421150962226884e-12
1268.0 5.637447414429315e-12
1269.0 5.632779732635942e-12
1270.0 5.628112050842569e-12
1271.0 5.623444369049196e-12
1272.0 5.618776687255823e-12
1273.0 5.614525023253374e-12
1274.0 5.610675145211918e-12
1275.0 5.6068252671704624e-12
1276.0 5.602975389129009e-12
1277.0 5.5991255110875536e-12
1278.0 5.595275633046098e-12
1279.0 5.591425755004644e-12
1280.0 5.5875758769631895e-12
1281.0 5.5837259989217335e-12
1282.0 5.579876120880281e-12
1283.0 5.5760262428388255e-12
1284.0 5.57217636479737e-12
1285.0 5.568326486755915e-12
1286.0 5.564476608714461e-12
1287.0 5.560626730673005e-12
1288.0 5.556776852631551e-12
1289.0 5.5529269745900966e-12
1290.0 5.549077096548641e-12
1291.0 5.545227218507187e-12
1292.0 5.541377340465732e-12
1293.0 5.537527462424277e-12
1294.0 5.533677584382823e-12
1295.0 5.5298277063413685e-12
1296.0 5.525977828299913e-12
1297.0 5.522127950258458e-12
1298.0 5.518278072217003e-12
1299.0 5.5144281941755484e-12
1300.0 5.510578316134093e-12
1301.0 5.506728438092639e-12
1302.0 5.5028785600511835e-12
1303.0 5.499028682009729e-12
1304.0 5.495178803968273e-12
1305.0 5.49132892592682e-12
1306.0 5.4874790478853635e-12
1307.0 5.483629169843911e-12
1308.0 5.479779291802455e-12
1309.0 5.475929413761e-12
1310.0 5.472079535719546e-12
1311.0 5.4682296576780906e-12
1312.0 5.464379779636636e-12
1313.0 5.460529901595182e-12
1314.0 5.456680023553727e-12
1315.0 5.452830145512271e-12
1316.0 5.448980267470817e-12
1317.0 5.4451303894293625e-12
1318.0 5.441280511387907e-12
1319.0 5.437430633346452e-12
1320.0 5.433580755304998e-12
1321.0 5.4297308772635424e-12
1322.0 5.425880999222088e-12
1323.0 5.422031121180633e-12
1324.0 5.418181243139178e-12
1325.0 5.414331365097722e-12
1326.0 5.410481487056269e-12
1327.0 5.4066316090148135e-12
1328.0 5.402781730973358e-12
1329.0 5.398931852931903e-12
1330.0 5.3950819748904495e-12
1331.0 5.391232096848995e-12
1332.0 5.38738221880754e-12
1333.0 5.383532340766085e-12
1334.0 5.37968246272463e-12
1335.0 5.375832584683176e-12
1336.0 5.3719827066417206e-12
1337.0 5.368132828600267e-12
1338.0 5.364282950558812e-12
1339.0 5.3604330725173565e-12
1340.0 5.356583194475901e-12
1341.0 5.352733316434448e-12
1342.0 5.348883438392992e-12
1343.0 5.345033560351537e-12
1344.0 5.341183682310082e-12
1345.0 5.3373338042686276e-12
1346.0 5.333483926227172e-12
1347.0 5.329634048185718e-12
1348.0 5.325784170144263e-12
1349.0 5.321934292102809e-12
1350.0 5.318084414061353e-12
1351.0 5.314234536019898e-12
1352.0 5.3103846579784435e-12
1353.0 5.306534779936988e-12
1354.0 5.302684901895535e-12
1355.0 5.29883502385408e-12
1356.0 5.294985145812625e-12
1357.0 5.29113526777117e-12
1358.0 5.287285389729715e-12
1359.0 5.283435511688259e-12
1360.0 5.2795856336468065e-12
1361.0 5.275735755605352e-12
1362.0 5.271885877563897e-12
1363.0 5.268035999522441e-12
1364.0 5.2641861214809865e-12
1365.0 5.260336243439531e-12
1366.0 5.256486365398077e-12
1367.0 5.2526364873566224e-12
1368.0 5.248786609315167e-12
1369.0 5.244936731273713e-12
1370.0 5.241086853232258e-12
1371.0 5.237369873559781e-12
1372.0 5.233788083511171e-12
1373.0 5.2302062934625635e-12
1374.0 5.226624503413954e-12
1375.0 5.223042713365345e-12
1376.0 5.2194609233167365e-12
1377.0 5.2158791332681275e-12
1378.0 5.21229734321952e-12
1379.0 5.208715553170909e-12
1380.0 5.205133763122301e-12
1381.0 5.2015519730736916e-12
1382.0 5.1979701830250826e-12
1383.0 5.1943883929764736e-12
1384.0 5.1908066029278646e-12
1385.0 5.187224812879257e-12
1386.0 5.183643022830648e-12
1387.0 5.180061232782039e-12
1388.0 5.1764794427334294e-12
1389.0 5.172897652684822e-12
1390.0 5.169315862636213e-12
1391.0 5.165734072587603e-12
1392.0 5.162152282538995e-12
1393.0 5.158570492490387e-12
1394.0 5.154988702441778e-12
1395.0 5.151406912393169e-12
1396.0 5.147825122344559e-12
1397.0 5.1442433322959525e-12
1398.0 5.140661542247343e-12
1399.0 5.137079752198734e-12
1400.0 5.133497962150125e-12
1401.0 5.1299161721015166e-12
1402.0 5.126334382052908e-12
1403.0 5.1227525920042986e-12
1404.0 5.1191708019556896e-12
1405.0 5.115589011907081e-12
1406.0 5.1120072218584716e-12
1407.0 5.108425431809864e-12
1408.0 5.1048436417612544e-12
1409.0 5.101261851712646e-12
1410.0 5.097680061664037e-12
1411.0 5.0940982716154274e-12
1412.0 5.0905164815668184e-12
1413.0 5.086934691518211e-12
1414.0 5.083352901469602e-12
1415.0 5.079771111420993e-12
1416.0 5.076189321372384e-12
1417.0 5.072607531323777e-12
1418.0 5.069025741275167e-12
1419.0 5.065443951226559e-12
1420.0 5.0618621611779505e-12
1421.0 5.058280371129341e-12
1422.0 5.054698581080732e-12
1423.0 5.051116791032123e-12
1424.0 5.0475350009835146e-12
1425.0 5.043953210934905e-12
1426.0 5.0403714208862966e-12
1427.0 5.0367896308376884e-12
1428.0 5.03320784078908e-12
1429.0 5.029626050740471e-12
1430.0 5.02604426069186e-12
1431.0 5.022462470643253e-12
1432.0 5.0188806805946434e-12
1433.0 5.0152988905460345e-12
1434.0 5.011717100497426e-12
1435.0 5.0081353104488165e-12
1436.0 5.004553520400209e-12
1437.0 5.000971730351599e-12
1438.0 4.997389940302991e-12
1439.0 4.993808150254382e-12
1440.0 4.990226360205773e-12
1441.0 4.986644570157165e-12
1442.0 4.983062780108557e-12
1443.0 4.979480990059948e-12
1444.0 4.975899200011339e-12
1445.0 4.9723174099627306e-12
1446.0 4.9687356199141216e-12
1447.0 4.965153829865512e-12
1448.0 4.961572039816904e-12
1449.0 4.957990249768295e-12
1450.0 4.9544084597196864e-12
1451.0 4.9508266696710774e-12
1452.0 4.9472448796224684e-12
1453.0 4.94366308957386e-12
1454.0 4.94008129952525e-12
1455.0 4.9364995094766415e-12
1456.0 4.932917719428033e-12
1457.0 4.9293359293794235e-12
1458.0 4.925754139330815e-12
1459.0 4.922172349282207e-12
1460.0 4.918590559233598e-12
1461.0 4.915008769184988e-12
1462.0 4.911426979136379e-12
1463.0 4.907845189087772e-12
1464.0 4.904263399039163e-12
1465.0 4.900681608990554e-12
1466.0 4.897099818941945e-12
1467.0 4.893518028893337e-12
1468.0 4.889936238844729e-12
1469.0 4.886354448796119e-12
1470.0 4.88277265874751e-12
1471.0 4.8791908686989024e-12
1472.0 4.875609078650293e-12
1473.0 4.872027288601684e-12
1474.0 4.868445498553075e-12
1475.0 4.864863708504467e-12
1476.0 4.8612819184558575e-12
1477.0 4.858003443852629e-12
1478.0 4.854746627386537e-12
1479.0 4.8514898109204435e-12
1480.0 4.848232994454352e-12
1481.0 4.844976177988259e-12
1482.0 4.841719361522166e-12
1483.0 4.8384625450560746e-12
1484.0 4.835205728589981e-12
1485.0 4.831948912123889e-12
1486.0 4.828692095657797e-12
1487.0 4.825435279191704e-12
1488.0 4.822178462725612e-12
1489.0 4.8189216462595195e-12
1490.0 4.815664829793427e-12
1491.0 4.812408013327334e-12
1492.0 4.8091511968612424e-12
1493.0 4.80589438039515e-12
1494.0 4.802637563929056e-12
1495.0 4.7993807474629645e-12
1496.0 4.796123930996872e-12
1497.0 4.792867114530778e-12
1498.0 4.7896102980646866e-12
1499.0 4.786353481598595e-12
1500.0 4.783096665132502e-12
1501.0 4.779839848666409e-12
1502.0 4.776583032200317e-12
1503.0 4.773326215734224e-12
1504.0 4.770069399268132e-12
1505.0 4.76681258280204e-12
1506.0 4.763555766335948e-12
1507.0 4.7602989498698536e-12
1508.0 4.757042133403763e-12
1509.0 4.75378531693767e-12
1510.0 4.750528500471577e-12
1511.0 4.7472716840054854e-12
1512.0 4.744014867539392e-12
1513.0 4.7407580510733e-12
1514.0 4.7375012346072075e-12
1515.0 4.734244418141115e-12
1516.0 4.730987601675021e-12
1517.0 4.7277307852089296e-12
1518.0 4.724473968742838e-12
1519.0 4.721217152276745e-12
1520.0 4.717960335810652e-12
1521.0 4.71470351934456e-12
1522.0 4.711446702878466e-12
1523.0 4.708189886412375e-12
1524.0 4.704933069946283e-12
1525.0 4.701676253480191e-12
1526.0 4.6984194370140966e-12
1527.0 4.695162620548005e-12
1528.0 4.691905804081913e-12
1529.0 4.68864898761582e-12
1530.0 4.6853921711497284e-12
1531.0 4.682135354683635e-12
1532.0 4.6788785382175415e-12
1533.0 4.6756217217514505e-12
1534.0 4.672364905285359e-12
1535.0 4.669108088819265e-12
1536.0 4.6658512723531726e-12
1537.0 4.662594455887081e-12
1538.0 4.659337639420988e-12
1539.0 4.656080822954896e-12
1540.0 4.652824006488803e-12
1541.0 4.64956719002271e-12
1542.0 4.646310373556617e-12
1543.0 4.643053557090526e-12
1544.0 4.639796740624434e-12
1545.0 4.6365399241583404e-12
1546.0 4.633283107692248e-12
1547.0 4.630026291226155e-12
1548.0 4.626769474760063e-12
1549.0 4.6235126582939714e-12
1550.0 4.620255841827878e-12
1551.0 4.6169990253617845e-12
1552.0 4.6137422088956935e-12
1553.0 4.610485392429602e-12
1554.0 4.607228575963508e-12
1555.0 4.6039717594974156e-12
1556.0 4.600714943031324e-12
1557.0 4.59745812656523e-12
1558.0 4.594201310099139e-12
1559.0 4.590944493633046e-12
1560.0 4.587687677166953e-12
1561.0 4.5844308607008605e-12
1562.0 4.581174044234769e-12
1563.0 4.577917227768676e-12
1564.0 4.5746604113025834e-12
1565.0 4.5714035948364916e-12
1566.0 4.568146778370399e-12
1567.0 4.5648899619043055e-12
1568.0 4.561633145438214e-12
1569.0 4.558376328972121e-12
1570.0 4.555119512506028e-12
1571.0 4.5518626960399365e-12
1572.0 4.548605879573843e-12
1573.0 4.545349063107751e-12
1574.0 4.542092246641659e-12
1575.0 4.538835430175567e-12
1576.0 4.5355786137094725e-12
1577.0 4.532321797243381e-12
1578.0 4.529064980777289e-12
1579.0 4.525808164311196e-12
1580.0 4.5225513478451035e-12
1581.0 4.519294531379012e-12
1582.0 4.5160377149129175e-12
1583.0 4.512780898446826e-12
1584.0 4.509524081980733e-12
1585.0 4.506267265514642e-12
1586.0 4.5030104490485485e-12
1587.0 4.499753632582457e-12
1588.0 4.496496816116363e-12
1589.0 4.493239999650272e-12
1590.0 4.490099550301808e-12
1591.0 4.487327404378719e-12
1592.0 4.484555258455629e-12
1593.0 4.48178311253254e-12
1594.0 4.479010966609449e-12
1595.0 4.476238820686359e-12
1596.0 4.4734666747632684e-12
1597.0 4.4706945288401775e-12
1598.0 4.467922382917088e-12
1599.0 4.465150236993998e-12
1600.0 4.462378091070908e-12
1601.0 4.459605945147819e-12
1602.0 4.4568337992247285e-12
1603.0 4.4540616533016375e-12
1604.0 4.451289507378547e-12
1605.0 4.448517361455457e-12
1606.0 4.445745215532367e-12
1607.0 4.442973069609278e-12
1608.0 4.440200923686186e-12
1609.0 4.437428777763097e-12
1610.0 4.434656631840007e-12
1611.0 4.431884485916917e-12
1612.0 4.429112339993826e-12
1613.0 4.426340194070736e-12
1614.0 4.423568048147646e-12
1615.0 4.420795902224557e-12
1616.0 4.418023756301466e-12
1617.0 4.415251610378376e-12
1618.0 4.412479464455286e-12
1619.0 4.409707318532196e-12
1620.0 4.406935172609105e-12
1621.0 4.404163026686015e-12
1622.0 4.401390880762924e-12
1623.0 4.398618734839836e-12
1624.0 4.3958465889167465e-12
1625.0 4.393074442993656e-12
1626.0 4.390302297070565e-12
1627.0 4.387530151147475e-12
1628.0 4.384758005224385e-12
1629.0 4.381985859301295e-12
1630.0 4.379213713378205e-12
1631.0 4.376441567455115e-12
1632.0 4.373669421532025e-12
1633.0 4.370897275608935e-12
1634.0 4.3681251296858436e-12
1635.0 4.365352983762754e-12
1636.0 4.362580837839663e-12
1637.0 4.359808691916574e-12
1638.0 4.357036545993484e-12
1639.0 4.354264400070394e-12
1640.0 4.351492254147304e-12
1641.0 4.3487201082242135e-12
1642.0 4.345947962301123e-12
1643.0 4.343175816378033e-12
1644.0 4.340403670454943e-12
1645.0 4.337631524531853e-12
1646.0 4.334859378608763e-12
1647.0 4.3320872326856735e-12
1648.0 4.329315086762583e-12
1649.0 4.3265429408394925e-12
1650.0 4.3237707949164015e-12
1651.0 4.320998648993312e-12
1652.0 4.318226503070222e-12
1653.0 4.315454357147132e-12
1654.0 4.312682211224042e-12
1655.0 4.309910065300952e-12
1656.0 4.3071379193778616e-12
1657.0 4.3043657734547714e-12
1658.0 4.301593627531681e-12
1659.0 4.298821481608592e-12
1660.0 4.296049335685502e-12
1661.0 4.2932771897624125e-12
1662.0 4.2905050438393224e-12
1663.0 4.2877328979162315e-12
1664.0 4.284960751993141e-12
1665.0 4.282188606070051e-12
1666.0 4.279416460146962e-12
1667.0 4.276644314223871e-12
1668.0 4.273872168300781e-12
1669.0 4.2711000223776915e-12
1670.0 4.2683278764546006e-12
1671.0 4.2655557305315104e-12
1672.0 4.26278358460842e-12
1673.0 4.26001143868533e-12
1674.0 4.25723929276224e-12
1675.0 4.25446714683915e-12
1676.0 4.251695000916061e-12
1677.0 4.24892285499297e-12
1678.0 4.2461507090698795e-12
1679.0 4.243378563146789e-12
1680.0 4.2406064172236985e-12
1681.0 4.237834271300609e-12
1682.0 4.235062125377518e-12
1683.0 4.232289979454429e-12
1684.0 4.229517833531339e-12
1685.0 4.226745687608249e-12
1686.0 4.2239735416851585e-12
1687.0 4.221201395762068e-12
1688.0 4.218429249838978e-12
1689.0 4.215657103915888e-12
1690.0 4.212884957992799e-12
1691.0 4.210112812069708e-12
1692.0 4.207340666146618e-12
1693.0 4.2045685202235284e-12
1694.0 4.201796374300438e-12
1695.0 4.199024228377348e-12
1696.0 4.196252082454258e-12
1697.0 4.193479936531168e-12
1698.0 4.190707790608079e-12
1699.0 4.1879356446849885e-12
1700.0 4.1851634987618975e-12
1701.0 4.182391352838808e-12
1702.0 4.1796192069157165e-12
1703.0 4.176847060992627e-12
1704.0 4.174074915069537e-12
1705.0 4.171302769146447e-12
1706.0 4.168530623223357e-12
1707.0 4.1657584773002674e-12
1708.0 4.162986331377177e-12
1709.0 4.160214185454086e-12
1710.0 4.157442039530996e-12
1711.0 4.154669893607906e-12
1712.0 4.151897747684817e-12
1713.0 4.149329213355002e-12
1714.0 4.146814910410242e-12
1715.0 4.144300607465483e-12
1716.0 4.141786304520723e-12
1717.0 4.1392720015759636e-12
1718.0 4.136757698631204e-12
1719.0 4.134243395686445e-12
1720.0 4.131729092741685e-12
1721.0 4.1292147897969245e-12
1722.0 4.126700486852165e-12
1723.0 4.1241861839074046e-12
1724.0 4.121671880962647e-12
1725.0 4.119157578017886e-12
1726.0 4.116643275073127e-12
1727.0 4.114128972128367e-12
1728.0 4.111614669183608e-12
1729.0 4.109100366238848e-12
1730.0 4.106586063294088e-12
1731.0 4.104071760349328e-12
1732.0 4.101557457404569e-12
1733.0 4.099043154459808e-12
1734.0 4.0965288515150494e-12
1735.0 4.09401454857029e-12
1736.0 4.09150024562553e-12
1737.0 4.0889859426807715e-12
1738.0 4.086471639736011e-12
1739.0 4.083957336791251e-12
1740.0 4.081443033846491e-12
1741.0 4.078928730901732e-12
1742.0 4.076414427956971e-12
1743.0 4.0739001250122125e-12
1744.0 4.071385822067454e-12
1745.0 4.068871519122693e-12
1746.0 4.066357216177934e-12
1747.0 4.0638429132331735e-12
1748.0 4.061328610288414e-12
1749.0 4.0588143073436535e-12
1750.0 4.056300004398895e-12
1751.0 4.0537857014541344e-12
1752.0 4.0512713985093765e-12
1753.0 4.048757095564616e-12
1754.0 4.046242792619857e-12
1755.0 4.043728489675096e-12
1756.0 4.041214186730337e-12
1757.0 4.038699883785577e-12
1758.0 4.0361855808408175e-12
1759.0 4.033671277896058e-12
1760.0 4.031156974951298e-12
1761.0 4.028642672006539e-12
1762.0 4.026128369061779e-12
1763.0 4.02361406611702e-12
1764.0 4.021099763172259e-12
1765.0 4.0185854602275005e-12
1766.0 4.01607115728274e-12
1767.0 4.0135568543379814e-12
1768.0 4.011042551393221e-12
1769.0 4.0085282484484615e-12
1770.0 4.006013945503702e-12
1771.0 4.0034996425589416e-12
1772.0 4.000985339614183e-12
1773.0 3.998471036669423e-12
1774.0 3.995956733724664e-12
1775.0 3.993442430779903e-12
1776.0 3.990928127835144e-12
1777.0 3.988413824890383e-12
1778.0 3.985899521945625e-12
1779.0 3.983385219000865e-12
1780.0 3.9808709160561055e-12
1781.0 3.978356613111346e-12
1782.0 3.9758423101665856e-12
1783.0 3.973328007221826e-12
1784.0 3.970813704277066e-12
1785.0 3.968299401332306e-12
1786.0 3.9657850983875465e-12
1787.0 3.9632707954427886e-12
1788.0 3.960756492498028e-12
1789.0 3.958242189553269e-12
1790.0 3.955727886608508e-12
1791.0 3.953213583663749e-12
1792.0 3.950699280718989e-12
1793.0 3.9481849777742296e-12
1794.0 3.94567067482947e-12
1795.0 3.9431563718847104e-12
1796.0 3.940642068939952e-12
1797.0 3.938127765995191e-12
1798.0 3.935613463050432e-12
1799.0 3.933099160105671e-12
1800.0 3.930584857160913e-12
1801.0 3.9280705542161515e-12
1802.0 3.925556251271393e-12
1803.0 3.923041948326633e-12
1804.0 3.9205276453818736e-12
1805.0 3.918013342437114e-12
1806.0 3.915499039492354e-12
1807.0 3.912984736547595e-12
1808.0 3.910470433602835e-12
1809.0 3.907956130658075e-12
1810.0 3.9054418277133146e-12
1811.0 3.902927524768556e-12
1812.0 3.900413221823796e-12
1813.0 3.8978989188790375e-12
1814.0 3.895384615934277e-12
1815.0 3.8928703129895176e-12
1816.0 3.890356010044758e-12
1817.0 3.887841707099999e-12
1818.0 3.885327404155238e-12
1819.0 3.882813101210479e-12
1820.0 3.880298798265718e-12
1821.0 3.877784495320959e-12
1822.0 3.875270192376201e-12
1823.0 3.87275588943144e-12
1824.0 3.870241586486681e-12
1825.0 3.867727283541921e-12
1826.0 3.8652129805971616e-12
1827.0 3.862698677652401e-12
1828.0 3.860184374707642e-12
1829.0 3.857670071762882e-12
1830.0 3.8551557688181225e-12
1831.0 3.852641465873364e-12
1832.0 3.8501271629286026e-12
1833.0 3.847612859983844e-12
1834.0 3.845098557039084e-12
1835.0 3.8425842540943255e-12
1836.0 3.8400699511495635e-12
1837.0 3.837555648204805e-12
1838.0 3.835041345260045e-12
1839.0 3.8325270423152865e-12
1840.0 3.830012739370526e-12
1841.0 3.827498436425767e-12
1842.0 3.824984133481007e-12
1843.0 3.822469830536248e-12
1844.0 3.819955527591489e-12
1845.0 3.8176356648198016e-12
1846.0 3.815335604300409e-12
1847.0 3.8130355437810166e-12
1848.0 3.810735483261625e-12
1849.0 3.808435422742233e-12
1850.0 3.806135362222842e-12
1851.0 3.803835301703449e-12
1852.0 3.8015352411840585e-12
1853.0 3.799235180664666e-12
1854.0 3.7969351201452735e-12
1855.0 3.7946350596258814e-12
1856.0 3.79233499910649e-12
1857.0 3.790034938587098e-12
1858.0 3.787734878067706e-12
1859.0 3.785434817548314e-12
1860.0 3.7831347570289234e-12
1861.0 3.7808346965095305e-12
1862.0 3.778534635990138e-12
1863.0 3.7762345754707455e-12
1864.0 3.773934514951355e-12
1865.0 3.771634454431963e-12
1866.0 3.769334393912572e-12
1867.0 3.767034333393179e-12
1868.0 3.764734272873788e-12
1869.0 3.762434212354395e-12
1870.0 3.760134151835003e-12
1871.0 3.757834091315611e-12
1872.0 3.75553403079622e-12
1873.0 3.753233970276828e-12
1874.0 3.750933909757436e-12
1875.0 3.7486338492380444e-12
1876.0 3.746333788718652e-12
1877.0 3.74403372819926e-12
1878.0 3.741733667679868e-12
1879.0 3.739433607160476e-12
1880.0 3.737133546641085e-12
1881.0 3.7348334861216935e-12
1882.0 3.7325334256023006e-12
1883.0 3.7302333650829085e-12
1884.0 3.727933304563517e-12
1885.0 3.725633244044125e-12
1886.0 3.723333183524733e-12
1887.0 3.721033123005342e-12
1888.0 3.7187330624859504e-12
1889.0 3.7164330019665575e-12
1890.0 3.7141329414471655e-12
1891.0 3.7118328809277726e-12
1892.0 3.709532820408381e-12
1893.0 3.707232759888991e-12
1894.0 3.704932699369599e-12
1895.0 3.702632638850206e-12
1896.0 3.700332578330814e-12
1897.0 3.6980325178114224e-12
1898.0 3.6957324572920295e-12
1899.0 3.693432396772638e-12
1900.0 3.691132336253246e-12
1901.0 3.688832275733855e-12
1902.0 3.6865322152144636e-12
1903.0 3.6842321546950715e-12
1904.0 3.681932094175679e-12
1905.0 3.679632033656287e-12
1906.0 3.677331973136895e-12
1907.0 3.675031912617503e-12
1908.0 3.672731852098111e-12
1909.0 3.67043179157872e-12
1910.0 3.668131731059328e-12
1911.0 3.665831670539936e-12
1912.0 3.663531610020544e-12
1913.0 3.661231549501152e-12
1914.0 3.65893148898176e-12
1915.0 3.656631428462368e-12
1916.0 3.654331367942976e-12
1917.0 3.6520313074235846e-12
1918.0 3.6497312469041925e-12
1919.0 3.6474311863848004e-12
1920.0 3.645131125865408e-12
1921.0 3.642831065346017e-12
1922.0 3.640531004826625e-12
1923.0 3.638230944307233e-12
1924.0 3.6359308837878416e-12
1925.0 3.633630823268449e-12
1926.0 3.6313307627490578e-12
1927.0 3.629030702229665e-12
1928.0 3.6267306417102736e-12
1929.0 3.6244305811908815e-12
1930.0 3.6221305206714902e-12
1931.0 3.6198304601520977e-12
1932.0 3.6175303996327064e-12
1933.0 3.6152303391133135e-12
1934.0 3.612930278593922e-12
1935.0 3.6106302180745297e-12
1936.0 3.6083301575551385e-12
1937.0 3.6060300970357456e-12
1938.0 3.6037300365163543e-12
1939.0 3.6014299759969626e-12
1940.0 3.5991299154775713e-12
1941.0 3.5968298549581784e-12
1942.0 3.594529794438787e-12
1943.0 3.5922297339193954e-12
1944.0 3.5899296734000033e-12
1945.0 3.5876296128806112e-12
1946.0 3.58532955236122e-12
1947.0 3.583029491841828e-12
1948.0 3.580729431322436e-12
1949.0 3.578429370803044e-12
1950.0 3.576129310283652e-12
1951.0 3.57382924976426e-12
1952.0 3.571529189244868e-12
1953.0 3.569229128725476e-12
1954.0 3.566929068206085e-12
1955.0 3.564629007686692e-12
1956.0 3.5623289471673002e-12
1957.0 3.560028886647908e-12
1958.0 3.557728826128517e-12
1959.0 3.5554287656091248e-12
1960.0 3.5531287050897327e-12
1961.0 3.5508286445703414e-12
1962.0 3.548528584050949e-12
1963.0 3.5462285235315568e-12
1964.0 3.5439284630121647e-12
1965.0 3.5416284024927734e-12
1966.0 3.5393283419733817e-12
1967.0 3.5370282814539896e-12
1968.0 3.5347282209345967e-12
1969.0 3.5324281604152062e-12
1970.0 3.5301280998958138e-12
1971.0 3.5278280393764217e-12
1972.0 3.5255279788570296e-12
1973.0 3.5232279183376383e-12
1974.0 3.5209278578182466e-12
1975.0 3.5186277972988545e-12
1976.0 3.5163277367794624e-12
1977.0 3.5140276762600703e-12
1978.0 3.5117276157406786e-12
1979.0 3.5094275552212873e-12
1980.0 3.5071274947018952e-12
1981.0 3.504827434182503e-12
1982.0 3.502527373663111e-12
1983.0 3.5002273131437198e-12
1984.0 3.497927252624328e-12
1985.0 3.495627192104936e-12
1986.0 3.493327131585543e-12
1987.0 3.491289919308984e-12
1988.0 3.4892929170777613e-12
1989.0 3.48729591484654e-12
1990.0 3.4852989126153173e-12
1991.0 3.483301910384096e-12
1992.0 3.4813049081528736e-12
1993.0 3.4793079059216516e-12
1994.0 3.4773109036904287e-12
1995.0 3.4753139014592067e-12
1996.0 3.4733168992279846e-12
1997.0 3.4713198969967634e-12
1998.0 3.4693228947655406e-12
1999.0 3.4673258925343185e-12
2000.0 3.465328890303096e-12
2001.0 3.463331888071875e-12
2002.0 3.461334885840652e-12
2003.0 3.45933788360943e-12
2004.0 3.457340881378208e-12
2005.0 3.455343879146986e-12
2006.0 3.453346876915764e-12
2007.0 3.4513498746845414e-12
2008.0 3.44935287245332e-12
2009.0 3.4473558702220974e-12
2010.0 3.4453588679908753e-12
2011.0 3.4433618657596533e-12
2012.0 3.4413648635284312e-12
2013.0 3.4393678612972092e-12
2014.0 3.4373708590659868e-12
2015.0 3.435373856834764e-12
2016.0 3.4333768546035427e-12
2017.0 3.4313798523723207e-12
2018.0 3.429382850141098e-12
2019.0 3.4273858479098758e-12
2020.0 3.4253888456786537e-12
2021.0 3.4233918434474317e-12
2022.0 3.4213948412162093e-12
2023.0 3.4193978389849872e-12
2024.0 3.417400836753765e-12
2025.0 3.415403834522543e-12
2026.0 3.413406832291321e-12
2027.0 3.4114098300600983e-12
2028.0 3.409412827828877e-12
2029.0 3.4074158255976546e-12
2030.0 3.4054188233664326e-12
2031.0 3.4034218211352097e-12
2032.0 3.4014248189039885e-12
2033.0 3.3994278166727656e-12
2034.0 3.3974308144415436e-12
2035.0 3.3954338122103216e-12
2036.0 3.3934368099791e-12
2037.0 3.391439807747878e-12
2038.0 3.389442805516656e-12
2039.0 3.387445803285433e-12
2040.0 3.385448801054211e-12
2041.0 3.383451798822989e-12
2042.0 3.381454796591767e-12
2043.0 3.3794577943605453e-12
2044.0 3.3774607921293224e-12
2045.0 3.3754637898981004e-12
2046.0 3.3734667876668784e-12
2047.0 3.3714697854356563e-12
2048.0 3.3694727832044335e-12
2049.0 3.367475780973212e-12
2050.0 3.3654787787419902e-12
2051.0 3.3634817765107686e-12
2052.0 3.3614847742795457e-12
2053.0 3.3594877720483237e-12
2054.0 3.357490769817101e-12
2055.0 3.3554937675858796e-12
2056.0 3.3534967653546568e-12
2057.0 3.3514997631234343e-12
2058.0 3.349502760892213e-12
2059.0 3.347505758660991e-12
2060.0 3.345508756429769e-12
2061.0 3.343511754198546e-12
2062.0 3.3415147519673234e-12
2063.0 3.339517749736102e-12
2064.0 3.3375207475048797e-12
2065.0 3.3355237452736576e-12
2066.0 3.3335267430424364e-12
2067.0 3.3315297408112136e-12
2068.0 3.3295327385799915e-12
2069.0 3.3275357363487687e-12
2070.0 3.3255387341175467e-12
2071.0 3.323541731886325e-12
2072.0 3.321544729655103e-12
2073.0 3.31954772742388e-12
2074.0 3.317550725192658e-12
2075.0 3.315553722961437e-12
2076.0 3.313556720730214e-12
2077.0 3.3115597184989916e-12
2078.0 3.30956271626777e-12
2079.0 3.3075657140365483e-12
2080.0 3.3055687118053263e-12
2081.0 3.3035717095741034e-12
2082.0 3.3015747073428814e-12
2083.0 3.2995777051116594e-12
2084.0 3.2975807028804365e-12
2085.0 3.2955837006492153e-12
2086.0 3.2935866984179933e-12
2087.0 3.2915896961867716e-12
2088.0 3.2895926939555488e-12
2089.0 3.2875956917243268e-12
2090.0 3.2855986894931047e-12
2091.0 3.283601687261882e-12
2092.0 3.2816046850306602e-12
2093.0 3.2796076827994386e-12
2094.0 3.277610680568216e-12
2095.0 3.2756136783369937e-12
2096.0 3.273616676105772e-12
2097.0 3.2716196738745497e-12
2098.0 3.269622671643328e-12
2099.0 3.267625669412105e-12
2100.0 3.2656286671808835e-12
2101.0 3.263631664949661e-12
2102.0 3.261634662718439e-12
2103.0 3.2596376604872166e-12
2104.0 3.2576406582559946e-12
2105.0 3.255643656024773e-12
2106.0 3.25364665379355e-12
2107.0 3.2516496515623285e-12
2108.0 3.2496526493311064e-12
2109.0 3.247655647099884e-12
2110.0 3.245658644868662e-12
2111.0 3.2436616426374395e-12
2112.0 3.241664640406217e-12
2113.0 3.2396676381749955e-12
2114.0 3.2376706359437734e-12
2115.0 3.2356736337125514e-12
2116.0 3.2336766314813285e-12
2117.0 3.231679629250107e-12
2118.0 3.229682627018885e-12
2119.0 3.2276856247876624e-12
2120.0 3.2256886225564404e-12
2121.0 3.2236916203252184e-12
2122.0 3.2216946180939967e-12
2123.0 3.2196976158627747e-12
2124.0 3.217700613631552e-12
2125.0 3.2157036114003302e-12
2126.0 3.2137066091691078e-12
2127.0 3.2117096069378857e-12
2128.0 3.2097126047066633e-12
2129.0 3.2077156024754417e-12
2130.0 3.2057186002442192e-12
2131.0 3.203721598012997e-12
2132.0 3.2017245957817747e-12
2133.0 3.1997275935505527e-12
2134.0 3.1977305913193303e-12
2135.0 3.1957335890881086e-12
2136.0 3.193736586856886e-12
2137.0 3.1917395846256637e-12
2138.0 3.189742582394442e-12
2139.0 3.18774558016322e-12
2140.0 3.1859863532868544e-12
2141.0 3.184257571727495e-12
2142.0 3.1825287901681364e-12
2143.0 3.1808000086087776e-12
2144.0 3.179071227049419e-12
2145.0 3.17734244549006e-12
2146.0 3.1756136639307015e-12
2147.0 3.1738848823713423e-12
2148.0 3.1721561008119834e-12
2149.0 3.170427319252625e-12
2150.0 3.168698537693265e-12
2151.0 3.1669697561339066e-12
2152.0 3.1652409745745478e-12
2153.0 3.163512193015189e-12
2154.0 3.16178341145583e-12
2155.0 3.1600546298964717e-12
2156.0 3.158325848337112e-12
2157.0 3.1565970667777537e-12
2158.0 3.154868285218395e-12
2159.0 3.153139503659036e-12
2160.0 3.1514107220996768e-12
2161.0 3.1496819405403184e-12
2162.0 3.147953158980959e-12
2163.0 3.1462243774216007e-12
2164.0 3.1444955958622415e-12
2165.0 3.1427668143028827e-12
2166.0 3.141038032743524e-12
2167.0 3.139309251184165e-12
2168.0 3.1375804696248066e-12
2169.0 3.135851688065448e-12
2170.0 3.1341229065060878e-12
2171.0 3.132394124946729e-12
2172.0 3.130665343387371e-12
2173.0 3.128936561828012e-12
2174.0 3.1272077802686533e-12
2175.0 3.125478998709294e-12
2176.0 3.123750217149935e-12
2177.0 3.122021435590576e-12
2178.0 3.120292654031218e-12
2179.0 3.1185638724718584e-12
2180.0 3.1168350909125004e-12
2181.0 3.1151063093531407e-12
2182.0 3.1133775277937815e-12
2183.0 3.1116487462344235e-12
2184.0 3.1099199646750643e-12
2185.0 3.108191183115705e-12
2186.0 3.1064624015563462e-12
2187.0 3.1047336199969882e-12
2188.0 3.103004838437629e-12
2189.0 3.1012760568782694e-12
2190.0 3.099547275318911e-12
2191.0 3.0978184937595517e-12
2192.0 3.0960897122001933e-12
2193.0 3.0943609306408345e-12
2194.0 3.092632149081476e-12
2195.0 3.0909033675221164e-12
2196.0 3.0891745859627584e-12
2197.0 3.0874458044033988e-12
2198.0 3.0857170228440404e-12
2199.0 3.083988241284681e-12
2200.0 3.082259459725322e-12
2201.0 3.0805306781659635e-12
2202.0 3.078801896606605e-12
2203.0 3.077073115047246e-12
2204.0 3.0753443334878866e-12
2205.0 3.073615551928528e-12
2206.0 3.07188677036917e-12
2207.0 3.0701579888098106e-12
2208.0 3.0684292072504514e-12
2209.0 3.0667004256910925e-12
2210.0 3.0649716441317333e-12
2211.0 3.063242862572375e-12
2212.0 3.061514081013016e-12
2213.0 3.0597852994536564e-12
2214.0 3.0580565178942984e-12
2215.0 3.05632773633494e-12
2216.0 3.0545989547755804e-12
2217.0 3.0528701732162216e-12
2218.0 3.0511413916568627e-12
2219.0 3.049412610097504e-12
2220.0 3.047683828538145e-12
2221.0 3.0459550469787867e-12
2222.0 3.044226265419428e-12
2223.0 3.0424974838600686e-12
2224.0 3.04076870230071e-12
2225.0 3.039039920741351e-12
2226.0 3.037311139181992e-12
2227.0 3.0355823576226333e-12
2228.0 3.0338535760632737e-12
2229.0 3.0321247945039153e-12
2230.0 3.030396012944557e-12
2231.0 3.0286672313851977e-12
2232.0 3.026938449825839e-12
2233.0 3.02520966826648e-12
2234.0 3.0234808867071208e-12
2235.0 3.0217521051477616e-12
2236.0 3.020023323588403e-12
2237.0 3.0182945420290447e-12
2238.0 3.016565760469685e-12
2239.0 3.0148369789103267e-12
2240.0 3.0131081973509683e-12
2241.0 3.011379415791609e-12
2242.0 3.0096506342322502e-12
2243.0 3.007921852672892e-12
2244.0 3.0061930711135326e-12
2245.0 3.0044642895541734e-12
2246.0 3.0027355079948145e-12
2247.0 3.001006726435456e-12
2248.0 2.999277944876097e-12
2249.0 2.997549163316738e-12
2250.0 2.9958203817573792e-12
2251.0 2.9940916001980204e-12
2252.0 2.9923628186386616e-12
2253.0 2.9906340370793028e-12
2254.0 2.988905255519944e-12
2255.0 2.9871764739605847e-12
2256.0 2.9854476924012263e-12
2257.0 2.9837189108418667e-12
2258.0 2.9819901292825083e-12
2259.0 2.9802613477231495e-12
2260.0 2.9785325661637902e-12
2261.0 2.976803784604432e-12
2262.0 2.9750750030450734e-12
2263.0 2.973346221485714e-12
2264.0 2.971617439926355e-12
2265.0 2.969888658366996e-12
2266.0 2.9681598768076373e-12
2267.0 2.966431095248278e-12
2268.0 2.9647023136889197e-12
2269.0 2.9629735321295612e-12
2270.0 2.9612447505702016e-12
2271.0 2.9595159690108436e-12
2272.0 2.9577871874514844e-12
2273.0 2.9560584058921247e-12
2274.0 2.9543296243327667e-12
2275.0 2.9526008427734075e-12
2276.0 2.9508720612140487e-12
2277.0 2.94914327965469e-12
2278.0 2.947414498095331e-12
2279.0 2.9456857165359722e-12
2280.0 2.9439569349766134e-12
2281.0 2.942228153417254e-12
2282.0 2.9404993718578958e-12
2283.0 2.9387705902985365e-12
2284.0 2.9370418087391777e-12
2285.0 2.935313027179819e-12
2286.0 2.9335842456204597e-12
2287.0 2.9318554640611013e-12
2288.0 2.930126682501742e-12
2289.0 2.9283979009423836e-12
2290.0 2.9266691193830248e-12
2291.0 2.924940337823666e-12
2292.0 2.9232115562643067e-12
2293.0 2.9214827747049483e-12
2294.0 2.919753993145589e-12
2295.0 2.9180252115862307e-12
2296.0 2.9162964300268715e-12
2297.0 2.914567648467513e-12
2298.0 2.912838866908154e-12
2299.0 2.9111100853487946e-12
2300.0 2.909381303789436e-12
2301.0 2.9076525222300765e-12
2302.0 2.905923740670718e-12
2303.0 2.9041949591113593e-12
2304.0 2.9024859747037742e-12
2305.0 2.90091893987425e-12
2306.0 2.8993519050447254e-12
2307.0 2.8977848702152e-12
2308.0 2.8962178353856746e-12
2309.0 2.89465080055615e-12
2310.0 2.893083765726625e-12
2311.0 2.8915167308971006e-12
2312.0 2.889949696067576e-12
2313.0 2.8883826612380513e-12
2314.0 2.8868156264085253e-12
2315.0 2.8852485915790013e-12
2316.0 2.883681556749476e-12
2317.0 2.8821145219199517e-12
2318.0 2.880547487090426e-12
2319.0 2.8789804522609013e-12
2320.0 2.8774134174313773e-12
2321.0 2.875846382601852e-12
2322.0 2.8742793477723265e-12
2323.0 2.872712312942802e-12
2324.0 2.871145278113277e-12
2325.0 2.8695782432837524e-12
2326.0 2.868011208454227e-12
2327.0 2.866444173624703e-12
2328.0 2.8648771387951776e-12
2329.0 2.8633101039656528e-12
2330.0 2.861743069136128e-12
2331.0 2.860176034306603e-12
2332.0 2.8586089994770788e-12
2333.0 2.857041964647553e-12
2334.0 2.8554749298180284e-12
2335.0 2.8539078949885035e-12
2336.0 2.8523408601589787e-12
2337.0 2.850773825329454e-12
2338.0 2.8492067904999287e-12
2339.0 2.8476397556704043e-12
2340.0 2.846072720840879e-12
2341.0 2.8445056860113547e-12
2342.0 2.842938651181829e-12
2343.0 2.8413716163523047e-12
2344.0 2.83980458152278e-12
2345.0 2.838237546693255e-12
2346.0 2.83667051186373e-12
2347.0 2.835103477034205e-12
2348.0 2.8335364422046802e-12
2349.0 2.831969407375156e-12
2350.0 2.8304023725456302e-12
2351.0 2.8288353377161062e-12
2352.0 2.8272683028865806e-12
2353.0 2.825701268057056e-12
2354.0 2.824134233227531e-12
2355.0 2.8225671983980066e-12
2356.0 2.821000163568481e-12
2357.0 2.819433128738957e-12
2358.0 2.8178660939094317e-12
2359.0 2.816299059079906e-12
2360.0 2.8147320242503817e-12
2361.0 2.813164989420857e-12
2362.0 2.811597954591332e-12
2363.0 2.8100309197618077e-12
2364.0 2.808463884932282e-12
2365.0 2.806896850102758e-12
2366.0 2.8053298152732325e-12
2367.0 2.803762780443708e-12
2368.0 2.802195745614183e-12
2369.0 2.8006287107846585e-12
2370.0 2.799061675955133e-12
2371.0 2.7974946411256084e-12
2372.0 2.7959276062960832e-12
2373.0 2.794360571466559e-12
2374.0 2.7927935366370336e-12
2375.0 2.7912265018075092e-12
2376.0 2.789659466977984e-12
2377.0 2.7880924321484588e-12
2378.0 2.786525397318934e-12
2379.0 2.784958362489409e-12
2380.0 2.7833913276598844e-12
2381.0 2.781824292830359e-12
2382.0 2.7802572580008347e-12
2383.0 2.7786902231713103e-12
2384.0 2.777123188341785e-12
2385.0 2.7755561535122595e-12
2386.0 2.773989118682735e-12
2387.0 2.7724220838532103e-12
2388.0 2.770855049023685e-12
2389.0 2.7692880141941607e-12
2390.0 2.767720979364636e-12
2391.0 2.7661539445351107e-12
2392.0 2.764586909705586e-12
2393.0 2.763019874876061e-12
2394.0 2.7614528400465362e-12
2395.0 2.759885805217012e-12
2396.0 2.7583187703874866e-12
2397.0 2.7567517355579614e-12
2398.0 2.755184700728437e-12
2399.0 2.7536176658989118e-12
2400.0 2.752050631069387e-12
2401.0 2.7504835962398618e-12
2402.0 2.7489165614103374e-12
2403.0 2.747349526580813e-12
2404.0 2.7457824917512878e-12
2405.0 2.744215456921762e-12
2406.0 2.7426484220922377e-12
2407.0 2.741081387262713e-12
2408.0 2.739514352433188e-12
2409.0 2.7379473176036633e-12
2410.0 2.7363802827741385e-12
2411.0 2.7348132479446133e-12
2412.0 2.7332462131150885e-12
2413.0 2.7316791782855637e-12
2414.0 2.7301121434560393e-12
2415.0 2.728545108626514e-12
2416.0 2.7269780737969884e-12
2417.0 2.725411038967464e-12
2418.0 2.723844004137939e-12
2419.0 2.7222769693084144e-12
2420.0 2.7207099344788896e-12
2421.0 2.7191428996493652e-12
2422.0 2.71757586481984e-12
2423.0 2.7160088299903148e-12
2424.0 2.7144417951607904e-12
2425.0 2.712874760331265e-12
2426.0 2.71130772550174e-12
2427.0 2.7097406906722156e-12
2428.0 2.708173655842691e-12
2429.0 2.706606621013166e-12
2430.0 2.7050395861836403e-12
2431.0 2.703472551354116e-12
2432.0 2.7019055165245907e-12
2433.0 2.7003384816950663e-12
2434.0 2.698771446865541e-12
2435.0 2.6972044120360167e-12
2436.0 2.695637377206492e-12
2437.0 2.6940703423769667e-12
2438.0 2.692503307547442e-12
2439.0 2.690936272717917e-12
2440.0 2.689369237888392e-12
2441.0 2.6878022030588674e-12
2442.0 2.6862351682293422e-12
2443.0 2.6846681333998174e-12
2444.0 2.683101098570293e-12
2445.0 2.681534063740768e-12
2446.0 2.6799670289112434e-12
2447.0 2.678399994081718e-12
2448.0 2.6768329592521934e-12
2449.0 2.675265924422668e-12
2450.0 2.6736988895931434e-12
2451.0 2.672131854763618e-12
2452.0 2.6705648199340937e-12
2453.0 2.668997785104569e-12
2454.0 2.6674307502750437e-12
2455.0 2.6658637154455193e-12
2456.0 2.664296680615994e-12
2457.0 2.6627296457864693e-12
2458.0 2.661162610956944e-12
2459.0 2.65959557612742e-12
2460.0 2.658028541297895e-12
2461.0 2.65646150646837e-12
2462.0 2.6548944716388453e-12
2463.0 2.65332743680932e-12
2464.0 2.6517604019797952e-12
2465.0 2.6501933671502704e-12
2466.0 2.6486263323207456e-12
2467.0 2.647059297491221e-12
2468.0 2.6454922626616956e-12
2469.0 2.643925227832171e-12
2470.0 2.642358193002646e-12
2471.0 2.640791158173121e-12
2472.0 2.639224123343596e-12
2473.0 2.637657088514072e-12
2474.0 2.6360900536845467e-12
2475.0 2.6345230188550207e-12
2476.0 2.6329559840254967e-12
2477.0 2.6313889491959715e-12
2478.0 2.6298219143664467e-12
2479.0 2.6282548795369223e-12
2480.0 2.626687844707397e-12
2481.0 2.6251208098778727e-12
2482.0 2.6236802251998293e-12
2483.0 2.6223026479720053e-12
2484.0 2.620925070744181e-12
2485.0 2.619547493516358e-12
2486.0 2.6181699162885344e-12
2487.0 2.6167923390607104e-12
2488.0 2.615414761832886e-12
2489.0 2.6140371846050626e-12
2490.0 2.612659607377239e-12
2491.0 2.611282030149415e-12
2492.0 2.6099044529215916e-12
2493.0 2.608526875693768e-12
2494.0 2.6071492984659437e-12
2495.0 2.60577172123812e-12
2496.0 2.6043941440102963e-12
2497.0 2.6030165667824727e-12
2498.0 2.601638989554649e-12
2499.0 2.6002614123268253e-12
2500.0 2.598883835099001e-12
2501.0 2.5975062578711782e-12
2502.0 2.5961286806433543e-12
2503.0 2.5947511034155296e-12
2504.0 2.5933735261877065e-12
2505.0 2.591995948959882e-12
2506.0 2.590618371732059e-12
2507.0 2.589240794504235e-12
2508.0 2.587863217276411e-12
2509.0 2.5864856400485876e-12
2510.0 2.585108062820764e-12
2511.0 2.58373048559294e-12
2512.0 2.5823529083651162e-12
2513.0 2.580975331137293e-12
2514.0 2.5795977539094688e-12
2515.0 2.5782201766816453e-12
2516.0 2.5768425994538213e-12
2517.0 2.575465022225997e-12
2518.0 2.5740874449981735e-12
2519.0 2.57270986777035e-12
2520.0 2.5713322905425264e-12
2521.0 2.5699547133147025e-12
2522.0 2.5685771360868786e-12
2523.0 2.567199558859055e-12
2524.0 2.565821981631231e-12
2525.0 2.564444404403408e-12
2526.0 2.563066827175584e-12
2527.0 2.5616892499477597e-12
2528.0 2.560311672719936e-12
2529.0 2.5589340954921127e-12
2530.0 2.5575565182642887e-12
2531.0 2.556178941036465e-12
2532.0 2.554801363808641e-12
2533.0 2.5534237865808174e-12
2534.0 2.5520462093529942e-12
2535.0 2.55066863212517e-12
2536.0 2.5492910548973456e-12
2537.0 2.5479134776695225e-12
2538.0 2.5465359004416985e-12
2539.0 2.545158323213875e-12
2540.0 2.543780745986051e-12
2541.0 2.5424031687582275e-12
2542.0 2.541025591530404e-12
2543.0 2.53964801430258e-12
2544.0 2.5382704370747558e-12
2545.0 2.536892859846932e-12
2546.0 2.535515282619109e-12
2547.0 2.5341377053912844e-12
2548.0 2.5327601281634617e-12
2549.0 2.531382550935637e-12
2550.0 2.530004973707813e-12
2551.0 2.52862739647999e-12
2552.0 2.527249819252166e-12
2553.0 2.5258722420243424e-12
2554.0 2.5244946647965185e-12
2555.0 2.523117087568695e-12
2556.0 2.521739510340871e-12
2557.0 2.520361933113047e-12
2558.0 2.518984355885224e-12
2559.0 2.5176067786574e-12
2560.0 2.516229201429576e-12
2561.0 2.5148516242017518e-12
2562.0 2.5134740469739287e-12
2563.0 2.512096469746105e-12
2564.0 2.510718892518281e-12
2565.0 2.509341315290457e-12
2566.0 2.5079637380626334e-12
2567.0 2.50658616083481e-12
2568.0 2.505208583606986e-12
2569.0 2.5038310063791624e-12
2570.0 2.5024534291513384e-12
2571.0 2.501075851923514e-12
2572.0 2.499698274695691e-12
2573.0 2.4983206974678667e-12
2574.0 2.4969431202400435e-12
2575.0 2.4955655430122204e-12
2576.0 2.494187965784396e-12
2577.0 2.4928103885565718e-12
2578.0 2.491432811328748e-12
2579.0 2.4900552341009247e-12
2580.0 2.4886776568731004e-12
2581.0 2.487300079645277e-12
2582.0 2.4859225024174533e-12
2583.0 2.4845449251896294e-12
2584.0 2.4831673479618063e-12
2585.0 2.481789770733982e-12
2586.0 2.4804121935061584e-12
2587.0 2.4790346162783345e-12
2588.0 2.477657039050511e-12
2589.0 2.476279461822687e-12
2590.0 2.474901884594864e-12
2591.0 2.47352430736704e-12
2592.0 2.4721467301392156e-12
2593.0 2.470769152911392e-12
2594.0 2.469391575683568e-12
2595.0 2.4680139984557447e-12
2596.0 2.4666364212279207e-12
2597.0 2.465258844000097e-12
2598.0 2.4638812667722733e-12
2599.0 2.4625036895444493e-12
2600.0 2.461126112316626e-12
2601.0 2.459748535088802e-12
2602.0 2.4583709578609784e-12
2603.0 2.4569933806331544e-12
2604.0 2.455615803405331e-12
2605.0 2.4542382261775066e-12
2606.0 2.452860648949683e-12
2607.0 2.451483071721859e-12
2608.0 2.4501054944940364e-12
2609.0 2.4487279172662117e-12
2610.0 2.447350340038388e-12
2611.0 2.445972762810565e-12
2612.0 2.4445951855827407e-12
2613.0 2.4432176083549168e-12
2614.0 2.441840031127093e-12
2615.0 2.4404624538992693e-12
2616.0 2.4390848766714458e-12
2617.0 2.4377072994436223e-12
2618.0 2.4363297222157983e-12
2619.0 2.434952144987975e-12
2620.0 2.43357456776015e-12
2621.0 2.4321969905323265e-12
2622.0 2.4308194133045026e-12
2623.0 2.42944183607668e-12
2624.0 2.428064258848856e-12
2625.0 2.4266866816210316e-12
2626.0 2.425309104393208e-12
2627.0 2.423931527165384e-12
2628.0 2.422553949937561e-12
2629.0 2.4211763727097367e-12
2630.0 2.419798795481913e-12
2631.0 2.4184212182540893e-12
2632.0 2.4170436410262657e-12
2633.0 2.415666063798442e-12
2634.0 2.4142884865706183e-12
2635.0 2.4129109093427944e-12
2636.0 2.41153333211497e-12
2637.0 2.4101557548871473e-12
2638.0 2.4087781776593234e-12
2639.0 2.4074006004314995e-12
2640.0 2.4060230232036755e-12
2641.0 2.404645445975852e-12
2642.0 2.403267868748028e-12
2643.0 2.401890291520204e-12
2644.0 2.4005127142923806e-12
2645.0 2.3991351370645567e-12
2646.0 2.397757559836733e-12
2647.0 2.3963799826089084e-12
2648.0 2.395002405381085e-12
2649.0 2.3936248281532618e-12
2650.0 2.3922472509254383e-12
2651.0 2.3908696736976143e-12
2652.0 2.389492096469791e-12
2653.0 2.3881145192419665e-12
2654.0 2.386736942014143e-12
2655.0 2.385359364786319e-12
2656.0 2.3839817875584955e-12
2657.0 2.382604210330672e-12
2658.0 2.381226633102848e-12
2659.0 2.379849055875024e-12
2660.0 2.3784714786472006e-12
2661.0 2.377093901419377e-12
2662.0 2.3757163241915527e-12
2663.0 2.374338746963729e-12
2664.0 2.3729611697359053e-12
2665.0 2.3715835925080817e-12
2666.0 2.3702060152802582e-12
2667.0 2.3688284380524347e-12
2668.0 2.3674508608246104e-12
2669.0 2.3660732835967864e-12
2670.0 2.364695706368963e-12
2671.0 2.363318129141139e-12
2672.0 2.3619405519133155e-12
2673.0 2.3606996196800295e-12
2674.0 2.3595731849588374e-12
2675.0 2.358446750237645e-12
2676.0 2.357320315516453e-12
2677.0 2.356193880795262e-12
2678.0 2.3550674460740697e-12
2679.0 2.3539410113528788e-12
2680.0 2.3528145766316866e-12
2681.0 2.351688141910495e-12
2682.0 2.350561707189303e-12
2683.0 2.349435272468112e-12
2684.0 2.3483088377469193e-12
2685.0 2.347182403025728e-12
2686.0 2.3460559683045363e-12
2687.0 2.344929533583344e-12
2688.0 2.343803098862152e-12
2689.0 2.342676664140961e-12
2690.0 2.341550229419769e-12
2691.0 2.3404237946985764e-12
2692.0 2.3392973599773855e-12
2693.0 2.3381709252561934e-12
2694.0 2.3370444905350013e-12
2695.0 2.33591805581381e-12
2696.0 2.3347916210926182e-12
2697.0 2.333665186371426e-12
2698.0 2.3325387516502348e-12
2699.0 2.331412316929043e-12
2700.0 2.3302858822078517e-12
2701.0 2.32915944748666e-12
2702.0 2.3280330127654683e-12
2703.0 2.3269065780442757e-12
2704.0 2.325780143323084e-12
2705.0 2.3246537086018927e-12
2706.0 2.3235272738807006e-12
2707.0 2.3224008391595093e-12
2708.0 2.321274404438317e-12
2709.0 2.320147969717125e-12
2710.0 2.3190215349959337e-12
2711.0 2.3178951002747415e-12
2712.0 2.3167686655535506e-12
2713.0 2.3156422308323577e-12
2714.0 2.3145157961111664e-12
2715.0 2.3133893613899746e-12
2716.0 2.3122629266687833e-12
2717.0 2.3111364919475908e-12
2718.0 2.3100100572263995e-12
2719.0 2.308883622505208e-12
2720.0 2.307757187784016e-12
2721.0 2.306630753062824e-12
2722.0 2.3055043183416318e-12
2723.0 2.3043778836204404e-12
2724.0 2.3032514488992487e-12
2725.0 2.3021250141780566e-12
2726.0 2.3009985794568653e-12
2727.0 2.299872144735673e-12
2728.0 2.2987457100144822e-12
2729.0 2.29761927529329e-12
2730.0 2.2964928405720988e-12
2731.0 2.2953664058509062e-12
2732.0 2.2942399711297145e-12
2733.0 2.2931135364085228e-12
2734.0 2.291987101687331e-12
2735.0 2.2908606669661397e-12
2736.0 2.2897342322449484e-12
2737.0 2.288607797523756e-12
2738.0 2.287481362802564e-12
2739.0 2.2863549280813724e-12
2740.0 2.28522849336018e-12
2741.0 2.284102058638989e-12
2742.0 2.282975623917797e-12
2743.0 2.2818491891966047e-12
2744.0 2.2807227544754134e-12
2745.0 2.2795963197542217e-12
2746.0 2.2784698850330296e-12
2747.0 2.2773434503118382e-12
2748.0 2.2762170155906465e-12
2749.0 2.2750905808694544e-12
2750.0 2.273964146148263e-12
2751.0 2.272837711427071e-12
2752.0 2.2717112767058796e-12
2753.0 2.2705848419846875e-12
2754.0 2.269458407263496e-12
2755.0 2.2683319725423044e-12
2756.0 2.2672055378211123e-12
2757.0 2.2660791030999206e-12
2758.0 2.2649526683787293e-12
2759.0 2.263826233657537e-12
2760.0 2.262699798936345e-12
2761.0 2.2615733642151533e-12
2762.0 2.2604469294939616e-12
2763.0 2.25932049477277e-12
2764.0 2.258194060051578e-12
2765.0 2.2570676253303864e-12
2766.0 2.2559411906091947e-12
2767.0 2.254814755888003e-12
2768.0 2.2536883211668112e-12
2769.0 2.252561886445619e-12
2770.0 2.2514354517244278e-12
2771.0 2.250309017003236e-12
2772.0 2.249182582282044e-12
2773.0 2.2480561475608518e-12
2774.0 2.24692971283966e-12
2775.0 2.2458032781184687e-12
2776.0 2.2446768433972766e-12
2777.0 2.2435504086760853e-12
2778.0 2.242423973954893e-12
2779.0 2.241297539233701e-12
2780.0 2.24017110451251e-12
2781.0 2.2390446697913184e-12
2782.0 2.2379182350701263e-12
2783.0 2.2367918003489345e-12
2784.0 2.2356653656277432e-12
2785.0 2.2345389309065507e-12
2786.0 2.2334124961853594e-12
2787.0 2.232286061464168e-12
2788.0 2.2311596267429755e-12
2789.0 2.230033192021784e-12
2790.0 2.228906757300592e-12
2791.0 2.2277803225794003e-12
2792.0 2.226653887858209e-12
2793.0 2.225527453137017e-12
2794.0 2.224401018415825e-12
2795.0 2.2232745836946334e-12
2796.0 2.2221481489734413e-12
2797.0 2.22102171425225e-12
2798.0 2.2198952795310583e-12
2799.0 2.2187688448098657e-12
2800.0 2.2176424100886744e-12
2801.0 2.216515975367483e-12
2802.0 2.215389540646291e-12
2803.0 2.2142631059250992e-12
2804.0 2.213136671203908e-12
2805.0 2.2120102364827158e-12
2806.0 2.2108838017615237e-12
2807.0 2.209757367040332e-12
2808.0 2.2086309323191402e-12
2809.0 2.207504497597948e-12
2810.0 2.2063780628767568e-12
2811.0 2.205251628155565e-12
2812.0 2.204125193434373e-12
2813.0 2.202998758713182e-12
2814.0 2.2018723239919903e-12
2815.0 2.200745889270798e-12
2816.0 2.199619454549606e-12
2817.0 2.1984930198284143e-12
2818.0 2.197366585107222e-12
2819.0 2.196240150386031e-12
2820.0 2.195113715664839e-12
2821.0 2.1939872809436478e-12
2822.0 2.192860846222456e-12
2823.0 2.1917344115012643e-12
2824.0 2.190607976780072e-12
2825.0 2.18948154205888e-12
2826.0 2.1883551073376888e-12
2827.0 2.187228672616497e-12
2828.0 2.186102237895305e-12
2829.0 2.184975803174113e-12
2830.0 2.183849368452921e-12
2831.0 2.1827229337317293e-12
2832.0 2.181596499010538e-12
2833.0 2.1804700642893467e-12
2834.0 2.179343629568154e-12
2835.0 2.178217194846962e-12
2836.0 2.1770907601257707e-12
2837.0 2.175964325404579e-12
2838.0 2.1748378906833877e-12
2839.0 2.1737114559621955e-12
2840.0 2.1725850212410042e-12
2841.0 2.1714585865198117e-12
2842.0 2.1703321517986204e-12
2843.0 2.1692057170774286e-12
2844.0 2.168079282356237e-12
2845.0 2.1669528476350448e-12
2846.0 2.165826412913853e-12
2847.0 2.164699978192661e-12
2848.0 2.1635735434714692e-12
2849.0 2.1624471087502783e-12
2850.0 2.1613206740290858e-12
2851.0 2.160194239307894e-12
2852.0 2.1590678045867027e-12
2853.0 2.157941369865511e-12
2854.0 2.156814935144319e-12
2855.0 2.155688500423127e-12
2856.0 2.154562065701936e-12
2857.0 2.1534356309807437e-12
2858.0 2.1523091962595516e-12
2859.0 2.1511827615383602e-12
2860.0 2.1500563268171685e-12
2861.0 2.1489298920959768e-12
2862.0 2.147803457374785e-12
2863.0 2.146677022653593e-12
2864.0 2.145550587932401e-12
2865.0 2.1444241532112095e-12
2866.0 2.1432977184900178e-12
2867.0 2.142171283768826e-12
2868.0 2.1410448490476343e-12
2869.0 2.1399184143264426e-12
2870.0 2.138791979605251e-12
2871.0 2.1376655448840587e-12
2872.0 2.136539110162868e-12
2873.0 2.1354126754416757e-12
2874.0 2.134286240720484e-12
2875.0 2.1331598059992922e-12
2876.0 2.1320333712781e-12
2877.0 2.1309069365569084e-12
2878.0 2.1297805018357167e-12
2879.0 2.128738305656433e-12
2880.0 2.127732284032326e-12
2881.0 2.1267262624082197e-12
2882.0 2.1257202407841127e-12
2883.0 2.1247142191600057e-12
2884.0 2.1237081975359e-12
2885.0 2.122702175911793e-12
2886.0 2.121696154287686e-12
2887.0 2.12069013266358e-12
2888.0 2.1196841110394733e-12
2889.0 2.1186780894153667e-12
2890.0 2.11767206779126e-12
2891.0 2.1166660461671535e-12
2892.0 2.115660024543047e-12
2893.0 2.1146540029189402e-12
2894.0 2.1136479812948336e-12
2895.0 2.1126419596707266e-12
2896.0 2.1116359380466203e-12
2897.0 2.1106299164225137e-12
2898.0 2.109623894798407e-12
2899.0 2.1086178731743004e-12
2900.0 2.1076118515501942e-12
2901.0 2.1066058299260868e-12
2902.0 2.1055998083019806e-12
2903.0 2.104593786677874e-12
2904.0 2.1035877650537677e-12
2905.0 2.1025817434296607e-12
2906.0 2.101575721805554e-12
2907.0 2.1005697001814482e-12
2908.0 2.099563678557341e-12
2909.0 2.0985576569332346e-12
2910.0 2.0975516353091284e-12
2911.0 2.096545613685021e-12
2912.0 2.095539592060915e-12
2913.0 2.094533570436808e-12
2914.0 2.093527548812701e-12
2915.0 2.0925215271885952e-12
2916.0 2.091515505564488e-12
2917.0 2.0905094839403816e-12
2918.0 2.089503462316275e-12
2919.0 2.0884974406921683e-12
2920.0 2.0874914190680613e-12
2921.0 2.086485397443955e-12
2922.0 2.0854793758198484e-12
2923.0 2.084473354195742e-12
2924.0 2.083467332571635e-12
2925.0 2.082461310947528e-12
2926.0 2.081455289323422e-12
2927.0 2.0804492676993157e-12
2928.0 2.0794432460752087e-12
2929.0 2.0784372244511016e-12
2930.0 2.077431202826996e-12
2931.0 2.076425181202889e-12
2932.0 2.0754191595787826e-12
2933.0 2.074413137954676e-12
2934.0 2.0734071163305693e-12
2935.0 2.0724010947064627e-12
2936.0 2.071395073082356e-12
2937.0 2.0703890514582494e-12
2938.0 2.0693830298341432e-12
2939.0 2.068377008210036e-12
2940.0 2.067370986585929e-12
2941.0 2.0663649649618233e-12
2942.0 2.0653589433377163e-12
2943.0 2.0643529217136097e-12
2944.0 2.063346900089503e-12
2945.0 2.0623408784653964e-12
2946.0 2.0613348568412898e-12
2947.0 2.060328835217183e-12
2948.0 2.0593228135930765e-12
2949.0 2.05831679196897e-12
2950.0 2.0573107703448637e-12
2951.0 2.0563047487207566e-12
2952.0 2.05529872709665e-12
2953.0 2.054292705472544e-12
2954.0 2.0532866838484368e-12
2955.0 2.0522806622243305e-12
2956.0 2.0512746406002243e-12
2957.0 2.050268618976117e-12
2958.0 2.0492625973520107e-12
2959.0 2.048256575727904e-12
2960.0 2.047250554103797e-12
2961.0 2.046244532479691e-12
2962.0 2.0452385108555838e-12
2963.0 2.044232489231477e-12
2964.0 2.043226467607371e-12
2965.0 2.0422204459832643e-12
2966.0 2.0412144243591576e-12
2967.0 2.040208402735051e-12
2968.0 2.0392023811109444e-12
2969.0 2.0381963594868374e-12
2970.0 2.037190337862731e-12
2971.0 2.0361843162386245e-12
2972.0 2.035178294614518e-12
2973.0 2.0341722729904117e-12
2974.0 2.0331662513663046e-12
2975.0 2.032160229742198e-12
2976.0 2.031154208118092e-12
2977.0 2.030148186493985e-12
2978.0 2.029142164869878e-12
2979.0 2.0281361432457723e-12
2980.0 2.0271301216216653e-12
2981.0 2.0261240999975582e-12
2982.0 2.025118078373452e-12
2983.0 2.0241120567493454e-12
2984.0 2.0231060351252388e-12
2985.0 2.022100013501132e-12
2986.0 2.021093991877025e-12
2987.0 2.020087970252919e-12
2988.0 2.0190819486288127e-12
2989.0 2.0180759270047056e-12
2990.0 2.017069905380599e-12
2991.0 2.0160638837564928e-12
2992.0 2.0150578621323853e-12
2993.0 2.014051840508279e-12
2994.0 2.0130458188841725e-12
2995.0 2.012039797260066e-12
2996.0 2.0110337756359592e-12
2997.0 2.0100277540118526e-12
2998.0 2.0090217323877464e-12
2999.0 2.0080157107636398e-12
3000.0 2.007009689139533e-12
3001.0 2.0060036675154265e-12
3002.0 2.00499764589132e-12
3003.0 2.003991624267213e-12
3004.0 2.0029856026431066e-12
3005.0 2.001979581019e-12
3006.0 2.000973559394893e-12
3007.0 1.999967537770787e-12
3008.0 1.9989615161466797e-12
3009.0 1.997955494522573e-12
3010.0 1.996949472898467e-12
3011.0 1.9959434512743602e-12
3012.0 1.9949374296502536e-12
3013.0 1.993931408026147e-12
3014.0 1.9929253864020404e-12
3015.0 1.9919193647779333e-12
3016.0 1.990913343153827e-12
3017.0 1.9899073215297205e-12
3018.0 1.988901299905614e-12
3019.0 1.9878952782815072e-12
3020.0 1.986889256657401e-12
3021.0 1.9858832350332944e-12
3022.0 1.984877213409188e-12
3023.0 1.983871191785081e-12
3024.0 1.982865170160974e-12
3025.0 1.9818591485368683e-12
3026.0 1.980853126912761e-12
3027.0 1.979847105288654e-12
3028.0 1.9788410836645484e-12
3029.0 1.9778350620404414e-12
3030.0 1.9768290404163347e-12
3031.0 1.975823018792228e-12
3032.0 1.974816997168121e-12
3033.0 1.973810975544015e-12
3034.0 1.9728049539199082e-12
3035.0 1.9717989322958016e-12
3036.0 1.970792910671695e-12
3037.0 1.9697868890475887e-12
3038.0 1.9687808674234817e-12
3039.0 1.967774845799375e-12
3040.0 1.9667688241752685e-12
3041.0 1.965762802551162e-12
3042.0 1.9647567809270548e-12
3043.0 1.963750759302949e-12
3044.0 1.9627447376788423e-12
3045.0 1.961738716054736e-12
3046.0 1.960732694430629e-12
3047.0 1.9597266728065225e-12
3048.0 1.958720651182416e-12
3049.0 1.957714629558309e-12
3050.0 1.9567086079342026e-12
3051.0 1.955702586310096e-12
3052.0 1.9546965646859893e-12
3053.0 1.9536905430618827e-12
3054.0 1.9526845214377757e-12
3055.0 1.9516784998136695e-12
3056.0 1.9506724781895632e-12
3057.0 1.9496664565654558e-12
3058.0 1.9486604349413496e-12
3059.0 1.9476544133172433e-12
3060.0 1.9466483916931363e-12
3061.0 1.9456423700690297e-12
3062.0 1.944636348444923e-12
3063.0 1.9436303268208164e-12
3064.0 1.94262430519671e-12
3065.0 1.941618283572603e-12
3066.0 1.940612261948497e-12
3067.0 1.9396062403243903e-12
3068.0 1.938600218700284e-12
3069.0 1.9375941970761767e-12
3070.0 1.93658817545207e-12
3071.0 1.9355821538279642e-12
3072.0 1.9345761322038568e-12
3073.0 1.93357011057975e-12
3074.0 1.9325640889556443e-12
3075.0 1.931558067331537e-12
3076.0 1.9305520457074307e-12
3077.0 1.929546024083324e-12
3078.0 1.9285400024592174e-12
3079.0 1.927533980835111e-12
3080.0 1.926527959211004e-12
3081.0 1.9255219375868976e-12
3082.0 1.924515915962791e-12
3083.0 1.9235098943386843e-12
3084.0 1.9225038727145777e-12
3085.0 1.9214978510904706e-12
3086.0 1.920491829466365e-12
3087.0 1.9194858078422574e-12
3088.0 1.9184797862181508e-12
3089.0 1.917473764594045e-12
3090.0 1.9164677429699387e-12
3091.0 1.915461721345832e-12
3092.0 1.914455699721725e-12
3093.0 1.9134496780976184e-12
3094.0 1.912443656473512e-12
3095.0 1.911437634849405e-12
3096.0 1.9104316132252985e-12
3097.0 1.909425591601192e-12
3098.0 1.9084195699770853e-12
3099.0 1.9074135483529787e-12
3100.0 1.9064075267288716e-12
