2.0 6.471603150885015e-06
3.0 8.741412927245575e-06
4.0 1.0880694261127856e-05
5.0 1.288952864902146e-05
6.0 1.477624855704158e-05
7.0 1.6513181388621736e-05
8.0 1.8141644482277293e-05
9.0 1.964517683316533e-05
10.0 2.1054562734033137e-05
11.0 2.232505063070985e-05
12.0 2.355322415402777e-05
13.0 2.464727693564467e-05
14.0 2.563407496070725e-05
15.0 2.65999713198522e-05
16.0 2.749064750695517e-05
17.0 2.8216380733525374e-05
18.0 2.8927070797308106e-05
19.0 2.960855008094623e-05
20.0 3.0253229656278698e-05
21.0 3.072238428541343e-05
22.0 3.1172697911213405e-05
23.0 3.160486666774687e-05
24.0 3.2010185881357256e-05
25.0 3.2398157604897276e-05
26.0 3.2619933597580585e-05
27.0 3.283257889159779e-05
28.0 3.299396269798011e-05
29.0 3.3153988931415774e-05
30.0 3.329905076641449e-05
31.0 3.344411260141322e-05
32.0 3.346066630518828e-05
33.0 3.345557923745623e-05
34.0 3.341383542094128e-05
35.0 3.33285385956511e-05
36.0 3.324324177036092e-05
37.0 3.315239049172385e-05
38.0 3.306073394496932e-05
39.0 3.296124792948527e-05
40.0 3.278331246097551e-05
41.0 3.2605376992465745e-05
42.0 3.2420922977326815e-05
43.0 3.2173479438902694e-05
44.0 3.192603590047857e-05
45.0 3.167859236205445e-05
46.0 3.142927841968447e-05
47.0 3.117967500317667e-05
48.0 3.0930071586668875e-05
49.0 3.067449203249342e-05
50.0 3.0409547569977448e-05
51.0 3.014460310746147e-05
52.0 2.987965864494549e-05
53.0 2.960309332838673e-05
54.0 2.9320142030335003e-05
55.0 2.903719073228327e-05
56.0 2.8754239434231542e-05
57.0 2.847103521944488e-05
58.0 2.8187671177444416e-05
59.0 2.7904307135443952e-05
60.0 2.7620943093443488e-05
61.0 2.734148897978768e-05
62.0 2.707262913390761e-05
63.0 2.680376928802753e-05
64.0 2.6534909442147455e-05
65.0 2.6266049596267386e-05
66.0 2.6011889038919606e-05
67.0 2.5767865663761145e-05
68.0 2.5523842288602688e-05
69.0 2.5279818913444234e-05
70.0 2.5035795538285777e-05
71.0 2.479299768145601e-05
72.0 2.4551187176566712e-05
73.0 2.430937667167741e-05
74.0 2.406756616678811e-05
75.0 2.382575566189881e-05
76.0 2.358574099632055e-05
77.0 2.3357989770230466e-05
78.0 2.3130238544140374e-05
79.0 2.290248731805029e-05
80.0 2.2674736091960212e-05
81.0 2.244698486587012e-05
82.0 2.2229058728454466e-05
83.0 2.20359380198532e-05
84.0 2.184281731125194e-05
85.0 2.164969660265068e-05
86.0 2.1456575894049414e-05
87.0 2.126345518544816e-05
88.0 2.1070334476846895e-05
89.0 2.0881458786232416e-05
90.0 2.0692627891357625e-05
91.0 2.0503796996482825e-05
92.0 2.031496610160803e-05
93.0 2.0126135206733234e-05
94.0 1.993730431185844e-05
95.0 1.975041076612347e-05
96.0 1.9570779081412936e-05
97.0 1.93911473967024e-05
98.0 1.921151571199187e-05
99.0 1.903188402728133e-05
100.0 1.88522523425708e-05
101.0 1.8672620657860267e-05
102.0 1.849298897314973e-05
103.0 1.8341827071056108e-05
104.0 1.8193498209903308e-05
105.0 1.8045169348750505e-05
106.0 1.7896840487597705e-05
107.0 1.7748511626444898e-05
108.0 1.7600182765292098e-05
109.0 1.7451853904139298e-05
110.0 1.7303798242393162e-05
111.0 1.7161404866758636e-05
112.0 1.7019011491124114e-05
113.0 1.6876618115489594e-05
114.0 1.6734224739855075e-05
115.0 1.6591831364220553e-05
116.0 1.6449437988586034e-05
117.0 1.6307044612951515e-05
118.0 1.6164651237316992e-05
119.0 1.602546498027654e-05
120.0 1.588863101411021e-05
121.0 1.5751797047943883e-05
122.0 1.5614963081777552e-05
123.0 1.547812911561122e-05
124.0 1.5341295149444894e-05
125.0 1.5204461183278565e-05
126.0 1.5067627217112234e-05
127.0 1.4930793250945905e-05
128.0 1.4806179531031851e-05
129.0 1.4696179506898083e-05
130.0 1.4586179482764316e-05
131.0 1.4476179458630548e-05
132.0 1.4366179434496781e-05
133.0 1.4256179410363009e-05
134.0 1.4146179386229242e-05
135.0 1.4036179362095474e-05
136.0 1.3926179337961704e-05
137.0 1.3816179313827936e-05
138.0 1.3710769613271425e-05
139.0 1.3608040272979668e-05
140.0 1.3505310932687907e-05
141.0 1.3402581592396153e-05
142.0 1.3299852252104393e-05
143.0 1.3197122911812634e-05
144.0 1.3094393571520875e-05
145.0 1.2991664231229116e-05
146.0 1.288893489093736e-05
147.0 1.2786205550645602e-05
148.0 1.2683631602481669e-05
149.0 1.2583973346502608e-05
150.0 1.2484315090523547e-05
151.0 1.2384656834544485e-05
152.0 1.2284998578565426e-05
153.0 1.2185340322586365e-05
154.0 1.2085682066607304e-05
155.0 1.1986023810628245e-05
156.0 1.1886365554649186e-05
157.0 1.1786707298670122e-05
158.0 1.168704904269106e-05
159.0 1.1587390786712002e-05
160.0 1.1501810456995825e-05
161.0 1.1423649372048867e-05
162.0 1.1345488287101915e-05
163.0 1.1267327202154962e-05
164.0 1.118916611720801e-05
165.0 1.1111005032261057e-05
166.0 1.1032843947314104e-05
167.0 1.0954682862367148e-05
168.0 1.0876521777420196e-05
169.0 1.0798360692473241e-05
170.0 1.0720199607526287e-05
171.0 1.0642038522579336e-05
172.0 1.056696797651169e-05
173.0 1.049691006307469e-05
174.0 1.0426852149637688e-05
175.0 1.0356794236200688e-05
176.0 1.0286736322763688e-05
177.0 1.0216678409326686e-05
178.0 1.0146620495889686e-05
179.0 1.0076562582452686e-05
180.0 1.0006504669015686e-05
181.0 9.936446755578684e-06
182.0 9.866388842141684e-06
183.0 9.796330928704684e-06
184.0 9.726273015267682e-06
185.0 9.656476426020683e-06
186.0 9.588026008939684e-06
187.0 9.519575591858688e-06
188.0 9.451125174777685e-06
189.0 9.382674757696687e-06
190.0 9.314224340615687e-06
191.0 9.24577392353469e-06
192.0 9.17732350645369e-06
193.0 9.10887308937269e-06
194.0 9.040422672291693e-06
195.0 8.971972255210691e-06
196.0 8.903521838129694e-06
197.0 8.835071421048694e-06
198.0 8.766621003967696e-06
199.0 8.698170586886695e-06
200.0 8.64382871581964e-06
201.0 8.590621559265566e-06
202.0 8.537414402711497e-06
203.0 8.484207246157427e-06
204.0 8.431000089603354e-06
205.0 8.377792933049285e-06
206.0 8.324585776495214e-06
207.0 8.271378619941142e-06
208.0 8.218171463387071e-06
209.0 8.164964306833e-06
210.0 8.111757150278929e-06
211.0 8.058549993724857e-06
212.0 8.005342837170788e-06
213.0 7.952135680616718e-06
214.0 7.898928524062645e-06
215.0 7.850528504844952e-06
216.0 7.805442126149945e-06
217.0 7.760355747454935e-06
218.0 7.715269368759926e-06
219.0 7.670182990064917e-06
220.0 7.625096611369908e-06
221.0 7.580010232674901e-06
222.0 7.534923853979892e-06
223.0 7.489837475284883e-06
224.0 7.4447510965898745e-06
225.0 7.399664717894865e-06
226.0 7.3545783391998584e-06
227.0 7.309491960504847e-06
228.0 7.264405581809839e-06
229.0 7.21931920311483e-06
230.0 7.174232824419821e-06
231.0 7.129203578322506e-06
232.0 7.084856415197236e-06
233.0 7.040509252071965e-06
234.0 6.9961620889466946e-06
235.0 6.9518149258214245e-06
236.0 6.907467762696154e-06
237.0 6.8631205995708835e-06
238.0 6.8187734364456135e-06
239.0 6.7744262733203426e-06
240.0 6.7300791101950725e-06
241.0 6.6857319470698025e-06
242.0 6.641384783944532e-06
243.0 6.597037620819262e-06
244.0 6.552690457693991e-06
245.0 6.508343294568721e-06
246.0 6.4639961314434505e-06
247.0 6.41964896831818e-06
248.0 6.37530180519291e-06
249.0 6.333794012075155e-06
250.0 6.299217987320395e-06
251.0 6.264641962565636e-06
252.0 6.230065937810877e-06
253.0 6.195489913056116e-06
254.0 6.1609138883013575e-06
255.0 6.126337863546597e-06
256.0 6.0917618387918374e-06
257.0 6.057185814037077e-06
258.0 6.022609789282317e-06
259.0 5.988033764527558e-06
260.0 5.953457739772797e-06
261.0 5.918881715018039e-06
262.0 5.884305690263279e-06
263.0 5.849729665508519e-06
264.0 5.815153640753759e-06
265.0 5.780577615998999e-06
266.0 5.7460015912442395e-06
267.0 5.71142556648948e-06
268.0 5.6777937650762036e-06
269.0 5.650270739644365e-06
270.0 5.622747714212526e-06
271.0 5.5952246887806866e-06
272.0 5.567701663348849e-06
273.0 5.54017863791701e-06
274.0 5.512655612485171e-06
275.0 5.4851325870533325e-06
276.0 5.457609561621494e-06
277.0 5.430086536189655e-06
278.0 5.402563510757816e-06
279.0 5.375040485325978e-06
280.0 5.347517459894139e-06
281.0 5.3199944344623e-06
282.0 5.2924714090304615e-06
283.0 5.264948383598623e-06
284.0 5.237425358166784e-06
285.0 5.2099023327349445e-06
286.0 5.182379307303107e-06
287.0 5.154856281871269e-06
288.0 5.127333256439428e-06
289.0 5.1000152362858415e-06
290.0 5.072900890956379e-06
291.0 5.045786545626917e-06
292.0 5.018672200297455e-06
293.0 4.991557854967993e-06
294.0 4.96444350963853e-06
295.0 4.937329164309068e-06
296.0 4.910214818979607e-06
297.0 4.883100473650145e-06
298.0 4.8559861283206835e-06
299.0 4.82887178299122e-06
300.0 4.801757437661758e-06
301.0 4.774643092332296e-06
302.0 4.747528747002833e-06
303.0 4.7204144016733715e-06
304.0 4.6933000563439104e-06
305.0 4.666185711014448e-06
306.0 4.639071365684986e-06
307.0 4.611957020355524e-06
308.0 4.584842675026062e-06
309.0 4.557728329696599e-06
310.0 4.530613984367137e-06
311.0 4.5050501535146735e-06
312.0 4.483469565214011e-06
313.0 4.4618889769133466e-06
314.0 4.4403083886126835e-06
315.0 4.4187278003120205e-06
316.0 4.397147212011357e-06
317.0 4.375566623710694e-06
318.0 4.3539860354100304e-06
319.0 4.332405447109367e-06
320.0 4.310824858808703e-06
321.0 4.289244270508039e-06
322.0 4.267663682207376e-06
323.0 4.246083093906712e-06
324.0 4.224502505606049e-06
325.0 4.202921917305385e-06
326.0 4.181341329004722e-06
327.0 4.159760740704058e-06
328.0 4.138180152403394e-06
329.0 4.116599564102731e-06
330.0 4.095018975802067e-06
331.0 4.073438387501404e-06
332.0 4.05185779920074e-06
333.0 4.030277210900077e-06
334.0 4.008696622599413e-06
335.0 3.989035825184376e-06
336.0 3.9729851963450406e-06
337.0 3.956934567505706e-06
338.0 3.940883938666369e-06
339.0 3.924833309827034e-06
340.0 3.9087826809876985e-06
341.0 3.8927320521483636e-06
342.0 3.876681423309028e-06
343.0 3.860630794469692e-06
344.0 3.844580165630356e-06
345.0 3.8285295367910215e-06
346.0 3.8124789079516853e-06
347.0 3.7964282791123496e-06
348.0 3.7803776502730147e-06
349.0 3.7643270214336785e-06
350.0 3.7482763925943436e-06
351.0 3.732225763755008e-06
352.0 3.716175134915672e-06
353.0 3.700124506076337e-06
354.0 3.684073877237002e-06
355.0 3.6680232483976654e-06
356.0 3.6519726195583313e-06
357.0 3.6359219907189947e-06
358.0 3.61987136187966e-06
359.0 3.603820733040325e-06
360.0 3.587770104200989e-06
361.0 3.5718720433154215e-06
362.0 3.55608874803902e-06
363.0 3.540305452762618e-06
364.0 3.524522157486216e-06
365.0 3.5087388622098144e-06
366.0 3.4929555669334123e-06
367.0 3.4771722716570115e-06
368.0 3.461388976380609e-06
369.0 3.4456056811042078e-06
370.0 3.4298223858278057e-06
371.0 3.4140390905514036e-06
372.0 3.3982557952750028e-06
373.0 3.3824724999986007e-06
374.0 3.366689204722198e-06
375.0 3.350905909445797e-06
376.0 3.3351226141693953e-06
377.0 3.319339318892994e-06
378.0 3.303556023616592e-06
379.0 3.2877727283401903e-06
380.0 3.2719894330637882e-06
381.0 3.256206137787386e-06
382.0 3.2404228425109853e-06
383.0 3.2246395472345832e-06
384.0 3.2088562519581816e-06
385.0 3.1930729566817795e-06
386.0 3.177289661405378e-06
387.0 3.1615063661289766e-06
388.0 3.1457230708525745e-06
389.0 3.1322649726034403e-06
390.0 3.1193564608970407e-06
391.0 3.10644794919064e-06
392.0 3.0935394374842406e-06
393.0 3.080630925777841e-06
394.0 3.0677224140714414e-06
395.0 3.0548139023650413e-06
396.0 3.0419053906586413e-06
397.0 3.0289968789522413e-06
398.0 3.016088367245842e-06
399.0 3.003179855539442e-06
400.0 2.9902713438330416e-06
401.0 2.9773628321266428e-06
402.0 2.9644543204202423e-06
403.0 2.9515458087138423e-06
404.0 2.938637297007443e-06
405.0 2.925728785301043e-06
406.0 2.912820273594644e-06
407.0 2.899911761888244e-06
408.0 2.8870032501818438e-06
409.0 2.8740947384754437e-06
410.0 2.8611862267690437e-06
411.0 2.848277715062644e-06
412.0 2.8353692033562445e-06
413.0 2.8224606916498453e-06
414.0 2.809552179943445e-06
415.0 2.7966436682370448e-06
416.0 2.783735156530645e-06
417.0 2.7708266448242455e-06
418.0 2.757918133117846e-06
419.0 2.748520185542052e-06
420.0 2.7394753658251012e-06
421.0 2.7304305461081506e-06
422.0 2.7213857263912e-06
423.0 2.712340906674249e-06
424.0 2.7032960869572984e-06
425.0 2.6942512672403483e-06
426.0 2.6852064475233972e-06
427.0 2.6761616278064467e-06
428.0 2.667116808089496e-06
429.0 2.658071988372545e-06
430.0 2.649027168655595e-06
431.0 2.6399823489386443e-06
432.0 2.6309375292216937e-06
433.0 2.621892709504743e-06
434.0 2.6128478897877925e-06
435.0 2.603803070070842e-06
436.0 2.5947582503538913e-06
437.0 2.5857134306369407e-06
438.0 2.57666861091999e-06
439.0 2.5676237912030395e-06
440.0 2.558578971486089e-06
441.0 2.549534151769138e-06
442.0 2.5404893320521873e-06
443.0 2.5314445123352367e-06
444.0 2.5223996926182857e-06
445.0 2.5133548729013355e-06
446.0 2.504310053184385e-06
447.0 2.4952652334674343e-06
448.0 2.486220413750484e-06
449.0 2.477175594033533e-06
450.0 2.4681307743165825e-06
451.0 2.459254713791352e-06
452.0 2.4504491557720527e-06
453.0 2.441643597752753e-06
454.0 2.4328380397334537e-06
455.0 2.424032481714154e-06
456.0 2.4152269236948547e-06
457.0 2.406421365675555e-06
458.0 2.397615807656256e-06
459.0 2.388810249636956e-06
460.0 2.3800046916176567e-06
461.0 2.371199133598357e-06
462.0 2.3623935755790573e-06
463.0 2.353588017559758e-06
464.0 2.3447824595404587e-06
465.0 2.335976901521159e-06
466.0 2.32717134350186e-06
467.0 2.318365785482561e-06
468.0 2.309560227463261e-06
469.0 2.3007546694439616e-06
470.0 2.291949111424662e-06
471.0 2.283143553405362e-06
472.0 2.274337995386063e-06
473.0 2.265532437366764e-06
474.0 2.256726879347464e-06
475.0 2.247921321328164e-06
476.0 2.239115763308865e-06
477.0 2.230310205289565e-06
478.0 2.221504647270266e-06
479.0 2.212699089250966e-06
480.0 2.203893531231667e-06
481.0 2.1950879732123675e-06
482.0 2.1862824151930684e-06
483.0 2.177476857173769e-06
484.0 2.168671299154469e-06
485.0 2.159895329481085e-06
486.0 2.15245816742712e-06
487.0 2.1450210053731537e-06
488.0 2.1375838433191883e-06
489.0 2.1301466812652212e-06
490.0 2.122709519211256e-06
491.0 2.11527235715729e-06
492.0 2.1078351951033243e-06
493.0 2.1003980330493585e-06
494.0 2.092960870995393e-06
495.0 2.085523708941427e-06
496.0 2.078086546887461e-06
497.0 2.070649384833496e-06
498.0 2.0632122227795296e-06
499.0 2.055775060725564e-06
500.0 2.0483378986715976e-06
501.0 2.040900736617632e-06
502.0 2.0334635745636656e-06
503.0 2.0260264125097002e-06
504.0 2.0185892504557344e-06
505.0 2.011152088401769e-06
506.0 2.0037149263478033e-06
507.0 1.996277764293837e-06
508.0 1.988840602239871e-06
509.0 1.981403440185905e-06
510.0 1.9739662781319397e-06
511.0 1.966529116077973e-06
512.0 1.959091954024008e-06
513.0 1.951654791970042e-06
514.0 1.9442176299160757e-06
515.0 1.93678046786211e-06
516.0 1.9293433058081446e-06
517.0 1.9219061437541788e-06
518.0 1.914468981700213e-06
519.0 1.9070318196462468e-06
520.0 1.899594657592281e-06
521.0 1.8921574955383152e-06
522.0 1.884720333484349e-06
523.0 1.878931561427903e-06
524.0 1.8739679084184354e-06
525.0 1.8690042554089675e-06
526.0 1.8640406023994999e-06
527.0 1.8590769493900318e-06
528.0 1.8541132963805644e-06
529.0 1.8491496433710968e-06
530.0 1.8441859903616287e-06
531.0 1.8392223373521615e-06
532.0 1.8342586843426937e-06
533.0 1.829295031333226e-06
534.0 1.8243313783237584e-06
535.0 1.8193677253142903e-06
536.0 1.8144040723048233e-06
537.0 1.8094404192953557e-06
538.0 1.8044767662858883e-06
539.0 1.7995131132764198e-06
540.0 1.7945494602669522e-06
541.0 1.7895858072574845e-06
542.0 1.7846221542480167e-06
543.0 1.779658501238549e-06
544.0 1.7746948482290816e-06
545.0 1.7697311952196136e-06
546.0 1.764767542210146e-06
547.0 1.7598038892006783e-06
548.0 1.7548402361912109e-06
549.0 1.7498765831817432e-06
550.0 1.7449129301722752e-06
551.0 1.7399492771628078e-06
552.0 1.7349856241533401e-06
553.0 1.7300219711438725e-06
554.0 1.7250583181344047e-06
555.0 1.720094665124937e-06
556.0 1.7151310121154694e-06
557.0 1.7101673591060015e-06
558.0 1.7052037060965341e-06
559.0 1.7002400530870663e-06
560.0 1.6952764000775988e-06
561.0 1.6903127470681308e-06
562.0 1.6853490940586634e-06
563.0 1.6804803626278136e-06
564.0 1.675735449386626e-06
565.0 1.670990536145439e-06
566.0 1.6662456229042519e-06
567.0 1.661500709663065e-06
568.0 1.656755796421878e-06
569.0 1.652010883180691e-06
570.0 1.6472659699395037e-06
571.0 1.642521056698317e-06
572.0 1.6377761434571297e-06
573.0 1.6330312302159429e-06
574.0 1.6282863169747552e-06
575.0 1.6235414037335684e-06
576.0 1.6187964904923814e-06
577.0 1.6140515772511943e-06
578.0 1.609306664010007e-06
579.0 1.6045617507688205e-06
580.0 1.599816837527633e-06
581.0 1.595071924286446e-06
582.0 1.5903270110452592e-06
583.0 1.5855820978040717e-06
584.0 1.5808371845628847e-06
585.0 1.5760922713216975e-06
586.0 1.5713473580805106e-06
587.0 1.5666024448393238e-06
588.0 1.5618575315981366e-06
589.0 1.5571126183569491e-06
590.0 1.5523677051157625e-06
591.0 1.5476227918745753e-06
592.0 1.542877878633388e-06
593.0 1.5381329653922012e-06
594.0 1.5333880521510142e-06
595.0 1.528643138909827e-06
596.0 1.52389822566864e-06
597.0 1.5191533124274529e-06
598.0 1.5144083991862659e-06
599.0 1.5096634859450786e-06
600.0 1.5049185727038916e-06
601.0 1.5001736594627046e-06
602.0 1.4954287462215175e-06
603.0 1.4906838329803303e-06
604.0 1.4859389197391433e-06
605.0 1.4811940064979562e-06
606.0 1.4765103369244708e-06
607.0 1.4723623840762277e-06
608.0 1.4682144312279846e-06
609.0 1.4640664783797412e-06
610.0 1.459918525531498e-06
611.0 1.4557705726832545e-06
612.0 1.4516226198350114e-06
613.0 1.4474746669867685e-06
614.0 1.4433267141385254e-06
615.0 1.4391787612902818e-06
616.0 1.4350308084420387e-06
617.0 1.4308828555937954e-06
618.0 1.4267349027455518e-06
619.0 1.4225869498973091e-06
620.0 1.418438997049066e-06
621.0 1.4142910442008225e-06
622.0 1.4101430913525791e-06
623.0 1.405995138504336e-06
624.0 1.401847185656093e-06
625.0 1.3976992328078496e-06
626.0 1.3935512799596062e-06
627.0 1.3894033271113633e-06
628.0 1.38525537426312e-06
629.0 1.3811074214148769e-06
630.0 1.3769594685666331e-06
631.0 1.37281151571839e-06
632.0 1.3686635628701469e-06
633.0 1.3645156100219035e-06
634.0 1.3603676571736604e-06
635.0 1.356219704325417e-06
636.0 1.352071751477174e-06
637.0 1.3479237986289308e-06
638.0 1.3437758457806877e-06
639.0 1.3396278929324442e-06
640.0 1.3354799400842008e-06
641.0 1.3313319872359577e-06
642.0 1.3271840343877146e-06
643.0 1.3230360815394713e-06
644.0 1.318888128691228e-06
645.0 1.3147401758429848e-06
646.0 1.3105922229947417e-06
647.0 1.3064442701464986e-06
648.0 1.3022963172982552e-06
649.0 1.298148364450012e-06
650.0 1.2940004116017688e-06
651.0 1.2898524587535256e-06
652.0 1.2857045059052823e-06
653.0 1.2821987176476288e-06
654.0 1.2795315577969074e-06
655.0 1.276864397946186e-06
656.0 1.2741972380954644e-06
657.0 1.271530078244743e-06
658.0 1.2688629183940215e-06
659.0 1.2661957585433e-06
660.0 1.2635285986925784e-06
661.0 1.2608614388418569e-06
662.0 1.2581942789911356e-06
663.0 1.2555271191404142e-06
664.0 1.252859959289693e-06
665.0 1.2501927994389714e-06
666.0 1.2475256395882498e-06
667.0 1.2448584797375285e-06
668.0 1.242191319886807e-06
669.0 1.2395241600360854e-06
670.0 1.236857000185364e-06
671.0 1.2341898403346424e-06
672.0 1.2315226804839208e-06
673.0 1.2288555206331995e-06
674.0 1.226188360782478e-06
675.0 1.2235212009317566e-06
676.0 1.220854041081035e-06
677.0 1.2181868812303138e-06
678.0 1.2155197213795922e-06
679.0 1.2128525615288707e-06
680.0 1.2101854016781491e-06
681.0 1.2075182418274278e-06
682.0 1.2048510819767063e-06
683.0 1.2021839221259847e-06
684.0 1.1995167622752634e-06
685.0 1.196849602424542e-06
686.0 1.1941824425738205e-06
687.0 1.1915152827230992e-06
688.0 1.1888481228723777e-06
689.0 1.186180963021656e-06
690.0 1.1835138031709344e-06
691.0 1.1808466433202129e-06
692.0 1.1781794834694915e-06
693.0 1.1755123236187702e-06
694.0 1.1728451637680487e-06
695.0 1.1701780039173271e-06
696.0 1.1675108440666058e-06
697.0 1.1648436842158845e-06
698.0 1.162176524365163e-06
699.0 1.1595093645144414e-06
700.0 1.1568422046637199e-06
701.0 1.1541750448129983e-06
702.0 1.151507884962277e-06
703.0 1.1488713911437972e-06
704.0 1.1463845317776066e-06
705.0 1.1438976724114162e-06
706.0 1.1414108130452258e-06
707.0 1.1389239536790354e-06
708.0 1.136437094312845e-06
709.0 1.1339502349466546e-06
710.0 1.1314633755804642e-06
711.0 1.1289765162142738e-06
712.0 1.1264896568480836e-06
713.0 1.124002797481893e-06
714.0 1.1215159381157026e-06
715.0 1.1190290787495122e-06
716.0 1.1165422193833216e-06
717.0 1.1140553600171311e-06
718.0 1.1115685006509407e-06
719.0 1.1090816412847506e-06
720.0 1.10659478191856e-06
721.0 1.1041079225523695e-06
722.0 1.1016210631861791e-06
723.0 1.0991342038199887e-06
724.0 1.0966473444537986e-06
725.0 1.094160485087608e-06
726.0 1.0916736257214175e-06
727.0 1.0891867663552273e-06
728.0 1.086699906989037e-06
729.0 1.0842130476228463e-06
730.0 1.0817261882566557e-06
731.0 1.0792393288904651e-06
732.0 1.076752469524275e-06
733.0 1.0742656101580843e-06
734.0 1.0717787507918941e-06
735.0 1.0692918914257037e-06
736.0 1.066805032059513e-06
737.0 1.064318172693323e-06
738.0 1.0618313133271325e-06
739.0 1.0593444539609421e-06
740.0 1.0568575945947515e-06
741.0 1.0543707352285613e-06
742.0 1.051883875862371e-06
743.0 1.0493970164961805e-06
744.0 1.04691015712999e-06
745.0 1.0444232977637995e-06
746.0 1.041936438397609e-06
747.0 1.039449579031419e-06
748.0 1.0369627196652285e-06
749.0 1.0344758602990379e-06
750.0 1.0319890009328477e-06
751.0 1.029502141566657e-06
752.0 1.027015282200467e-06
753.0 1.0245284228342765e-06
754.0 1.0220415634680859e-06
755.0 1.0195547041018957e-06
756.0 1.017067844735705e-06
757.0 1.0145896854811513e-06
758.0 1.0123515617251392e-06
759.0 1.0101134379691266e-06
760.0 1.0078753142131143e-06
761.0 1.005637190457102e-06
762.0 1.0033990667010894e-06
763.0 1.001160942945077e-06
764.0 9.98922819189065e-07
765.0 9.966846954330526e-07
766.0 9.9444657167704e-07
767.0 9.922084479210279e-07
768.0 9.899703241650155e-07
769.0 9.87732200409003e-07
770.0 9.854940766529907e-07
771.0 9.832559528969783e-07
772.0 9.810178291409662e-07
773.0 9.787797053849536e-07
774.0 9.765415816289415e-07
775.0 9.743034578729292e-07
776.0 9.720653341169168e-07
777.0 9.698272103609043e-07
778.0 9.67589086604892e-07
779.0 9.653509628488798e-07
780.0 9.631128390928672e-07
781.0 9.608747153368551e-07
782.0 9.586365915808428e-07
783.0 9.563984678248304e-07
784.0 9.541603440688179e-07
785.0 9.519222203128055e-07
786.0 9.496840965567932e-07
787.0 9.474459728007808e-07
788.0 9.452078490447685e-07
789.0 9.429697252887564e-07
790.0 9.40731601532744e-07
791.0 9.384934777767315e-07
792.0 9.362553540207191e-07
793.0 9.340172302647068e-07
794.0 9.317791065086945e-07
795.0 9.295409827526821e-07
796.0 9.273028589966698e-07
797.0 9.250647352406574e-07
798.0 9.228266114846451e-07
799.0 9.205884877286328e-07
800.0 9.183503639726204e-07
801.0 9.161122402166081e-07
802.0 9.138741164605957e-07
803.0 9.116359927045834e-07
804.0 9.09397868948571e-07
805.0 9.071597451925587e-07
806.0 9.049216214365464e-07
807.0 9.02683497680534e-07
808.0 9.004453739245217e-07
809.0 8.982072501685093e-07
810.0 8.95969126412497e-07
811.0 8.937310026564846e-07
812.0 8.914928789004722e-07
813.0 8.892547551444599e-07
814.0 8.870166313884475e-07
815.0 8.847785076324352e-07
816.0 8.83135858587948e-07
817.0 8.817132930992563e-07
818.0 8.80290727610564e-07
819.0 8.788681621218719e-07
820.0 8.774455966331799e-07
821.0 8.760230311444876e-07
822.0 8.746004656557955e-07
823.0 8.731779001671032e-07
824.0 8.717553346784113e-07
825.0 8.70332769189719e-07
826.0 8.689102037010269e-07
827.0 8.674876382123349e-07
828.0 8.660650727236427e-07
829.0 8.646425072349504e-07
830.0 8.632199417462583e-07
831.0 8.617973762575663e-07
832.0 8.60374810768874e-07
833.0 8.58952245280182e-07
834.0 8.575296797914899e-07
835.0 8.561071143027978e-07
836.0 8.546845488141056e-07
837.0 8.532619833254134e-07
838.0 8.518394178367215e-07
839.0 8.504168523480292e-07
840.0 8.48994286859337e-07
841.0 8.475717213706451e-07
842.0 8.461491558819529e-07
843.0 8.447265903932607e-07
844.0 8.433040249045685e-07
845.0 8.418814594158764e-07
846.0 8.404588939271844e-07
847.0 8.39036328438492e-07
848.0 8.376137629498e-07
849.0 8.361911974611079e-07
850.0 8.347686319724156e-07
851.0 8.333460664837236e-07
852.0 8.319235009950316e-07
853.0 8.305009355063394e-07
854.0 8.290783700176472e-07
855.0 8.276558045289549e-07
856.0 8.26233239040263e-07
857.0 8.248106735515708e-07
858.0 8.233881080628786e-07
859.0 8.219655425741866e-07
860.0 8.205429770854943e-07
861.0 8.191204115968023e-07
862.0 8.176978461081101e-07
863.0 8.16275280619418e-07
864.0 8.14852715130726e-07
865.0 8.134301496420337e-07
866.0 8.120075841533417e-07
867.0 8.105850186646495e-07
868.0 8.091624531759573e-07
869.0 8.077398876872651e-07
870.0 8.063173221985731e-07
871.0 8.048947567098809e-07
872.0 8.034721912211887e-07
873.0 8.020496257324968e-07
874.0 8.006270602438046e-07
875.0 7.992044947551124e-07
876.0 7.977819292664201e-07
877.0 7.963593637777281e-07
878.0 7.949367982890359e-07
879.0 7.93651240981235e-07
880.0 7.923753007058297e-07
881.0 7.910993604304244e-07
882.0 7.898234201550191e-07
883.0 7.885474798796138e-07
884.0 7.872715396042085e-07
885.0 7.859955993288031e-07
886.0 7.847196590533978e-07
887.0 7.834437187779925e-07
888.0 7.821677785025872e-07
889.0 7.808918382271819e-07
890.0 7.796158979517766e-07
891.0 7.783399576763713e-07
892.0 7.77064017400966e-07
893.0 7.757880771255607e-07
894.0 7.745121368501554e-07
895.0 7.732361965747498e-07
896.0 7.719602562993445e-07
897.0 7.706843160239394e-07
898.0 7.694083757485341e-07
899.0 7.681324354731286e-07
900.0 7.668564951977233e-07
901.0 7.65580554922318e-07
902.0 7.643046146469127e-07
903.0 7.630286743715074e-07
904.0 7.61752734096102e-07
905.0 7.604767938206967e-07
906.0 7.592008535452914e-07
907.0 7.579249132698861e-07
908.0 7.566489729944808e-07
909.0 7.553730327190755e-07
910.0 7.540970924436702e-07
911.0 7.528211521682649e-07
912.0 7.515452118928596e-07
913.0 7.502692716174543e-07
914.0 7.489933313420487e-07
915.0 7.477173910666434e-07
916.0 7.464414507912381e-07
917.0 7.45165510515833e-07
918.0 7.438895702404277e-07
919.0 7.426136299650222e-07
920.0 7.413376896896169e-07
921.0 7.400617494142116e-07
922.0 7.387858091388063e-07
923.0 7.37509868863401e-07
924.0 7.362339285879956e-07
925.0 7.349579883125903e-07
926.0 7.33682048037185e-07
927.0 7.324061077617797e-07
928.0 7.311301674863744e-07
929.0 7.298542272109691e-07
930.0 7.285782869355638e-07
931.0 7.273023466601585e-07
932.0 7.260264063847529e-07
933.0 7.247504661093476e-07
934.0 7.234745258339423e-07
935.0 7.22198585558537e-07
936.0 7.209226452831319e-07
937.0 7.196467050077266e-07
938.0 7.183707647323213e-07
939.0 7.170948244569158e-07
940.0 7.158188841815105e-07
941.0 7.145429439061052e-07
942.0 7.132670036306998e-07
943.0 7.119910633552945e-07
944.0 7.107151230798892e-07
945.0 7.094391828044839e-07
946.0 7.081917964227008e-07
947.0 7.070104463313349e-07
948.0 7.058290962399691e-07
949.0 7.04647746148603e-07
950.0 7.034663960572372e-07
951.0 7.022850459658711e-07
952.0 7.011036958745053e-07
953.0 6.999223457831395e-07
954.0 6.987409956917734e-07
955.0 6.975596456004075e-07
956.0 6.963782955090416e-07
957.0 6.951969454176756e-07
958.0 6.940155953263097e-07
959.0 6.928342452349436e-07
960.0 6.916528951435778e-07
961.0 6.904715450522119e-07
962.0 6.892901949608459e-07
963.0 6.881088448694801e-07
964.0 6.869274947781139e-07
965.0 6.857461446867481e-07
966.0 6.845647945953822e-07
967.0 6.833834445040162e-07
968.0 6.822020944126503e-07
969.0 6.810207443212845e-07
970.0 6.798393942299185e-07
971.0 6.786580441385526e-07
972.0 6.774766940471865e-07
973.0 6.762953439558207e-07
974.0 6.751139938644548e-07
975.0 6.739326437730888e-07
976.0 6.727512936817229e-07
977.0 6.715699435903571e-07
978.0 6.70388593498991e-07
979.0 6.692072434076251e-07
980.0 6.680258933162591e-07
981.0 6.668445432248932e-07
982.0 6.656631931335273e-07
983.0 6.644818430421613e-07
984.0 6.633004929507954e-07
985.0 6.621191428594293e-07
986.0 6.609377927680635e-07
987.0 6.597564426766976e-07
988.0 6.585750925853315e-07
989.0 6.573937424939657e-07
990.0 6.562123924025999e-07
991.0 6.550310423112339e-07
992.0 6.53849692219868e-07
993.0 6.526683421285019e-07
994.0 6.514869920371361e-07
995.0 6.503056419457703e-07
996.0 6.491242918544042e-07
997.0 6.479429417630383e-07
998.0 6.467615916716725e-07
999.0 6.455802415803064e-07
1000.0 6.443988914889405e-07
1001.0 6.432175413975745e-07
1002.0 6.420361913062086e-07
1003.0 6.408548412148427e-07
1004.0 6.396734911234767e-07
1005.0 6.384921410321108e-07
1006.0 6.373107909407447e-07
1007.0 6.361294408493789e-07
1008.0 6.34948090758013e-07
1009.0 6.33766740666647e-07
1010.0 6.325853905752811e-07
1011.0 6.314040404839154e-07
1012.0 6.302226903925493e-07
1013.0 6.290413403011834e-07
1014.0 6.278599902098174e-07
1015.0 6.266786401184515e-07
1016.0 6.254972900270856e-07
1017.0 6.243159399357196e-07
1018.0 6.231345898443537e-07
1019.0 6.221507780792979e-07
1020.0 6.213988897036061e-07
1021.0 6.206470013279144e-07
1022.0 6.198951129522227e-07
1023.0 6.191432245765311e-07
1024.0 6.183913362008393e-07
1025.0 6.176394478251477e-07
1026.0 6.168875594494562e-07
1027.0 6.161356710737643e-07
1028.0 6.153837826980727e-07
1029.0 6.14631894322381e-07
1030.0 6.138800059466893e-07
1031.0 6.131281175709978e-07
1032.0 6.12376229195306e-07
1033.0 6.116243408196143e-07
1034.0 6.108724524439226e-07
1035.0 6.10120564068231e-07
1036.0 6.093686756925392e-07
1037.0 6.086167873168476e-07
1038.0 6.07864898941156e-07
1039.0 6.071130105654642e-07
1040.0 6.063611221897726e-07
1041.0 6.056092338140809e-07
1042.0 6.048573454383892e-07
1043.0 6.041054570626975e-07
1044.0 6.033535686870059e-07
1045.0 6.026016803113142e-07
1046.0 6.018497919356225e-07
1047.0 6.010979035599309e-07
1048.0 6.003460151842391e-07
1049.0 5.995941268085475e-07
1050.0 5.988422384328559e-07
1051.0 5.980903500571641e-07
1052.0 5.973384616814725e-07
1053.0 5.965865733057807e-07
1054.0 5.958346849300891e-07
1055.0 5.950827965543973e-07
1056.0 5.943309081787057e-07
1057.0 5.935790198030141e-07
1058.0 5.928271314273224e-07
1059.0 5.920752430516307e-07
1060.0 5.91323354675939e-07
1061.0 5.905714663002474e-07
1062.0 5.898195779245557e-07
1063.0 5.89067689548864e-07
1064.0 5.883158011731724e-07
1065.0 5.875639127974806e-07
1066.0 5.86812024421789e-07
1067.0 5.860601360460972e-07
1068.0 5.853082476704056e-07
1069.0 5.84556359294714e-07
1070.0 5.838044709190223e-07
1071.0 5.830525825433307e-07
1072.0 5.823006941676388e-07
1073.0 5.815488057919473e-07
1074.0 5.807969174162554e-07
1075.0 5.800450290405639e-07
1076.0 5.792931406648723e-07
1077.0 5.785412522891805e-07
1078.0 5.777893639134889e-07
1079.0 5.770374755377971e-07
1080.0 5.762855871621055e-07
1081.0 5.755336987864139e-07
1082.0 5.747818104107221e-07
1083.0 5.740299220350305e-07
1084.0 5.732780336593388e-07
1085.0 5.725261452836472e-07
1086.0 5.717742569079553e-07
1087.0 5.710223685322638e-07
1088.0 5.702704801565722e-07
1089.0 5.695185917808803e-07
1090.0 5.687667034051889e-07
1091.0 5.680148150294971e-07
1092.0 5.672629266538054e-07
1093.0 5.665110382781139e-07
1094.0 5.657591499024221e-07
1095.0 5.650072615267304e-07
1096.0 5.642553731510386e-07
1097.0 5.635042731017763e-07
1098.0 5.628581196361071e-07
1099.0 5.622119661704379e-07
1100.0 5.615658127047688e-07
1101.0 5.609196592390997e-07
1102.0 5.602735057734304e-07
1103.0 5.596273523077614e-07
1104.0 5.589811988420921e-07
1105.0 5.58335045376423e-07
1106.0 5.576888919107539e-07
1107.0 5.570427384450846e-07
1108.0 5.563965849794156e-07
1109.0 5.557504315137465e-07
1110.0 5.551042780480772e-07
1111.0 5.544581245824082e-07
1112.0 5.538119711167389e-07
1113.0 5.531658176510697e-07
1114.0 5.525196641854007e-07
1115.0 5.518735107197315e-07
1116.0 5.512273572540623e-07
1117.0 5.505812037883931e-07
1118.0 5.49935050322724e-07
1119.0 5.492888968570549e-07
1120.0 5.486427433913857e-07
1121.0 5.479965899257165e-07
1122.0 5.473504364600472e-07
1123.0 5.467042829943782e-07
1124.0 5.460581295287091e-07
1125.0 5.454119760630398e-07
1126.0 5.447658225973708e-07
1127.0 5.441196691317014e-07
1128.0 5.434735156660324e-07
1129.0 5.428273622003633e-07
1130.0 5.421812087346941e-07
1131.0 5.41535055269025e-07
1132.0 5.408889018033558e-07
1133.0 5.402427483376865e-07
1134.0 5.395965948720175e-07
1135.0 5.389504414063483e-07
1136.0 5.383042879406793e-07
1137.0 5.376581344750101e-07
1138.0 5.370119810093407e-07
1139.0 5.363658275436717e-07
1140.0 5.357196740780024e-07
1141.0 5.350735206123334e-07
1142.0 5.344273671466644e-07
1143.0 5.33781213680995e-07
1144.0 5.331350602153259e-07
1145.0 5.324889067496566e-07
1146.0 5.318427532839876e-07
1147.0 5.311965998183186e-07
1148.0 5.305504463526493e-07
1149.0 5.299042928869801e-07
1150.0 5.292581394213109e-07
1151.0 5.286119859556418e-07
1152.0 5.279658324899727e-07
1153.0 5.273196790243035e-07
1154.0 5.266735255586344e-07
1155.0 5.260273720929653e-07
1156.0 5.25381218627296e-07
1157.0 5.247350651616269e-07
1158.0 5.240889116959577e-07
1159.0 5.234427582302886e-07
1160.0 5.227966047646194e-07
1161.0 5.221504512989502e-07
1162.0 5.215042978332812e-07
1163.0 5.208581443676118e-07
1164.0 5.202119909019428e-07
1165.0 5.195658374362737e-07
1166.0 5.189196839706044e-07
1167.0 5.182735305049354e-07
1168.0 5.176273770392661e-07
1169.0 5.16981223573597e-07
1170.0 5.163350701079279e-07
1171.0 5.156889166422586e-07
1172.0 5.150427631765895e-07
1173.0 5.143966097109203e-07
1174.0 5.137504562452512e-07
1175.0 5.131043027795821e-07
1176.0 5.124581493139128e-07
1177.0 5.118119958482437e-07
1178.0 5.111658423825745e-07
1179.0 5.105196889169054e-07
1180.0 5.098735354512364e-07
1181.0 5.092273819855671e-07
1182.0 5.085989132210157e-07
1183.0 5.07987288009081e-07
1184.0 5.073756627971461e-07
1185.0 5.067640375852112e-07
1186.0 5.061524123732764e-07
1187.0 5.055407871613415e-07
1188.0 5.049291619494068e-07
1189.0 5.043175367374716e-07
1190.0 5.037059115255369e-07
1191.0 5.030942863136021e-07
1192.0 5.024826611016672e-07
1193.0 5.018710358897323e-07
1194.0 5.012594106777975e-07
1195.0 5.006477854658624e-07
1196.0 5.000361602539276e-07
1197.0 4.994245350419928e-07
1198.0 4.988129098300579e-07
1199.0 4.982012846181232e-07
1200.0 4.975896594061882e-07
1201.0 4.969780341942535e-07
1202.0 4.963664089823184e-07
1203.0 4.957547837703835e-07
1204.0 4.951431585584487e-07
1205.0 4.945315333465139e-07
1206.0 4.93919908134579e-07
1207.0 4.933082829226443e-07
1208.0 4.926966577107091e-07
1209.0 4.920850324987743e-07
1210.0 4.914734072868395e-07
1211.0 4.908617820749046e-07
1212.0 4.902501568629698e-07
1213.0 4.89638531651035e-07
1214.0 4.890269064391001e-07
1215.0 4.88415281227165e-07
1216.0 4.878036560152302e-07
1217.0 4.871920308032954e-07
1218.0 4.865804055913607e-07
1219.0 4.859687803794257e-07
1220.0 4.853571551674908e-07
1221.0 4.847455299555561e-07
1222.0 4.84133904743621e-07
1223.0 4.835222795316862e-07
1224.0 4.829106543197514e-07
1225.0 4.822990291078165e-07
1226.0 4.816874038958816e-07
1227.0 4.810757786839468e-07
1228.0 4.804641534720117e-07
1229.0 4.79852528260077e-07
1230.0 4.792409030481421e-07
1231.0 4.786292778362073e-07
1232.0 4.780176526242725e-07
1233.0 4.774060274123375e-07
1234.0 4.7679440220040255e-07
1235.0 4.761827769884678e-07
1236.0 4.755711517765329e-07
1237.0 4.749595265645981e-07
1238.0 4.7434790135266324e-07
1239.0 4.737362761407283e-07
1240.0 4.731246509287934e-07
1241.0 4.725130257168586e-07
1242.0 4.719014005049236e-07
1243.0 4.7128977529298887e-07
1244.0 4.70678150081054e-07
1245.0 4.700665248691191e-07
1246.0 4.694548996571842e-07
1247.0 4.6884327444524935e-07
1248.0 4.682316492333145e-07
1249.0 4.6762002402137957e-07
1250.0 4.670083988094448e-07
1251.0 4.6639677359750995e-07
1252.0 4.6578514838557503e-07
1253.0 4.6517352317364006e-07
1254.0 4.645618979617053e-07
1255.0 4.639502727497704e-07
1256.0 4.633386475378355e-07
1257.0 4.6272702232590076e-07
1258.0 4.621153971139658e-07
1259.0 4.615037719020309e-07
1260.0 4.608921466900961e-07
1261.0 4.6028052147816114e-07
1262.0 4.5966889626622627e-07
1263.0 4.5905727105429146e-07
1264.0 4.584456458423566e-07
1265.0 4.5783402063042173e-07
1266.0 4.572223954184868e-07
1267.0 4.5661077020655205e-07
1268.0 4.559991449946171e-07
1269.0 4.553875197826822e-07
1270.0 4.5477589457074735e-07
1271.0 4.5416426935881254e-07
1272.0 4.5355264414687757e-07
1273.0 4.530488604211642e-07
1274.0 4.5264922896038197e-07
1275.0 4.5224959749959974e-07
1276.0 4.518499660388176e-07
1277.0 4.514503345780354e-07
1278.0 4.510507031172533e-07
1279.0 4.5065107165647107e-07
1280.0 4.502514401956889e-07
1281.0 4.4985180873490666e-07
1282.0 4.4945217727412453e-07
1283.0 4.490525458133424e-07
1284.0 4.486529143525601e-07
1285.0 4.48253282891778e-07
1286.0 4.4785365143099576e-07
1287.0 4.474540199702136e-07
1288.0 4.4705438850943145e-07
1289.0 4.4665475704864933e-07
1290.0 4.462551255878671e-07
1291.0 4.458554941270849e-07
1292.0 4.454558626663028e-07
1293.0 4.4505623120552056e-07
1294.0 4.446565997447385e-07
1295.0 4.4425696828395614e-07
1296.0 4.43857336823174e-07
1297.0 4.4345770536239184e-07
1298.0 4.430580739016097e-07
1299.0 4.426584424408275e-07
1300.0 4.422588109800453e-07
1301.0 4.4185917951926317e-07
1302.0 4.4145954805848094e-07
1303.0 4.4105991659769876e-07
1304.0 4.4066028513691653e-07
1305.0 4.402606536761344e-07
1306.0 4.3986102221535217e-07
1307.0 4.394613907545701e-07
1308.0 4.3906175929378786e-07
1309.0 4.386621278330058e-07
1310.0 4.3826249637222356e-07
1311.0 4.3786286491144143e-07
1312.0 4.374632334506592e-07
1313.0 4.37063601989877e-07
1314.0 4.366639705290949e-07
1315.0 4.3626433906831276e-07
1316.0 4.358647076075305e-07
1317.0 4.3546507614674825e-07
1318.0 4.350654446859661e-07
1319.0 4.3466581322518394e-07
1320.0 4.342661817644017e-07
1321.0 4.338665503036196e-07
1322.0 4.3346691884283745e-07
1323.0 4.3306728738205517e-07
1324.0 4.3266765592127294e-07
1325.0 4.322680244604909e-07
1326.0 4.3186839299970863e-07
1327.0 4.314687615389265e-07
1328.0 4.3106913007814427e-07
1329.0 4.3066949861736214e-07
1330.0 4.3026986715657996e-07
1331.0 4.2987023569579784e-07
1332.0 4.294706042350156e-07
1333.0 4.290709727742334e-07
1334.0 4.2867134131345135e-07
1335.0 4.2827170985266907e-07
1336.0 4.2787207839188683e-07
1337.0 4.274724469311047e-07
1338.0 4.2707281547032253e-07
1339.0 4.2667318400954035e-07
1340.0 4.262735525487581e-07
1341.0 4.2587392108797604e-07
1342.0 4.254742896271938e-07
1343.0 4.250746581664115e-07
1344.0 4.2467502670562956e-07
1345.0 4.2427539524484727e-07
1346.0 4.2387576378406504e-07
1347.0 4.234761323232829e-07
1348.0 4.2307650086250073e-07
1349.0 4.226768694017185e-07
1350.0 4.222772379409364e-07
1351.0 4.2187760648015425e-07
1352.0 4.21477975019372e-07
1353.0 4.2107834355858973e-07
1354.0 4.2067871209780776e-07
1355.0 4.202790806370255e-07
1356.0 4.1987944917624324e-07
1357.0 4.194798177154611e-07
1358.0 4.1908018625467894e-07
1359.0 4.186805547938968e-07
1360.0 4.1828092333311463e-07
1361.0 4.1788129187233245e-07
1362.0 4.174816604115502e-07
1363.0 4.1708202895076793e-07
1364.0 4.1668239748998586e-07
1365.0 4.162827660292037e-07
1366.0 4.158831345684215e-07
1367.0 4.154835031076393e-07
1368.0 4.1508387164685714e-07
1369.0 4.146842401860749e-07
1370.0 4.1428460872529283e-07
1371.0 4.139209847845946e-07
1372.0 4.135939891572013e-07
1373.0 4.1326699352980814e-07
1374.0 4.1293999790241496e-07
1375.0 4.1261300227502156e-07
1376.0 4.122860066476283e-07
1377.0 4.1195901102023504e-07
1378.0 4.116320153928418e-07
1379.0 4.113050197654485e-07
1380.0 4.1097802413805533e-07
1381.0 4.1065102851066215e-07
1382.0 4.1032403288326886e-07
1383.0 4.099970372558755e-07
1384.0 4.096700416284822e-07
1385.0 4.09343046001089e-07
1386.0 4.090160503736958e-07
1387.0 4.086890547463025e-07
1388.0 4.0836205911890923e-07
1389.0 4.08035063491516e-07
1390.0 4.077080678641228e-07
1391.0 4.073810722367295e-07
1392.0 4.070540766093362e-07
1393.0 4.06727080981943e-07
1394.0 4.064000853545497e-07
1395.0 4.060730897271565e-07
1396.0 4.057460940997632e-07
1397.0 4.054190984723699e-07
1398.0 4.050921028449767e-07
1399.0 4.047651072175834e-07
1400.0 4.0443811159019023e-07
1401.0 4.04111115962797e-07
1402.0 4.0378412033540366e-07
1403.0 4.0345712470801037e-07
1404.0 4.031301290806172e-07
1405.0 4.028031334532239e-07
1406.0 4.024761378258306e-07
1407.0 4.0214914219843737e-07
1408.0 4.018221465710441e-07
1409.0 4.0149515094365095e-07
1410.0 4.0116815531625755e-07
1411.0 4.0084115968886437e-07
1412.0 4.005141640614711e-07
1413.0 4.0018716843407785e-07
1414.0 3.998601728066846e-07
1415.0 3.995331771792913e-07
1416.0 3.9920618155189814e-07
1417.0 3.988791859245049e-07
1418.0 3.9855219029711156e-07
1419.0 3.9822519466971827e-07
1420.0 3.978981990423251e-07
1421.0 3.975712034149318e-07
1422.0 3.972442077875385e-07
1423.0 3.969172121601453e-07
1424.0 3.9659021653275204e-07
1425.0 3.9626322090535885e-07
1426.0 3.959362252779656e-07
1427.0 3.956092296505723e-07
1428.0 3.9528223402317904e-07
1429.0 3.9495523839578575e-07
1430.0 3.946282427683925e-07
1431.0 3.9430124714099933e-07
1432.0 3.9397425151360604e-07
1433.0 3.936472558862128e-07
1434.0 3.933202602588195e-07
1435.0 3.9299326463142617e-07
1436.0 3.9266626900403294e-07
1437.0 3.9233927337663975e-07
1438.0 3.920122777492465e-07
1439.0 3.9168528212185323e-07
1440.0 3.9135828649446e-07
1441.0 3.910312908670667e-07
1442.0 3.907042952396735e-07
1443.0 3.9037729961228023e-07
1444.0 3.900503039848869e-07
1445.0 3.897233083574937e-07
1446.0 3.893963127301004e-07
1447.0 3.890693171027072e-07
1448.0 3.887423214753139e-07
1449.0 3.884153258479207e-07
1450.0 3.880883302205274e-07
1451.0 3.8776133459313423e-07
1452.0 3.8743433896574094e-07
1453.0 3.871073433383477e-07
1454.0 3.8678034771095437e-07
1455.0 3.864533520835611e-07
1456.0 3.861263564561679e-07
1457.0 3.857993608287746e-07
1458.0 3.8547236520138137e-07
1459.0 3.851453695739881e-07
1460.0 3.848183739465949e-07
1461.0 3.8449137831920155e-07
1462.0 3.841643826918084e-07
1463.0 3.838373870644151e-07
1464.0 3.8351039143702174e-07
1465.0 3.8318339580962856e-07
1466.0 3.828564001822353e-07
1467.0 3.825294045548421e-07
1468.0 3.8220240892744885e-07
1469.0 3.8187541330005566e-07
1470.0 3.8154841767266227e-07
1471.0 3.81221422045269e-07
1472.0 3.8089442641787574e-07
1473.0 3.8056743079048256e-07
1474.0 3.8024043516308927e-07
1475.0 3.7991343953569603e-07
1476.0 3.7958644390830285e-07
1477.0 3.79270453084556e-07
1478.0 3.7895524805510396e-07
1479.0 3.7864004302565203e-07
1480.0 3.783248379962e-07
1481.0 3.7800963296674816e-07
1482.0 3.776944279372961e-07
1483.0 3.773792229078442e-07
1484.0 3.7706401787839215e-07
1485.0 3.767488128489402e-07
1486.0 3.764336078194883e-07
1487.0 3.761184027900364e-07
1488.0 3.7580319776058436e-07
1489.0 3.7548799273113243e-07
1490.0 3.751727877016805e-07
1491.0 3.748575826722285e-07
1492.0 3.7454237764277647e-07
1493.0 3.742271726133246e-07
1494.0 3.7391196758387276e-07
1495.0 3.735967625544207e-07
1496.0 3.732815575249687e-07
1497.0 3.729663524955168e-07
1498.0 3.7265114746606476e-07
1499.0 3.723359424366128e-07
1500.0 3.7202073740716074e-07
1501.0 3.717055323777089e-07
1502.0 3.7139032734825703e-07
1503.0 3.71075122318805e-07
1504.0 3.70759917289353e-07
1505.0 3.70444712259901e-07
1506.0 3.701295072304491e-07
1507.0 3.698143022009972e-07
1508.0 3.694990971715452e-07
1509.0 3.691838921420932e-07
1510.0 3.6886868711264135e-07
1511.0 3.685534820831893e-07
1512.0 3.6823827705373727e-07
1513.0 3.679230720242854e-07
1514.0 3.676078669948335e-07
1515.0 3.6729266196538147e-07
1516.0 3.6697745693592964e-07
1517.0 3.666622519064776e-07
1518.0 3.663470468770256e-07
1519.0 3.6603184184757363e-07
1520.0 3.657166368181217e-07
1521.0 3.6540143178866966e-07
1522.0 3.6508622675921783e-07
1523.0 3.647710217297658e-07
1524.0 3.644558167003138e-07
1525.0 3.6414061167086187e-07
1526.0 3.6382540664140994e-07
1527.0 3.63510201611958e-07
1528.0 3.63194996582506e-07
1529.0 3.62879791553054e-07
1530.0 3.625645865236021e-07
1531.0 3.6224938149415006e-07
1532.0 3.6193417646469823e-07
1533.0 3.616189714352462e-07
1534.0 3.613037664057943e-07
1535.0 3.6098856137634227e-07
1536.0 3.606733563468904e-07
1537.0 3.6035815131743846e-07
1538.0 3.600429462879864e-07
1539.0 3.5972774125853443e-07
1540.0 3.594125362290825e-07
1541.0 3.5909733119963046e-07
1542.0 3.5878212617017863e-07
1543.0 3.584669211407266e-07
1544.0 3.5815171611127466e-07
1545.0 3.578365110818227e-07
1546.0 3.575213060523708e-07
1547.0 3.5720610102291875e-07
1548.0 3.568908959934668e-07
1549.0 3.565756909640149e-07
1550.0 3.562604859345629e-07
1551.0 3.559452809051109e-07
1552.0 3.55630075875659e-07
1553.0 3.5531487084620704e-07
1554.0 3.5499966581675506e-07
1555.0 3.546844607873031e-07
1556.0 3.543692557578512e-07
1557.0 3.5405405072839915e-07
1558.0 3.5373884569894717e-07
1559.0 3.5342364066949523e-07
1560.0 3.5310843564004325e-07
1561.0 3.527932306105913e-07
1562.0 3.524780255811394e-07
1563.0 3.5216282055168744e-07
1564.0 3.518476155222355e-07
1565.0 3.515324104927835e-07
1566.0 3.5121720546333154e-07
1567.0 3.509020004338795e-07
1568.0 3.505867954044276e-07
1569.0 3.502715903749757e-07
1570.0 3.499563853455237e-07
1571.0 3.496411803160717e-07
1572.0 3.4932597528661983e-07
1573.0 3.490107702571678e-07
1574.0 3.4869556522771586e-07
1575.0 3.4838036019826387e-07
1576.0 3.4806515516881194e-07
1577.0 3.4774995013935995e-07
1578.0 3.47434745109908e-07
1579.0 3.471195400804561e-07
1580.0 3.468043350510041e-07
1581.0 3.4648913002155206e-07
1582.0 3.461739249921002e-07
1583.0 3.458587199626482e-07
1584.0 3.4554351493319626e-07
1585.0 3.452283099037443e-07
1586.0 3.4491310487429234e-07
1587.0 3.4459789984484035e-07
1588.0 3.4428269481538837e-07
1589.0 3.4396748978593643e-07
1590.0 3.4367616662128785e-07
1591.0 3.43460429866189e-07
1592.0 3.432446931110903e-07
1593.0 3.4302895635599153e-07
1594.0 3.428132196008928e-07
1595.0 3.4259748284579404e-07
1596.0 3.423817460906953e-07
1597.0 3.4216600933559644e-07
1598.0 3.419502725804977e-07
1599.0 3.4173453582539905e-07
1600.0 3.415187990703003e-07
1601.0 3.413030623152016e-07
1602.0 3.410873255601028e-07
1603.0 3.4087158880500396e-07
1604.0 3.406558520499053e-07
1605.0 3.4044011529480647e-07
1606.0 3.402243785397078e-07
1607.0 3.400086417846091e-07
1608.0 3.397929050295103e-07
1609.0 3.395771682744116e-07
1610.0 3.393614315193128e-07
1611.0 3.3914569476421405e-07
1612.0 3.3892995800911533e-07
1613.0 3.3871422125401656e-07
1614.0 3.3849848449891784e-07
1615.0 3.382827477438191e-07
1616.0 3.3806701098872035e-07
1617.0 3.378512742336216e-07
1618.0 3.376355374785228e-07
1619.0 3.3741980072342403e-07
1620.0 3.372040639683253e-07
1621.0 3.369883272132265e-07
1622.0 3.367725904581278e-07
1623.0 3.3655685370302904e-07
1624.0 3.363411169479303e-07
1625.0 3.3612538019283155e-07
1626.0 3.3590964343773283e-07
1627.0 3.356939066826341e-07
1628.0 3.354781699275353e-07
1629.0 3.3526243317243657e-07
1630.0 3.350466964173378e-07
1631.0 3.3483095966223913e-07
1632.0 3.346152229071403e-07
1633.0 3.343994861520416e-07
1634.0 3.341837493969428e-07
1635.0 3.339680126418441e-07
1636.0 3.337522758867453e-07
1637.0 3.335365391316465e-07
1638.0 3.333208023765479e-07
1639.0 3.3310506562144906e-07
1640.0 3.328893288663504e-07
1641.0 3.326735921112516e-07
1642.0 3.3245785535615284e-07
1643.0 3.3224211860105407e-07
1644.0 3.320263818459553e-07
1645.0 3.318106450908566e-07
1646.0 3.315949083357578e-07
1647.0 3.313791715806591e-07
1648.0 3.311634348255603e-07
1649.0 3.309476980704616e-07
1650.0 3.307319613153628e-07
1651.0 3.305162245602641e-07
1652.0 3.303004878051653e-07
1653.0 3.3008475105006656e-07
1654.0 3.2986901429496784e-07
1655.0 3.296532775398691e-07
1656.0 3.2943754078477035e-07
1657.0 3.2922180402967163e-07
1658.0 3.290060672745729e-07
1659.0 3.2879033051947414e-07
1660.0 3.2857459376437536e-07
1661.0 3.283588570092766e-07
1662.0 3.281431202541778e-07
1663.0 3.279273834990791e-07
1664.0 3.277116467439804e-07
1665.0 3.274959099888816e-07
1666.0 3.272801732337829e-07
1667.0 3.270644364786841e-07
1668.0 3.2684869972358534e-07
1669.0 3.2663296296848657e-07
1670.0 3.2641722621338785e-07
1671.0 3.262014894582891e-07
1672.0 3.2598575270319036e-07
1673.0 3.257700159480916e-07
1674.0 3.2555427919299287e-07
1675.0 3.253385424378941e-07
1676.0 3.251228056827954e-07
1677.0 3.249070689276966e-07
1678.0 3.2469133217259783e-07
1679.0 3.244755954174991e-07
1680.0 3.2425985866240034e-07
1681.0 3.240441219073016e-07
1682.0 3.2382838515220285e-07
1683.0 3.2361264839710413e-07
1684.0 3.2339691164200536e-07
1685.0 3.2318117488690664e-07
1686.0 3.2296543813180786e-07
1687.0 3.227497013767091e-07
1688.0 3.225339646216104e-07
1689.0 3.223182278665116e-07
1690.0 3.2210249111141293e-07
1691.0 3.218867543563141e-07
1692.0 3.216710176012154e-07
1693.0 3.214552808461166e-07
1694.0 3.212395440910179e-07
1695.0 3.2102380733591907e-07
1696.0 3.2080807058082035e-07
1697.0 3.2059233382572163e-07
1698.0 3.2037659707062286e-07
1699.0 3.201608603155241e-07
1700.0 3.199451235604253e-07
1701.0 3.1972938680532665e-07
1702.0 3.195136500502279e-07
1703.0 3.192979132951292e-07
1704.0 3.190821765400304e-07
1705.0 3.188664397849316e-07
1706.0 3.186507030298329e-07
1707.0 3.184349662747341e-07
1708.0 3.182192295196354e-07
1709.0 3.1800349276453663e-07
1710.0 3.177877560094379e-07
1711.0 3.1757201925433913e-07
1712.0 3.173562824992404e-07
1713.0 3.1717720578857413e-07
1714.0 3.170078933794084e-07
1715.0 3.168385809702425e-07
1716.0 3.166692685610767e-07
1717.0 3.1649995615191087e-07
1718.0 3.16330643742745e-07
1719.0 3.161613313335792e-07
1720.0 3.159920189244134e-07
1721.0 3.1582270651524755e-07
1722.0 3.1565339410608175e-07
1723.0 3.154840816969159e-07
1724.0 3.153147692877501e-07
1725.0 3.151454568785843e-07
1726.0 3.1497614446941843e-07
1727.0 3.148068320602526e-07
1728.0 3.146375196510868e-07
1729.0 3.1446820724192096e-07
1730.0 3.1429889483275516e-07
1731.0 3.1412958242358925e-07
1732.0 3.139602700144235e-07
1733.0 3.1379095760525765e-07
1734.0 3.1362164519609184e-07
1735.0 3.1345233278692604e-07
1736.0 3.132830203777602e-07
1737.0 3.1311370796859443e-07
1738.0 3.129443955594285e-07
1739.0 3.1277508315026267e-07
1740.0 3.126057707410969e-07
1741.0 3.1243645833193106e-07
1742.0 3.122671459227653e-07
1743.0 3.120978335135994e-07
1744.0 3.119285211044336e-07
1745.0 3.117592086952677e-07
1746.0 3.1158989628610194e-07
1747.0 3.114205838769361e-07
1748.0 3.112512714677703e-07
1749.0 3.110819590586045e-07
1750.0 3.1091264664943857e-07
1751.0 3.107433342402728e-07
1752.0 3.1057402183110696e-07
1753.0 3.104047094219412e-07
1754.0 3.1023539701277536e-07
1755.0 3.100660846036095e-07
1756.0 3.098967721944437e-07
1757.0 3.0972745978527784e-07
1758.0 3.0955814737611204e-07
1759.0 3.093888349669463e-07
1760.0 3.0921952255778043e-07
1761.0 3.090502101486146e-07
1762.0 3.0888089773944867e-07
1763.0 3.0871158533028286e-07
1764.0 3.085422729211171e-07
1765.0 3.083729605119513e-07
1766.0 3.082036481027855e-07
1767.0 3.0803433569361965e-07
1768.0 3.078650232844538e-07
1769.0 3.07695710875288e-07
1770.0 3.075263984661221e-07
1771.0 3.073570860569564e-07
1772.0 3.0718777364779053e-07
1773.0 3.070184612386247e-07
1774.0 3.068491488294588e-07
1775.0 3.06679836420293e-07
1776.0 3.065105240111272e-07
1777.0 3.0634121160196136e-07
1778.0 3.0617189919279555e-07
1779.0 3.060025867836297e-07
1780.0 3.058332743744639e-07
1781.0 3.056639619652981e-07
1782.0 3.054946495561323e-07
1783.0 3.0532533714696643e-07
1784.0 3.051560247378006e-07
1785.0 3.0498671232863477e-07
1786.0 3.048173999194689e-07
1787.0 3.0464808751030306e-07
1788.0 3.044787751011373e-07
1789.0 3.0430946269197145e-07
1790.0 3.041401502828057e-07
1791.0 3.0397083787363985e-07
1792.0 3.0380152546447394e-07
1793.0 3.036322130553082e-07
1794.0 3.0346290064614233e-07
1795.0 3.032935882369765e-07
1796.0 3.031242758278107e-07
1797.0 3.029549634186449e-07
1798.0 3.027856510094791e-07
1799.0 3.026163386003132e-07
1800.0 3.0244702619114735e-07
1801.0 3.0227771378198155e-07
1802.0 3.021084013728157e-07
1803.0 3.0193908896364994e-07
1804.0 3.017697765544841e-07
1805.0 3.016004641453183e-07
1806.0 3.014311517361525e-07
1807.0 3.0126183932698663e-07
1808.0 3.0109252691782077e-07
1809.0 3.0092321450865497e-07
1810.0 3.007539020994892e-07
1811.0 3.0058458969032326e-07
1812.0 3.004152772811575e-07
1813.0 3.0024596487199175e-07
1814.0 3.0007665246282585e-07
1815.0 2.9990734005366004e-07
1816.0 2.997380276444942e-07
1817.0 2.995687152353284e-07
1818.0 2.993994028261625e-07
1819.0 2.992300904169967e-07
1820.0 2.990607780078309e-07
1821.0 2.988914655986651e-07
1822.0 2.9872215318949926e-07
1823.0 2.9855284078033335e-07
1824.0 2.983835283711676e-07
1825.0 2.982142159620018e-07
1826.0 2.9804490355283594e-07
1827.0 2.9787559114367014e-07
1828.0 2.9770627873450434e-07
1829.0 2.975369663253385e-07
1830.0 2.973676539161727e-07
1831.0 2.9719834150700677e-07
1832.0 2.97029029097841e-07
1833.0 2.968597166886752e-07
1834.0 2.9669040427950936e-07
1835.0 2.965210918703435e-07
1836.0 2.963517794611777e-07
1837.0 2.961824670520119e-07
1838.0 2.9601315464284604e-07
1839.0 2.9584384223368024e-07
1840.0 2.9567452982451444e-07
1841.0 2.955052174153486e-07
1842.0 2.9533590500618283e-07
1843.0 2.951665925970169e-07
1844.0 2.949972801878511e-07
1845.0 2.948315262868629e-07
1846.0 2.9466613479285887e-07
1847.0 2.9450074329885487e-07
1848.0 2.943353518048509e-07
1849.0 2.941699603108469e-07
1850.0 2.9400456881684285e-07
1851.0 2.938391773228389e-07
1852.0 2.9367378582883484e-07
1853.0 2.935083943348308e-07
1854.0 2.933430028408268e-07
1855.0 2.9317761134682283e-07
1856.0 2.9301221985281877e-07
1857.0 2.9284682835881466e-07
1858.0 2.926814368648107e-07
1859.0 2.9251604537080675e-07
1860.0 2.923506538768027e-07
1861.0 2.9218526238279874e-07
1862.0 2.920198708887947e-07
1863.0 2.918544793947906e-07
1864.0 2.9168908790078657e-07
1865.0 2.915236964067826e-07
1866.0 2.913583049127786e-07
1867.0 2.911929134187746e-07
1868.0 2.910275219247706e-07
1869.0 2.908621304307665e-07
1870.0 2.9069673893676254e-07
1871.0 2.9053134744275853e-07
1872.0 2.9036595594875453e-07
1873.0 2.9020056445475047e-07
1874.0 2.9003517296074646e-07
1875.0 2.898697814667425e-07
1876.0 2.8970438997273845e-07
1877.0 2.8953899847873445e-07
1878.0 2.893736069847305e-07
1879.0 2.8920821549072644e-07
1880.0 2.890428239967224e-07
1881.0 2.8887743250271843e-07
1882.0 2.887120410087144e-07
1883.0 2.8854664951471036e-07
1884.0 2.883812580207064e-07
1885.0 2.8821586652670235e-07
1886.0 2.880504750326983e-07
1887.0 2.878850835386943e-07
1888.0 2.8771969204469034e-07
1889.0 2.8755430055068633e-07
1890.0 2.873889090566823e-07
1891.0 2.872235175626782e-07
1892.0 2.870581260686742e-07
1893.0 2.8689273457467015e-07
1894.0 2.867273430806662e-07
1895.0 2.865619515866622e-07
1896.0 2.863965600926582e-07
1897.0 2.862311685986541e-07
1898.0 2.8606577710465013e-07
1899.0 2.859003856106461e-07
1900.0 2.857349941166421e-07
1901.0 2.8556960262263806e-07
1902.0 2.8540421112863405e-07
1903.0 2.8523881963463005e-07
1904.0 2.8507342814062604e-07
1905.0 2.8490803664662204e-07
1906.0 2.8474264515261803e-07
1907.0 2.845772536586141e-07
1908.0 2.8441186216461e-07
1909.0 2.84246470670606e-07
1910.0 2.8408107917660196e-07
1911.0 2.8391568768259795e-07
1912.0 2.8375029618859395e-07
1913.0 2.8358490469458994e-07
1914.0 2.834195132005859e-07
1915.0 2.8325412170658193e-07
1916.0 2.830887302125779e-07
1917.0 2.829233387185739e-07
1918.0 2.8275794722456986e-07
1919.0 2.825925557305658e-07
1920.0 2.824271642365618e-07
1921.0 2.822617727425578e-07
1922.0 2.820963812485538e-07
1923.0 2.819309897545498e-07
1924.0 2.817655982605458e-07
1925.0 2.816002067665417e-07
1926.0 2.814348152725377e-07
1927.0 2.812694237785337e-07
1928.0 2.811040322845297e-07
1929.0 2.809386407905257e-07
1930.0 2.8077324929652164e-07
1931.0 2.8060785780251764e-07
1932.0 2.8044246630851363e-07
1933.0 2.8027707481450963e-07
1934.0 2.8011168332050557e-07
1935.0 2.799462918265016e-07
1936.0 2.797809003324976e-07
1937.0 2.7961550883849355e-07
1938.0 2.7945011734448955e-07
1939.0 2.7928472585048554e-07
1940.0 2.7911933435648154e-07
1941.0 2.7895394286247753e-07
1942.0 2.7878855136847353e-07
1943.0 2.7862315987446947e-07
1944.0 2.7845776838046546e-07
1945.0 2.7829237688646146e-07
1946.0 2.7812698539245745e-07
1947.0 2.779615938984534e-07
1948.0 2.777962024044494e-07
1949.0 2.776308109104454e-07
1950.0 2.774654194164414e-07
1951.0 2.773000279224374e-07
1952.0 2.7713463642843337e-07
1953.0 2.769692449344293e-07
1954.0 2.768038534404253e-07
1955.0 2.766384619464213e-07
1956.0 2.7647307045241735e-07
1957.0 2.763076789584133e-07
1958.0 2.761422874644093e-07
1959.0 2.7597689597040523e-07
1960.0 2.758115044764012e-07
1961.0 2.7564611298239716e-07
1962.0 2.754807214883932e-07
1963.0 2.753153299943892e-07
1964.0 2.7514993850038515e-07
1965.0 2.7498454700638114e-07
1966.0 2.748191555123772e-07
1967.0 2.7465376401837313e-07
1968.0 2.7448837252436913e-07
1969.0 2.743229810303651e-07
1970.0 2.7415758953636107e-07
1971.0 2.73992198042357e-07
1972.0 2.7382680654835305e-07
1973.0 2.7366141505434905e-07
1974.0 2.7349602356034504e-07
1975.0 2.7333063206634104e-07
1976.0 2.73165240572337e-07
1977.0 2.72999849078333e-07
1978.0 2.728344575843289e-07
1979.0 2.7266906609032497e-07
1980.0 2.725036745963209e-07
1981.0 2.723382831023169e-07
1982.0 2.721728916083129e-07
1983.0 2.7200750011430894e-07
1984.0 2.718421086203049e-07
1985.0 2.716767171263009e-07
1986.0 2.715113256322969e-07
1987.0 2.71384362545029e-07
1988.0 2.7126327816541557e-07
1989.0 2.7114219378580225e-07
1990.0 2.7102110940618893e-07
1991.0 2.709000250265755e-07
1992.0 2.7077894064696214e-07
1993.0 2.706578562673487e-07
1994.0 2.7053677188773534e-07
1995.0 2.70415687508122e-07
1996.0 2.702946031285086e-07
1997.0 2.7017351874889523e-07
1998.0 2.700524343692818e-07
1999.0 2.6993134998966854e-07
2000.0 2.698102656100551e-07
2001.0 2.696891812304417e-07
2002.0 2.6956809685082826e-07
2003.0 2.694470124712149e-07
2004.0 2.693259280916016e-07
2005.0 2.692048437119882e-07
2006.0 2.690837593323749e-07
2007.0 2.6896267495276146e-07
2008.0 2.688415905731481e-07
2009.0 2.6872050619353466e-07
2010.0 2.685994218139213e-07
2011.0 2.684783374343079e-07
2012.0 2.683572530546945e-07
2013.0 2.6823616867508123e-07
2014.0 2.681150842954678e-07
2015.0 2.6799399991585443e-07
2016.0 2.6787291553624106e-07
2017.0 2.677518311566277e-07
2018.0 2.676307467770143e-07
2019.0 2.675096623974009e-07
2020.0 2.673885780177875e-07
2021.0 2.672674936381741e-07
2022.0 2.671464092585608e-07
2023.0 2.670253248789474e-07
2024.0 2.6690424049933404e-07
2025.0 2.667831561197206e-07
2026.0 2.6666207174010724e-07
2027.0 2.665409873604939e-07
2028.0 2.664199029808805e-07
2029.0 2.6629881860126713e-07
2030.0 2.6617773422165376e-07
2031.0 2.660566498420404e-07
2032.0 2.65935565462427e-07
2033.0 2.6581448108281364e-07
2034.0 2.656933967032002e-07
2035.0 2.6557231232358685e-07
2036.0 2.654512279439735e-07
2037.0 2.653301435643601e-07
2038.0 2.6520905918474673e-07
2039.0 2.6508797480513336e-07
2040.0 2.6496689042552e-07
2041.0 2.6484580604590656e-07
2042.0 2.647247216662932e-07
2043.0 2.6460363728667977e-07
2044.0 2.6448255290706645e-07
2045.0 2.643614685274531e-07
2046.0 2.642403841478397e-07
2047.0 2.641192997682264e-07
2048.0 2.6399821538861296e-07
2049.0 2.638771310089996e-07
2050.0 2.637560466293861e-07
2051.0 2.6363496224977285e-07
2052.0 2.635138778701594e-07
2053.0 2.6339279349054605e-07
2054.0 2.632717091109327e-07
2055.0 2.631506247313193e-07
2056.0 2.6302954035170594e-07
2057.0 2.6290845597209246e-07
2058.0 2.6278737159247914e-07
2059.0 2.626662872128657e-07
2060.0 2.625452028332524e-07
2061.0 2.624241184536391e-07
2062.0 2.623030340740257e-07
2063.0 2.6218194969441234e-07
2064.0 2.620608653147989e-07
2065.0 2.6193978093518554e-07
2066.0 2.618186965555721e-07
2067.0 2.6169761217595875e-07
2068.0 2.615765277963454e-07
2069.0 2.6145544341673195e-07
2070.0 2.6133435903711863e-07
2071.0 2.612132746575053e-07
2072.0 2.6109219027789194e-07
2073.0 2.609711058982785e-07
2074.0 2.6085002151866515e-07
2075.0 2.607289371390517e-07
2076.0 2.6060785275943835e-07
2077.0 2.6048676837982503e-07
2078.0 2.603656840002116e-07
2079.0 2.6024459962059824e-07
2080.0 2.6012351524098487e-07
2081.0 2.600024308613715e-07
2082.0 2.5988134648175807e-07
2083.0 2.5976026210214464e-07
2084.0 2.5963917772253127e-07
2085.0 2.5951809334291795e-07
2086.0 2.5939700896330464e-07
2087.0 2.592759245836912e-07
2088.0 2.5915484020407784e-07
2089.0 2.590337558244644e-07
2090.0 2.5891267144485104e-07
2091.0 2.587915870652377e-07
2092.0 2.586705026856243e-07
2093.0 2.5854941830601093e-07
2094.0 2.584283339263976e-07
2095.0 2.583072495467842e-07
2096.0 2.5818616516717076e-07
2097.0 2.5806508078755744e-07
2098.0 2.5794399640794397e-07
2099.0 2.5782291202833065e-07
2100.0 2.5770182764871733e-07
2101.0 2.575807432691039e-07
2102.0 2.5745965888949053e-07
2103.0 2.573385745098772e-07
2104.0 2.572174901302638e-07
2105.0 2.570964057506504e-07
2106.0 2.56975321371037e-07
2107.0 2.568542369914236e-07
2108.0 2.5673315261181025e-07
2109.0 2.566120682321969e-07
2110.0 2.564909838525835e-07
2111.0 2.563698994729701e-07
2112.0 2.562488150933568e-07
2113.0 2.5612773071374324e-07
2114.0 2.5600664633413e-07
2115.0 2.558855619545166e-07
2116.0 2.5576447757490323e-07
2117.0 2.5564339319528986e-07
2118.0 2.555223088156765e-07
2119.0 2.554012244360631e-07
2120.0 2.552801400564497e-07
2121.0 2.551590556768363e-07
2122.0 2.550379712972229e-07
2123.0 2.549168869176096e-07
2124.0 2.547958025379962e-07
2125.0 2.5467471815838283e-07
2126.0 2.5455363377876946e-07
2127.0 2.544325493991561e-07
2128.0 2.543114650195427e-07
2129.0 2.541903806399293e-07
2130.0 2.540692962603159e-07
2131.0 2.539482118807025e-07
2132.0 2.5382712750108923e-07
2133.0 2.537060431214758e-07
2134.0 2.5358495874186244e-07
2135.0 2.5346387436224906e-07
2136.0 2.533427899826357e-07
2137.0 2.5322170560302227e-07
2138.0 2.531006212234089e-07
2139.0 2.5297953684379547e-07
2140.0 2.5288322105019296e-07
2141.0 2.527900766847367e-07
2142.0 2.526969323192805e-07
2143.0 2.5260378795382427e-07
2144.0 2.5251064358836807e-07
2145.0 2.5241749922291193e-07
2146.0 2.523243548574557e-07
2147.0 2.5223121049199943e-07
2148.0 2.5213806612654323e-07
2149.0 2.5204492176108704e-07
2150.0 2.519517773956308e-07
2151.0 2.518586330301746e-07
2152.0 2.5176548866471834e-07
2153.0 2.516723442992621e-07
2154.0 2.5157919993380595e-07
2155.0 2.514860555683497e-07
2156.0 2.513929112028935e-07
2157.0 2.512997668374373e-07
2158.0 2.5120662247198106e-07
2159.0 2.511134781065249e-07
2160.0 2.5102033374106867e-07
2161.0 2.509271893756124e-07
2162.0 2.5083404501015623e-07
2163.0 2.5074090064470003e-07
2164.0 2.506477562792438e-07
2165.0 2.505546119137876e-07
2166.0 2.504614675483314e-07
2167.0 2.5036832318287514e-07
2168.0 2.502751788174189e-07
2169.0 2.5018203445196275e-07
2170.0 2.5008889008650645e-07
2171.0 2.499957457210503e-07
2172.0 2.499026013555941e-07
2173.0 2.4980945699013786e-07
2174.0 2.497163126246817e-07
2175.0 2.496231682592255e-07
2176.0 2.495300238937692e-07
2177.0 2.494368795283131e-07
2178.0 2.4934373516285683e-07
2179.0 2.492505907974006e-07
2180.0 2.4915744643194444e-07
2181.0 2.490643020664881e-07
2182.0 2.48971157701032e-07
2183.0 2.4887801333557575e-07
2184.0 2.487848689701195e-07
2185.0 2.486917246046633e-07
2186.0 2.485985802392071e-07
2187.0 2.4850543587375086e-07
2188.0 2.484122915082946e-07
2189.0 2.483191471428385e-07
2190.0 2.4822600277738217e-07
2191.0 2.48132858411926e-07
2192.0 2.4803971404646983e-07
2193.0 2.479465696810136e-07
2194.0 2.478534253155574e-07
2195.0 2.4776028095010124e-07
2196.0 2.476671365846449e-07
2197.0 2.4757399221918874e-07
2198.0 2.474808478537325e-07
2199.0 2.473877034882763e-07
2200.0 2.4729455912282015e-07
2201.0 2.472014147573639e-07
2202.0 2.471082703919077e-07
2203.0 2.4701512602645146e-07
2204.0 2.469219816609953e-07
2205.0 2.46828837295539e-07
2206.0 2.467356929300828e-07
2207.0 2.4664254856462657e-07
2208.0 2.465494041991704e-07
2209.0 2.464562598337142e-07
2210.0 2.4636311546825793e-07
2211.0 2.462699711028017e-07
2212.0 2.4617682673734554e-07
2213.0 2.460836823718893e-07
2214.0 2.459905380064331e-07
2215.0 2.458973936409769e-07
2216.0 2.4580424927552065e-07
2217.0 2.457111049100645e-07
2218.0 2.4561796054460826e-07
2219.0 2.45524816179152e-07
2220.0 2.4543167181369576e-07
2221.0 2.453385274482396e-07
2222.0 2.4524538308278337e-07
2223.0 2.451522387173272e-07
2224.0 2.4505909435187103e-07
2225.0 2.449659499864148e-07
2226.0 2.4487280562095854e-07
2227.0 2.447796612555024e-07
2228.0 2.446865168900461e-07
2229.0 2.445933725245899e-07
2230.0 2.445002281591337e-07
2231.0 2.4440708379367745e-07
2232.0 2.4431393942822126e-07
2233.0 2.44220795062765e-07
2234.0 2.4412765069730876e-07
2235.0 2.440345063318526e-07
2236.0 2.439413619663964e-07
2237.0 2.4384821760094017e-07
2238.0 2.43755073235484e-07
2239.0 2.4366192887002783e-07
2240.0 2.435687845045716e-07
2241.0 2.4347564013911533e-07
2242.0 2.4338249577365914e-07
2243.0 2.432893514082029e-07
2244.0 2.4319620704274675e-07
2245.0 2.431030626772905e-07
2246.0 2.4300991831183425e-07
2247.0 2.4291677394637805e-07
2248.0 2.428236295809218e-07
2249.0 2.427304852154656e-07
2250.0 2.426373408500094e-07
2251.0 2.425441964845532e-07
2252.0 2.4245105211909697e-07
2253.0 2.423579077536408e-07
2254.0 2.422647633881845e-07
2255.0 2.4217161902272833e-07
2256.0 2.420784746572721e-07
2257.0 2.419853302918159e-07
2258.0 2.418921859263597e-07
2259.0 2.417990415609035e-07
2260.0 2.4170589719544725e-07
2261.0 2.4161275282999105e-07
2262.0 2.4151960846453485e-07
2263.0 2.414264640990786e-07
2264.0 2.4133331973362236e-07
2265.0 2.412401753681662e-07
2266.0 2.4114703100271e-07
2267.0 2.4105388663725377e-07
2268.0 2.409607422717976e-07
2269.0 2.4086759790634127e-07
2270.0 2.407744535408852e-07
2271.0 2.4068130917542893e-07
2272.0 2.4058816480997274e-07
2273.0 2.404950204445165e-07
2274.0 2.4040187607906024e-07
2275.0 2.4030873171360404e-07
2276.0 2.4021558734814785e-07
2277.0 2.401224429826916e-07
2278.0 2.4002929861723535e-07
2279.0 2.399361542517792e-07
2280.0 2.3984300988632296e-07
2281.0 2.3974986552086676e-07
2282.0 2.396567211554105e-07
2283.0 2.3956357678995427e-07
2284.0 2.3947043242449807e-07
2285.0 2.39377288059042e-07
2286.0 2.392841436935857e-07
2287.0 2.391909993281295e-07
2288.0 2.390978549626733e-07
2289.0 2.3900471059721704e-07
2290.0 2.3891156623176084e-07
2291.0 2.3881842186630465e-07
2292.0 2.387252775008484e-07
2293.0 2.386321331353922e-07
2294.0 2.3853898876993606e-07
2295.0 2.3844584440447976e-07
2296.0 2.383527000390236e-07
2297.0 2.382595556735673e-07
2298.0 2.381664113081111e-07
2299.0 2.380732669426549e-07
2300.0 2.379801225771987e-07
2301.0 2.378869782117425e-07
2302.0 2.377938338462863e-07
2303.0 2.3770068948083009e-07
2304.0 2.3760772528223323e-07
2305.0 2.3751605291641926e-07
2306.0 2.374243805506053e-07
2307.0 2.3733270818479127e-07
2308.0 2.372410358189773e-07
2309.0 2.3714936345316328e-07
2310.0 2.3705769108734931e-07
2311.0 2.369660187215353e-07
2312.0 2.3687434635572127e-07
2313.0 2.3678267398990736e-07
2314.0 2.366910016240934e-07
2315.0 2.3659932925827947e-07
2316.0 2.3650765689246545e-07
2317.0 2.3641598452665143e-07
2318.0 2.3632431216083746e-07
2319.0 2.3623263979502355e-07
2320.0 2.3614096742920947e-07
2321.0 2.3604929506339556e-07
2322.0 2.3595762269758159e-07
2323.0 2.3586595033176757e-07
2324.0 2.357742779659536e-07
2325.0 2.3568260560013963e-07
2326.0 2.355909332343256e-07
2327.0 2.3549926086851159e-07
2328.0 2.3540758850269767e-07
2329.0 2.3531591613688365e-07
2330.0 2.3522424377106968e-07
2331.0 2.351325714052557e-07
2332.0 2.3504089903944172e-07
2333.0 2.3494922667362772e-07
2334.0 2.348575543078137e-07
2335.0 2.3476588194199976e-07
2336.0 2.3467420957618576e-07
2337.0 2.3458253721037177e-07
2338.0 2.344908648445578e-07
2339.0 2.3439919247874388e-07
2340.0 2.343075201129298e-07
2341.0 2.342158477471159e-07
2342.0 2.3412417538130193e-07
2343.0 2.340325030154879e-07
2344.0 2.3394083064967388e-07
2345.0 2.3384915828385997e-07
2346.0 2.3375748591804595e-07
2347.0 2.3366581355223198e-07
2348.0 2.33574141186418e-07
2349.0 2.33482468820604e-07
2350.0 2.3339079645479002e-07
2351.0 2.33299124088976e-07
2352.0 2.3320745172316203e-07
2353.0 2.331157793573481e-07
2354.0 2.330241069915341e-07
2355.0 2.3293243462572012e-07
2356.0 2.328407622599061e-07
2357.0 2.3274908989409213e-07
2358.0 2.3265741752827816e-07
2359.0 2.3256574516246414e-07
2360.0 2.3247407279665017e-07
2361.0 2.323824004308362e-07
2362.0 2.3229072806502218e-07
2363.0 2.3219905569920827e-07
2364.0 2.3210738333339425e-07
2365.0 2.320157109675803e-07
2366.0 2.319240386017663e-07
2367.0 2.318323662359523e-07
2368.0 2.3174069387013827e-07
2369.0 2.3164902150432435e-07
2370.0 2.3155734913851038e-07
2371.0 2.314656767726964e-07
2372.0 2.313740044068824e-07
2373.0 2.312823320410684e-07
2374.0 2.3119065967525443e-07
2375.0 2.3109898730944046e-07
2376.0 2.310073149436265e-07
2377.0 2.3091564257781247e-07
2378.0 2.308239702119985e-07
2379.0 2.3073229784618448e-07
2380.0 2.306406254803705e-07
2381.0 2.305489531145565e-07
2382.0 2.3045728074874252e-07
2383.0 2.3036560838292855e-07
2384.0 2.3027393601711459e-07
2385.0 2.3018226365130067e-07
2386.0 2.3009059128548665e-07
2387.0 2.2999891891967268e-07
2388.0 2.299072465538586e-07
2389.0 2.298155741880447e-07
2390.0 2.2972390182223072e-07
2391.0 2.2963222945641675e-07
2392.0 2.2954055709060273e-07
2393.0 2.2944888472478882e-07
2394.0 2.293572123589748e-07
2395.0 2.2926553999316077e-07
2396.0 2.291738676273468e-07
2397.0 2.2908219526153284e-07
2398.0 2.2899052289571887e-07
2399.0 2.288988505299049e-07
2400.0 2.2880717816409093e-07
2401.0 2.287155057982769e-07
2402.0 2.286238334324629e-07
2403.0 2.2853216106664892e-07
2404.0 2.284404887008349e-07
2405.0 2.2834881633502093e-07
2406.0 2.2825714396920701e-07
2407.0 2.2816547160339302e-07
2408.0 2.2807379923757905e-07
2409.0 2.2798212687176503e-07
2410.0 2.2789045450595106e-07
2411.0 2.277987821401371e-07
2412.0 2.2770710977432307e-07
2413.0 2.276154374085091e-07
2414.0 2.2752376504269513e-07
2415.0 2.274320926768811e-07
2416.0 2.2734042031106714e-07
2417.0 2.2724874794525317e-07
2418.0 2.271570755794392e-07
2419.0 2.2706540321362518e-07
2420.0 2.2697373084781122e-07
2421.0 2.2688205848199725e-07
2422.0 2.2679038611618323e-07
2423.0 2.266987137503693e-07
2424.0 2.266070413845553e-07
2425.0 2.2651536901874127e-07
2426.0 2.264236966529273e-07
2427.0 2.2633202428711328e-07
2428.0 2.262403519212993e-07
2429.0 2.2614867955548534e-07
2430.0 2.2605700718967143e-07
2431.0 2.259653348238574e-07
2432.0 2.2587366245804344e-07
2433.0 2.2578199009222947e-07
2434.0 2.256903177264155e-07
2435.0 2.2559864536060148e-07
2436.0 2.255069729947875e-07
2437.0 2.2541530062897354e-07
2438.0 2.2532362826315952e-07
2439.0 2.2523195589734555e-07
2440.0 2.2514028353153158e-07
2441.0 2.250486111657176e-07
2442.0 2.249569387999036e-07
2443.0 2.2486526643408962e-07
2444.0 2.2477359406827565e-07
2445.0 2.2468192170246166e-07
2446.0 2.2459024933664766e-07
2447.0 2.2449857697083372e-07
2448.0 2.2440690460501967e-07
2449.0 2.2431523223920573e-07
2450.0 2.242235598733917e-07
2451.0 2.2413188750757774e-07
2452.0 2.2404021514176375e-07
2453.0 2.2394854277594975e-07
2454.0 2.2385687041013578e-07
2455.0 2.2376519804432182e-07
2456.0 2.2367352567850785e-07
2457.0 2.2358185331269388e-07
2458.0 2.2349018094687986e-07
2459.0 2.233985085810659e-07
2460.0 2.2330683621525192e-07
2461.0 2.2321516384943795e-07
2462.0 2.2312349148362398e-07
2463.0 2.2303181911781001e-07
2464.0 2.22940146751996e-07
2465.0 2.2284847438618197e-07
2466.0 2.22756802020368e-07
2467.0 2.226651296545541e-07
2468.0 2.2257345728874007e-07
2469.0 2.224817849229261e-07
2470.0 2.2239011255711208e-07
2471.0 2.222984401912981e-07
2472.0 2.2220676782548409e-07
2473.0 2.2211509545967012e-07
2474.0 2.2202342309385615e-07
2475.0 2.2193175072804213e-07
2476.0 2.2184007836222816e-07
2477.0 2.2174840599641427e-07
2478.0 2.2165673363060022e-07
2479.0 2.2156506126478625e-07
2480.0 2.2147338889897228e-07
2481.0 2.2138171653315826e-07
2482.0 2.2130254731681036e-07
2483.0 2.2122960815679976e-07
2484.0 2.2115666899678913e-07
2485.0 2.2108372983677841e-07
2486.0 2.2101079067676773e-07
2487.0 2.209378515167571e-07
2488.0 2.2086491235674644e-07
2489.0 2.2079197319673575e-07
2490.0 2.2071903403672515e-07
2491.0 2.2064609487671452e-07
2492.0 2.205731557167038e-07
2493.0 2.2050021655669312e-07
2494.0 2.2042727739668246e-07
2495.0 2.2035433823667178e-07
2496.0 2.2028139907666112e-07
2497.0 2.2020845991665049e-07
2498.0 2.2013552075663985e-07
2499.0 2.2006258159662925e-07
2500.0 2.199896424366185e-07
2501.0 2.1991670327660785e-07
2502.0 2.1984376411659717e-07
2503.0 2.197708249565865e-07
2504.0 2.1969788579657588e-07
2505.0 2.1962494663656522e-07
2506.0 2.1955200747655453e-07
2507.0 2.1947906831654387e-07
2508.0 2.194061291565332e-07
2509.0 2.1933318999652253e-07
2510.0 2.192602508365119e-07
2511.0 2.1918731167650124e-07
2512.0 2.191143725164905e-07
2513.0 2.190414333564799e-07
2514.0 2.1896849419646926e-07
2515.0 2.1889555503645855e-07
2516.0 2.1882261587644792e-07
2517.0 2.1874967671643723e-07
2518.0 2.1867673755642663e-07
2519.0 2.1860379839641594e-07
2520.0 2.1853085923640529e-07
2521.0 2.184579200763946e-07
2522.0 2.1838498091638394e-07
2523.0 2.1831204175637326e-07
2524.0 2.1823910259636265e-07
2525.0 2.1816616343635202e-07
2526.0 2.180932242763413e-07
2527.0 2.1802028511633068e-07
2528.0 2.1794734595632e-07
2529.0 2.1787440679630928e-07
2530.0 2.1780146763629865e-07
2531.0 2.17728528476288e-07
2532.0 2.1765558931627736e-07
2533.0 2.175826501562667e-07
2534.0 2.17509710996256e-07
2535.0 2.174367718362453e-07
2536.0 2.1736383267623467e-07
2537.0 2.1729089351622406e-07
2538.0 2.1721795435621333e-07
2539.0 2.1714501519620272e-07
2540.0 2.1707207603619203e-07
2541.0 2.1699913687618138e-07
2542.0 2.1692619771617074e-07
2543.0 2.1685325855616006e-07
2544.0 2.167803193961494e-07
2545.0 2.1670738023613877e-07
2546.0 2.166344410761281e-07
2547.0 2.1656150191611737e-07
2548.0 2.1648856275610677e-07
2549.0 2.1641562359609608e-07
2550.0 2.1634268443608548e-07
2551.0 2.162697452760748e-07
2552.0 2.1619680611606413e-07
2553.0 2.1612386695605345e-07
2554.0 2.1605092779604281e-07
2555.0 2.159779886360321e-07
2556.0 2.1590504947602144e-07
2557.0 2.1583211031601076e-07
2558.0 2.1575917115600013e-07
2559.0 2.1568623199598952e-07
2560.0 2.1561329283597878e-07
2561.0 2.1554035367596813e-07
2562.0 2.154674145159575e-07
2563.0 2.1539447535594683e-07
2564.0 2.1532153619593615e-07
2565.0 2.1524859703592554e-07
2566.0 2.1517565787591486e-07
2567.0 2.1510271871590415e-07
2568.0 2.1502977955589352e-07
2569.0 2.1495684039588288e-07
2570.0 2.1488390123587217e-07
2571.0 2.1481096207586154e-07
2572.0 2.1473802291585085e-07
2573.0 2.1466508375584022e-07
2574.0 2.1459214459582954e-07
2575.0 2.1451920543581885e-07
2576.0 2.1444626627580825e-07
2577.0 2.1437332711579761e-07
2578.0 2.1430038795578693e-07
2579.0 2.1422744879577624e-07
2580.0 2.1415450963576559e-07
2581.0 2.1408157047575493e-07
2582.0 2.1400863131574427e-07
2583.0 2.1393569215573358e-07
2584.0 2.1386275299572293e-07
2585.0 2.1378981383571227e-07
2586.0 2.1371687467570158e-07
2587.0 2.1364393551569095e-07
2588.0 2.1357099635568032e-07
2589.0 2.1349805719566966e-07
2590.0 2.1342511803565895e-07
2591.0 2.133521788756483e-07
2592.0 2.1327923971563766e-07
2593.0 2.1320630055562697e-07
2594.0 2.1313336139561629e-07
2595.0 2.1306042223560568e-07
2596.0 2.12987483075595e-07
2597.0 2.1291454391558434e-07
2598.0 2.1284160475557368e-07
2599.0 2.1276866559556305e-07
2600.0 2.1269572643555233e-07
2601.0 2.1262278727554168e-07
2602.0 2.1254984811553107e-07
2603.0 2.1247690895552039e-07
2604.0 2.124039697955097e-07
2605.0 2.1233103063549907e-07
2606.0 2.122580914754884e-07
2607.0 2.1218515231547765e-07
2608.0 2.121122131554671e-07
2609.0 2.120392739954564e-07
2610.0 2.1196633483544567e-07
2611.0 2.1189339567543504e-07
2612.0 2.118204565154244e-07
2613.0 2.117475173554137e-07
2614.0 2.116745781954031e-07
2615.0 2.1160163903539246e-07
2616.0 2.1152869987538174e-07
2617.0 2.1145576071537109e-07
2618.0 2.1138282155536045e-07
2619.0 2.1130988239534977e-07
2620.0 2.1123694323533908e-07
2621.0 2.1116400407532845e-07
2622.0 2.1109106491531782e-07
2623.0 2.1101812575530716e-07
2624.0 2.1094518659529648e-07
2625.0 2.1087224743528584e-07
2626.0 2.107993082752752e-07
2627.0 2.107263691152645e-07
2628.0 2.1065342995525387e-07
2629.0 2.1058049079524318e-07
2630.0 2.105075516352325e-07
2631.0 2.1043461247522181e-07
2632.0 2.103616733152112e-07
2633.0 2.1028873415520047e-07
2634.0 2.1021579499518984e-07
2635.0 2.101428558351792e-07
2636.0 2.1006991667516847e-07
2637.0 2.0999697751515784e-07
2638.0 2.099240383551472e-07
2639.0 2.0985109919513652e-07
2640.0 2.0977816003512586e-07
2641.0 2.0970522087511523e-07
2642.0 2.0963228171510454e-07
2643.0 2.095593425550939e-07
2644.0 2.0948640339508323e-07
2645.0 2.0941346423507254e-07
2646.0 2.093405250750619e-07
2647.0 2.0926758591505125e-07
2648.0 2.0919464675504056e-07
2649.0 2.0912170759502996e-07
2650.0 2.0904876843501925e-07
2651.0 2.0897582927500864e-07
2652.0 2.08902890114998e-07
2653.0 2.088299509549873e-07
2654.0 2.0875701179497659e-07
2655.0 2.0868407263496595e-07
2656.0 2.0861113347495532e-07
2657.0 2.0853819431494464e-07
2658.0 2.0846525515493398e-07
2659.0 2.083923159949233e-07
2660.0 2.0831937683491266e-07
2661.0 2.0824643767490198e-07
2662.0 2.081734985148913e-07
2663.0 2.0810055935488066e-07
2664.0 2.0802762019487e-07
2665.0 2.0795468103485934e-07
2666.0 2.0788174187484868e-07
2667.0 2.0780880271483805e-07
2668.0 2.0773586355482734e-07
2669.0 2.076629243948167e-07
2670.0 2.0758998523480605e-07
2671.0 2.0751704607479534e-07
2672.0 2.074441069147847e-07
2673.0 2.073798931487432e-07
2674.0 2.073229905608748e-07
2675.0 2.072660879730064e-07
2676.0 2.0720918538513788e-07
2677.0 2.0715228279726946e-07
2678.0 2.0709538020940101e-07
2679.0 2.0703847762153254e-07
2680.0 2.0698157503366407e-07
2681.0 2.0692467244579565e-07
2682.0 2.0686776985792728e-07
2683.0 2.068108672700588e-07
2684.0 2.0675396468219038e-07
2685.0 2.066970620943219e-07
2686.0 2.0664015950645344e-07
2687.0 2.0658325691858504e-07
2688.0 2.0652635433071657e-07
2689.0 2.064694517428481e-07
2690.0 2.0641254915497967e-07
2691.0 2.0635564656711125e-07
2692.0 2.062987439792428e-07
2693.0 2.062418413913744e-07
2694.0 2.0618493880350589e-07
2695.0 2.0612803621563747e-07
2696.0 2.0607113362776907e-07
2697.0 2.0601423103990054e-07
2698.0 2.0595732845203212e-07
2699.0 2.059004258641637e-07
2700.0 2.0584352327629528e-07
2701.0 2.057866206884268e-07
2702.0 2.057297181005584e-07
2703.0 2.0567281551268991e-07
2704.0 2.056159129248215e-07
2705.0 2.0555901033695305e-07
2706.0 2.0550210774908463e-07
2707.0 2.0544520516121615e-07
2708.0 2.0538830257334768e-07
2709.0 2.0533139998547926e-07
2710.0 2.0527449739761078e-07
2711.0 2.052175948097424e-07
2712.0 2.0516069222187392e-07
2713.0 2.0510378963400547e-07
2714.0 2.0504688704613702e-07
2715.0 2.049899844582686e-07
2716.0 2.0493308187040013e-07
2717.0 2.048761792825317e-07
2718.0 2.0481927669466329e-07
2719.0 2.047623741067948e-07
2720.0 2.0470547151892642e-07
2721.0 2.0464856893105797e-07
2722.0 2.045916663431895e-07
2723.0 2.0453476375532105e-07
2724.0 2.0447786116745263e-07
2725.0 2.0442095857958415e-07
2726.0 2.0436405599171568e-07
2727.0 2.0430715340384726e-07
2728.0 2.0425025081597879e-07
2729.0 2.041933482281104e-07
2730.0 2.0413644564024195e-07
2731.0 2.040795430523735e-07
2732.0 2.0402264046450502e-07
2733.0 2.039657378766366e-07
2734.0 2.0390883528876818e-07
2735.0 2.038519327008997e-07
2736.0 2.037950301130313e-07
2737.0 2.0373812752516284e-07
2738.0 2.0368122493729442e-07
2739.0 2.0362432234942595e-07
2740.0 2.035674197615575e-07
2741.0 2.0351051717368905e-07
2742.0 2.0345361458582058e-07
2743.0 2.0339671199795216e-07
2744.0 2.033398094100837e-07
2745.0 2.0328290682221532e-07
2746.0 2.0322600423434684e-07
2747.0 2.031691016464784e-07
2748.0 2.0311219905860997e-07
2749.0 2.0305529647074147e-07
2750.0 2.0299839388287305e-07
2751.0 2.029414912950046e-07
2752.0 2.0288458870713613e-07
2753.0 2.0282768611926774e-07
2754.0 2.027707835313993e-07
2755.0 2.0271388094353087e-07
2756.0 2.026569783556624e-07
2757.0 2.0260007576779395e-07
2758.0 2.025431731799255e-07
2759.0 2.0248627059205703e-07
2760.0 2.0242936800418863e-07
2761.0 2.0237246541632021e-07
2762.0 2.0231556282845174e-07
2763.0 2.0225866024058327e-07
2764.0 2.0220175765271485e-07
2765.0 2.021448550648464e-07
2766.0 2.0208795247697798e-07
2767.0 2.020310498891095e-07
2768.0 2.0197414730124108e-07
2769.0 2.0191724471337266e-07
2770.0 2.0186034212550422e-07
2771.0 2.0180343953763574e-07
2772.0 2.017465369497673e-07
2773.0 2.0168963436189887e-07
2774.0 2.016327317740304e-07
2775.0 2.0157582918616195e-07
2776.0 2.0151892659829353e-07
2777.0 2.0146202401042506e-07
2778.0 2.0140512142255664e-07
2779.0 2.0134821883468822e-07
2780.0 2.0129131624681974e-07
2781.0 2.0123441365895127e-07
2782.0 2.0117751107108285e-07
2783.0 2.0112060848321445e-07
2784.0 2.0106370589534603e-07
2785.0 2.0100680330747753e-07
2786.0 2.0094990071960906e-07
2787.0 2.0089299813174067e-07
2788.0 2.008360955438722e-07
2789.0 2.0077919295600372e-07
2790.0 2.007222903681353e-07
2791.0 2.0066538778026688e-07
2792.0 2.0060848519239843e-07
2793.0 2.0055158260453e-07
2794.0 2.0049468001666156e-07
2795.0 2.004377774287931e-07
2796.0 2.0038087484092464e-07
2797.0 2.0032397225305622e-07
2798.0 2.0026706966518775e-07
2799.0 2.0021016707731933e-07
2800.0 2.0015326448945085e-07
2801.0 2.0009636190158246e-07
2802.0 2.0003945931371398e-07
2803.0 1.9998255672584556e-07
2804.0 1.999256541379771e-07
2805.0 1.9986875155010862e-07
2806.0 1.998118489622402e-07
2807.0 1.9975494637437177e-07
2808.0 1.9969804378650333e-07
2809.0 1.9964114119863488e-07
2810.0 1.9958423861076643e-07
2811.0 1.99527336022898e-07
2812.0 1.9947043343502954e-07
2813.0 1.994135308471611e-07
2814.0 1.9935662825929264e-07
2815.0 1.9929972567142428e-07
2816.0 1.9924282308355575e-07
2817.0 1.9918592049568733e-07
2818.0 1.9912901790781886e-07
2819.0 1.9907211531995046e-07
2820.0 1.99015212732082e-07
2821.0 1.9895831014421357e-07
2822.0 1.9890140755634512e-07
2823.0 1.9884450496847667e-07
2824.0 1.9878760238060825e-07
2825.0 1.9873069979273978e-07
2826.0 1.9867379720487133e-07
2827.0 1.9861689461700288e-07
2828.0 1.9855999202913446e-07
2829.0 1.9850308944126602e-07
2830.0 1.984461868533976e-07
2831.0 1.9838928426552912e-07
2832.0 1.9833238167766065e-07
2833.0 1.9827547908979228e-07
2834.0 1.9821857650192375e-07
2835.0 1.9816167391405533e-07
2836.0 1.9810477132618686e-07
2837.0 1.9804786873831844e-07
2838.0 1.9799096615045e-07
2839.0 1.9793406356258162e-07
2840.0 1.9787716097471312e-07
2841.0 1.9782025838684468e-07
2842.0 1.9776335579897625e-07
2843.0 1.9770645321110773e-07
2844.0 1.9764955062323933e-07
2845.0 1.9759264803537086e-07
2846.0 1.9753574544750247e-07
2847.0 1.97478842859634e-07
2848.0 1.974219402717656e-07
2849.0 1.9736503768389712e-07
2850.0 1.9730813509602865e-07
2851.0 1.9725123250816023e-07
2852.0 1.9719432992029176e-07
2853.0 1.9713742733242334e-07
2854.0 1.970805247445549e-07
2855.0 1.9702362215668647e-07
2856.0 1.96966719568818e-07
2857.0 1.9690981698094963e-07
2858.0 1.9685291439308115e-07
2859.0 1.9679601180521265e-07
2860.0 1.9673910921734426e-07
2861.0 1.9668220662947578e-07
2862.0 1.9662530404160734e-07
2863.0 1.9656840145373886e-07
2864.0 1.9651149886587047e-07
2865.0 1.96454596278002e-07
2866.0 1.963976936901336e-07
2867.0 1.9634079110226518e-07
2868.0 1.9628388851439668e-07
2869.0 1.9622698592652823e-07
2870.0 1.961700833386598e-07
2871.0 1.9611318075079136e-07
2872.0 1.960562781629229e-07
2873.0 1.959993755750545e-07
2874.0 1.9594247298718602e-07
2875.0 1.9588557039931763e-07
2876.0 1.9582866781144916e-07
2877.0 1.9577176522358068e-07
2878.0 1.9571486263571226e-07
2879.0 1.956584463250736e-07
2880.0 1.9560223883645485e-07
2881.0 1.955460313478361e-07
2882.0 1.954898238592174e-07
2883.0 1.9543361637059868e-07
2884.0 1.9537740888197998e-07
2885.0 1.9532120139336122e-07
2886.0 1.9526499390474252e-07
2887.0 1.9520878641612376e-07
2888.0 1.9515257892750505e-07
2889.0 1.9509637143888632e-07
2890.0 1.9504016395026762e-07
2891.0 1.9498395646164886e-07
2892.0 1.9492774897303013e-07
2893.0 1.9487154148441145e-07
2894.0 1.9481533399579272e-07
2895.0 1.9475912650717398e-07
2896.0 1.9470291901855523e-07
2897.0 1.9464671152993647e-07
2898.0 1.9459050404131784e-07
2899.0 1.9453429655269906e-07
2900.0 1.9447808906408035e-07
2901.0 1.9442188157546165e-07
2902.0 1.943656740868429e-07
2903.0 1.9430946659822413e-07
2904.0 1.9425325910960548e-07
2905.0 1.9419705162098675e-07
2906.0 1.9414084413236802e-07
2907.0 1.9408463664374926e-07
2908.0 1.9402842915513055e-07
2909.0 1.9397222166651185e-07
2910.0 1.9391601417789312e-07
2911.0 1.938598066892744e-07
2912.0 1.9380359920065568e-07
2913.0 1.9374739171203692e-07
2914.0 1.9369118422341824e-07
2915.0 1.9363497673479949e-07
2916.0 1.9357876924618078e-07
2917.0 1.9352256175756205e-07
2918.0 1.934663542689433e-07
2919.0 1.934101467803246e-07
2920.0 1.9335393929170588e-07
2921.0 1.9329773180308715e-07
2922.0 1.9324152431446842e-07
2923.0 1.9318531682584969e-07
2924.0 1.9312910933723095e-07
2925.0 1.9307290184861225e-07
2926.0 1.9301669435999354e-07
2927.0 1.9296048687137479e-07
2928.0 1.9290427938275608e-07
2929.0 1.9284807189413732e-07
2930.0 1.9279186440551862e-07
2931.0 1.9273565691689986e-07
2932.0 1.926794494282812e-07
2933.0 1.9262324193966245e-07
2934.0 1.925670344510437e-07
2935.0 1.9251082696242499e-07
2936.0 1.9245461947380628e-07
2937.0 1.9239841198518763e-07
2938.0 1.9234220449656887e-07
2939.0 1.9228599700795006e-07
2940.0 1.922297895193314e-07
2941.0 1.9217358203071265e-07
2942.0 1.9211737454209395e-07
2943.0 1.920611670534752e-07
2944.0 1.9200495956485648e-07
2945.0 1.9194875207623772e-07
2946.0 1.9189254458761907e-07
2947.0 1.9183633709900031e-07
2948.0 1.917801296103816e-07
2949.0 1.917239221217629e-07
2950.0 1.9166771463314415e-07
2951.0 1.916115071445255e-07
2952.0 1.9155529965590674e-07
2953.0 1.9149909216728803e-07
2954.0 1.9144288467866927e-07
2955.0 1.9138667719005051e-07
2956.0 1.913304697014318e-07
2957.0 1.912742622128131e-07
2958.0 1.9121805472419435e-07
2959.0 1.9116184723557567e-07
2960.0 1.911056397469569e-07
2961.0 1.9104943225833818e-07
2962.0 1.9099322476971947e-07
2963.0 1.9093701728110074e-07
2964.0 1.9088080979248198e-07
2965.0 1.9082460230386328e-07
2966.0 1.9076839481524452e-07
2967.0 1.9071218732662584e-07
2968.0 1.906559798380071e-07
2969.0 1.905997723493884e-07
2970.0 1.9054356486076967e-07
2971.0 1.9048735737215094e-07
2972.0 1.9043114988353218e-07
2973.0 1.903749423949135e-07
2974.0 1.903187349062948e-07
2975.0 1.9026252741767604e-07
2976.0 1.9020631992905734e-07
2977.0 1.901501124404386e-07
2978.0 1.9009390495181987e-07
2979.0 1.9003769746320114e-07
2980.0 1.8998148997458246e-07
2981.0 1.899252824859637e-07
2982.0 1.8986907499734497e-07
2983.0 1.8981286750872624e-07
2984.0 1.8975666002010754e-07
2985.0 1.897004525314888e-07
2986.0 1.8964424504287007e-07
2987.0 1.8958803755425137e-07
2988.0 1.8953183006563266e-07
2989.0 1.894756225770139e-07
2990.0 1.894194150883952e-07
2991.0 1.893632075997765e-07
2992.0 1.8930700011115774e-07
2993.0 1.89250792622539e-07
2994.0 1.8919458513392027e-07
2995.0 1.891383776453016e-07
2996.0 1.8908217015668284e-07
2997.0 1.890259626680641e-07
2998.0 1.8896975517944537e-07
2999.0 1.8891354769082667e-07
3000.0 1.8885734020220796e-07
3001.0 1.888011327135892e-07
3002.0 1.887449252249705e-07
3003.0 1.8868871773635174e-07
3004.0 1.8863251024773304e-07
3005.0 1.8857630275911433e-07
3006.0 1.8852009527049557e-07
3007.0 1.8846388778187687e-07
3008.0 1.884076802932581e-07
3009.0 1.8835147280463946e-07
3010.0 1.882952653160207e-07
3011.0 1.88239057827402e-07
3012.0 1.881828503387833e-07
3013.0 1.8812664285016453e-07
3014.0 1.8807043536154578e-07
3015.0 1.8801422787292707e-07
3016.0 1.8795802038430842e-07
3017.0 1.8790181289568966e-07
3018.0 1.878456054070709e-07
3019.0 1.8778939791845214e-07
3020.0 1.877331904298335e-07
3021.0 1.8767698294121479e-07
3022.0 1.8762077545259603e-07
3023.0 1.8756456796397732e-07
3024.0 1.8750836047535857e-07
3025.0 1.8745215298673986e-07
3026.0 1.873959454981211e-07
3027.0 1.873397380095024e-07
3028.0 1.872835305208837e-07
3029.0 1.8722732303226493e-07
3030.0 1.8717111554364623e-07
3031.0 1.871149080550275e-07
3032.0 1.8705870056640877e-07
3033.0 1.8700249307779003e-07
3034.0 1.8694628558917133e-07
3035.0 1.868900781005526e-07
3036.0 1.8683387061193387e-07
3037.0 1.8677766312331516e-07
3038.0 1.8672145563469643e-07
3039.0 1.866652481460777e-07
3040.0 1.8660904065745894e-07
3041.0 1.8655283316884023e-07
3042.0 1.8649662568022156e-07
3043.0 1.864404181916028e-07
3044.0 1.8638421070298407e-07
3045.0 1.8632800321436536e-07
3046.0 1.8627179572574663e-07
3047.0 1.862155882371279e-07
3048.0 1.8615938074850922e-07
3049.0 1.8610317325989046e-07
3050.0 1.8604696577127173e-07
3051.0 1.85990758282653e-07
3052.0 1.859345507940343e-07
3053.0 1.858783433054156e-07
3054.0 1.8582213581679683e-07
3055.0 1.857659283281781e-07
3056.0 1.8570972083955942e-07
3057.0 1.8565351335094066e-07
3058.0 1.8559730586232196e-07
3059.0 1.8554109837370325e-07
3060.0 1.854848908850845e-07
3061.0 1.8542868339646574e-07
3062.0 1.8537247590784703e-07
3063.0 1.8531626841922835e-07
3064.0 1.8526006093060962e-07
3065.0 1.8520385344199086e-07
3066.0 1.8514764595337216e-07
3067.0 1.8509143846475343e-07
3068.0 1.850352309761347e-07
3069.0 1.8497902348751602e-07
3070.0 1.8492281599889726e-07
3071.0 1.848666085102785e-07
3072.0 1.848104010216598e-07
3073.0 1.8475419353304104e-07
3074.0 1.8469798604442238e-07
3075.0 1.8464177855580363e-07
3076.0 1.8458557106718487e-07
3077.0 1.8452936357856622e-07
3078.0 1.8447315608994746e-07
3079.0 1.8441694860132875e-07
3080.0 1.8436074111271e-07
3081.0 1.843045336240913e-07
3082.0 1.8424832613547253e-07
3083.0 1.8419211864685388e-07
3084.0 1.8413591115823512e-07
3085.0 1.8407970366961642e-07
3086.0 1.8402349618099766e-07
3087.0 1.839672886923789e-07
3088.0 1.8391108120376025e-07
3089.0 1.838548737151415e-07
3090.0 1.837986662265228e-07
3091.0 1.8374245873790408e-07
3092.0 1.8368625124928527e-07
3093.0 1.8363004376066662e-07
3094.0 1.8357383627204786e-07
3095.0 1.8351762878342915e-07
3096.0 1.834614212948104e-07
3097.0 1.8340521380619174e-07
3098.0 1.8334900631757299e-07
3099.0 1.8329279882895428e-07
3100.0 1.8323659134033552e-07
