2.0 7.451838041075539e-08
3.0 1.0025928065247192e-07
4.0 1.242172955194426e-07
5.0 1.46405279234422e-07
6.0 1.6684704847622617e-07
7.0 1.8568002231010083e-07
8.0 2.0295904263399503e-07
9.0 2.1874190578462116e-07
10.0 2.3321114233649217e-07
11.0 2.4652797275863635e-07
12.0 2.5836162493367585e-07
13.0 2.693676560583128e-07
14.0 2.7929290011430487e-07
15.0 2.8810833199182554e-07
16.0 2.9624015507471163e-07
17.0 3.035255153658254e-07
18.0 3.0977628602834594e-07
19.0 3.153320139376085e-07
20.0 3.203701905874027e-07
21.0 3.246864032482664e-07
22.0 3.283557846592217e-07
23.0 3.3140223382720927e-07
24.0 3.3358838536623966e-07
25.0 3.355814310552479e-07
26.0 3.3697333869548845e-07
27.0 3.3819382271457693e-07
28.0 3.384519017570747e-07
29.0 3.3862688262961227e-07
30.0 3.3788588021910413e-07
31.0 3.371448778085961e-07
32.0 3.3598221058172936e-07
33.0 3.347485349925394e-07
34.0 3.3319330727525343e-07
35.0 3.312560336013115e-07
36.0 3.293187599273696e-07
37.0 3.2676066808041046e-07
38.0 3.241125718621387e-07
39.0 3.214394033819087e-07
40.0 3.185150166766992e-07
41.0 3.1559062997148976e-07
42.0 3.126526364817823e-07
43.0 3.0958315894850905e-07
44.0 3.0651368141523585e-07
45.0 3.034442038819627e-07
46.0 3.00237059031693e-07
47.0 2.9700860802026925e-07
48.0 2.9378015700884553e-07
49.0 2.9053763870542245e-07
50.0 2.87273076247815e-07
51.0 2.8400851379020743e-07
52.0 2.807439513325998e-07
53.0 2.775760625963615e-07
54.0 2.7446129875036323e-07
55.0 2.713465349043651e-07
56.0 2.682317710583668e-07
57.0 2.6523739929980567e-07
58.0 2.623191076468342e-07
59.0 2.5940081599386277e-07
60.0 2.5648252434089135e-07
61.0 2.535981442467109e-07
62.0 2.5080565026983405e-07
63.0 2.480131562929571e-07
64.0 2.452206623160803e-07
65.0 2.424281683392034e-07
66.0 2.397414509795564e-07
67.0 2.371276811532458e-07
68.0 2.3451391132693524e-07
69.0 2.319001415006246e-07
70.0 2.29286371674314e-07
71.0 2.2681491271140673e-07
72.0 2.2445810801669095e-07
73.0 2.2210130332197506e-07
74.0 2.1974449862725926e-07
75.0 2.1738769393254345e-07
76.0 2.1505165099586176e-07
77.0 2.1285738609118708e-07
78.0 2.1066312118651245e-07
79.0 2.0846885628183784e-07
80.0 2.0627459137716324e-07
81.0 2.0408032647248859e-07
82.0 2.0192811107041047e-07
83.0 1.9988205816496762e-07
84.0 1.9783600525952472e-07
85.0 1.957899523540819e-07
86.0 1.9374389944863902e-07
87.0 1.9169784654319617e-07
88.0 1.8965179363775331e-07
89.0 1.8782641013802813e-07
90.0 1.860033552619475e-07
91.0 1.841803003858669e-07
92.0 1.823572455097862e-07
93.0 1.805341906337055e-07
94.0 1.787111357576249e-07
95.0 1.7692133098983892e-07
96.0 1.7525615923761004e-07
97.0 1.7359098748538115e-07
98.0 1.7192581573315227e-07
99.0 1.7026064398092339e-07
100.0 1.685954722286945e-07
101.0 1.6693030047646562e-07
102.0 1.6526512872423673e-07
103.0 1.6370594972187994e-07
104.0 1.621573181059875e-07
105.0 1.6060868649009502e-07
106.0 1.5906005487420257e-07
107.0 1.5751142325831015e-07
108.0 1.5596279164241767e-07
109.0 1.5441416002652525e-07
110.0 1.5287430288542086e-07
111.0 1.5151630407020477e-07
112.0 1.5015830525498872e-07
113.0 1.4880030643977258e-07
114.0 1.474423076245565e-07
115.0 1.4608430880934038e-07
116.0 1.447263099941243e-07
117.0 1.4336831117890821e-07
118.0 1.420103123636921e-07
119.0 1.4073570283696726e-07
120.0 1.3952225595719919e-07
121.0 1.383088090774311e-07
122.0 1.3709536219766307e-07
123.0 1.3588191531789497e-07
124.0 1.3466846843812695e-07
125.0 1.3345502155835885e-07
126.0 1.3224157467859077e-07
127.0 1.3102812779882273e-07
128.0 1.2985686116209965e-07
129.0 1.2873603616354594e-07
130.0 1.2761521116499222e-07
131.0 1.264943861664385e-07
132.0 1.2537356116788483e-07
133.0 1.2425273616933111e-07
134.0 1.231319111707774e-07
135.0 1.2201108617222368e-07
136.0 1.2089026117367e-07
137.0 1.197694361751163e-07
138.0 1.1874510479713677e-07
139.0 1.1777711752258178e-07
140.0 1.1680913024802686e-07
141.0 1.1584114297347188e-07
142.0 1.1487315569891691e-07
143.0 1.1390516842436192e-07
144.0 1.1293718114980697e-07
145.0 1.1196919387525202e-07
146.0 1.1100120660069705e-07
147.0 1.100332193261421e-07
148.0 1.0907176062844153e-07
149.0 1.0823280054620623e-07
150.0 1.0739384046397097e-07
151.0 1.0655488038173568e-07
152.0 1.0571592029950039e-07
153.0 1.0487696021726512e-07
154.0 1.0403800013502983e-07
155.0 1.0319904005279457e-07
156.0 1.0236007997055928e-07
157.0 1.0152111988832401e-07
158.0 1.0068215980608872e-07
159.0 9.984319972385346e-08
160.0 9.90502510716823e-08
161.0 9.82815510237056e-08
162.0 9.751285097572896e-08
163.0 9.674415092775227e-08
164.0 9.59754508797756e-08
165.0 9.520675083179892e-08
166.0 9.443805078382224e-08
167.0 9.366935073584557e-08
168.0 9.29006506878689e-08
169.0 9.213195063989222e-08
170.0 9.136325059191553e-08
171.0 9.059455054393888e-08
172.0 8.986947270052748e-08
173.0 8.921514694746798e-08
174.0 8.856082119440843e-08
175.0 8.790649544134886e-08
176.0 8.725216968828932e-08
177.0 8.659784393522977e-08
178.0 8.594351818217024e-08
179.0 8.528919242911069e-08
180.0 8.463486667605116e-08
181.0 8.398054092299161e-08
182.0 8.332621516993205e-08
183.0 8.267188941687249e-08
184.0 8.201756366381296e-08
185.0 8.138013665750751e-08
186.0 8.082976099734964e-08
187.0 8.02793853371918e-08
188.0 7.972900967703396e-08
189.0 7.917863401687608e-08
190.0 7.862825835671824e-08
191.0 7.807788269656039e-08
192.0 7.752750703640253e-08
193.0 7.697713137624465e-08
194.0 7.64267557160868e-08
195.0 7.587638005592895e-08
196.0 7.53260043957711e-08
197.0 7.477562873561325e-08
198.0 7.422525307545538e-08
199.0 7.367487741529752e-08
200.0 7.317311999345057e-08
201.0 7.267527281299579e-08
202.0 7.217742563254104e-08
203.0 7.167957845208627e-08
204.0 7.118173127163147e-08
205.0 7.068388409117669e-08
206.0 7.018603691072193e-08
207.0 6.968818973026717e-08
208.0 6.919034254981239e-08
209.0 6.869249536935762e-08
210.0 6.819464818890284e-08
211.0 6.769680100844808e-08
212.0 6.71989538279933e-08
213.0 6.670110664753851e-08
214.0 6.620325946708375e-08
215.0 6.575097303712819e-08
216.0 6.533009239788211e-08
217.0 6.490921175863606e-08
218.0 6.448833111938997e-08
219.0 6.40674504801439e-08
220.0 6.364656984089783e-08
221.0 6.322568920165177e-08
222.0 6.28048085624057e-08
223.0 6.238392792315961e-08
224.0 6.196304728391353e-08
225.0 6.154216664466745e-08
226.0 6.112128600542138e-08
227.0 6.070040536617532e-08
228.0 6.027952472692924e-08
229.0 5.985864408768317e-08
230.0 5.943776344843711e-08
231.0 5.902286799684821e-08
232.0 5.8679427279513943e-08
233.0 5.833598656217967e-08
234.0 5.799254584484537e-08
235.0 5.7649105127511095e-08
236.0 5.730566441017681e-08
237.0 5.6962223692842536e-08
238.0 5.6618782975508234e-08
239.0 5.627534225817396e-08
240.0 5.593190154083967e-08
241.0 5.5588460823505385e-08
242.0 5.524502010617111e-08
243.0 5.4901579388836826e-08
244.0 5.455813867150253e-08
245.0 5.4214697954168254e-08
246.0 5.387125723683397e-08
247.0 5.352781651949968e-08
248.0 5.318437580216541e-08
249.0 5.2851853838552664e-08
250.0 5.254598788363547e-08
251.0 5.2240121928718276e-08
252.0 5.19342559738011e-08
253.0 5.162839001888392e-08
254.0 5.132252406396676e-08
255.0 5.1016658109049566e-08
256.0 5.071079215413238e-08
257.0 5.040492619921521e-08
258.0 5.009906024429802e-08
259.0 4.979319428938082e-08
260.0 4.9487328334463635e-08
261.0 4.9181462379546455e-08
262.0 4.887559642462928e-08
263.0 4.8569730469712106e-08
264.0 4.826386451479491e-08
265.0 4.795799855987773e-08
266.0 4.765213260496055e-08
267.0 4.734626665004337e-08
268.0 4.704687332285104e-08
269.0 4.678935550439192e-08
270.0 4.6531837685932793e-08
271.0 4.6274319867473686e-08
272.0 4.6016802049014565e-08
273.0 4.5759284230555444e-08
274.0 4.550176641209633e-08
275.0 4.52442485936372e-08
276.0 4.4986730775178095e-08
277.0 4.472921295671897e-08
278.0 4.447169513825985e-08
279.0 4.4214177319800725e-08
280.0 4.395665950134161e-08
281.0 4.369914168288249e-08
282.0 4.3441623864423376e-08
283.0 4.318410604596426e-08
284.0 4.292658822750514e-08
285.0 4.266907040904602e-08
286.0 4.24115525905869e-08
287.0 4.2154034772127785e-08
288.0 4.1896516953668664e-08
289.0 4.166519325869911e-08
290.0 4.145989369120761e-08
291.0 4.1254594123716114e-08
292.0 4.104929455622462e-08
293.0 4.084399498873313e-08
294.0 4.063869542124164e-08
295.0 4.043339585375014e-08
296.0 4.022809628625865e-08
297.0 4.002279671876715e-08
298.0 3.981749715127566e-08
299.0 3.961219758378415e-08
300.0 3.940689801629267e-08
301.0 3.920159844880117e-08
302.0 3.899629888130968e-08
303.0 3.879099931381818e-08
304.0 3.8585699746326684e-08
305.0 3.838040017883519e-08
306.0 3.817510061134369e-08
307.0 3.79698010438522e-08
308.0 3.7764501476360706e-08
309.0 3.755920190886921e-08
310.0 3.735390234137772e-08
311.0 3.7155953919467685e-08
312.0 3.697689045240255e-08
313.0 3.6797826985337434e-08
314.0 3.661876351827231e-08
315.0 3.643970005120719e-08
316.0 3.626063658414208e-08
317.0 3.608157311707695e-08
318.0 3.590250965001183e-08
319.0 3.5723446182946714e-08
320.0 3.554438271588159e-08
321.0 3.536531924881646e-08
322.0 3.518625578175135e-08
323.0 3.5007192314686225e-08
324.0 3.4828128847621106e-08
325.0 3.464906538055599e-08
326.0 3.447000191349087e-08
327.0 3.429093844642575e-08
328.0 3.4111874979360624e-08
329.0 3.3932811512295505e-08
330.0 3.375374804523038e-08
331.0 3.3574684578165274e-08
332.0 3.339562111110014e-08
333.0 3.321655764403503e-08
334.0 3.3037494176969904e-08
335.0 3.286805583365344e-08
336.0 3.271671754464753e-08
337.0 3.256537925564161e-08
338.0 3.241404096663568e-08
339.0 3.226270267762976e-08
340.0 3.211136438862383e-08
341.0 3.1960026099617915e-08
342.0 3.1808687810611986e-08
343.0 3.165734952160606e-08
344.0 3.150601123260015e-08
345.0 3.1354672943594213e-08
346.0 3.12033346545883e-08
347.0 3.105199636558237e-08
348.0 3.090065807657645e-08
349.0 3.0749319787570525e-08
350.0 3.059798149856459e-08
351.0 3.0446643209558674e-08
352.0 3.029530492055275e-08
353.0 3.0143966631546823e-08
354.0 2.9992628342540895e-08
355.0 2.984129005353498e-08
356.0 2.968995176452905e-08
357.0 2.9538613475523128e-08
358.0 2.9387275186517206e-08
359.0 2.9235936897511284e-08
360.0 2.908459860850536e-08
361.0 2.895217918720352e-08
362.0 2.8833991033498567e-08
363.0 2.8715802879793608e-08
364.0 2.8597614726088655e-08
365.0 2.8479426572383695e-08
366.0 2.8361238418678742e-08
367.0 2.824305026497379e-08
368.0 2.812486211126883e-08
369.0 2.800667395756387e-08
370.0 2.7888485803858914e-08
371.0 2.777029765015396e-08
372.0 2.7652109496449e-08
373.0 2.753392134274405e-08
374.0 2.741573318903909e-08
375.0 2.7297545035334143e-08
376.0 2.7179356881629183e-08
377.0 2.7061168727924224e-08
378.0 2.694298057421927e-08
379.0 2.6824792420514305e-08
380.0 2.670660426680936e-08
381.0 2.6588416113104402e-08
382.0 2.6470227959399442e-08
383.0 2.635203980569449e-08
384.0 2.6233851651989523e-08
385.0 2.6115663498284584e-08
386.0 2.5997475344579624e-08
387.0 2.5879287190874664e-08
388.0 2.576109903716971e-08
389.0 2.565689641898264e-08
390.0 2.5555999439854734e-08
391.0 2.5455102460726824e-08
392.0 2.5354205481598915e-08
393.0 2.5253308502471005e-08
394.0 2.515241152334309e-08
395.0 2.505151454421519e-08
396.0 2.4950617565087274e-08
397.0 2.484972058595937e-08
398.0 2.474882360683146e-08
399.0 2.4647926627703552e-08
400.0 2.4547029648575646e-08
401.0 2.4446132669447734e-08
402.0 2.4345235690319824e-08
403.0 2.424433871119191e-08
404.0 2.4143441732064005e-08
405.0 2.40425447529361e-08
406.0 2.3941647773808193e-08
407.0 2.384075079468028e-08
408.0 2.3739853815552374e-08
409.0 2.363895683642447e-08
410.0 2.3538059857296562e-08
411.0 2.343716287816865e-08
412.0 2.333626589904074e-08
413.0 2.3235368919912834e-08
414.0 2.313447194078492e-08
415.0 2.3033574961657015e-08
416.0 2.29326779825291e-08
417.0 2.2831781003401193e-08
418.0 2.2730884024273284e-08
419.0 2.2644024620723123e-08
420.0 2.2558577257751836e-08
421.0 2.247312989478055e-08
422.0 2.2387682531809255e-08
423.0 2.2302235168837965e-08
424.0 2.221678780586667e-08
425.0 2.213134044289538e-08
426.0 2.2045893079924093e-08
427.0 2.1960445716952803e-08
428.0 2.1874998353981512e-08
429.0 2.178955099101022e-08
430.0 2.170410362803893e-08
431.0 2.1618656265067644e-08
432.0 2.153320890209635e-08
433.0 2.1447761539125057e-08
434.0 2.136231417615377e-08
435.0 2.127686681318248e-08
436.0 2.119141945021119e-08
437.0 2.11059720872399e-08
438.0 2.1020524724268605e-08
439.0 2.0935077361297318e-08
440.0 2.0849629998326024e-08
441.0 2.0764182635354737e-08
442.0 2.0678735272383446e-08
443.0 2.0593287909412153e-08
444.0 2.0507840546440866e-08
445.0 2.0422393183469572e-08
446.0 2.033694582049828e-08
447.0 2.025149845752699e-08
448.0 2.01660510945557e-08
449.0 2.0080603731584413e-08
450.0 1.999515636861312e-08
451.0 1.992339120336566e-08
452.0 1.9857342048110545e-08
453.0 1.9791292892855433e-08
454.0 1.9725243737600325e-08
455.0 1.965919458234521e-08
456.0 1.9593145427090094e-08
457.0 1.952709627183499e-08
458.0 1.9461047116579874e-08
459.0 1.939499796132476e-08
460.0 1.9328948806069647e-08
461.0 1.9262899650814535e-08
462.0 1.9196850495559417e-08
463.0 1.913080134030431e-08
464.0 1.9064752185049196e-08
465.0 1.8998703029794088e-08
466.0 1.8932653874538976e-08
467.0 1.8866604719283857e-08
468.0 1.8800555564028752e-08
469.0 1.8734506408773637e-08
470.0 1.866845725351853e-08
471.0 1.860240809826341e-08
472.0 1.8536358943008305e-08
473.0 1.847030978775319e-08
474.0 1.840426063249808e-08
475.0 1.8338211477242962e-08
476.0 1.8272162321987854e-08
477.0 1.820611316673274e-08
478.0 1.814006401147763e-08
479.0 1.8074014856222515e-08
480.0 1.8007965700967403e-08
481.0 1.7941916545712288e-08
482.0 1.7875867390457176e-08
483.0 1.780981823520207e-08
484.0 1.7743769079946952e-08
485.0 1.7677961206604947e-08
486.0 1.7623070809509276e-08
487.0 1.7568180412413592e-08
488.0 1.7513290015317912e-08
489.0 1.745839961822223e-08
490.0 1.7403509221126554e-08
491.0 1.7348618824030874e-08
492.0 1.729372842693519e-08
493.0 1.7238838029839513e-08
494.0 1.7183947632743835e-08
495.0 1.7129057235648155e-08
496.0 1.707416683855247e-08
497.0 1.7019276441456794e-08
498.0 1.6964386044361117e-08
499.0 1.6909495647265433e-08
500.0 1.6854605250169752e-08
501.0 1.6799714853074075e-08
502.0 1.6744824455978395e-08
503.0 1.6689934058882714e-08
504.0 1.6635043661787037e-08
505.0 1.6580153264691353e-08
506.0 1.652526286759568e-08
507.0 1.647037247049999e-08
508.0 1.6415482073404315e-08
509.0 1.6360591676308638e-08
510.0 1.6305701279212954e-08
511.0 1.6250810882117277e-08
512.0 1.6195920485021593e-08
513.0 1.614103008792592e-08
514.0 1.608613969083024e-08
515.0 1.6031249293734555e-08
516.0 1.5976358896638878e-08
517.0 1.59214684995432e-08
518.0 1.5866578102447517e-08
519.0 1.581168770535184e-08
520.0 1.5756797308256156e-08
521.0 1.5701906911160482e-08
522.0 1.56470165140648e-08
523.0 1.5597432990195894e-08
524.0 1.5550505877847257e-08
525.0 1.5503578765498627e-08
526.0 1.545665165314999e-08
527.0 1.540972454080136e-08
528.0 1.5362797428452722e-08
529.0 1.5315870316104088e-08
530.0 1.5268943203755457e-08
531.0 1.522201609140682e-08
532.0 1.517508897905819e-08
533.0 1.512816186670955e-08
534.0 1.508123475436092e-08
535.0 1.5034307642012288e-08
536.0 1.4987380529663654e-08
537.0 1.4940453417315017e-08
538.0 1.4893526304966385e-08
539.0 1.4846599192617749e-08
540.0 1.4799672080269118e-08
541.0 1.4752744967920483e-08
542.0 1.4705817855571847e-08
543.0 1.4658890743223217e-08
544.0 1.4611963630874583e-08
545.0 1.4565036518525947e-08
546.0 1.4518109406177315e-08
547.0 1.4471182293828685e-08
548.0 1.4424255181480049e-08
549.0 1.4377328069131412e-08
550.0 1.4330400956782781e-08
551.0 1.4283473844434146e-08
552.0 1.4236546732085514e-08
553.0 1.418961961973688e-08
554.0 1.414269250738824e-08
555.0 1.4095765395039609e-08
556.0 1.4048838282690978e-08
557.0 1.4001911170342347e-08
558.0 1.3954984057993712e-08
559.0 1.3908056945645078e-08
560.0 1.3861129833296442e-08
561.0 1.381420272094781e-08
562.0 1.3767275608599173e-08
563.0 1.3725122523110986e-08
564.0 1.3689196803116194e-08
565.0 1.3653271083121405e-08
566.0 1.3617345363126614e-08
567.0 1.3581419643131822e-08
568.0 1.354549392313703e-08
569.0 1.350956820314224e-08
570.0 1.3473642483147448e-08
571.0 1.343771676315266e-08
572.0 1.3401791043157865e-08
573.0 1.336586532316308e-08
574.0 1.3329939603168284e-08
575.0 1.3294013883173495e-08
576.0 1.3258088163178702e-08
577.0 1.3222162443183912e-08
578.0 1.3186236723189122e-08
579.0 1.315031100319433e-08
580.0 1.311438528319954e-08
581.0 1.3078459563204747e-08
582.0 1.3042533843209958e-08
583.0 1.3006608123215166e-08
584.0 1.2970682403220377e-08
585.0 1.2934756683225581e-08
586.0 1.2898830963230794e-08
587.0 1.2862905243236001e-08
588.0 1.2826979523241212e-08
589.0 1.279105380324642e-08
590.0 1.2755128083251628e-08
591.0 1.2719202363256839e-08
592.0 1.2683276643262048e-08
593.0 1.2647350923267256e-08
594.0 1.2611425203272467e-08
595.0 1.2575499483277671e-08
596.0 1.2539573763282882e-08
597.0 1.250364804328809e-08
598.0 1.2467722323293302e-08
599.0 1.2431796603298511e-08
600.0 1.2395870883303719e-08
601.0 1.2359945163308928e-08
602.0 1.2324019443314136e-08
603.0 1.2288093723319345e-08
604.0 1.2252168003324556e-08
605.0 1.2216242283329766e-08
606.0 1.218100896582693e-08
607.0 1.215183230053745e-08
608.0 1.2122655635247974e-08
609.0 1.2093478969958498e-08
610.0 1.206430230466902e-08
611.0 1.2035125639379541e-08
612.0 1.2005948974090065e-08
613.0 1.1976772308800588e-08
614.0 1.194759564351111e-08
615.0 1.1918418978221634e-08
616.0 1.1889242312932154e-08
617.0 1.1860065647642676e-08
618.0 1.18308889823532e-08
619.0 1.1801712317063722e-08
620.0 1.1772535651774245e-08
621.0 1.1743358986484767e-08
622.0 1.1714182321195287e-08
623.0 1.1685005655905811e-08
624.0 1.1655828990616334e-08
625.0 1.1626652325326858e-08
626.0 1.1597475660037382e-08
627.0 1.1568298994747902e-08
628.0 1.1539122329458424e-08
629.0 1.1509945664168944e-08
630.0 1.1480768998879468e-08
631.0 1.1451592333589991e-08
632.0 1.1422415668300515e-08
633.0 1.1393239003011035e-08
634.0 1.1364062337721562e-08
635.0 1.133488567243208e-08
636.0 1.13057090071426e-08
637.0 1.1276532341853128e-08
638.0 1.1247355676563648e-08
639.0 1.1218179011274171e-08
640.0 1.1189002345984692e-08
641.0 1.1159825680695215e-08
642.0 1.1130649015405737e-08
643.0 1.110147235011626e-08
644.0 1.1072295684826783e-08
645.0 1.1043119019537306e-08
646.0 1.1013942354247828e-08
647.0 1.098476568895835e-08
648.0 1.0955589023668875e-08
649.0 1.0926412358379395e-08
650.0 1.0897235693089917e-08
651.0 1.086805902780044e-08
652.0 1.0838882362510961e-08
653.0 1.0811496509706436e-08
654.0 1.0786449350506906e-08
655.0 1.0761402191307374e-08
656.0 1.0736355032107846e-08
657.0 1.0711307872908313e-08
658.0 1.0686260713708786e-08
659.0 1.0661213554509254e-08
660.0 1.0636166395309724e-08
661.0 1.0611119236110192e-08
662.0 1.0586072076910662e-08
663.0 1.056102491771113e-08
664.0 1.05359777585116e-08
665.0 1.051093059931207e-08
666.0 1.048588344011254e-08
667.0 1.046083628091301e-08
668.0 1.0435789121713478e-08
669.0 1.041074196251395e-08
670.0 1.0385694803314418e-08
671.0 1.0360647644114888e-08
672.0 1.0335600484915358e-08
673.0 1.0310553325715828e-08
674.0 1.0285506166516295e-08
675.0 1.0260459007316766e-08
676.0 1.0235411848117236e-08
677.0 1.0210364688917706e-08
678.0 1.0185317529718176e-08
679.0 1.0160270370518646e-08
680.0 1.0135223211319114e-08
681.0 1.0110176052119584e-08
682.0 1.0085128892920052e-08
683.0 1.0060081733720524e-08
684.0 1.0035034574520992e-08
685.0 1.0009987415321462e-08
686.0 9.984940256121932e-09
687.0 9.9598930969224e-09
688.0 9.93484593772287e-09
689.0 9.909798778523338e-09
690.0 9.884751619323808e-09
691.0 9.859704460124278e-09
692.0 9.83465730092475e-09
693.0 9.80961014172522e-09
694.0 9.78456298252569e-09
695.0 9.759515823326161e-09
696.0 9.734468664126628e-09
697.0 9.709421504927098e-09
698.0 9.684374345727568e-09
699.0 9.659327186528038e-09
700.0 9.634280027328506e-09
701.0 9.609232868128974e-09
702.0 9.584185708929444e-09
703.0 9.560132123596376e-09
704.0 9.540926667298912e-09
705.0 9.521721211001446e-09
706.0 9.502515754703982e-09
707.0 9.483310298406514e-09
708.0 9.464104842109047e-09
709.0 9.444899385811582e-09
710.0 9.425693929514116e-09
711.0 9.40648847321665e-09
712.0 9.387283016919185e-09
713.0 9.368077560621716e-09
714.0 9.348872104324254e-09
715.0 9.329666648026786e-09
716.0 9.310461191729324e-09
717.0 9.291255735431854e-09
718.0 9.272050279134389e-09
719.0 9.252844822836922e-09
720.0 9.233639366539458e-09
721.0 9.214433910241992e-09
722.0 9.195228453944526e-09
723.0 9.176022997647061e-09
724.0 9.156817541349594e-09
725.0 9.137612085052128e-09
726.0 9.118406628754662e-09
727.0 9.099201172457197e-09
728.0 9.07999571615973e-09
729.0 9.060790259862265e-09
730.0 9.0415848035648e-09
731.0 9.022379347267333e-09
732.0 9.003173890969868e-09
733.0 8.983968434672401e-09
734.0 8.964762978374933e-09
735.0 8.94555752207747e-09
736.0 8.926352065780004e-09
737.0 8.907146609482538e-09
738.0 8.88794115318507e-09
739.0 8.868735696887606e-09
740.0 8.84953024059014e-09
741.0 8.830324784292674e-09
742.0 8.811119327995205e-09
743.0 8.791913871697742e-09
744.0 8.772708415400275e-09
745.0 8.753502959102808e-09
746.0 8.734297502805343e-09
747.0 8.715092046507878e-09
748.0 8.695886590210411e-09
749.0 8.676681133912944e-09
750.0 8.657475677615479e-09
751.0 8.638270221318014e-09
752.0 8.619064765020547e-09
753.0 8.599859308723084e-09
754.0 8.580653852425617e-09
755.0 8.56144839612815e-09
756.0 8.542242939830686e-09
757.0 8.523177429552706e-09
758.0 8.507973020598335e-09
759.0 8.492768611643963e-09
760.0 8.477564202689593e-09
761.0 8.46235979373522e-09
762.0 8.44715538478085e-09
763.0 8.431950975826477e-09
764.0 8.416746566872105e-09
765.0 8.401542157917733e-09
766.0 8.386337748963363e-09
767.0 8.371133340008988e-09
768.0 8.355928931054618e-09
769.0 8.340724522100246e-09
770.0 8.325520113145874e-09
771.0 8.310315704191504e-09
772.0 8.295111295237132e-09
773.0 8.279906886282758e-09
774.0 8.26470247732839e-09
775.0 8.249498068374018e-09
776.0 8.234293659419645e-09
777.0 8.219089250465274e-09
778.0 8.203884841510903e-09
779.0 8.18868043255653e-09
780.0 8.17347602360216e-09
781.0 8.158271614647787e-09
782.0 8.143067205693413e-09
783.0 8.127862796739043e-09
784.0 8.112658387784671e-09
785.0 8.097453978830301e-09
786.0 8.08224956987593e-09
787.0 8.067045160921559e-09
788.0 8.051840751967187e-09
789.0 8.036636343012817e-09
790.0 8.021431934058442e-09
791.0 8.00622752510407e-09
792.0 7.9910231161497e-09
793.0 7.975818707195325e-09
794.0 7.960614298240958e-09
795.0 7.945409889286583e-09
796.0 7.930205480332212e-09
797.0 7.915001071377839e-09
798.0 7.899796662423469e-09
799.0 7.884592253469097e-09
800.0 7.869387844514727e-09
801.0 7.854183435560355e-09
802.0 7.838979026605985e-09
803.0 7.823774617651613e-09
804.0 7.808570208697241e-09
805.0 7.793365799742869e-09
806.0 7.778161390788499e-09
807.0 7.762956981834125e-09
808.0 7.747752572879752e-09
809.0 7.732548163925382e-09
810.0 7.71734375497101e-09
811.0 7.702139346016636e-09
812.0 7.686934937062266e-09
813.0 7.671730528107896e-09
814.0 7.656526119153524e-09
815.0 7.641321710199154e-09
816.0 7.627619911571059e-09
817.0 7.61447346788446e-09
818.0 7.601327024197858e-09
819.0 7.588180580511259e-09
820.0 7.575034136824659e-09
821.0 7.561887693138063e-09
822.0 7.548741249451463e-09
823.0 7.535594805764864e-09
824.0 7.522448362078264e-09
825.0 7.509301918391663e-09
826.0 7.496155474705065e-09
827.0 7.483009031018465e-09
828.0 7.469862587331865e-09
829.0 7.456716143645266e-09
830.0 7.4435696999586655e-09
831.0 7.4304232562720675e-09
832.0 7.417276812585468e-09
833.0 7.40413036889887e-09
834.0 7.390983925212272e-09
835.0 7.377837481525671e-09
836.0 7.364691037839071e-09
837.0 7.3515445941524715e-09
838.0 7.338398150465872e-09
839.0 7.325251706779274e-09
840.0 7.312105263092674e-09
841.0 7.298958819406075e-09
842.0 7.285812375719475e-09
843.0 7.2726659320328755e-09
844.0 7.259519488346276e-09
845.0 7.246373044659678e-09
846.0 7.233226600973078e-09
847.0 7.220080157286478e-09
848.0 7.206933713599878e-09
849.0 7.1937872699132795e-09
850.0 7.180640826226681e-09
851.0 7.167494382540082e-09
852.0 7.154347938853482e-09
853.0 7.141201495166883e-09
854.0 7.128055051480283e-09
855.0 7.114908607793684e-09
856.0 7.1017621641070855e-09
857.0 7.088615720420486e-09
858.0 7.075469276733886e-09
859.0 7.0623228330472875e-09
860.0 7.049176389360688e-09
861.0 7.036029945674088e-09
862.0 7.0228835019874895e-09
863.0 7.009737058300891e-09
864.0 6.9965906146142895e-09
865.0 6.983444170927688e-09
866.0 6.970297727241092e-09
867.0 6.957151283554492e-09
868.0 6.944004839867893e-09
869.0 6.930858396181295e-09
870.0 6.917711952494692e-09
871.0 6.904565508808092e-09
872.0 6.891419065121496e-09
873.0 6.878272621434898e-09
874.0 6.865126177748298e-09
875.0 6.851979734061697e-09
876.0 6.838833290375096e-09
877.0 6.825686846688497e-09
878.0 6.8125404030018974e-09
879.0 6.802242732255026e-09
880.0 6.792145025783796e-09
881.0 6.782047319312567e-09
882.0 6.771949612841339e-09
883.0 6.761851906370107e-09
884.0 6.751754199898878e-09
885.0 6.741656493427649e-09
886.0 6.731558786956418e-09
887.0 6.721461080485189e-09
888.0 6.7113633740139595e-09
889.0 6.701265667542731e-09
890.0 6.6911679610715e-09
891.0 6.68107025460027e-09
892.0 6.670972548129041e-09
893.0 6.66087484165781e-09
894.0 6.650777135186583e-09
895.0 6.640679428715352e-09
896.0 6.630581722244119e-09
897.0 6.620484015772892e-09
898.0 6.610386309301661e-09
899.0 6.6002886028304315e-09
900.0 6.590190896359204e-09
901.0 6.5800931898879726e-09
902.0 6.569995483416742e-09
903.0 6.5598977769455145e-09
904.0 6.549800070474284e-09
905.0 6.539702364003052e-09
906.0 6.529604657531824e-09
907.0 6.519506951060594e-09
908.0 6.509409244589363e-09
909.0 6.4993115381181345e-09
910.0 6.489213831646905e-09
911.0 6.479116125175676e-09
912.0 6.469018418704445e-09
913.0 6.458920712233218e-09
914.0 6.4488230057619865e-09
915.0 6.438725299290755e-09
916.0 6.4286275928195284e-09
917.0 6.418529886348299e-09
918.0 6.408432179877066e-09
919.0 6.398334473405838e-09
920.0 6.388236766934608e-09
921.0 6.378139060463377e-09
922.0 6.368041353992149e-09
923.0 6.357943647520919e-09
924.0 6.347845941049688e-09
925.0 6.33774823457846e-09
926.0 6.32765052810723e-09
927.0 6.317552821636002e-09
928.0 6.307455115164773e-09
929.0 6.297357408693542e-09
930.0 6.287259702222311e-09
931.0 6.27716199575108e-09
932.0 6.267064289279852e-09
933.0 6.256966582808622e-09
934.0 6.246868876337392e-09
935.0 6.236771169866164e-09
936.0 6.226673463394934e-09
937.0 6.216575756923704e-09
938.0 6.206478050452475e-09
939.0 6.196380343981244e-09
940.0 6.186282637510015e-09
941.0 6.176184931038785e-09
942.0 6.166087224567556e-09
943.0 6.155989518096326e-09
944.0 6.145891811625096e-09
945.0 6.135794105153866e-09
946.0 6.126369990791095e-09
947.0 6.118503685835516e-09
948.0 6.110637380879939e-09
949.0 6.102771075924361e-09
950.0 6.094904770968783e-09
951.0 6.087038466013206e-09
952.0 6.079172161057627e-09
953.0 6.0713058561020495e-09
954.0 6.063439551146472e-09
955.0 6.0555732461908955e-09
956.0 6.0477069412353165e-09
957.0 6.0398406362797375e-09
958.0 6.03197433132416e-09
959.0 6.024108026368583e-09
960.0 6.0162417214130045e-09
961.0 6.008375416457427e-09
962.0 6.000509111501849e-09
963.0 5.992642806546272e-09
964.0 5.984776501590693e-09
965.0 5.976910196635115e-09
966.0 5.969043891679539e-09
967.0 5.9611775867239596e-09
968.0 5.953311281768381e-09
969.0 5.945444976812804e-09
970.0 5.937578671857225e-09
971.0 5.929712366901649e-09
972.0 5.92184606194607e-09
973.0 5.913979756990491e-09
974.0 5.906113452034915e-09
975.0 5.898247147079337e-09
976.0 5.890380842123759e-09
977.0 5.882514537168181e-09
978.0 5.8746482322126034e-09
979.0 5.866781927257025e-09
980.0 5.858915622301447e-09
981.0 5.8510493173458705e-09
982.0 5.8431830123902915e-09
983.0 5.835316707434713e-09
984.0 5.827450402479137e-09
985.0 5.81958409752356e-09
986.0 5.811717792567981e-09
987.0 5.803851487612402e-09
988.0 5.795985182656823e-09
989.0 5.788118877701246e-09
990.0 5.780252572745668e-09
991.0 5.772386267790092e-09
992.0 5.764519962834513e-09
993.0 5.756653657878935e-09
994.0 5.748787352923357e-09
995.0 5.7409210479677814e-09
996.0 5.733054743012203e-09
997.0 5.725188438056623e-09
998.0 5.717322133101045e-09
999.0 5.709455828145469e-09
1000.0 5.701589523189891e-09
1001.0 5.693723218234313e-09
1002.0 5.685856913278735e-09
1003.0 5.677990608323158e-09
1004.0 5.670124303367579e-09
1005.0 5.662257998412002e-09
1006.0 5.654391693456424e-09
1007.0 5.6465253885008454e-09
1008.0 5.638659083545267e-09
1009.0 5.630792778589689e-09
1010.0 5.622926473634112e-09
1011.0 5.615060168678534e-09
1012.0 5.607193863722957e-09
1013.0 5.599327558767378e-09
1014.0 5.5914612538118005e-09
1015.0 5.583594948856222e-09
1016.0 5.575728643900645e-09
1017.0 5.5678623389450675e-09
1018.0 5.559996033989489e-09
1019.0 5.552613394567056e-09
1020.0 5.545798611275943e-09
1021.0 5.538983827984832e-09
1022.0 5.532169044693718e-09
1023.0 5.525354261402606e-09
1024.0 5.5185394781114925e-09
1025.0 5.511724694820379e-09
1026.0 5.504909911529267e-09
1027.0 5.498095128238154e-09
1028.0 5.491280344947042e-09
1029.0 5.4844655616559286e-09
1030.0 5.4776507783648155e-09
1031.0 5.470835995073703e-09
1032.0 5.4640212117825884e-09
1033.0 5.457206428491477e-09
1034.0 5.450391645200365e-09
1035.0 5.4435768619092516e-09
1036.0 5.436762078618139e-09
1037.0 5.4299472953270245e-09
1038.0 5.423132512035914e-09
1039.0 5.416317728744799e-09
1040.0 5.409502945453688e-09
1041.0 5.402688162162575e-09
1042.0 5.395873378871461e-09
1043.0 5.389058595580348e-09
1044.0 5.382243812289237e-09
1045.0 5.375429028998123e-09
1046.0 5.368614245707011e-09
1047.0 5.3617994624158975e-09
1048.0 5.354984679124787e-09
1049.0 5.348169895833672e-09
1050.0 5.341355112542559e-09
1051.0 5.334540329251446e-09
1052.0 5.327725545960334e-09
1053.0 5.3209107626692205e-09
1054.0 5.314095979378108e-09
1055.0 5.307281196086996e-09
1056.0 5.300466412795882e-09
1057.0 5.29365162950477e-09
1058.0 5.286836846213657e-09
1059.0 5.280022062922543e-09
1060.0 5.27320727963143e-09
1061.0 5.266392496340318e-09
1062.0 5.259577713049206e-09
1063.0 5.2527629297580935e-09
1064.0 5.2459481464669796e-09
1065.0 5.239133363175868e-09
1066.0 5.232318579884754e-09
1067.0 5.225503796593641e-09
1068.0 5.21868901330253e-09
1069.0 5.211874230011417e-09
1070.0 5.2050594467203025e-09
1071.0 5.19824466342919e-09
1072.0 5.191429880138077e-09
1073.0 5.184615096846964e-09
1074.0 5.177800313555852e-09
1075.0 5.1709855302647395e-09
1076.0 5.164170746973626e-09
1077.0 5.157355963682514e-09
1078.0 5.1505411803914e-09
1079.0 5.143726397100289e-09
1080.0 5.136911613809175e-09
1081.0 5.130096830518062e-09
1082.0 5.12328204722695e-09
1083.0 5.116467263935837e-09
1084.0 5.109652480644724e-09
1085.0 5.102837697353612e-09
1086.0 5.096022914062498e-09
1087.0 5.0892081307713846e-09
1088.0 5.082393347480273e-09
1089.0 5.07557856418916e-09
1090.0 5.068763780898048e-09
1091.0 5.061948997606933e-09
1092.0 5.055134214315821e-09
1093.0 5.048319431024708e-09
1094.0 5.041504647733595e-09
1095.0 5.034689864442482e-09
1096.0 5.027875081151369e-09
1097.0 5.021071484717301e-09
1098.0 5.01575714753454e-09
1099.0 5.010442810351781e-09
1100.0 5.005128473169021e-09
1101.0 4.999814135986262e-09
1102.0 4.9944997988035035e-09
1103.0 4.989185461620744e-09
1104.0 4.983871124437984e-09
1105.0 4.978556787255225e-09
1106.0 4.973242450072466e-09
1107.0 4.967928112889706e-09
1108.0 4.962613775706947e-09
1109.0 4.957299438524188e-09
1110.0 4.9519851013414285e-09
1111.0 4.946670764158668e-09
1112.0 4.9413564269759096e-09
1113.0 4.936042089793149e-09
1114.0 4.93072775261039e-09
1115.0 4.92541341542763e-09
1116.0 4.9200990782448725e-09
1117.0 4.914784741062111e-09
1118.0 4.909470403879352e-09
1119.0 4.9041560666965916e-09
1120.0 4.898841729513834e-09
1121.0 4.893527392331074e-09
1122.0 4.888213055148315e-09
1123.0 4.882898717965556e-09
1124.0 4.877584380782797e-09
1125.0 4.872270043600037e-09
1126.0 4.866955706417278e-09
1127.0 4.8616413692345174e-09
1128.0 4.85632703205176e-09
1129.0 4.851012694869e-09
1130.0 4.845698357686241e-09
1131.0 4.84038402050348e-09
1132.0 4.83506968332072e-09
1133.0 4.8297553461379606e-09
1134.0 4.824441008955201e-09
1135.0 4.819126671772443e-09
1136.0 4.813812334589683e-09
1137.0 4.8084979974069235e-09
1138.0 4.803183660224165e-09
1139.0 4.797869323041405e-09
1140.0 4.792554985858645e-09
1141.0 4.787240648675886e-09
1142.0 4.781926311493127e-09
1143.0 4.7766119743103674e-09
1144.0 4.771297637127609e-09
1145.0 4.765983299944849e-09
1146.0 4.760668962762089e-09
1147.0 4.7553546255793295e-09
1148.0 4.750040288396571e-09
1149.0 4.744725951213812e-09
1150.0 4.739411614031052e-09
1151.0 4.734097276848293e-09
1152.0 4.728782939665532e-09
1153.0 4.7234686024827735e-09
1154.0 4.718154265300015e-09
1155.0 4.712839928117255e-09
1156.0 4.707525590934496e-09
1157.0 4.7022112537517364e-09
1158.0 4.696896916568978e-09
1159.0 4.691582579386216e-09
1160.0 4.686268242203457e-09
1161.0 4.680953905020698e-09
1162.0 4.67563956783794e-09
1163.0 4.6703252306551796e-09
1164.0 4.66501089347242e-09
1165.0 4.6596965562896614e-09
1166.0 4.6543822191069e-09
1167.0 4.6490678819241425e-09
1168.0 4.643753544741383e-09
1169.0 4.6384392075586235e-09
1170.0 4.633124870375864e-09
1171.0 4.6278105331931046e-09
1172.0 4.622496196010344e-09
1173.0 4.617181858827586e-09
1174.0 4.611867521644826e-09
1175.0 4.6065531844620675e-09
1176.0 4.601238847279306e-09
1177.0 4.5959245100965485e-09
1178.0 4.590610172913788e-09
1179.0 4.585295835731029e-09
1180.0 4.5799814985482685e-09
1181.0 4.5746671613655115e-09
1182.0 4.5699824859384705e-09
1183.0 4.5658975232711935e-09
1184.0 4.5618125606039165e-09
1185.0 4.55772759793664e-09
1186.0 4.5536426352693625e-09
1187.0 4.549557672602086e-09
1188.0 4.545472709934809e-09
1189.0 4.541387747267531e-09
1190.0 4.5373027846002546e-09
1191.0 4.533217821932978e-09
1192.0 4.529132859265701e-09
1193.0 4.525047896598425e-09
1194.0 4.520962933931148e-09
1195.0 4.516877971263871e-09
1196.0 4.512793008596595e-09
1197.0 4.5087080459293164e-09
1198.0 4.504623083262041e-09
1199.0 4.500538120594763e-09
1200.0 4.496453157927487e-09
1201.0 4.492368195260209e-09
1202.0 4.488283232592932e-09
1203.0 4.484198269925655e-09
1204.0 4.480113307258378e-09
1205.0 4.476028344591102e-09
1206.0 4.4719433819238235e-09
1207.0 4.467858419256549e-09
1208.0 4.46377345658927e-09
1209.0 4.459688493921994e-09
1210.0 4.455603531254716e-09
1211.0 4.451518568587439e-09
1212.0 4.447433605920163e-09
1213.0 4.443348643252886e-09
1214.0 4.439263680585609e-09
1215.0 4.435178717918333e-09
1216.0 4.431093755251055e-09
1217.0 4.4270087925837774e-09
1218.0 4.422923829916501e-09
1219.0 4.418838867249225e-09
1220.0 4.414753904581947e-09
1221.0 4.41066894191467e-09
1222.0 4.406583979247394e-09
1223.0 4.402499016580116e-09
1224.0 4.39841405391284e-09
1225.0 4.394329091245562e-09
1226.0 4.390244128578287e-09
1227.0 4.386159165911009e-09
1228.0 4.382074203243732e-09
1229.0 4.377989240576456e-09
1230.0 4.373904277909178e-09
1231.0 4.369819315241902e-09
1232.0 4.365734352574625e-09
1233.0 4.361649389907348e-09
1234.0 4.35756442724007e-09
1235.0 4.353479464572795e-09
1236.0 4.349394501905517e-09
1237.0 4.345309539238241e-09
1238.0 4.341224576570963e-09
1239.0 4.337139613903685e-09
1240.0 4.33305465123641e-09
1241.0 4.328969688569133e-09
1242.0 4.324884725901856e-09
1243.0 4.320799763234579e-09
1244.0 4.316714800567302e-09
1245.0 4.312629837900024e-09
1246.0 4.308544875232746e-09
1247.0 4.304459912565471e-09
1248.0 4.300374949898195e-09
1249.0 4.296289987230918e-09
1250.0 4.29220502456364e-09
1251.0 4.288120061896364e-09
1252.0 4.284035099229087e-09
1253.0 4.27995013656181e-09
1254.0 4.275865173894534e-09
1255.0 4.271780211227256e-09
1256.0 4.26769524855998e-09
1257.0 4.263610285892703e-09
1258.0 4.259525323225425e-09
1259.0 4.255440360558148e-09
1260.0 4.251355397890872e-09
1261.0 4.247270435223594e-09
1262.0 4.243185472556317e-09
1263.0 4.239100509889041e-09
1264.0 4.235015547221764e-09
1265.0 4.2309305845544876e-09
1266.0 4.2268456218872106e-09
1267.0 4.222760659219932e-09
1268.0 4.218675696552656e-09
1269.0 4.21459073388538e-09
1270.0 4.210505771218103e-09
1271.0 4.206420808550826e-09
1272.0 4.2023358458835494e-09
1273.0 4.198519108689607e-09
1274.0 4.194961421064983e-09
1275.0 4.191403733440359e-09
1276.0 4.187846045815732e-09
1277.0 4.184288358191109e-09
1278.0 4.180730670566484e-09
1279.0 4.1771729829418596e-09
1280.0 4.173615295317236e-09
1281.0 4.170057607692612e-09
1282.0 4.1664999200679885e-09
1283.0 4.162942232443362e-09
1284.0 4.159384544818739e-09
1285.0 4.155826857194114e-09
1286.0 4.15226916956949e-09
1287.0 4.148711481944865e-09
1288.0 4.1451537943202415e-09
1289.0 4.141596106695616e-09
1290.0 4.1380384190709925e-09
1291.0 4.134480731446367e-09
1292.0 4.130923043821743e-09
1293.0 4.127365356197119e-09
1294.0 4.123807668572494e-09
1295.0 4.120249980947869e-09
1296.0 4.1166922933232455e-09
1297.0 4.113134605698622e-09
1298.0 4.1095769180739965e-09
1299.0 4.106019230449373e-09
1300.0 4.1024615428247475e-09
1301.0 4.098903855200125e-09
1302.0 4.0953461675754985e-09
1303.0 4.091788479950875e-09
1304.0 4.08823079232625e-09
1305.0 4.084673104701626e-09
1306.0 4.0811154170770005e-09
1307.0 4.077557729452378e-09
1308.0 4.074000041827752e-09
1309.0 4.0704423542031295e-09
1310.0 4.066884666578503e-09
1311.0 4.063326978953879e-09
1312.0 4.059769291329255e-09
1313.0 4.05621160370463e-09
1314.0 4.052653916080007e-09
1315.0 4.0490962284553824e-09
1316.0 4.045538540830758e-09
1317.0 4.041980853206132e-09
1318.0 4.038423165581508e-09
1319.0 4.0348654779568844e-09
1320.0 4.03130779033226e-09
1321.0 4.027750102707635e-09
1322.0 4.024192415083011e-09
1323.0 4.0206347274583864e-09
1324.0 4.017077039833763e-09
1325.0 4.013519352209137e-09
1326.0 4.009961664584512e-09
1327.0 4.006403976959889e-09
1328.0 4.002846289335263e-09
1329.0 3.99928860171064e-09
1330.0 3.995730914086016e-09
1331.0 3.992173226461392e-09
1332.0 3.988615538836767e-09
1333.0 3.985057851212142e-09
1334.0 3.9815001635875185e-09
1335.0 3.977942475962894e-09
1336.0 3.9743847883382695e-09
1337.0 3.970827100713645e-09
1338.0 3.96726941308902e-09
1339.0 3.963711725464395e-09
1340.0 3.9601540378397715e-09
1341.0 3.956596350215147e-09
1342.0 3.9530386625905225e-09
1343.0 3.949480974965899e-09
1344.0 3.9459232873412735e-09
1345.0 3.94236559971665e-09
1346.0 3.938807912092025e-09
1347.0 3.935250224467401e-09
1348.0 3.931692536842777e-09
1349.0 3.928134849218153e-09
1350.0 3.924577161593527e-09
1351.0 3.921019473968903e-09
1352.0 3.917461786344278e-09
1353.0 3.913904098719655e-09
1354.0 3.91034641109503e-09
1355.0 3.906788723470406e-09
1356.0 3.903231035845781e-09
1357.0 3.899673348221156e-09
1358.0 3.896115660596532e-09
1359.0 3.892557972971908e-09
1360.0 3.889000285347283e-09
1361.0 3.885442597722659e-09
1362.0 3.881884910098034e-09
1363.0 3.8783272224734105e-09
1364.0 3.874769534848786e-09
1365.0 3.8712118472241614e-09
1366.0 3.867654159599537e-09
1367.0 3.864096471974912e-09
1368.0 3.860538784350288e-09
1369.0 3.8569810967256634e-09
1370.0 3.853423409101039e-09
1371.0 3.850229313486951e-09
1372.0 3.8474050784477104e-09
1373.0 3.84458084340847e-09
1374.0 3.841756608369228e-09
1375.0 3.838932373329987e-09
1376.0 3.836108138290747e-09
1377.0 3.833283903251507e-09
1378.0 3.830459668212265e-09
1379.0 3.827635433173025e-09
1380.0 3.824811198133784e-09
1381.0 3.821986963094543e-09
1382.0 3.8191627280553036e-09
1383.0 3.816338493016062e-09
1384.0 3.813514257976821e-09
1385.0 3.810690022937579e-09
1386.0 3.807865787898339e-09
1387.0 3.805041552859099e-09
1388.0 3.802217317819858e-09
1389.0 3.799393082780616e-09
1390.0 3.796568847741376e-09
1391.0 3.7937446127021354e-09
1392.0 3.790920377662895e-09
1393.0 3.788096142623654e-09
1394.0 3.785271907584413e-09
1395.0 3.782447672545173e-09
1396.0 3.779623437505931e-09
1397.0 3.776799202466691e-09
1398.0 3.77397496742745e-09
1399.0 3.771150732388209e-09
1400.0 3.768326497348968e-09
1401.0 3.7655022623097286e-09
1402.0 3.7626780272704866e-09
1403.0 3.759853792231246e-09
1404.0 3.757029557192005e-09
1405.0 3.754205322152765e-09
1406.0 3.751381087113524e-09
1407.0 3.748556852074282e-09
1408.0 3.745732617035043e-09
1409.0 3.742908381995801e-09
1410.0 3.7400841469565604e-09
1411.0 3.73725991191732e-09
1412.0 3.734435676878079e-09
1413.0 3.7316114418388385e-09
1414.0 3.728787206799598e-09
1415.0 3.725962971760356e-09
1416.0 3.723138736721116e-09
1417.0 3.720314501681875e-09
1418.0 3.7174902666426355e-09
1419.0 3.714666031603393e-09
1420.0 3.7118417965641536e-09
1421.0 3.709017561524912e-09
1422.0 3.706193326485671e-09
1423.0 3.7033690914464304e-09
1424.0 3.700544856407189e-09
1425.0 3.6977206213679493e-09
1426.0 3.6948963863287077e-09
1427.0 3.692072151289467e-09
1428.0 3.689247916250227e-09
1429.0 3.6864236812109867e-09
1430.0 3.683599446171745e-09
1431.0 3.6807752111325043e-09
1432.0 3.6779509760932644e-09
1433.0 3.6751267410540228e-09
1434.0 3.6723025060147816e-09
1435.0 3.6694782709755416e-09
1436.0 3.6666540359363e-09
1437.0 3.66382980089706e-09
1438.0 3.6610055658578185e-09
1439.0 3.658181330818579e-09
1440.0 3.6553570957793374e-09
1441.0 3.6525328607400966e-09
1442.0 3.649708625700856e-09
1443.0 3.6468843906616142e-09
1444.0 3.6440601556223747e-09
1445.0 3.6412359205831323e-09
1446.0 3.6384116855438924e-09
1447.0 3.635587450504652e-09
1448.0 3.632763215465412e-09
1449.0 3.6299389804261705e-09
1450.0 3.6271147453869297e-09
1451.0 3.6242905103476885e-09
1452.0 3.6214662753084477e-09
1453.0 3.618642040269207e-09
1454.0 3.6158178052299654e-09
1455.0 3.6129935701907254e-09
1456.0 3.610169335151485e-09
1457.0 3.607345100112245e-09
1458.0 3.604520865073004e-09
1459.0 3.6016966300337624e-09
1460.0 3.5988723949945216e-09
1461.0 3.596048159955281e-09
1462.0 3.59322392491604e-09
1463.0 3.5903996898767993e-09
1464.0 3.5875754548375577e-09
1465.0 3.5847512197983173e-09
1466.0 3.5819269847590774e-09
1467.0 3.5791027497198366e-09
1468.0 3.576278514680595e-09
1469.0 3.5734542796413547e-09
1470.0 3.570630044602114e-09
1471.0 3.567805809562873e-09
1472.0 3.5649815745236316e-09
1473.0 3.5621573394843908e-09
1474.0 3.5593331044451504e-09
1475.0 3.5565088694059105e-09
1476.0 3.55368463436667e-09
1477.0 3.5514541995901604e-09
1478.0 3.549266164921253e-09
1479.0 3.547078130252346e-09
1480.0 3.5448900955834397e-09
1481.0 3.5427020609145324e-09
1482.0 3.5405140262456255e-09
1483.0 3.538325991576719e-09
1484.0 3.5361379569078117e-09
1485.0 3.5339499222389048e-09
1486.0 3.5317618875699983e-09
1487.0 3.529573852901092e-09
1488.0 3.527385818232184e-09
1489.0 3.5251977835632776e-09
1490.0 3.5230097488943707e-09
1491.0 3.520821714225464e-09
1492.0 3.518633679556557e-09
1493.0 3.51644564488765e-09
1494.0 3.5142576102187435e-09
1495.0 3.5120695755498358e-09
1496.0 3.5098815408809293e-09
1497.0 3.507693506212022e-09
1498.0 3.505505471543116e-09
1499.0 3.5033174368742094e-09
1500.0 3.5011294022053017e-09
1501.0 3.498941367536395e-09
1502.0 3.496753332867487e-09
1503.0 3.494565298198581e-09
1504.0 3.492377263529675e-09
1505.0 3.490189228860767e-09
1506.0 3.4880011941918603e-09
1507.0 3.4858131595229546e-09
1508.0 3.4836251248540465e-09
1509.0 3.4814370901851404e-09
1510.0 3.479249055516233e-09
1511.0 3.4770610208473266e-09
1512.0 3.474872986178419e-09
1513.0 3.4726849515095115e-09
1514.0 3.470496916840606e-09
1515.0 3.468308882171698e-09
1516.0 3.4661208475027904e-09
1517.0 3.463932812833885e-09
1518.0 3.4617447781649774e-09
1519.0 3.4595567434960705e-09
1520.0 3.4573687088271632e-09
1521.0 3.4551806741582567e-09
1522.0 3.45299263948935e-09
1523.0 3.4508046048204433e-09
1524.0 3.448616570151536e-09
1525.0 3.44642853548263e-09
1526.0 3.444240500813722e-09
1527.0 3.4420524661448157e-09
1528.0 3.4398644314759092e-09
1529.0 3.437676396807002e-09
1530.0 3.4354883621380954e-09
1531.0 3.4333003274691885e-09
1532.0 3.4311122928002812e-09
1533.0 3.4289242581313743e-09
1534.0 3.426736223462468e-09
1535.0 3.4245481887935605e-09
1536.0 3.4223601541246544e-09
1537.0 3.420172119455747e-09
1538.0 3.4179840847868402e-09
1539.0 3.415796050117933e-09
1540.0 3.4136080154490264e-09
1541.0 3.4114199807801195e-09
1542.0 3.409231946111213e-09
1543.0 3.4070439114423057e-09
1544.0 3.4048558767733996e-09
1545.0 3.4026678421044915e-09
1546.0 3.4004798074355846e-09
1547.0 3.398291772766678e-09
1548.0 3.3961037380977716e-09
1549.0 3.393915703428864e-09
1550.0 3.3917276687599574e-09
1551.0 3.3895396340910505e-09
1552.0 3.387351599422143e-09
1553.0 3.3851635647532363e-09
1554.0 3.38297553008433e-09
1555.0 3.3807874954154225e-09
1556.0 3.3785994607465156e-09
1557.0 3.376411426077609e-09
1558.0 3.3742233914087026e-09
1559.0 3.372035356739794e-09
1560.0 3.3698473220708884e-09
1561.0 3.367659287401981e-09
1562.0 3.365471252733074e-09
1563.0 3.3632832180641677e-09
1564.0 3.3610951833952608e-09
1565.0 3.3589071487263535e-09
1566.0 3.356719114057448e-09
1567.0 3.3545310793885392e-09
1568.0 3.3523430447196328e-09
1569.0 3.3501550100507263e-09
1570.0 3.3479669753818194e-09
1571.0 3.345778940712912e-09
1572.0 3.3435909060440056e-09
1573.0 3.341402871375098e-09
1574.0 3.3392148367061914e-09
1575.0 3.3370268020372844e-09
1576.0 3.334838767368378e-09
1577.0 3.3326507326994715e-09
1578.0 3.3304626980305637e-09
1579.0 3.3282746633616573e-09
1580.0 3.3260866286927495e-09
1581.0 3.3238985940238443e-09
1582.0 3.3217105593549374e-09
1583.0 3.3195225246860296e-09
1584.0 3.317334490017123e-09
1585.0 3.3151464553482167e-09
1586.0 3.312958420679309e-09
1587.0 3.3107703860104012e-09
1588.0 3.308582351341496e-09
1589.0 3.3063943166725874e-09
1590.0 3.3042721018747425e-09
1591.0 3.302358207816147e-09
1592.0 3.3004443137575533e-09
1593.0 3.2985304196989575e-09
1594.0 3.2966165256403634e-09
1595.0 3.294702631581767e-09
1596.0 3.292788737523172e-09
1597.0 3.2908748434645785e-09
1598.0 3.288960949405983e-09
1599.0 3.2870470553473885e-09
1600.0 3.285133161288793e-09
1601.0 3.283219267230198e-09
1602.0 3.2813053731716036e-09
1603.0 3.2793914791130074e-09
1604.0 3.2774775850544132e-09
1605.0 3.2755636909958174e-09
1606.0 3.2736497969372233e-09
1607.0 3.2717359028786283e-09
1608.0 3.2698220088200325e-09
1609.0 3.267908114761439e-09
1610.0 3.2659942207028434e-09
1611.0 3.2640803266442484e-09
1612.0 3.2621664325856542e-09
1613.0 3.2602525385270597e-09
1614.0 3.2583386444684635e-09
1615.0 3.25642475040987e-09
1616.0 3.2545108563512743e-09
1617.0 3.2525969622926794e-09
1618.0 3.2506830682340852e-09
1619.0 3.2487691741754894e-09
1620.0 3.2468552801168944e-09
1621.0 3.2449413860582995e-09
1622.0 3.2430274919997053e-09
1623.0 3.2411135979411095e-09
1624.0 3.2391997038825154e-09
1625.0 3.2372858098239204e-09
1626.0 3.2353719157653254e-09
1627.0 3.2334580217067296e-09
1628.0 3.2315441276481355e-09
1629.0 3.2296302335895405e-09
1630.0 3.2277163395309455e-09
1631.0 3.2258024454723505e-09
1632.0 3.2238885514137564e-09
1633.0 3.2219746573551606e-09
1634.0 3.2200607632965656e-09
1635.0 3.2181468692379702e-09
1636.0 3.2162329751793757e-09
1637.0 3.2143190811207803e-09
1638.0 3.2124051870621865e-09
1639.0 3.2104912930035907e-09
1640.0 3.2085773989449966e-09
1641.0 3.2066635048864024e-09
1642.0 3.2047496108278062e-09
1643.0 3.2028357167692116e-09
1644.0 3.2009218227106167e-09
1645.0 3.1990079286520217e-09
1646.0 3.1970940345934275e-09
1647.0 3.1951801405348326e-09
1648.0 3.193266246476237e-09
1649.0 3.1913523524176422e-09
1650.0 3.1894384583590472e-09
1651.0 3.1875245643004523e-09
1652.0 3.1856106702418577e-09
1653.0 3.1836967761832623e-09
1654.0 3.1817828821246677e-09
1655.0 3.1798689880660724e-09
1656.0 3.1779550940074786e-09
1657.0 3.1760411999488832e-09
1658.0 3.1741273058902883e-09
1659.0 3.1722134118316933e-09
1660.0 3.1702995177730983e-09
1661.0 3.1683856237145025e-09
1662.0 3.1664717296559088e-09
1663.0 3.1645578355973134e-09
1664.0 3.1626439415387184e-09
1665.0 3.1607300474801226e-09
1666.0 3.1588161534215285e-09
1667.0 3.1569022593629335e-09
1668.0 3.1549883653043377e-09
1669.0 3.1530744712457435e-09
1670.0 3.1511605771871485e-09
1671.0 3.1492466831285544e-09
1672.0 3.1473327890699586e-09
1673.0 3.1454188950113653e-09
1674.0 3.1435050009527686e-09
1675.0 3.1415911068941745e-09
1676.0 3.1396772128355795e-09
1677.0 3.1377633187769845e-09
1678.0 3.1358494247183896e-09
1679.0 3.1339355306597946e-09
1680.0 3.1320216366011988e-09
1681.0 3.1301077425426046e-09
1682.0 3.1281938484840105e-09
1683.0 3.1262799544254143e-09
1684.0 3.1243660603668197e-09
1685.0 3.1224521663082247e-09
1686.0 3.1205382722496298e-09
1687.0 3.118624378191035e-09
1688.0 3.1167104841324402e-09
1689.0 3.114796590073845e-09
1690.0 3.1128826960152503e-09
1691.0 3.1109688019566557e-09
1692.0 3.1090549078980603e-09
1693.0 3.1071410138394658e-09
1694.0 3.105227119780871e-09
1695.0 3.103313225722276e-09
1696.0 3.101399331663681e-09
1697.0 3.0994854376050867e-09
1698.0 3.0975715435464913e-09
1699.0 3.0956576494878963e-09
1700.0 3.0937437554293018e-09
1701.0 3.0918298613707068e-09
1702.0 3.0899159673121114e-09
1703.0 3.088002073253517e-09
1704.0 3.086088179194922e-09
1705.0 3.0841742851363265e-09
1706.0 3.082260391077732e-09
1707.0 3.0803464970191373e-09
1708.0 3.0784326029605424e-09
1709.0 3.0765187089019474e-09
1710.0 3.074604814843353e-09
1711.0 3.072690920784757e-09
1712.0 3.070777026726163e-09
1713.0 3.0691287795445764e-09
1714.0 3.067551286674391e-09
1715.0 3.0659737938042057e-09
1716.0 3.0643963009340204e-09
1717.0 3.0628188080638356e-09
1718.0 3.0612413151936503e-09
1719.0 3.0596638223234645e-09
1720.0 3.0580863294532797e-09
1721.0 3.0565088365830948e-09
1722.0 3.05493134371291e-09
1723.0 3.0533538508427237e-09
1724.0 3.0517763579725384e-09
1725.0 3.0501988651023536e-09
1726.0 3.0486213722321683e-09
1727.0 3.0470438793619834e-09
1728.0 3.045466386491798e-09
1729.0 3.0438888936216123e-09
1730.0 3.042311400751428e-09
1731.0 3.0407339078812417e-09
1732.0 3.0391564150110573e-09
1733.0 3.0375789221408724e-09
1734.0 3.0360014292706867e-09
1735.0 3.0344239364005014e-09
1736.0 3.0328464435303165e-09
1737.0 3.0312689506601308e-09
1738.0 3.029691457789946e-09
1739.0 3.0281139649197606e-09
1740.0 3.0265364720495757e-09
1741.0 3.0249589791793904e-09
1742.0 3.023381486309205e-09
1743.0 3.02180399343902e-09
1744.0 3.020226500568835e-09
1745.0 3.018649007698649e-09
1746.0 3.0170715148284643e-09
1747.0 3.0154940219582786e-09
1748.0 3.0139165290880937e-09
1749.0 3.0123390362179084e-09
1750.0 3.0107615433477235e-09
1751.0 3.009184050477538e-09
1752.0 3.007606557607353e-09
1753.0 3.006029064737168e-09
1754.0 3.004451571866982e-09
1755.0 3.002874078996797e-09
1756.0 3.001296586126612e-09
1757.0 2.9997190932564264e-09
1758.0 2.998141600386241e-09
1759.0 2.996564107516056e-09
1760.0 2.994986614645871e-09
1761.0 2.993409121775686e-09
1762.0 2.9918316289055007e-09
1763.0 2.9902541360353154e-09
1764.0 2.9886766431651297e-09
1765.0 2.9870991502949448e-09
1766.0 2.98552165742476e-09
1767.0 2.9839441645545746e-09
1768.0 2.9823666716843897e-09
1769.0 2.9807891788142036e-09
1770.0 2.9792116859440187e-09
1771.0 2.977634193073834e-09
1772.0 2.976056700203649e-09
1773.0 2.974479207333463e-09
1774.0 2.972901714463278e-09
1775.0 2.9713242215930926e-09
1776.0 2.969746728722908e-09
1777.0 2.968169235852723e-09
1778.0 2.9665917429825367e-09
1779.0 2.9650142501123514e-09
1780.0 2.9634367572421665e-09
1781.0 2.9618592643719816e-09
1782.0 2.9602817715017967e-09
1783.0 2.958704278631611e-09
1784.0 2.9571267857614257e-09
1785.0 2.9555492928912404e-09
1786.0 2.9539718000210555e-09
1787.0 2.9523943071508694e-09
1788.0 2.950816814280685e-09
1789.0 2.9492393214105e-09
1790.0 2.9476618285403143e-09
1791.0 2.9460843356701294e-09
1792.0 2.9445068427999437e-09
1793.0 2.9429293499297592e-09
1794.0 2.9413518570595735e-09
1795.0 2.939774364189388e-09
1796.0 2.9381968713192033e-09
1797.0 2.936619378449018e-09
1798.0 2.9350418855788327e-09
1799.0 2.933464392708648e-09
1800.0 2.9318868998384625e-09
1801.0 2.9303094069682772e-09
1802.0 2.928731914098092e-09
1803.0 2.927154421227906e-09
1804.0 2.9255769283577213e-09
1805.0 2.923999435487536e-09
1806.0 2.9224219426173507e-09
1807.0 2.9208444497471662e-09
1808.0 2.9192669568769805e-09
1809.0 2.9176894640067952e-09
1810.0 2.91611197113661e-09
1811.0 2.9145344782664246e-09
1812.0 2.91295698539624e-09
1813.0 2.911379492526054e-09
1814.0 2.9098019996558695e-09
1815.0 2.9082245067856834e-09
1816.0 2.906647013915499e-09
1817.0 2.9050695210453132e-09
1818.0 2.9034920281751283e-09
1819.0 2.901914535304943e-09
1820.0 2.900337042434758e-09
1821.0 2.898759549564573e-09
1822.0 2.8971820566943875e-09
1823.0 2.8956045638242026e-09
1824.0 2.8940270709540173e-09
1825.0 2.8924495780838316e-09
1826.0 2.8908720852136467e-09
1827.0 2.889294592343461e-09
1828.0 2.8877170994732757e-09
1829.0 2.8861396066030917e-09
1830.0 2.8845621137329055e-09
1831.0 2.8829846208627206e-09
1832.0 2.8814071279925353e-09
1833.0 2.87982963512235e-09
1834.0 2.8782521422521643e-09
1835.0 2.87667464938198e-09
1836.0 2.8750971565117945e-09
1837.0 2.8735196636416092e-09
1838.0 2.8719421707714235e-09
1839.0 2.8703646779012386e-09
1840.0 2.868787185031054e-09
1841.0 2.8672096921608685e-09
1842.0 2.8656321992906836e-09
1843.0 2.864054706420498e-09
1844.0 2.8624772135503125e-09
1845.0 2.8611973962641355e-09
1846.0 2.859947894971425e-09
1847.0 2.8586983936787155e-09
1848.0 2.8574488923860047e-09
1849.0 2.856199391093295e-09
1850.0 2.854949889800584e-09
1851.0 2.8537003885078746e-09
1852.0 2.852450887215164e-09
1853.0 2.8512013859224546e-09
1854.0 2.849951884629744e-09
1855.0 2.848702383337034e-09
1856.0 2.847452882044324e-09
1857.0 2.8462033807516136e-09
1858.0 2.8449538794589036e-09
1859.0 2.843704378166193e-09
1860.0 2.8424548768734828e-09
1861.0 2.841205375580773e-09
1862.0 2.839955874288063e-09
1863.0 2.838706372995352e-09
1864.0 2.8374568717026423e-09
1865.0 2.8362073704099322e-09
1866.0 2.8349578691172226e-09
1867.0 2.833708367824512e-09
1868.0 2.8324588665318018e-09
1869.0 2.8312093652390917e-09
1870.0 2.8299598639463817e-09
1871.0 2.8287103626536717e-09
1872.0 2.8274608613609613e-09
1873.0 2.8262113600682517e-09
1874.0 2.8249618587755412e-09
1875.0 2.8237123574828312e-09
1876.0 2.8224628561901208e-09
1877.0 2.821213354897411e-09
1878.0 2.8199638536047003e-09
1879.0 2.8187143523119907e-09
1880.0 2.8174648510192803e-09
1881.0 2.81621534972657e-09
1882.0 2.81496584843386e-09
1883.0 2.8137163471411502e-09
1884.0 2.8124668458484394e-09
1885.0 2.8112173445557294e-09
1886.0 2.8099678432630193e-09
1887.0 2.808718341970309e-09
1888.0 2.807468840677599e-09
1889.0 2.806219339384889e-09
1890.0 2.8049698380921784e-09
1891.0 2.8037203367994684e-09
1892.0 2.8024708355067584e-09
1893.0 2.8012213342140488e-09
1894.0 2.7999718329213383e-09
1895.0 2.7987223316286283e-09
1896.0 2.7974728303359183e-09
1897.0 2.7962233290432075e-09
1898.0 2.794973827750497e-09
1899.0 2.7937243264577874e-09
1900.0 2.792474825165077e-09
1901.0 2.7912253238723665e-09
1902.0 2.7899758225796565e-09
1903.0 2.7887263212869465e-09
1904.0 2.7874768199942365e-09
1905.0 2.7862273187015265e-09
1906.0 2.7849778174088164e-09
1907.0 2.7837283161161064e-09
1908.0 2.782478814823396e-09
1909.0 2.781229313530686e-09
1910.0 2.7799798122379755e-09
1911.0 2.7787303109452655e-09
1912.0 2.777480809652555e-09
1913.0 2.7762313083598455e-09
1914.0 2.774981807067135e-09
1915.0 2.7737323057744246e-09
1916.0 2.7724828044817146e-09
1917.0 2.7712333031890046e-09
1918.0 2.769983801896294e-09
1919.0 2.768734300603584e-09
1920.0 2.7674847993108745e-09
1921.0 2.766235298018164e-09
1922.0 2.764985796725454e-09
1923.0 2.763736295432744e-09
1924.0 2.762486794140033e-09
1925.0 2.7612372928473236e-09
1926.0 2.759987791554613e-09
1927.0 2.7587382902619027e-09
1928.0 2.757488788969193e-09
1929.0 2.7562392876764827e-09
1930.0 2.7549897863837722e-09
1931.0 2.7537402850910626e-09
1932.0 2.752490783798352e-09
1933.0 2.7512412825056426e-09
1934.0 2.749991781212932e-09
1935.0 2.7487422799202217e-09
1936.0 2.7474927786275113e-09
1937.0 2.7462432773348017e-09
1938.0 2.7449937760420917e-09
1939.0 2.743744274749381e-09
1940.0 2.7424947734566712e-09
1941.0 2.741245272163961e-09
1942.0 2.7399957708712503e-09
1943.0 2.7387462695785403e-09
1944.0 2.7374967682858307e-09
1945.0 2.7362472669931207e-09
1946.0 2.7349977657004107e-09
1947.0 2.7337482644077002e-09
1948.0 2.7324987631149902e-09
1949.0 2.7312492618222794e-09
1950.0 2.7299997605295694e-09
1951.0 2.7287502592368597e-09
1952.0 2.727500757944149e-09
1953.0 2.726251256651439e-09
1954.0 2.7250017553587293e-09
1955.0 2.723752254066019e-09
1956.0 2.7225027527733084e-09
1957.0 2.721253251480599e-09
1958.0 2.7200037501878888e-09
1959.0 2.7187542488951788e-09
1960.0 2.7175047476024675e-09
1961.0 2.7162552463097575e-09
1962.0 2.7150057450170475e-09
1963.0 2.7137562437243374e-09
1964.0 2.7125067424316274e-09
1965.0 2.7112572411389166e-09
1966.0 2.7100077398462065e-09
1967.0 2.7087582385534965e-09
1968.0 2.707508737260787e-09
1969.0 2.7062592359680765e-09
1970.0 2.705009734675366e-09
1971.0 2.703760233382656e-09
1972.0 2.7025107320899464e-09
1973.0 2.701261230797236e-09
1974.0 2.700011729504526e-09
1975.0 2.6987622282118164e-09
1976.0 2.6975127269191055e-09
1977.0 2.6962632256263955e-09
1978.0 2.6950137243336855e-09
1979.0 2.693764223040975e-09
1980.0 2.692514721748265e-09
1981.0 2.691265220455555e-09
1982.0 2.6900157191628446e-09
1983.0 2.6887662178701345e-09
1984.0 2.687516716577424e-09
1985.0 2.686267215284715e-09
1986.0 2.6850177139920037e-09
1987.0 2.6838904618704315e-09
1988.0 2.6827819112043482e-09
1989.0 2.681673360538265e-09
1990.0 2.6805648098721822e-09
1991.0 2.6794562592060994e-09
1992.0 2.678347708540017e-09
1993.0 2.6772391578739338e-09
1994.0 2.6761306072078506e-09
1995.0 2.6750220565417678e-09
1996.0 2.6739135058756845e-09
1997.0 2.672804955209602e-09
1998.0 2.671696404543519e-09
1999.0 2.6705878538774365e-09
2000.0 2.6694793032113537e-09
2001.0 2.6683707525452705e-09
2002.0 2.667262201879187e-09
2003.0 2.666153651213105e-09
2004.0 2.665045100547022e-09
2005.0 2.6639365498809385e-09
2006.0 2.6628279992148552e-09
2007.0 2.6617194485487724e-09
2008.0 2.6606108978826905e-09
2009.0 2.659502347216607e-09
2010.0 2.6583937965505236e-09
2011.0 2.657285245884441e-09
2012.0 2.6561766952183584e-09
2013.0 2.655068144552275e-09
2014.0 2.6539595938861928e-09
2015.0 2.65285104322011e-09
2016.0 2.6517424925540268e-09
2017.0 2.650633941887944e-09
2018.0 2.6495253912218607e-09
2019.0 2.648416840555778e-09
2020.0 2.647308289889695e-09
2021.0 2.646199739223612e-09
2022.0 2.6450911885575287e-09
2023.0 2.643982637891446e-09
2024.0 2.642874087225363e-09
2025.0 2.6417655365592803e-09
2026.0 2.640656985893198e-09
2027.0 2.6395484352271142e-09
2028.0 2.638439884561032e-09
2029.0 2.637331333894949e-09
2030.0 2.6362227832288654e-09
2031.0 2.6351142325627834e-09
2032.0 2.6340056818967e-09
2033.0 2.632897131230617e-09
2034.0 2.631788580564534e-09
2035.0 2.6306800298984514e-09
2036.0 2.629571479232368e-09
2037.0 2.6284629285662853e-09
2038.0 2.6273543779002025e-09
2039.0 2.6262458272341193e-09
2040.0 2.6251372765680365e-09
2041.0 2.6240287259019537e-09
2042.0 2.6229201752358713e-09
2043.0 2.6218116245697877e-09
2044.0 2.620703073903705e-09
2045.0 2.619594523237622e-09
2046.0 2.618485972571539e-09
2047.0 2.617377421905456e-09
2048.0 2.6162688712393732e-09
2049.0 2.6151603205732896e-09
2050.0 2.614051769907207e-09
2051.0 2.612943219241124e-09
2052.0 2.611834668575041e-09
2053.0 2.6107261179089584e-09
2054.0 2.6096175672428756e-09
2055.0 2.6085090165767928e-09
2056.0 2.6074004659107095e-09
2057.0 2.6062919152446267e-09
2058.0 2.605183364578544e-09
2059.0 2.604074813912461e-09
2060.0 2.602966263246378e-09
2061.0 2.6018577125802955e-09
2062.0 2.600749161914212e-09
2063.0 2.599640611248129e-09
2064.0 2.5985320605820467e-09
2065.0 2.597423509915964e-09
2066.0 2.596314959249881e-09
2067.0 2.595206408583798e-09
2068.0 2.5940978579177146e-09
2069.0 2.5929893072516322e-09
2070.0 2.5918807565855494e-09
2071.0 2.590772205919466e-09
2072.0 2.589663655253383e-09
2073.0 2.5885551045872993e-09
2074.0 2.587446553921217e-09
2075.0 2.5863380032551346e-09
2076.0 2.5852294525890513e-09
2077.0 2.5841209019229685e-09
2078.0 2.5830123512568857e-09
2079.0 2.5819038005908033e-09
2080.0 2.5807952499247197e-09
2081.0 2.5796866992586373e-09
2082.0 2.5785781485925545e-09
2083.0 2.577469597926471e-09
2084.0 2.5763610472603876e-09
2085.0 2.575252496594305e-09
2086.0 2.5741439459282216e-09
2087.0 2.573035395262139e-09
2088.0 2.571926844596056e-09
2089.0 2.570818293929973e-09
2090.0 2.5697097432638904e-09
2091.0 2.568601192597808e-09
2092.0 2.5674926419317248e-09
2093.0 2.566384091265642e-09
2094.0 2.565275540599559e-09
2095.0 2.5641669899334755e-09
2096.0 2.5630584392673927e-09
2097.0 2.56194988860131e-09
2098.0 2.5608413379352267e-09
2099.0 2.559732787269144e-09
2100.0 2.5586242366030603e-09
2101.0 2.5575156859369783e-09
2102.0 2.5564071352708955e-09
2103.0 2.5552985846048127e-09
2104.0 2.5541900339387294e-09
2105.0 2.5530814832726466e-09
2106.0 2.551972932606564e-09
2107.0 2.550864381940481e-09
2108.0 2.549755831274398e-09
2109.0 2.548647280608315e-09
2110.0 2.547538729942232e-09
2111.0 2.5464301792761486e-09
2112.0 2.5453216286100657e-09
2113.0 2.5442130779439834e-09
2114.0 2.5431045272779e-09
2115.0 2.5419959766118173e-09
2116.0 2.540887425945734e-09
2117.0 2.5397788752796513e-09
2118.0 2.538670324613569e-09
2119.0 2.537561773947486e-09
2120.0 2.536453223281403e-09
2121.0 2.53534467261532e-09
2122.0 2.534236121949237e-09
2123.0 2.5331275712831536e-09
2124.0 2.5320190206170712e-09
2125.0 2.5309104699509884e-09
2126.0 2.529801919284905e-09
2127.0 2.5286933686188224e-09
2128.0 2.5275848179527396e-09
2129.0 2.526476267286657e-09
2130.0 2.525367716620574e-09
2131.0 2.524259165954491e-09
2132.0 2.5231506152884076e-09
2133.0 2.522042064622325e-09
2134.0 2.5209335139562415e-09
2135.0 2.519824963290159e-09
2136.0 2.518716412624076e-09
2137.0 2.517607861957993e-09
2138.0 2.51649931129191e-09
2139.0 2.515390760625827e-09
2140.0 2.5144210730796353e-09
2141.0 2.5134691658946917e-09
2142.0 2.512517258709749e-09
2143.0 2.5115653515248066e-09
2144.0 2.5106134443398638e-09
2145.0 2.50966153715492e-09
2146.0 2.5087096299699782e-09
2147.0 2.5077577227850346e-09
2148.0 2.5068058156000927e-09
2149.0 2.505853908415149e-09
2150.0 2.5049020012302067e-09
2151.0 2.503950094045263e-09
2152.0 2.5029981868603207e-09
2153.0 2.5020462796753784e-09
2154.0 2.501094372490435e-09
2155.0 2.5001424653054924e-09
2156.0 2.4991905581205496e-09
2157.0 2.4982386509356064e-09
2158.0 2.4972867437506637e-09
2159.0 2.4963348365657217e-09
2160.0 2.495382929380778e-09
2161.0 2.4944310221958353e-09
2162.0 2.493479115010892e-09
2163.0 2.4925272078259494e-09
2164.0 2.491575300641007e-09
2165.0 2.4906233934560647e-09
2166.0 2.489671486271121e-09
2167.0 2.4887195790861774e-09
2168.0 2.4877676719012355e-09
2169.0 2.4868157647162927e-09
2170.0 2.48586385753135e-09
2171.0 2.4849119503464068e-09
2172.0 2.483960043161464e-09
2173.0 2.483008135976521e-09
2174.0 2.4820562287915784e-09
2175.0 2.4811043216066356e-09
2176.0 2.4801524144216933e-09
2177.0 2.4792005072367497e-09
2178.0 2.4782486000518073e-09
2179.0 2.4772966928668637e-09
2180.0 2.4763447856819214e-09
2181.0 2.4753928784969786e-09
2182.0 2.4744409713120362e-09
2183.0 2.473489064127093e-09
2184.0 2.4725371569421507e-09
2185.0 2.471585249757207e-09
2186.0 2.4706333425722643e-09
2187.0 2.4696814353873215e-09
2188.0 2.4687295282023787e-09
2189.0 2.467777621017436e-09
2190.0 2.4668257138324928e-09
2191.0 2.46587380664755e-09
2192.0 2.4649218994626076e-09
2193.0 2.463969992277665e-09
2194.0 2.4630180850927217e-09
2195.0 2.462066177907779e-09
2196.0 2.461114270722836e-09
2197.0 2.4601623635378933e-09
2198.0 2.4592104563529506e-09
2199.0 2.4582585491680078e-09
2200.0 2.4573066419830646e-09
2201.0 2.4563547347981226e-09
2202.0 2.455402827613179e-09
2203.0 2.4544509204282363e-09
2204.0 2.453499013243294e-09
2205.0 2.4525471060583507e-09
2206.0 2.451595198873408e-09
2207.0 2.450643291688465e-09
2208.0 2.449691384503522e-09
2209.0 2.448739477318579e-09
2210.0 2.4477875701336364e-09
2211.0 2.4468356629486936e-09
2212.0 2.4458837557637505e-09
2213.0 2.4449318485788077e-09
2214.0 2.443979941393865e-09
2215.0 2.443028034208922e-09
2216.0 2.4420761270239793e-09
2217.0 2.4411242198390366e-09
2218.0 2.4401723126540942e-09
2219.0 2.4392204054691514e-09
2220.0 2.4382684982842082e-09
2221.0 2.437316591099266e-09
2222.0 2.4363646839143223e-09
2223.0 2.43541277672938e-09
2224.0 2.434460869544437e-09
2225.0 2.4335089623594935e-09
2226.0 2.432557055174551e-09
2227.0 2.4316051479896092e-09
2228.0 2.4306532408046652e-09
2229.0 2.4297013336197233e-09
2230.0 2.4287494264347792e-09
2231.0 2.427797519249837e-09
2232.0 2.4268456120648937e-09
2233.0 2.4258937048799517e-09
2234.0 2.4249417976950086e-09
2235.0 2.4239898905100658e-09
2236.0 2.423037983325123e-09
2237.0 2.4220860761401802e-09
2238.0 2.421134168955237e-09
2239.0 2.4201822617702943e-09
2240.0 2.4192303545853515e-09
2241.0 2.4182784474004087e-09
2242.0 2.4173265402154655e-09
2243.0 2.4163746330305236e-09
2244.0 2.41542272584558e-09
2245.0 2.414470818660637e-09
2246.0 2.413518911475694e-09
2247.0 2.4125670042907512e-09
2248.0 2.411615097105809e-09
2249.0 2.410663189920866e-09
2250.0 2.409711282735923e-09
2251.0 2.4087593755509805e-09
2252.0 2.4078074683660373e-09
2253.0 2.4068555611810946e-09
2254.0 2.405903653996152e-09
2255.0 2.404951746811209e-09
2256.0 2.403999839626266e-09
2257.0 2.403047932441324e-09
2258.0 2.4020960252563803e-09
2259.0 2.4011441180714375e-09
2260.0 2.400192210886495e-09
2261.0 2.3992403037015524e-09
2262.0 2.398288396516609e-09
2263.0 2.3973364893316664e-09
2264.0 2.3963845821467236e-09
2265.0 2.395432674961781e-09
2266.0 2.394480767776838e-09
2267.0 2.393528860591895e-09
2268.0 2.392576953406952e-09
2269.0 2.3916250462220093e-09
2270.0 2.390673139037066e-09
2271.0 2.389721231852124e-09
2272.0 2.3887693246671814e-09
2273.0 2.387817417482238e-09
2274.0 2.3868655102972954e-09
2275.0 2.3859136031123527e-09
2276.0 2.3849616959274095e-09
2277.0 2.3840097887424667e-09
2278.0 2.383057881557524e-09
2279.0 2.382105974372581e-09
2280.0 2.3811540671876384e-09
2281.0 2.380202160002695e-09
2282.0 2.379250252817753e-09
2283.0 2.3782983456328096e-09
2284.0 2.3773464384478673e-09
2285.0 2.3763945312629237e-09
2286.0 2.3754426240779817e-09
2287.0 2.374490716893038e-09
2288.0 2.3735388097080957e-09
2289.0 2.372586902523153e-09
2290.0 2.3716349953382098e-09
2291.0 2.370683088153267e-09
2292.0 2.3697311809683246e-09
2293.0 2.3687792737833815e-09
2294.0 2.3678273665984387e-09
2295.0 2.3668754594134955e-09
2296.0 2.3659235522285527e-09
2297.0 2.36497164504361e-09
2298.0 2.3640197378586667e-09
2299.0 2.363067830673724e-09
2300.0 2.362115923488782e-09
2301.0 2.3611640163038384e-09
2302.0 2.360212109118896e-09
2303.0 2.3592602019339533e-09
2304.0 2.3583280636239607e-09
2305.0 2.3575376721414873e-09
2306.0 2.3567472806590136e-09
2307.0 2.3559568891765407e-09
2308.0 2.3551664976940673e-09
2309.0 2.3543761062115936e-09
2310.0 2.3535857147291207e-09
2311.0 2.352795323246648e-09
2312.0 2.352004931764174e-09
2313.0 2.351214540281701e-09
2314.0 2.3504241487992277e-09
2315.0 2.349633757316754e-09
2316.0 2.3488433658342802e-09
2317.0 2.3480529743518077e-09
2318.0 2.3472625828693344e-09
2319.0 2.346472191386861e-09
2320.0 2.3456817999043877e-09
2321.0 2.3448914084219144e-09
2322.0 2.344101016939441e-09
2323.0 2.3433106254569677e-09
2324.0 2.3425202339744944e-09
2325.0 2.3417298424920214e-09
2326.0 2.340939451009548e-09
2327.0 2.3401490595270744e-09
2328.0 2.3393586680446014e-09
2329.0 2.338568276562128e-09
2330.0 2.3377778850796548e-09
2331.0 2.3369874935971814e-09
2332.0 2.336197102114708e-09
2333.0 2.3354067106322343e-09
2334.0 2.334616319149762e-09
2335.0 2.333825927667288e-09
2336.0 2.3330355361848147e-09
2337.0 2.3322451447023414e-09
2338.0 2.3314547532198685e-09
2339.0 2.330664361737395e-09
2340.0 2.329873970254922e-09
2341.0 2.329083578772449e-09
2342.0 2.3282931872899755e-09
2343.0 2.3275027958075022e-09
2344.0 2.3267124043250285e-09
2345.0 2.3259220128425555e-09
2346.0 2.325131621360082e-09
2347.0 2.3243412298776093e-09
2348.0 2.3235508383951355e-09
2349.0 2.322760446912662e-09
2350.0 2.321970055430189e-09
2351.0 2.3211796639477155e-09
2352.0 2.320389272465242e-09
2353.0 2.319598880982769e-09
2354.0 2.318808489500296e-09
2355.0 2.3180180980178226e-09
2356.0 2.317227706535349e-09
2357.0 2.3164373150528763e-09
2358.0 2.3156469235704026e-09
2359.0 2.3148565320879284e-09
2360.0 2.3140661406054563e-09
2361.0 2.313275749122983e-09
2362.0 2.3124853576405096e-09
2363.0 2.311694966158036e-09
2364.0 2.310904574675563e-09
2365.0 2.3101141831930896e-09
2366.0 2.309323791710616e-09
2367.0 2.3085334002281434e-09
2368.0 2.3077430087456696e-09
2369.0 2.3069526172631963e-09
2370.0 2.3061622257807234e-09
2371.0 2.3053718342982496e-09
2372.0 2.3045814428157767e-09
2373.0 2.303791051333303e-09
2374.0 2.3030006598508304e-09
2375.0 2.3022102683683567e-09
2376.0 2.3014198768858834e-09
2377.0 2.30062948540341e-09
2378.0 2.299839093920937e-09
2379.0 2.2990487024384633e-09
2380.0 2.2982583109559904e-09
2381.0 2.297467919473517e-09
2382.0 2.2966775279910437e-09
2383.0 2.295887136508571e-09
2384.0 2.2950967450260967e-09
2385.0 2.2943063535436237e-09
2386.0 2.293515962061151e-09
2387.0 2.292725570578677e-09
2388.0 2.2919351790962037e-09
2389.0 2.2911447876137304e-09
2390.0 2.290354396131257e-09
2391.0 2.289564004648784e-09
2392.0 2.2887736131663104e-09
2393.0 2.2879832216838375e-09
2394.0 2.287192830201364e-09
2395.0 2.286402438718891e-09
2396.0 2.2856120472364175e-09
2397.0 2.284821655753944e-09
2398.0 2.2840312642714704e-09
2399.0 2.283240872788998e-09
2400.0 2.282450481306525e-09
2401.0 2.281660089824051e-09
2402.0 2.2808696983415774e-09
2403.0 2.2800793068591045e-09
2404.0 2.279288915376631e-09
2405.0 2.2784985238941574e-09
2406.0 2.2777081324116845e-09
2407.0 2.2769177409292116e-09
2408.0 2.276127349446738e-09
2409.0 2.2753369579642645e-09
2410.0 2.274546566481791e-09
2411.0 2.2737561749993182e-09
2412.0 2.272965783516845e-09
2413.0 2.2721753920343716e-09
2414.0 2.2713850005518986e-09
2415.0 2.270594609069425e-09
2416.0 2.269804217586952e-09
2417.0 2.2690138261044786e-09
2418.0 2.268223434622005e-09
2419.0 2.267433043139532e-09
2420.0 2.2666426516570586e-09
2421.0 2.2658522601745853e-09
2422.0 2.2650618686921115e-09
2423.0 2.264271477209639e-09
2424.0 2.2634810857271657e-09
2425.0 2.262690694244692e-09
2426.0 2.2619003027622186e-09
2427.0 2.261109911279745e-09
2428.0 2.2603195197972723e-09
2429.0 2.259529128314799e-09
2430.0 2.2587387368323257e-09
2431.0 2.2579483453498523e-09
2432.0 2.257157953867379e-09
2433.0 2.256367562384906e-09
2434.0 2.2555771709024323e-09
2435.0 2.25478677941996e-09
2436.0 2.253996387937486e-09
2437.0 2.2532059964550123e-09
2438.0 2.2524156049725394e-09
2439.0 2.251625213490066e-09
2440.0 2.250834822007593e-09
2441.0 2.2500444305251194e-09
2442.0 2.249254039042646e-09
2443.0 2.2484636475601735e-09
2444.0 2.2476732560776994e-09
2445.0 2.2468828645952264e-09
2446.0 2.246092473112753e-09
2447.0 2.2453020816302794e-09
2448.0 2.244511690147806e-09
2449.0 2.2437212986653327e-09
2450.0 2.2429309071828598e-09
2451.0 2.2421405157003864e-09
2452.0 2.2413501242179135e-09
2453.0 2.24055973273544e-09
2454.0 2.2397693412529664e-09
2455.0 2.2389789497704927e-09
2456.0 2.2381885582880206e-09
2457.0 2.237398166805547e-09
2458.0 2.2366077753230735e-09
2459.0 2.2358173838405997e-09
2460.0 2.235026992358127e-09
2461.0 2.2342366008756535e-09
2462.0 2.23344620939318e-09
2463.0 2.232655817910708e-09
2464.0 2.2318654264282343e-09
2465.0 2.23107503494576e-09
2466.0 2.230284643463287e-09
2467.0 2.229494251980814e-09
2468.0 2.2287038604983397e-09
2469.0 2.2279134690158676e-09
2470.0 2.227123077533394e-09
2471.0 2.226332686050921e-09
2472.0 2.2255422945684476e-09
2473.0 2.2247519030859743e-09
2474.0 2.223961511603501e-09
2475.0 2.223171120121027e-09
2476.0 2.2223807286385547e-09
2477.0 2.221590337156081e-09
2478.0 2.2207999456736076e-09
2479.0 2.2200095541911343e-09
2480.0 2.219219162708661e-09
2481.0 2.218428771226188e-09
2482.0 2.2176891858021423e-09
2483.0 2.2169749159681518e-09
2484.0 2.216260646134161e-09
2485.0 2.2155463763001695e-09
2486.0 2.2148321064661785e-09
2487.0 2.214117836632188e-09
2488.0 2.213403566798198e-09
2489.0 2.2126892969642065e-09
2490.0 2.2119750271302156e-09
2491.0 2.211260757296225e-09
2492.0 2.2105464874622346e-09
2493.0 2.2098322176282436e-09
2494.0 2.2091179477942527e-09
2495.0 2.208403677960262e-09
2496.0 2.2076894081262716e-09
2497.0 2.2069751382922807e-09
2498.0 2.206260868458289e-09
2499.0 2.205546598624299e-09
2500.0 2.204832328790308e-09
2501.0 2.2041180589563173e-09
2502.0 2.203403789122326e-09
2503.0 2.202689519288335e-09
2504.0 2.2019752494543445e-09
2505.0 2.2012609796203536e-09
2506.0 2.2005467097863627e-09
2507.0 2.1998324399523725e-09
2508.0 2.1991181701183816e-09
2509.0 2.1984039002843907e-09
2510.0 2.1976896304504e-09
2511.0 2.1969753606164092e-09
2512.0 2.196261090782419e-09
2513.0 2.1955468209484277e-09
2514.0 2.194832551114437e-09
2515.0 2.194118281280446e-09
2516.0 2.193404011446455e-09
2517.0 2.192689741612464e-09
2518.0 2.191975471778473e-09
2519.0 2.1912612019444825e-09
2520.0 2.1905469321104916e-09
2521.0 2.1898326622765007e-09
2522.0 2.1891183924425105e-09
2523.0 2.1884041226085196e-09
2524.0 2.187689852774529e-09
2525.0 2.186975582940538e-09
2526.0 2.1862613131065468e-09
2527.0 2.1855470432725567e-09
2528.0 2.1848327734385653e-09
2529.0 2.1841185036045744e-09
2530.0 2.1834042337705835e-09
2531.0 2.182689963936593e-09
2532.0 2.1819756941026024e-09
2533.0 2.1812614242686115e-09
2534.0 2.1805471544346205e-09
2535.0 2.17983288460063e-09
2536.0 2.179118614766639e-09
2537.0 2.1784043449326477e-09
2538.0 2.177690075098657e-09
2539.0 2.1769758052646667e-09
2540.0 2.1762615354306757e-09
2541.0 2.1755472655966844e-09
2542.0 2.174832995762694e-09
2543.0 2.1741187259287033e-09
2544.0 2.1734044560947124e-09
2545.0 2.172690186260722e-09
2546.0 2.171975916426731e-09
2547.0 2.1712616465927404e-09
2548.0 2.17054737675875e-09
2549.0 2.1698331069247585e-09
2550.0 2.1691188370907676e-09
2551.0 2.1684045672567775e-09
2552.0 2.167690297422786e-09
2553.0 2.166976027588795e-09
2554.0 2.1662617577548042e-09
2555.0 2.1655474879208137e-09
2556.0 2.1648332180868228e-09
2557.0 2.164118948252832e-09
2558.0 2.1634046784188413e-09
2559.0 2.162690408584851e-09
2560.0 2.16197613875086e-09
2561.0 2.161261868916869e-09
2562.0 2.160547599082878e-09
2563.0 2.159833329248887e-09
2564.0 2.159119059414896e-09
2565.0 2.158404789580905e-09
2566.0 2.1576905197469146e-09
2567.0 2.1569762499129237e-09
2568.0 2.1562619800789336e-09
2569.0 2.1555477102449422e-09
2570.0 2.1548334404109517e-09
2571.0 2.1541191705769608e-09
2572.0 2.1534049007429703e-09
2573.0 2.1526906309089793e-09
2574.0 2.1519763610749888e-09
2575.0 2.1512620912409974e-09
2576.0 2.1505478214070065e-09
2577.0 2.1498335515730156e-09
2578.0 2.149119281739025e-09
2579.0 2.148405011905034e-09
2580.0 2.1476907420710427e-09
2581.0 2.1469764722370526e-09
2582.0 2.146262202403062e-09
2583.0 2.1455479325690716e-09
2584.0 2.1448336627350802e-09
2585.0 2.1441193929010897e-09
2586.0 2.143405123067099e-09
2587.0 2.1426908532331087e-09
2588.0 2.141976583399117e-09
2589.0 2.1412623135651268e-09
2590.0 2.1405480437311354e-09
2591.0 2.139833773897145e-09
2592.0 2.139119504063154e-09
2593.0 2.1384052342291626e-09
2594.0 2.137690964395172e-09
2595.0 2.1369766945611816e-09
2596.0 2.1362624247271906e-09
2597.0 2.1355481548931997e-09
2598.0 2.134833885059209e-09
2599.0 2.1341196152252186e-09
2600.0 2.133405345391228e-09
2601.0 2.1326910755572364e-09
2602.0 2.1319768057232462e-09
2603.0 2.1312625358892557e-09
2604.0 2.1305482660552648e-09
2605.0 2.1298339962212734e-09
2606.0 2.129119726387283e-09
2607.0 2.128405456553292e-09
2608.0 2.127691186719301e-09
2609.0 2.12697691688531e-09
2610.0 2.1262626470513196e-09
2611.0 2.1255483772173282e-09
2612.0 2.124834107383338e-09
2613.0 2.124119837549347e-09
2614.0 2.1234055677153562e-09
2615.0 2.122691297881366e-09
2616.0 2.1219770280473748e-09
2617.0 2.121262758213384e-09
2618.0 2.120548488379393e-09
2619.0 2.1198342185454028e-09
2620.0 2.1191199487114114e-09
2621.0 2.118405678877421e-09
2622.0 2.11769140904343e-09
2623.0 2.116977139209439e-09
2624.0 2.1162628693754485e-09
2625.0 2.1155485995414576e-09
2626.0 2.114834329707467e-09
2627.0 2.1141200598734757e-09
2628.0 2.1134057900394847e-09
2629.0 2.112691520205494e-09
2630.0 2.1119772503715037e-09
2631.0 2.1112629805375128e-09
2632.0 2.110548710703522e-09
2633.0 2.1098344408695313e-09
2634.0 2.1091201710355404e-09
2635.0 2.1084059012015494e-09
2636.0 2.107691631367559e-09
2637.0 2.1069773615335675e-09
2638.0 2.1062630916995774e-09
2639.0 2.1055488218655865e-09
2640.0 2.104834552031595e-09
2641.0 2.1041202821976042e-09
2642.0 2.103406012363614e-09
2643.0 2.102691742529623e-09
2644.0 2.1019774726956322e-09
2645.0 2.1012632028616413e-09
2646.0 2.1005489330276508e-09
2647.0 2.0998346631936602e-09
2648.0 2.099120393359669e-09
2649.0 2.098406123525678e-09
2650.0 2.097691853691687e-09
2651.0 2.0969775838576965e-09
2652.0 2.0962633140237055e-09
2653.0 2.0955490441897154e-09
2654.0 2.094834774355724e-09
2655.0 2.0941205045217336e-09
2656.0 2.0934062346877426e-09
2657.0 2.0926919648537517e-09
2658.0 2.091977695019761e-09
2659.0 2.0912634251857706e-09
2660.0 2.0905491553517797e-09
2661.0 2.0898348855177883e-09
2662.0 2.0891206156837974e-09
2663.0 2.0884063458498073e-09
2664.0 2.087692076015816e-09
2665.0 2.086977806181826e-09
2666.0 2.086263536347835e-09
2667.0 2.0855492665138444e-09
2668.0 2.084834996679853e-09
2669.0 2.084120726845862e-09
2670.0 2.083406457011871e-09
2671.0 2.0826921871778806e-09
2672.0 2.0819779173438897e-09
2673.0 2.0813049651705646e-09
2674.0 2.0806666338727998e-09
2675.0 2.080028302575035e-09
2676.0 2.0793899712772697e-09
2677.0 2.0787516399795057e-09
2678.0 2.07811330868174e-09
2679.0 2.0774749773839757e-09
2680.0 2.07683664608621e-09
2681.0 2.076198314788446e-09
2682.0 2.075559983490681e-09
2683.0 2.0749216521929156e-09
2684.0 2.074283320895151e-09
2685.0 2.073644989597386e-09
2686.0 2.0730066582996215e-09
2687.0 2.072368327001856e-09
2688.0 2.071729995704091e-09
2689.0 2.0710916644063263e-09
2690.0 2.070453333108562e-09
2691.0 2.0698150018107966e-09
2692.0 2.069176670513032e-09
2693.0 2.0685383392152666e-09
2694.0 2.067900007917502e-09
2695.0 2.0672616766197374e-09
2696.0 2.0666233453219726e-09
2697.0 2.0659850140242077e-09
2698.0 2.065346682726442e-09
2699.0 2.0647083514286777e-09
2700.0 2.0640700201309125e-09
2701.0 2.0634316888331472e-09
2702.0 2.062793357535383e-09
2703.0 2.062155026237618e-09
2704.0 2.0615166949398536e-09
2705.0 2.060878363642088e-09
2706.0 2.0602400323443227e-09
2707.0 2.0596017010465575e-09
2708.0 2.0589633697487935e-09
2709.0 2.0583250384510283e-09
2710.0 2.0576867071532635e-09
2711.0 2.0570483758554987e-09
2712.0 2.0564100445577343e-09
2713.0 2.055771713259969e-09
2714.0 2.055133381962204e-09
2715.0 2.054495050664438e-09
2716.0 2.053856719366674e-09
2717.0 2.05321838806891e-09
2718.0 2.052580056771145e-09
2719.0 2.0519417254733797e-09
2720.0 2.0513033941756153e-09
2721.0 2.05066506287785e-09
2722.0 2.0500267315800853e-09
2723.0 2.04938840028232e-09
2724.0 2.0487500689845552e-09
2725.0 2.0481117376867904e-09
2726.0 2.047473406389025e-09
2727.0 2.0468350750912608e-09
2728.0 2.0461967437934956e-09
2729.0 2.0455584124957303e-09
2730.0 2.0449200811979655e-09
2731.0 2.0442817499002007e-09
2732.0 2.0436434186024355e-09
2733.0 2.0430050873046707e-09
2734.0 2.0423667560069062e-09
2735.0 2.041728424709141e-09
2736.0 2.041090093411376e-09
2737.0 2.040451762113611e-09
2738.0 2.039813430815846e-09
2739.0 2.0391750995180818e-09
2740.0 2.0385367682203178e-09
2741.0 2.037898436922552e-09
2742.0 2.037260105624787e-09
2743.0 2.036621774327022e-09
2744.0 2.0359834430292577e-09
2745.0 2.0353451117314933e-09
2746.0 2.034706780433728e-09
2747.0 2.034068449135963e-09
2748.0 2.033430117838198e-09
2749.0 2.0327917865404328e-09
2750.0 2.032153455242668e-09
2751.0 2.0315151239449023e-09
2752.0 2.030876792647138e-09
2753.0 2.0302384613493727e-09
2754.0 2.0296001300516083e-09
2755.0 2.028961798753843e-09
2756.0 2.0283234674560782e-09
2757.0 2.027685136158314e-09
2758.0 2.0270468048605486e-09
2759.0 2.026408473562784e-09
2760.0 2.025770142265019e-09
2761.0 2.025131810967254e-09
2762.0 2.0244934796694893e-09
2763.0 2.0238551483717245e-09
2764.0 2.0232168170739597e-09
2765.0 2.0225784857761945e-09
2766.0 2.0219401544784297e-09
2767.0 2.021301823180665e-09
2768.0 2.0206634918828996e-09
2769.0 2.020025160585135e-09
2770.0 2.0193868292873696e-09
2771.0 2.0187484979896048e-09
2772.0 2.01811016669184e-09
2773.0 2.017471835394075e-09
2774.0 2.0168335040963103e-09
2775.0 2.0161951727985455e-09
2776.0 2.01555684150078e-09
2777.0 2.014918510203016e-09
2778.0 2.0142801789052506e-09
2779.0 2.013641847607486e-09
2780.0 2.013003516309721e-09
2781.0 2.012365185011956e-09
2782.0 2.0117268537141914e-09
2783.0 2.011088522416426e-09
2784.0 2.0104501911186613e-09
2785.0 2.0098118598208965e-09
2786.0 2.0091735285231317e-09
2787.0 2.0085351972253665e-09
2788.0 2.007896865927602e-09
2789.0 2.0072585346298377e-09
2790.0 2.0066202033320724e-09
2791.0 2.005981872034307e-09
2792.0 2.0053435407365424e-09
2793.0 2.004705209438778e-09
2794.0 2.0040668781410123e-09
2795.0 2.003428546843248e-09
2796.0 2.0027902155454823e-09
2797.0 2.002151884247718e-09
2798.0 2.0015135529499535e-09
2799.0 2.0008752216521883e-09
2800.0 2.0002368903544226e-09
2801.0 1.999598559056658e-09
2802.0 1.9989602277588934e-09
2803.0 1.9983218964611286e-09
2804.0 1.9976835651633638e-09
2805.0 1.9970452338655985e-09
2806.0 1.996406902567834e-09
2807.0 1.995768571270069e-09
2808.0 1.9951302399723037e-09
2809.0 1.994491908674539e-09
2810.0 1.9938535773767744e-09
2811.0 1.99321524607901e-09
2812.0 1.9925769147812444e-09
2813.0 1.99193858348348e-09
2814.0 1.9913002521857144e-09
2815.0 1.9906619208879504e-09
2816.0 1.990023589590185e-09
2817.0 1.98938525829242e-09
2818.0 1.988746926994655e-09
2819.0 1.9881085956968903e-09
2820.0 1.987470264399126e-09
2821.0 1.9868319331013602e-09
2822.0 1.986193601803595e-09
2823.0 1.9855552705058306e-09
2824.0 1.9849169392080654e-09
2825.0 1.984278607910301e-09
2826.0 1.9836402766125357e-09
2827.0 1.983001945314771e-09
2828.0 1.9823636140170065e-09
2829.0 1.9817252827192413e-09
2830.0 1.9810869514214765e-09
2831.0 1.980448620123711e-09
2832.0 1.979810288825947e-09
2833.0 1.9791719575281816e-09
2834.0 1.978533626230417e-09
2835.0 1.9778952949326516e-09
2836.0 1.977256963634887e-09
2837.0 1.9766186323371228e-09
2838.0 1.975980301039357e-09
2839.0 1.975341969741592e-09
2840.0 1.9747036384438275e-09
2841.0 1.9740653071460623e-09
2842.0 1.9734269758482974e-09
2843.0 1.9727886445505322e-09
2844.0 1.9721503132527674e-09
2845.0 1.971511981955003e-09
2846.0 1.9708736506572378e-09
2847.0 1.970235319359473e-09
2848.0 1.969596988061708e-09
2849.0 1.968958656763943e-09
2850.0 1.968320325466179e-09
2851.0 1.9676819941684137e-09
2852.0 1.9670436628706485e-09
2853.0 1.9664053315728836e-09
2854.0 1.9657670002751184e-09
2855.0 1.965128668977354e-09
2856.0 1.9644903376795888e-09
2857.0 1.963852006381824e-09
2858.0 1.9632136750840596e-09
2859.0 1.9625753437862947e-09
2860.0 1.9619370124885295e-09
2861.0 1.9612986811907643e-09
2862.0 1.960660349893e-09
2863.0 1.960022018595235e-09
2864.0 1.95938368729747e-09
2865.0 1.9587453559997054e-09
2866.0 1.9581070247019402e-09
2867.0 1.957468693404175e-09
2868.0 1.9568303621064106e-09
2869.0 1.9561920308086458e-09
2870.0 1.9555536995108805e-09
2871.0 1.9549153682131157e-09
2872.0 1.954277036915351e-09
2873.0 1.953638705617586e-09
2874.0 1.953000374319821e-09
2875.0 1.9523620430220564e-09
2876.0 1.9517237117242916e-09
2877.0 1.9510853804265264e-09
2878.0 1.950447049128761e-09
2879.0 1.949868405284211e-09
2880.0 1.9493153930213665e-09
2881.0 1.948762380758522e-09
2882.0 1.9482093684956783e-09
2883.0 1.947656356232834e-09
2884.0 1.9471033439699897e-09
2885.0 1.9465503317071454e-09
2886.0 1.945997319444301e-09
2887.0 1.9454443071814567e-09
2888.0 1.944891294918613e-09
2889.0 1.944338282655768e-09
2890.0 1.9437852703929234e-09
2891.0 1.9432322581300795e-09
2892.0 1.942679245867235e-09
2893.0 1.942126233604391e-09
2894.0 1.9415732213415466e-09
2895.0 1.9410202090787022e-09
2896.0 1.9404671968158584e-09
2897.0 1.939914184553014e-09
2898.0 1.9393611722901693e-09
2899.0 1.938808160027325e-09
2900.0 1.938255147764481e-09
2901.0 1.9377021355016364e-09
2902.0 1.937149123238792e-09
2903.0 1.9365961109759478e-09
2904.0 1.936043098713103e-09
2905.0 1.9354900864502595e-09
2906.0 1.9349370741874156e-09
2907.0 1.9343840619245705e-09
2908.0 1.9338310496617266e-09
2909.0 1.933278037398882e-09
2910.0 1.932725025136038e-09
2911.0 1.9321720128731933e-09
2912.0 1.9316190006103494e-09
2913.0 1.931065988347505e-09
2914.0 1.930512976084661e-09
2915.0 1.929959963821816e-09
2916.0 1.929406951558972e-09
2917.0 1.9288539392961274e-09
2918.0 1.928300927033284e-09
2919.0 1.927747914770439e-09
2920.0 1.927194902507595e-09
2921.0 1.9266418902447506e-09
2922.0 1.9260888779819067e-09
2923.0 1.925535865719062e-09
2924.0 1.9249828534562172e-09
2925.0 1.9244298411933733e-09
2926.0 1.9238768289305294e-09
2927.0 1.923323816667685e-09
2928.0 1.92277080440484e-09
2929.0 1.922217792141996e-09
2930.0 1.921664779879152e-09
2931.0 1.921111767616308e-09
2932.0 1.920558755353463e-09
2933.0 1.9200057430906184e-09
2934.0 1.919452730827775e-09
2935.0 1.91889971856493e-09
2936.0 1.9183467063020863e-09
2937.0 1.917793694039241e-09
2938.0 1.9172406817763973e-09
2939.0 1.9166876695135534e-09
2940.0 1.916134657250709e-09
2941.0 1.9155816449878643e-09
2942.0 1.9150286327250204e-09
2943.0 1.914475620462176e-09
2944.0 1.9139226081993314e-09
2945.0 1.9133695959364875e-09
2946.0 1.9128165836736428e-09
2947.0 1.9122635714107985e-09
2948.0 1.9117105591479546e-09
2949.0 1.91115754688511e-09
2950.0 1.910604534622266e-09
2951.0 1.9100515223594216e-09
2952.0 1.9094985100965773e-09
2953.0 1.9089454978337326e-09
2954.0 1.9083924855708883e-09
2955.0 1.9078394733080444e-09
2956.0 1.9072864610452e-09
2957.0 1.9067334487823558e-09
2958.0 1.9061804365195115e-09
2959.0 1.905627424256667e-09
2960.0 1.905074411993823e-09
2961.0 1.904521399730979e-09
2962.0 1.903968387468134e-09
2963.0 1.9034153752052895e-09
2964.0 1.9028623629424456e-09
2965.0 1.902309350679601e-09
2966.0 1.901756338416757e-09
2967.0 1.9012033261539122e-09
2968.0 1.9006503138910683e-09
2969.0 1.900097301628224e-09
2970.0 1.89954428936538e-09
2971.0 1.8989912771025354e-09
2972.0 1.8984382648396915e-09
2973.0 1.897885252576847e-09
2974.0 1.8973322403140025e-09
2975.0 1.8967792280511577e-09
2976.0 1.896226215788314e-09
2977.0 1.895673203525469e-09
2978.0 1.8951201912626252e-09
2979.0 1.8945671789997805e-09
2980.0 1.8940141667369366e-09
2981.0 1.893461154474093e-09
2982.0 1.892908142211248e-09
2983.0 1.892355129948404e-09
2984.0 1.8918021176855594e-09
2985.0 1.8912491054227155e-09
2986.0 1.8906960931598707e-09
2987.0 1.890143080897027e-09
2988.0 1.889590068634182e-09
2989.0 1.889037056371338e-09
2990.0 1.8884840441084935e-09
2991.0 1.887931031845649e-09
2992.0 1.887378019582805e-09
2993.0 1.8868250073199605e-09
2994.0 1.8862719950571162e-09
2995.0 1.8857189827942723e-09
2996.0 1.8851659705314276e-09
2997.0 1.8846129582685837e-09
2998.0 1.8840599460057394e-09
2999.0 1.883506933742895e-09
3000.0 1.8829539214800508e-09
3001.0 1.8824009092172065e-09
3002.0 1.8818478969543617e-09
3003.0 1.8812948846915183e-09
3004.0 1.8807418724286735e-09
3005.0 1.8801888601658292e-09
3006.0 1.879635847902985e-09
3007.0 1.879082835640141e-09
3008.0 1.8785298233772967e-09
3009.0 1.877976811114452e-09
3010.0 1.8774237988516077e-09
3011.0 1.8768707865887638e-09
3012.0 1.8763177743259195e-09
3013.0 1.875764762063075e-09
3014.0 1.8752117498002304e-09
3015.0 1.8746587375373865e-09
3016.0 1.8741057252745422e-09
3017.0 1.873552713011698e-09
3018.0 1.8729997007488536e-09
3019.0 1.8724466884860093e-09
3020.0 1.871893676223165e-09
3021.0 1.8713406639603207e-09
3022.0 1.8707876516974755e-09
3023.0 1.870234639434632e-09
3024.0 1.8696816271717877e-09
3025.0 1.8691286149089434e-09
3026.0 1.8685756026460995e-09
3027.0 1.8680225903832544e-09
3028.0 1.867469578120411e-09
3029.0 1.866916565857566e-09
3030.0 1.866363553594722e-09
3031.0 1.8658105413318775e-09
3032.0 1.8652575290690336e-09
3033.0 1.864704516806189e-09
3034.0 1.864151504543345e-09
3035.0 1.8635984922804995e-09
3036.0 1.863045480017656e-09
3037.0 1.8624924677548119e-09
3038.0 1.8619394554919674e-09
3039.0 1.8613864432291224e-09
3040.0 1.8608334309662792e-09
3041.0 1.8602804187034346e-09
3042.0 1.8597274064405901e-09
3043.0 1.8591743941777456e-09
3044.0 1.8586213819149009e-09
3045.0 1.8580683696520578e-09
3046.0 1.8575153573892125e-09
3047.0 1.8569623451263688e-09
3048.0 1.8564093328635242e-09
3049.0 1.8558563206006797e-09
3050.0 1.8553033083378356e-09
3051.0 1.8547502960749911e-09
3052.0 1.854197283812147e-09
3053.0 1.8536442715493029e-09
3054.0 1.8530912592864584e-09
3055.0 1.8525382470236139e-09
3056.0 1.8519852347607698e-09
3057.0 1.8514322224979252e-09
3058.0 1.8508792102350815e-09
3059.0 1.850326197972237e-09
3060.0 1.8497731857093925e-09
3061.0 1.8492201734465484e-09
3062.0 1.8486671611837039e-09
3063.0 1.84811414892086e-09
3064.0 1.8475611366580153e-09
3065.0 1.8470081243951712e-09
3066.0 1.8464551121323266e-09
3067.0 1.8459020998694827e-09
3068.0 1.8453490876066386e-09
3069.0 1.844796075343794e-09
3070.0 1.8442430630809498e-09
3071.0 1.8436900508181055e-09
3072.0 1.8431370385552614e-09
3073.0 1.8425840262924169e-09
3074.0 1.8420310140295726e-09
3075.0 1.841478001766728e-09
3076.0 1.8409249895038841e-09
3077.0 1.8403719772410396e-09
3078.0 1.839818964978195e-09
3079.0 1.839265952715351e-09
3080.0 1.8387129404525067e-09
3081.0 1.8381599281896628e-09
3082.0 1.837606915926818e-09
3083.0 1.8370539036639736e-09
3084.0 1.8365008914011297e-09
3085.0 1.8359478791382851e-09
3086.0 1.835394866875441e-09
3087.0 1.8348418546125963e-09
3088.0 1.8342888423497522e-09
3089.0 1.8337358300869079e-09
3090.0 1.8331828178240642e-09
3091.0 1.8326298055612193e-09
3092.0 1.832076793298375e-09
3093.0 1.831523781035531e-09
3094.0 1.8309707687726865e-09
3095.0 1.8304177565098418e-09
3096.0 1.8298647442469977e-09
3097.0 1.8293117319841534e-09
3098.0 1.8287587197213093e-09
3099.0 1.8282057074584648e-09
3100.0 1.8276526951956205e-09
