2.0 3.74978094215629e-07
3.0 4.942148120532785e-07
4.0 5.99255652362678e-07
5.0 6.910693777603011e-07
6.0 7.711905854746676e-07
7.0 8.404060467252737e-07
8.0 8.997258520109695e-07
9.0 9.509439351741834e-07
10.0 9.941578298530716e-07
11.0 1.0307133343539766e-06
12.0 1.060904400234057e-06
13.0 1.0845302181357759e-06
14.0 1.1032221998634938e-06
15.0 1.1177660254630143e-06
16.0 1.127259793762322e-06
17.0 1.1316944993529546e-06
18.0 1.1331404837556455e-06
19.0 1.13170959671853e-06
20.0 1.1277110892847948e-06
21.0 1.1194536561259066e-06
22.0 1.109928682629522e-06
23.0 1.0991830016524767e-06
24.0 1.0862887130140812e-06
25.0 1.0728672487090408e-06
26.0 1.057359803996734e-06
27.0 1.0417263675143552e-06
28.0 1.0253855891516e-06
29.0 1.0090214353311288e-06
30.0 9.923996160468832e-07
31.0 9.757777967626375e-07
32.0 9.591725123997755e-07
33.0 9.425700125179583e-07
34.0 9.261709120990611e-07
35.0 9.100134768274449e-07
36.0 8.938560415558287e-07
37.0 8.783639001395028e-07
38.0 8.629682110465559e-07
39.0 8.476727913230923e-07
40.0 8.333820473270592e-07
41.0 8.190913033310258e-07
42.0 8.048839960984177e-07
43.0 7.914829486429636e-07
44.0 7.780819011875096e-07
45.0 7.646808537320555e-07
46.0 7.520480532990731e-07
47.0 7.395341510564819e-07
48.0 7.270202488138906e-07
49.0 7.14960274466611e-07
50.0 7.036116279650417e-07
51.0 6.922629814634723e-07
52.0 6.809143349619027e-07
53.0 6.7017168150469e-07
54.0 6.5976203802694e-07
55.0 6.493523945491901e-07
56.0 6.389427510714401e-07
57.0 6.28976283791708e-07
58.0 6.192898755478961e-07
59.0 6.096034673040844e-07
60.0 5.999170590602727e-07
61.0 5.905033853265829e-07
62.0 5.818287078550304e-07
63.0 5.731540303834774e-07
64.0 5.644793529119245e-07
65.0 5.558046754403719e-07
66.0 5.476475362837712e-07
67.0 5.398473110129755e-07
68.0 5.320470857421799e-07
69.0 5.242468604713839e-07
70.0 5.164466352005882e-07
71.0 5.08981888879598e-07
72.0 5.017874247602874e-07
73.0 4.945929606409769e-07
74.0 4.873984965216665e-07
75.0 4.802040324023558e-07
76.0 4.731147521598955e-07
77.0 4.6674375227857554e-07
78.0 4.603727523972558e-07
79.0 4.540017525159359e-07
80.0 4.476307526346159e-07
81.0 4.4125975275329623e-07
82.0 4.351028138730485e-07
83.0 4.294863154000062e-07
84.0 4.2386981692696397e-07
85.0 4.182533184539217e-07
86.0 4.126368199808794e-07
87.0 4.070203215078373e-07
88.0 4.014038230347951e-07
89.0 3.96308470493462e-07
90.0 3.912186173675774e-07
91.0 3.8612876424169296e-07
92.0 3.810389111158084e-07
93.0 3.759490579899239e-07
94.0 3.708592048640394e-07
95.0 3.65901365748414e-07
96.0 3.6143836123749334e-07
97.0 3.569753567265728e-07
98.0 3.525123522156522e-07
99.0 3.4804934770473153e-07
100.0 3.435863431938109e-07
101.0 3.391233386828902e-07
102.0 3.3466033417196966e-07
103.0 3.307788868535894e-07
104.0 3.269553105543899e-07
105.0 3.231317342551905e-07
106.0 3.1930815795599093e-07
107.0 3.154845816567915e-07
108.0 3.116610053575921e-07
109.0 3.0783742905839257e-07
110.0 3.040320764925957e-07
111.0 3.006044260375317e-07
112.0 2.9717677558246773e-07
113.0 2.9374912512740386e-07
114.0 2.903214746723399e-07
115.0 2.868938242172759e-07
116.0 2.8346617376221204e-07
117.0 2.80038523307148e-07
118.0 2.7661087285208415e-07
119.0 2.734510356948666e-07
120.0 2.704876286845285e-07
121.0 2.675242216741904e-07
122.0 2.645608146638523e-07
123.0 2.615974076535142e-07
124.0 2.5863400064317614e-07
125.0 2.55670593632838e-07
126.0 2.527071866224999e-07
127.0 2.4974377961216184e-07
128.0 2.470046128642883e-07
129.0 2.445336059316671e-07
130.0 2.4206259899904586e-07
131.0 2.3959159206642474e-07
132.0 2.3712058513380346e-07
133.0 2.3464957820118227e-07
134.0 2.3217857126856102e-07
135.0 2.2970756433593985e-07
136.0 2.2723655740331857e-07
137.0 2.247655504706974e-07
138.0 2.2247495061355254e-07
139.0 2.202896932117811e-07
140.0 2.1810443581000971e-07
141.0 2.1591917840823835e-07
142.0 2.1373392100646697e-07
143.0 2.115486636046956e-07
144.0 2.0936340620292425e-07
145.0 2.0717814880115284e-07
146.0 2.049928913993815e-07
147.0 2.0280763399761017e-07
148.0 2.0063834780478415e-07
149.0 1.987687365681931e-07
150.0 1.9689912533160217e-07
151.0 1.9502951409501119e-07
152.0 1.931599028584202e-07
153.0 1.9129029162182919e-07
154.0 1.8942068038523822e-07
155.0 1.8755106914864724e-07
156.0 1.8568145791205625e-07
157.0 1.838118466754653e-07
158.0 1.8194223543887427e-07
159.0 1.800726242022833e-07
160.0 1.7842911373906478e-07
161.0 1.7690476123624732e-07
162.0 1.7538040873342986e-07
163.0 1.7385605623061238e-07
164.0 1.7233170372779495e-07
165.0 1.708073512249775e-07
166.0 1.6928299872216e-07
167.0 1.677586462193426e-07
168.0 1.6623429371652508e-07
169.0 1.6470994121370765e-07
170.0 1.631855887108902e-07
171.0 1.616612362080727e-07
172.0 1.6021469574892865e-07
173.0 1.588943608495288e-07
174.0 1.5757402595012892e-07
175.0 1.5625369105072908e-07
176.0 1.5493335615132923e-07
177.0 1.5361302125192937e-07
178.0 1.522926863525295e-07
179.0 1.5097235145312963e-07
180.0 1.496520165537298e-07
181.0 1.4833168165432995e-07
182.0 1.470113467549301e-07
183.0 1.4569101185553021e-07
184.0 1.4437067695613037e-07
185.0 1.430816481464931e-07
186.0 1.419538879383745e-07
187.0 1.4082612773025593e-07
188.0 1.396983675221373e-07
189.0 1.385706073140187e-07
190.0 1.3744284710590013e-07
191.0 1.3631508689778153e-07
192.0 1.3518732668966293e-07
193.0 1.3405956648154433e-07
194.0 1.3293180627342576e-07
195.0 1.318040460653071e-07
196.0 1.3067628585718848e-07
197.0 1.295485256490699e-07
198.0 1.284207654409513e-07
199.0 1.272930052328327e-07
200.0 1.2637274046358947e-07
201.0 1.2546916402535051e-07
202.0 1.245655875871116e-07
203.0 1.2366201114887266e-07
204.0 1.2275843471063373e-07
205.0 1.2185485827239477e-07
206.0 1.2095128183415582e-07
207.0 1.2004770539591692e-07
208.0 1.1914412895767798e-07
209.0 1.1824055251943903e-07
210.0 1.1733697608120012e-07
211.0 1.1643339964296116e-07
212.0 1.1552982320472225e-07
213.0 1.146262467664833e-07
214.0 1.1372267032824436e-07
215.0 1.1290123181720482e-07
216.0 1.1213641235924653e-07
217.0 1.113715929012882e-07
218.0 1.1060677344332989e-07
219.0 1.0984195398537157e-07
220.0 1.0907713452741326e-07
221.0 1.0831231506945494e-07
222.0 1.0754749561149663e-07
223.0 1.0678267615353834e-07
224.0 1.0601785669558001e-07
225.0 1.052530372376217e-07
226.0 1.0448821777966337e-07
227.0 1.0372339832170506e-07
228.0 1.0295857886374675e-07
229.0 1.0219375940578844e-07
230.0 1.0142893994783012e-07
231.0 1.0067279008316225e-07
232.0 1.00020142985683e-07
233.0 9.936749588820374e-08
234.0 9.871484879072445e-08
235.0 9.806220169324519e-08
236.0 9.740955459576592e-08
237.0 9.675690749828668e-08
238.0 9.61042604008074e-08
239.0 9.545161330332818e-08
240.0 9.47989662058489e-08
241.0 9.414631910836964e-08
242.0 9.349367201089039e-08
243.0 9.284102491341113e-08
244.0 9.218837781593185e-08
245.0 9.153573071845257e-08
246.0 9.088308362097336e-08
247.0 9.023043652349406e-08
248.0 8.957778942601482e-08
249.0 8.896524158102579e-08
250.0 8.845058824399311e-08
251.0 8.793593490696044e-08
252.0 8.742128156992776e-08
253.0 8.69066282328951e-08
254.0 8.63919748958624e-08
255.0 8.58773215588297e-08
256.0 8.536266822179701e-08
257.0 8.484801488476434e-08
258.0 8.433336154773164e-08
259.0 8.381870821069897e-08
260.0 8.33040548736663e-08
261.0 8.278940153663362e-08
262.0 8.227474819960094e-08
263.0 8.176009486256824e-08
264.0 8.124544152553555e-08
265.0 8.073078818850288e-08
266.0 8.021613485147019e-08
267.0 7.97014815144375e-08
268.0 7.919822732975627e-08
269.0 7.876872144702242e-08
270.0 7.833921556428852e-08
271.0 7.790970968155462e-08
272.0 7.748020379882076e-08
273.0 7.705069791608686e-08
274.0 7.662119203335297e-08
275.0 7.619168615061908e-08
276.0 7.57621802678852e-08
277.0 7.53326743851513e-08
278.0 7.490316850241741e-08
279.0 7.447366261968353e-08
280.0 7.404415673694963e-08
281.0 7.361465085421574e-08
282.0 7.318514497148184e-08
283.0 7.275563908874798e-08
284.0 7.232613320601408e-08
285.0 7.189662732328019e-08
286.0 7.146712144054631e-08
287.0 7.103761555781243e-08
288.0 7.060810967507853e-08
289.0 7.02118341979691e-08
290.0 6.984857346603576e-08
291.0 6.948531273410242e-08
292.0 6.912205200216904e-08
293.0 6.87587912702357e-08
294.0 6.839553053830234e-08
295.0 6.803226980636899e-08
296.0 6.766900907443566e-08
297.0 6.73057483425023e-08
298.0 6.694248761056894e-08
299.0 6.657922687863559e-08
300.0 6.621596614670224e-08
301.0 6.585270541476888e-08
302.0 6.548944468283555e-08
303.0 6.512618395090217e-08
304.0 6.476292321896884e-08
305.0 6.439966248703549e-08
306.0 6.403640175510214e-08
307.0 6.367314102316879e-08
308.0 6.330988029123543e-08
309.0 6.294661955930207e-08
310.0 6.258335882736873e-08
311.0 6.224179613144148e-08
312.0 6.195597528223162e-08
313.0 6.16701544330218e-08
314.0 6.138433358381196e-08
315.0 6.109851273460211e-08
316.0 6.081269188539224e-08
317.0 6.05268710361824e-08
318.0 6.024105018697254e-08
319.0 5.99552293377627e-08
320.0 5.966940848855286e-08
321.0 5.9383587639343e-08
322.0 5.909776679013316e-08
323.0 5.881194594092329e-08
324.0 5.852612509171345e-08
325.0 5.8240304242503596e-08
326.0 5.7954483393293745e-08
327.0 5.7668662544083914e-08
328.0 5.738284169487405e-08
329.0 5.709702084566422e-08
330.0 5.6811199996454356e-08
331.0 5.652537914724452e-08
332.0 5.623955829803466e-08
333.0 5.595373744882482e-08
334.0 5.566791659961497e-08
335.0 5.5400351299152267e-08
336.0 5.516711557537031e-08
337.0 5.493387985158835e-08
338.0 5.470064412780639e-08
339.0 5.4467408404024444e-08
340.0 5.423417268024248e-08
341.0 5.400093695646054e-08
342.0 5.376770123267857e-08
343.0 5.3534465508896634e-08
344.0 5.330122978511466e-08
345.0 5.3067994061332703e-08
346.0 5.283475833755075e-08
347.0 5.2601522613768805e-08
348.0 5.236828688998684e-08
349.0 5.213505116620489e-08
350.0 5.190181544242294e-08
351.0 5.166857971864098e-08
352.0 5.1435343994859034e-08
353.0 5.120210827107707e-08
354.0 5.096887254729512e-08
355.0 5.073563682351316e-08
356.0 5.0502401099731224e-08
357.0 5.0269165375949255e-08
358.0 5.00359296521673e-08
359.0 4.9802693928385344e-08
360.0 4.956945820460338e-08
361.0 4.935646706712543e-08
362.0 4.915870443748345e-08
363.0 4.896094180784149e-08
364.0 4.876317917819953e-08
365.0 4.856541654855756e-08
366.0 4.83676539189156e-08
367.0 4.816989128927363e-08
368.0 4.797212865963168e-08
369.0 4.777436602998971e-08
370.0 4.757660340034776e-08
371.0 4.7378840770705795e-08
372.0 4.7181078141063824e-08
373.0 4.698331551142186e-08
374.0 4.678555288177989e-08
375.0 4.658779025213794e-08
376.0 4.639002762249597e-08
377.0 4.6192264992853996e-08
378.0 4.599450236321203e-08
379.0 4.579673973357008e-08
380.0 4.5598977103928116e-08
381.0 4.540121447428615e-08
382.0 4.5203451844644195e-08
383.0 4.500568921500223e-08
384.0 4.4807926585360266e-08
385.0 4.461016395571831e-08
386.0 4.441240132607634e-08
387.0 4.421463869643437e-08
388.0 4.40168760667924e-08
389.0 4.385370803690481e-08
390.0 4.369871683085335e-08
391.0 4.3543725624801894e-08
392.0 4.338873441875044e-08
393.0 4.3233743212698975e-08
394.0 4.307875200664752e-08
395.0 4.292376080059608e-08
396.0 4.27687695945446e-08
397.0 4.261377838849316e-08
398.0 4.245878718244169e-08
399.0 4.2303795976390234e-08
400.0 4.214880477033878e-08
401.0 4.1993813564287316e-08
402.0 4.183882235823587e-08
403.0 4.168383115218441e-08
404.0 4.1528839946132956e-08
405.0 4.1373848740081493e-08
406.0 4.121885753403003e-08
407.0 4.106386632797858e-08
408.0 4.090887512192712e-08
409.0 4.0753883915875664e-08
410.0 4.05988927098242e-08
411.0 4.044390150377275e-08
412.0 4.028891029772129e-08
413.0 4.0133919091669834e-08
414.0 3.9978927885618365e-08
415.0 3.982393667956692e-08
416.0 3.9668945473515454e-08
417.0 3.951395426746401e-08
418.0 3.935896306141254e-08
419.0 3.923237172972007e-08
420.0 3.910863714311204e-08
421.0 3.8984902556504024e-08
422.0 3.8861167969896006e-08
423.0 3.873743338328798e-08
424.0 3.861369879667996e-08
425.0 3.848996421007196e-08
426.0 3.836622962346393e-08
427.0 3.824249503685591e-08
428.0 3.8118760450247895e-08
429.0 3.799502586363987e-08
430.0 3.7871291277031865e-08
431.0 3.774755669042383e-08
432.0 3.762382210381582e-08
433.0 3.7500087517207797e-08
434.0 3.737635293059978e-08
435.0 3.7252618343991766e-08
436.0 3.7128883757383735e-08
437.0 3.7005149170775716e-08
438.0 3.688141458416769e-08
439.0 3.675767999755968e-08
440.0 3.663394541095166e-08
441.0 3.6510210824343656e-08
442.0 3.638647623773562e-08
443.0 3.626274165112761e-08
444.0 3.613900706451959e-08
445.0 3.601527247791158e-08
446.0 3.589153789130355e-08
447.0 3.576780330469554e-08
448.0 3.564406871808752e-08
449.0 3.5520334131479495e-08
450.0 3.539659954487148e-08
451.0 3.528572222314605e-08
452.0 3.5180216279325444e-08
453.0 3.507471033550485e-08
454.0 3.4969204391684253e-08
455.0 3.4863698447863645e-08
456.0 3.4758192504043037e-08
457.0 3.4652686560222435e-08
458.0 3.454718061640183e-08
459.0 3.444167467258123e-08
460.0 3.433616872876062e-08
461.0 3.423066278494002e-08
462.0 3.412515684111942e-08
463.0 3.401965089729881e-08
464.0 3.391414495347821e-08
465.0 3.380863900965761e-08
466.0 3.3703133065837006e-08
467.0 3.35976271220164e-08
468.0 3.34921211781958e-08
469.0 3.3386615234375194e-08
470.0 3.328110929055459e-08
471.0 3.317560334673398e-08
472.0 3.307009740291339e-08
473.0 3.296459145909279e-08
474.0 3.285908551527218e-08
475.0 3.275357957145158e-08
476.0 3.264807362763097e-08
477.0 3.254256768381037e-08
478.0 3.2437061739989765e-08
479.0 3.233155579616916e-08
480.0 3.2226049852348555e-08
481.0 3.212054390852795e-08
482.0 3.201503796470735e-08
483.0 3.190953202088675e-08
484.0 3.180402607706615e-08
485.0 3.1699014529986076e-08
486.0 3.1616373348763314e-08
487.0 3.153373216754054e-08
488.0 3.145109098631777e-08
489.0 3.136844980509501e-08
490.0 3.128580862387224e-08
491.0 3.120316744264947e-08
492.0 3.1120526261426706e-08
493.0 3.103788508020394e-08
494.0 3.0955243898981176e-08
495.0 3.08726027177584e-08
496.0 3.0789961536535634e-08
497.0 3.0707320355312866e-08
498.0 3.06246791740901e-08
499.0 3.0542037992867336e-08
500.0 3.045939681164456e-08
501.0 3.037675563042179e-08
502.0 3.029411444919903e-08
503.0 3.021147326797626e-08
504.0 3.012883208675349e-08
505.0 3.004619090553073e-08
506.0 2.996354972430796e-08
507.0 2.988090854308519e-08
508.0 2.9798267361862427e-08
509.0 2.9715626180639655e-08
510.0 2.9632984999416894e-08
511.0 2.9550343818194116e-08
512.0 2.946770263697135e-08
513.0 2.9385061455748586e-08
514.0 2.9302420274525818e-08
515.0 2.921977909330305e-08
516.0 2.913713791208029e-08
517.0 2.9054496730857517e-08
518.0 2.8971855549634753e-08
519.0 2.8889214368411978e-08
520.0 2.8806573187189213e-08
521.0 2.8723932005966445e-08
522.0 2.864129082474368e-08
523.0 2.8570442130977485e-08
524.0 2.8505496291527514e-08
525.0 2.8440550452077543e-08
526.0 2.8375604612627572e-08
527.0 2.83106587731776e-08
528.0 2.8245712933727627e-08
529.0 2.818076709427766e-08
530.0 2.8115821254827696e-08
531.0 2.8050875415377722e-08
532.0 2.7985929575927748e-08
533.0 2.7920983736477784e-08
534.0 2.785603789702781e-08
535.0 2.7791092057577832e-08
536.0 2.7726146218127865e-08
537.0 2.7661200378677897e-08
538.0 2.7596254539227927e-08
539.0 2.7531308699777956e-08
540.0 2.7466362860327982e-08
541.0 2.7401417020878014e-08
542.0 2.7336471181428044e-08
543.0 2.7271525341978073e-08
544.0 2.72065795025281e-08
545.0 2.7141633663078135e-08
546.0 2.7076687823628157e-08
547.0 2.701174198417819e-08
548.0 2.6946796144728226e-08
549.0 2.6881850305278252e-08
550.0 2.6816904465828278e-08
551.0 2.6751958626378307e-08
552.0 2.668701278692834e-08
553.0 2.6622066947478372e-08
554.0 2.6557121108028398e-08
555.0 2.6492175268578424e-08
556.0 2.6427229429128457e-08
557.0 2.636228358967849e-08
558.0 2.6297337750228512e-08
559.0 2.6232391910778548e-08
560.0 2.6167446071328577e-08
561.0 2.6102500231878603e-08
562.0 2.6037554392428635e-08
563.0 2.5976771303449952e-08
564.0 2.5921418215055735e-08
565.0 2.5866065126661527e-08
566.0 2.5810712038267317e-08
567.0 2.575535894987311e-08
568.0 2.57000058614789e-08
569.0 2.5644652773084692e-08
570.0 2.5589299684690478e-08
571.0 2.5533946596296267e-08
572.0 2.5478593507902054e-08
573.0 2.542324041950785e-08
574.0 2.536788733111364e-08
575.0 2.5312534242719425e-08
576.0 2.5257181154325218e-08
577.0 2.520182806593101e-08
578.0 2.5146474977536794e-08
579.0 2.5091121889142593e-08
580.0 2.5035768800748373e-08
581.0 2.4980415712354165e-08
582.0 2.492506262395996e-08
583.0 2.486970953556575e-08
584.0 2.481435644717153e-08
585.0 2.4759003358777326e-08
586.0 2.4703650270383116e-08
587.0 2.4648297181988905e-08
588.0 2.4592944093594698e-08
589.0 2.4537591005200488e-08
590.0 2.4482237916806274e-08
591.0 2.4426884828412066e-08
592.0 2.4371531740017856e-08
593.0 2.431617865162365e-08
594.0 2.4260825563229438e-08
595.0 2.4205472474835224e-08
596.0 2.4150119386441024e-08
597.0 2.4094766298046803e-08
598.0 2.403941320965259e-08
599.0 2.3984060121258385e-08
600.0 2.392870703286417e-08
601.0 2.3873353944469964e-08
602.0 2.3818000856075754e-08
603.0 2.376264776768155e-08
604.0 2.3707294679287333e-08
605.0 2.3651941590893125e-08
606.0 2.3597762074461082e-08
607.0 2.3553848143876598e-08
608.0 2.3509934213292113e-08
609.0 2.3466020282707615e-08
610.0 2.3422106352123134e-08
611.0 2.3378192421538643e-08
612.0 2.3334278490954158e-08
613.0 2.3290364560369664e-08
614.0 2.3246450629785176e-08
615.0 2.3202536699200688e-08
616.0 2.3158622768616203e-08
617.0 2.3114708838031715e-08
618.0 2.3070794907447224e-08
619.0 2.302688097686273e-08
620.0 2.2982967046278245e-08
621.0 2.2939053115693754e-08
622.0 2.2895139185109266e-08
623.0 2.2851225254524774e-08
624.0 2.2807311323940293e-08
625.0 2.2763397393355802e-08
626.0 2.2719483462771314e-08
627.0 2.2675569532186826e-08
628.0 2.263165560160233e-08
629.0 2.2587741671017843e-08
630.0 2.2543827740433352e-08
631.0 2.2499913809848864e-08
632.0 2.2455999879264376e-08
633.0 2.2412085948679885e-08
634.0 2.23681720180954e-08
635.0 2.2324258087510913e-08
636.0 2.228034415692642e-08
637.0 2.223643022634193e-08
638.0 2.219251629575744e-08
639.0 2.2148602365172954e-08
640.0 2.2104688434588466e-08
641.0 2.2060774504003982e-08
642.0 2.2016860573419484e-08
643.0 2.1972946642834993e-08
644.0 2.1929032712250508e-08
645.0 2.188511878166602e-08
646.0 2.1841204851081532e-08
647.0 2.1797290920497044e-08
648.0 2.175337698991255e-08
649.0 2.1709463059328065e-08
650.0 2.166554912874358e-08
651.0 2.162163519815909e-08
652.0 2.1577721267574605e-08
653.0 2.15379284610864e-08
654.0 2.1503517595281765e-08
655.0 2.1469106729477125e-08
656.0 2.1434695863672494e-08
657.0 2.1400284997867857e-08
658.0 2.136587413206322e-08
659.0 2.133146326625858e-08
660.0 2.1297052400453946e-08
661.0 2.1262641534649305e-08
662.0 2.1228230668844675e-08
663.0 2.1193819803040038e-08
664.0 2.1159408937235407e-08
665.0 2.1124998071430763e-08
666.0 2.1090587205626133e-08
667.0 2.1056176339821492e-08
668.0 2.1021765474016855e-08
669.0 2.098735460821222e-08
670.0 2.0952943742407584e-08
671.0 2.0918532876602947e-08
672.0 2.088412201079831e-08
673.0 2.0849711144993676e-08
674.0 2.0815300279189035e-08
675.0 2.07808894133844e-08
676.0 2.0746478547579764e-08
677.0 2.071206768177513e-08
678.0 2.0677656815970493e-08
679.0 2.064324595016586e-08
680.0 2.060883508436122e-08
681.0 2.0574424218556585e-08
682.0 2.054001335275195e-08
683.0 2.0505602486947317e-08
684.0 2.0471191621142677e-08
685.0 2.043678075533804e-08
686.0 2.0402369889533403e-08
687.0 2.0367959023728762e-08
688.0 2.033354815792413e-08
689.0 2.029913729211949e-08
690.0 2.0264726426314857e-08
691.0 2.023031556051022e-08
692.0 2.019590469470559e-08
693.0 2.016149382890095e-08
694.0 2.0127082963096315e-08
695.0 2.0092672097291675e-08
696.0 2.0058261231487044e-08
697.0 2.0023850365682404e-08
698.0 1.9989439499877767e-08
699.0 1.9955028634073133e-08
700.0 1.99206177682685e-08
701.0 1.9886206902463858e-08
702.0 1.9851796036659224e-08
703.0 1.9818273230791385e-08
704.0 1.9789083700294676e-08
705.0 1.9759894169797964e-08
706.0 1.9730704639301255e-08
707.0 1.9701515108804543e-08
708.0 1.9672325578307837e-08
709.0 1.9643136047811125e-08
710.0 1.9613946517314416e-08
711.0 1.9584756986817707e-08
712.0 1.9555567456321e-08
713.0 1.9526377925824286e-08
714.0 1.9497188395327577e-08
715.0 1.9467998864830865e-08
716.0 1.9438809334334156e-08
717.0 1.9409619803837447e-08
718.0 1.938043027334074e-08
719.0 1.9351240742844026e-08
720.0 1.9322051212347314e-08
721.0 1.929286168185061e-08
722.0 1.92636721513539e-08
723.0 1.9234482620857187e-08
724.0 1.920529309036048e-08
725.0 1.9176103559863763e-08
726.0 1.9146914029367057e-08
727.0 1.911772449887035e-08
728.0 1.9088534968373636e-08
729.0 1.9059345437876928e-08
730.0 1.9030155907380225e-08
731.0 1.900096637688351e-08
732.0 1.8971776846386798e-08
733.0 1.894258731589009e-08
734.0 1.891339778539338e-08
735.0 1.8884208254896674e-08
736.0 1.8855018724399965e-08
737.0 1.882582919390325e-08
738.0 1.879663966340654e-08
739.0 1.8767450132909835e-08
740.0 1.8738260602413123e-08
741.0 1.8709071071916414e-08
742.0 1.8679881541419702e-08
743.0 1.8650692010922993e-08
744.0 1.8621502480426284e-08
745.0 1.8592312949929572e-08
746.0 1.8563123419432863e-08
747.0 1.8533933888936154e-08
748.0 1.850474435843945e-08
749.0 1.8475554827942733e-08
750.0 1.844636529744602e-08
751.0 1.8417175766949316e-08
752.0 1.8387986236452607e-08
753.0 1.8358796705955898e-08
754.0 1.832960717545919e-08
755.0 1.830041764496248e-08
756.0 1.8271228114465765e-08
757.0 1.8242230596841093e-08
758.0 1.8218530701521695e-08
759.0 1.819483080620229e-08
760.0 1.8171130910882892e-08
761.0 1.814743101556349e-08
762.0 1.812373112024409e-08
763.0 1.8100031224924686e-08
764.0 1.8076331329605288e-08
765.0 1.8052631434285883e-08
766.0 1.802893153896648e-08
767.0 1.8005231643647084e-08
768.0 1.7981531748327683e-08
769.0 1.795783185300828e-08
770.0 1.7934131957688884e-08
771.0 1.791043206236948e-08
772.0 1.7886732167050078e-08
773.0 1.786303227173068e-08
774.0 1.7839332376411276e-08
775.0 1.7815632481091875e-08
776.0 1.7791932585772473e-08
777.0 1.7768232690453072e-08
778.0 1.7744532795133674e-08
779.0 1.7720832899814273e-08
780.0 1.7697133004494865e-08
781.0 1.767343310917547e-08
782.0 1.764973321385607e-08
783.0 1.7626033318536662e-08
784.0 1.7602333423217264e-08
785.0 1.757863352789787e-08
786.0 1.7554933632578465e-08
787.0 1.7531233737259057e-08
788.0 1.750753384193967e-08
789.0 1.7483833946620265e-08
790.0 1.7460134051300857e-08
791.0 1.743643415598146e-08
792.0 1.7412734260662058e-08
793.0 1.7389034365342656e-08
794.0 1.7365334470023252e-08
795.0 1.7341634574703857e-08
796.0 1.7317934679384453e-08
797.0 1.7294234784065052e-08
798.0 1.7270534888745654e-08
799.0 1.7246834993426253e-08
800.0 1.722313509810685e-08
801.0 1.7199435202787447e-08
802.0 1.717573530746805e-08
803.0 1.7152035412148648e-08
804.0 1.7128335516829247e-08
805.0 1.7104635621509845e-08
806.0 1.7080935726190448e-08
807.0 1.705723583087104e-08
808.0 1.7033535935551642e-08
809.0 1.700983604023224e-08
810.0 1.698613614491284e-08
811.0 1.6962436249593435e-08
812.0 1.693873635427404e-08
813.0 1.6915036458954643e-08
814.0 1.6891336563635235e-08
815.0 1.6867636668315837e-08
816.0 1.6847655828145614e-08
817.0 1.6829049526416038e-08
818.0 1.6810443224686466e-08
819.0 1.6791836922956897e-08
820.0 1.677323062122733e-08
821.0 1.6754624319497753e-08
822.0 1.673601801776818e-08
823.0 1.6717411716038612e-08
824.0 1.669880541430904e-08
825.0 1.6680199112579462e-08
826.0 1.66615928108499e-08
827.0 1.6642986509120328e-08
828.0 1.6624380207390755e-08
829.0 1.660577390566118e-08
830.0 1.658716760393161e-08
831.0 1.6568561302202043e-08
832.0 1.6549955000472467e-08
833.0 1.6531348698742892e-08
834.0 1.6512742397013323e-08
835.0 1.649413609528375e-08
836.0 1.647552979355418e-08
837.0 1.6456923491824614e-08
838.0 1.6438317190095038e-08
839.0 1.641971088836547e-08
840.0 1.6401104586635894e-08
841.0 1.6382498284906322e-08
842.0 1.636389198317675e-08
843.0 1.634528568144718e-08
844.0 1.632667937971761e-08
845.0 1.630807307798804e-08
846.0 1.6289466776258465e-08
847.0 1.6270860474528893e-08
848.0 1.6252254172799324e-08
849.0 1.6233647871069745e-08
850.0 1.6215041569340183e-08
851.0 1.6196435267610605e-08
852.0 1.6177828965881036e-08
853.0 1.6159222664151464e-08
854.0 1.6140616362421895e-08
855.0 1.612201006069232e-08
856.0 1.6103403758962748e-08
857.0 1.608479745723318e-08
858.0 1.6066191155503607e-08
859.0 1.6047584853774035e-08
860.0 1.6028978552044466e-08
861.0 1.6010372250314894e-08
862.0 1.5991765948585325e-08
863.0 1.597315964685575e-08
864.0 1.595455334512618e-08
865.0 1.5935947043396606e-08
866.0 1.5917340741667034e-08
867.0 1.5898734439937458e-08
868.0 1.5880128138207893e-08
869.0 1.5861521836478314e-08
870.0 1.5842915534748745e-08
871.0 1.5824309233019177e-08
872.0 1.58057029312896e-08
873.0 1.5787096629560032e-08
874.0 1.5768490327830467e-08
875.0 1.5749884026100888e-08
876.0 1.5731277724371313e-08
877.0 1.5712671422641747e-08
878.0 1.5694065120912175e-08
879.0 1.5677878788922507e-08
880.0 1.5661862322171794e-08
881.0 1.564584585542108e-08
882.0 1.5629829388670365e-08
883.0 1.5613812921919653e-08
884.0 1.5597796455168936e-08
885.0 1.558177998841822e-08
886.0 1.5565763521667504e-08
887.0 1.554974705491679e-08
888.0 1.553373058816608e-08
889.0 1.5517714121415362e-08
890.0 1.550169765466465e-08
891.0 1.548568118791393e-08
892.0 1.5469664721163217e-08
893.0 1.54536482544125e-08
894.0 1.5437631787661785e-08
895.0 1.542161532091107e-08
896.0 1.540559885416036e-08
897.0 1.5389582387409643e-08
898.0 1.5373565920658923e-08
899.0 1.535754945390821e-08
900.0 1.5341532987157494e-08
901.0 1.532551652040678e-08
902.0 1.530950005365607e-08
903.0 1.5293483586905356e-08
904.0 1.527746712015464e-08
905.0 1.5261450653403923e-08
906.0 1.5245434186653204e-08
907.0 1.522941771990249e-08
908.0 1.5213401253151778e-08
909.0 1.5197384786401062e-08
910.0 1.5181368319650352e-08
911.0 1.5165351852899633e-08
912.0 1.5149335386148917e-08
913.0 1.5133318919398204e-08
914.0 1.5117302452647488e-08
915.0 1.5101285985896775e-08
916.0 1.508526951914606e-08
917.0 1.5069253052395346e-08
918.0 1.5053236585644626e-08
919.0 1.503722011889391e-08
920.0 1.5021203652143197e-08
921.0 1.500518718539248e-08
922.0 1.498917071864177e-08
923.0 1.497315425189105e-08
924.0 1.495713778514034e-08
925.0 1.494112131838962e-08
926.0 1.492510485163891e-08
927.0 1.4909088384888194e-08
928.0 1.4893071918137476e-08
929.0 1.4877055451386765e-08
930.0 1.4861038984636047e-08
931.0 1.4845022517885336e-08
932.0 1.4829006051134618e-08
933.0 1.4812989584383902e-08
934.0 1.479697311763319e-08
935.0 1.4780956650882473e-08
936.0 1.4764940184131759e-08
937.0 1.4748923717381046e-08
938.0 1.4732907250630333e-08
939.0 1.4716890783879615e-08
940.0 1.4700874317128899e-08
941.0 1.4684857850378183e-08
942.0 1.4668841383627471e-08
943.0 1.4652824916876754e-08
944.0 1.463680845012604e-08
945.0 1.4620791983375326e-08
946.0 1.4605579739771519e-08
947.0 1.4592227414607987e-08
948.0 1.4578875089444453e-08
949.0 1.456552276428092e-08
950.0 1.4552170439117384e-08
951.0 1.4538818113953854e-08
952.0 1.4525465788790319e-08
953.0 1.4512113463626785e-08
954.0 1.449876113846325e-08
955.0 1.4485408813299716e-08
956.0 1.4472056488136182e-08
957.0 1.4458704162972647e-08
958.0 1.4445351837809115e-08
959.0 1.4431999512645584e-08
960.0 1.4418647187482047e-08
961.0 1.4405294862318514e-08
962.0 1.4391942537154978e-08
963.0 1.437859021199145e-08
964.0 1.4365237886827914e-08
965.0 1.4351885561664377e-08
966.0 1.4338533236500845e-08
967.0 1.4325180911337313e-08
968.0 1.4311828586173778e-08
969.0 1.4298476261010243e-08
970.0 1.4285123935846709e-08
971.0 1.4271771610683175e-08
972.0 1.4258419285519643e-08
973.0 1.4245066960356111e-08
974.0 1.4231714635192574e-08
975.0 1.421836231002904e-08
976.0 1.4205009984865508e-08
977.0 1.4191657659701975e-08
978.0 1.417830533453844e-08
979.0 1.4164953009374904e-08
980.0 1.415160068421137e-08
981.0 1.413824835904784e-08
982.0 1.4124896033884305e-08
983.0 1.4111543708720773e-08
984.0 1.409819138355724e-08
985.0 1.4084839058393709e-08
986.0 1.4071486733230168e-08
987.0 1.4058134408066638e-08
988.0 1.4044782082903104e-08
989.0 1.403142975773957e-08
990.0 1.4018077432576037e-08
991.0 1.40047251074125e-08
992.0 1.3991372782248968e-08
993.0 1.3978020457085436e-08
994.0 1.3964668131921897e-08
995.0 1.3951315806758367e-08
996.0 1.3937963481594831e-08
997.0 1.39246111564313e-08
998.0 1.3911258831267766e-08
999.0 1.3897906506104232e-08
1000.0 1.3884554180940697e-08
1001.0 1.3871201855777165e-08
1002.0 1.3857849530613631e-08
1003.0 1.3844497205450097e-08
1004.0 1.383114488028656e-08
1005.0 1.3817792555123032e-08
1006.0 1.3804440229959495e-08
1007.0 1.3791087904795961e-08
1008.0 1.3777735579632427e-08
1009.0 1.3764383254468898e-08
1010.0 1.3751030929305365e-08
1011.0 1.3737678604141826e-08
1012.0 1.3724326278978292e-08
1013.0 1.3710973953814759e-08
1014.0 1.3697621628651227e-08
1015.0 1.3684269303487695e-08
1016.0 1.3670916978324156e-08
1017.0 1.3657564653160627e-08
1018.0 1.3644212327997089e-08
1019.0 1.3632072318391793e-08
1020.0 1.3621355649454092e-08
1021.0 1.3610638980516392e-08
1022.0 1.3599922311578685e-08
1023.0 1.3589205642640985e-08
1024.0 1.3578488973703281e-08
1025.0 1.356777230476558e-08
1026.0 1.3557055635827877e-08
1027.0 1.3546338966890173e-08
1028.0 1.3535622297952473e-08
1029.0 1.3524905629014771e-08
1030.0 1.351418896007707e-08
1031.0 1.3503472291139366e-08
1032.0 1.3492755622201665e-08
1033.0 1.348203895326396e-08
1034.0 1.3471322284326255e-08
1035.0 1.3460605615388556e-08
1036.0 1.3449888946450854e-08
1037.0 1.3439172277513152e-08
1038.0 1.3428455608575448e-08
1039.0 1.3417738939637746e-08
1040.0 1.3407022270700041e-08
1041.0 1.3396305601762342e-08
1042.0 1.3385588932824639e-08
1043.0 1.3374872263886935e-08
1044.0 1.3364155594949232e-08
1045.0 1.3353438926011533e-08
1046.0 1.334272225707383e-08
1047.0 1.3332005588136129e-08
1048.0 1.3321288919198427e-08
1049.0 1.331057225026072e-08
1050.0 1.329985558132302e-08
1051.0 1.3289138912385316e-08
1052.0 1.3278422243447614e-08
1053.0 1.3267705574509912e-08
1054.0 1.3256988905572209e-08
1055.0 1.324627223663451e-08
1056.0 1.3235555567696806e-08
1057.0 1.3224838898759103e-08
1058.0 1.3214122229821397e-08
1059.0 1.3203405560883695e-08
1060.0 1.3192688891945995e-08
1061.0 1.3181972223008295e-08
1062.0 1.3171255554070594e-08
1063.0 1.3160538885132886e-08
1064.0 1.3149822216195184e-08
1065.0 1.3139105547257485e-08
1066.0 1.3128388878319781e-08
1067.0 1.3117672209382076e-08
1068.0 1.3106955540444376e-08
1069.0 1.3096238871506676e-08
1070.0 1.3085522202568974e-08
1071.0 1.3074805533631268e-08
1072.0 1.306408886469357e-08
1073.0 1.3053372195755868e-08
1074.0 1.3042655526818166e-08
1075.0 1.303193885788046e-08
1076.0 1.3021222188942758e-08
1077.0 1.3010505520005056e-08
1078.0 1.2999788851067353e-08
1079.0 1.298907218212965e-08
1080.0 1.297835551319195e-08
1081.0 1.2967638844254245e-08
1082.0 1.2956922175316545e-08
1083.0 1.2946205506378841e-08
1084.0 1.2935488837441138e-08
1085.0 1.2924772168503437e-08
1086.0 1.2914055499565737e-08
1087.0 1.2903338830628032e-08
1088.0 1.2892622161690331e-08
1089.0 1.288190549275263e-08
1090.0 1.2871188823814924e-08
1091.0 1.286047215487722e-08
1092.0 1.284975548593952e-08
1093.0 1.2839038817001818e-08
1094.0 1.2828322148064113e-08
1095.0 1.2817605479126413e-08
1096.0 1.2806888810188712e-08
1097.0 1.279618166357973e-08
1098.0 1.2786742184564144e-08
1099.0 1.2777302705548555e-08
1100.0 1.2767863226532971e-08
1101.0 1.2758423747517384e-08
1102.0 1.2748984268501798e-08
1103.0 1.2739544789486211e-08
1104.0 1.2730105310470625e-08
1105.0 1.2720665831455038e-08
1106.0 1.2711226352439452e-08
1107.0 1.2701786873423863e-08
1108.0 1.269234739440828e-08
1109.0 1.2682907915392694e-08
1110.0 1.2673468436377103e-08
1111.0 1.2664028957361517e-08
1112.0 1.2654589478345932e-08
1113.0 1.2645149999330343e-08
1114.0 1.2635710520314757e-08
1115.0 1.2626271041299171e-08
1116.0 1.2616831562283584e-08
1117.0 1.2607392083267997e-08
1118.0 1.2597952604252411e-08
1119.0 1.2588513125236822e-08
1120.0 1.2579073646221233e-08
1121.0 1.2569634167205652e-08
1122.0 1.2560194688190058e-08
1123.0 1.2550755209174478e-08
1124.0 1.2541315730158889e-08
1125.0 1.2531876251143301e-08
1126.0 1.2522436772127716e-08
1127.0 1.251299729311213e-08
1128.0 1.2503557814096544e-08
1129.0 1.2494118335080955e-08
1130.0 1.248467885606537e-08
1131.0 1.2475239377049782e-08
1132.0 1.2465799898034197e-08
1133.0 1.2456360419018611e-08
1134.0 1.2446920940003024e-08
1135.0 1.2437481460987433e-08
1136.0 1.2428041981971847e-08
1137.0 1.2418602502956262e-08
1138.0 1.2409163023940674e-08
1139.0 1.2399723544925089e-08
1140.0 1.2390284065909501e-08
1141.0 1.2380844586893912e-08
1142.0 1.237140510787833e-08
1143.0 1.2361965628862738e-08
1144.0 1.2352526149847157e-08
1145.0 1.2343086670831568e-08
1146.0 1.2333647191815982e-08
1147.0 1.2324207712800395e-08
1148.0 1.2314768233784808e-08
1149.0 1.230532875476922e-08
1150.0 1.2295889275753635e-08
1151.0 1.2286449796738049e-08
1152.0 1.2277010317722458e-08
1153.0 1.2267570838706874e-08
1154.0 1.2258131359691292e-08
1155.0 1.22486918806757e-08
1156.0 1.2239252401660114e-08
1157.0 1.2229812922644527e-08
1158.0 1.2220373443628941e-08
1159.0 1.2210933964613354e-08
1160.0 1.2201494485597768e-08
1161.0 1.2192055006582179e-08
1162.0 1.2182615527566593e-08
1163.0 1.2173176048551004e-08
1164.0 1.2163736569535417e-08
1165.0 1.2154297090519833e-08
1166.0 1.2144857611504246e-08
1167.0 1.2135418132488662e-08
1168.0 1.2125978653473071e-08
1169.0 1.2116539174457487e-08
1170.0 1.21070996954419e-08
1171.0 1.2097660216426312e-08
1172.0 1.2088220737410727e-08
1173.0 1.2078781258395135e-08
1174.0 1.2069341779379554e-08
1175.0 1.2059902300363967e-08
1176.0 1.2050462821348381e-08
1177.0 1.2041023342332792e-08
1178.0 1.2031583863317208e-08
1179.0 1.2022144384301622e-08
1180.0 1.2012704905286032e-08
1181.0 1.2003265426270446e-08
1182.0 1.1994492504192406e-08
1183.0 1.1986354435187336e-08
1184.0 1.1978216366182272e-08
1185.0 1.1970078297177204e-08
1186.0 1.1961940228172134e-08
1187.0 1.1953802159167068e-08
1188.0 1.1945664090162005e-08
1189.0 1.193752602115694e-08
1190.0 1.1929387952151873e-08
1191.0 1.1921249883146805e-08
1192.0 1.1913111814141738e-08
1193.0 1.1904973745136671e-08
1194.0 1.1896835676131605e-08
1195.0 1.1888697607126538e-08
1196.0 1.1880559538121473e-08
1197.0 1.1872421469116409e-08
1198.0 1.1864283400111339e-08
1199.0 1.1856145331106275e-08
1200.0 1.1848007262101212e-08
1201.0 1.1839869193096142e-08
1202.0 1.1831731124091076e-08
1203.0 1.1823593055086008e-08
1204.0 1.1815454986080939e-08
1205.0 1.1807316917075878e-08
1206.0 1.179917884807081e-08
1207.0 1.1791040779065742e-08
1208.0 1.1782902710060676e-08
1209.0 1.177476464105561e-08
1210.0 1.1766626572050544e-08
1211.0 1.1758488503045481e-08
1212.0 1.1750350434040415e-08
1213.0 1.1742212365035345e-08
1214.0 1.1734074296030279e-08
1215.0 1.1725936227025211e-08
1216.0 1.1717798158020148e-08
1217.0 1.170966008901508e-08
1218.0 1.1701522020010011e-08
1219.0 1.1693383951004948e-08
1220.0 1.168524588199988e-08
1221.0 1.1677107812994814e-08
1222.0 1.1668969743989748e-08
1223.0 1.1660831674984682e-08
1224.0 1.1652693605979618e-08
1225.0 1.1644555536974551e-08
1226.0 1.1636417467969487e-08
1227.0 1.1628279398964418e-08
1228.0 1.162014132995935e-08
1229.0 1.1612003260954282e-08
1230.0 1.1603865191949214e-08
1231.0 1.1595727122944151e-08
1232.0 1.1587589053939088e-08
1233.0 1.157945098493402e-08
1234.0 1.1571312915928955e-08
1235.0 1.1563174846923885e-08
1236.0 1.1555036777918817e-08
1237.0 1.1546898708913756e-08
1238.0 1.1538760639908685e-08
1239.0 1.153062257090362e-08
1240.0 1.1522484501898558e-08
1241.0 1.151434643289349e-08
1242.0 1.1506208363888422e-08
1243.0 1.1498070294883358e-08
1244.0 1.148993222587829e-08
1245.0 1.1481794156873222e-08
1246.0 1.1473656087868154e-08
1247.0 1.1465518018863091e-08
1248.0 1.1457379949858024e-08
1249.0 1.1449241880852957e-08
1250.0 1.144110381184789e-08
1251.0 1.1432965742842825e-08
1252.0 1.142482767383776e-08
1253.0 1.1416689604832693e-08
1254.0 1.1408551535827627e-08
1255.0 1.140041346682256e-08
1256.0 1.1392275397817493e-08
1257.0 1.1384137328812425e-08
1258.0 1.1375999259807362e-08
1259.0 1.1367861190802294e-08
1260.0 1.1359723121797226e-08
1261.0 1.1351585052792162e-08
1262.0 1.1343446983787094e-08
1263.0 1.1335308914782028e-08
1264.0 1.132717084577696e-08
1265.0 1.1319032776771896e-08
1266.0 1.1310894707766831e-08
1267.0 1.1302756638761762e-08
1268.0 1.1294618569756699e-08
1269.0 1.1286480500751633e-08
1270.0 1.1278342431746565e-08
1271.0 1.1270204362741496e-08
1272.0 1.1262066293736428e-08
1273.0 1.12545948278212e-08
1274.0 1.1247767160726326e-08
1275.0 1.1240939493631457e-08
1276.0 1.1234111826536588e-08
1277.0 1.122728415944172e-08
1278.0 1.122045649234685e-08
1279.0 1.1213628825251982e-08
1280.0 1.1206801158157112e-08
1281.0 1.1199973491062245e-08
1282.0 1.1193145823967376e-08
1283.0 1.1186318156872506e-08
1284.0 1.1179490489777637e-08
1285.0 1.1172662822682765e-08
1286.0 1.1165835155587901e-08
1287.0 1.115900748849303e-08
1288.0 1.115217982139816e-08
1289.0 1.1145352154303292e-08
1290.0 1.1138524487208425e-08
1291.0 1.1131696820113556e-08
1292.0 1.1124869153018684e-08
1293.0 1.1118041485923819e-08
1294.0 1.111121381882895e-08
1295.0 1.1104386151734078e-08
1296.0 1.1097558484639212e-08
1297.0 1.1090730817544344e-08
1298.0 1.1083903150449473e-08
1299.0 1.1077075483354603e-08
1300.0 1.1070247816259734e-08
1301.0 1.1063420149164867e-08
1302.0 1.1056592482069997e-08
1303.0 1.104976481497513e-08
1304.0 1.1042937147880256e-08
1305.0 1.103610948078539e-08
1306.0 1.1029281813690519e-08
1307.0 1.1022454146595652e-08
1308.0 1.1015626479500781e-08
1309.0 1.100879881240591e-08
1310.0 1.1001971145311045e-08
1311.0 1.0995143478216177e-08
1312.0 1.0988315811121306e-08
1313.0 1.0981488144026441e-08
1314.0 1.0974660476931572e-08
1315.0 1.0967832809836703e-08
1316.0 1.0961005142741833e-08
1317.0 1.0954177475646963e-08
1318.0 1.0947349808552094e-08
1319.0 1.0940522141457227e-08
1320.0 1.0933694474362357e-08
1321.0 1.0926866807267486e-08
1322.0 1.0920039140172619e-08
1323.0 1.0913211473077747e-08
1324.0 1.0906383805982882e-08
1325.0 1.0899556138888013e-08
1326.0 1.0892728471793144e-08
1327.0 1.0885900804698276e-08
1328.0 1.0879073137603405e-08
1329.0 1.0872245470508536e-08
1330.0 1.0865417803413671e-08
1331.0 1.0858590136318799e-08
1332.0 1.0851762469223932e-08
1333.0 1.084493480212906e-08
1334.0 1.0838107135034191e-08
1335.0 1.0831279467939324e-08
1336.0 1.0824451800844455e-08
1337.0 1.0817624133749585e-08
1338.0 1.0810796466654718e-08
1339.0 1.080396879955985e-08
1340.0 1.0797141132464976e-08
1341.0 1.0790313465370112e-08
1342.0 1.0783485798275241e-08
1343.0 1.0776658131180373e-08
1344.0 1.0769830464085502e-08
1345.0 1.0763002796990634e-08
1346.0 1.0756175129895767e-08
1347.0 1.0749347462800896e-08
1348.0 1.0742519795706026e-08
1349.0 1.073569212861116e-08
1350.0 1.0728864461516292e-08
1351.0 1.072203679442142e-08
1352.0 1.071520912732655e-08
1353.0 1.0708381460231684e-08
1354.0 1.070155379313681e-08
1355.0 1.0694726126041946e-08
1356.0 1.0687898458947076e-08
1357.0 1.0681070791852206e-08
1358.0 1.067424312475734e-08
1359.0 1.066741545766247e-08
1360.0 1.0660587790567603e-08
1361.0 1.065376012347273e-08
1362.0 1.064693245637786e-08
1363.0 1.0640104789282993e-08
1364.0 1.0633277122188125e-08
1365.0 1.0626449455093256e-08
1366.0 1.0619621787998387e-08
1367.0 1.0612794120903517e-08
1368.0 1.0605966453808648e-08
1369.0 1.059913878671378e-08
1370.0 1.0592311119618912e-08
1371.0 1.058582492927989e-08
1372.0 1.057968610297956e-08
1373.0 1.057354727667923e-08
1374.0 1.0567408450378897e-08
1375.0 1.0561269624078569e-08
1376.0 1.0555130797778235e-08
1377.0 1.05489919714779e-08
1378.0 1.0542853145177571e-08
1379.0 1.0536714318877245e-08
1380.0 1.0530575492576915e-08
1381.0 1.0524436666276578e-08
1382.0 1.0518297839976252e-08
1383.0 1.0512159013675919e-08
1384.0 1.0506020187375589e-08
1385.0 1.0499881361075258e-08
1386.0 1.0493742534774926e-08
1387.0 1.0487603708474593e-08
1388.0 1.0481464882174265e-08
1389.0 1.0475326055873934e-08
1390.0 1.04691872295736e-08
1391.0 1.0463048403273272e-08
1392.0 1.0456909576972943e-08
1393.0 1.045077075067261e-08
1394.0 1.044463192437228e-08
1395.0 1.0438493098071947e-08
1396.0 1.0432354271771617e-08
1397.0 1.0426215445471287e-08
1398.0 1.0420076619170954e-08
1399.0 1.0413937792870624e-08
1400.0 1.0407798966570291e-08
1401.0 1.0401660140269963e-08
1402.0 1.0395521313969632e-08
1403.0 1.0389382487669297e-08
1404.0 1.038324366136897e-08
1405.0 1.0377104835068636e-08
1406.0 1.0370966008768308e-08
1407.0 1.0364827182467973e-08
1408.0 1.0358688356167645e-08
1409.0 1.0352549529867315e-08
1410.0 1.0346410703566985e-08
1411.0 1.0340271877266652e-08
1412.0 1.033413305096632e-08
1413.0 1.032799422466599e-08
1414.0 1.032185539836566e-08
1415.0 1.0315716572065327e-08
1416.0 1.0309577745764995e-08
1417.0 1.0303438919464667e-08
1418.0 1.0297300093164336e-08
1419.0 1.0291161266864004e-08
1420.0 1.0285022440563675e-08
1421.0 1.0278883614263345e-08
1422.0 1.0272744787963012e-08
1423.0 1.0266605961662682e-08
1424.0 1.026046713536235e-08
1425.0 1.0254328309062018e-08
1426.0 1.024818948276169e-08
1427.0 1.0242050656461361e-08
1428.0 1.0235911830161025e-08
1429.0 1.0229773003860697e-08
1430.0 1.0223634177560365e-08
1431.0 1.0217495351260034e-08
1432.0 1.0211356524959703e-08
1433.0 1.0205217698659371e-08
1434.0 1.0199078872359043e-08
1435.0 1.019294004605871e-08
1436.0 1.018680121975838e-08
1437.0 1.0180662393458045e-08
1438.0 1.0174523567157717e-08
1439.0 1.0168384740857388e-08
1440.0 1.0162245914557053e-08
1441.0 1.0156107088256721e-08
1442.0 1.0149968261956392e-08
1443.0 1.014382943565606e-08
1444.0 1.0137690609355729e-08
1445.0 1.0131551783055399e-08
1446.0 1.0125412956755068e-08
1447.0 1.0119274130454736e-08
1448.0 1.0113135304154407e-08
1449.0 1.0106996477854077e-08
1450.0 1.0100857651553744e-08
1451.0 1.0094718825253414e-08
1452.0 1.0088579998953082e-08
1453.0 1.0082441172652753e-08
1454.0 1.0076302346352421e-08
1455.0 1.0070163520052093e-08
1456.0 1.0064024693751762e-08
1457.0 1.0057885867451429e-08
1458.0 1.0051747041151099e-08
1459.0 1.0045608214850768e-08
1460.0 1.0039469388550436e-08
1461.0 1.0033330562250106e-08
1462.0 1.0027191735949773e-08
1463.0 1.002105290964944e-08
1464.0 1.0014914083349112e-08
1465.0 1.000877525704878e-08
1466.0 1.000263643074845e-08
1467.0 9.996497604448118e-09
1468.0 9.990358778147788e-09
1469.0 9.984219951847455e-09
1470.0 9.978081125547122e-09
1471.0 9.971942299246794e-09
1472.0 9.965803472946462e-09
1473.0 9.959664646646131e-09
1474.0 9.953525820345801e-09
1475.0 9.94738699404547e-09
1476.0 9.941248167745138e-09
1477.0 9.935698018718398e-09
1478.0 9.930189903993939e-09
1479.0 9.924681789269486e-09
1480.0 9.919173674545032e-09
1481.0 9.913665559820575e-09
1482.0 9.908157445096122e-09
1483.0 9.902649330371668e-09
1484.0 9.897141215647213e-09
1485.0 9.891633100922759e-09
1486.0 9.8861249861983e-09
1487.0 9.880616871473847e-09
1488.0 9.875108756749393e-09
1489.0 9.869600642024936e-09
1490.0 9.864092527300484e-09
1491.0 9.85858441257603e-09
1492.0 9.853076297851574e-09
1493.0 9.847568183127121e-09
1494.0 9.842060068402666e-09
1495.0 9.836551953678207e-09
1496.0 9.831043838953754e-09
1497.0 9.8255357242293e-09
1498.0 9.820027609504843e-09
1499.0 9.81451949478039e-09
1500.0 9.809011380055937e-09
1501.0 9.803503265331483e-09
1502.0 9.797995150607029e-09
1503.0 9.792487035882573e-09
1504.0 9.786978921158116e-09
1505.0 9.781470806433663e-09
1506.0 9.775962691709207e-09
1507.0 9.770454576984753e-09
1508.0 9.7649464622603e-09
1509.0 9.759438347535845e-09
1510.0 9.753930232811388e-09
1511.0 9.748422118086936e-09
1512.0 9.74291400336248e-09
1513.0 9.737405888638023e-09
1514.0 9.731897773913567e-09
1515.0 9.726389659189115e-09
1516.0 9.72088154446466e-09
1517.0 9.715373429740206e-09
1518.0 9.709865315015747e-09
1519.0 9.704357200291295e-09
1520.0 9.698849085566841e-09
1521.0 9.693340970842384e-09
1522.0 9.687832856117928e-09
1523.0 9.682324741393474e-09
1524.0 9.67681662666902e-09
1525.0 9.671308511944568e-09
1526.0 9.665800397220112e-09
1527.0 9.660292282495656e-09
1528.0 9.654784167771202e-09
1529.0 9.64927605304675e-09
1530.0 9.643767938322289e-09
1531.0 9.638259823597837e-09
1532.0 9.632751708873381e-09
1533.0 9.627243594148927e-09
1534.0 9.621735479424475e-09
1535.0 9.616227364700019e-09
1536.0 9.610719249975563e-09
1537.0 9.605211135251108e-09
1538.0 9.599703020526655e-09
1539.0 9.594194905802198e-09
1540.0 9.588686791077742e-09
1541.0 9.58317867635329e-09
1542.0 9.577670561628836e-09
1543.0 9.57216244690438e-09
1544.0 9.566654332179926e-09
1545.0 9.56114621745547e-09
1546.0 9.555638102731016e-09
1547.0 9.550129988006562e-09
1548.0 9.544621873282103e-09
1549.0 9.539113758557651e-09
1550.0 9.533605643833197e-09
1551.0 9.52809752910874e-09
1552.0 9.522589414384289e-09
1553.0 9.517081299659833e-09
1554.0 9.511573184935377e-09
1555.0 9.506065070210922e-09
1556.0 9.500556955486464e-09
1557.0 9.495048840762012e-09
1558.0 9.489540726037558e-09
1559.0 9.484032611313104e-09
1560.0 9.47852449658865e-09
1561.0 9.473016381864196e-09
1562.0 9.467508267139739e-09
1563.0 9.462000152415285e-09
1564.0 9.456492037690832e-09
1565.0 9.450983922966371e-09
1566.0 9.445475808241919e-09
1567.0 9.439967693517465e-09
1568.0 9.43445957879301e-09
1569.0 9.428951464068555e-09
1570.0 9.423443349344101e-09
1571.0 9.417935234619644e-09
1572.0 9.412427119895193e-09
1573.0 9.406919005170738e-09
1574.0 9.40141089044628e-09
1575.0 9.395902775721825e-09
1576.0 9.390394660997372e-09
1577.0 9.384886546272918e-09
1578.0 9.379378431548464e-09
1579.0 9.373870316824008e-09
1580.0 9.368362202099553e-09
1581.0 9.362854087375099e-09
1582.0 9.357345972650645e-09
1583.0 9.35183785792619e-09
1584.0 9.346329743201735e-09
1585.0 9.34082162847728e-09
1586.0 9.335313513752824e-09
1587.0 9.32980539902837e-09
1588.0 9.324297284303914e-09
1589.0 9.318789169579458e-09
1590.0 9.313450153179622e-09
1591.0 9.308646335154111e-09
1592.0 9.303842517128597e-09
1593.0 9.299038699103085e-09
1594.0 9.294234881077574e-09
1595.0 9.289431063052064e-09
1596.0 9.28462724502655e-09
1597.0 9.279823427001039e-09
1598.0 9.275019608975527e-09
1599.0 9.270215790950018e-09
1600.0 9.265411972924507e-09
1601.0 9.260608154898991e-09
1602.0 9.25580433687348e-09
1603.0 9.251000518847967e-09
1604.0 9.246196700822461e-09
1605.0 9.241392882796945e-09
1606.0 9.236589064771435e-09
1607.0 9.231785246745924e-09
1608.0 9.226981428720409e-09
1609.0 9.2221776106949e-09
1610.0 9.217373792669387e-09
1611.0 9.212569974643877e-09
1612.0 9.207766156618363e-09
1613.0 9.20296233859285e-09
1614.0 9.19815852056734e-09
1615.0 9.193354702541829e-09
1616.0 9.188550884516317e-09
1617.0 9.183747066490804e-09
1618.0 9.178943248465294e-09
1619.0 9.174139430439783e-09
1620.0 9.169335612414269e-09
1621.0 9.164531794388757e-09
1622.0 9.159727976363248e-09
1623.0 9.154924158337737e-09
1624.0 9.150120340312225e-09
1625.0 9.145316522286712e-09
1626.0 9.1405127042612e-09
1627.0 9.135708886235688e-09
1628.0 9.130905068210177e-09
1629.0 9.126101250184663e-09
1630.0 9.121297432159153e-09
1631.0 9.116493614133642e-09
1632.0 9.111689796108131e-09
1633.0 9.106885978082619e-09
1634.0 9.102082160057105e-09
1635.0 9.097278342031594e-09
1636.0 9.092474524006085e-09
1637.0 9.087670705980571e-09
1638.0 9.08286688795506e-09
1639.0 9.078063069929545e-09
1640.0 9.073259251904038e-09
1641.0 9.068455433878524e-09
1642.0 9.063651615853011e-09
1643.0 9.058847797827502e-09
1644.0 9.054043979801989e-09
1645.0 9.049240161776476e-09
1646.0 9.044436343750966e-09
1647.0 9.039632525725455e-09
1648.0 9.03482870769994e-09
1649.0 9.030024889674429e-09
1650.0 9.02522107164892e-09
1651.0 9.020417253623409e-09
1652.0 9.015613435597898e-09
1653.0 9.010809617572383e-09
1654.0 9.006005799546872e-09
1655.0 9.001201981521361e-09
1656.0 8.996398163495847e-09
1657.0 8.991594345470338e-09
1658.0 8.986790527444824e-09
1659.0 8.981986709419314e-09
1660.0 8.977182891393801e-09
1661.0 8.97237907336829e-09
1662.0 8.967575255342782e-09
1663.0 8.962771437317266e-09
1664.0 8.957967619291754e-09
1665.0 8.953163801266243e-09
1666.0 8.948359983240734e-09
1667.0 8.943556165215217e-09
1668.0 8.93875234718971e-09
1669.0 8.933948529164197e-09
1670.0 8.929144711138685e-09
1671.0 8.924340893113173e-09
1672.0 8.91953707508766e-09
1673.0 8.914733257062151e-09
1674.0 8.909929439036639e-09
1675.0 8.905125621011127e-09
1676.0 8.900321802985616e-09
1677.0 8.895517984960102e-09
1678.0 8.890714166934593e-09
1679.0 8.885910348909082e-09
1680.0 8.881106530883568e-09
1681.0 8.87630271285806e-09
1682.0 8.871498894832542e-09
1683.0 8.866695076807032e-09
1684.0 8.861891258781521e-09
1685.0 8.85708744075601e-09
1686.0 8.8522836227305e-09
1687.0 8.847479804704986e-09
1688.0 8.842675986679475e-09
1689.0 8.837872168653964e-09
1690.0 8.833068350628452e-09
1691.0 8.828264532602938e-09
1692.0 8.823460714577427e-09
1693.0 8.818656896551915e-09
1694.0 8.813853078526403e-09
1695.0 8.809049260500894e-09
1696.0 8.80424544247538e-09
1697.0 8.799441624449869e-09
1698.0 8.794637806424358e-09
1699.0 8.789833988398846e-09
1700.0 8.785030170373336e-09
1701.0 8.780226352347822e-09
1702.0 8.775422534322313e-09
1703.0 8.7706187162968e-09
1704.0 8.765814898271288e-09
1705.0 8.761011080245776e-09
1706.0 8.756207262220262e-09
1707.0 8.751403444194753e-09
1708.0 8.74659962616924e-09
1709.0 8.741795808143728e-09
1710.0 8.736991990118217e-09
1711.0 8.732188172092703e-09
1712.0 8.727384354067194e-09
1713.0 8.722912636415452e-09
1714.0 8.718529372780286e-09
1715.0 8.714146109145122e-09
1716.0 8.709762845509952e-09
1717.0 8.705379581874788e-09
1718.0 8.700996318239622e-09
1719.0 8.696613054604458e-09
1720.0 8.69222979096929e-09
1721.0 8.687846527334128e-09
1722.0 8.683463263698958e-09
1723.0 8.679080000063794e-09
1724.0 8.67469673642863e-09
1725.0 8.67031347279346e-09
1726.0 8.665930209158298e-09
1727.0 8.661546945523132e-09
1728.0 8.657163681887968e-09
1729.0 8.652780418252802e-09
1730.0 8.648397154617637e-09
1731.0 8.644013890982468e-09
1732.0 8.639630627347302e-09
1733.0 8.635247363712138e-09
1734.0 8.630864100076972e-09
1735.0 8.626480836441806e-09
1736.0 8.622097572806642e-09
1737.0 8.617714309171474e-09
1738.0 8.613331045536306e-09
1739.0 8.608947781901142e-09
1740.0 8.604564518265976e-09
1741.0 8.600181254630812e-09
1742.0 8.595797990995646e-09
1743.0 8.59141472736048e-09
1744.0 8.587031463725314e-09
1745.0 8.582648200090148e-09
1746.0 8.578264936454984e-09
1747.0 8.573881672819816e-09
1748.0 8.569498409184652e-09
1749.0 8.565115145549486e-09
1750.0 8.560731881914317e-09
1751.0 8.556348618279154e-09
1752.0 8.551965354643986e-09
1753.0 8.547582091008822e-09
1754.0 8.543198827373654e-09
1755.0 8.53881556373849e-09
1756.0 8.534432300103324e-09
1757.0 8.53004903646816e-09
1758.0 8.525665772832992e-09
1759.0 8.521282509197828e-09
1760.0 8.516899245562662e-09
1761.0 8.512515981927498e-09
1762.0 8.508132718292332e-09
1763.0 8.503749454657166e-09
1764.0 8.499366191022001e-09
1765.0 8.494982927386832e-09
1766.0 8.490599663751668e-09
1767.0 8.486216400116502e-09
1768.0 8.481833136481336e-09
1769.0 8.47744987284617e-09
1770.0 8.473066609211006e-09
1771.0 8.46868334557584e-09
1772.0 8.46430008194067e-09
1773.0 8.459916818305508e-09
1774.0 8.45553355467034e-09
1775.0 8.451150291035174e-09
1776.0 8.44676702740001e-09
1777.0 8.442383763764844e-09
1778.0 8.438000500129678e-09
1779.0 8.433617236494514e-09
1780.0 8.429233972859345e-09
1781.0 8.424850709224184e-09
1782.0 8.420467445589014e-09
1783.0 8.416084181953848e-09
1784.0 8.411700918318684e-09
1785.0 8.407317654683518e-09
1786.0 8.402934391048352e-09
1787.0 8.398551127413186e-09
1788.0 8.394167863778022e-09
1789.0 8.389784600142854e-09
1790.0 8.385401336507688e-09
1791.0 8.381018072872524e-09
1792.0 8.376634809237358e-09
1793.0 8.37225154560219e-09
1794.0 8.367868281967028e-09
1795.0 8.36348501833186e-09
1796.0 8.359101754696696e-09
1797.0 8.35471849106153e-09
1798.0 8.350335227426362e-09
1799.0 8.345951963791198e-09
1800.0 8.341568700156032e-09
1801.0 8.337185436520864e-09
1802.0 8.3328021728857e-09
1803.0 8.328418909250534e-09
1804.0 8.324035645615367e-09
1805.0 8.3196523819802e-09
1806.0 8.315269118345036e-09
1807.0 8.31088585470987e-09
1808.0 8.306502591074703e-09
1809.0 8.302119327439542e-09
1810.0 8.297736063804371e-09
1811.0 8.293352800169208e-09
1812.0 8.28896953653404e-09
1813.0 8.284586272898876e-09
1814.0 8.28020300926371e-09
1815.0 8.275819745628546e-09
1816.0 8.27143648199338e-09
1817.0 8.267053218358216e-09
1818.0 8.26266995472305e-09
1819.0 8.25828669108788e-09
1820.0 8.253903427452716e-09
1821.0 8.24952016381755e-09
1822.0 8.245136900182383e-09
1823.0 8.240753636547217e-09
1824.0 8.236370372912052e-09
1825.0 8.231987109276887e-09
1826.0 8.227603845641722e-09
1827.0 8.223220582006556e-09
1828.0 8.218837318371387e-09
1829.0 8.214454054736223e-09
1830.0 8.210070791101058e-09
1831.0 8.205687527465892e-09
1832.0 8.201304263830727e-09
1833.0 8.196921000195562e-09
1834.0 8.192537736560396e-09
1835.0 8.188154472925232e-09
1836.0 8.183771209290064e-09
1837.0 8.179387945654897e-09
1838.0 8.175004682019732e-09
1839.0 8.170621418384566e-09
1840.0 8.1662381547494e-09
1841.0 8.161854891114235e-09
1842.0 8.15747162747907e-09
1843.0 8.153088363843903e-09
1844.0 8.148705100208738e-09
1845.0 8.14464899449372e-09
1846.0 8.140626207323802e-09
1847.0 8.136603420153876e-09
1848.0 8.132580632983959e-09
1849.0 8.12855784581404e-09
1850.0 8.124535058644115e-09
1851.0 8.120512271474196e-09
1852.0 8.116489484304275e-09
1853.0 8.112466697134354e-09
1854.0 8.108443909964434e-09
1855.0 8.104421122794511e-09
1856.0 8.10039833562459e-09
1857.0 8.09637554845467e-09
1858.0 8.09235276128475e-09
1859.0 8.088329974114829e-09
1860.0 8.084307186944906e-09
1861.0 8.080284399774987e-09
1862.0 8.076261612605066e-09
1863.0 8.072238825435145e-09
1864.0 8.068216038265224e-09
1865.0 8.064193251095303e-09
1866.0 8.060170463925382e-09
1867.0 8.056147676755462e-09
1868.0 8.05212488958554e-09
1869.0 8.048102102415617e-09
1870.0 8.0440793152457e-09
1871.0 8.040056528075778e-09
1872.0 8.036033740905857e-09
1873.0 8.032010953735936e-09
1874.0 8.027988166566015e-09
1875.0 8.023965379396096e-09
1876.0 8.019942592226171e-09
1877.0 8.015919805056254e-09
1878.0 8.01189701788633e-09
1879.0 8.007874230716412e-09
1880.0 8.003851443546487e-09
1881.0 7.999828656376568e-09
1882.0 7.995805869206647e-09
1883.0 7.991783082036727e-09
1884.0 7.987760294866805e-09
1885.0 7.983737507696885e-09
1886.0 7.979714720526964e-09
1887.0 7.975691933357043e-09
1888.0 7.971669146187122e-09
1889.0 7.9676463590172e-09
1890.0 7.963623571847282e-09
1891.0 7.95960078467736e-09
1892.0 7.955577997507438e-09
1893.0 7.951555210337517e-09
1894.0 7.947532423167596e-09
1895.0 7.943509635997675e-09
1896.0 7.939486848827754e-09
1897.0 7.935464061657835e-09
1898.0 7.931441274487914e-09
1899.0 7.927418487317993e-09
1900.0 7.92339570014807e-09
1901.0 7.91937291297815e-09
1902.0 7.91535012580823e-09
1903.0 7.911327338638308e-09
1904.0 7.907304551468387e-09
1905.0 7.903281764298466e-09
1906.0 7.899258977128545e-09
1907.0 7.895236189958624e-09
1908.0 7.891213402788705e-09
1909.0 7.887190615618782e-09
1910.0 7.883167828448863e-09
1911.0 7.879145041278942e-09
1912.0 7.87512225410902e-09
1913.0 7.871099466939098e-09
1914.0 7.867076679769177e-09
1915.0 7.863053892599258e-09
1916.0 7.859031105429337e-09
1917.0 7.855008318259416e-09
1918.0 7.850985531089493e-09
1919.0 7.846962743919574e-09
1920.0 7.842939956749653e-09
1921.0 7.838917169579732e-09
1922.0 7.834894382409812e-09
1923.0 7.830871595239891e-09
1924.0 7.82684880806997e-09
1925.0 7.822826020900049e-09
1926.0 7.818803233730128e-09
1927.0 7.814780446560207e-09
1928.0 7.810757659390286e-09
1929.0 7.806734872220365e-09
1930.0 7.802712085050446e-09
1931.0 7.798689297880523e-09
1932.0 7.794666510710603e-09
1933.0 7.790643723540682e-09
1934.0 7.78662093637076e-09
1935.0 7.78259814920084e-09
1936.0 7.778575362030918e-09
1937.0 7.774552574860997e-09
1938.0 7.770529787691076e-09
1939.0 7.766507000521155e-09
1940.0 7.762484213351235e-09
1941.0 7.758461426181314e-09
1942.0 7.754438639011393e-09
1943.0 7.750415851841472e-09
1944.0 7.746393064671551e-09
1945.0 7.742370277501632e-09
1946.0 7.73834749033171e-09
1947.0 7.734324703161788e-09
1948.0 7.730301915991869e-09
1949.0 7.72627912882195e-09
1950.0 7.722256341652025e-09
1951.0 7.718233554482105e-09
1952.0 7.714210767312183e-09
1953.0 7.710187980142265e-09
1954.0 7.706165192972342e-09
1955.0 7.702142405802421e-09
1956.0 7.6981196186325e-09
1957.0 7.694096831462581e-09
1958.0 7.690074044292658e-09
1959.0 7.686051257122737e-09
1960.0 7.682028469952816e-09
1961.0 7.678005682782897e-09
1962.0 7.673982895612974e-09
1963.0 7.669960108443055e-09
1964.0 7.665937321273132e-09
1965.0 7.661914534103213e-09
1966.0 7.657891746933292e-09
1967.0 7.65386895976337e-09
1968.0 7.64984617259345e-09
1969.0 7.64582338542353e-09
1970.0 7.641800598253609e-09
1971.0 7.637777811083686e-09
1972.0 7.633755023913767e-09
1973.0 7.629732236743848e-09
1974.0 7.625709449573925e-09
1975.0 7.621686662404004e-09
1976.0 7.617663875234085e-09
1977.0 7.613641088064162e-09
1978.0 7.609618300894241e-09
1979.0 7.60559551372432e-09
1980.0 7.601572726554397e-09
1981.0 7.597549939384478e-09
1982.0 7.593527152214557e-09
1983.0 7.589504365044636e-09
1984.0 7.585481577874716e-09
1985.0 7.581458790704794e-09
1986.0 7.577436003534874e-09
1987.0 7.573808001009063e-09
1988.0 7.570240391918895e-09
1989.0 7.56667278282873e-09
1990.0 7.563105173738566e-09
1991.0 7.559537564648403e-09
1992.0 7.555969955558238e-09
1993.0 7.55240234646807e-09
1994.0 7.548834737377905e-09
1995.0 7.54526712828774e-09
1996.0 7.541699519197574e-09
1997.0 7.53813191010741e-09
1998.0 7.534564301017243e-09
1999.0 7.530996691927078e-09
2000.0 7.527429082836913e-09
2001.0 7.523861473746749e-09
2002.0 7.520293864656582e-09
2003.0 7.516726255566416e-09
2004.0 7.513158646476253e-09
2005.0 7.509591037386087e-09
2006.0 7.50602342829592e-09
2007.0 7.502455819205755e-09
2008.0 7.498888210115592e-09
2009.0 7.495320601025428e-09
2010.0 7.49175299193526e-09
2011.0 7.488185382845095e-09
2012.0 7.48461777375493e-09
2013.0 7.481050164664765e-09
2014.0 7.477482555574599e-09
2015.0 7.473914946484434e-09
2016.0 7.470347337394268e-09
2017.0 7.466779728304103e-09
2018.0 7.463212119213938e-09
2019.0 7.459644510123774e-09
2020.0 7.456076901033607e-09
2021.0 7.452509291943443e-09
2022.0 7.448941682853278e-09
2023.0 7.445374073763112e-09
2024.0 7.4418064646729475e-09
2025.0 7.438238855582782e-09
2026.0 7.434671246492617e-09
2027.0 7.431103637402454e-09
2028.0 7.4275360283122886e-09
2029.0 7.423968419222121e-09
2030.0 7.420400810131955e-09
2031.0 7.4168332010417894e-09
2032.0 7.413265591951625e-09
2033.0 7.409697982861459e-09
2034.0 7.406130373771294e-09
2035.0 7.402562764681128e-09
2036.0 7.398995155590963e-09
2037.0 7.395427546500798e-09
2038.0 7.391859937410633e-09
2039.0 7.3882923283204674e-09
2040.0 7.384724719230303e-09
2041.0 7.381157110140137e-09
2042.0 7.377589501049972e-09
2043.0 7.374021891959805e-09
2044.0 7.3704542828696405e-09
2045.0 7.366886673779475e-09
2046.0 7.36331906468931e-09
2047.0 7.359751455599145e-09
2048.0 7.35618384650898e-09
2049.0 7.352616237418814e-09
2050.0 7.34904862832865e-09
2051.0 7.345481019238484e-09
2052.0 7.341913410148319e-09
2053.0 7.338345801058154e-09
2054.0 7.334778191967988e-09
2055.0 7.331210582877823e-09
2056.0 7.327642973787657e-09
2057.0 7.324075364697492e-09
2058.0 7.320507755607328e-09
2059.0 7.316940146517162e-09
2060.0 7.313372537426997e-09
2061.0 7.309804928336832e-09
2062.0 7.306237319246667e-09
2063.0 7.302669710156501e-09
2064.0 7.2991021010663376e-09
2065.0 7.295534491976172e-09
2066.0 7.291966882886006e-09
2067.0 7.28839927379584e-09
2068.0 7.2848316647056745e-09
2069.0 7.28126405561551e-09
2070.0 7.277696446525345e-09
2071.0 7.2741288374351795e-09
2072.0 7.270561228345015e-09
2073.0 7.266993619254848e-09
2074.0 7.263426010164684e-09
2075.0 7.259858401074516e-09
2076.0 7.256290791984352e-09
2077.0 7.252723182894187e-09
2078.0 7.249155573804022e-09
2079.0 7.245587964713857e-09
2080.0 7.242020355623692e-09
2081.0 7.238452746533526e-09
2082.0 7.234885137443361e-09
2083.0 7.231317528353194e-09
2084.0 7.22774991926303e-09
2085.0 7.224182310172866e-09
2086.0 7.220614701082701e-09
2087.0 7.217047091992535e-09
2088.0 7.21347948290237e-09
2089.0 7.209911873812204e-09
2090.0 7.20634426472204e-09
2091.0 7.202776655631873e-09
2092.0 7.199209046541709e-09
2093.0 7.195641437451541e-09
2094.0 7.192073828361377e-09
2095.0 7.188506219271211e-09
2096.0 7.1849386101810455e-09
2097.0 7.18137100109088e-09
2098.0 7.177803392000715e-09
2099.0 7.1742357829105504e-09
2100.0 7.170668173820385e-09
2101.0 7.167100564730221e-09
2102.0 7.163532955640056e-09
2103.0 7.15996534654989e-09
2104.0 7.156397737459725e-09
2105.0 7.15283012836956e-09
2106.0 7.1492625192793915e-09
2107.0 7.145694910189228e-09
2108.0 7.142127301099062e-09
2109.0 7.138559692008897e-09
2110.0 7.134992082918733e-09
2111.0 7.131424473828567e-09
2112.0 7.1278568647384015e-09
2113.0 7.124289255648236e-09
2114.0 7.120721646558071e-09
2115.0 7.1171540374679064e-09
2116.0 7.113586428377741e-09
2117.0 7.110018819287576e-09
2118.0 7.106451210197411e-09
2119.0 7.102883601107245e-09
2120.0 7.0993159920170795e-09
2121.0 7.095748382926916e-09
2122.0 7.092180773836752e-09
2123.0 7.088613164746585e-09
2124.0 7.085045555656419e-09
2125.0 7.081477946566253e-09
2126.0 7.077910337476089e-09
2127.0 7.074342728385924e-09
2128.0 7.070775119295758e-09
2129.0 7.0672075102055936e-09
2130.0 7.063639901115429e-09
2131.0 7.060072292025262e-09
2132.0 7.056504682935095e-09
2133.0 7.0529370738449305e-09
2134.0 7.049369464754766e-09
2135.0 7.045801855664601e-09
2136.0 7.0422342465744355e-09
2137.0 7.03866663748427e-09
2138.0 7.035099028394105e-09
2139.0 7.031531419303939e-09
2140.0 7.028232247035104e-09
2141.0 7.024967446049729e-09
2142.0 7.021702645064355e-09
2143.0 7.0184378440789785e-09
2144.0 7.015173043093603e-09
2145.0 7.011908242108229e-09
2146.0 7.008643441122853e-09
2147.0 7.00537864013748e-09
2148.0 7.002113839152103e-09
2149.0 6.998849038166729e-09
2150.0 6.9955842371813525e-09
2151.0 6.9923194361959784e-09
2152.0 6.989054635210604e-09
2153.0 6.985789834225229e-09
2154.0 6.982525033239854e-09
2155.0 6.9792602322544805e-09
2156.0 6.975995431269104e-09
2157.0 6.972730630283729e-09
2158.0 6.969465829298353e-09
2159.0 6.966201028312979e-09
2160.0 6.962936227327604e-09
2161.0 6.959671426342227e-09
2162.0 6.956406625356852e-09
2163.0 6.953141824371478e-09
2164.0 6.949877023386103e-09
2165.0 6.946612222400728e-09
2166.0 6.943347421415352e-09
2167.0 6.9400826204299776e-09
2168.0 6.936817819444603e-09
2169.0 6.933553018459228e-09
2170.0 6.930288217473854e-09
2171.0 6.927023416488478e-09
2172.0 6.923758615503104e-09
2173.0 6.920493814517727e-09
2174.0 6.917229013532352e-09
2175.0 6.9139642125469775e-09
2176.0 6.910699411561602e-09
2177.0 6.907434610576228e-09
2178.0 6.904169809590851e-09
2179.0 6.900905008605477e-09
2180.0 6.897640207620103e-09
2181.0 6.894375406634727e-09
2182.0 6.891110605649352e-09
2183.0 6.887845804663978e-09
2184.0 6.884581003678603e-09
2185.0 6.881316202693228e-09
2186.0 6.878051401707851e-09
2187.0 6.874786600722477e-09
2188.0 6.871521799737101e-09
2189.0 6.868256998751727e-09
2190.0 6.864992197766351e-09
2191.0 6.861727396780977e-09
2192.0 6.858462595795602e-09
2193.0 6.855197794810227e-09
2194.0 6.851932993824851e-09
2195.0 6.848668192839476e-09
2196.0 6.8454033918541005e-09
2197.0 6.842138590868727e-09
2198.0 6.838873789883351e-09
2199.0 6.835608988897977e-09
2200.0 6.8323441879126025e-09
2201.0 6.829079386927228e-09
2202.0 6.825814585941851e-09
2203.0 6.822549784956475e-09
2204.0 6.819284983971102e-09
2205.0 6.816020182985726e-09
2206.0 6.8127553820003515e-09
2207.0 6.8094905810149774e-09
2208.0 6.806225780029602e-09
2209.0 6.802960979044225e-09
2210.0 6.79969617805885e-09
2211.0 6.7964313770734745e-09
2212.0 6.793166576088101e-09
2213.0 6.789901775102726e-09
2214.0 6.78663697411735e-09
2215.0 6.783372173131976e-09
2216.0 6.780107372146601e-09
2217.0 6.776842571161226e-09
2218.0 6.77357777017585e-09
2219.0 6.770312969190474e-09
2220.0 6.7670481682050996e-09
2221.0 6.7637833672197255e-09
2222.0 6.7605185662343514e-09
2223.0 6.757253765248975e-09
2224.0 6.753988964263602e-09
2225.0 6.750724163278227e-09
2226.0 6.74745936229285e-09
2227.0 6.744194561307475e-09
2228.0 6.7409297603221e-09
2229.0 6.7376649593367255e-09
2230.0 6.734400158351351e-09
2231.0 6.731135357365974e-09
2232.0 6.727870556380601e-09
2233.0 6.724605755395226e-09
2234.0 6.721340954409849e-09
2235.0 6.718076153424475e-09
2236.0 6.714811352439099e-09
2237.0 6.7115465514537255e-09
2238.0 6.708281750468349e-09
2239.0 6.705016949482975e-09
2240.0 6.7017521484976e-09
2241.0 6.698487347512225e-09
2242.0 6.695222546526849e-09
2243.0 6.691957745541474e-09
2244.0 6.688692944556099e-09
2245.0 6.6854281435707254e-09
2246.0 6.68216334258535e-09
2247.0 6.678898541599975e-09
2248.0 6.675633740614601e-09
2249.0 6.672368939629224e-09
2250.0 6.669104138643849e-09
2251.0 6.665839337658474e-09
2252.0 6.6625745366730995e-09
2253.0 6.6593097356877246e-09
2254.0 6.656044934702349e-09
2255.0 6.652780133716976e-09
2256.0 6.649515332731598e-09
2257.0 6.646250531746223e-09
2258.0 6.6429857307608484e-09
2259.0 6.639720929775474e-09
2260.0 6.636456128790099e-09
2261.0 6.633191327804723e-09
2262.0 6.629926526819348e-09
2263.0 6.626661725833975e-09
2264.0 6.623396924848599e-09
2265.0 6.6201321238632225e-09
2266.0 6.616867322877849e-09
2267.0 6.6136025218924735e-09
2268.0 6.6103377209070994e-09
2269.0 6.607072919921724e-09
2270.0 6.603808118936349e-09
2271.0 6.600543317950972e-09
2272.0 6.5972785169656e-09
2273.0 6.594013715980223e-09
2274.0 6.590748914994848e-09
2275.0 6.5874841140094735e-09
2276.0 6.584219313024099e-09
2277.0 6.580954512038723e-09
2278.0 6.577689711053349e-09
2279.0 6.574424910067972e-09
2280.0 6.571160109082597e-09
2281.0 6.567895308097222e-09
2282.0 6.5646305071118475e-09
2283.0 6.5613657061264734e-09
2284.0 6.558100905141098e-09
2285.0 6.554836104155722e-09
2286.0 6.551571303170347e-09
2287.0 6.548306502184973e-09
2288.0 6.545041701199599e-09
2289.0 6.541776900214223e-09
2290.0 6.538512099228847e-09
2291.0 6.5352472982434726e-09
2292.0 6.5319824972580985e-09
2293.0 6.528717696272723e-09
2294.0 6.525452895287346e-09
2295.0 6.522188094301971e-09
2296.0 6.5189232933165964e-09
2297.0 6.515658492331223e-09
2298.0 6.5123936913458474e-09
2299.0 6.5091288903604725e-09
2300.0 6.5058640893750985e-09
2301.0 6.5025992883897236e-09
2302.0 6.499334487404346e-09
2303.0 6.4960696864189705e-09
2304.0 6.49283833390386e-09
2305.0 6.489846813678514e-09
2306.0 6.486855293453167e-09
2307.0 6.4838637732278205e-09
2308.0 6.480872253002474e-09
2309.0 6.477880732777126e-09
2310.0 6.4748892125517796e-09
2311.0 6.471897692326433e-09
2312.0 6.4689061721010845e-09
2313.0 6.465914651875738e-09
2314.0 6.462923131650392e-09
2315.0 6.459931611425045e-09
2316.0 6.456940091199699e-09
2317.0 6.453948570974352e-09
2318.0 6.450957050749004e-09
2319.0 6.447965530523658e-09
2320.0 6.4449740102983126e-09
2321.0 6.441982490072966e-09
2322.0 6.438990969847618e-09
2323.0 6.435999449622269e-09
2324.0 6.433007929396923e-09
2325.0 6.430016409171576e-09
2326.0 6.427024888946229e-09
2327.0 6.424033368720883e-09
2328.0 6.421041848495536e-09
2329.0 6.41805032827019e-09
2330.0 6.415058808044843e-09
2331.0 6.4120672878194955e-09
2332.0 6.409075767594148e-09
2333.0 6.406084247368802e-09
2334.0 6.403092727143455e-09
2335.0 6.400101206918107e-09
2336.0 6.397109686692762e-09
2337.0 6.394118166467415e-09
2338.0 6.391126646242068e-09
2339.0 6.388135126016722e-09
2340.0 6.385143605791374e-09
2341.0 6.382152085566028e-09
2342.0 6.379160565340683e-09
2343.0 6.376169045115334e-09
2344.0 6.373177524889988e-09
2345.0 6.3701860046646384e-09
2346.0 6.367194484439291e-09
2347.0 6.364202964213946e-09
2348.0 6.361211443988599e-09
2349.0 6.3582199237632525e-09
2350.0 6.355228403537905e-09
2351.0 6.352236883312557e-09
2352.0 6.34924536308721e-09
2353.0 6.346253842861864e-09
2354.0 6.343262322636518e-09
2355.0 6.340270802411171e-09
2356.0 6.337279282185824e-09
2357.0 6.334287761960477e-09
2358.0 6.331296241735131e-09
2359.0 6.328304721509784e-09
2360.0 6.325313201284437e-09
2361.0 6.322321681059089e-09
2362.0 6.319330160833744e-09
2363.0 6.316338640608397e-09
2364.0 6.3133471203830495e-09
2365.0 6.310355600157703e-09
2366.0 6.307364079932356e-09
2367.0 6.3043725597070085e-09
2368.0 6.301381039481662e-09
2369.0 6.2983895192563135e-09
2370.0 6.295397999030967e-09
2371.0 6.292406478805622e-09
2372.0 6.289414958580274e-09
2373.0 6.2864234383549275e-09
2374.0 6.28343191812958e-09
2375.0 6.280440397904234e-09
2376.0 6.277448877678888e-09
2377.0 6.27445735745354e-09
2378.0 6.271465837228194e-09
2379.0 6.268474317002847e-09
2380.0 6.265482796777499e-09
2381.0 6.262491276552153e-09
2382.0 6.2594997563268055e-09
2383.0 6.256508236101459e-09
2384.0 6.253516715876112e-09
2385.0 6.250525195650766e-09
2386.0 6.247533675425418e-09
2387.0 6.244542155200072e-09
2388.0 6.241550634974725e-09
2389.0 6.238559114749377e-09
2390.0 6.2355675945240295e-09
2391.0 6.232576074298684e-09
2392.0 6.229584554073337e-09
2393.0 6.226593033847989e-09
2394.0 6.223601513622644e-09
2395.0 6.220609993397297e-09
2396.0 6.21761847317195e-09
2397.0 6.214626952946604e-09
2398.0 6.211635432721257e-09
2399.0 6.208643912495909e-09
2400.0 6.205652392270562e-09
2401.0 6.202660872045215e-09
2402.0 6.199669351819869e-09
2403.0 6.196677831594521e-09
2404.0 6.193686311369176e-09
2405.0 6.190694791143828e-09
2406.0 6.1877032709184814e-09
2407.0 6.184711750693135e-09
2408.0 6.181720230467786e-09
2409.0 6.17872871024244e-09
2410.0 6.175737190017095e-09
2411.0 6.172745669791747e-09
2412.0 6.169754149566399e-09
2413.0 6.166762629341053e-09
2414.0 6.163771109115707e-09
2415.0 6.16077958889036e-09
2416.0 6.157788068665013e-09
2417.0 6.154796548439666e-09
2418.0 6.15180502821432e-09
2419.0 6.148813507988973e-09
2420.0 6.145821987763626e-09
2421.0 6.1428304675382784e-09
2422.0 6.139838947312931e-09
2423.0 6.136847427087584e-09
2424.0 6.1338559068622375e-09
2425.0 6.130864386636891e-09
2426.0 6.127872866411543e-09
2427.0 6.124881346186198e-09
2428.0 6.12188982596085e-09
2429.0 6.1188983057355015e-09
2430.0 6.1159067855101565e-09
2431.0 6.11291526528481e-09
2432.0 6.109923745059464e-09
2433.0 6.106932224834116e-09
2434.0 6.103940704608769e-09
2435.0 6.100949184383423e-09
2436.0 6.097957664158077e-09
2437.0 6.0949661439327296e-09
2438.0 6.091974623707382e-09
2439.0 6.088983103482035e-09
2440.0 6.085991583256688e-09
2441.0 6.083000063031341e-09
2442.0 6.080008542805995e-09
2443.0 6.0770170225806486e-09
2444.0 6.074025502355301e-09
2445.0 6.071033982129952e-09
2446.0 6.068042461904606e-09
2447.0 6.065050941679259e-09
2448.0 6.0620594214539126e-09
2449.0 6.059067901228567e-09
2450.0 6.056076381003219e-09
2451.0 6.053084860777873e-09
2452.0 6.050093340552526e-09
2453.0 6.047101820327179e-09
2454.0 6.044110300101832e-09
2455.0 6.041118779876485e-09
2456.0 6.038127259651139e-09
2457.0 6.0351357394257914e-09
2458.0 6.032144219200444e-09
2459.0 6.029152698975097e-09
2460.0 6.0261611787497505e-09
2461.0 6.023169658524404e-09
2462.0 6.020178138299057e-09
2463.0 6.01718661807371e-09
2464.0 6.014195097848364e-09
2465.0 6.011203577623017e-09
2466.0 6.008212057397669e-09
2467.0 6.005220537172322e-09
2468.0 6.0022290169469744e-09
2469.0 5.9992374967216285e-09
2470.0 5.996245976496282e-09
2471.0 5.993254456270935e-09
2472.0 5.9902629360455884e-09
2473.0 5.987271415820241e-09
2474.0 5.984279895594894e-09
2475.0 5.981288375369549e-09
2476.0 5.9782968551442e-09
2477.0 5.975305334918853e-09
2478.0 5.972313814693507e-09
2479.0 5.96932229446816e-09
2480.0 5.966330774242812e-09
2481.0 5.963339254017466e-09
2482.0 5.960583317809796e-09
2483.0 5.957944768161911e-09
2484.0 5.9553062185140245e-09
2485.0 5.952667668866138e-09
2486.0 5.9500291192182525e-09
2487.0 5.9473905695703636e-09
2488.0 5.944752019922481e-09
2489.0 5.942113470274594e-09
2490.0 5.9394749206267076e-09
2491.0 5.936836370978821e-09
2492.0 5.9341978213309355e-09
2493.0 5.931559271683048e-09
2494.0 5.928920722035163e-09
2495.0 5.926282172387276e-09
2496.0 5.92364362273939e-09
2497.0 5.9210050730915025e-09
2498.0 5.918366523443617e-09
2499.0 5.915727973795733e-09
2500.0 5.913089424147845e-09
2501.0 5.910450874499959e-09
2502.0 5.907812324852072e-09
2503.0 5.905173775204186e-09
2504.0 5.9025352255563e-09
2505.0 5.8998966759084135e-09
2506.0 5.897258126260527e-09
2507.0 5.894619576612641e-09
2508.0 5.891981026964754e-09
2509.0 5.8893424773168694e-09
2510.0 5.886703927668982e-09
2511.0 5.884065378021097e-09
2512.0 5.881426828373209e-09
2513.0 5.878788278725324e-09
2514.0 5.8761497290774364e-09
2515.0 5.873511179429552e-09
2516.0 5.870872629781666e-09
2517.0 5.868234080133778e-09
2518.0 5.8655955304858915e-09
2519.0 5.862956980838006e-09
2520.0 5.860318431190121e-09
2521.0 5.857679881542235e-09
2522.0 5.855041331894347e-09
2523.0 5.852402782246461e-09
2524.0 5.8497642325985746e-09
2525.0 5.847125682950688e-09
2526.0 5.844487133302802e-09
2527.0 5.841848583654916e-09
2528.0 5.83921003400703e-09
2529.0 5.836571484359142e-09
2530.0 5.833932934711257e-09
2531.0 5.83129438506337e-09
2532.0 5.828655835415485e-09
2533.0 5.826017285767599e-09
2534.0 5.823378736119713e-09
2535.0 5.8207401864718254e-09
2536.0 5.81810163682394e-09
2537.0 5.815463087176053e-09
2538.0 5.812824537528167e-09
2539.0 5.8101859878802805e-09
2540.0 5.807547438232395e-09
2541.0 5.804908888584508e-09
2542.0 5.802270338936622e-09
2543.0 5.799631789288737e-09
2544.0 5.79699323964085e-09
2545.0 5.7943546899929635e-09
2546.0 5.791716140345077e-09
2547.0 5.78907759069719e-09
2548.0 5.786439041049303e-09
2549.0 5.783800491401419e-09
2550.0 5.781161941753532e-09
2551.0 5.778523392105646e-09
2552.0 5.775884842457759e-09
2553.0 5.773246292809874e-09
2554.0 5.770607743161988e-09
2555.0 5.767969193514101e-09
2556.0 5.765330643866214e-09
2557.0 5.76269209421833e-09
2558.0 5.760053544570443e-09
2559.0 5.757414994922556e-09
2560.0 5.7547764452746695e-09
2561.0 5.752137895626784e-09
2562.0 5.749499345978896e-09
2563.0 5.746860796331013e-09
2564.0 5.744222246683125e-09
2565.0 5.741583697035238e-09
2566.0 5.7389451473873525e-09
2567.0 5.736306597739466e-09
2568.0 5.73366804809158e-09
2569.0 5.731029498443693e-09
2570.0 5.728390948795808e-09
2571.0 5.72575239914792e-09
2572.0 5.723113849500034e-09
2573.0 5.720475299852149e-09
2574.0 5.717836750204262e-09
2575.0 5.715198200556376e-09
2576.0 5.712559650908491e-09
2577.0 5.709921101260603e-09
2578.0 5.707282551612718e-09
2579.0 5.7046440019648305e-09
2580.0 5.702005452316943e-09
2581.0 5.699366902669057e-09
2582.0 5.696728353021172e-09
2583.0 5.6940898033732864e-09
2584.0 5.691451253725398e-09
2585.0 5.6888127040775136e-09
2586.0 5.686174154429627e-09
2587.0 5.6835356047817415e-09
2588.0 5.680897055133856e-09
2589.0 5.678258505485969e-09
2590.0 5.675619955838081e-09
2591.0 5.672981406190197e-09
2592.0 5.670342856542309e-09
2593.0 5.6677043068944246e-09
2594.0 5.665065757246539e-09
2595.0 5.662427207598652e-09
2596.0 5.659788657950765e-09
2597.0 5.657150108302879e-09
2598.0 5.654511558654993e-09
2599.0 5.651873009007106e-09
2600.0 5.649234459359221e-09
2601.0 5.646595909711334e-09
2602.0 5.6439573600634475e-09
2603.0 5.641318810415562e-09
2604.0 5.638680260767676e-09
2605.0 5.63604171111979e-09
2606.0 5.6334031614719026e-09
2607.0 5.630764611824016e-09
2608.0 5.6281260621761305e-09
2609.0 5.625487512528245e-09
2610.0 5.622848962880358e-09
2611.0 5.620210413232471e-09
2612.0 5.617571863584586e-09
2613.0 5.6149333139367e-09
2614.0 5.612294764288812e-09
2615.0 5.609656214640927e-09
2616.0 5.60701766499304e-09
2617.0 5.604379115345154e-09
2618.0 5.6017405656972695e-09
2619.0 5.599102016049381e-09
2620.0 5.596463466401495e-09
2621.0 5.5938249167536085e-09
2622.0 5.591186367105723e-09
2623.0 5.588547817457835e-09
2624.0 5.585909267809949e-09
2625.0 5.583270718162064e-09
2626.0 5.580632168514176e-09
2627.0 5.577993618866292e-09
2628.0 5.575355069218405e-09
2629.0 5.5727165195705195e-09
2630.0 5.570077969922632e-09
2631.0 5.567439420274745e-09
2632.0 5.564800870626859e-09
2633.0 5.562162320978974e-09
2634.0 5.559523771331087e-09
2635.0 5.556885221683201e-09
2636.0 5.554246672035314e-09
2637.0 5.551608122387429e-09
2638.0 5.548969572739543e-09
2639.0 5.546331023091657e-09
2640.0 5.5436924734437696e-09
2641.0 5.541053923795882e-09
2642.0 5.538415374147998e-09
2643.0 5.535776824500111e-09
2644.0 5.533138274852225e-09
2645.0 5.530499725204337e-09
2646.0 5.527861175556452e-09
2647.0 5.525222625908565e-09
2648.0 5.522584076260678e-09
2649.0 5.519945526612794e-09
2650.0 5.517306976964906e-09
2651.0 5.514668427317021e-09
2652.0 5.512029877669135e-09
2653.0 5.509391328021248e-09
2654.0 5.506752778373361e-09
2655.0 5.504114228725475e-09
2656.0 5.50147567907759e-09
2657.0 5.498837129429703e-09
2658.0 5.496198579781817e-09
2659.0 5.49356003013393e-09
2660.0 5.490921480486043e-09
2661.0 5.4882829308381586e-09
2662.0 5.485644381190272e-09
2663.0 5.4830058315423865e-09
2664.0 5.4803672818944984e-09
2665.0 5.477728732246612e-09
2666.0 5.475090182598727e-09
2667.0 5.472451632950841e-09
2668.0 5.4698130833029535e-09
2669.0 5.467174533655067e-09
2670.0 5.464535984007182e-09
2671.0 5.461897434359296e-09
2672.0 5.45925888471141e-09
2673.0 5.456761398096252e-09
2674.0 5.4543821109537504e-09
2675.0 5.4520028238112516e-09
2676.0 5.449623536668752e-09
2677.0 5.447244249526255e-09
2678.0 5.444864962383755e-09
2679.0 5.442485675241253e-09
2680.0 5.4401063880987555e-09
2681.0 5.437727100956255e-09
2682.0 5.435347813813756e-09
2683.0 5.432968526671256e-09
2684.0 5.430589239528757e-09
2685.0 5.428209952386257e-09
2686.0 5.425830665243758e-09
2687.0 5.423451378101259e-09
2688.0 5.42107209095876e-09
2689.0 5.41869280381626e-09
2690.0 5.41631351667376e-09
2691.0 5.413934229531262e-09
2692.0 5.411554942388762e-09
2693.0 5.409175655246261e-09
2694.0 5.406796368103761e-09
2695.0 5.404417080961263e-09
2696.0 5.402037793818764e-09
2697.0 5.399658506676263e-09
2698.0 5.397279219533764e-09
2699.0 5.394899932391266e-09
2700.0 5.3925206452487665e-09
2701.0 5.390141358106266e-09
2702.0 5.3877620709637654e-09
2703.0 5.385382783821268e-09
2704.0 5.383003496678768e-09
2705.0 5.380624209536268e-09
2706.0 5.3782449223937675e-09
2707.0 5.375865635251269e-09
2708.0 5.373486348108769e-09
2709.0 5.371107060966272e-09
2710.0 5.368727773823771e-09
2711.0 5.3663484866812714e-09
2712.0 5.363969199538773e-09
2713.0 5.361589912396274e-09
2714.0 5.359210625253773e-09
2715.0 5.3568313381112735e-09
2716.0 5.3544520509687746e-09
2717.0 5.352072763826274e-09
2718.0 5.349693476683776e-09
2719.0 5.347314189541276e-09
2720.0 5.3449349023987774e-09
2721.0 5.342555615256278e-09
2722.0 5.340176328113778e-09
2723.0 5.337797040971277e-09
2724.0 5.335417753828778e-09
2725.0 5.333038466686278e-09
2726.0 5.33065917954378e-09
2727.0 5.32827989240128e-09
2728.0 5.325900605258781e-09
2729.0 5.323521318116281e-09
2730.0 5.321142030973782e-09
2731.0 5.318762743831282e-09
2732.0 5.316383456688783e-09
2733.0 5.314004169546282e-09
2734.0 5.311624882403785e-09
2735.0 5.309245595261284e-09
2736.0 5.306866308118784e-09
2737.0 5.304487020976285e-09
2738.0 5.302107733833786e-09
2739.0 5.299728446691287e-09
2740.0 5.297349159548786e-09
2741.0 5.294969872406288e-09
2742.0 5.29259058526379e-09
2743.0 5.29021129812129e-09
2744.0 5.2878320109787896e-09
2745.0 5.285452723836289e-09
2746.0 5.283073436693791e-09
2747.0 5.280694149551291e-09
2748.0 5.278314862408792e-09
2749.0 5.275935575266291e-09
2750.0 5.273556288123793e-09
2751.0 5.271177000981294e-09
2752.0 5.2687977138387944e-09
2753.0 5.266418426696294e-09
2754.0 5.264039139553796e-09
2755.0 5.261659852411296e-09
2756.0 5.259280565268796e-09
2757.0 5.256901278126298e-09
2758.0 5.254521990983797e-09
2759.0 5.252142703841297e-09
2760.0 5.2497634166987985e-09
2761.0 5.247384129556299e-09
2762.0 5.245004842413799e-09
2763.0 5.2426255552712986e-09
2764.0 5.2402462681288005e-09
2765.0 5.2378669809863e-09
2766.0 5.235487693843802e-09
2767.0 5.233108406701301e-09
2768.0 5.230729119558801e-09
2769.0 5.228349832416304e-09
2770.0 5.225970545273804e-09
2771.0 5.223591258131304e-09
2772.0 5.2212119709888046e-09
2773.0 5.218832683846306e-09
2774.0 5.216453396703805e-09
2775.0 5.214074109561307e-09
2776.0 5.211694822418804e-09
2777.0 5.209315535276307e-09
2778.0 5.206936248133808e-09
2779.0 5.204556960991308e-09
2780.0 5.202177673848809e-09
2781.0 5.19979838670631e-09
2782.0 5.19741909956381e-09
2783.0 5.1950398124213095e-09
2784.0 5.192660525278811e-09
2785.0 5.1902812381363126e-09
2786.0 5.187901950993811e-09
2787.0 5.1855226638513115e-09
2788.0 5.183143376708814e-09
2789.0 5.180764089566314e-09
2790.0 5.178384802423814e-09
2791.0 5.176005515281314e-09
2792.0 5.173626228138814e-09
2793.0 5.171246940996316e-09
2794.0 5.168867653853817e-09
2795.0 5.166488366711317e-09
2796.0 5.1641090795688175e-09
2797.0 5.161729792426319e-09
2798.0 5.159350505283818e-09
2799.0 5.15697121814132e-09
2800.0 5.15459193099882e-09
2801.0 5.152212643856321e-09
2802.0 5.149833356713819e-09
2803.0 5.147454069571322e-09
2804.0 5.145074782428822e-09
2805.0 5.142695495286323e-09
2806.0 5.140316208143823e-09
2807.0 5.137936921001323e-09
2808.0 5.1355576338588244e-09
2809.0 5.1331783467163256e-09
2810.0 5.130799059573825e-09
2811.0 5.1284197724313245e-09
2812.0 5.1260404852888264e-09
2813.0 5.123661198146327e-09
2814.0 5.121281911003827e-09
2815.0 5.118902623861327e-09
2816.0 5.1165233367188285e-09
2817.0 5.114144049576328e-09
2818.0 5.11176476243383e-09
2819.0 5.109385475291329e-09
2820.0 5.10700618814883e-09
2821.0 5.104626901006331e-09
2822.0 5.102247613863831e-09
2823.0 5.099868326721331e-09
2824.0 5.0974890395788325e-09
2825.0 5.095109752436334e-09
2826.0 5.092730465293832e-09
2827.0 5.090351178151334e-09
2828.0 5.087971891008834e-09
2829.0 5.085592603866334e-09
2830.0 5.083213316723835e-09
2831.0 5.0808340295813354e-09
2832.0 5.078454742438837e-09
2833.0 5.076075455296338e-09
2834.0 5.073696168153839e-09
2835.0 5.071316881011339e-09
2836.0 5.0689375938688394e-09
2837.0 5.0665583067263405e-09
2838.0 5.064179019583839e-09
2839.0 5.061799732441341e-09
2840.0 5.059420445298842e-09
2841.0 5.057041158156342e-09
2842.0 5.054661871013843e-09
2843.0 5.052282583871343e-09
2844.0 5.0499032967288435e-09
2845.0 5.047524009586343e-09
2846.0 5.045144722443845e-09
2847.0 5.042765435301344e-09
2848.0 5.0403861481588455e-09
2849.0 5.038006861016346e-09
2850.0 5.035627573873846e-09
2851.0 5.033248286731347e-09
2852.0 5.0308689995888475e-09
2853.0 5.028489712446348e-09
2854.0 5.026110425303847e-09
2855.0 5.02373113816135e-09
2856.0 5.0213518510188495e-09
2857.0 5.01897256387635e-09
2858.0 5.01659327673385e-09
2859.0 5.014213989591351e-09
2860.0 5.011834702448851e-09
2861.0 5.009455415306352e-09
2862.0 5.007076128163852e-09
2863.0 5.004696841021355e-09
2864.0 5.002317553878854e-09
2865.0 4.999938266736355e-09
2866.0 4.997558979593855e-09
2867.0 4.995179692451357e-09
2868.0 4.9928004053088564e-09
2869.0 4.990421118166356e-09
2870.0 4.988041831023859e-09
2871.0 4.985662543881357e-09
2872.0 4.983283256738859e-09
2873.0 4.980903969596358e-09
2874.0 4.97852468245386e-09
2875.0 4.97614539531136e-09
2876.0 4.973766108168861e-09
2877.0 4.971386821026361e-09
2878.0 4.969007533883863e-09
2879.0 4.966790057347332e-09
2880.0 4.964642067135724e-09
2881.0 4.9624940769241155e-09
2882.0 4.960346086712506e-09
2883.0 4.9581980965008985e-09
2884.0 4.956050106289291e-09
2885.0 4.953902116077682e-09
2886.0 4.951754125866073e-09
2887.0 4.949606135654465e-09
2888.0 4.947458145442857e-09
2889.0 4.9453101552312476e-09
2890.0 4.94316216501964e-09
2891.0 4.941014174808031e-09
2892.0 4.938866184596424e-09
2893.0 4.936718194384815e-09
2894.0 4.934570204173207e-09
2895.0 4.9324222139615974e-09
2896.0 4.9302742237499914e-09
2897.0 4.928126233538384e-09
2898.0 4.925978243326775e-09
2899.0 4.923830253115165e-09
2900.0 4.921682262903558e-09
2901.0 4.919534272691949e-09
2902.0 4.917386282480342e-09
2903.0 4.915238292268733e-09
2904.0 4.9130903020571235e-09
2905.0 4.910942311845516e-09
2906.0 4.908794321633907e-09
2907.0 4.9066463314223e-09
2908.0 4.904498341210691e-09
2909.0 4.902350350999082e-09
2910.0 4.900202360787475e-09
2911.0 4.898054370575865e-09
2912.0 4.895906380364257e-09
2913.0 4.8937583901526495e-09
2914.0 4.891610399941042e-09
2915.0 4.889462409729433e-09
2916.0 4.887314419517824e-09
2917.0 4.885166429306217e-09
2918.0 4.883018439094608e-09
2919.0 4.880870448883e-09
2920.0 4.878722458671391e-09
2921.0 4.876574468459783e-09
2922.0 4.874426478248174e-09
2923.0 4.872278488036569e-09
2924.0 4.8701304978249585e-09
2925.0 4.867982507613351e-09
2926.0 4.8658345174017415e-09
2927.0 4.863686527190134e-09
2928.0 4.861538536978525e-09
2929.0 4.859390546766916e-09
2930.0 4.857242556555309e-09
2931.0 4.855094566343701e-09
2932.0 4.852946576132092e-09
2933.0 4.850798585920484e-09
2934.0 4.848650595708875e-09
2935.0 4.846502605497265e-09
2936.0 4.844354615285658e-09
2937.0 4.8422066250740506e-09
2938.0 4.840058634862441e-09
2939.0 4.837910644650834e-09
2940.0 4.835762654439225e-09
2941.0 4.8336146642276174e-09
2942.0 4.83146667401601e-09
2943.0 4.829318683804401e-09
2944.0 4.827170693592793e-09
2945.0 4.8250227033811835e-09
2946.0 4.822874713169576e-09
2947.0 4.820726722957968e-09
2948.0 4.8185787327463605e-09
2949.0 4.81643074253475e-09
2950.0 4.814282752323142e-09
2951.0 4.812134762111534e-09
2952.0 4.809986771899926e-09
2953.0 4.807838781688318e-09
2954.0 4.8056907914767095e-09
2955.0 4.8035428012651e-09
2956.0 4.801394811053492e-09
2957.0 4.799246820841885e-09
2958.0 4.797098830630276e-09
2959.0 4.794950840418668e-09
2960.0 4.79280285020706e-09
2961.0 4.790654859995452e-09
2962.0 4.788506869783843e-09
2963.0 4.7863588795722355e-09
2964.0 4.784210889360626e-09
2965.0 4.782062899149018e-09
2966.0 4.77991490893741e-09
2967.0 4.7777669187258015e-09
2968.0 4.775618928514192e-09
2969.0 4.773470938302586e-09
2970.0 4.771322948090975e-09
2971.0 4.769174957879368e-09
2972.0 4.767026967667761e-09
2973.0 4.764878977456153e-09
2974.0 4.762730987244544e-09
2975.0 4.760582997032934e-09
2976.0 4.758435006821327e-09
2977.0 4.75628701660972e-09
2978.0 4.7541390263981106e-09
2979.0 4.751991036186502e-09
2980.0 4.749843045974893e-09
2981.0 4.747695055763285e-09
2982.0 4.7455470655516774e-09
2983.0 4.743399075340069e-09
2984.0 4.74125108512846e-09
2985.0 4.739103094916853e-09
2986.0 4.736955104705244e-09
2987.0 4.734807114493635e-09
2988.0 4.732659124282028e-09
2989.0 4.730511134070419e-09
2990.0 4.72836314385881e-09
2991.0 4.726215153647203e-09
2992.0 4.724067163435595e-09
2993.0 4.721919173223985e-09
2994.0 4.719771183012378e-09
2995.0 4.7176231928007695e-09
2996.0 4.715475202589162e-09
2997.0 4.7133272123775525e-09
2998.0 4.711179222165944e-09
2999.0 4.7090312319543355e-09
3000.0 4.706883241742729e-09
3001.0 4.704735251531119e-09
3002.0 4.7025872613195125e-09
3003.0 4.700439271107902e-09
3004.0 4.698291280896295e-09
3005.0 4.696143290684687e-09
3006.0 4.693995300473078e-09
3007.0 4.69184731026147e-09
3008.0 4.6896993200498615e-09
3009.0 4.687551329838254e-09
3010.0 4.685403339626644e-09
3011.0 4.683255349415036e-09
3012.0 4.681107359203429e-09
3013.0 4.67895936899182e-09
3014.0 4.6768113787802106e-09
3015.0 4.6746633885686046e-09
3016.0 4.672515398356995e-09
3017.0 4.6703674081453876e-09
3018.0 4.668219417933779e-09
3019.0 4.666071427722171e-09
3020.0 4.663923437510561e-09
3021.0 4.661775447298954e-09
3022.0 4.659627457087346e-09
3023.0 4.6574794668757374e-09
3024.0 4.655331476664129e-09
3025.0 4.6531834864525204e-09
3026.0 4.651035496240912e-09
3027.0 4.648887506029304e-09
3028.0 4.646739515817695e-09
3029.0 4.6445915256060865e-09
3030.0 4.642443535394478e-09
3031.0 4.640295545182871e-09
3032.0 4.6381475549712635e-09
3033.0 4.635999564759653e-09
3034.0 4.6338515745480465e-09
3035.0 4.631703584336437e-09
3036.0 4.629555594124829e-09
3037.0 4.627407603913221e-09
3038.0 4.6252596137016125e-09
3039.0 4.623111623490003e-09
3040.0 4.620963633278396e-09
3041.0 4.618815643066788e-09
3042.0 4.61666765285518e-09
3043.0 4.614519662643571e-09
3044.0 4.6123716724319615e-09
3045.0 4.610223682220354e-09
3046.0 4.608075692008747e-09
3047.0 4.6059277017971385e-09
3048.0 4.603779711585532e-09
3049.0 4.6016317213739215e-09
3050.0 4.599483731162313e-09
3051.0 4.597335740950705e-09
3052.0 4.595187750739097e-09
3053.0 4.5930397605274876e-09
3054.0 4.59089177031588e-09
3055.0 4.588743780104271e-09
3056.0 4.586595789892663e-09
3057.0 4.584447799681055e-09
3058.0 4.582299809469448e-09
3059.0 4.580151819257838e-09
3060.0 4.578003829046229e-09
3061.0 4.575855838834622e-09
3062.0 4.5737078486230136e-09
3063.0 4.571559858411406e-09
3064.0 4.5694118681997974e-09
3065.0 4.567263877988189e-09
3066.0 4.56511588777658e-09
3067.0 4.562967897564972e-09
3068.0 4.5608199073533634e-09
3069.0 4.558671917141756e-09
3070.0 4.5565239269301465e-09
3071.0 4.554375936718539e-09
3072.0 4.55222794650693e-09
3073.0 4.550079956295323e-09
3074.0 4.547931966083713e-09
3075.0 4.545783975872107e-09
3076.0 4.543635985660497e-09
3077.0 4.5414879954488895e-09
3078.0 4.539340005237282e-09
3079.0 4.537192015025671e-09
3080.0 4.535044024814064e-09
3081.0 4.5328960346024555e-09
3082.0 4.530748044390848e-09
3083.0 4.52860005417924e-09
3084.0 4.526452063967631e-09
3085.0 4.5243040737560215e-09
3086.0 4.522156083544414e-09
3087.0 4.520008093332806e-09
3088.0 4.5178601031211985e-09
3089.0 4.515712112909589e-09
3090.0 4.513564122697982e-09
3091.0 4.511416132486373e-09
3092.0 4.509268142274766e-09
3093.0 4.507120152063156e-09
3094.0 4.504972161851549e-09
3095.0 4.50282417163994e-09
3096.0 4.500676181428331e-09
3097.0 4.498528191216724e-09
3098.0 4.496380201005116e-09
3099.0 4.494232210793506e-09
3100.0 4.492084220581897e-09
