2.0 5.026218285363969e-07
3.0 6.617899515408151e-07
4.0 8.016191240609097e-07
5.0 9.234851567293684e-07
6.0 1.0295113756799857e-06
7.0 1.1208503967691366e-06
8.0 1.1988301865831043e-06
9.0 1.2659251823534805e-06
10.0 1.3222321477116922e-06
11.0 1.369654786153865e-06
12.0 1.4084339163420564e-06
13.0 1.4384778397036189e-06
14.0 1.4619412631921897e-06
15.0 1.4797549179775218e-06
16.0 1.4908562165504126e-06
17.0 1.4953430178684495e-06
18.0 1.4957714349509212e-06
19.0 1.4923966866880836e-06
20.0 1.4856703974585854e-06
21.0 1.473573630686511e-06
22.0 1.4597911102672047e-06
23.0 1.4443851211291096e-06
24.0 1.4262823273808518e-06
25.0 1.4075334502702942e-06
26.0 1.3863694900606023e-06
27.0 1.3650567551164728e-06
28.0 1.3429087703750784e-06
29.0 1.3207396856494794e-06
30.0 1.2983380177898323e-06
31.0 1.2759363499301849e-06
32.0 1.2537415633980803e-06
33.0 1.2315816156850903e-06
34.0 1.209745873988983e-06
35.0 1.1882953314162866e-06
36.0 1.1668447888435906e-06
37.0 1.1463204078499524e-06
38.0 1.1259302990060033e-06
39.0 1.1056758560182855e-06
40.0 1.0867807533106441e-06
41.0 1.0678856506030028e-06
42.0 1.049104145868371e-06
43.0 1.0314203524140425e-06
44.0 1.013736558959714e-06
45.0 9.96052765505386e-07
46.0 9.794138373693447e-07
47.0 9.62936618412659e-07
48.0 9.464593994559739e-07
49.0 9.305815880020649e-07
50.0 9.156430782567661e-07
51.0 9.007045685114677e-07
52.0 8.857660587661691e-07
53.0 8.716220233298325e-07
54.0 8.579145735536365e-07
55.0 8.442071237774408e-07
56.0 8.304996740012446e-07
57.0 8.173965045389444e-07
58.0 8.046752016184219e-07
59.0 7.919538986978995e-07
60.0 7.792325957773772e-07
61.0 7.66872556197256e-07
62.0 7.554913889207682e-07
63.0 7.441102216442806e-07
64.0 7.32729054367793e-07
65.0 7.213478870913051e-07
66.0 7.106405697668255e-07
67.0 7.003979647117032e-07
68.0 6.901553596565809e-07
69.0 6.799127546014582e-07
70.0 6.696701495463356e-07
71.0 6.598854195681598e-07
72.0 6.504695815397267e-07
73.0 6.410537435112937e-07
74.0 6.316379054828606e-07
75.0 6.222220674544274e-07
76.0 6.129454000583094e-07
77.0 6.046191020061713e-07
78.0 5.962928039540333e-07
79.0 5.879665059018952e-07
80.0 5.796402078497572e-07
81.0 5.713139097976192e-07
82.0 5.632645476550088e-07
83.0 5.55914366376569e-07
84.0 5.485641850981293e-07
85.0 5.412140038196896e-07
86.0 5.338638225412498e-07
87.0 5.2651364126281e-07
88.0 5.191634599843703e-07
89.0 5.125215809333746e-07
90.0 5.058871762728996e-07
91.0 4.992527716124246e-07
92.0 4.926183669519495e-07
93.0 4.859839622914746e-07
94.0 4.793495576309996e-07
95.0 4.7288989037682465e-07
96.0 4.6708519993309497e-07
97.0 4.6128050948936535e-07
98.0 4.554758190456356e-07
99.0 4.496711286019059e-07
100.0 4.4386643815817616e-07
101.0 4.3806174771444654e-07
102.0 4.3225705727071676e-07
103.0 4.271971275639558e-07
104.0 4.222113093348742e-07
105.0 4.172254911057926e-07
106.0 4.122396728767109e-07
107.0 4.072538546476293e-07
108.0 4.022680364185477e-07
109.0 3.9728221818946604e-07
110.0 3.923210378549645e-07
111.0 3.878704984841623e-07
112.0 3.8341995911336e-07
113.0 3.7896941974255786e-07
114.0 3.7451888037175557e-07
115.0 3.700683410009533e-07
116.0 3.6561780163015104e-07
117.0 3.611672622593488e-07
118.0 3.5671672288854656e-07
119.0 3.5262051478637464e-07
120.0 3.487841942390806e-07
121.0 3.449478736917864e-07
122.0 3.411115531444923e-07
123.0 3.372752325971983e-07
124.0 3.334389120499042e-07
125.0 3.2960259150261004e-07
126.0 3.25766270955316e-07
127.0 3.2192995040802186e-07
128.0 3.183788609300077e-07
129.0 3.151688676940405e-07
130.0 3.1195887445807323e-07
131.0 3.0874888122210604e-07
132.0 3.055388879861388e-07
133.0 3.023288947501716e-07
134.0 2.9911890151420446e-07
135.0 2.9590890827823726e-07
136.0 2.9269891504227e-07
137.0 2.894889218063028e-07
138.0 2.8652005778460095e-07
139.0 2.8369199280543065e-07
140.0 2.808639278262604e-07
141.0 2.7803586284709017e-07
142.0 2.7520779786791987e-07
143.0 2.7237973288874957e-07
144.0 2.6955166790957933e-07
145.0 2.6672360293040903e-07
146.0 2.638955379512388e-07
147.0 2.610674729720685e-07
148.0 2.582605246972224e-07
149.0 2.5584979861606423e-07
150.0 2.534390725349061e-07
151.0 2.5102834645374795e-07
152.0 2.486176203725898e-07
153.0 2.4620689429143163e-07
154.0 2.437961682102734e-07
155.0 2.413854421291153e-07
156.0 2.3897471604795714e-07
157.0 2.3656398996679897e-07
158.0 2.341532638856408e-07
159.0 2.3174253780448267e-07
160.0 2.2961906296971876e-07
161.0 2.2764697316620635e-07
162.0 2.2567488336269407e-07
163.0 2.2370279355918176e-07
164.0 2.217307037556694e-07
165.0 2.1975861395215707e-07
166.0 2.177865241486447e-07
167.0 2.158144343451324e-07
168.0 2.1384234454162004e-07
169.0 2.1187025473810774e-07
170.0 2.0989816493459535e-07
171.0 2.0792607513108307e-07
172.0 2.0605638276521746e-07
173.0 2.0435277170662124e-07
174.0 2.0264916064802502e-07
175.0 2.0094554958942882e-07
176.0 1.992419385308326e-07
177.0 1.9753832747223635e-07
178.0 1.9583471641364018e-07
179.0 1.9413110535504394e-07
180.0 1.9242749429644777e-07
181.0 1.9072388323785154e-07
182.0 1.8902027217925535e-07
183.0 1.8731666112065913e-07
184.0 1.8561305006206293e-07
185.0 1.8395092901234197e-07
186.0 1.8250253748805977e-07
187.0 1.810541459637776e-07
188.0 1.7960575443949541e-07
189.0 1.7815736291521324e-07
190.0 1.76708971390931e-07
191.0 1.7526057986664886e-07
192.0 1.738121883423667e-07
193.0 1.723637968180845e-07
194.0 1.7091540529380228e-07
195.0 1.6946701376952015e-07
196.0 1.6801862224523795e-07
197.0 1.6657023072095577e-07
198.0 1.651218391966736e-07
199.0 1.636734476723914e-07
200.0 1.6248698230908016e-07
201.0 1.6132158300146949e-07
202.0 1.6015618369385887e-07
203.0 1.5899078438624822e-07
204.0 1.5782538507863755e-07
205.0 1.5665998577102693e-07
206.0 1.5549458646341626e-07
207.0 1.543291871558056e-07
208.0 1.5316378784819497e-07
209.0 1.519983885405843e-07
210.0 1.5083298923297366e-07
211.0 1.49667589925363e-07
212.0 1.4850219061775237e-07
213.0 1.4733679131014172e-07
214.0 1.4617139200253108e-07
215.0 1.4511297438586257e-07
216.0 1.441283010459819e-07
217.0 1.4314362770610125e-07
218.0 1.4215895436622059e-07
219.0 1.4117428102633992e-07
220.0 1.401896076864593e-07
221.0 1.3920493434657863e-07
222.0 1.3822026100669796e-07
223.0 1.372355876668173e-07
224.0 1.3625091432693664e-07
225.0 1.3526624098705603e-07
226.0 1.3428156764717531e-07
227.0 1.3329689430729465e-07
228.0 1.3231222096741402e-07
229.0 1.3132754762753335e-07
230.0 1.3034287428765272e-07
231.0 1.293697289043064e-07
232.0 1.2853421113062566e-07
233.0 1.2769869335694493e-07
234.0 1.2686317558326418e-07
235.0 1.2602765780958345e-07
236.0 1.251921400359027e-07
237.0 1.2435662226222196e-07
238.0 1.2352110448854123e-07
239.0 1.2268558671486047e-07
240.0 1.2185006894117974e-07
241.0 1.2101455116749898e-07
242.0 1.2017903339381825e-07
243.0 1.1934351562013752e-07
244.0 1.1850799784645676e-07
245.0 1.1767248007277602e-07
246.0 1.1683696229909527e-07
247.0 1.1600144452541454e-07
248.0 1.151659267517338e-07
249.0 1.1438092719295453e-07
250.0 1.137192580077731e-07
251.0 1.1305758882259169e-07
252.0 1.1239591963741027e-07
253.0 1.1173425045222883e-07
254.0 1.1107258126704739e-07
255.0 1.1041091208186595e-07
256.0 1.0974924289668451e-07
257.0 1.0908757371150311e-07
258.0 1.0842590452632169e-07
259.0 1.0776423534114025e-07
260.0 1.0710256615595882e-07
261.0 1.0644089697077735e-07
262.0 1.0577922778559595e-07
263.0 1.0511755860041451e-07
264.0 1.0445588941523309e-07
265.0 1.0379422023005165e-07
266.0 1.0313255104487021e-07
267.0 1.0247088185968881e-07
268.0 1.0182385467072288e-07
269.0 1.0127155578476754e-07
270.0 1.0071925689881217e-07
271.0 1.0016695801285683e-07
272.0 9.961465912690146e-08
273.0 9.906236024094609e-08
274.0 9.851006135499075e-08
275.0 9.795776246903541e-08
276.0 9.740546358308003e-08
277.0 9.68531646971247e-08
278.0 9.630086581116934e-08
279.0 9.574856692521399e-08
280.0 9.519626803925863e-08
281.0 9.464396915330325e-08
282.0 9.409167026734792e-08
283.0 9.353937138139256e-08
284.0 9.298707249543721e-08
285.0 9.243477360948185e-08
286.0 9.188247472352649e-08
287.0 9.133017583757114e-08
288.0 9.07778769516158e-08
289.0 9.026978650082788e-08
290.0 8.980561757896081e-08
291.0 8.934144865709373e-08
292.0 8.887727973522666e-08
293.0 8.84131108133596e-08
294.0 8.794894189149252e-08
295.0 8.748477296962541e-08
296.0 8.702060404775835e-08
297.0 8.655643512589129e-08
298.0 8.609226620402423e-08
299.0 8.562809728215714e-08
300.0 8.516392836029008e-08
301.0 8.469975943842299e-08
302.0 8.423559051655593e-08
303.0 8.377142159468884e-08
304.0 8.330725267282178e-08
305.0 8.28430837509547e-08
306.0 8.237891482908763e-08
307.0 8.191474590722056e-08
308.0 8.145057698535348e-08
309.0 8.098640806348641e-08
310.0 8.052223914161932e-08
311.0 8.008552348415626e-08
312.0 7.971933474700374e-08
313.0 7.935314600985125e-08
314.0 7.898695727269877e-08
315.0 7.862076853554627e-08
316.0 7.825457979839379e-08
317.0 7.78883910612413e-08
318.0 7.752220232408878e-08
319.0 7.71560135869363e-08
320.0 7.67898248497838e-08
321.0 7.642363611263132e-08
322.0 7.605744737547884e-08
323.0 7.569125863832631e-08
324.0 7.532506990117383e-08
325.0 7.495888116402135e-08
326.0 7.459269242686884e-08
327.0 7.422650368971637e-08
328.0 7.386031495256386e-08
329.0 7.349412621541136e-08
330.0 7.312793747825888e-08
331.0 7.276174874110638e-08
332.0 7.239556000395388e-08
333.0 7.20293712668014e-08
334.0 7.166318252964889e-08
335.0 7.132008569012935e-08
336.0 7.102041318594342e-08
337.0 7.072074068175747e-08
338.0 7.042106817757152e-08
339.0 7.012139567338561e-08
340.0 6.982172316919965e-08
341.0 6.952205066501372e-08
342.0 6.922237816082776e-08
343.0 6.892270565664183e-08
344.0 6.862303315245588e-08
345.0 6.832336064826993e-08
346.0 6.802368814408402e-08
347.0 6.772401563989805e-08
348.0 6.742434313571212e-08
349.0 6.712467063152619e-08
350.0 6.682499812734023e-08
351.0 6.65253256231543e-08
352.0 6.622565311896834e-08
353.0 6.592598061478241e-08
354.0 6.562630811059648e-08
355.0 6.532663560641054e-08
356.0 6.50269631022246e-08
357.0 6.472729059803865e-08
358.0 6.442761809385271e-08
359.0 6.412794558966678e-08
360.0 6.382827308548084e-08
361.0 6.3555577262846e-08
362.0 6.330317400634334e-08
363.0 6.305077074984064e-08
364.0 6.279836749333797e-08
365.0 6.254596423683528e-08
366.0 6.22935609803326e-08
367.0 6.204115772382991e-08
368.0 6.178875446732721e-08
369.0 6.153635121082453e-08
370.0 6.128394795432185e-08
371.0 6.103154469781917e-08
372.0 6.077914144131649e-08
373.0 6.052673818481379e-08
374.0 6.02743349283111e-08
375.0 6.002193167180843e-08
376.0 5.976952841530574e-08
377.0 5.951712515880304e-08
378.0 5.926472190230036e-08
379.0 5.901231864579768e-08
380.0 5.875991538929499e-08
381.0 5.85075121327923e-08
382.0 5.825510887628962e-08
383.0 5.800270561978693e-08
384.0 5.775030236328424e-08
385.0 5.749789910678155e-08
386.0 5.724549585027888e-08
387.0 5.699309259377619e-08
388.0 5.67406893372735e-08
389.0 5.653230386995604e-08
390.0 5.633432250357861e-08
391.0 5.613634113720115e-08
392.0 5.5938359770823725e-08
393.0 5.5740378404446284e-08
394.0 5.554239703806883e-08
395.0 5.5344415671691396e-08
396.0 5.514643430531395e-08
397.0 5.494845293893653e-08
398.0 5.475047157255907e-08
399.0 5.455249020618164e-08
400.0 5.435450883980419e-08
401.0 5.415652747342675e-08
402.0 5.395854610704931e-08
403.0 5.3760564740671874e-08
404.0 5.3562583374294434e-08
405.0 5.336460200791699e-08
406.0 5.316662064153955e-08
407.0 5.296863927516211e-08
408.0 5.2770657908784676e-08
409.0 5.2572676542407235e-08
410.0 5.237469517602979e-08
411.0 5.217671380965235e-08
412.0 5.1978732443274906e-08
413.0 5.178075107689746e-08
414.0 5.158276971052002e-08
415.0 5.138478834414259e-08
416.0 5.118680697776515e-08
417.0 5.098882561138771e-08
418.0 5.0790844245010267e-08
419.0 5.062832414175138e-08
420.0 5.04693710891006e-08
421.0 5.031041803644983e-08
422.0 5.015146498379907e-08
423.0 4.9992511931148305e-08
424.0 4.983355887849754e-08
425.0 4.9674605825846764e-08
426.0 4.9515652773196e-08
427.0 4.9356699720545236e-08
428.0 4.919774666789447e-08
429.0 4.90387936152437e-08
430.0 4.8879840562592944e-08
431.0 4.8720887509942174e-08
432.0 4.856193445729141e-08
433.0 4.840298140464064e-08
434.0 4.8244028351989876e-08
435.0 4.808507529933911e-08
436.0 4.792612224668834e-08
437.0 4.776716919403758e-08
438.0 4.7608216141386814e-08
439.0 4.7449263088736036e-08
440.0 4.729031003608528e-08
441.0 4.713135698343451e-08
442.0 4.6972403930783745e-08
443.0 4.681345087813298e-08
444.0 4.66544978254822e-08
445.0 4.649554477283145e-08
446.0 4.633659172018068e-08
447.0 4.617763866752991e-08
448.0 4.601868561487915e-08
449.0 4.5859732562228385e-08
450.0 4.5700779509577614e-08
451.0 4.555903687328762e-08
452.0 4.542448423043851e-08
453.0 4.528993158758938e-08
454.0 4.5155378944740254e-08
455.0 4.5020826301891126e-08
456.0 4.4886273659042e-08
457.0 4.475172101619287e-08
458.0 4.4617168373343737e-08
459.0 4.448261573049463e-08
460.0 4.4348063087645495e-08
461.0 4.421351044479636e-08
462.0 4.407895780194723e-08
463.0 4.3944405159098106e-08
464.0 4.380985251624897e-08
465.0 4.367529987339985e-08
466.0 4.354074723055073e-08
467.0 4.34061945877016e-08
468.0 4.3271641944852474e-08
469.0 4.313708930200334e-08
470.0 4.300253665915422e-08
471.0 4.286798401630509e-08
472.0 4.273343137345597e-08
473.0 4.259887873060684e-08
474.0 4.24643260877577e-08
475.0 4.232977344490858e-08
476.0 4.219522080205944e-08
477.0 4.2060668159210326e-08
478.0 4.19261155163612e-08
479.0 4.179156287351207e-08
480.0 4.1657010230662944e-08
481.0 4.1522457587813816e-08
482.0 4.1387904944964695e-08
483.0 4.1253352302115554e-08
484.0 4.111879965926643e-08
485.0 4.098487664057419e-08
486.0 4.087944273110827e-08
487.0 4.077400882164235e-08
488.0 4.0668574912176426e-08
489.0 4.056314100271049e-08
490.0 4.045770709324456e-08
491.0 4.035227318377864e-08
492.0 4.0246839274312707e-08
493.0 4.0141405364846785e-08
494.0 4.003597145538085e-08
495.0 3.9930537545914935e-08
496.0 3.9825103636449e-08
497.0 3.971966972698308e-08
498.0 3.961423581751715e-08
499.0 3.950880190805122e-08
500.0 3.940336799858529e-08
501.0 3.9297934089119365e-08
502.0 3.919250017965344e-08
503.0 3.908706627018752e-08
504.0 3.8981632360721587e-08
505.0 3.8876198451255665e-08
506.0 3.8770764541789737e-08
507.0 3.866533063232381e-08
508.0 3.855989672285788e-08
509.0 3.845446281339195e-08
510.0 3.834902890392603e-08
511.0 3.8243594994460095e-08
512.0 3.813816108499418e-08
513.0 3.8032727175528245e-08
514.0 3.792729326606232e-08
515.0 3.782185935659639e-08
516.0 3.7716425447130467e-08
517.0 3.761099153766454e-08
518.0 3.7505557628198617e-08
519.0 3.740012371873268e-08
520.0 3.7294689809266767e-08
521.0 3.718925589980084e-08
522.0 3.708382199033491e-08
523.0 3.6993046645790135e-08
524.0 3.6909608800948735e-08
525.0 3.682617095610733e-08
526.0 3.674273311126593e-08
527.0 3.665929526642453e-08
528.0 3.657585742158313e-08
529.0 3.6492419576741714e-08
530.0 3.6408981731900314e-08
531.0 3.632554388705891e-08
532.0 3.624210604221751e-08
533.0 3.6158668197376094e-08
534.0 3.6075230352534693e-08
535.0 3.599179250769329e-08
536.0 3.5908354662851886e-08
537.0 3.5824916818010486e-08
538.0 3.574147897316908e-08
539.0 3.565804112832768e-08
540.0 3.557460328348627e-08
541.0 3.5491165438644866e-08
542.0 3.540772759380346e-08
543.0 3.532428974896206e-08
544.0 3.524085190412065e-08
545.0 3.515741405927925e-08
546.0 3.5073976214437845e-08
547.0 3.4990538369596444e-08
548.0 3.4907100524755044e-08
549.0 3.482366267991363e-08
550.0 3.474022483507223e-08
551.0 3.4656786990230824e-08
552.0 3.4573349145389424e-08
553.0 3.4489911300548023e-08
554.0 3.440647345570661e-08
555.0 3.432303561086521e-08
556.0 3.423959776602381e-08
557.0 3.41561599211824e-08
558.0 3.4072722076341e-08
559.0 3.3989284231499596e-08
560.0 3.390584638665819e-08
561.0 3.382240854181678e-08
562.0 3.373897069697538e-08
563.0 3.366108771413097e-08
564.0 3.359045063855349e-08
565.0 3.351981356297602e-08
566.0 3.344917648739855e-08
567.0 3.337853941182108e-08
568.0 3.33079023362436e-08
569.0 3.3237265260666134e-08
570.0 3.316662818508866e-08
571.0 3.309599110951119e-08
572.0 3.302535403393372e-08
573.0 3.295471695835624e-08
574.0 3.288407988277877e-08
575.0 3.2813442807201295e-08
576.0 3.274280573162382e-08
577.0 3.267216865604636e-08
578.0 3.260153158046888e-08
579.0 3.253089450489141e-08
580.0 3.246025742931394e-08
581.0 3.238962035373647e-08
582.0 3.2318983278158993e-08
583.0 3.224834620258152e-08
584.0 3.217770912700405e-08
585.0 3.2107072051426574e-08
586.0 3.2036434975849105e-08
587.0 3.1965797900271636e-08
588.0 3.189516082469416e-08
589.0 3.1824523749116685e-08
590.0 3.175388667353921e-08
591.0 3.168324959796174e-08
592.0 3.1612612522384266e-08
593.0 3.15419754468068e-08
594.0 3.147133837122932e-08
595.0 3.140070129565186e-08
596.0 3.1330064220074384e-08
597.0 3.125942714449691e-08
598.0 3.118879006891944e-08
599.0 3.1118152993341964e-08
600.0 3.104751591776449e-08
601.0 3.097687884218701e-08
602.0 3.0906241766609544e-08
603.0 3.0835604691032075e-08
604.0 3.07649676154546e-08
605.0 3.0694330539877125e-08
606.0 3.0625192538143364e-08
607.0 3.0569167384816416e-08
608.0 3.051314223148946e-08
609.0 3.045711707816251e-08
610.0 3.040109192483556e-08
611.0 3.034506677150861e-08
612.0 3.0289041618181656e-08
613.0 3.023301646485471e-08
614.0 3.017699131152776e-08
615.0 3.012096615820081e-08
616.0 3.0064941004873857e-08
617.0 3.00089158515469e-08
618.0 2.9952890698219954e-08
619.0 2.9896865544893006e-08
620.0 2.9840840391566044e-08
621.0 2.9784815238239093e-08
622.0 2.9728790084912145e-08
623.0 2.9672764931585197e-08
624.0 2.9616739778258245e-08
625.0 2.9560714624931294e-08
626.0 2.950468947160434e-08
627.0 2.9448664318277388e-08
628.0 2.939263916495044e-08
629.0 2.9336614011623485e-08
630.0 2.9280588858296537e-08
631.0 2.922456370496958e-08
632.0 2.9168538551642634e-08
633.0 2.9112513398315683e-08
634.0 2.905648824498873e-08
635.0 2.9000463091661773e-08
636.0 2.8944437938334825e-08
637.0 2.8888412785007884e-08
638.0 2.8832387631680922e-08
639.0 2.8776362478353974e-08
640.0 2.8720337325027016e-08
641.0 2.8664312171700068e-08
642.0 2.860828701837312e-08
643.0 2.855226186504617e-08
644.0 2.8496236711719217e-08
645.0 2.8440211558392262e-08
646.0 2.8384186405065308e-08
647.0 2.832816125173836e-08
648.0 2.8272136098411405e-08
649.0 2.8216110945084454e-08
650.0 2.8160085791757505e-08
651.0 2.8104060638430547e-08
652.0 2.8048035485103606e-08
653.0 2.7997097028357773e-08
654.0 2.7952801491998533e-08
655.0 2.7908505955639286e-08
656.0 2.7864210419280043e-08
657.0 2.78199148829208e-08
658.0 2.777561934656156e-08
659.0 2.7731323810202313e-08
660.0 2.7687028273843066e-08
661.0 2.764273273748382e-08
662.0 2.7598437201124576e-08
663.0 2.755414166476533e-08
664.0 2.7509846128406085e-08
665.0 2.7465550592046835e-08
666.0 2.7421255055687592e-08
667.0 2.7376959519328345e-08
668.0 2.733266398296911e-08
669.0 2.728836844660987e-08
670.0 2.724407291025062e-08
671.0 2.7199777373891378e-08
672.0 2.715548183753213e-08
673.0 2.7111186301172884e-08
674.0 2.7066890764813644e-08
675.0 2.7022595228454394e-08
676.0 2.6978299692095147e-08
677.0 2.6934004155735904e-08
678.0 2.688970861937666e-08
679.0 2.684541308301742e-08
680.0 2.680111754665818e-08
681.0 2.6756822010298933e-08
682.0 2.671252647393969e-08
683.0 2.666823093758044e-08
684.0 2.6623935401221196e-08
685.0 2.6579639864861956e-08
686.0 2.653534432850271e-08
687.0 2.6491048792143466e-08
688.0 2.6446753255784223e-08
689.0 2.6402457719424976e-08
690.0 2.635816218306573e-08
691.0 2.631386664670649e-08
692.0 2.6269571110347242e-08
693.0 2.6225275573988e-08
694.0 2.618098003762876e-08
695.0 2.6136684501269512e-08
696.0 2.609238896491027e-08
697.0 2.6048093428551025e-08
698.0 2.6003797892191778e-08
699.0 2.5959502355832535e-08
700.0 2.5915206819473285e-08
701.0 2.587091128311404e-08
702.0 2.5826615746754794e-08
703.0 2.578350036034829e-08
704.0 2.5746143498240146e-08
705.0 2.5708786636131997e-08
706.0 2.567142977402385e-08
707.0 2.5634072911915694e-08
708.0 2.559671604980755e-08
709.0 2.55593591876994e-08
710.0 2.5522002325591252e-08
711.0 2.5484645463483103e-08
712.0 2.5447288601374952e-08
713.0 2.5409931739266803e-08
714.0 2.5372574877158655e-08
715.0 2.533521801505051e-08
716.0 2.5297861152942355e-08
717.0 2.526050429083421e-08
718.0 2.5223147428726058e-08
719.0 2.5185790566617913e-08
720.0 2.5148433704509758e-08
721.0 2.5111076842401613e-08
722.0 2.5073719980293464e-08
723.0 2.5036363118185316e-08
724.0 2.499900625607716e-08
725.0 2.4961649393969016e-08
726.0 2.4924292531860867e-08
727.0 2.488693566975272e-08
728.0 2.4849578807644567e-08
729.0 2.481222194553642e-08
730.0 2.477486508342827e-08
731.0 2.4737508221320122e-08
732.0 2.4700151359211967e-08
733.0 2.4662794497103822e-08
734.0 2.4625437634995667e-08
735.0 2.4588080772887525e-08
736.0 2.455072391077937e-08
737.0 2.4513367048671228e-08
738.0 2.4476010186563077e-08
739.0 2.443865332445493e-08
740.0 2.4401296462346783e-08
741.0 2.4363939600238628e-08
742.0 2.4326582738130483e-08
743.0 2.4289225876022328e-08
744.0 2.4251869013914186e-08
745.0 2.421451215180603e-08
746.0 2.4177155289697886e-08
747.0 2.4139798427589738e-08
748.0 2.4102441565481586e-08
749.0 2.4065084703373434e-08
750.0 2.402772784126529e-08
751.0 2.3990370979157134e-08
752.0 2.395301411704899e-08
753.0 2.3915657254940837e-08
754.0 2.3878300392832692e-08
755.0 2.3840943530724544e-08
756.0 2.3803586668616392e-08
757.0 2.376647626424895e-08
758.0 2.3736165612474173e-08
759.0 2.3705854960699396e-08
760.0 2.3675544308924625e-08
761.0 2.3645233657149848e-08
762.0 2.3614923005375075e-08
763.0 2.3584612353600297e-08
764.0 2.355430170182552e-08
765.0 2.352399105005075e-08
766.0 2.3493680398275976e-08
767.0 2.34633697465012e-08
768.0 2.3433059094726425e-08
769.0 2.340274844295165e-08
770.0 2.3372437791176874e-08
771.0 2.33421271394021e-08
772.0 2.3311816487627327e-08
773.0 2.3281505835852543e-08
774.0 2.3251195184077776e-08
775.0 2.3220884532303002e-08
776.0 2.3190573880528222e-08
777.0 2.316026322875345e-08
778.0 2.3129952576978678e-08
779.0 2.3099641925203897e-08
780.0 2.3069331273429123e-08
781.0 2.3039020621654346e-08
782.0 2.3008709969879573e-08
783.0 2.29783993181048e-08
784.0 2.2948088666330022e-08
785.0 2.2917778014555248e-08
786.0 2.288746736278047e-08
787.0 2.28571567110057e-08
788.0 2.282684605923092e-08
789.0 2.279653540745615e-08
790.0 2.2766224755681376e-08
791.0 2.2735914103906592e-08
792.0 2.2705603452131825e-08
793.0 2.267529280035705e-08
794.0 2.2644982148582274e-08
795.0 2.26146714968075e-08
796.0 2.258436084503272e-08
797.0 2.2554050193257943e-08
798.0 2.2523739541483176e-08
799.0 2.2493428889708395e-08
800.0 2.246311823793362e-08
801.0 2.2432807586158844e-08
802.0 2.240249693438407e-08
803.0 2.2372186282609297e-08
804.0 2.2341875630834523e-08
805.0 2.2311564979059746e-08
806.0 2.228125432728497e-08
807.0 2.22509436755102e-08
808.0 2.2220633023735418e-08
809.0 2.2190322371960648e-08
810.0 2.2160011720185874e-08
811.0 2.2129701068411097e-08
812.0 2.2099390416636323e-08
813.0 2.206907976486155e-08
814.0 2.2038769113086772e-08
815.0 2.2008458461311998e-08
816.0 2.198271583660038e-08
817.0 2.1958661524792024e-08
818.0 2.193460721298366e-08
819.0 2.1910552901175303e-08
820.0 2.1886498589366942e-08
821.0 2.186244427755858e-08
822.0 2.1838389965750218e-08
823.0 2.1814335653941858e-08
824.0 2.1790281342133497e-08
825.0 2.1766227030325133e-08
826.0 2.1742172718516773e-08
827.0 2.1718118406708406e-08
828.0 2.1694064094900052e-08
829.0 2.1670009783091682e-08
830.0 2.164595547128332e-08
831.0 2.162190115947496e-08
832.0 2.1597846847666607e-08
833.0 2.157379253585824e-08
834.0 2.154973822404988e-08
835.0 2.152568391224152e-08
836.0 2.150162960043316e-08
837.0 2.1477575288624795e-08
838.0 2.1453520976816435e-08
839.0 2.1429466665008074e-08
840.0 2.1405412353199714e-08
841.0 2.138135804139135e-08
842.0 2.135730372958299e-08
843.0 2.133324941777463e-08
844.0 2.1309195105966262e-08
845.0 2.12851407941579e-08
846.0 2.1261086482349544e-08
847.0 2.1237032170541184e-08
848.0 2.1212977858732823e-08
849.0 2.1188923546924453e-08
850.0 2.1164869235116096e-08
851.0 2.1140814923307736e-08
852.0 2.1116760611499375e-08
853.0 2.109270629969101e-08
854.0 2.106865198788265e-08
855.0 2.104459767607429e-08
856.0 2.1020543364265927e-08
857.0 2.0996489052457566e-08
858.0 2.09724347406492e-08
859.0 2.0948380428840845e-08
860.0 2.0924326117032485e-08
861.0 2.0900271805224124e-08
862.0 2.0876217493415754e-08
863.0 2.08521631816074e-08
864.0 2.082810886979904e-08
865.0 2.080405455799068e-08
866.0 2.0780000246182312e-08
867.0 2.075594593437396e-08
868.0 2.073189162256559e-08
869.0 2.070783731075723e-08
870.0 2.068378299894887e-08
871.0 2.0659728687140504e-08
872.0 2.063567437533215e-08
873.0 2.0611620063523783e-08
874.0 2.0587565751715426e-08
875.0 2.056351143990706e-08
876.0 2.05394571280987e-08
877.0 2.0515402816290338e-08
878.0 2.0491348504481977e-08
879.0 2.0470490701803568e-08
880.0 2.0449857272090758e-08
881.0 2.0429223842377934e-08
882.0 2.040859041266511e-08
883.0 2.0387956982952294e-08
884.0 2.0367323553239474e-08
885.0 2.0346690123526653e-08
886.0 2.0326056693813833e-08
887.0 2.0305423264101016e-08
888.0 2.0284789834388196e-08
889.0 2.0264156404675373e-08
890.0 2.0243522974962552e-08
891.0 2.0222889545249732e-08
892.0 2.0202256115536915e-08
893.0 2.0181622685824095e-08
894.0 2.0160989256111275e-08
895.0 2.0140355826398455e-08
896.0 2.011972239668563e-08
897.0 2.0099088966972814e-08
898.0 2.007845553725999e-08
899.0 2.005782210754718e-08
900.0 2.0037188677834354e-08
901.0 2.0016555248121534e-08
902.0 1.9995921818408717e-08
903.0 1.9975288388695896e-08
904.0 1.9954654958983076e-08
905.0 1.9934021529270253e-08
906.0 1.9913388099557436e-08
907.0 1.989275466984462e-08
908.0 1.9872121240131795e-08
909.0 1.9851487810418975e-08
910.0 1.9830854380706155e-08
911.0 1.9810220950993335e-08
912.0 1.9789587521280518e-08
913.0 1.9768954091567698e-08
914.0 1.9748320661854878e-08
915.0 1.972768723214206e-08
916.0 1.9707053802429234e-08
917.0 1.9686420372716417e-08
918.0 1.9665786943003597e-08
919.0 1.9645153513290777e-08
920.0 1.9624520083577956e-08
921.0 1.960388665386514e-08
922.0 1.9583253224152316e-08
923.0 1.95626197944395e-08
924.0 1.9541986364726682e-08
925.0 1.952135293501386e-08
926.0 1.9500719505301032e-08
927.0 1.948008607558822e-08
928.0 1.9459452645875398e-08
929.0 1.9438819216162578e-08
930.0 1.9418185786449758e-08
931.0 1.939755235673694e-08
932.0 1.937691892702412e-08
933.0 1.9356285497311294e-08
934.0 1.933565206759848e-08
935.0 1.9315018637885657e-08
936.0 1.929438520817284e-08
937.0 1.927375177846002e-08
938.0 1.92531183487472e-08
939.0 1.923248491903438e-08
940.0 1.9211851489321556e-08
941.0 1.919121805960874e-08
942.0 1.9170584629895922e-08
943.0 1.9149951200183102e-08
944.0 1.9129317770470278e-08
945.0 1.910868434075746e-08
946.0 1.9089090393160075e-08
947.0 1.9071900444952977e-08
948.0 1.9054710496745878e-08
949.0 1.9037520548538776e-08
950.0 1.9020330600331677e-08
951.0 1.9003140652124578e-08
952.0 1.8985950703917476e-08
953.0 1.8968760755710377e-08
954.0 1.8951570807503278e-08
955.0 1.8934380859296176e-08
956.0 1.891719091108908e-08
957.0 1.890000096288198e-08
958.0 1.8882811014674876e-08
959.0 1.8865621066467777e-08
960.0 1.8848431118260675e-08
961.0 1.8831241170053583e-08
962.0 1.8814051221846477e-08
963.0 1.879686127363938e-08
964.0 1.877967132543228e-08
965.0 1.876248137722518e-08
966.0 1.8745291429018082e-08
967.0 1.872810148081098e-08
968.0 1.8710911532603884e-08
969.0 1.8693721584396782e-08
970.0 1.867653163618968e-08
971.0 1.865934168798258e-08
972.0 1.8642151739775482e-08
973.0 1.8624961791568383e-08
974.0 1.860777184336128e-08
975.0 1.8590581895154186e-08
976.0 1.8573391946947087e-08
977.0 1.8556201998739985e-08
978.0 1.8539012050532886e-08
979.0 1.8521822102325787e-08
980.0 1.8504632154118685e-08
981.0 1.8487442205911586e-08
982.0 1.8470252257704487e-08
983.0 1.8453062309497385e-08
984.0 1.8435872361290286e-08
985.0 1.8418682413083184e-08
986.0 1.8401492464876085e-08
987.0 1.838430251666899e-08
988.0 1.8367112568461884e-08
989.0 1.8349922620254785e-08
990.0 1.8332732672047686e-08
991.0 1.8315542723840588e-08
992.0 1.829835277563349e-08
993.0 1.828116282742639e-08
994.0 1.826397287921929e-08
995.0 1.8246782931012192e-08
996.0 1.822959298280509e-08
997.0 1.821240303459799e-08
998.0 1.819521308639089e-08
999.0 1.817802313818379e-08
1000.0 1.816083318997669e-08
1001.0 1.8143643241769592e-08
1002.0 1.8126453293562494e-08
1003.0 1.8109263345355395e-08
1004.0 1.8092073397148296e-08
1005.0 1.807488344894119e-08
1006.0 1.8057693500734095e-08
1007.0 1.8040503552526996e-08
1008.0 1.802331360431989e-08
1009.0 1.8006123656112792e-08
1010.0 1.7988933707905693e-08
1011.0 1.7971743759698594e-08
1012.0 1.7954553811491495e-08
1013.0 1.7937363863284393e-08
1014.0 1.7920173915077297e-08
1015.0 1.79029839668702e-08
1016.0 1.7885794018663093e-08
1017.0 1.7868604070455994e-08
1018.0 1.78514141222489e-08
1019.0 1.7835710616835483e-08
1020.0 1.7821752296051537e-08
1021.0 1.7807793975267594e-08
1022.0 1.7793835654483648e-08
1023.0 1.777987733369971e-08
1024.0 1.776591901291576e-08
1025.0 1.7751960692131813e-08
1026.0 1.773800237134787e-08
1027.0 1.7724044050563924e-08
1028.0 1.7710085729779985e-08
1029.0 1.769612740899604e-08
1030.0 1.7682169088212096e-08
1031.0 1.766821076742815e-08
1032.0 1.7654252446644203e-08
1033.0 1.7640294125860264e-08
1034.0 1.7626335805076318e-08
1035.0 1.761237748429237e-08
1036.0 1.759841916350843e-08
1037.0 1.7584460842724483e-08
1038.0 1.757050252194054e-08
1039.0 1.7556544201156594e-08
1040.0 1.7542585880372648e-08
1041.0 1.7528627559588705e-08
1042.0 1.7514669238804762e-08
1043.0 1.7500710918020816e-08
1044.0 1.7486752597236873e-08
1045.0 1.7472794276452927e-08
1046.0 1.7458835955668987e-08
1047.0 1.7444877634885038e-08
1048.0 1.7430919314101098e-08
1049.0 1.7416960993317152e-08
1050.0 1.7403002672533206e-08
1051.0 1.7389044351749257e-08
1052.0 1.7375086030965317e-08
1053.0 1.7361127710181374e-08
1054.0 1.7347169389397428e-08
1055.0 1.7333211068613482e-08
1056.0 1.731925274782954e-08
1057.0 1.7305294427045596e-08
1058.0 1.7291336106261653e-08
1059.0 1.7277377785477707e-08
1060.0 1.7263419464693764e-08
1061.0 1.7249461143909815e-08
1062.0 1.7235502823125872e-08
1063.0 1.7221544502341933e-08
1064.0 1.7207586181557986e-08
1065.0 1.719362786077404e-08
1066.0 1.7179669539990098e-08
1067.0 1.716571121920615e-08
1068.0 1.715175289842221e-08
1069.0 1.7137794577638266e-08
1070.0 1.7123836256854323e-08
1071.0 1.7109877936070373e-08
1072.0 1.709591961528643e-08
1073.0 1.708196129450249e-08
1074.0 1.706800297371854e-08
1075.0 1.7054044652934595e-08
1076.0 1.704008633215065e-08
1077.0 1.702612801136671e-08
1078.0 1.7012169690582767e-08
1079.0 1.699821136979882e-08
1080.0 1.6984253049014875e-08
1081.0 1.6970294728230932e-08
1082.0 1.6956336407446986e-08
1083.0 1.6942378086663043e-08
1084.0 1.69284197658791e-08
1085.0 1.6914461445095154e-08
1086.0 1.6900503124311208e-08
1087.0 1.6886544803527268e-08
1088.0 1.687258648274332e-08
1089.0 1.685862816195938e-08
1090.0 1.684466984117543e-08
1091.0 1.6830711520391487e-08
1092.0 1.6816753199607544e-08
1093.0 1.6802794878823598e-08
1094.0 1.6788836558039655e-08
1095.0 1.677487823725571e-08
1096.0 1.6760919916471763e-08
1097.0 1.6746974073371853e-08
1098.0 1.6734689331893936e-08
1099.0 1.6722404590416016e-08
1100.0 1.6710119848938103e-08
1101.0 1.6697835107460187e-08
1102.0 1.6685550365982267e-08
1103.0 1.667326562450435e-08
1104.0 1.666098088302643e-08
1105.0 1.6648696141548514e-08
1106.0 1.6636411400070598e-08
1107.0 1.6624126658592678e-08
1108.0 1.6611841917114765e-08
1109.0 1.659955717563685e-08
1110.0 1.6587272434158932e-08
1111.0 1.6574987692681012e-08
1112.0 1.6562702951203096e-08
1113.0 1.655041820972518e-08
1114.0 1.6538133468247263e-08
1115.0 1.6525848726769346e-08
1116.0 1.6513563985291427e-08
1117.0 1.6501279243813507e-08
1118.0 1.6488994502335594e-08
1119.0 1.6476709760857677e-08
1120.0 1.6464425019379757e-08
1121.0 1.645214027790184e-08
1122.0 1.6439855536423924e-08
1123.0 1.6427570794946005e-08
1124.0 1.6415286053468088e-08
1125.0 1.6403001311990175e-08
1126.0 1.639071657051226e-08
1127.0 1.637843182903434e-08
1128.0 1.6366147087556422e-08
1129.0 1.6353862346078503e-08
1130.0 1.6341577604600586e-08
1131.0 1.632929286312267e-08
1132.0 1.631700812164475e-08
1133.0 1.6304723380166837e-08
1134.0 1.6292438638688917e-08
1135.0 1.6280153897211e-08
1136.0 1.6267869155733084e-08
1137.0 1.6255584414255167e-08
1138.0 1.624329967277725e-08
1139.0 1.6231014931299334e-08
1140.0 1.6218730189821415e-08
1141.0 1.6206445448343495e-08
1142.0 1.619416070686558e-08
1143.0 1.6181875965387665e-08
1144.0 1.616959122390975e-08
1145.0 1.6157306482431832e-08
1146.0 1.6145021740953913e-08
1147.0 1.6132736999475996e-08
1148.0 1.6120452257998083e-08
1149.0 1.610816751652016e-08
1150.0 1.6095882775042247e-08
1151.0 1.6083598033564327e-08
1152.0 1.607131329208641e-08
1153.0 1.6059028550608494e-08
1154.0 1.6046743809130574e-08
1155.0 1.6034459067652658e-08
1156.0 1.602217432617474e-08
1157.0 1.6009889584696825e-08
1158.0 1.5997604843218905e-08
1159.0 1.5985320101740992e-08
1160.0 1.5973035360263075e-08
1161.0 1.5960750618785156e-08
1162.0 1.594846587730724e-08
1163.0 1.5936181135829323e-08
1164.0 1.5923896394351403e-08
1165.0 1.5911611652873486e-08
1166.0 1.589932691139557e-08
1167.0 1.5887042169917653e-08
1168.0 1.5874757428439737e-08
1169.0 1.586247268696182e-08
1170.0 1.58501879454839e-08
1171.0 1.5837903204005984e-08
1172.0 1.5825618462528068e-08
1173.0 1.5813333721050155e-08
1174.0 1.580104897957223e-08
1175.0 1.5788764238094315e-08
1176.0 1.5776479496616395e-08
1177.0 1.5764194755138482e-08
1178.0 1.5751910013660566e-08
1179.0 1.5739625272182646e-08
1180.0 1.5727340530704733e-08
1181.0 1.5715055789226813e-08
1182.0 1.5703637960878552e-08
1183.0 1.5693045812128478e-08
1184.0 1.5682453663378403e-08
1185.0 1.5671861514628332e-08
1186.0 1.5661269365878257e-08
1187.0 1.5650677217128186e-08
1188.0 1.5640085068378115e-08
1189.0 1.562949291962804e-08
1190.0 1.561890077087797e-08
1191.0 1.5608308622127898e-08
1192.0 1.5597716473377826e-08
1193.0 1.5587124324627752e-08
1194.0 1.557653217587768e-08
1195.0 1.556594002712761e-08
1196.0 1.5555347878377535e-08
1197.0 1.5544755729627463e-08
1198.0 1.553416358087739e-08
1199.0 1.5523571432127314e-08
1200.0 1.5512979283377243e-08
1201.0 1.5502387134627168e-08
1202.0 1.54917949858771e-08
1203.0 1.5481202837127022e-08
1204.0 1.5470610688376954e-08
1205.0 1.5460018539626876e-08
1206.0 1.5449426390876812e-08
1207.0 1.5438834242126737e-08
1208.0 1.5428242093376666e-08
1209.0 1.541764994462659e-08
1210.0 1.5407057795876517e-08
1211.0 1.5396465647126445e-08
1212.0 1.538587349837637e-08
1213.0 1.5375281349626303e-08
1214.0 1.5364689200876228e-08
1215.0 1.5354097052126157e-08
1216.0 1.5343504903376082e-08
1217.0 1.5332912754626008e-08
1218.0 1.5322320605875936e-08
1219.0 1.5311728457125865e-08
1220.0 1.530113630837579e-08
1221.0 1.5290544159625723e-08
1222.0 1.5279952010875648e-08
1223.0 1.5269359862125577e-08
1224.0 1.5258767713375502e-08
1225.0 1.524817556462543e-08
1226.0 1.523758341587536e-08
1227.0 1.5226991267125285e-08
1228.0 1.5216399118375214e-08
1229.0 1.5205806969625142e-08
1230.0 1.519521482087507e-08
1231.0 1.5184622672124997e-08
1232.0 1.5174030523374922e-08
1233.0 1.516343837462485e-08
1234.0 1.515284622587478e-08
1235.0 1.5142254077124705e-08
1236.0 1.5131661928374637e-08
1237.0 1.512106977962456e-08
1238.0 1.5110477630874488e-08
1239.0 1.5099885482124416e-08
1240.0 1.5089293333374345e-08
1241.0 1.507870118462427e-08
1242.0 1.50681090358742e-08
1243.0 1.5057516887124125e-08
1244.0 1.5046924738374053e-08
1245.0 1.503633258962398e-08
1246.0 1.5025740440873907e-08
1247.0 1.5015148292123836e-08
1248.0 1.500455614337376e-08
1249.0 1.4993963994623687e-08
1250.0 1.4983371845873616e-08
1251.0 1.4972779697123544e-08
1252.0 1.4962187548373473e-08
1253.0 1.4951595399623402e-08
1254.0 1.4941003250873327e-08
1255.0 1.4930411102123256e-08
1256.0 1.491981895337318e-08
1257.0 1.490922680462311e-08
1258.0 1.4898634655873039e-08
1259.0 1.4888042507122964e-08
1260.0 1.4877450358372893e-08
1261.0 1.4866858209622822e-08
1262.0 1.4856266060872745e-08
1263.0 1.4845673912122676e-08
1264.0 1.4835081763372601e-08
1265.0 1.4824489614622528e-08
1266.0 1.4813897465872455e-08
1267.0 1.4803305317122386e-08
1268.0 1.4792713168372311e-08
1269.0 1.478212101962224e-08
1270.0 1.4771528870872167e-08
1271.0 1.4760936722122095e-08
1272.0 1.4750344573372021e-08
1273.0 1.474057756146948e-08
1274.0 1.4731607458758005e-08
1275.0 1.472263735604653e-08
1276.0 1.4713667253335056e-08
1277.0 1.4704697150623584e-08
1278.0 1.469572704791211e-08
1279.0 1.4686756945200634e-08
1280.0 1.4677786842489162e-08
1281.0 1.4668816739777688e-08
1282.0 1.4659846637066212e-08
1283.0 1.4650876534354742e-08
1284.0 1.4641906431643268e-08
1285.0 1.4632936328931792e-08
1286.0 1.462396622622032e-08
1287.0 1.4614996123508845e-08
1288.0 1.460602602079737e-08
1289.0 1.4597055918085898e-08
1290.0 1.4588085815374424e-08
1291.0 1.4579115712662949e-08
1292.0 1.4570145609951477e-08
1293.0 1.4561175507240003e-08
1294.0 1.4552205404528529e-08
1295.0 1.4543235301817057e-08
1296.0 1.4534265199105583e-08
1297.0 1.4525295096394107e-08
1298.0 1.4516324993682635e-08
1299.0 1.4507354890971161e-08
1300.0 1.449838478825969e-08
1301.0 1.4489414685548213e-08
1302.0 1.448044458283674e-08
1303.0 1.4471474480125269e-08
1304.0 1.4462504377413791e-08
1305.0 1.4453534274702316e-08
1306.0 1.4444564171990844e-08
1307.0 1.4435594069279373e-08
1308.0 1.4426623966567897e-08
1309.0 1.4417653863856424e-08
1310.0 1.440868376114495e-08
1311.0 1.4399713658433476e-08
1312.0 1.4390743555722002e-08
1313.0 1.4381773453010528e-08
1314.0 1.4372803350299052e-08
1315.0 1.436383324758758e-08
1316.0 1.4354863144876105e-08
1317.0 1.434589304216463e-08
1318.0 1.4336922939453158e-08
1319.0 1.4327952836741688e-08
1320.0 1.4318982734030214e-08
1321.0 1.4310012631318738e-08
1322.0 1.4301042528607264e-08
1323.0 1.4292072425895789e-08
1324.0 1.4283102323184317e-08
1325.0 1.4274132220472843e-08
1326.0 1.4265162117761367e-08
1327.0 1.4256192015049895e-08
1328.0 1.4247221912338421e-08
1329.0 1.423825180962695e-08
1330.0 1.4229281706915476e-08
1331.0 1.4220311604204e-08
1332.0 1.4211341501492525e-08
1333.0 1.4202371398781055e-08
1334.0 1.4193401296069579e-08
1335.0 1.4184431193358104e-08
1336.0 1.4175461090646631e-08
1337.0 1.4166490987935157e-08
1338.0 1.4157520885223682e-08
1339.0 1.414855078251221e-08
1340.0 1.4139580679800736e-08
1341.0 1.413061057708926e-08
1342.0 1.4121640474377788e-08
1343.0 1.4112670371666314e-08
1344.0 1.410370026895484e-08
1345.0 1.409473016624337e-08
1346.0 1.4085760063531896e-08
1347.0 1.4076789960820418e-08
1348.0 1.4067819858108946e-08
1349.0 1.4058849755397472e-08
1350.0 1.4049879652685997e-08
1351.0 1.4040909549974524e-08
1352.0 1.403193944726305e-08
1353.0 1.4022969344551575e-08
1354.0 1.4013999241840106e-08
1355.0 1.4005029139128632e-08
1356.0 1.3996059036417153e-08
1357.0 1.3987088933705684e-08
1358.0 1.397811883099421e-08
1359.0 1.3969148728282736e-08
1360.0 1.3960178625571263e-08
1361.0 1.3951208522859785e-08
1362.0 1.3942238420148313e-08
1363.0 1.3933268317436838e-08
1364.0 1.3924298214725365e-08
1365.0 1.3915328112013891e-08
1366.0 1.390635800930242e-08
1367.0 1.3897387906590947e-08
1368.0 1.3888417803879473e-08
1369.0 1.3879447701167999e-08
1370.0 1.3870477598456522e-08
1371.0 1.3861950112705135e-08
1372.0 1.3853872874920015e-08
1373.0 1.3845795637134894e-08
1374.0 1.3837718399349772e-08
1375.0 1.3829641161564653e-08
1376.0 1.3821563923779531e-08
1377.0 1.381348668599441e-08
1378.0 1.380540944820929e-08
1379.0 1.379733221042417e-08
1380.0 1.3789254972639048e-08
1381.0 1.3781177734853927e-08
1382.0 1.3773100497068807e-08
1383.0 1.3765023259283687e-08
1384.0 1.3756946021498564e-08
1385.0 1.3748868783713445e-08
1386.0 1.3740791545928324e-08
1387.0 1.37327143081432e-08
1388.0 1.3724637070358083e-08
1389.0 1.3716559832572961e-08
1390.0 1.3708482594787838e-08
1391.0 1.370040535700272e-08
1392.0 1.3692328119217597e-08
1393.0 1.3684250881432478e-08
1394.0 1.3676173643647357e-08
1395.0 1.3668096405862234e-08
1396.0 1.3660019168077116e-08
1397.0 1.3651941930291994e-08
1398.0 1.3643864692506876e-08
1399.0 1.3635787454721753e-08
1400.0 1.3627710216936632e-08
1401.0 1.3619632979151511e-08
1402.0 1.3611555741366391e-08
1403.0 1.3603478503581268e-08
1404.0 1.3595401265796149e-08
1405.0 1.3587324028011027e-08
1406.0 1.3579246790225906e-08
1407.0 1.3571169552440786e-08
1408.0 1.3563092314655665e-08
1409.0 1.3555015076870544e-08
1410.0 1.3546937839085424e-08
1411.0 1.3538860601300301e-08
1412.0 1.3530783363515182e-08
1413.0 1.352270612573006e-08
1414.0 1.3514628887944939e-08
1415.0 1.350655165015982e-08
1416.0 1.3498474412374698e-08
1417.0 1.3490397174589577e-08
1418.0 1.3482319936804457e-08
1419.0 1.3474242699019336e-08
1420.0 1.3466165461234215e-08
1421.0 1.3458088223449093e-08
1422.0 1.3450010985663972e-08
1423.0 1.3441933747878853e-08
1424.0 1.3433856510093731e-08
1425.0 1.342577927230861e-08
1426.0 1.341770203452349e-08
1427.0 1.3409624796738369e-08
1428.0 1.3401547558953248e-08
1429.0 1.3393470321168128e-08
1430.0 1.3385393083383007e-08
1431.0 1.3377315845597886e-08
1432.0 1.3369238607812764e-08
1433.0 1.3361161370027643e-08
1434.0 1.3353084132242523e-08
1435.0 1.3345006894457402e-08
1436.0 1.3336929656672281e-08
1437.0 1.3328852418887161e-08
1438.0 1.332077518110204e-08
1439.0 1.3312697943316919e-08
1440.0 1.3304620705531797e-08
1441.0 1.3296543467746676e-08
1442.0 1.3288466229961556e-08
1443.0 1.3280388992176432e-08
1444.0 1.3272311754391314e-08
1445.0 1.3264234516606194e-08
1446.0 1.3256157278821073e-08
1447.0 1.3248080041035952e-08
1448.0 1.3240002803250832e-08
1449.0 1.323192556546571e-08
1450.0 1.322384832768059e-08
1451.0 1.3215771089895468e-08
1452.0 1.3207693852110347e-08
1453.0 1.3199616614325227e-08
1454.0 1.3191539376540106e-08
1455.0 1.3183462138754985e-08
1456.0 1.3175384900969865e-08
1457.0 1.316730766318474e-08
1458.0 1.3159230425399621e-08
1459.0 1.3151153187614501e-08
1460.0 1.3143075949829382e-08
1461.0 1.313499871204426e-08
1462.0 1.3126921474259136e-08
1463.0 1.3118844236474018e-08
1464.0 1.3110766998688898e-08
1465.0 1.3102689760903777e-08
1466.0 1.3094612523118656e-08
1467.0 1.3086535285333536e-08
1468.0 1.3078458047548415e-08
1469.0 1.3070380809763293e-08
1470.0 1.3062303571978169e-08
1471.0 1.3054226334193049e-08
1472.0 1.304614909640793e-08
1473.0 1.303807185862281e-08
1474.0 1.3029994620837689e-08
1475.0 1.3021917383052569e-08
1476.0 1.3013840145267444e-08
1477.0 1.300654096657272e-08
1478.0 1.2999297344925079e-08
1479.0 1.2992053723277434e-08
1480.0 1.298481010162979e-08
1481.0 1.2977566479982148e-08
1482.0 1.29703228583345e-08
1483.0 1.296307923668686e-08
1484.0 1.2955835615039215e-08
1485.0 1.2948591993391574e-08
1486.0 1.2941348371743929e-08
1487.0 1.2934104750096284e-08
1488.0 1.2926861128448641e-08
1489.0 1.2919617506800996e-08
1490.0 1.2912373885153356e-08
1491.0 1.290513026350571e-08
1492.0 1.2897886641858065e-08
1493.0 1.2890643020210423e-08
1494.0 1.288339939856278e-08
1495.0 1.2876155776915138e-08
1496.0 1.2868912155267493e-08
1497.0 1.286166853361985e-08
1498.0 1.2854424911972204e-08
1499.0 1.2847181290324562e-08
1500.0 1.2839937668676916e-08
1501.0 1.2832694047029274e-08
1502.0 1.282545042538163e-08
1503.0 1.2818206803733985e-08
1504.0 1.2810963182086343e-08
1505.0 1.2803719560438698e-08
1506.0 1.2796475938791055e-08
1507.0 1.2789232317143413e-08
1508.0 1.278198869549577e-08
1509.0 1.2774745073848124e-08
1510.0 1.2767501452200479e-08
1511.0 1.276025783055284e-08
1512.0 1.2753014208905195e-08
1513.0 1.274577058725755e-08
1514.0 1.2738526965609907e-08
1515.0 1.273128334396226e-08
1516.0 1.2724039722314616e-08
1517.0 1.2716796100666976e-08
1518.0 1.2709552479019332e-08
1519.0 1.2702308857371688e-08
1520.0 1.2695065235724041e-08
1521.0 1.2687821614076397e-08
1522.0 1.2680577992428757e-08
1523.0 1.2673334370781113e-08
1524.0 1.266609074913347e-08
1525.0 1.2658847127485827e-08
1526.0 1.2651603505838179e-08
1527.0 1.2644359884190538e-08
1528.0 1.2637116262542896e-08
1529.0 1.262987264089525e-08
1530.0 1.2622629019247609e-08
1531.0 1.2615385397599965e-08
1532.0 1.2608141775952316e-08
1533.0 1.2600898154304676e-08
1534.0 1.2593654532657032e-08
1535.0 1.258641091100939e-08
1536.0 1.2579167289361746e-08
1537.0 1.2571923667714099e-08
1538.0 1.2564680046066457e-08
1539.0 1.2557436424418813e-08
1540.0 1.2550192802771171e-08
1541.0 1.2542949181123527e-08
1542.0 1.2535705559475883e-08
1543.0 1.2528461937828238e-08
1544.0 1.2521218316180598e-08
1545.0 1.2513974694532952e-08
1546.0 1.2506731072885308e-08
1547.0 1.2499487451237665e-08
1548.0 1.249224382959002e-08
1549.0 1.2485000207942377e-08
1550.0 1.2477756586294733e-08
1551.0 1.247051296464709e-08
1552.0 1.2463269342999446e-08
1553.0 1.24560257213518e-08
1554.0 1.2448782099704158e-08
1555.0 1.2441538478056515e-08
1556.0 1.2434294856408871e-08
1557.0 1.2427051234761229e-08
1558.0 1.2419807613113582e-08
1559.0 1.241256399146594e-08
1560.0 1.2405320369818297e-08
1561.0 1.2398076748170652e-08
1562.0 1.239083312652301e-08
1563.0 1.2383589504875365e-08
1564.0 1.237634588322772e-08
1565.0 1.2369102261580079e-08
1566.0 1.2361858639932433e-08
1567.0 1.2354615018284791e-08
1568.0 1.2347371396637147e-08
1569.0 1.2340127774989502e-08
1570.0 1.2332884153341862e-08
1571.0 1.2325640531694218e-08
1572.0 1.2318396910046572e-08
1573.0 1.2311153288398929e-08
1574.0 1.2303909666751283e-08
1575.0 1.2296666045103643e-08
1576.0 1.2289422423455999e-08
1577.0 1.2282178801808354e-08
1578.0 1.227493518016071e-08
1579.0 1.2267691558513064e-08
1580.0 1.2260447936865424e-08
1581.0 1.2253204315217779e-08
1582.0 1.2245960693570136e-08
1583.0 1.2238717071922491e-08
1584.0 1.2231473450274846e-08
1585.0 1.2224229828627205e-08
1586.0 1.221698620697956e-08
1587.0 1.2209742585331918e-08
1588.0 1.2202498963684276e-08
1589.0 1.2195255342036627e-08
1590.0 1.2188224835644626e-08
1591.0 1.2181868841780308e-08
1592.0 1.2175512847915985e-08
1593.0 1.216915685405166e-08
1594.0 1.2162800860187341e-08
1595.0 1.2156444866323022e-08
1596.0 1.21500888724587e-08
1597.0 1.2143732878594376e-08
1598.0 1.2137376884730058e-08
1599.0 1.2131020890865737e-08
1600.0 1.2124664897001417e-08
1601.0 1.2118308903137091e-08
1602.0 1.2111952909272772e-08
1603.0 1.2105596915408452e-08
1604.0 1.2099240921544133e-08
1605.0 1.2092884927679808e-08
1606.0 1.2086528933815487e-08
1607.0 1.2080172939951168e-08
1608.0 1.2073816946086847e-08
1609.0 1.2067460952222525e-08
1610.0 1.2061104958358204e-08
1611.0 1.2054748964493883e-08
1612.0 1.2048392970629562e-08
1613.0 1.2042036976765244e-08
1614.0 1.203568098290092e-08
1615.0 1.2029324989036597e-08
1616.0 1.2022968995172277e-08
1617.0 1.2016613001307958e-08
1618.0 1.2010257007443633e-08
1619.0 1.2003901013579309e-08
1620.0 1.1997545019714993e-08
1621.0 1.1991189025850668e-08
1622.0 1.198483303198635e-08
1623.0 1.197847703812203e-08
1624.0 1.197212104425771e-08
1625.0 1.1965765050393387e-08
1626.0 1.1959409056529068e-08
1627.0 1.1953053062664745e-08
1628.0 1.1946697068800425e-08
1629.0 1.1940341074936102e-08
1630.0 1.1933985081071781e-08
1631.0 1.192762908720746e-08
1632.0 1.1921273093343139e-08
1633.0 1.1914917099478816e-08
1634.0 1.1908561105614497e-08
1635.0 1.1902205111750176e-08
1636.0 1.1895849117885854e-08
1637.0 1.1889493124021532e-08
1638.0 1.1883137130157212e-08
1639.0 1.1876781136292893e-08
1640.0 1.1870425142428568e-08
1641.0 1.1864069148564245e-08
1642.0 1.1857713154699927e-08
1643.0 1.1851357160835603e-08
1644.0 1.1845001166971284e-08
1645.0 1.1838645173106966e-08
1646.0 1.1832289179242643e-08
1647.0 1.1825933185378318e-08
1648.0 1.1819577191514002e-08
1649.0 1.181322119764968e-08
1650.0 1.180686520378536e-08
1651.0 1.1800509209921037e-08
1652.0 1.1794153216056718e-08
1653.0 1.1787797222192395e-08
1654.0 1.1781441228328074e-08
1655.0 1.1775085234463751e-08
1656.0 1.1768729240599431e-08
1657.0 1.176237324673511e-08
1658.0 1.1756017252870789e-08
1659.0 1.1749661259006466e-08
1660.0 1.1743305265142147e-08
1661.0 1.1736949271277824e-08
1662.0 1.1730593277413503e-08
1663.0 1.1724237283549187e-08
1664.0 1.1717881289684862e-08
1665.0 1.1711525295820538e-08
1666.0 1.170516930195622e-08
1667.0 1.1698813308091899e-08
1668.0 1.1692457314227578e-08
1669.0 1.1686101320363253e-08
1670.0 1.1679745326498935e-08
1671.0 1.1673389332634614e-08
1672.0 1.1667033338770295e-08
1673.0 1.166067734490597e-08
1674.0 1.1654321351041652e-08
1675.0 1.164796535717733e-08
1676.0 1.1641609363313005e-08
1677.0 1.1635253369448687e-08
1678.0 1.1628897375584366e-08
1679.0 1.1622541381720045e-08
1680.0 1.1616185387855724e-08
1681.0 1.1609829393991403e-08
1682.0 1.1603473400127082e-08
1683.0 1.1597117406262759e-08
1684.0 1.1590761412398441e-08
1685.0 1.1584405418534121e-08
1686.0 1.1578049424669797e-08
1687.0 1.1571693430805474e-08
1688.0 1.1565337436941155e-08
1689.0 1.1558981443076832e-08
1690.0 1.155262544921251e-08
1691.0 1.1546269455348193e-08
1692.0 1.153991346148387e-08
1693.0 1.1533557467619546e-08
1694.0 1.1527201473755228e-08
1695.0 1.1520845479890907e-08
1696.0 1.1514489486026587e-08
1697.0 1.1508133492162264e-08
1698.0 1.1501777498297945e-08
1699.0 1.149542150443362e-08
1700.0 1.1489065510569299e-08
1701.0 1.148270951670498e-08
1702.0 1.1476353522840659e-08
1703.0 1.1469997528976337e-08
1704.0 1.1463641535112016e-08
1705.0 1.1457285541247693e-08
1706.0 1.1450929547383376e-08
1707.0 1.1444573553519054e-08
1708.0 1.1438217559654732e-08
1709.0 1.1431861565790409e-08
1710.0 1.142550557192609e-08
1711.0 1.1419149578061767e-08
1712.0 1.1412793584197445e-08
1713.0 1.1406871448336631e-08
1714.0 1.1401064869355799e-08
1715.0 1.1395258290374965e-08
1716.0 1.1389451711394129e-08
1717.0 1.1383645132413296e-08
1718.0 1.1377838553432465e-08
1719.0 1.1372031974451631e-08
1720.0 1.1366225395470797e-08
1721.0 1.1360418816489963e-08
1722.0 1.1354612237509127e-08
1723.0 1.1348805658528296e-08
1724.0 1.1342999079547459e-08
1725.0 1.1337192500566628e-08
1726.0 1.1331385921585794e-08
1727.0 1.132557934260496e-08
1728.0 1.1319772763624129e-08
1729.0 1.1313966184643293e-08
1730.0 1.130815960566246e-08
1731.0 1.1302353026681626e-08
1732.0 1.1296546447700794e-08
1733.0 1.129073986871996e-08
1734.0 1.1284933289739126e-08
1735.0 1.127912671075829e-08
1736.0 1.1273320131777457e-08
1737.0 1.1267513552796622e-08
1738.0 1.1261706973815792e-08
1739.0 1.1255900394834958e-08
1740.0 1.1250093815854124e-08
1741.0 1.1244287236873288e-08
1742.0 1.1238480657892457e-08
1743.0 1.1232674078911623e-08
1744.0 1.1226867499930789e-08
1745.0 1.1221060920949955e-08
1746.0 1.1215254341969124e-08
1747.0 1.1209447762988288e-08
1748.0 1.1203641184007454e-08
1749.0 1.1197834605026622e-08
1750.0 1.119202802604579e-08
1751.0 1.1186221447064955e-08
1752.0 1.1180414868084121e-08
1753.0 1.1174608289103287e-08
1754.0 1.1168801710122451e-08
1755.0 1.116299513114162e-08
1756.0 1.1157188552160783e-08
1757.0 1.1151381973179952e-08
1758.0 1.1145575394199118e-08
1759.0 1.1139768815218284e-08
1760.0 1.1133962236237453e-08
1761.0 1.1128155657256619e-08
1762.0 1.1122349078275784e-08
1763.0 1.111654249929495e-08
1764.0 1.1110735920314118e-08
1765.0 1.1104929341333284e-08
1766.0 1.109912276235245e-08
1767.0 1.1093316183371614e-08
1768.0 1.1087509604390781e-08
1769.0 1.1081703025409945e-08
1770.0 1.1075896446429116e-08
1771.0 1.1070089867448282e-08
1772.0 1.1064283288467448e-08
1773.0 1.1058476709486612e-08
1774.0 1.1052670130505781e-08
1775.0 1.1046863551524945e-08
1776.0 1.1041056972544113e-08
1777.0 1.1035250393563279e-08
1778.0 1.1029443814582445e-08
1779.0 1.1023637235601612e-08
1780.0 1.1017830656620778e-08
1781.0 1.1012024077639946e-08
1782.0 1.100621749865911e-08
1783.0 1.1000410919678279e-08
1784.0 1.0994604340697445e-08
1785.0 1.098879776171661e-08
1786.0 1.0982991182735775e-08
1787.0 1.0977184603754942e-08
1788.0 1.0971378024774106e-08
1789.0 1.0965571445793276e-08
1790.0 1.095976486681244e-08
1791.0 1.095395828783161e-08
1792.0 1.0948151708850773e-08
1793.0 1.0942345129869942e-08
1794.0 1.0936538550889108e-08
1795.0 1.0930731971908274e-08
1796.0 1.092492539292744e-08
1797.0 1.0919118813946609e-08
1798.0 1.0913312234965773e-08
1799.0 1.0907505655984939e-08
1800.0 1.0901699077004105e-08
1801.0 1.0895892498023274e-08
1802.0 1.089008591904244e-08
1803.0 1.0884279340061606e-08
1804.0 1.0878472761080772e-08
1805.0 1.0872666182099936e-08
1806.0 1.0866859603119105e-08
1807.0 1.0861053024138268e-08
1808.0 1.0855246445157437e-08
1809.0 1.0849439866176601e-08
1810.0 1.0843633287195768e-08
1811.0 1.0837826708214936e-08
1812.0 1.0832020129234107e-08
1813.0 1.082621355025327e-08
1814.0 1.0820406971272435e-08
1815.0 1.0814600392291603e-08
1816.0 1.0808793813310769e-08
1817.0 1.0802987234329934e-08
1818.0 1.07971806553491e-08
1819.0 1.0791374076368266e-08
1820.0 1.0785567497387434e-08
1821.0 1.07797609184066e-08
1822.0 1.0773954339425767e-08
1823.0 1.0768147760444933e-08
1824.0 1.0762341181464097e-08
1825.0 1.0756534602483268e-08
1826.0 1.075072802350243e-08
1827.0 1.0744921444521598e-08
1828.0 1.0739114865540764e-08
1829.0 1.0733308286559931e-08
1830.0 1.0727501707579097e-08
1831.0 1.0721695128598263e-08
1832.0 1.0715888549617429e-08
1833.0 1.0710081970636595e-08
1834.0 1.0704275391655764e-08
1835.0 1.069846881267493e-08
1836.0 1.0692662233694096e-08
1837.0 1.068685565471326e-08
1838.0 1.0681049075732429e-08
1839.0 1.0675242496751591e-08
1840.0 1.066943591777076e-08
1841.0 1.0663629338789925e-08
1842.0 1.0657822759809092e-08
1843.0 1.0652016180828258e-08
1844.0 1.0646209601847427e-08
1845.0 1.064084521974071e-08
1846.0 1.0635525872021313e-08
1847.0 1.063020652430192e-08
1848.0 1.0624887176582525e-08
1849.0 1.0619567828863132e-08
1850.0 1.0614248481143736e-08
1851.0 1.0608929133424345e-08
1852.0 1.0603609785704949e-08
1853.0 1.0598290437985555e-08
1854.0 1.059297109026616e-08
1855.0 1.0587651742546768e-08
1856.0 1.0582332394827373e-08
1857.0 1.057701304710798e-08
1858.0 1.0571693699388585e-08
1859.0 1.056637435166919e-08
1860.0 1.0561055003949796e-08
1861.0 1.0555735656230403e-08
1862.0 1.0550416308511007e-08
1863.0 1.0545096960791613e-08
1864.0 1.0539777613072219e-08
1865.0 1.0534458265352826e-08
1866.0 1.0529138917633432e-08
1867.0 1.0523819569914036e-08
1868.0 1.0518500222194643e-08
1869.0 1.0513180874475249e-08
1870.0 1.0507861526755854e-08
1871.0 1.0502542179036457e-08
1872.0 1.0497222831317066e-08
1873.0 1.049190348359767e-08
1874.0 1.0486584135878279e-08
1875.0 1.0481264788158883e-08
1876.0 1.0475945440439488e-08
1877.0 1.0470626092720094e-08
1878.0 1.0465306745000701e-08
1879.0 1.0459987397281307e-08
1880.0 1.0454668049561911e-08
1881.0 1.0449348701842517e-08
1882.0 1.0444029354123124e-08
1883.0 1.043871000640373e-08
1884.0 1.0433390658684334e-08
1885.0 1.0428071310964941e-08
1886.0 1.0422751963245547e-08
1887.0 1.0417432615526152e-08
1888.0 1.0412113267806756e-08
1889.0 1.040679392008736e-08
1890.0 1.040147457236797e-08
1891.0 1.0396155224648573e-08
1892.0 1.0390835876929182e-08
1893.0 1.0385516529209786e-08
1894.0 1.0380197181490392e-08
1895.0 1.0374877833770998e-08
1896.0 1.0369558486051605e-08
1897.0 1.036423913833221e-08
1898.0 1.0358919790612815e-08
1899.0 1.035360044289342e-08
1900.0 1.0348281095174026e-08
1901.0 1.0342961747454633e-08
1902.0 1.0337642399735238e-08
1903.0 1.0332323052015843e-08
1904.0 1.032700370429645e-08
1905.0 1.0321684356577056e-08
1906.0 1.0316365008857662e-08
1907.0 1.0311045661138266e-08
1908.0 1.0305726313418873e-08
1909.0 1.030040696569948e-08
1910.0 1.0295087617980085e-08
1911.0 1.028976827026069e-08
1912.0 1.0284448922541298e-08
1913.0 1.0279129574821902e-08
1914.0 1.0273810227102507e-08
1915.0 1.0268490879383113e-08
1916.0 1.026317153166372e-08
1917.0 1.0257852183944326e-08
1918.0 1.0252532836224932e-08
1919.0 1.0247213488505537e-08
1920.0 1.0241894140786145e-08
1921.0 1.0236574793066749e-08
1922.0 1.0231255445347354e-08
1923.0 1.0225936097627958e-08
1924.0 1.0220616749908564e-08
1925.0 1.0215297402189173e-08
1926.0 1.0209978054469777e-08
1927.0 1.0204658706750383e-08
1928.0 1.019933935903099e-08
1929.0 1.0194020011311596e-08
1930.0 1.01887006635922e-08
1931.0 1.0183381315872805e-08
1932.0 1.0178061968153413e-08
1933.0 1.0172742620434018e-08
1934.0 1.0167423272714624e-08
1935.0 1.0162103924995228e-08
1936.0 1.0156784577275834e-08
1937.0 1.0151465229556441e-08
1938.0 1.0146145881837045e-08
1939.0 1.0140826534117654e-08
1940.0 1.0135507186398258e-08
1941.0 1.0130187838678864e-08
1942.0 1.012486849095947e-08
1943.0 1.0119549143240075e-08
1944.0 1.011422979552068e-08
1945.0 1.0108910447801288e-08
1946.0 1.0103591100081892e-08
1947.0 1.0098271752362498e-08
1948.0 1.0092952404643105e-08
1949.0 1.0087633056923709e-08
1950.0 1.0082313709204316e-08
1951.0 1.007699436148492e-08
1952.0 1.0071675013765528e-08
1953.0 1.0066355666046132e-08
1954.0 1.006103631832674e-08
1955.0 1.0055716970607345e-08
1956.0 1.0050397622887952e-08
1957.0 1.0045078275168556e-08
1958.0 1.0039758927449162e-08
1959.0 1.0034439579729767e-08
1960.0 1.0029120232010375e-08
1961.0 1.0023800884290979e-08
1962.0 1.0018481536571584e-08
1963.0 1.0013162188852192e-08
1964.0 1.0007842841132796e-08
1965.0 1.0002523493413403e-08
1966.0 9.997204145694009e-09
1967.0 9.991884797974613e-09
1968.0 9.986565450255222e-09
1969.0 9.981246102535827e-09
1970.0 9.975926754816431e-09
1971.0 9.970607407097037e-09
1972.0 9.965288059377641e-09
1973.0 9.959968711658248e-09
1974.0 9.954649363938854e-09
1975.0 9.949330016219461e-09
1976.0 9.944010668500067e-09
1977.0 9.938691320780673e-09
1978.0 9.933371973061278e-09
1979.0 9.928052625341882e-09
1980.0 9.922733277622491e-09
1981.0 9.917413929903095e-09
1982.0 9.912094582183701e-09
1983.0 9.906775234464305e-09
1984.0 9.901455886744912e-09
1985.0 9.896136539025518e-09
1986.0 9.890817191306124e-09
1987.0 9.88600990474705e-09
1988.0 9.88128095237142e-09
1989.0 9.87655199999579e-09
1990.0 9.871823047620161e-09
1991.0 9.86709409524453e-09
1992.0 9.862365142868901e-09
1993.0 9.85763619049327e-09
1994.0 9.85290723811764e-09
1995.0 9.848178285742012e-09
1996.0 9.843449333366383e-09
1997.0 9.838720380990752e-09
1998.0 9.833991428615122e-09
1999.0 9.829262476239493e-09
2000.0 9.824533523863863e-09
2001.0 9.819804571488231e-09
2002.0 9.8150756191126e-09
2003.0 9.810346666736973e-09
2004.0 9.805617714361342e-09
2005.0 9.800888761985713e-09
2006.0 9.796159809610082e-09
2007.0 9.791430857234451e-09
2008.0 9.786701904858822e-09
2009.0 9.781972952483193e-09
2010.0 9.777244000107564e-09
2011.0 9.772515047731931e-09
2012.0 9.767786095356302e-09
2013.0 9.763057142980673e-09
2014.0 9.758328190605044e-09
2015.0 9.753599238229413e-09
2016.0 9.748870285853784e-09
2017.0 9.744141333478153e-09
2018.0 9.739412381102524e-09
2019.0 9.734683428726895e-09
2020.0 9.729954476351262e-09
2021.0 9.725225523975635e-09
2022.0 9.720496571600004e-09
2023.0 9.715767619224375e-09
2024.0 9.711038666848744e-09
2025.0 9.706309714473117e-09
2026.0 9.701580762097484e-09
2027.0 9.696851809721854e-09
2028.0 9.692122857346224e-09
2029.0 9.687393904970595e-09
2030.0 9.682664952594964e-09
2031.0 9.677936000219335e-09
2032.0 9.673207047843705e-09
2033.0 9.668478095468075e-09
2034.0 9.663749143092445e-09
2035.0 9.659020190716816e-09
2036.0 9.654291238341186e-09
2037.0 9.649562285965557e-09
2038.0 9.644833333589926e-09
2039.0 9.640104381214296e-09
2040.0 9.635375428838667e-09
2041.0 9.630646476463037e-09
2042.0 9.625917524087407e-09
2043.0 9.621188571711777e-09
2044.0 9.616459619336147e-09
2045.0 9.611730666960518e-09
2046.0 9.607001714584888e-09
2047.0 9.602272762209258e-09
2048.0 9.597543809833628e-09
2049.0 9.592814857458e-09
2050.0 9.588085905082369e-09
2051.0 9.58335695270674e-09
2052.0 9.57862800033111e-09
2053.0 9.57389904795548e-09
2054.0 9.569170095579849e-09
2055.0 9.564441143204218e-09
2056.0 9.559712190828589e-09
2057.0 9.554983238452958e-09
2058.0 9.55025428607733e-09
2059.0 9.545525333701698e-09
2060.0 9.540796381326069e-09
2061.0 9.536067428950438e-09
2062.0 9.531338476574809e-09
2063.0 9.526609524199178e-09
2064.0 9.521880571823549e-09
2065.0 9.51715161944792e-09
2066.0 9.51242266707229e-09
2067.0 9.507693714696658e-09
2068.0 9.50296476232103e-09
2069.0 9.4982358099454e-09
2070.0 9.493506857569771e-09
2071.0 9.488777905194139e-09
2072.0 9.484048952818511e-09
2073.0 9.47932000044288e-09
2074.0 9.474591048067251e-09
2075.0 9.46986209569162e-09
2076.0 9.465133143315991e-09
2077.0 9.460404190940362e-09
2078.0 9.45567523856473e-09
2079.0 9.450946286189102e-09
2080.0 9.446217333813471e-09
2081.0 9.44148838143784e-09
2082.0 9.436759429062211e-09
2083.0 9.43203047668658e-09
2084.0 9.427301524310951e-09
2085.0 9.42257257193532e-09
2086.0 9.417843619559692e-09
2087.0 9.413114667184062e-09
2088.0 9.408385714808432e-09
2089.0 9.403656762432803e-09
2090.0 9.398927810057175e-09
2091.0 9.394198857681543e-09
2092.0 9.389469905305913e-09
2093.0 9.384740952930283e-09
2094.0 9.380012000554654e-09
2095.0 9.375283048179023e-09
2096.0 9.370554095803394e-09
2097.0 9.365825143427764e-09
2098.0 9.361096191052134e-09
2099.0 9.356367238676505e-09
2100.0 9.351638286300874e-09
2101.0 9.346909333925245e-09
2102.0 9.342180381549615e-09
2103.0 9.337451429173986e-09
2104.0 9.332722476798356e-09
2105.0 9.327993524422725e-09
2106.0 9.323264572047094e-09
2107.0 9.318535619671465e-09
2108.0 9.313806667295834e-09
2109.0 9.309077714920207e-09
2110.0 9.304348762544574e-09
2111.0 9.299619810168947e-09
2112.0 9.294890857793316e-09
2113.0 9.290161905417685e-09
2114.0 9.285432953042054e-09
2115.0 9.280704000666425e-09
2116.0 9.275975048290796e-09
2117.0 9.271246095915165e-09
2118.0 9.266517143539536e-09
2119.0 9.261788191163905e-09
2120.0 9.257059238788275e-09
2121.0 9.252330286412647e-09
2122.0 9.247601334037016e-09
2123.0 9.242872381661387e-09
2124.0 9.238143429285756e-09
2125.0 9.233414476910127e-09
2126.0 9.228685524534496e-09
2127.0 9.223956572158866e-09
2128.0 9.219227619783238e-09
2129.0 9.214498667407606e-09
2130.0 9.209769715031978e-09
2131.0 9.205040762656347e-09
2132.0 9.200311810280718e-09
2133.0 9.195582857905087e-09
2134.0 9.190853905529457e-09
2135.0 9.186124953153826e-09
2136.0 9.181396000778197e-09
2137.0 9.17666704840257e-09
2138.0 9.171938096026938e-09
2139.0 9.167209143651308e-09
2140.0 9.1628368630637e-09
2141.0 9.158510251572705e-09
2142.0 9.154183640081714e-09
2143.0 9.14985702859072e-09
2144.0 9.145530417099728e-09
2145.0 9.141203805608736e-09
2146.0 9.136877194117743e-09
2147.0 9.132550582626751e-09
2148.0 9.128223971135759e-09
2149.0 9.123897359644766e-09
2150.0 9.119570748153772e-09
2151.0 9.115244136662778e-09
2152.0 9.110917525171786e-09
2153.0 9.106590913680793e-09
2154.0 9.1022643021898e-09
2155.0 9.097937690698809e-09
2156.0 9.093611079207816e-09
2157.0 9.089284467716822e-09
2158.0 9.084957856225832e-09
2159.0 9.08063124473484e-09
2160.0 9.076304633243844e-09
2161.0 9.071978021752851e-09
2162.0 9.067651410261859e-09
2163.0 9.063324798770867e-09
2164.0 9.058998187279873e-09
2165.0 9.054671575788882e-09
2166.0 9.050344964297886e-09
2167.0 9.046018352806894e-09
2168.0 9.041691741315905e-09
2169.0 9.03736512982491e-09
2170.0 9.033038518333917e-09
2171.0 9.028711906842925e-09
2172.0 9.024385295351932e-09
2173.0 9.020058683860937e-09
2174.0 9.015732072369946e-09
2175.0 9.011405460878955e-09
2176.0 9.00707884938796e-09
2177.0 9.002752237896967e-09
2178.0 8.998425626405975e-09
2179.0 8.994099014914982e-09
2180.0 8.989772403423987e-09
2181.0 8.985445791932996e-09
2182.0 8.981119180442002e-09
2183.0 8.97679256895101e-09
2184.0 8.972465957460019e-09
2185.0 8.968139345969025e-09
2186.0 8.963812734478031e-09
2187.0 8.95948612298704e-09
2188.0 8.955159511496046e-09
2189.0 8.950832900005054e-09
2190.0 8.94650628851406e-09
2191.0 8.94217967702307e-09
2192.0 8.937853065532075e-09
2193.0 8.933526454041081e-09
2194.0 8.92919984255009e-09
2195.0 8.924873231059097e-09
2196.0 8.920546619568103e-09
2197.0 8.916220008077114e-09
2198.0 8.91189339658612e-09
2199.0 8.907566785095125e-09
2200.0 8.903240173604133e-09
2201.0 8.898913562113139e-09
2202.0 8.894586950622147e-09
2203.0 8.890260339131154e-09
2204.0 8.88593372764016e-09
2205.0 8.88160711614917e-09
2206.0 8.877280504658176e-09
2207.0 8.872953893167183e-09
2208.0 8.868627281676193e-09
2209.0 8.864300670185199e-09
2210.0 8.859974058694205e-09
2211.0 8.855647447203212e-09
2212.0 8.85132083571222e-09
2213.0 8.846994224221226e-09
2214.0 8.842667612730234e-09
2215.0 8.83834100123924e-09
2216.0 8.834014389748249e-09
2217.0 8.829687778257257e-09
2218.0 8.825361166766263e-09
2219.0 8.821034555275272e-09
2220.0 8.816707943784278e-09
2221.0 8.812381332293284e-09
2222.0 8.80805472080229e-09
2223.0 8.803728109311298e-09
2224.0 8.799401497820305e-09
2225.0 8.795074886329313e-09
2226.0 8.79074827483832e-09
2227.0 8.786421663347328e-09
2228.0 8.782095051856336e-09
2229.0 8.777768440365343e-09
2230.0 8.773441828874348e-09
2231.0 8.769115217383357e-09
2232.0 8.764788605892363e-09
2233.0 8.76046199440137e-09
2234.0 8.756135382910378e-09
2235.0 8.751808771419386e-09
2236.0 8.747482159928394e-09
2237.0 8.743155548437401e-09
2238.0 8.738828936946407e-09
2239.0 8.734502325455413e-09
2240.0 8.730175713964421e-09
2241.0 8.725849102473429e-09
2242.0 8.721522490982436e-09
2243.0 8.717195879491444e-09
2244.0 8.712869268000448e-09
2245.0 8.708542656509458e-09
2246.0 8.704216045018464e-09
2247.0 8.699889433527471e-09
2248.0 8.695562822036479e-09
2249.0 8.691236210545486e-09
2250.0 8.686909599054494e-09
2251.0 8.682582987563502e-09
2252.0 8.678256376072508e-09
2253.0 8.673929764581515e-09
2254.0 8.669603153090521e-09
2255.0 8.66527654159953e-09
2256.0 8.660949930108537e-09
2257.0 8.656623318617543e-09
2258.0 8.652296707126552e-09
2259.0 8.647970095635558e-09
2260.0 8.643643484144566e-09
2261.0 8.639316872653572e-09
2262.0 8.634990261162581e-09
2263.0 8.630663649671587e-09
2264.0 8.626337038180593e-09
2265.0 8.622010426689602e-09
2266.0 8.617683815198608e-09
2267.0 8.613357203707616e-09
2268.0 8.609030592216622e-09
2269.0 8.604703980725631e-09
2270.0 8.600377369234637e-09
2271.0 8.596050757743645e-09
2272.0 8.591724146252652e-09
2273.0 8.587397534761658e-09
2274.0 8.583070923270666e-09
2275.0 8.578744311779675e-09
2276.0 8.574417700288678e-09
2277.0 8.570091088797689e-09
2278.0 8.565764477306695e-09
2279.0 8.561437865815701e-09
2280.0 8.55711125432471e-09
2281.0 8.552784642833716e-09
2282.0 8.548458031342722e-09
2283.0 8.544131419851732e-09
2284.0 8.539804808360738e-09
2285.0 8.535478196869745e-09
2286.0 8.531151585378753e-09
2287.0 8.52682497388776e-09
2288.0 8.522498362396767e-09
2289.0 8.518171750905773e-09
2290.0 8.513845139414782e-09
2291.0 8.509518527923788e-09
2292.0 8.505191916432796e-09
2293.0 8.500865304941803e-09
2294.0 8.496538693450811e-09
2295.0 8.492212081959817e-09
2296.0 8.487885470468826e-09
2297.0 8.483558858977832e-09
2298.0 8.479232247486836e-09
2299.0 8.474905635995847e-09
2300.0 8.470579024504853e-09
2301.0 8.46625241301386e-09
2302.0 8.461925801522869e-09
2303.0 8.457599190031875e-09
2304.0 8.453318307869524e-09
2305.0 8.449365314232735e-09
2306.0 8.445412320595943e-09
2307.0 8.441459326959155e-09
2308.0 8.437506333322364e-09
2309.0 8.433553339685574e-09
2310.0 8.429600346048784e-09
2311.0 8.425647352411994e-09
2312.0 8.421694358775205e-09
2313.0 8.417741365138417e-09
2314.0 8.413788371501627e-09
2315.0 8.409835377864835e-09
2316.0 8.405882384228046e-09
2317.0 8.401929390591258e-09
2318.0 8.397976396954466e-09
2319.0 8.394023403317676e-09
2320.0 8.390070409680887e-09
2321.0 8.386117416044099e-09
2322.0 8.382164422407308e-09
2323.0 8.378211428770518e-09
2324.0 8.374258435133728e-09
2325.0 8.370305441496938e-09
2326.0 8.366352447860146e-09
2327.0 8.362399454223359e-09
2328.0 8.358446460586569e-09
2329.0 8.354493466949779e-09
2330.0 8.350540473312988e-09
2331.0 8.3465874796762e-09
2332.0 8.34263448603941e-09
2333.0 8.338681492402623e-09
2334.0 8.334728498765831e-09
2335.0 8.330775505129042e-09
2336.0 8.326822511492252e-09
2337.0 8.322869517855462e-09
2338.0 8.318916524218672e-09
2339.0 8.314963530581882e-09
2340.0 8.311010536945091e-09
2341.0 8.307057543308303e-09
2342.0 8.303104549671511e-09
2343.0 8.299151556034723e-09
2344.0 8.295198562397934e-09
2345.0 8.291245568761142e-09
2346.0 8.287292575124355e-09
2347.0 8.283339581487563e-09
2348.0 8.279386587850775e-09
2349.0 8.275433594213985e-09
2350.0 8.271480600577194e-09
2351.0 8.267527606940404e-09
2352.0 8.263574613303616e-09
2353.0 8.259621619666827e-09
2354.0 8.255668626030035e-09
2355.0 8.251715632393245e-09
2356.0 8.247762638756455e-09
2357.0 8.243809645119666e-09
2358.0 8.239856651482876e-09
2359.0 8.235903657846086e-09
2360.0 8.231950664209297e-09
2361.0 8.227997670572507e-09
2362.0 8.224044676935715e-09
2363.0 8.220091683298927e-09
2364.0 8.216138689662138e-09
2365.0 8.212185696025348e-09
2366.0 8.208232702388558e-09
2367.0 8.20427970875177e-09
2368.0 8.20032671511498e-09
2369.0 8.196373721478189e-09
2370.0 8.192420727841399e-09
2371.0 8.18846773420461e-09
2372.0 8.18451474056782e-09
2373.0 8.18056174693103e-09
2374.0 8.17660875329424e-09
2375.0 8.17265575965745e-09
2376.0 8.168702766020663e-09
2377.0 8.164749772383872e-09
2378.0 8.16079677874708e-09
2379.0 8.156843785110292e-09
2380.0 8.152890791473502e-09
2381.0 8.148937797836712e-09
2382.0 8.144984804199923e-09
2383.0 8.141031810563131e-09
2384.0 8.137078816926343e-09
2385.0 8.133125823289554e-09
2386.0 8.129172829652764e-09
2387.0 8.125219836015975e-09
2388.0 8.121266842379185e-09
2389.0 8.117313848742395e-09
2390.0 8.113360855105605e-09
2391.0 8.109407861468815e-09
2392.0 8.105454867832024e-09
2393.0 8.101501874195236e-09
2394.0 8.097548880558446e-09
2395.0 8.093595886921656e-09
2396.0 8.089642893284867e-09
2397.0 8.085689899648075e-09
2398.0 8.081736906011285e-09
2399.0 8.077783912374496e-09
2400.0 8.073830918737708e-09
2401.0 8.069877925100918e-09
2402.0 8.065924931464128e-09
2403.0 8.061971937827337e-09
2404.0 8.058018944190549e-09
2405.0 8.054065950553759e-09
2406.0 8.050112956916968e-09
2407.0 8.04615996328018e-09
2408.0 8.04220696964339e-09
2409.0 8.0382539760066e-09
2410.0 8.03430098236981e-09
2411.0 8.030347988733019e-09
2412.0 8.02639499509623e-09
2413.0 8.02244200145944e-09
2414.0 8.018489007822648e-09
2415.0 8.01453601418586e-09
2416.0 8.010583020549071e-09
2417.0 8.00663002691228e-09
2418.0 8.002677033275493e-09
2419.0 7.9987240396387e-09
2420.0 7.994771046001912e-09
2421.0 7.990818052365122e-09
2422.0 7.986865058728332e-09
2423.0 7.982912065091543e-09
2424.0 7.978959071454753e-09
2425.0 7.975006077817965e-09
2426.0 7.971053084181173e-09
2427.0 7.967100090544383e-09
2428.0 7.963147096907592e-09
2429.0 7.959194103270805e-09
2430.0 7.955241109634015e-09
2431.0 7.951288115997225e-09
2432.0 7.947335122360435e-09
2433.0 7.943382128723645e-09
2434.0 7.939429135086856e-09
2435.0 7.935476141450064e-09
2436.0 7.931523147813276e-09
2437.0 7.927570154176486e-09
2438.0 7.923617160539695e-09
2439.0 7.919664166902907e-09
2440.0 7.915711173266118e-09
2441.0 7.911758179629328e-09
2442.0 7.90780518599254e-09
2443.0 7.903852192355748e-09
2444.0 7.899899198718958e-09
2445.0 7.895946205082169e-09
2446.0 7.891993211445377e-09
2447.0 7.888040217808589e-09
2448.0 7.8840872241718e-09
2449.0 7.88013423053501e-09
2450.0 7.876181236898218e-09
2451.0 7.87222824326143e-09
2452.0 7.86827524962464e-09
2453.0 7.864322255987849e-09
2454.0 7.86036926235106e-09
2455.0 7.85641626871427e-09
2456.0 7.852463275077482e-09
2457.0 7.848510281440692e-09
2458.0 7.844557287803901e-09
2459.0 7.840604294167113e-09
2460.0 7.836651300530323e-09
2461.0 7.832698306893532e-09
2462.0 7.828745313256742e-09
2463.0 7.824792319619952e-09
2464.0 7.820839325983164e-09
2465.0 7.816886332346373e-09
2466.0 7.812933338709583e-09
2467.0 7.808980345072793e-09
2468.0 7.805027351436004e-09
2469.0 7.801074357799213e-09
2470.0 7.797121364162426e-09
2471.0 7.793168370525635e-09
2472.0 7.789215376888845e-09
2473.0 7.785262383252055e-09
2474.0 7.781309389615265e-09
2475.0 7.777356395978475e-09
2476.0 7.773403402341686e-09
2477.0 7.769450408704894e-09
2478.0 7.765497415068109e-09
2479.0 7.761544421431317e-09
2480.0 7.757591427794527e-09
2481.0 7.753638434157739e-09
2482.0 7.74999789783217e-09
2483.0 7.746513052411297e-09
2484.0 7.743028206990422e-09
2485.0 7.739543361569546e-09
2486.0 7.736058516148673e-09
2487.0 7.732573670727797e-09
2488.0 7.729088825306924e-09
2489.0 7.725603979886052e-09
2490.0 7.722119134465175e-09
2491.0 7.7186342890443e-09
2492.0 7.715149443623426e-09
2493.0 7.711664598202552e-09
2494.0 7.708179752781677e-09
2495.0 7.704694907360803e-09
2496.0 7.701210061939928e-09
2497.0 7.697725216519054e-09
2498.0 7.69424037109818e-09
2499.0 7.690755525677305e-09
2500.0 7.687270680256431e-09
2501.0 7.683785834835556e-09
2502.0 7.680300989414682e-09
2503.0 7.676816143993808e-09
2504.0 7.673331298572935e-09
2505.0 7.66984645315206e-09
2506.0 7.666361607731186e-09
2507.0 7.66287676231031e-09
2508.0 7.659391916889435e-09
2509.0 7.655907071468563e-09
2510.0 7.652422226047688e-09
2511.0 7.648937380626812e-09
2512.0 7.645452535205939e-09
2513.0 7.641967689785063e-09
2514.0 7.638482844364188e-09
2515.0 7.634997998943313e-09
2516.0 7.63151315352244e-09
2517.0 7.628028308101567e-09
2518.0 7.624543462680692e-09
2519.0 7.621058617259818e-09
2520.0 7.617573771838943e-09
2521.0 7.614088926418067e-09
2522.0 7.610604080997195e-09
2523.0 7.60711923557632e-09
2524.0 7.603634390155445e-09
2525.0 7.60014954473457e-09
2526.0 7.596664699313697e-09
2527.0 7.593179853892822e-09
2528.0 7.589695008471948e-09
2529.0 7.586210163051073e-09
2530.0 7.582725317630198e-09
2531.0 7.579240472209324e-09
2532.0 7.57575562678845e-09
2533.0 7.572270781367577e-09
2534.0 7.568785935946701e-09
2535.0 7.565301090525826e-09
2536.0 7.561816245104952e-09
2537.0 7.558331399684077e-09
2538.0 7.554846554263203e-09
2539.0 7.55136170884233e-09
2540.0 7.547876863421456e-09
2541.0 7.54439201800058e-09
2542.0 7.540907172579705e-09
2543.0 7.537422327158832e-09
2544.0 7.533937481737956e-09
2545.0 7.530452636317081e-09
2546.0 7.526967790896209e-09
2547.0 7.523482945475333e-09
2548.0 7.519998100054458e-09
2549.0 7.516513254633584e-09
2550.0 7.51302840921271e-09
2551.0 7.509543563791835e-09
2552.0 7.506058718370962e-09
2553.0 7.502573872950086e-09
2554.0 7.499089027529213e-09
2555.0 7.495604182108339e-09
2556.0 7.492119336687464e-09
2557.0 7.488634491266588e-09
2558.0 7.485149645845715e-09
2559.0 7.481664800424841e-09
2560.0 7.478179955003967e-09
2561.0 7.474695109583092e-09
2562.0 7.471210264162218e-09
2563.0 7.467725418741345e-09
2564.0 7.46424057332047e-09
2565.0 7.460755727899596e-09
2566.0 7.45727088247872e-09
2567.0 7.453786037057845e-09
2568.0 7.450301191636971e-09
2569.0 7.446816346216098e-09
2570.0 7.443331500795223e-09
2571.0 7.439846655374349e-09
2572.0 7.436361809953473e-09
2573.0 7.4328769645326005e-09
2574.0 7.429392119111724e-09
2575.0 7.425907273690851e-09
2576.0 7.422422428269976e-09
2577.0 7.418937582849101e-09
2578.0 7.415452737428227e-09
2579.0 7.411967892007353e-09
2580.0 7.408483046586479e-09
2581.0 7.404998201165604e-09
2582.0 7.401513355744731e-09
2583.0 7.398028510323856e-09
2584.0 7.394543664902982e-09
2585.0 7.391058819482108e-09
2586.0 7.387573974061233e-09
2587.0 7.384089128640358e-09
2588.0 7.380604283219484e-09
2589.0 7.377119437798611e-09
2590.0 7.3736345923777355e-09
2591.0 7.37014974695686e-09
2592.0 7.3666649015359865e-09
2593.0 7.363180056115112e-09
2594.0 7.359695210694236e-09
2595.0 7.356210365273363e-09
2596.0 7.352725519852489e-09
2597.0 7.349240674431614e-09
2598.0 7.3457558290107395e-09
2599.0 7.342270983589865e-09
2600.0 7.338786138168991e-09
2601.0 7.335301292748117e-09
2602.0 7.331816447327243e-09
2603.0 7.328331601906368e-09
2604.0 7.324846756485493e-09
2605.0 7.3213619110646196e-09
2606.0 7.317877065643745e-09
2607.0 7.314392220222869e-09
2608.0 7.310907374801994e-09
2609.0 7.307422529381121e-09
2610.0 7.303937683960247e-09
2611.0 7.3004528385393725e-09
2612.0 7.296967993118499e-09
2613.0 7.293483147697623e-09
2614.0 7.289998302276748e-09
2615.0 7.286513456855875e-09
2616.0 7.283028611435001e-09
2617.0 7.279543766014126e-09
2618.0 7.276058920593252e-09
2619.0 7.272574075172378e-09
2620.0 7.269089229751503e-09
2621.0 7.2656043843306275e-09
2622.0 7.262119538909755e-09
2623.0 7.25863469348888e-09
2624.0 7.255149848068006e-09
2625.0 7.251665002647132e-09
2626.0 7.2481801572262566e-09
2627.0 7.244695311805381e-09
2628.0 7.241210466384506e-09
2629.0 7.237725620963634e-09
2630.0 7.234240775542758e-09
2631.0 7.230755930121883e-09
2632.0 7.2272710847010095e-09
2633.0 7.223786239280136e-09
2634.0 7.220301393859261e-09
2635.0 7.216816548438387e-09
2636.0 7.213331703017511e-09
2637.0 7.209846857596637e-09
2638.0 7.206362012175763e-09
2639.0 7.20287716675489e-09
2640.0 7.199392321334015e-09
2641.0 7.195907475913141e-09
2642.0 7.192422630492265e-09
2643.0 7.188937785071392e-09
2644.0 7.185452939650517e-09
2645.0 7.1819680942296434e-09
2646.0 7.178483248808769e-09
2647.0 7.174998403387895e-09
2648.0 7.171513557967019e-09
2649.0 7.168028712546146e-09
2650.0 7.16454386712527e-09
2651.0 7.161059021704396e-09
2652.0 7.157574176283522e-09
2653.0 7.154089330862648e-09
2654.0 7.150604485441772e-09
2655.0 7.147119640020898e-09
2656.0 7.143634794600024e-09
2657.0 7.140149949179149e-09
2658.0 7.136665103758276e-09
2659.0 7.1331802583374e-09
2660.0 7.1296954129165275e-09
2661.0 7.126210567495654e-09
2662.0 7.1227257220747785e-09
2663.0 7.119240876653904e-09
2664.0 7.1157560312330295e-09
2665.0 7.112271185812156e-09
2666.0 7.108786340391282e-09
2667.0 7.105301494970408e-09
2668.0 7.101816649549532e-09
2669.0 7.098331804128658e-09
2670.0 7.094846958707783e-09
2671.0 7.091362113286909e-09
2672.0 7.087877267866035e-09
2673.0 7.084581113204264e-09
2674.0 7.081443066218127e-09
2675.0 7.0783050192319875e-09
2676.0 7.07516697224585e-09
2677.0 7.0720289252597125e-09
2678.0 7.0688908782735746e-09
2679.0 7.0657528312874375e-09
2680.0 7.062614784301297e-09
2681.0 7.059476737315161e-09
2682.0 7.056338690329022e-09
2683.0 7.053200643342883e-09
2684.0 7.050062596356745e-09
2685.0 7.0469245493706075e-09
2686.0 7.043786502384467e-09
2687.0 7.040648455398328e-09
2688.0 7.037510408412191e-09
2689.0 7.0343723614260525e-09
2690.0 7.031234314439915e-09
2691.0 7.028096267453776e-09
2692.0 7.024958220467639e-09
2693.0 7.0218201734815e-09
2694.0 7.018682126495363e-09
2695.0 7.015544079509224e-09
2696.0 7.012406032523086e-09
2697.0 7.009267985536949e-09
2698.0 7.006129938550809e-09
2699.0 7.002991891564671e-09
2700.0 6.999853844578532e-09
2701.0 6.996715797592396e-09
2702.0 6.993577750606255e-09
2703.0 6.990439703620119e-09
2704.0 6.987301656633979e-09
2705.0 6.984163609647842e-09
2706.0 6.981025562661704e-09
2707.0 6.977887515675565e-09
2708.0 6.974749468689427e-09
2709.0 6.971611421703289e-09
2710.0 6.9684733747171504e-09
2711.0 6.9653353277310125e-09
2712.0 6.9621972807448746e-09
2713.0 6.959059233758737e-09
2714.0 6.955921186772597e-09
2715.0 6.9527831397864575e-09
2716.0 6.94964509280032e-09
2717.0 6.9465070458141825e-09
2718.0 6.943368998828045e-09
2719.0 6.940230951841905e-09
2720.0 6.937092904855767e-09
2721.0 6.93395485786963e-09
2722.0 6.9308168108834904e-09
2723.0 6.927678763897353e-09
2724.0 6.9245407169112154e-09
2725.0 6.9214026699250775e-09
2726.0 6.918264622938938e-09
2727.0 6.9151265759528e-09
2728.0 6.911988528966661e-09
2729.0 6.908850481980523e-09
2730.0 6.905712434994384e-09
2731.0 6.902574388008247e-09
2732.0 6.899436341022108e-09
2733.0 6.896298294035971e-09
2734.0 6.893160247049833e-09
2735.0 6.890022200063694e-09
2736.0 6.886884153077557e-09
2737.0 6.883746106091417e-09
2738.0 6.880608059105281e-09
2739.0 6.877470012119141e-09
2740.0 6.874331965133004e-09
2741.0 6.871193918146865e-09
2742.0 6.868055871160726e-09
2743.0 6.864917824174587e-09
2744.0 6.861779777188449e-09
2745.0 6.85864173020231e-09
2746.0 6.855503683216172e-09
2747.0 6.852365636230035e-09
2748.0 6.849227589243896e-09
2749.0 6.846089542257759e-09
2750.0 6.84295149527162e-09
2751.0 6.839813448285482e-09
2752.0 6.836675401299345e-09
2753.0 6.833537354313206e-09
2754.0 6.83039930732707e-09
2755.0 6.8272612603409275e-09
2756.0 6.824123213354792e-09
2757.0 6.820985166368651e-09
2758.0 6.8178471193825154e-09
2759.0 6.814709072396375e-09
2760.0 6.811571025410239e-09
2761.0 6.808432978424098e-09
2762.0 6.805294931437961e-09
2763.0 6.802156884451823e-09
2764.0 6.7990188374656854e-09
2765.0 6.795880790479547e-09
2766.0 6.792742743493409e-09
2767.0 6.789604696507271e-09
2768.0 6.786466649521133e-09
2769.0 6.783328602534994e-09
2770.0 6.780190555548854e-09
2771.0 6.777052508562717e-09
2772.0 6.773914461576578e-09
2773.0 6.770776414590439e-09
2774.0 6.767638367604302e-09
2775.0 6.764500320618164e-09
2776.0 6.761362273632026e-09
2777.0 6.758224226645887e-09
2778.0 6.75508617965975e-09
2779.0 6.75194813267361e-09
2780.0 6.748810085687472e-09
2781.0 6.745672038701335e-09
2782.0 6.742533991715197e-09
2783.0 6.739395944729056e-09
2784.0 6.73625789774292e-09
2785.0 6.733119850756782e-09
2786.0 6.729981803770643e-09
2787.0 6.726843756784505e-09
2788.0 6.7237057097983655e-09
2789.0 6.720567662812229e-09
2790.0 6.71742961582609e-09
2791.0 6.7142915688399525e-09
2792.0 6.711153521853815e-09
2793.0 6.7080154748676775e-09
2794.0 6.704877427881538e-09
2795.0 6.701739380895401e-09
2796.0 6.6986013339092605e-09
2797.0 6.6954632869231226e-09
2798.0 6.692325239936984e-09
2799.0 6.689187192950846e-09
2800.0 6.686049145964708e-09
2801.0 6.682911098978568e-09
2802.0 6.6797730519924305e-09
2803.0 6.676635005006293e-09
2804.0 6.6734969580201555e-09
2805.0 6.670358911034017e-09
2806.0 6.667220864047879e-09
2807.0 6.664082817061741e-09
2808.0 6.660944770075601e-09
2809.0 6.657806723089464e-09
2810.0 6.654668676103326e-09
2811.0 6.651530629117187e-09
2812.0 6.648392582131047e-09
2813.0 6.645254535144911e-09
2814.0 6.642116488158772e-09
2815.0 6.638978441172634e-09
2816.0 6.635840394186496e-09
2817.0 6.6327023472003576e-09
2818.0 6.629564300214219e-09
2819.0 6.626426253228082e-09
2820.0 6.623288206241943e-09
2821.0 6.620150159255805e-09
2822.0 6.617012112269667e-09
2823.0 6.6138740652835276e-09
2824.0 6.6107360182973905e-09
2825.0 6.607597971311252e-09
2826.0 6.604459924325115e-09
2827.0 6.601321877338975e-09
2828.0 6.598183830352837e-09
2829.0 6.5950457833666976e-09
2830.0 6.59190773638056e-09
2831.0 6.588769689394421e-09
2832.0 6.585631642408284e-09
2833.0 6.582493595422146e-09
2834.0 6.579355548436006e-09
2835.0 6.5762175014498684e-09
2836.0 6.573079454463731e-09
2837.0 6.5699414074775926e-09
2838.0 6.5668033604914555e-09
2839.0 6.563665313505316e-09
2840.0 6.560527266519178e-09
2841.0 6.5573892195330384e-09
2842.0 6.554251172546901e-09
2843.0 6.5511131255607634e-09
2844.0 6.547975078574625e-09
2845.0 6.544837031588486e-09
2846.0 6.541698984602349e-09
2847.0 6.538560937616211e-09
2848.0 6.535422890630072e-09
2849.0 6.532284843643934e-09
2850.0 6.529146796657796e-09
2851.0 6.5260087496716576e-09
2852.0 6.52287070268552e-09
2853.0 6.51973265569938e-09
2854.0 6.516594608713244e-09
2855.0 6.513456561727104e-09
2856.0 6.510318514740966e-09
2857.0 6.507180467754828e-09
2858.0 6.50404242076869e-09
2859.0 6.50090437378255e-09
2860.0 6.497766326796413e-09
2861.0 6.494628279810275e-09
2862.0 6.491490232824137e-09
2863.0 6.4883521858379984e-09
2864.0 6.48521413885186e-09
2865.0 6.482076091865723e-09
2866.0 6.478938044879583e-09
2867.0 6.4757999978934434e-09
2868.0 6.472661950907307e-09
2869.0 6.4695239039211684e-09
2870.0 6.466385856935031e-09
2871.0 6.463247809948893e-09
2872.0 6.460109762962754e-09
2873.0 6.456971715976616e-09
2874.0 6.453833668990478e-09
2875.0 6.4506956220043384e-09
2876.0 6.4475575750182005e-09
2877.0 6.4444195280320634e-09
2878.0 6.4412814810459255e-09
2879.0 6.43836407785317e-09
2880.0 6.4355414257197e-09
2881.0 6.432718773586229e-09
2882.0 6.4298961214527574e-09
2883.0 6.427073469319287e-09
2884.0 6.424250817185818e-09
2885.0 6.421428165052348e-09
2886.0 6.4186055129188764e-09
2887.0 6.415782860785407e-09
2888.0 6.412960208651935e-09
2889.0 6.410137556518465e-09
2890.0 6.407314904384995e-09
2891.0 6.404492252251524e-09
2892.0 6.401669600118052e-09
2893.0 6.398846947984581e-09
2894.0 6.39602429585111e-09
2895.0 6.39320164371764e-09
2896.0 6.390378991584171e-09
2897.0 6.3875563394507e-09
2898.0 6.3847336873172285e-09
2899.0 6.381911035183759e-09
2900.0 6.379088383050287e-09
2901.0 6.376265730916817e-09
2902.0 6.373443078783347e-09
2903.0 6.370620426649876e-09
2904.0 6.367797774516405e-09
2905.0 6.364975122382935e-09
2906.0 6.362152470249463e-09
2907.0 6.359329818115993e-09
2908.0 6.356507165982522e-09
2909.0 6.3536845138490546e-09
2910.0 6.350861861715581e-09
2911.0 6.348039209582109e-09
2912.0 6.345216557448641e-09
2913.0 6.34239390531517e-09
2914.0 6.3395712531817004e-09
2915.0 6.336748601048229e-09
2916.0 6.333925948914758e-09
2917.0 6.331103296781288e-09
2918.0 6.328280644647817e-09
2919.0 6.325457992514346e-09
2920.0 6.3226353403808765e-09
2921.0 6.319812688247407e-09
2922.0 6.316990036113935e-09
2923.0 6.314167383980466e-09
2924.0 6.311344731846994e-09
2925.0 6.308522079713524e-09
2926.0 6.305699427580052e-09
2927.0 6.302876775446583e-09
2928.0 6.300054123313113e-09
2929.0 6.297231471179641e-09
2930.0 6.29440881904617e-09
2931.0 6.291586166912699e-09
2932.0 6.28876351477923e-09
2933.0 6.2859408626457595e-09
2934.0 6.283118210512289e-09
2935.0 6.280295558378817e-09
2936.0 6.2774729062453476e-09
2937.0 6.274650254111877e-09
2938.0 6.271827601978406e-09
2939.0 6.2690049498449356e-09
2940.0 6.266182297711465e-09
2941.0 6.2633596455779934e-09
2942.0 6.260536993444524e-09
2943.0 6.257714341311053e-09
2944.0 6.254891689177582e-09
2945.0 6.252069037044111e-09
2946.0 6.249246384910642e-09
2947.0 6.24642373277717e-09
2948.0 6.2436010806437005e-09
2949.0 6.240778428510228e-09
2950.0 6.237955776376758e-09
2951.0 6.2351331242432885e-09
2952.0 6.232310472109818e-09
2953.0 6.229487819976347e-09
2954.0 6.2266651678428765e-09
2955.0 6.223842515709406e-09
2956.0 6.221019863575935e-09
2957.0 6.218197211442466e-09
2958.0 6.215374559308994e-09
2959.0 6.212551907175524e-09
2960.0 6.209729255042052e-09
2961.0 6.206906602908582e-09
2962.0 6.204083950775113e-09
2963.0 6.201261298641641e-09
2964.0 6.1984386465081715e-09
2965.0 6.1956159943747e-09
2966.0 6.19279334224123e-09
2967.0 6.189970690107759e-09
2968.0 6.187148037974289e-09
2969.0 6.184325385840817e-09
2970.0 6.1815027337073476e-09
2971.0 6.178680081573878e-09
2972.0 6.175857429440407e-09
2973.0 6.173034777306937e-09
2974.0 6.170212125173464e-09
2975.0 6.167389473039995e-09
2976.0 6.164566820906524e-09
2977.0 6.161744168773054e-09
2978.0 6.158921516639583e-09
2979.0 6.156098864506111e-09
2980.0 6.153276212372642e-09
2981.0 6.150453560239171e-09
2982.0 6.1476309081057005e-09
2983.0 6.14480825597223e-09
2984.0 6.141985603838759e-09
2985.0 6.139162951705287e-09
2986.0 6.136340299571817e-09
2987.0 6.133517647438348e-09
2988.0 6.1306949953048765e-09
2989.0 6.127872343171406e-09
2990.0 6.125049691037935e-09
2991.0 6.122227038904465e-09
2992.0 6.119404386770993e-09
2993.0 6.116581734637524e-09
2994.0 6.113759082504054e-09
2995.0 6.110936430370582e-09
2996.0 6.108113778237114e-09
2997.0 6.1052911261036406e-09
2998.0 6.102468473970171e-09
2999.0 6.099645821836702e-09
3000.0 6.09682316970323e-09
3001.0 6.094000517569759e-09
3002.0 6.091177865436288e-09
3003.0 6.0883552133028174e-09
3004.0 6.085532561169347e-09
3005.0 6.082709909035878e-09
3006.0 6.079887256902407e-09
3007.0 6.0770646047689364e-09
3008.0 6.0742419526354625e-09
3009.0 6.071419300501995e-09
3010.0 6.068596648368525e-09
3011.0 6.065773996235054e-09
3012.0 6.062951344101584e-09
3013.0 6.060128691968111e-09
3014.0 6.057306039834641e-09
3015.0 6.0544833877011695e-09
3016.0 6.0516607355677e-09
3017.0 6.04883808343423e-09
3018.0 6.04601543130076e-09
3019.0 6.0431927791672885e-09
3020.0 6.040370127033819e-09
3021.0 6.037547474900347e-09
3022.0 6.034724822766877e-09
3023.0 6.031902170633407e-09
3024.0 6.029079518499936e-09
3025.0 6.026256866366465e-09
3026.0 6.023434214232995e-09
3027.0 6.020611562099523e-09
3028.0 6.017788909966053e-09
3029.0 6.014966257832583e-09
3030.0 6.0121436056991146e-09
3031.0 6.0093209535656414e-09
3032.0 6.0064983014321716e-09
3033.0 6.0036756492987e-09
3034.0 6.00085299716523e-09
3035.0 5.9980303450317604e-09
3036.0 5.995207692898289e-09
3037.0 5.992385040764818e-09
3038.0 5.989562388631348e-09
3039.0 5.986739736497877e-09
3040.0 5.983917084364406e-09
3041.0 5.9810944322309365e-09
3042.0 5.978271780097464e-09
3043.0 5.975449127963995e-09
3044.0 5.972626475830526e-09
3045.0 5.969803823697054e-09
3046.0 5.966981171563584e-09
3047.0 5.964158519430112e-09
3048.0 5.961335867296643e-09
3049.0 5.958513215163171e-09
3050.0 5.9556905630297e-09
3051.0 5.95286791089623e-09
3052.0 5.950045258762758e-09
3053.0 5.94722260662929e-09
3054.0 5.9443999544958195e-09
3055.0 5.941577302362349e-09
3056.0 5.938754650228877e-09
3057.0 5.9359319980954076e-09
3058.0 5.933109345961934e-09
3059.0 5.930286693828466e-09
3060.0 5.9274640416949956e-09
3061.0 5.924641389561525e-09
3062.0 5.9218187374280534e-09
3063.0 5.918996085294584e-09
3064.0 5.916173433161113e-09
3065.0 5.913350781027642e-09
3066.0 5.910528128894171e-09
3067.0 5.907705476760701e-09
3068.0 5.90488282462723e-09
3069.0 5.9020601724937605e-09
3070.0 5.899237520360288e-09
3071.0 5.896414868226818e-09
3072.0 5.893592216093348e-09
3073.0 5.890769563959878e-09
3074.0 5.887946911826406e-09
3075.0 5.8851242596929365e-09
3076.0 5.882301607559465e-09
3077.0 5.879478955425995e-09
3078.0 5.876656303292526e-09
3079.0 5.873833651159054e-09
3080.0 5.871010999025584e-09
3081.0 5.8681883468921125e-09
3082.0 5.865365694758642e-09
3083.0 5.86254304262517e-09
3084.0 5.859720390491701e-09
3085.0 5.85689773835823e-09
3086.0 5.85407508622476e-09
3087.0 5.85125243409129e-09
3088.0 5.848429781957819e-09
3089.0 5.845607129824349e-09
3090.0 5.842784477690877e-09
3091.0 5.8399618255574076e-09
3092.0 5.837139173423937e-09
3093.0 5.834316521290467e-09
3094.0 5.831493869156997e-09
3095.0 5.828671217023523e-09
3096.0 5.825848564890055e-09
3097.0 5.823025912756584e-09
3098.0 5.820203260623114e-09
3099.0 5.817380608489642e-09
3100.0 5.814557956356171e-09
