2.0 1.5493785583355041e-06
3.0 2.0793087489366792e-06
4.0 2.5694728400579035e-06
5.0 3.0216059403014137e-06
6.0 3.4370906074716767e-06
7.0 3.8111719852194336e-06
8.0 4.158664849177926e-06
9.0 4.468058195399099e-06
10.0 4.75741402551006e-06
11.0 5.009223628316069e-06
12.0 5.245208961431055e-06
13.0 5.45789085954804e-06
14.0 5.63801130415913e-06
15.0 5.808133493955169e-06
16.0 5.968109238670383e-06
17.0 6.090227551518084e-06
18.0 6.199319032530776e-06
19.0 6.3018688215995274e-06
20.0 6.399134566607051e-06
21.0 6.462071432108807e-06
22.0 6.513768103610988e-06
23.0 6.554639881819073e-06
24.0 6.591696455724076e-06
25.0 6.626016890633979e-06
26.0 6.633190523245845e-06
27.0 6.636529820378137e-06
28.0 6.618342425198921e-06
29.0 6.599845614172206e-06
30.0 6.577938141467182e-06
31.0 6.55603066876216e-06
32.0 6.520496285377355e-06
33.0 6.4826671299998295e-06
34.0 6.435876245067722e-06
35.0 6.3784376540817075e-06
36.0 6.320999063095696e-06
37.0 6.260873346000308e-06
38.0 6.2003580573578475e-06
39.0 6.139589620506377e-06
40.0 6.076284697564027e-06
41.0 6.012979774621675e-06
42.0 5.949240594315407e-06
43.0 5.881305131326478e-06
44.0 5.813369668337547e-06
45.0 5.745434205348616e-06
46.0 5.676745597410109e-06
47.0 5.607940428562173e-06
48.0 5.539135259714237e-06
49.0 5.471284954901783e-06
50.0 5.4049309700650776e-06
51.0 5.3385769852283735e-06
52.0 5.27222300039167e-06
53.0 5.209711868407936e-06
54.0 5.149312490612741e-06
55.0 5.088913112817548e-06
56.0 5.028513735022353e-06
57.0 4.969102491456628e-06
58.0 4.9103156855770965e-06
59.0 4.851528879697566e-06
60.0 4.792742073818033e-06
61.0 4.734610918693975e-06
62.0 4.678256302436759e-06
63.0 4.621901686179541e-06
64.0 4.565547069922323e-06
65.0 4.509192453665107e-06
66.0 4.4573713377456045e-06
67.0 4.408676694156914e-06
68.0 4.359982050568222e-06
69.0 4.311287406979531e-06
70.0 4.2625927633908385e-06
71.0 4.2154105908142434e-06
72.0 4.1694469566745964e-06
73.0 4.123483322534949e-06
74.0 4.0775196883953016e-06
75.0 4.0315560542556546e-06
76.0 3.98579325385417e-06
77.0 3.941401908225942e-06
78.0 3.897010562597712e-06
79.0 3.852619216969483e-06
80.0 3.8082278713412537e-06
81.0 3.763836525713025e-06
82.0 3.721334258819709e-06
83.0 3.6836013542839735e-06
84.0 3.6458684497482375e-06
85.0 3.6081355452125006e-06
86.0 3.5704026406767645e-06
87.0 3.5326697361410293e-06
88.0 3.494936831605293e-06
89.0 3.4601610043463106e-06
90.0 3.4254163817758202e-06
91.0 3.3906717592053307e-06
92.0 3.35592713663484e-06
93.0 3.3211825140643495e-06
94.0 3.2864378914938595e-06
95.0 3.251915048191471e-06
96.0 3.2182235110227837e-06
97.0 3.1845319738540964e-06
98.0 3.1508404366854086e-06
99.0 3.1171488995167217e-06
100.0 3.083457362348034e-06
101.0 3.049765825179346e-06
102.0 3.0160742880106588e-06
103.0 2.9872680762981886e-06
104.0 2.958948005530767e-06
105.0 2.930627934763345e-06
106.0 2.9023078639959227e-06
107.0 2.8739877932285007e-06
108.0 2.8456677224610787e-06
109.0 2.8173476516936563e-06
110.0 2.789172900731479e-06
111.0 2.764010024227709e-06
112.0 2.738847147723939e-06
113.0 2.713684271220169e-06
114.0 2.6885213947163998e-06
115.0 2.663358518212629e-06
116.0 2.63819564170886e-06
117.0 2.613032765205089e-06
118.0 2.58786988870132e-06
119.0 2.56311213138385e-06
120.0 2.538651512490456e-06
121.0 2.514190893597062e-06
122.0 2.4897302747036684e-06
123.0 2.4652696558102743e-06
124.0 2.4408090369168803e-06
125.0 2.4163484180234863e-06
126.0 2.391887799130092e-06
127.0 2.3674271802366986e-06
128.0 2.3448368808270404e-06
129.0 2.3244832204656467e-06
130.0 2.3041295601042543e-06
131.0 2.283775899742861e-06
132.0 2.263422239381468e-06
133.0 2.2430685790200745e-06
134.0 2.2227149186586812e-06
135.0 2.202361258297288e-06
136.0 2.1820075979358947e-06
137.0 2.1616539375745014e-06
138.0 2.143236657982913e-06
139.0 2.125950060789956e-06
140.0 2.108663463596998e-06
141.0 2.09137686640404e-06
142.0 2.0740902692110827e-06
143.0 2.056803672018125e-06
144.0 2.039517074825167e-06
145.0 2.022230477632209e-06
146.0 2.004943880439252e-06
147.0 1.9876572832462937e-06
148.0 1.9703968025508927e-06
149.0 1.9536263574119155e-06
150.0 1.9368559122729384e-06
151.0 1.920085467133961e-06
152.0 1.903315021994984e-06
153.0 1.886544576856007e-06
154.0 1.8697741317170299e-06
155.0 1.8530036865780533e-06
156.0 1.836233241439076e-06
157.0 1.8194627963000992e-06
158.0 1.8026923511611218e-06
159.0 1.7859219060221448e-06
160.0 1.7709991080849811e-06
161.0 1.7570500435359212e-06
162.0 1.743100978986861e-06
163.0 1.729151914437801e-06
164.0 1.715202849888741e-06
165.0 1.7012537853396806e-06
166.0 1.6873047207906202e-06
167.0 1.6733556562415603e-06
168.0 1.6594065916925003e-06
169.0 1.64545752714344e-06
170.0 1.63150846259438e-06
171.0 1.61755939804532e-06
172.0 1.6046419824468985e-06
173.0 1.5933978275306072e-06
174.0 1.5821536726143159e-06
175.0 1.5709095176980248e-06
176.0 1.559665362781733e-06
177.0 1.5484212078654422e-06
178.0 1.5371770529491509e-06
179.0 1.5259328980328596e-06
180.0 1.5146887431165685e-06
181.0 1.503444588200277e-06
182.0 1.4922004332839857e-06
183.0 1.4809562783676943e-06
184.0 1.469712123451403e-06
185.0 1.4585358273478747e-06
186.0 1.4477090956874945e-06
187.0 1.4368823640271143e-06
188.0 1.4260556323667341e-06
189.0 1.4152289007063537e-06
190.0 1.4044021690459731e-06
191.0 1.393575437385593e-06
192.0 1.3827487057252123e-06
193.0 1.3719219740648324e-06
194.0 1.361095242404452e-06
195.0 1.3502685107440716e-06
196.0 1.3394417790836914e-06
197.0 1.3286150474233108e-06
198.0 1.3177883157629306e-06
199.0 1.3069615841025504e-06
200.0 1.2977358710888956e-06
201.0 1.2886389239375915e-06
202.0 1.2795419767862871e-06
203.0 1.270445029634983e-06
204.0 1.2613480824836791e-06
205.0 1.2522511353323752e-06
206.0 1.2431541881810714e-06
207.0 1.234057241029767e-06
208.0 1.224960293878463e-06
209.0 1.2158633467271588e-06
210.0 1.206766399575855e-06
211.0 1.1976694524245506e-06
212.0 1.1885725052732463e-06
213.0 1.1794755581219426e-06
214.0 1.1703786109706385e-06
215.0 1.1625412133495084e-06
216.0 1.1555720443791237e-06
217.0 1.1486028754087392e-06
218.0 1.1416337064383543e-06
219.0 1.1346645374679695e-06
220.0 1.127695368497585e-06
221.0 1.1207261995272005e-06
222.0 1.1137570305568158e-06
223.0 1.106787861586431e-06
224.0 1.0998186926160463e-06
225.0 1.092849523645662e-06
226.0 1.085880354675277e-06
227.0 1.0789111857048923e-06
228.0 1.0719420167345078e-06
229.0 1.0649728477641229e-06
230.0 1.0580036787937386e-06
231.0 1.0510615360966543e-06
232.0 1.044442049143583e-06
233.0 1.0378225621905114e-06
234.0 1.0312030752374394e-06
235.0 1.0245835882843679e-06
236.0 1.0179641013312963e-06
237.0 1.011344614378225e-06
238.0 1.0047251274251534e-06
239.0 9.981056404720815e-07
240.0 9.9148615351901e-07
241.0 9.848666665659386e-07
242.0 9.78247179612867e-07
243.0 9.716276926597955e-07
244.0 9.65008205706724e-07
245.0 9.583887187536522e-07
246.0 9.517692318005806e-07
247.0 9.451497448475092e-07
248.0 9.385302578944376e-07
249.0 9.321912375838623e-07
250.0 9.265369219064228e-07
251.0 9.208826062289831e-07
252.0 9.152282905515438e-07
253.0 9.095739748741043e-07
254.0 9.039196591966648e-07
255.0 8.982653435192253e-07
256.0 8.926110278417858e-07
257.0 8.869567121643463e-07
258.0 8.813023964869068e-07
259.0 8.756480808094673e-07
260.0 8.699937651320276e-07
261.0 8.643394494545883e-07
262.0 8.586851337771487e-07
263.0 8.530308180997092e-07
264.0 8.473765024222698e-07
265.0 8.417221867448301e-07
266.0 8.360678710673906e-07
267.0 8.304135553899513e-07
268.0 8.249625713610766e-07
269.0 8.20827067935624e-07
270.0 8.166915645101712e-07
271.0 8.125560610847186e-07
272.0 8.084205576592659e-07
273.0 8.042850542338131e-07
274.0 8.001495508083605e-07
275.0 7.960140473829078e-07
276.0 7.918785439574552e-07
277.0 7.877430405320025e-07
278.0 7.836075371065498e-07
279.0 7.794720336810971e-07
280.0 7.753365302556445e-07
281.0 7.712010268301917e-07
282.0 7.670655234047391e-07
283.0 7.629300199792863e-07
284.0 7.587945165538336e-07
285.0 7.54659013128381e-07
286.0 7.505235097029283e-07
287.0 7.463880062774757e-07
288.0 7.42252502852023e-07
289.0 7.382615992351871e-07
290.0 7.34414356995463e-07
291.0 7.305671147557391e-07
292.0 7.26719872516015e-07
293.0 7.228726302762908e-07
294.0 7.190253880365668e-07
295.0 7.151781457968427e-07
296.0 7.113309035571188e-07
297.0 7.074836613173948e-07
298.0 7.036364190776708e-07
299.0 6.997891768379467e-07
300.0 6.959419345982227e-07
301.0 6.920946923584987e-07
302.0 6.882474501187747e-07
303.0 6.844002078790507e-07
304.0 6.805529656393264e-07
305.0 6.767057233996025e-07
306.0 6.728584811598785e-07
307.0 6.690112389201545e-07
308.0 6.651639966804304e-07
309.0 6.613167544407064e-07
310.0 6.574695122009824e-07
311.0 6.537591069879757e-07
312.0 6.504002335249579e-07
313.0 6.470413600619401e-07
314.0 6.436824865989226e-07
315.0 6.403236131359047e-07
316.0 6.369647396728869e-07
317.0 6.336058662098691e-07
318.0 6.302469927468513e-07
319.0 6.268881192838336e-07
320.0 6.235292458208157e-07
321.0 6.20170372357798e-07
322.0 6.168114988947804e-07
323.0 6.134526254317625e-07
324.0 6.100937519687447e-07
325.0 6.06734878505727e-07
326.0 6.033760050427092e-07
327.0 6.000171315796914e-07
328.0 5.966582581166735e-07
329.0 5.932993846536558e-07
330.0 5.899405111906382e-07
331.0 5.865816377276204e-07
332.0 5.832227642646026e-07
333.0 5.798638908015847e-07
334.0 5.765050173385671e-07
335.0 5.734858462312828e-07
336.0 5.711054857251655e-07
337.0 5.687251252190479e-07
338.0 5.663447647129306e-07
339.0 5.639644042068132e-07
340.0 5.615840437006958e-07
341.0 5.592036831945785e-07
342.0 5.56823322688461e-07
343.0 5.544429621823436e-07
344.0 5.520626016762262e-07
345.0 5.496822411701087e-07
346.0 5.473018806639913e-07
347.0 5.449215201578739e-07
348.0 5.425411596517565e-07
349.0 5.401607991456391e-07
350.0 5.377804386395217e-07
351.0 5.354000781334043e-07
352.0 5.330197176272868e-07
353.0 5.306393571211694e-07
354.0 5.28258996615052e-07
355.0 5.258786361089347e-07
356.0 5.234982756028173e-07
357.0 5.211179150966999e-07
358.0 5.187375545905825e-07
359.0 5.16357194084465e-07
360.0 5.139768335783476e-07
361.0 5.11729030083865e-07
362.0 5.095809394439742e-07
363.0 5.074328488040831e-07
364.0 5.052847581641924e-07
365.0 5.031366675243016e-07
366.0 5.009885768844106e-07
367.0 4.988404862445198e-07
368.0 4.966923956046289e-07
369.0 4.94544304964738e-07
370.0 4.923962143248473e-07
371.0 4.902481236849563e-07
372.0 4.881000330450654e-07
373.0 4.859519424051745e-07
374.0 4.838038517652837e-07
375.0 4.816557611253929e-07
376.0 4.795076704855018e-07
377.0 4.773595798456111e-07
378.0 4.7521148920572025e-07
379.0 4.7306339856582925e-07
380.0 4.709153079259385e-07
381.0 4.687672172860476e-07
382.0 4.666191266461567e-07
383.0 4.6447103600626574e-07
384.0 4.6232294536637496e-07
385.0 4.601748547264841e-07
386.0 4.5802676408659323e-07
387.0 4.558786734467024e-07
388.0 4.5373058280681145e-07
389.0 4.517645114960839e-07
390.0 4.498414625067564e-07
391.0 4.479184135174289e-07
392.0 4.4599536452810145e-07
393.0 4.44072315538774e-07
394.0 4.421492665494465e-07
395.0 4.4022621756011897e-07
396.0 4.383031685707915e-07
397.0 4.36380119581464e-07
398.0 4.344570705921365e-07
399.0 4.3253402160280905e-07
400.0 4.306109726134815e-07
401.0 4.2868792362415406e-07
402.0 4.2676487463482667e-07
403.0 4.2484182564549923e-07
404.0 4.229187766561717e-07
405.0 4.2099572766684425e-07
406.0 4.190726786775168e-07
407.0 4.171496296881893e-07
408.0 4.1522658069886177e-07
409.0 4.133035317095343e-07
410.0 4.113804827202068e-07
411.0 4.0945743373087934e-07
412.0 4.075343847415519e-07
413.0 4.056113357522244e-07
414.0 4.0368828676289686e-07
415.0 4.0176523777356937e-07
416.0 3.9984218878424203e-07
417.0 3.9791913979491454e-07
418.0 3.9599609080558705e-07
419.0 3.94615203301956e-07
420.0 3.932888518550579e-07
421.0 3.919625004081598e-07
422.0 3.906361489612617e-07
423.0 3.8930979751436366e-07
424.0 3.8798344606746566e-07
425.0 3.866570946205675e-07
426.0 3.853307431736695e-07
427.0 3.840043917267713e-07
428.0 3.8267804027987326e-07
429.0 3.8135168883297526e-07
430.0 3.800253373860771e-07
431.0 3.7869898593917906e-07
432.0 3.7737263449228096e-07
433.0 3.7604628304538286e-07
434.0 3.7471993159848476e-07
435.0 3.733935801515868e-07
436.0 3.720672287046887e-07
437.0 3.707408772577906e-07
438.0 3.6941452581089246e-07
439.0 3.6808817436399436e-07
440.0 3.667618229170964e-07
441.0 3.654354714701983e-07
442.0 3.641091200233002e-07
443.0 3.627827685764021e-07
444.0 3.6145641712950407e-07
445.0 3.60130065682606e-07
446.0 3.588037142357079e-07
447.0 3.5747736278880976e-07
448.0 3.561510113419117e-07
449.0 3.5482465989501367e-07
450.0 3.534983084481156e-07
451.0 3.522894303561963e-07
452.0 3.511296290927549e-07
453.0 3.499698278293136e-07
454.0 3.488100265658722e-07
455.0 3.4765022530243093e-07
456.0 3.464904240389895e-07
457.0 3.453306227755481e-07
458.0 3.441708215121068e-07
459.0 3.430110202486655e-07
460.0 3.4185121898522413e-07
461.0 3.4069141772178274e-07
462.0 3.395316164583414e-07
463.0 3.3837181519490006e-07
464.0 3.372120139314586e-07
465.0 3.3605221266801727e-07
466.0 3.3489241140457593e-07
467.0 3.337326101411346e-07
468.0 3.325728088776932e-07
469.0 3.3141300761425186e-07
470.0 3.302532063508105e-07
471.0 3.290934050873692e-07
472.0 3.2793360382392784e-07
473.0 3.2677380256048645e-07
474.0 3.2561400129704516e-07
475.0 3.244542000336037e-07
476.0 3.232943987701624e-07
477.0 3.221345975067211e-07
478.0 3.2097479624327964e-07
479.0 3.1981499497983825e-07
480.0 3.1865519371639696e-07
481.0 3.1749539245295557e-07
482.0 3.1633559118951423e-07
483.0 3.151757899260729e-07
484.0 3.1401598866263155e-07
485.0 3.128584051552364e-07
486.0 3.11801170234448e-07
487.0 3.1074393531365966e-07
488.0 3.096867003928713e-07
489.0 3.0862946547208296e-07
490.0 3.075722305512946e-07
491.0 3.065149956305062e-07
492.0 3.054577607097179e-07
493.0 3.044005257889296e-07
494.0 3.033432908681412e-07
495.0 3.0228605594735285e-07
496.0 3.0122882102656445e-07
497.0 3.0017158610577605e-07
498.0 2.991143511849877e-07
499.0 2.980571162641994e-07
500.0 2.9699988134341105e-07
501.0 2.959426464226227e-07
502.0 2.9488541150183435e-07
503.0 2.93828176581046e-07
504.0 2.9277094166025765e-07
505.0 2.917137067394693e-07
506.0 2.906564718186809e-07
507.0 2.895992368978926e-07
508.0 2.8854200197710425e-07
509.0 2.874847670563159e-07
510.0 2.864275321355275e-07
511.0 2.8537029721473925e-07
512.0 2.8431306229395085e-07
513.0 2.832558273731625e-07
514.0 2.8219859245237415e-07
515.0 2.811413575315858e-07
516.0 2.8008412261079744e-07
517.0 2.790268876900091e-07
518.0 2.7796965276922074e-07
519.0 2.769124178484324e-07
520.0 2.7585518292764404e-07
521.0 2.7479794800685575e-07
522.0 2.737407130860673e-07
523.0 2.7290166074245556e-07
524.0 2.721718219953946e-07
525.0 2.7144198324833364e-07
526.0 2.707121445012727e-07
527.0 2.699823057542117e-07
528.0 2.692524670071507e-07
529.0 2.685226282600897e-07
530.0 2.677927895130288e-07
531.0 2.670629507659678e-07
532.0 2.6633311201890677e-07
533.0 2.6560327327184586e-07
534.0 2.648734345247849e-07
535.0 2.641435957777239e-07
536.0 2.634137570306629e-07
537.0 2.62683918283602e-07
538.0 2.61954079536541e-07
539.0 2.6122424078948e-07
540.0 2.6049440204241904e-07
541.0 2.597645632953581e-07
542.0 2.590347245482972e-07
543.0 2.583048858012361e-07
544.0 2.575750470541752e-07
545.0 2.568452083071142e-07
546.0 2.5611536956005324e-07
547.0 2.5538553081299217e-07
548.0 2.5465569206593127e-07
549.0 2.539258533188703e-07
550.0 2.531960145718093e-07
551.0 2.524661758247484e-07
552.0 2.5173633707768743e-07
553.0 2.510064983306264e-07
554.0 2.5027665958356546e-07
555.0 2.4954682083650445e-07
556.0 2.488169820894435e-07
557.0 2.480871433423825e-07
558.0 2.4735730459532146e-07
559.0 2.4662746584826056e-07
560.0 2.4589762710119965e-07
561.0 2.451677883541386e-07
562.0 2.4443794960707763e-07
563.0 2.437600723043221e-07
564.0 2.4314997486848264e-07
565.0 2.4253987743264307e-07
566.0 2.4192977999680355e-07
567.0 2.413196825609641e-07
568.0 2.4070958512512457e-07
569.0 2.4009948768928506e-07
570.0 2.394893902534456e-07
571.0 2.3887929281760613e-07
572.0 2.3826919538176656e-07
573.0 2.376590979459271e-07
574.0 2.3704900051008755e-07
575.0 2.3643890307424809e-07
576.0 2.3582880563840851e-07
577.0 2.3521870820256905e-07
578.0 2.3460861076672959e-07
579.0 2.3399851333089004e-07
580.0 2.3338841589505053e-07
581.0 2.3277831845921106e-07
582.0 2.3216822102337154e-07
583.0 2.3155812358753205e-07
584.0 2.3094802615169248e-07
585.0 2.3033792871585302e-07
586.0 2.2972783128001355e-07
587.0 2.2911773384417406e-07
588.0 2.285076364083345e-07
589.0 2.2789753897249503e-07
590.0 2.2728744153665556e-07
591.0 2.2667734410081602e-07
592.0 2.260672466649765e-07
593.0 2.25457149229137e-07
594.0 2.2484705179329752e-07
595.0 2.2423695435745806e-07
596.0 2.2362685692161846e-07
597.0 2.2301675948577905e-07
598.0 2.2240666204993948e-07
599.0 2.217965646141e-07
600.0 2.2118646717826053e-07
601.0 2.20576369742421e-07
602.0 2.1996627230658154e-07
603.0 2.19356174870742e-07
604.0 2.1874607743490248e-07
605.0 2.1813597999906302e-07
606.0 2.175302984407569e-07
607.0 2.169632438873325e-07
608.0 2.1639618933390804e-07
609.0 2.1582913478048358e-07
610.0 2.1526208022705913e-07
611.0 2.146950256736347e-07
612.0 2.1412797112021025e-07
613.0 2.1356091656678575e-07
614.0 2.129938620133613e-07
615.0 2.124268074599369e-07
616.0 2.118597529065124e-07
617.0 2.11292698353088e-07
618.0 2.1072564379966354e-07
619.0 2.1015858924623906e-07
620.0 2.0959153469281466e-07
621.0 2.0902448013939015e-07
622.0 2.0845742558596565e-07
623.0 2.078903710325413e-07
624.0 2.073233164791168e-07
625.0 2.067562619256924e-07
626.0 2.0618920737226794e-07
627.0 2.0562215281884343e-07
628.0 2.0505509826541898e-07
629.0 2.0448804371199453e-07
630.0 2.0392098915857013e-07
631.0 2.0335393460514568e-07
632.0 2.0278688005172122e-07
633.0 2.0221982549829677e-07
634.0 2.0165277094487232e-07
635.0 2.0108571639144787e-07
636.0 2.0051866183802341e-07
637.0 1.999516072845989e-07
638.0 1.9938455273117448e-07
639.0 1.9881749817775008e-07
640.0 1.9825044362432558e-07
641.0 1.9768338907090112e-07
642.0 1.9711633451747672e-07
643.0 1.9654927996405227e-07
644.0 1.9598222541062782e-07
645.0 1.954151708572033e-07
646.0 1.9484811630377886e-07
647.0 1.9428106175035446e-07
648.0 1.9371400719693e-07
649.0 1.9314695264350555e-07
650.0 1.925798980900811e-07
651.0 1.9201284353665665e-07
652.0 1.9144578898323214e-07
653.0 1.9095423981100045e-07
654.0 1.905612961341079e-07
655.0 1.9016835245721535e-07
656.0 1.897754087803229e-07
657.0 1.8938246510343033e-07
658.0 1.8898952142653785e-07
659.0 1.8859657774964529e-07
660.0 1.882036340727528e-07
661.0 1.8781069039586024e-07
662.0 1.8741774671896773e-07
663.0 1.870248030420752e-07
664.0 1.8663185936518266e-07
665.0 1.8623891568829012e-07
666.0 1.8584597201139764e-07
667.0 1.8545302833450513e-07
668.0 1.8506008465761261e-07
669.0 1.8466714098072008e-07
670.0 1.8427419730382754e-07
671.0 1.8388125362693503e-07
672.0 1.8348830995004252e-07
673.0 1.8309536627314998e-07
674.0 1.8270242259625747e-07
675.0 1.8230947891936494e-07
676.0 1.8191653524247237e-07
677.0 1.815235915655799e-07
678.0 1.8113064788868735e-07
679.0 1.8073770421179484e-07
680.0 1.803447605349023e-07
681.0 1.7995181685800982e-07
682.0 1.7955887318111726e-07
683.0 1.7916592950422478e-07
684.0 1.7877298582733219e-07
685.0 1.783800421504397e-07
686.0 1.779870984735472e-07
687.0 1.7759415479665465e-07
688.0 1.7720121111976217e-07
689.0 1.768082674428696e-07
690.0 1.7641532376597712e-07
691.0 1.7602238008908453e-07
692.0 1.7562943641219205e-07
693.0 1.7523649273529954e-07
694.0 1.74843549058407e-07
695.0 1.7445060538151447e-07
696.0 1.7405766170462196e-07
697.0 1.7366471802772945e-07
698.0 1.732717743508369e-07
699.0 1.7287883067394435e-07
700.0 1.7248588699705186e-07
701.0 1.7209294332015933e-07
702.0 1.7169999964326682e-07
703.0 1.7132023340607482e-07
704.0 1.7100476629165895e-07
705.0 1.7068929917724313e-07
706.0 1.7037383206282725e-07
707.0 1.7005836494841138e-07
708.0 1.6974289783399553e-07
709.0 1.6942743071957969e-07
710.0 1.6911196360516384e-07
711.0 1.68796496490748e-07
712.0 1.6848102937633214e-07
713.0 1.681655622619163e-07
714.0 1.6785009514750042e-07
715.0 1.6753462803308455e-07
716.0 1.6721916091866873e-07
717.0 1.6690369380425286e-07
718.0 1.6658822668983706e-07
719.0 1.662727595754212e-07
720.0 1.6595729246100537e-07
721.0 1.6564182534658947e-07
722.0 1.6532635823217365e-07
723.0 1.6501089111775775e-07
724.0 1.6469542400334193e-07
725.0 1.6437995688892608e-07
726.0 1.6406448977451026e-07
727.0 1.6374902266009438e-07
728.0 1.6343355554567848e-07
729.0 1.6311808843126266e-07
730.0 1.6280262131684682e-07
731.0 1.6248715420243097e-07
732.0 1.6217168708801512e-07
733.0 1.6185621997359927e-07
734.0 1.6154075285918345e-07
735.0 1.6122528574476758e-07
736.0 1.609098186303517e-07
737.0 1.6059435151593586e-07
738.0 1.6027888440151999e-07
739.0 1.5996341728710414e-07
740.0 1.5964795017268832e-07
741.0 1.5933248305827247e-07
742.0 1.590170159438566e-07
743.0 1.5870154882944072e-07
744.0 1.583860817150249e-07
745.0 1.5807061460060903e-07
746.0 1.577551474861932e-07
747.0 1.5743968037177733e-07
748.0 1.5712421325736154e-07
749.0 1.5680874614294564e-07
750.0 1.5649327902852982e-07
751.0 1.5617781191411395e-07
752.0 1.5586234479969813e-07
753.0 1.5554687768528225e-07
754.0 1.552314105708664e-07
755.0 1.5491594345645056e-07
756.0 1.5460047634203468e-07
757.0 1.5428566999813476e-07
758.0 1.5398909426860366e-07
759.0 1.5369251853907252e-07
760.0 1.5339594280954142e-07
761.0 1.5309936708001025e-07
762.0 1.5280279135047913e-07
763.0 1.5250621562094796e-07
764.0 1.5220963989141686e-07
765.0 1.5191306416188572e-07
766.0 1.5161648843235462e-07
767.0 1.5131991270282348e-07
768.0 1.5102333697329233e-07
769.0 1.5072676124376118e-07
770.0 1.5043018551423006e-07
771.0 1.5013360978469894e-07
772.0 1.498370340551678e-07
773.0 1.4954045832563668e-07
774.0 1.4924388259610553e-07
775.0 1.4894730686657438e-07
776.0 1.4865073113704324e-07
777.0 1.4835415540751214e-07
778.0 1.48057579677981e-07
779.0 1.4776100394844988e-07
780.0 1.4746442821891873e-07
781.0 1.471678524893876e-07
782.0 1.4687127675985644e-07
783.0 1.4657470103032534e-07
784.0 1.462781253007942e-07
785.0 1.4598154957126308e-07
786.0 1.4568497384173193e-07
787.0 1.453883981122008e-07
788.0 1.4509182238266964e-07
789.0 1.4479524665313857e-07
790.0 1.444986709236074e-07
791.0 1.4420209519407628e-07
792.0 1.439055194645451e-07
793.0 1.43608943735014e-07
794.0 1.433123680054829e-07
795.0 1.4301579227595177e-07
796.0 1.4271921654642062e-07
797.0 1.4242264081688948e-07
798.0 1.4212606508735836e-07
799.0 1.418294893578272e-07
800.0 1.415329136282961e-07
801.0 1.4123633789876494e-07
802.0 1.4093976216923382e-07
803.0 1.4064318643970267e-07
804.0 1.4034661071017153e-07
805.0 1.4005003498064038e-07
806.0 1.397534592511093e-07
807.0 1.3945688352157814e-07
808.0 1.3916030779204702e-07
809.0 1.3886373206251587e-07
810.0 1.3856715633298475e-07
811.0 1.3827058060345358e-07
812.0 1.379740048739225e-07
813.0 1.3767742914439134e-07
814.0 1.3738085341486022e-07
815.0 1.370842776853291e-07
816.0 1.3685057270506149e-07
817.0 1.366401043422112e-07
818.0 1.3642963597936092e-07
819.0 1.3621916761651066e-07
820.0 1.3600869925366035e-07
821.0 1.357982308908101e-07
822.0 1.3558776252795978e-07
823.0 1.353772941651095e-07
824.0 1.3516682580225922e-07
825.0 1.3495635743940893e-07
826.0 1.3474588907655865e-07
827.0 1.3453542071370834e-07
828.0 1.3432495235085806e-07
829.0 1.3411448398800777e-07
830.0 1.3390401562515752e-07
831.0 1.3369354726230723e-07
832.0 1.3348307889945695e-07
833.0 1.3327261053660667e-07
834.0 1.3306214217375636e-07
835.0 1.328516738109061e-07
836.0 1.3264120544805582e-07
837.0 1.3243073708520553e-07
838.0 1.3222026872235525e-07
839.0 1.3200980035950494e-07
840.0 1.3179933199665466e-07
841.0 1.3158886363380435e-07
842.0 1.3137839527095412e-07
843.0 1.311679269081038e-07
844.0 1.3095745854525352e-07
845.0 1.3074699018240324e-07
846.0 1.3053652181955296e-07
847.0 1.3032605345670267e-07
848.0 1.301155850938524e-07
849.0 1.299051167310021e-07
850.0 1.296946483681518e-07
851.0 1.2948418000530154e-07
852.0 1.2927371164245123e-07
853.0 1.2906324327960095e-07
854.0 1.288527749167507e-07
855.0 1.2864230655390038e-07
856.0 1.2843183819105012e-07
857.0 1.2822136982819984e-07
858.0 1.2801090146534956e-07
859.0 1.2780043310249927e-07
860.0 1.2758996473964902e-07
861.0 1.273794963767987e-07
862.0 1.2716902801394842e-07
863.0 1.2695855965109817e-07
864.0 1.2674809128824786e-07
865.0 1.2653762292539757e-07
866.0 1.263271545625473e-07
867.0 1.26116686199697e-07
868.0 1.259062178368467e-07
869.0 1.2569574947399641e-07
870.0 1.2548528111114613e-07
871.0 1.2527481274829585e-07
872.0 1.2506434438544554e-07
873.0 1.2485387602259525e-07
874.0 1.24643407659745e-07
875.0 1.244329392968947e-07
876.0 1.2422247093404446e-07
877.0 1.2401200257119415e-07
878.0 1.2380153420834384e-07
879.0 1.2363666732531208e-07
880.0 1.234750013526628e-07
881.0 1.233133353800135e-07
882.0 1.2315166940736425e-07
883.0 1.2299000343471494e-07
884.0 1.2282833746206568e-07
885.0 1.2266667148941642e-07
886.0 1.2250500551676714e-07
887.0 1.2234333954411786e-07
888.0 1.2218167357146855e-07
889.0 1.2202000759881931e-07
890.0 1.2185834162617006e-07
891.0 1.2169667565352075e-07
892.0 1.2153500968087144e-07
893.0 1.2137334370822218e-07
894.0 1.2121167773557295e-07
895.0 1.2105001176292364e-07
896.0 1.2088834579027435e-07
897.0 1.2072667981762507e-07
898.0 1.2056501384497578e-07
899.0 1.2040334787232653e-07
900.0 1.2024168189967724e-07
901.0 1.2008001592702793e-07
902.0 1.1991834995437867e-07
903.0 1.1975668398172944e-07
904.0 1.1959501800908013e-07
905.0 1.1943335203643085e-07
906.0 1.1927168606378154e-07
907.0 1.1911002009113231e-07
908.0 1.1894835411848302e-07
909.0 1.1878668814583375e-07
910.0 1.1862502217318444e-07
911.0 1.1846335620053518e-07
912.0 1.1830169022788589e-07
913.0 1.1814002425523666e-07
914.0 1.1797835828258733e-07
915.0 1.1781669230993805e-07
916.0 1.176550263372888e-07
917.0 1.1749336036463949e-07
918.0 1.1733169439199026e-07
919.0 1.1717002841934096e-07
920.0 1.1700836244669168e-07
921.0 1.168466964740424e-07
922.0 1.1668503050139312e-07
923.0 1.1652336452874384e-07
924.0 1.1636169855609456e-07
925.0 1.1620003258344526e-07
926.0 1.16038366610796e-07
927.0 1.158767006381467e-07
928.0 1.1571503466549745e-07
929.0 1.1555336869284818e-07
930.0 1.1539170272019887e-07
931.0 1.1523003674754963e-07
932.0 1.1506837077490034e-07
933.0 1.1490670480225105e-07
934.0 1.147450388296018e-07
935.0 1.145833728569525e-07
936.0 1.1442170688430324e-07
937.0 1.1426004091165394e-07
938.0 1.1409837493900466e-07
939.0 1.139367089663554e-07
940.0 1.1377504299370613e-07
941.0 1.1361337702105687e-07
942.0 1.1345171104840755e-07
943.0 1.1329004507575829e-07
944.0 1.1312837910310901e-07
945.0 1.1296671313045974e-07
946.0 1.1280759186794832e-07
947.0 1.1265435572989376e-07
948.0 1.1250111959183917e-07
949.0 1.1234788345378457e-07
950.0 1.1219464731573e-07
951.0 1.1204141117767544e-07
952.0 1.1188817503962083e-07
953.0 1.1173493890156621e-07
954.0 1.1158170276351166e-07
955.0 1.1142846662545708e-07
956.0 1.1127523048740249e-07
957.0 1.1112199434934792e-07
958.0 1.1096875821129331e-07
959.0 1.1081552207323873e-07
960.0 1.1066228593518417e-07
961.0 1.1050904979712956e-07
962.0 1.1035581365907497e-07
963.0 1.1020257752102039e-07
964.0 1.1004934138296583e-07
965.0 1.0989610524491124e-07
966.0 1.0974286910685663e-07
967.0 1.0958963296880207e-07
968.0 1.0943639683074749e-07
969.0 1.0928316069269287e-07
970.0 1.0912992455463831e-07
971.0 1.0897668841658372e-07
972.0 1.0882345227852915e-07
973.0 1.0867021614047459e-07
974.0 1.0851698000241997e-07
975.0 1.0836374386436536e-07
976.0 1.0821050772631081e-07
977.0 1.0805727158825625e-07
978.0 1.0790403545020163e-07
979.0 1.0775079931214702e-07
980.0 1.0759756317409248e-07
981.0 1.0744432703603788e-07
982.0 1.0729109089798328e-07
983.0 1.0713785475992869e-07
984.0 1.0698461862187411e-07
985.0 1.0683138248381954e-07
986.0 1.0667814634576496e-07
987.0 1.0652491020771037e-07
988.0 1.0637167406965577e-07
989.0 1.062184379316012e-07
990.0 1.0606520179354662e-07
991.0 1.0591196565549203e-07
992.0 1.0575872951743744e-07
993.0 1.0560549337938287e-07
994.0 1.0545225724132829e-07
995.0 1.0529902110327368e-07
996.0 1.051457849652191e-07
997.0 1.0499254882716453e-07
998.0 1.0483931268910995e-07
999.0 1.0468607655105538e-07
1000.0 1.0453284041300076e-07
1001.0 1.0437960427494619e-07
1002.0 1.0422636813689161e-07
1003.0 1.0407313199883703e-07
1004.0 1.0391989586078245e-07
1005.0 1.0376665972272783e-07
1006.0 1.0361342358467326e-07
1007.0 1.0346018744661868e-07
1008.0 1.0330695130856408e-07
1009.0 1.0315371517050949e-07
1010.0 1.0300047903245491e-07
1011.0 1.0284724289440034e-07
1012.0 1.0269400675634576e-07
1013.0 1.0254077061829117e-07
1014.0 1.023875344802366e-07
1015.0 1.02234298342182e-07
1016.0 1.0208106220412742e-07
1017.0 1.0192782606607283e-07
1018.0 1.0177458992801824e-07
1019.0 1.0164009612607467e-07
1020.0 1.0152760709756765e-07
1021.0 1.014151180690606e-07
1022.0 1.0130262904055356e-07
1023.0 1.011901400120465e-07
1024.0 1.0107765098353944e-07
1025.0 1.0096516195503241e-07
1026.0 1.0085267292652537e-07
1027.0 1.0074018389801832e-07
1028.0 1.0062769486951126e-07
1029.0 1.0051520584100422e-07
1030.0 1.0040271681249717e-07
1031.0 1.0029022778399012e-07
1032.0 1.0017773875548307e-07
1033.0 1.0006524972697604e-07
1034.0 9.995276069846896e-08
1035.0 9.984027166996193e-08
1036.0 9.972778264145488e-08
1037.0 9.961529361294783e-08
1038.0 9.950280458444076e-08
1039.0 9.939031555593373e-08
1040.0 9.927782652742668e-08
1041.0 9.916533749891963e-08
1042.0 9.905284847041257e-08
1043.0 9.894035944190555e-08
1044.0 9.882787041339847e-08
1045.0 9.871538138489145e-08
1046.0 9.860289235638438e-08
1047.0 9.849040332787732e-08
1048.0 9.837791429937027e-08
1049.0 9.826542527086325e-08
1050.0 9.815293624235619e-08
1051.0 9.804044721384914e-08
1052.0 9.792795818534208e-08
1053.0 9.781546915683505e-08
1054.0 9.770298012832801e-08
1055.0 9.759049109982096e-08
1056.0 9.74780020713139e-08
1057.0 9.736551304280684e-08
1058.0 9.725302401429981e-08
1059.0 9.714053498579276e-08
1060.0 9.70280459572857e-08
1061.0 9.691555692877864e-08
1062.0 9.68030679002716e-08
1063.0 9.669057887176457e-08
1064.0 9.657808984325752e-08
1065.0 9.646560081475047e-08
1066.0 9.63531117862434e-08
1067.0 9.624062275773638e-08
1068.0 9.612813372922932e-08
1069.0 9.601564470072227e-08
1070.0 9.590315567221524e-08
1071.0 9.579066664370817e-08
1072.0 9.567817761520113e-08
1073.0 9.556568858669409e-08
1074.0 9.545319955818703e-08
1075.0 9.534071052967997e-08
1076.0 9.522822150117292e-08
1077.0 9.511573247266589e-08
1078.0 9.500324344415883e-08
1079.0 9.489075441565178e-08
1080.0 9.477826538714473e-08
1081.0 9.466577635863768e-08
1082.0 9.455328733013065e-08
1083.0 9.444079830162359e-08
1084.0 9.432830927311654e-08
1085.0 9.42158202446095e-08
1086.0 9.410333121610245e-08
1087.0 9.399084218759537e-08
1088.0 9.387835315908834e-08
1089.0 9.376586413058128e-08
1090.0 9.365337510207424e-08
1091.0 9.354088607356721e-08
1092.0 9.342839704506016e-08
1093.0 9.33159080165531e-08
1094.0 9.320341898804604e-08
1095.0 9.3090929959539e-08
1096.0 9.297844093103196e-08
1097.0 9.286616639316064e-08
1098.0 9.278244609195906e-08
1099.0 9.269872579075748e-08
1100.0 9.261500548955589e-08
1101.0 9.253128518835432e-08
1102.0 9.244756488715273e-08
1103.0 9.236384458595117e-08
1104.0 9.228012428474957e-08
1105.0 9.219640398354801e-08
1106.0 9.211268368234642e-08
1107.0 9.202896338114485e-08
1108.0 9.194524307994326e-08
1109.0 9.186152277874168e-08
1110.0 9.17778024775401e-08
1111.0 9.169408217633852e-08
1112.0 9.161036187513694e-08
1113.0 9.152664157393537e-08
1114.0 9.144292127273377e-08
1115.0 9.135920097153221e-08
1116.0 9.127548067033062e-08
1117.0 9.119176036912903e-08
1118.0 9.110804006792746e-08
1119.0 9.102431976672587e-08
1120.0 9.094059946552429e-08
1121.0 9.085687916432274e-08
1122.0 9.077315886312113e-08
1123.0 9.068943856191957e-08
1124.0 9.060571826071797e-08
1125.0 9.05219979595164e-08
1126.0 9.043827765831482e-08
1127.0 9.035455735711324e-08
1128.0 9.027083705591166e-08
1129.0 9.018711675471008e-08
1130.0 9.01033964535085e-08
1131.0 9.001967615230691e-08
1132.0 8.993595585110534e-08
1133.0 8.985223554990375e-08
1134.0 8.976851524870216e-08
1135.0 8.968479494750059e-08
1136.0 8.960107464629903e-08
1137.0 8.951735434509742e-08
1138.0 8.943363404389587e-08
1139.0 8.934991374269428e-08
1140.0 8.92661934414927e-08
1141.0 8.918247314029112e-08
1142.0 8.909875283908953e-08
1143.0 8.901503253788796e-08
1144.0 8.893131223668637e-08
1145.0 8.884759193548479e-08
1146.0 8.876387163428321e-08
1147.0 8.868015133308163e-08
1148.0 8.859643103188005e-08
1149.0 8.851271073067848e-08
1150.0 8.842899042947689e-08
1151.0 8.834527012827529e-08
1152.0 8.826154982707373e-08
1153.0 8.817782952587215e-08
1154.0 8.809410922467056e-08
1155.0 8.801038892346899e-08
1156.0 8.792666862226741e-08
1157.0 8.784294832106582e-08
1158.0 8.775922801986425e-08
1159.0 8.767550771866266e-08
1160.0 8.759178741746109e-08
1161.0 8.75080671162595e-08
1162.0 8.742434681505793e-08
1163.0 8.734062651385634e-08
1164.0 8.725690621265478e-08
1165.0 8.717318591145317e-08
1166.0 8.708946561025161e-08
1167.0 8.700574530905002e-08
1168.0 8.692202500784844e-08
1169.0 8.683830470664686e-08
1170.0 8.675458440544528e-08
1171.0 8.66708641042437e-08
1172.0 8.658714380304213e-08
1173.0 8.650342350184053e-08
1174.0 8.641970320063897e-08
1175.0 8.633598289943737e-08
1176.0 8.625226259823581e-08
1177.0 8.616854229703423e-08
1178.0 8.608482199583265e-08
1179.0 8.600110169463106e-08
1180.0 8.59173813934295e-08
1181.0 8.58336610922279e-08
1182.0 8.575205556824067e-08
1183.0 8.567246423499625e-08
1184.0 8.559287290175183e-08
1185.0 8.551328156850742e-08
1186.0 8.543369023526303e-08
1187.0 8.535409890201862e-08
1188.0 8.52745075687742e-08
1189.0 8.519491623552981e-08
1190.0 8.511532490228539e-08
1191.0 8.503573356904099e-08
1192.0 8.495614223579658e-08
1193.0 8.487655090255218e-08
1194.0 8.479695956930777e-08
1195.0 8.471736823606335e-08
1196.0 8.463777690281894e-08
1197.0 8.455818556957455e-08
1198.0 8.447859423633013e-08
1199.0 8.439900290308572e-08
1200.0 8.431941156984131e-08
1201.0 8.423982023659692e-08
1202.0 8.41602289033525e-08
1203.0 8.408063757010809e-08
1204.0 8.400104623686368e-08
1205.0 8.392145490361928e-08
1206.0 8.384186357037487e-08
1207.0 8.376227223713046e-08
1208.0 8.368268090388605e-08
1209.0 8.360308957064164e-08
1210.0 8.352349823739724e-08
1211.0 8.344390690415282e-08
1212.0 8.336431557090842e-08
1213.0 8.328472423766401e-08
1214.0 8.32051329044196e-08
1215.0 8.312554157117519e-08
1216.0 8.304595023793079e-08
1217.0 8.296635890468638e-08
1218.0 8.288676757144197e-08
1219.0 8.280717623819755e-08
1220.0 8.272758490495316e-08
1221.0 8.264799357170875e-08
1222.0 8.256840223846433e-08
1223.0 8.248881090521992e-08
1224.0 8.240921957197554e-08
1225.0 8.232962823873112e-08
1226.0 8.225003690548671e-08
1227.0 8.21704455722423e-08
1228.0 8.209085423899791e-08
1229.0 8.201126290575348e-08
1230.0 8.193167157250909e-08
1231.0 8.185208023926468e-08
1232.0 8.177248890602026e-08
1233.0 8.169289757277585e-08
1234.0 8.161330623953143e-08
1235.0 8.153371490628705e-08
1236.0 8.145412357304264e-08
1237.0 8.137453223979823e-08
1238.0 8.129494090655383e-08
1239.0 8.12153495733094e-08
1240.0 8.113575824006502e-08
1241.0 8.10561669068206e-08
1242.0 8.097657557357619e-08
1243.0 8.089698424033178e-08
1244.0 8.081739290708738e-08
1245.0 8.073780157384298e-08
1246.0 8.065821024059856e-08
1247.0 8.057861890735415e-08
1248.0 8.049902757410974e-08
1249.0 8.041943624086533e-08
1250.0 8.033984490762093e-08
1251.0 8.026025357437652e-08
1252.0 8.018066224113211e-08
1253.0 8.01010709078877e-08
1254.0 8.002147957464329e-08
1255.0 7.994188824139888e-08
1256.0 7.986229690815448e-08
1257.0 7.978270557491008e-08
1258.0 7.970311424166566e-08
1259.0 7.962352290842125e-08
1260.0 7.954393157517685e-08
1261.0 7.946434024193244e-08
1262.0 7.938474890868803e-08
1263.0 7.930515757544362e-08
1264.0 7.922556624219924e-08
1265.0 7.914597490895481e-08
1266.0 7.90663835757104e-08
1267.0 7.898679224246599e-08
1268.0 7.890720090922158e-08
1269.0 7.882760957597718e-08
1270.0 7.874801824273277e-08
1271.0 7.866842690948836e-08
1272.0 7.858883557624395e-08
1273.0 7.851862151656183e-08
1274.0 7.84574639370397e-08
1275.0 7.839630635751758e-08
1276.0 7.833514877799545e-08
1277.0 7.827399119847332e-08
1278.0 7.82128336189512e-08
1279.0 7.815167603942907e-08
1280.0 7.809051845990696e-08
1281.0 7.802936088038483e-08
1282.0 7.796820330086272e-08
1283.0 7.790704572134058e-08
1284.0 7.784588814181846e-08
1285.0 7.778473056229634e-08
1286.0 7.772357298277424e-08
1287.0 7.766241540325209e-08
1288.0 7.760125782372997e-08
1289.0 7.754010024420784e-08
1290.0 7.747894266468572e-08
1291.0 7.74177850851636e-08
1292.0 7.735662750564149e-08
1293.0 7.729546992611935e-08
1294.0 7.723431234659724e-08
1295.0 7.717315476707512e-08
1296.0 7.711199718755297e-08
1297.0 7.705083960803088e-08
1298.0 7.698968202850875e-08
1299.0 7.692852444898663e-08
1300.0 7.686736686946451e-08
1301.0 7.680620928994237e-08
1302.0 7.674505171042025e-08
1303.0 7.668389413089813e-08
1304.0 7.662273655137602e-08
1305.0 7.656157897185388e-08
1306.0 7.650042139233176e-08
1307.0 7.643926381280963e-08
1308.0 7.637810623328751e-08
1309.0 7.631694865376539e-08
1310.0 7.625579107424327e-08
1311.0 7.619463349472114e-08
1312.0 7.613347591519902e-08
1313.0 7.60723183356769e-08
1314.0 7.601116075615477e-08
1315.0 7.595000317663264e-08
1316.0 7.588884559711052e-08
1317.0 7.58276880175884e-08
1318.0 7.576653043806628e-08
1319.0 7.570537285854418e-08
1320.0 7.564421527902202e-08
1321.0 7.558305769949992e-08
1322.0 7.552190011997781e-08
1323.0 7.546074254045568e-08
1324.0 7.539958496093356e-08
1325.0 7.533842738141142e-08
1326.0 7.52772698018893e-08
1327.0 7.521611222236718e-08
1328.0 7.515495464284506e-08
1329.0 7.509379706332293e-08
1330.0 7.503263948380081e-08
1331.0 7.497148190427869e-08
1332.0 7.491032432475656e-08
1333.0 7.484916674523443e-08
1334.0 7.478800916571232e-08
1335.0 7.472685158619019e-08
1336.0 7.466569400666808e-08
1337.0 7.460453642714594e-08
1338.0 7.454337884762382e-08
1339.0 7.44822212681017e-08
1340.0 7.442106368857957e-08
1341.0 7.435990610905745e-08
1342.0 7.429874852953532e-08
1343.0 7.423759095001322e-08
1344.0 7.417643337049107e-08
1345.0 7.411527579096898e-08
1346.0 7.405411821144685e-08
1347.0 7.399296063192473e-08
1348.0 7.39318030524026e-08
1349.0 7.387064547288048e-08
1350.0 7.380948789335835e-08
1351.0 7.374833031383621e-08
1352.0 7.368717273431411e-08
1353.0 7.362601515479198e-08
1354.0 7.356485757526987e-08
1355.0 7.350369999574773e-08
1356.0 7.344254241622561e-08
1357.0 7.338138483670349e-08
1358.0 7.332022725718138e-08
1359.0 7.325906967765924e-08
1360.0 7.319791209813713e-08
1361.0 7.313675451861499e-08
1362.0 7.307559693909287e-08
1363.0 7.301443935957075e-08
1364.0 7.295328178004862e-08
1365.0 7.28921242005265e-08
1366.0 7.283096662100438e-08
1367.0 7.276980904148227e-08
1368.0 7.270865146196012e-08
1369.0 7.2647493882438e-08
1370.0 7.25863363029159e-08
1371.0 7.25332770744328e-08
1372.0 7.248845581786278e-08
1373.0 7.244363456129275e-08
1374.0 7.239881330472273e-08
1375.0 7.23539920481527e-08
1376.0 7.230917079158267e-08
1377.0 7.226434953501265e-08
1378.0 7.221952827844262e-08
1379.0 7.217470702187259e-08
1380.0 7.212988576530257e-08
1381.0 7.208506450873255e-08
1382.0 7.20402432521625e-08
1383.0 7.199542199559249e-08
1384.0 7.195060073902247e-08
1385.0 7.190577948245244e-08
1386.0 7.186095822588241e-08
1387.0 7.181613696931239e-08
1388.0 7.177131571274236e-08
1389.0 7.172649445617233e-08
1390.0 7.16816731996023e-08
1391.0 7.163685194303227e-08
1392.0 7.159203068646227e-08
1393.0 7.154720942989224e-08
1394.0 7.15023881733222e-08
1395.0 7.145756691675218e-08
1396.0 7.141274566018216e-08
1397.0 7.136792440361214e-08
1398.0 7.13231031470421e-08
1399.0 7.127828189047206e-08
1400.0 7.123346063390205e-08
1401.0 7.118863937733202e-08
1402.0 7.1143818120762e-08
1403.0 7.109899686419197e-08
1404.0 7.105417560762195e-08
1405.0 7.100935435105193e-08
1406.0 7.096453309448191e-08
1407.0 7.091971183791188e-08
1408.0 7.087489058134185e-08
1409.0 7.083006932477183e-08
1410.0 7.078524806820179e-08
1411.0 7.074042681163178e-08
1412.0 7.069560555506175e-08
1413.0 7.065078429849172e-08
1414.0 7.060596304192169e-08
1415.0 7.056114178535165e-08
1416.0 7.051632052878164e-08
1417.0 7.047149927221162e-08
1418.0 7.042667801564157e-08
1419.0 7.038185675907156e-08
1420.0 7.033703550250154e-08
1421.0 7.029221424593152e-08
1422.0 7.024739298936148e-08
1423.0 7.020257173279146e-08
1424.0 7.015775047622144e-08
1425.0 7.011292921965141e-08
1426.0 7.006810796308138e-08
1427.0 7.002328670651137e-08
1428.0 6.997846544994132e-08
1429.0 6.993364419337131e-08
1430.0 6.988882293680127e-08
1431.0 6.984400168023125e-08
1432.0 6.979918042366122e-08
1433.0 6.975435916709122e-08
1434.0 6.970953791052117e-08
1435.0 6.966471665395116e-08
1436.0 6.961989539738113e-08
1437.0 6.957507414081109e-08
1438.0 6.953025288424107e-08
1439.0 6.948543162767105e-08
1440.0 6.944061037110102e-08
1441.0 6.939578911453099e-08
1442.0 6.935096785796098e-08
1443.0 6.930614660139093e-08
1444.0 6.926132534482093e-08
1445.0 6.92165040882509e-08
1446.0 6.917168283168088e-08
1447.0 6.912686157511084e-08
1448.0 6.908204031854082e-08
1449.0 6.903721906197081e-08
1450.0 6.899239780540077e-08
1451.0 6.894757654883075e-08
1452.0 6.890275529226071e-08
1453.0 6.885793403569069e-08
1454.0 6.881311277912067e-08
1455.0 6.876829152255063e-08
1456.0 6.872347026598061e-08
1457.0 6.867864900941059e-08
1458.0 6.863382775284058e-08
1459.0 6.858900649627053e-08
1460.0 6.854418523970051e-08
1461.0 6.849936398313049e-08
1462.0 6.845454272656046e-08
1463.0 6.840972146999043e-08
1464.0 6.83649002134204e-08
1465.0 6.832007895685037e-08
1466.0 6.827525770028036e-08
1467.0 6.823043644371032e-08
1468.0 6.81856151871403e-08
1469.0 6.814079393057027e-08
1470.0 6.809597267400026e-08
1471.0 6.805115141743022e-08
1472.0 6.80063301608602e-08
1473.0 6.796150890429018e-08
1474.0 6.791668764772014e-08
1475.0 6.787186639115013e-08
1476.0 6.78270451345801e-08
1477.0 6.778428741833177e-08
1478.0 6.774167704848455e-08
1479.0 6.769906667863732e-08
1480.0 6.765645630879009e-08
1481.0 6.761384593894287e-08
1482.0 6.757123556909564e-08
1483.0 6.752862519924843e-08
1484.0 6.74860148294012e-08
1485.0 6.744340445955397e-08
1486.0 6.740079408970673e-08
1487.0 6.73581837198595e-08
1488.0 6.731557335001228e-08
1489.0 6.727296298016505e-08
1490.0 6.723035261031783e-08
1491.0 6.71877422404706e-08
1492.0 6.714513187062338e-08
1493.0 6.710252150077615e-08
1494.0 6.705991113092893e-08
1495.0 6.70173007610817e-08
1496.0 6.697469039123446e-08
1497.0 6.693208002138723e-08
1498.0 6.688946965154001e-08
1499.0 6.684685928169278e-08
1500.0 6.680424891184556e-08
1501.0 6.676163854199831e-08
1502.0 6.671902817215111e-08
1503.0 6.667641780230388e-08
1504.0 6.663380743245666e-08
1505.0 6.659119706260942e-08
1506.0 6.654858669276218e-08
1507.0 6.650597632291497e-08
1508.0 6.646336595306773e-08
1509.0 6.642075558322053e-08
1510.0 6.637814521337329e-08
1511.0 6.633553484352608e-08
1512.0 6.629292447367884e-08
1513.0 6.62503141038316e-08
1514.0 6.620770373398437e-08
1515.0 6.616509336413715e-08
1516.0 6.612248299428992e-08
1517.0 6.60798726244427e-08
1518.0 6.603726225459548e-08
1519.0 6.599465188474826e-08
1520.0 6.595204151490103e-08
1521.0 6.590943114505381e-08
1522.0 6.586682077520656e-08
1523.0 6.582421040535934e-08
1524.0 6.578160003551211e-08
1525.0 6.573898966566488e-08
1526.0 6.569637929581766e-08
1527.0 6.565376892597044e-08
1528.0 6.561115855612321e-08
1529.0 6.556854818627598e-08
1530.0 6.552593781642876e-08
1531.0 6.548332744658152e-08
1532.0 6.544071707673429e-08
1533.0 6.539810670688706e-08
1534.0 6.535549633703983e-08
1535.0 6.531288596719262e-08
1536.0 6.527027559734539e-08
1537.0 6.522766522749816e-08
1538.0 6.518505485765094e-08
1539.0 6.514244448780369e-08
1540.0 6.509983411795649e-08
1541.0 6.505722374810924e-08
1542.0 6.501461337826202e-08
1543.0 6.49720030084148e-08
1544.0 6.492939263856758e-08
1545.0 6.488678226872035e-08
1546.0 6.484417189887313e-08
1547.0 6.48015615290259e-08
1548.0 6.475895115917868e-08
1549.0 6.471634078933142e-08
1550.0 6.467373041948421e-08
1551.0 6.463112004963697e-08
1552.0 6.458850967978978e-08
1553.0 6.454589930994253e-08
1554.0 6.450328894009532e-08
1555.0 6.446067857024808e-08
1556.0 6.441806820040086e-08
1557.0 6.437545783055363e-08
1558.0 6.433284746070641e-08
1559.0 6.429023709085917e-08
1560.0 6.424762672101194e-08
1561.0 6.420501635116472e-08
1562.0 6.416240598131749e-08
1563.0 6.411979561147026e-08
1564.0 6.407718524162304e-08
1565.0 6.40345748717758e-08
1566.0 6.399196450192857e-08
1567.0 6.394935413208134e-08
1568.0 6.390674376223412e-08
1569.0 6.38641333923869e-08
1570.0 6.382152302253967e-08
1571.0 6.377891265269245e-08
1572.0 6.373630228284522e-08
1573.0 6.3693691912998e-08
1574.0 6.365108154315077e-08
1575.0 6.360847117330352e-08
1576.0 6.35658608034563e-08
1577.0 6.352325043360907e-08
1578.0 6.348064006376186e-08
1579.0 6.343802969391463e-08
1580.0 6.33954193240674e-08
1581.0 6.335280895422018e-08
1582.0 6.331019858437295e-08
1583.0 6.326758821452573e-08
1584.0 6.32249778446785e-08
1585.0 6.318236747483129e-08
1586.0 6.313975710498403e-08
1587.0 6.309714673513682e-08
1588.0 6.305453636528959e-08
1589.0 6.301192599544237e-08
1590.0 6.29711997502796e-08
1591.0 6.293643678399871e-08
1592.0 6.290167381771781e-08
1593.0 6.28669108514369e-08
1594.0 6.283214788515601e-08
1595.0 6.279738491887513e-08
1596.0 6.276262195259424e-08
1597.0 6.272785898631336e-08
1598.0 6.269309602003247e-08
1599.0 6.265833305375155e-08
1600.0 6.262357008747066e-08
1601.0 6.258880712118978e-08
1602.0 6.255404415490889e-08
1603.0 6.2519281188628e-08
1604.0 6.248451822234711e-08
1605.0 6.244975525606622e-08
1606.0 6.241499228978531e-08
1607.0 6.238022932350443e-08
1608.0 6.234546635722354e-08
1609.0 6.231070339094265e-08
1610.0 6.227594042466176e-08
1611.0 6.224117745838088e-08
1612.0 6.220641449209998e-08
1613.0 6.217165152581908e-08
1614.0 6.213688855953819e-08
1615.0 6.210212559325731e-08
1616.0 6.206736262697642e-08
1617.0 6.203259966069553e-08
1618.0 6.199783669441463e-08
1619.0 6.196307372813374e-08
1620.0 6.192831076185284e-08
1621.0 6.189354779557196e-08
1622.0 6.185878482929107e-08
1623.0 6.182402186301018e-08
1624.0 6.178925889672928e-08
1625.0 6.175449593044839e-08
1626.0 6.17197329641675e-08
1627.0 6.168496999788661e-08
1628.0 6.165020703160571e-08
1629.0 6.161544406532482e-08
1630.0 6.158068109904393e-08
1631.0 6.154591813276304e-08
1632.0 6.151115516648215e-08
1633.0 6.147639220020126e-08
1634.0 6.144162923392037e-08
1635.0 6.140686626763947e-08
1636.0 6.137210330135856e-08
1637.0 6.133734033507769e-08
1638.0 6.13025773687968e-08
1639.0 6.126781440251591e-08
1640.0 6.123305143623503e-08
1641.0 6.119828846995412e-08
1642.0 6.116352550367321e-08
1643.0 6.112876253739233e-08
1644.0 6.109399957111144e-08
1645.0 6.105923660483056e-08
1646.0 6.102447363854967e-08
1647.0 6.098971067226878e-08
1648.0 6.095494770598789e-08
1649.0 6.092018473970699e-08
1650.0 6.08854217734261e-08
1651.0 6.085065880714521e-08
1652.0 6.081589584086432e-08
1653.0 6.078113287458342e-08
1654.0 6.074636990830253e-08
1655.0 6.071160694202165e-08
1656.0 6.067684397574075e-08
1657.0 6.064208100945986e-08
1658.0 6.060731804317897e-08
1659.0 6.057255507689807e-08
1660.0 6.053779211061718e-08
1661.0 6.050302914433629e-08
1662.0 6.04682661780554e-08
1663.0 6.043350321177451e-08
1664.0 6.039874024549362e-08
1665.0 6.036397727921273e-08
1666.0 6.032921431293184e-08
1667.0 6.029445134665095e-08
1668.0 6.025968838037006e-08
1669.0 6.022492541408917e-08
1670.0 6.019016244780827e-08
1671.0 6.015539948152738e-08
1672.0 6.012063651524649e-08
1673.0 6.00858735489656e-08
1674.0 6.005111058268473e-08
1675.0 6.001634761640384e-08
1676.0 5.998158465012293e-08
1677.0 5.994682168384204e-08
1678.0 5.991205871756114e-08
1679.0 5.987729575128025e-08
1680.0 5.984253278499938e-08
1681.0 5.980776981871849e-08
1682.0 5.977300685243758e-08
1683.0 5.973824388615671e-08
1684.0 5.97034809198758e-08
1685.0 5.96687179535949e-08
1686.0 5.963395498731401e-08
1687.0 5.959919202103312e-08
1688.0 5.956442905475224e-08
1689.0 5.9529666088471344e-08
1690.0 5.9494903122190455e-08
1691.0 5.946014015590956e-08
1692.0 5.942537718962867e-08
1693.0 5.9390614223347773e-08
1694.0 5.9355851257066884e-08
1695.0 5.9321088290786e-08
1696.0 5.928632532450511e-08
1697.0 5.9251562358224216e-08
1698.0 5.9216799391943326e-08
1699.0 5.9182036425662423e-08
1700.0 5.9147273459381534e-08
1701.0 5.9112510493100644e-08
1702.0 5.907774752681977e-08
1703.0 5.904298456053888e-08
1704.0 5.9008221594257976e-08
1705.0 5.8973458627977073e-08
1706.0 5.89386956616962e-08
1707.0 5.890393269541531e-08
1708.0 5.8869169729134405e-08
1709.0 5.8834406762853516e-08
1710.0 5.879964379657264e-08
1711.0 5.876488083029174e-08
1712.0 5.8730117864010834e-08
1713.0 5.870226424116497e-08
1714.0 5.86762509028445e-08
1715.0 5.865023756452402e-08
1716.0 5.862422422620356e-08
1717.0 5.859821088788309e-08
1718.0 5.857219754956262e-08
1719.0 5.854618421124215e-08
1720.0 5.852017087292168e-08
1721.0 5.84941575346012e-08
1722.0 5.846814419628072e-08
1723.0 5.844213085796026e-08
1724.0 5.841611751963978e-08
1725.0 5.839010418131932e-08
1726.0 5.836409084299884e-08
1727.0 5.833807750467837e-08
1728.0 5.83120641663579e-08
1729.0 5.828605082803743e-08
1730.0 5.826003748971696e-08
1731.0 5.823402415139648e-08
1732.0 5.820801081307602e-08
1733.0 5.8181997474755535e-08
1734.0 5.815598413643508e-08
1735.0 5.81299707981146e-08
1736.0 5.8103957459794125e-08
1737.0 5.807794412147366e-08
1738.0 5.805193078315319e-08
1739.0 5.8025917444832716e-08
1740.0 5.7999904106512235e-08
1741.0 5.797389076819178e-08
1742.0 5.7947877429871286e-08
1743.0 5.7921864091550825e-08
1744.0 5.789585075323036e-08
1745.0 5.786983741490988e-08
1746.0 5.7843824076589416e-08
1747.0 5.7817810738268935e-08
1748.0 5.779179739994848e-08
1749.0 5.7765784061627986e-08
1750.0 5.7739770723307525e-08
1751.0 5.771375738498706e-08
1752.0 5.768774404666658e-08
1753.0 5.76617307083461e-08
1754.0 5.7635717370025635e-08
1755.0 5.760970403170517e-08
1756.0 5.7583690693384686e-08
1757.0 5.7557677355064225e-08
1758.0 5.7531664016743744e-08
1759.0 5.750565067842328e-08
1760.0 5.74796373401028e-08
1761.0 5.7453624001782335e-08
1762.0 5.742761066346187e-08
1763.0 5.740159732514138e-08
1764.0 5.7375583986820925e-08
1765.0 5.7349570648500444e-08
1766.0 5.732355731017997e-08
1767.0 5.72975439718595e-08
1768.0 5.727153063353902e-08
1769.0 5.724551729521856e-08
1770.0 5.721950395689809e-08
1771.0 5.719349061857761e-08
1772.0 5.7167477280257144e-08
1773.0 5.714146394193668e-08
1774.0 5.71154506036162e-08
1775.0 5.708943726529572e-08
1776.0 5.706342392697525e-08
1777.0 5.703741058865479e-08
1778.0 5.701139725033431e-08
1779.0 5.698538391201384e-08
1780.0 5.695937057369338e-08
1781.0 5.69333572353729e-08
1782.0 5.690734389705242e-08
1783.0 5.688133055873195e-08
1784.0 5.685531722041148e-08
1785.0 5.682930388209102e-08
1786.0 5.680329054377054e-08
1787.0 5.6777277205450057e-08
1788.0 5.67512638671296e-08
1789.0 5.672525052880912e-08
1790.0 5.669923719048866e-08
1791.0 5.667322385216818e-08
1792.0 5.664721051384771e-08
1793.0 5.662119717552724e-08
1794.0 5.6595183837206757e-08
1795.0 5.656917049888629e-08
1796.0 5.6543157160565815e-08
1797.0 5.651714382224535e-08
1798.0 5.649113048392488e-08
1799.0 5.6465117145604405e-08
1800.0 5.6439103807283924e-08
1801.0 5.641309046896347e-08
1802.0 5.638707713064299e-08
1803.0 5.636106379232253e-08
1804.0 5.633505045400205e-08
1805.0 5.630903711568158e-08
1806.0 5.6283023777361105e-08
1807.0 5.625701043904064e-08
1808.0 5.6230997100720156e-08
1809.0 5.620498376239968e-08
1810.0 5.6178970424079215e-08
1811.0 5.615295708575875e-08
1812.0 5.612694374743827e-08
1813.0 5.6100930409117805e-08
1814.0 5.607491707079734e-08
1815.0 5.6048903732476856e-08
1816.0 5.602289039415638e-08
1817.0 5.5996877055835915e-08
1818.0 5.597086371751545e-08
1819.0 5.594485037919497e-08
1820.0 5.5918837040874505e-08
1821.0 5.589282370255401e-08
1822.0 5.586681036423356e-08
1823.0 5.584079702591308e-08
1824.0 5.5814783687592614e-08
1825.0 5.578877034927215e-08
1826.0 5.576275701095167e-08
1827.0 5.5736743672631205e-08
1828.0 5.5710730334310724e-08
1829.0 5.568471699599025e-08
1830.0 5.565870365766978e-08
1831.0 5.5632690319349314e-08
1832.0 5.560667698102884e-08
1833.0 5.558066364270837e-08
1834.0 5.555465030438789e-08
1835.0 5.5528636966067424e-08
1836.0 5.550262362774695e-08
1837.0 5.547661028942648e-08
1838.0 5.5450596951106014e-08
1839.0 5.542458361278553e-08
1840.0 5.539857027446506e-08
1841.0 5.537255693614459e-08
1842.0 5.534654359782412e-08
1843.0 5.532053025950365e-08
1844.0 5.529451692118318e-08
1845.0 5.526971750588522e-08
1846.0 5.524504171941137e-08
1847.0 5.5220365932937515e-08
1848.0 5.519569014646367e-08
1849.0 5.517101435998981e-08
1850.0 5.5146338573515975e-08
1851.0 5.512166278704213e-08
1852.0 5.5096987000568286e-08
1853.0 5.5072311214094435e-08
1854.0 5.504763542762058e-08
1855.0 5.5022959641146746e-08
1856.0 5.499828385467289e-08
1857.0 5.497360806819904e-08
1858.0 5.494893228172518e-08
1859.0 5.492425649525135e-08
1860.0 5.48995807087775e-08
1861.0 5.487490492230365e-08
1862.0 5.485022913582982e-08
1863.0 5.482555334935597e-08
1864.0 5.480087756288211e-08
1865.0 5.477620177640827e-08
1866.0 5.475152598993441e-08
1867.0 5.472685020346056e-08
1868.0 5.4702174416986715e-08
1869.0 5.467749863051287e-08
1870.0 5.465282284403903e-08
1871.0 5.462814705756519e-08
1872.0 5.460347127109133e-08
1873.0 5.4578795484617486e-08
1874.0 5.4554119698143635e-08
1875.0 5.452944391166979e-08
1876.0 5.450476812519593e-08
1877.0 5.4480092338722095e-08
1878.0 5.445541655224824e-08
1879.0 5.4430740765774406e-08
1880.0 5.440606497930056e-08
1881.0 5.43813891928267e-08
1882.0 5.4356713406352866e-08
1883.0 5.433203761987902e-08
1884.0 5.430736183340517e-08
1885.0 5.428268604693131e-08
1886.0 5.425801026045747e-08
1887.0 5.4233334473983624e-08
1888.0 5.4208658687509766e-08
1889.0 5.4183982901035915e-08
1890.0 5.4159307114562084e-08
1891.0 5.413463132808824e-08
1892.0 5.410995554161439e-08
1893.0 5.4085279755140544e-08
1894.0 5.4060603968666686e-08
1895.0 5.403592818219284e-08
1896.0 5.401125239571898e-08
1897.0 5.3986576609245146e-08
1898.0 5.39619008227713e-08
1899.0 5.393722503629745e-08
1900.0 5.3912549249823606e-08
1901.0 5.388787346334976e-08
1902.0 5.386319767687591e-08
1903.0 5.383852189040205e-08
1904.0 5.381384610392822e-08
1905.0 5.378917031745438e-08
1906.0 5.376449453098051e-08
1907.0 5.373981874450667e-08
1908.0 5.371514295803281e-08
1909.0 5.3690467171558986e-08
1910.0 5.366579138508513e-08
1911.0 5.364111559861128e-08
1912.0 5.361643981213743e-08
1913.0 5.359176402566358e-08
1914.0 5.356708823918974e-08
1915.0 5.354241245271589e-08
1916.0 5.351773666624204e-08
1917.0 5.3493060879768204e-08
1918.0 5.3468385093294346e-08
1919.0 5.34437093068205e-08
1920.0 5.341903352034666e-08
1921.0 5.3394357733872806e-08
1922.0 5.336968194739897e-08
1923.0 5.334500616092512e-08
1924.0 5.332033037445127e-08
1925.0 5.3295654587977415e-08
1926.0 5.3270978801503564e-08
1927.0 5.3246303015029726e-08
1928.0 5.322162722855588e-08
1929.0 5.319695144208203e-08
1930.0 5.3172275655608186e-08
1931.0 5.3147599869134335e-08
1932.0 5.312292408266048e-08
1933.0 5.309824829618664e-08
1934.0 5.307357250971279e-08
1935.0 5.3048896723238944e-08
1936.0 5.3024220936765086e-08
1937.0 5.2999545150291255e-08
1938.0 5.2974869363817404e-08
1939.0 5.295019357734355e-08
1940.0 5.292551779086972e-08
1941.0 5.2900842004395864e-08
1942.0 5.287616621792201e-08
1943.0 5.285149043144816e-08
1944.0 5.282681464497432e-08
1945.0 5.280213885850047e-08
1946.0 5.277746307202662e-08
1947.0 5.2752787285552784e-08
1948.0 5.272811149907893e-08
1949.0 5.2703435712605075e-08
1950.0 5.267875992613123e-08
1951.0 5.2654084139657386e-08
1952.0 5.2629408353183535e-08
1953.0 5.2604732566709684e-08
1954.0 5.258005678023584e-08
1955.0 5.2555380993762e-08
1956.0 5.253070520728815e-08
1957.0 5.25060294208143e-08
1958.0 5.2481353634340455e-08
1959.0 5.2456677847866604e-08
1960.0 5.2432002061392766e-08
1961.0 5.2407326274918915e-08
1962.0 5.238265048844506e-08
1963.0 5.2357974701971206e-08
1964.0 5.2333298915497375e-08
1965.0 5.2308623129023524e-08
1966.0 5.228394734254967e-08
1967.0 5.225927155607583e-08
1968.0 5.2234595769601984e-08
1969.0 5.220991998312814e-08
1970.0 5.2185244196654275e-08
1971.0 5.216056841018044e-08
1972.0 5.2135892623706586e-08
1973.0 5.2111216837232735e-08
1974.0 5.20865410507589e-08
1975.0 5.2061865264285046e-08
1976.0 5.20371894778112e-08
1977.0 5.201251369133735e-08
1978.0 5.198783790486351e-08
1979.0 5.1963162118389655e-08
1980.0 5.193848633191581e-08
1981.0 5.191381054544196e-08
1982.0 5.188913475896812e-08
1983.0 5.186445897249427e-08
1984.0 5.183978318602042e-08
1985.0 5.1815107399546575e-08
1986.0 5.179043161307272e-08
1987.0 5.176860028803064e-08
1988.0 5.1747204103516405e-08
1989.0 5.172580791900217e-08
1990.0 5.170441173448794e-08
1991.0 5.16830155499737e-08
1992.0 5.166161936545947e-08
1993.0 5.164022318094524e-08
1994.0 5.1618826996431e-08
1995.0 5.1597430811916775e-08
1996.0 5.157603462740254e-08
1997.0 5.155463844288831e-08
1998.0 5.153324225837407e-08
1999.0 5.151184607385983e-08
2000.0 5.149044988934561e-08
2001.0 5.1469053704831365e-08
2002.0 5.144765752031714e-08
2003.0 5.14262613358029e-08
2004.0 5.140486515128867e-08
2005.0 5.138346896677444e-08
2006.0 5.1362072782260215e-08
2007.0 5.134067659774598e-08
2008.0 5.1319280413231734e-08
2009.0 5.1297884228717514e-08
2010.0 5.127648804420327e-08
2011.0 5.125509185968903e-08
2012.0 5.1233695675174806e-08
2013.0 5.1212299490660565e-08
2014.0 5.119090330614634e-08
2015.0 5.116950712163209e-08
2016.0 5.114811093711787e-08
2017.0 5.1126714752603636e-08
2018.0 5.11053185680894e-08
2019.0 5.1083922383575175e-08
2020.0 5.1062526199060935e-08
2021.0 5.104113001454671e-08
2022.0 5.101973383003248e-08
2023.0 5.0998337645518246e-08
2024.0 5.0976941461004006e-08
2025.0 5.0955545276489766e-08
2026.0 5.093414909197554e-08
2027.0 5.09127529074613e-08
2028.0 5.089135672294707e-08
2029.0 5.0869960538432843e-08
2030.0 5.08485643539186e-08
2031.0 5.0827168169404376e-08
2032.0 5.080577198489014e-08
2033.0 5.078437580037591e-08
2034.0 5.076297961586168e-08
2035.0 5.074158343134744e-08
2036.0 5.0720187246833206e-08
2037.0 5.0698791062318966e-08
2038.0 5.067739487780474e-08
2039.0 5.0655998693290505e-08
2040.0 5.063460250877627e-08
2041.0 5.0613206324262044e-08
2042.0 5.05918101397478e-08
2043.0 5.057041395523356e-08
2044.0 5.0549017770719336e-08
2045.0 5.052762158620512e-08
2046.0 5.050622540169088e-08
2047.0 5.048482921717664e-08
2048.0 5.046343303266241e-08
2049.0 5.044203684814816e-08
2050.0 5.042064066363394e-08
2051.0 5.0399244479119705e-08
2052.0 5.037784829460547e-08
2053.0 5.035645211009124e-08
2054.0 5.033505592557701e-08
2055.0 5.0313659741062776e-08
2056.0 5.0292263556548536e-08
2057.0 5.0270867372034315e-08
2058.0 5.024947118752008e-08
2059.0 5.022807500300584e-08
2060.0 5.0206678818491614e-08
2061.0 5.018528263397737e-08
2062.0 5.016388644946313e-08
2063.0 5.0142490264948906e-08
2064.0 5.0121094080434665e-08
2065.0 5.009969789592044e-08
2066.0 5.0078301711406204e-08
2067.0 5.005690552689197e-08
2068.0 5.0035509342377736e-08
2069.0 5.0014113157863516e-08
2070.0 4.999271697334928e-08
2071.0 4.9971320788835035e-08
2072.0 4.9949924604320814e-08
2073.0 4.9928528419806574e-08
2074.0 4.990713223529233e-08
2075.0 4.9885736050778106e-08
2076.0 4.9864339866263865e-08
2077.0 4.984294368174964e-08
2078.0 4.9821547497235404e-08
2079.0 4.980015131272117e-08
2080.0 4.977875512820693e-08
2081.0 4.9757358943692716e-08
2082.0 4.9735962759178475e-08
2083.0 4.971456657466424e-08
2084.0 4.969317039015001e-08
2085.0 4.9671774205635774e-08
2086.0 4.9650378021121533e-08
2087.0 4.96289818366073e-08
2088.0 4.9607585652093066e-08
2089.0 4.958618946757884e-08
2090.0 4.956479328306461e-08
2091.0 4.954339709855037e-08
2092.0 4.952200091403613e-08
2093.0 4.950060472952191e-08
2094.0 4.947920854500768e-08
2095.0 4.945781236049344e-08
2096.0 4.943641617597921e-08
2097.0 4.941501999146498e-08
2098.0 4.939362380695074e-08
2099.0 4.9372227622436507e-08
2100.0 4.9350831437922266e-08
2101.0 4.932943525340804e-08
2102.0 4.9308039068893805e-08
2103.0 4.928664288437957e-08
2104.0 4.9265246699865344e-08
2105.0 4.924385051535111e-08
2106.0 4.922245433083688e-08
2107.0 4.9201058146322636e-08
2108.0 4.917966196180841e-08
2109.0 4.9158265777294175e-08
2110.0 4.913686959277994e-08
2111.0 4.9115473408265714e-08
2112.0 4.9094077223751466e-08
2113.0 4.907268103923724e-08
2114.0 4.9051284854723005e-08
2115.0 4.902988867020877e-08
2116.0 4.900849248569454e-08
2117.0 4.898709630118032e-08
2118.0 4.8965700116666077e-08
2119.0 4.8944303932151836e-08
2120.0 4.8922907747637615e-08
2121.0 4.8901511563123375e-08
2122.0 4.888011537860914e-08
2123.0 4.8858719194094914e-08
2124.0 4.8837323009580673e-08
2125.0 4.881592682506643e-08
2126.0 4.879453064055221e-08
2127.0 4.8773134456037965e-08
2128.0 4.875173827152374e-08
2129.0 4.873034208700951e-08
2130.0 4.8708945902495284e-08
2131.0 4.8687549717981036e-08
2132.0 4.8666153533466816e-08
2133.0 4.8644757348952575e-08
2134.0 4.8623361164438335e-08
2135.0 4.8601964979924114e-08
2136.0 4.858056879540987e-08
2137.0 4.855917261089563e-08
2138.0 4.8537776426381406e-08
2139.0 4.8516380241867166e-08
2140.0 4.849908826464397e-08
2141.0 4.848232179979823e-08
2142.0 4.8465555334952494e-08
2143.0 4.844878887010677e-08
2144.0 4.843202240526104e-08
2145.0 4.8415255940415305e-08
2146.0 4.839848947556957e-08
2147.0 4.838172301072384e-08
2148.0 4.8364956545878115e-08
2149.0 4.834819008103237e-08
2150.0 4.833142361618664e-08
2151.0 4.8314657151340905e-08
2152.0 4.829789068649518e-08
2153.0 4.828112422164945e-08
2154.0 4.826435775680372e-08
2155.0 4.824759129195798e-08
2156.0 4.823082482711225e-08
2157.0 4.8214058362266525e-08
2158.0 4.819729189742078e-08
2159.0 4.8180525432575045e-08
2160.0 4.8163758967729315e-08
2161.0 4.814699250288359e-08
2162.0 4.8130226038037855e-08
2163.0 4.8113459573192125e-08
2164.0 4.809669310834638e-08
2165.0 4.8079926643500665e-08
2166.0 4.8063160178654935e-08
2167.0 4.804639371380919e-08
2168.0 4.802962724896347e-08
2169.0 4.801286078411773e-08
2170.0 4.7996094319272e-08
2171.0 4.7979327854426265e-08
2172.0 4.7962561389580535e-08
2173.0 4.7945794924734805e-08
2174.0 4.7929028459889075e-08
2175.0 4.791226199504334e-08
2176.0 4.7895495530197595e-08
2177.0 4.7878729065351865e-08
2178.0 4.7861962600506135e-08
2179.0 4.784519613566041e-08
2180.0 4.782842967081468e-08
2181.0 4.781166320596895e-08
2182.0 4.779489674112321e-08
2183.0 4.7778130276277485e-08
2184.0 4.776136381143175e-08
2185.0 4.774459734658601e-08
2186.0 4.772783088174028e-08
2187.0 4.771106441689455e-08
2188.0 4.7694297952048816e-08
2189.0 4.7677531487203086e-08
2190.0 4.766076502235736e-08
2191.0 4.764399855751162e-08
2192.0 4.762723209266589e-08
2193.0 4.7610465627820166e-08
2194.0 4.759369916297441e-08
2195.0 4.757693269812869e-08
2196.0 4.756016623328296e-08
2197.0 4.7543399768437226e-08
2198.0 4.7526633303591496e-08
2199.0 4.7509866838745766e-08
2200.0 4.749310037390003e-08
2201.0 4.74763339090543e-08
2202.0 4.745956744420856e-08
2203.0 4.744280097936284e-08
2204.0 4.7426034514517096e-08
2205.0 4.740926804967137e-08
2206.0 4.7392501584825636e-08
2207.0 4.737573511997991e-08
2208.0 4.7358968655134176e-08
2209.0 4.7342202190288446e-08
2210.0 4.7325435725442716e-08
2211.0 4.7308669260596986e-08
2212.0 4.729190279575125e-08
2213.0 4.7275136330905506e-08
2214.0 4.725836986605979e-08
2215.0 4.724160340121405e-08
2216.0 4.722483693636832e-08
2217.0 4.720807047152258e-08
2218.0 4.7191304006676856e-08
2219.0 4.7174537541831126e-08
2220.0 4.715777107698539e-08
2221.0 4.714100461213966e-08
2222.0 4.7124238147293916e-08
2223.0 4.7107471682448186e-08
2224.0 4.709070521760246e-08
2225.0 4.7073938752756726e-08
2226.0 4.7057172287910996e-08
2227.0 4.704040582306527e-08
2228.0 4.7023639358219536e-08
2229.0 4.70068728933738e-08
2230.0 4.699010642852806e-08
2231.0 4.697333996368233e-08
2232.0 4.69565734988366e-08
2233.0 4.693980703399087e-08
2234.0 4.6923040569145137e-08
2235.0 4.6906274104299407e-08
2236.0 4.6889507639453677e-08
2237.0 4.687274117460794e-08
2238.0 4.6855974709762217e-08
2239.0 4.6839208244916487e-08
2240.0 4.682244178007074e-08
2241.0 4.680567531522501e-08
2242.0 4.6788908850379283e-08
2243.0 4.6772142385533553e-08
2244.0 4.6755375920687823e-08
2245.0 4.673860945584209e-08
2246.0 4.672184299099635e-08
2247.0 4.6705076526150614e-08
2248.0 4.6688310061304884e-08
2249.0 4.6671543596459154e-08
2250.0 4.6654777131613424e-08
2251.0 4.66380106667677e-08
2252.0 4.6621244201921964e-08
2253.0 4.660447773707623e-08
2254.0 4.65877112722305e-08
2255.0 4.657094480738477e-08
2256.0 4.655417834253903e-08
2257.0 4.65374118776933e-08
2258.0 4.6520645412847564e-08
2259.0 4.650387894800184e-08
2260.0 4.64871124831561e-08
2261.0 4.6470346018310374e-08
2262.0 4.645357955346464e-08
2263.0 4.6436813088618914e-08
2264.0 4.6420046623773184e-08
2265.0 4.640328015892744e-08
2266.0 4.638651369408171e-08
2267.0 4.6369747229235974e-08
2268.0 4.6352980764390244e-08
2269.0 4.6336214299544514e-08
2270.0 4.6319447834698784e-08
2271.0 4.630268136985305e-08
2272.0 4.628591490500732e-08
2273.0 4.6269148440161594e-08
2274.0 4.625238197531585e-08
2275.0 4.6235615510470114e-08
2276.0 4.6218849045624384e-08
2277.0 4.620208258077866e-08
2278.0 4.618531611593293e-08
2279.0 4.61685496510872e-08
2280.0 4.6151783186241464e-08
2281.0 4.6135016721395734e-08
2282.0 4.6118250256550004e-08
2283.0 4.6101483791704254e-08
2284.0 4.608471732685853e-08
2285.0 4.60679508620128e-08
2286.0 4.605118439716706e-08
2287.0 4.603441793232133e-08
2288.0 4.60176514674756e-08
2289.0 4.600088500262987e-08
2290.0 4.5984118537784144e-08
2291.0 4.596735207293841e-08
2292.0 4.5950585608092665e-08
2293.0 4.593381914324693e-08
2294.0 4.591705267840121e-08
2295.0 4.590028621355548e-08
2296.0 4.588351974870975e-08
2297.0 4.5866753283864015e-08
2298.0 4.584998681901828e-08
2299.0 4.5833220354172555e-08
2300.0 4.581645388932682e-08
2301.0 4.579968742448108e-08
2302.0 4.578292095963535e-08
2303.0 4.576615449478962e-08
2304.0 4.574948520549957e-08
2305.0 4.5733512684577204e-08
2306.0 4.5717540163654844e-08
2307.0 4.570156764273248e-08
2308.0 4.5685595121810124e-08
2309.0 4.566962260088776e-08
2310.0 4.5653650079965403e-08
2311.0 4.5637677559043037e-08
2312.0 4.562170503812068e-08
2313.0 4.5605732517198316e-08
2314.0 4.558975999627596e-08
2315.0 4.5573787475353596e-08
2316.0 4.555781495443124e-08
2317.0 4.5541842433508876e-08
2318.0 4.5525869912586516e-08
2319.0 4.5509897391664156e-08
2320.0 4.549392487074178e-08
2321.0 4.5477952349819436e-08
2322.0 4.546197982889707e-08
2323.0 4.5446007307974715e-08
2324.0 4.5430034787052335e-08
2325.0 4.541406226612998e-08
2326.0 4.539808974520762e-08
2327.0 4.538211722428526e-08
2328.0 4.53661447033629e-08
2329.0 4.5350172182440535e-08
2330.0 4.5334199661518175e-08
2331.0 4.5318227140595815e-08
2332.0 4.5302254619673455e-08
2333.0 4.52862820987511e-08
2334.0 4.5270309577828734e-08
2335.0 4.525433705690637e-08
2336.0 4.5238364535984014e-08
2337.0 4.5222392015061654e-08
2338.0 4.520641949413929e-08
2339.0 4.5190446973216934e-08
2340.0 4.517447445229457e-08
2341.0 4.515850193137222e-08
2342.0 4.5142529410449854e-08
2343.0 4.512655688952748e-08
2344.0 4.511058436860512e-08
2345.0 4.509461184768276e-08
2346.0 4.50786393267604e-08
2347.0 4.506266680583804e-08
2348.0 4.5046694284915686e-08
2349.0 4.503072176399331e-08
2350.0 4.5014749243070946e-08
2351.0 4.4998776722148586e-08
2352.0 4.4982804201226226e-08
2353.0 4.4966831680303866e-08
2354.0 4.495085915938151e-08
2355.0 4.493488663845915e-08
2356.0 4.491891411753679e-08
2357.0 4.4902941596614426e-08
2358.0 4.488696907569207e-08
2359.0 4.4870996554769705e-08
2360.0 4.485502403384735e-08
2361.0 4.483905151292498e-08
2362.0 4.482307899200262e-08
2363.0 4.480710647108026e-08
2364.0 4.47911339501579e-08
2365.0 4.477516142923554e-08
2366.0 4.4759188908313185e-08
2367.0 4.4743216387390825e-08
2368.0 4.4727243866468445e-08
2369.0 4.4711271345546084e-08
2370.0 4.469529882462373e-08
2371.0 4.4679326303701364e-08
2372.0 4.466335378277902e-08
2373.0 4.464738126185665e-08
2374.0 4.463140874093429e-08
2375.0 4.461543622001192e-08
2376.0 4.459946369908957e-08
2377.0 4.45834911781672e-08
2378.0 4.456751865724485e-08
2379.0 4.4551546136322483e-08
2380.0 4.453557361540012e-08
2381.0 4.451960109447776e-08
2382.0 4.4503628573555397e-08
2383.0 4.448765605263304e-08
2384.0 4.4471683531710676e-08
2385.0 4.445571101078832e-08
2386.0 4.4439738489865956e-08
2387.0 4.442376596894358e-08
2388.0 4.4407793448021236e-08
2389.0 4.439182092709886e-08
2390.0 4.4375848406176516e-08
2391.0 4.435987588525415e-08
2392.0 4.434390336433179e-08
2393.0 4.4327930843409416e-08
2394.0 4.431195832248706e-08
2395.0 4.42959858015647e-08
2396.0 4.4280013280642335e-08
2397.0 4.426404075971998e-08
2398.0 4.4248068238797615e-08
2399.0 4.4232095717875255e-08
2400.0 4.4216123196952895e-08
2401.0 4.4200150676030535e-08
2402.0 4.4184178155108175e-08
2403.0 4.4168205634185815e-08
2404.0 4.415223311326346e-08
2405.0 4.413626059234109e-08
2406.0 4.4120288071418734e-08
2407.0 4.410431555049637e-08
2408.0 4.4088343029574014e-08
2409.0 4.407237050865165e-08
2410.0 4.405639798772929e-08
2411.0 4.4040425466806934e-08
2412.0 4.402445294588456e-08
2413.0 4.40084804249622e-08
2414.0 4.3992507904039834e-08
2415.0 4.397653538311748e-08
2416.0 4.3960562862195113e-08
2417.0 4.3944590341272766e-08
2418.0 4.3928617820350387e-08
2419.0 4.391264529942803e-08
2420.0 4.389667277850567e-08
2421.0 4.3880700257583306e-08
2422.0 4.386472773666095e-08
2423.0 4.3848755215738586e-08
2424.0 4.383278269481623e-08
2425.0 4.3816810173893866e-08
2426.0 4.380083765297151e-08
2427.0 4.3784865132049146e-08
2428.0 4.376889261112679e-08
2429.0 4.3752920090204425e-08
2430.0 4.373694756928207e-08
2431.0 4.3720975048359705e-08
2432.0 4.370500252743734e-08
2433.0 4.368903000651498e-08
2434.0 4.367305748559262e-08
2435.0 4.3657084964670265e-08
2436.0 4.3641112443747905e-08
2437.0 4.362513992282553e-08
2438.0 4.360916740190317e-08
2439.0 4.359319488098081e-08
2440.0 4.357722236005845e-08
2441.0 4.356124983913609e-08
2442.0 4.354527731821373e-08
2443.0 4.352930479729137e-08
2444.0 4.3513332276369004e-08
2445.0 4.3497359755446644e-08
2446.0 4.3481387234524284e-08
2447.0 4.346541471360192e-08
2448.0 4.3449442192679564e-08
2449.0 4.34334696717572e-08
2450.0 4.3417497150834843e-08
2451.0 4.3401524629912477e-08
2452.0 4.338555210899012e-08
2453.0 4.3369579588067756e-08
2454.0 4.33536070671454e-08
2455.0 4.3337634546223036e-08
2456.0 4.332166202530067e-08
2457.0 4.3305689504378316e-08
2458.0 4.328971698345595e-08
2459.0 4.327374446253359e-08
2460.0 4.325777194161123e-08
2461.0 4.324179942068887e-08
2462.0 4.3225826899766496e-08
2463.0 4.3209854378844136e-08
2464.0 4.319388185792178e-08
2465.0 4.3177909336999415e-08
2466.0 4.316193681607706e-08
2467.0 4.31459642951547e-08
2468.0 4.312999177423234e-08
2469.0 4.3114019253309975e-08
2470.0 4.3098046732387615e-08
2471.0 4.3082074211465255e-08
2472.0 4.3066101690542895e-08
2473.0 4.3050129169620535e-08
2474.0 4.3034156648698174e-08
2475.0 4.3018184127775814e-08
2476.0 4.300221160685345e-08
2477.0 4.298623908593109e-08
2478.0 4.297026656500873e-08
2479.0 4.295429404408637e-08
2480.0 4.2938321523164014e-08
2481.0 4.2922349002241634e-08
2482.0 4.290734762858279e-08
2483.0 4.28928301571743e-08
2484.0 4.2878312685765824e-08
2485.0 4.286379521435733e-08
2486.0 4.284927774294884e-08
2487.0 4.283476027154036e-08
2488.0 4.2820242800131866e-08
2489.0 4.2805725328723377e-08
2490.0 4.2791207857314894e-08
2491.0 4.277669038590641e-08
2492.0 4.2762172914497915e-08
2493.0 4.274765544308943e-08
2494.0 4.273313797168095e-08
2495.0 4.271862050027246e-08
2496.0 4.270410302886398e-08
2497.0 4.268958555745549e-08
2498.0 4.2675068086047005e-08
2499.0 4.266055061463852e-08
2500.0 4.2646033143230026e-08
2501.0 4.263151567182154e-08
2502.0 4.2616998200413054e-08
2503.0 4.2602480729004565e-08
2504.0 4.258796325759608e-08
2505.0 4.257344578618759e-08
2506.0 4.255892831477911e-08
2507.0 4.254441084337062e-08
2508.0 4.252989337196214e-08
2509.0 4.251537590055365e-08
2510.0 4.250085842914517e-08
2511.0 4.248634095773668e-08
2512.0 4.247182348632819e-08
2513.0 4.24573060149197e-08
2514.0 4.244278854351122e-08
2515.0 4.242827107210273e-08
2516.0 4.241375360069424e-08
2517.0 4.2399236129285766e-08
2518.0 4.238471865787727e-08
2519.0 4.2370201186468794e-08
2520.0 4.23556837150603e-08
2521.0 4.2341166243651815e-08
2522.0 4.2326648772243326e-08
2523.0 4.231213130083484e-08
2524.0 4.2297613829426353e-08
2525.0 4.228309635801786e-08
2526.0 4.226857888660938e-08
2527.0 4.225406141520089e-08
2528.0 4.22395439437924e-08
2529.0 4.222502647238392e-08
2530.0 4.221050900097543e-08
2531.0 4.219599152956695e-08
2532.0 4.2181474058158465e-08
2533.0 4.2166956586749975e-08
2534.0 4.215243911534149e-08
2535.0 4.2137921643932996e-08
2536.0 4.2123404172524514e-08
2537.0 4.210888670111601e-08
2538.0 4.209436922970754e-08
2539.0 4.2079851758299045e-08
2540.0 4.206533428689057e-08
2541.0 4.205081681548208e-08
2542.0 4.203629934407359e-08
2543.0 4.2021781872665114e-08
2544.0 4.200726440125662e-08
2545.0 4.1992746929848135e-08
2546.0 4.1978229458439646e-08
2547.0 4.196371198703116e-08
2548.0 4.194919451562267e-08
2549.0 4.193467704421418e-08
2550.0 4.1920159572805695e-08
2551.0 4.190564210139721e-08
2552.0 4.189112462998873e-08
2553.0 4.187660715858024e-08
2554.0 4.1862089687171744e-08
2555.0 4.184757221576327e-08
2556.0 4.183305474435478e-08
2557.0 4.1818537272946296e-08
2558.0 4.1804019801537806e-08
2559.0 4.178950233012932e-08
2560.0 4.1774984858720834e-08
2561.0 4.1760467387312345e-08
2562.0 4.174594991590386e-08
2563.0 4.173143244449537e-08
2564.0 4.171691497308689e-08
2565.0 4.17023975016784e-08
2566.0 4.168788003026992e-08
2567.0 4.167336255886143e-08
2568.0 4.1658845087452945e-08
2569.0 4.1644327616044456e-08
2570.0 4.1629810144635966e-08
2571.0 4.161529267322749e-08
2572.0 4.160077520181899e-08
2573.0 4.158625773041051e-08
2574.0 4.1571740259002015e-08
2575.0 4.155722278759353e-08
2576.0 4.154270531618505e-08
2577.0 4.152818784477657e-08
2578.0 4.151367037336808e-08
2579.0 4.1499152901959595e-08
2580.0 4.148463543055111e-08
2581.0 4.1470117959142616e-08
2582.0 4.1455600487734127e-08
2583.0 4.1441083016325644e-08
2584.0 4.1426565544917154e-08
2585.0 4.1412048073508665e-08
2586.0 4.139753060210018e-08
2587.0 4.1383013130691686e-08
2588.0 4.1368495659283217e-08
2589.0 4.1353978187874714e-08
2590.0 4.133946071646624e-08
2591.0 4.132494324505775e-08
2592.0 4.131042577364927e-08
2593.0 4.1295908302240776e-08
2594.0 4.128139083083229e-08
2595.0 4.126687335942381e-08
2596.0 4.1252355888015315e-08
2597.0 4.123783841660683e-08
2598.0 4.122332094519834e-08
2599.0 4.1208803473789866e-08
2600.0 4.1194286002381364e-08
2601.0 4.117976853097288e-08
2602.0 4.11652510595644e-08
2603.0 4.1150733588155915e-08
2604.0 4.113621611674743e-08
2605.0 4.1121698645338936e-08
2606.0 4.110718117393045e-08
2607.0 4.109266370252197e-08
2608.0 4.107814623111348e-08
2609.0 4.1063628759704985e-08
2610.0 4.1049111288296496e-08
2611.0 4.103459381688801e-08
2612.0 4.102007634547953e-08
2613.0 4.100555887407105e-08
2614.0 4.0991041402662565e-08
2615.0 4.097652393125406e-08
2616.0 4.096200645984559e-08
2617.0 4.0947488988437097e-08
2618.0 4.093297151702861e-08
2619.0 4.0918454045620124e-08
2620.0 4.0903936574211635e-08
2621.0 4.0889419102803146e-08
2622.0 4.087490163139466e-08
2623.0 4.086038415998618e-08
2624.0 4.084586668857769e-08
2625.0 4.0831349217169215e-08
2626.0 4.081683174576071e-08
2627.0 4.080231427435224e-08
2628.0 4.078779680294375e-08
2629.0 4.0773279331535264e-08
2630.0 4.075876186012677e-08
2631.0 4.074424438871829e-08
2632.0 4.07297269173098e-08
2633.0 4.071520944590132e-08
2634.0 4.070069197449283e-08
2635.0 4.068617450308434e-08
2636.0 4.067165703167585e-08
2637.0 4.065713956026737e-08
2638.0 4.0642622088858885e-08
2639.0 4.0628104617450396e-08
2640.0 4.061358714604191e-08
2641.0 4.0599069674633424e-08
2642.0 4.058455220322493e-08
2643.0 4.0570034731816445e-08
2644.0 4.055551726040797e-08
2645.0 4.0540999788999466e-08
2646.0 4.052648231759099e-08
2647.0 4.05119648461825e-08
2648.0 4.049744737477402e-08
2649.0 4.0482929903365535e-08
2650.0 4.046841243195704e-08
2651.0 4.045389496054856e-08
2652.0 4.043937748914007e-08
2653.0 4.0424860017731584e-08
2654.0 4.0410342546323095e-08
2655.0 4.039582507491462e-08
2656.0 4.0381307603506116e-08
2657.0 4.036679013209763e-08
2658.0 4.035227266068915e-08
2659.0 4.033775518928067e-08
2660.0 4.0323237717872185e-08
2661.0 4.030872024646369e-08
2662.0 4.02942027750552e-08
2663.0 4.0279685303646716e-08
2664.0 4.0265167832238234e-08
2665.0 4.0250650360829744e-08
2666.0 4.0236132889421255e-08
2667.0 4.0221615418012765e-08
2668.0 4.020709794660428e-08
2669.0 4.0192580475195787e-08
2670.0 4.017806300378732e-08
2671.0 4.0163545532378814e-08
2672.0 4.014902806097034e-08
2673.0 4.0135891741469975e-08
2674.0 4.0123912716152534e-08
2675.0 4.01119336908351e-08
2676.0 4.009995466551767e-08
2677.0 4.008797564020023e-08
2678.0 4.00759966148828e-08
2679.0 4.006401758956536e-08
2680.0 4.005203856424792e-08
2681.0 4.0040059538930485e-08
2682.0 4.002808051361305e-08
2683.0 4.0016101488295616e-08
2684.0 4.000412246297818e-08
2685.0 3.9992143437660754e-08
2686.0 3.998016441234331e-08
2687.0 3.996818538702587e-08
2688.0 3.9956206361708437e-08
2689.0 3.9944227336391e-08
2690.0 3.9932248311073574e-08
2691.0 3.992026928575613e-08
2692.0 3.99082902604387e-08
2693.0 3.9896311235121264e-08
2694.0 3.988433220980383e-08
2695.0 3.987235318448639e-08
2696.0 3.986037415916895e-08
2697.0 3.984839513385152e-08
2698.0 3.983641610853408e-08
2699.0 3.982443708321665e-08
2700.0 3.981245805789922e-08
2701.0 3.980047903258178e-08
2702.0 3.978850000726433e-08
2703.0 3.97765209819469e-08
2704.0 3.976454195662947e-08
2705.0 3.975256293131204e-08
2706.0 3.97405839059946e-08
2707.0 3.972860488067717e-08
2708.0 3.971662585535973e-08
2709.0 3.9704646830042284e-08
2710.0 3.9692667804724856e-08
2711.0 3.9680688779407415e-08
2712.0 3.966870975408999e-08
2713.0 3.965673072877255e-08
2714.0 3.964475170345512e-08
2715.0 3.9632772678137676e-08
2716.0 3.962079365282024e-08
2717.0 3.9608814627502814e-08
2718.0 3.9596835602185366e-08
2719.0 3.958485657686794e-08
2720.0 3.9572877551550497e-08
2721.0 3.956089852623306e-08
2722.0 3.9548919500915634e-08
2723.0 3.95369404755982e-08
2724.0 3.9524961450280765e-08
2725.0 3.9512982424963324e-08
2726.0 3.950100339964589e-08
2727.0 3.948902437432846e-08
2728.0 3.947704534901102e-08
2729.0 3.946506632369359e-08
2730.0 3.945308729837616e-08
2731.0 3.944110827305871e-08
2732.0 3.942912924774128e-08
2733.0 3.941715022242384e-08
2734.0 3.9405171197106406e-08
2735.0 3.939319217178897e-08
2736.0 3.938121314647154e-08
2737.0 3.93692341211541e-08
2738.0 3.9357255095836654e-08
2739.0 3.9345276070519226e-08
2740.0 3.9333297045201785e-08
2741.0 3.932131801988436e-08
2742.0 3.9309338994566916e-08
2743.0 3.929735996924949e-08
2744.0 3.9285380943932053e-08
2745.0 3.927340191861461e-08
2746.0 3.9261422893297184e-08
2747.0 3.9249443867979736e-08
2748.0 3.9237464842662315e-08
2749.0 3.922548581734488e-08
2750.0 3.921350679202744e-08
2751.0 3.9201527766710005e-08
2752.0 3.918954874139257e-08
2753.0 3.9177569716075136e-08
2754.0 3.91655906907577e-08
2755.0 3.915361166544026e-08
2756.0 3.9141632640122825e-08
2757.0 3.912965361480539e-08
2758.0 3.9117674589487956e-08
2759.0 3.9105695564170515e-08
2760.0 3.909371653885308e-08
2761.0 3.9081737513535646e-08
2762.0 3.906975848821821e-08
2763.0 3.9057779462900776e-08
2764.0 3.904580043758334e-08
2765.0 3.9033821412265914e-08
2766.0 3.9021842386948466e-08
2767.0 3.900986336163103e-08
2768.0 3.89978843363136e-08
2769.0 3.898590531099616e-08
2770.0 3.8973926285678734e-08
2771.0 3.896194726036129e-08
2772.0 3.894996823504386e-08
2773.0 3.893798920972642e-08
2774.0 3.892601018440898e-08
2775.0 3.891403115909155e-08
2776.0 3.8902052133774114e-08
2777.0 3.889007310845668e-08
2778.0 3.8878094083139244e-08
2779.0 3.886611505782181e-08
2780.0 3.8854136032504375e-08
2781.0 3.884215700718694e-08
2782.0 3.88301779818695e-08
2783.0 3.881819895655207e-08
2784.0 3.880621993123463e-08
2785.0 3.8794240905917196e-08
2786.0 3.878226188059976e-08
2787.0 3.877028285528233e-08
2788.0 3.8758303829964885e-08
2789.0 3.874632480464745e-08
2790.0 3.8734345779330016e-08
2791.0 3.872236675401258e-08
2792.0 3.8710387728695154e-08
2793.0 3.869840870337772e-08
2794.0 3.8686429678060284e-08
2795.0 3.8674450652742837e-08
2796.0 3.86624716274254e-08
2797.0 3.865049260210797e-08
2798.0 3.8638513576790526e-08
2799.0 3.86265345514731e-08
2800.0 3.8614555526155664e-08
2801.0 3.860257650083823e-08
2802.0 3.85905974755208e-08
2803.0 3.8578618450203347e-08
2804.0 3.856663942488592e-08
2805.0 3.855466039956848e-08
2806.0 3.854268137425105e-08
2807.0 3.8530702348933615e-08
2808.0 3.851872332361618e-08
2809.0 3.8506744298298746e-08
2810.0 3.849476527298132e-08
2811.0 3.848278624766387e-08
2812.0 3.847080722234644e-08
2813.0 3.8458828197029e-08
2814.0 3.844684917171157e-08
2815.0 3.843487014639413e-08
2816.0 3.84228911210767e-08
2817.0 3.841091209575926e-08
2818.0 3.839893307044182e-08
2819.0 3.838695404512439e-08
2820.0 3.8374975019806945e-08
2821.0 3.836299599448952e-08
2822.0 3.8351016969172076e-08
2823.0 3.833903794385465e-08
2824.0 3.832705891853722e-08
2825.0 3.8315079893219766e-08
2826.0 3.830310086790234e-08
2827.0 3.82911218425849e-08
2828.0 3.827914281726747e-08
2829.0 3.826716379195003e-08
2830.0 3.82551847666326e-08
2831.0 3.8243205741315165e-08
2832.0 3.8231226715997724e-08
2833.0 3.821924769068029e-08
2834.0 3.820726866536286e-08
2835.0 3.819528964004542e-08
2836.0 3.818331061472799e-08
2837.0 3.817133158941055e-08
2838.0 3.8159352564093116e-08
2839.0 3.814737353877568e-08
2840.0 3.813539451345824e-08
2841.0 3.812341548814081e-08
2842.0 3.8111436462823365e-08
2843.0 3.809945743750594e-08
2844.0 3.80874784121885e-08
2845.0 3.807549938687107e-08
2846.0 3.806352036155363e-08
2847.0 3.8051541336236185e-08
2848.0 3.8039562310918764e-08
2849.0 3.8027583285601316e-08
2850.0 3.801560426028389e-08
2851.0 3.8003625234966453e-08
2852.0 3.799164620964902e-08
2853.0 3.7979667184331584e-08
2854.0 3.7967688159014136e-08
2855.0 3.795570913369671e-08
2856.0 3.794373010837928e-08
2857.0 3.793175108306184e-08
2858.0 3.7919772057744405e-08
2859.0 3.7907793032426964e-08
2860.0 3.7895814007109536e-08
2861.0 3.78838349817921e-08
2862.0 3.787185595647466e-08
2863.0 3.7859876931157225e-08
2864.0 3.7847897905839784e-08
2865.0 3.7835918880522356e-08
2866.0 3.7823939855204915e-08
2867.0 3.781196082988749e-08
2868.0 3.779998180457005e-08
2869.0 3.778800277925261e-08
2870.0 3.7776023753935176e-08
2871.0 3.776404472861774e-08
2872.0 3.7752065703300314e-08
2873.0 3.774008667798287e-08
2874.0 3.7728107652665445e-08
2875.0 3.7716128627348e-08
2876.0 3.770414960203056e-08
2877.0 3.7692170576713134e-08
2878.0 3.768019155139569e-08
2879.0 3.766859076373728e-08
2880.0 3.765715240266837e-08
2881.0 3.7645714041599456e-08
2882.0 3.763427568053055e-08
2883.0 3.7622837319461636e-08
2884.0 3.7611398958392726e-08
2885.0 3.759996059732381e-08
2886.0 3.75885222362549e-08
2887.0 3.757708387518598e-08
2888.0 3.7565645514117066e-08
2889.0 3.755420715304816e-08
2890.0 3.7542768791979246e-08
2891.0 3.7531330430910336e-08
2892.0 3.751989206984143e-08
2893.0 3.750845370877252e-08
2894.0 3.7497015347703607e-08
2895.0 3.748557698663469e-08
2896.0 3.747413862556578e-08
2897.0 3.746270026449687e-08
2898.0 3.7451261903427954e-08
2899.0 3.7439823542359044e-08
2900.0 3.742838518129013e-08
2901.0 3.7416946820221224e-08
2902.0 3.7405508459152314e-08
2903.0 3.73940700980834e-08
2904.0 3.738263173701449e-08
2905.0 3.737119337594557e-08
2906.0 3.735975501487666e-08
2907.0 3.7348316653807744e-08
2908.0 3.733687829273884e-08
2909.0 3.7325439931669925e-08
2910.0 3.7314001570601015e-08
2911.0 3.73025632095321e-08
2912.0 3.729112484846319e-08
2913.0 3.7279686487394285e-08
2914.0 3.726824812632536e-08
2915.0 3.725680976525645e-08
2916.0 3.7245371404187535e-08
2917.0 3.723393304311863e-08
2918.0 3.722249468204972e-08
2919.0 3.7211056320980805e-08
2920.0 3.7199617959911896e-08
2921.0 3.7188179598842986e-08
2922.0 3.717674123777407e-08
2923.0 3.7165302876705166e-08
2924.0 3.7153864515636236e-08
2925.0 3.714242615456733e-08
2926.0 3.713098779349842e-08
2927.0 3.711954943242951e-08
2928.0 3.71081110713606e-08
2929.0 3.7096672710291686e-08
2930.0 3.708523434922277e-08
2931.0 3.707379598815386e-08
2932.0 3.706235762708495e-08
2933.0 3.7050919266016033e-08
2934.0 3.703948090494712e-08
2935.0 3.702804254387821e-08
2936.0 3.701660418280929e-08
2937.0 3.700516582174038e-08
2938.0 3.699372746067148e-08
2939.0 3.698228909960257e-08
2940.0 3.697085073853365e-08
2941.0 3.6959412377464734e-08
2942.0 3.694797401639583e-08
2943.0 3.6936535655326914e-08
2944.0 3.6925097294258e-08
2945.0 3.691365893318909e-08
2946.0 3.6902220572120185e-08
2947.0 3.689078221105127e-08
2948.0 3.6879343849982365e-08
2949.0 3.6867905488913455e-08
2950.0 3.685646712784453e-08
2951.0 3.684502876677562e-08
2952.0 3.683359040570672e-08
2953.0 3.68221520446378e-08
2954.0 3.681071368356889e-08
2955.0 3.6799275322499975e-08
2956.0 3.6787836961431065e-08
2957.0 3.677639860036215e-08
2958.0 3.676496023929323e-08
2959.0 3.675352187822432e-08
2960.0 3.6742083517155406e-08
2961.0 3.6730645156086496e-08
2962.0 3.6719206795017586e-08
2963.0 3.6707768433948676e-08
2964.0 3.6696330072879766e-08
2965.0 3.6684891711810856e-08
2966.0 3.667345335074194e-08
2967.0 3.666201498967303e-08
2968.0 3.665057662860412e-08
2969.0 3.6639138267535197e-08
2970.0 3.662769990646629e-08
2971.0 3.661626154539738e-08
2972.0 3.660482318432847e-08
2973.0 3.6593384823259564e-08
2974.0 3.6581946462190654e-08
2975.0 3.657050810112174e-08
2976.0 3.655906974005282e-08
2977.0 3.654763137898391e-08
2978.0 3.6536193017915e-08
2979.0 3.6524754656846084e-08
2980.0 3.651331629577717e-08
2981.0 3.650187793470826e-08
2982.0 3.6490439573639354e-08
2983.0 3.647900121257044e-08
2984.0 3.646756285150153e-08
2985.0 3.645612449043261e-08
2986.0 3.64446861293637e-08
2987.0 3.6433247768294785e-08
2988.0 3.6421809407225875e-08
2989.0 3.6410371046156965e-08
2990.0 3.6398932685088055e-08
2991.0 3.6387494324019145e-08
2992.0 3.637605596295023e-08
2993.0 3.636461760188132e-08
2994.0 3.6353179240812415e-08
2995.0 3.6341740879743486e-08
2996.0 3.633030251867458e-08
2997.0 3.631886415760567e-08
2998.0 3.630742579653676e-08
2999.0 3.6295987435467846e-08
3000.0 3.6284549074398936e-08
3001.0 3.6273110713330026e-08
3002.0 3.6261672352261116e-08
3003.0 3.6250233991192206e-08
3004.0 3.623879563012329e-08
3005.0 3.622735726905437e-08
3006.0 3.621591890798547e-08
3007.0 3.620448054691655e-08
3008.0 3.619304218584764e-08
3009.0 3.618160382477873e-08
3010.0 3.617016546370982e-08
3011.0 3.61587271026409e-08
3012.0 3.6147288741571984e-08
3013.0 3.613585038050308e-08
3014.0 3.612441201943417e-08
3015.0 3.611297365836525e-08
3016.0 3.610153529729633e-08
3017.0 3.609009693622744e-08
3018.0 3.607865857515852e-08
3019.0 3.6067220214089614e-08
3020.0 3.60557818530207e-08
3021.0 3.604434349195178e-08
3022.0 3.603290513088287e-08
3023.0 3.602146676981397e-08
3024.0 3.6010028408745045e-08
3025.0 3.5998590047676135e-08
3026.0 3.5987151686607225e-08
3027.0 3.5975713325538315e-08
3028.0 3.59642749644694e-08
3029.0 3.595283660340049e-08
3030.0 3.5941398242331585e-08
3031.0 3.592995988126266e-08
3032.0 3.591852152019375e-08
3033.0 3.590708315912484e-08
3034.0 3.589564479805593e-08
3035.0 3.5884206436987016e-08
3036.0 3.58727680759181e-08
3037.0 3.586132971484919e-08
3038.0 3.584989135378028e-08
3039.0 3.583845299271136e-08
3040.0 3.5827014631642446e-08
3041.0 3.581557627057353e-08
3042.0 3.5804137909504626e-08
3043.0 3.5792699548435716e-08
3044.0 3.5781261187366806e-08
3045.0 3.5769822826297897e-08
3046.0 3.5758384465228987e-08
3047.0 3.574694610416007e-08
3048.0 3.573550774309116e-08
3049.0 3.572406938202225e-08
3050.0 3.5712631020953334e-08
3051.0 3.5701192659884424e-08
3052.0 3.568975429881552e-08
3053.0 3.5678315937746604e-08
3054.0 3.566687757667769e-08
3055.0 3.5655439215608784e-08
3056.0 3.564400085453987e-08
3057.0 3.563256249347096e-08
3058.0 3.562112413240204e-08
3059.0 3.560968577133313e-08
3060.0 3.5598247410264215e-08
3061.0 3.5586809049195305e-08
3062.0 3.5575370688126395e-08
3063.0 3.556393232705748e-08
3064.0 3.555249396598857e-08
3065.0 3.5541055604919665e-08
3066.0 3.5529617243850735e-08
3067.0 3.551817888278183e-08
3068.0 3.5506740521712915e-08
3069.0 3.549530216064401e-08
3070.0 3.548386379957509e-08
3071.0 3.5472425438506185e-08
3072.0 3.546098707743728e-08
3073.0 3.5449548716368366e-08
3074.0 3.543811035529945e-08
3075.0 3.542667199423054e-08
3076.0 3.541523363316162e-08
3077.0 3.540379527209271e-08
3078.0 3.53923569110238e-08
3079.0 3.5380918549954886e-08
3080.0 3.5369480188885976e-08
3081.0 3.5358041827817066e-08
3082.0 3.534660346674816e-08
3083.0 3.533516510567924e-08
3084.0 3.5323726744610337e-08
3085.0 3.531228838354142e-08
3086.0 3.5300850022472503e-08
3087.0 3.5289411661403594e-08
3088.0 3.5277973300334684e-08
3089.0 3.526653493926576e-08
3090.0 3.525509657819686e-08
3091.0 3.524365821712795e-08
3092.0 3.523221985605903e-08
3093.0 3.5220781494990114e-08
3094.0 3.520934313392121e-08
3095.0 3.51979047728523e-08
3096.0 3.5186466411783384e-08
3097.0 3.5175028050714474e-08
3098.0 3.5163589689645565e-08
3099.0 3.515215132857665e-08
3100.0 3.514071296750774e-08
