2.0 1.8396612147183328e-07
3.0 2.4575702941711483e-07
4.0 3.0217553563276736e-07
5.0 3.533754360998138e-07
6.0 3.9962634027471343e-07
7.0 4.4136206479983654e-07
8.0 4.787487750516385e-07
9.0 5.122906501842026e-07
10.0 5.422493933548997e-07
11.0 5.691979352723535e-07
12.0 5.926168822951539e-07
13.0 6.135132806372322e-07
14.0 6.318682290941615e-07
15.0 6.476963696570341e-07
16.0 6.614827775242782e-07
17.0 6.730383757242902e-07
18.0 6.824154275701114e-07
19.0 6.900571230421803e-07
20.0 6.962833370361631e-07
21.0 7.005107062601854e-07
22.0 7.034352108349247e-07
23.0 7.051049887736582e-07
24.0 7.048059997358575e-07
25.0 7.040398936582443e-07
26.0 7.015699139558661e-07
27.0 6.988374743148898e-07
28.0 6.946315344096839e-07
29.0 6.90292467064979e-07
30.0 6.8448594852184e-07
31.0 6.786794299787007e-07
32.0 6.718998123913923e-07
33.0 6.64956324908318e-07
34.0 6.577367552887966e-07
35.0 6.501891640058546e-07
36.0 6.426415727229125e-07
37.0 6.347742436526438e-07
38.0 6.268605599494341e-07
39.0 6.189269134773139e-07
40.0 6.107932447104463e-07
41.0 6.026595759435788e-07
42.0 5.945437337723879e-07
43.0 5.866001522027305e-07
44.0 5.786565706330733e-07
45.0 5.707129890634158e-07
46.0 5.631190909378128e-07
47.0 5.555793117706848e-07
48.0 5.480395326035567e-07
49.0 5.40640472243128e-07
50.0 5.334619253313194e-07
51.0 5.262833784195109e-07
52.0 5.191048315077023e-07
53.0 5.122135522520996e-07
54.0 5.054801345382827e-07
55.0 4.987467168244657e-07
56.0 4.920132991106485e-07
57.0 4.85609749729823e-07
58.0 4.794146560551734e-07
59.0 4.7321956238052394e-07
60.0 4.6702446870587445e-07
61.0 4.6095515730201963e-07
62.0 4.5522666315637943e-07
63.0 4.4949816901073934e-07
64.0 4.4376967486509904e-07
65.0 4.3804118071945895e-07
66.0 4.325674212049528e-07
67.0 4.2726933627225154e-07
68.0 4.2197125133955004e-07
69.0 4.166731664068486e-07
70.0 4.1137508147414715e-07
71.0 4.06349524948743e-07
72.0 4.015435338475995e-07
73.0 3.967375427464561e-07
74.0 3.9193155164531264e-07
75.0 3.8712556054416905e-07
76.0 3.8237257480266083e-07
77.0 3.7798155241524516e-07
78.0 3.7359053002782955e-07
79.0 3.691995076404137e-07
80.0 3.6480848525299816e-07
81.0 3.604174628655824e-07
82.0 3.561314080313779e-07
83.0 3.521103650719039e-07
84.0 3.480893221124299e-07
85.0 3.4406827915295577e-07
86.0 3.4004723619348155e-07
87.0 3.360261932340075e-07
88.0 3.3200515027453344e-07
89.0 3.283924277665114e-07
90.0 3.247840140780772e-07
91.0 3.2117560038964293e-07
92.0 3.175671867012088e-07
93.0 3.1395877301277456e-07
94.0 3.103503593243404e-07
95.0 3.068207476801795e-07
96.0 3.035865136126208e-07
97.0 3.003522795450622e-07
98.0 2.971180454775034e-07
99.0 2.9388381140994467e-07
100.0 2.90649577342386e-07
101.0 2.874153432748273e-07
102.0 2.841811092072687e-07
103.0 2.8122408317286176e-07
104.0 2.782946422351736e-07
105.0 2.7536520129748545e-07
106.0 2.724357603597972e-07
107.0 2.69506319422109e-07
108.0 2.6657687848442074e-07
109.0 2.636474375467326e-07
110.0 2.607339597622576e-07
111.0 2.5815133167413116e-07
112.0 2.555687035860047e-07
113.0 2.529860754978783e-07
114.0 2.5040344740975185e-07
115.0 2.478208193216254e-07
116.0 2.4523819123349897e-07
117.0 2.4265556314537253e-07
118.0 2.400729350572461e-07
119.0 2.3766850732468233e-07
120.0 2.3539478229545182e-07
121.0 2.3312105726622138e-07
122.0 2.308473322369908e-07
123.0 2.2857360720776037e-07
124.0 2.262998821785299e-07
125.0 2.2402615714929941e-07
126.0 2.2175243212006895e-07
127.0 2.1947870709083846e-07
128.0 2.173189940250691e-07
129.0 2.1529562323219146e-07
130.0 2.1327225243931382e-07
131.0 2.112488816464362e-07
132.0 2.0922551085355856e-07
133.0 2.07202140060681e-07
134.0 2.0517876926780333e-07
135.0 2.0315539847492572e-07
136.0 2.0113202768204808e-07
137.0 1.991086568891705e-07
138.0 1.9725306209743535e-07
139.0 1.9549543428325044e-07
140.0 1.9373780646906556e-07
141.0 1.9198017865488062e-07
142.0 1.9022255084069582e-07
143.0 1.8846492302651089e-07
144.0 1.8670729521232603e-07
145.0 1.8494966739814112e-07
146.0 1.8319203958395624e-07
147.0 1.8143441176977133e-07
148.0 1.7968916442053182e-07
149.0 1.7817621728747238e-07
150.0 1.766632701544129e-07
151.0 1.7515032302135345e-07
152.0 1.7363737588829395e-07
153.0 1.7212442875523449e-07
154.0 1.706114816221751e-07
155.0 1.6909853448911563e-07
156.0 1.6758558735605614e-07
157.0 1.660726402229967e-07
158.0 1.6455969308993723e-07
159.0 1.630467459568778e-07
160.0 1.6165864854623643e-07
161.0 1.603363485146048e-07
162.0 1.5901404848297314e-07
163.0 1.5769174845134147e-07
164.0 1.5636944841970988e-07
165.0 1.550471483880782e-07
166.0 1.5372484835644662e-07
167.0 1.524025483248149e-07
168.0 1.5108024829318328e-07
169.0 1.4975794826155166e-07
170.0 1.4843564822991999e-07
171.0 1.4711334819828837e-07
172.0 1.4586291053771666e-07
173.0 1.4472902849419359e-07
174.0 1.435951464506705e-07
175.0 1.4246126440714746e-07
176.0 1.4132738236362432e-07
177.0 1.4019350032010125e-07
178.0 1.3905961827657817e-07
179.0 1.3792573623305506e-07
180.0 1.36791854189532e-07
181.0 1.3565797214600893e-07
182.0 1.3452409010248585e-07
183.0 1.3339020805896275e-07
184.0 1.3225632601543967e-07
185.0 1.3115102938686412e-07
186.0 1.3019298621368236e-07
187.0 1.2923494304050063e-07
188.0 1.2827689986731892e-07
189.0 1.2731885669413724e-07
190.0 1.2636081352095548e-07
191.0 1.2540277034777377e-07
192.0 1.2444472717459204e-07
193.0 1.2348668400141033e-07
194.0 1.2252864082822862e-07
195.0 1.2157059765504689e-07
196.0 1.2061255448186515e-07
197.0 1.1965451130868342e-07
198.0 1.1869646813550171e-07
199.0 1.1773842496232002e-07
200.0 1.1690639685033739e-07
201.0 1.1608450380958433e-07
202.0 1.1526261076883131e-07
203.0 1.144407177280783e-07
204.0 1.1361882468732525e-07
205.0 1.1279693164657224e-07
206.0 1.119750386058192e-07
207.0 1.1115314556506616e-07
208.0 1.1033125252431314e-07
209.0 1.0950935948356012e-07
210.0 1.086874664428071e-07
211.0 1.0786557340205408e-07
212.0 1.0704368036130104e-07
213.0 1.0622178732054803e-07
214.0 1.05399894279795e-07
215.0 1.0465299376965971e-07
216.0 1.0395778687070404e-07
217.0 1.0326257997174833e-07
218.0 1.0256737307279262e-07
219.0 1.0187216617383695e-07
220.0 1.0117695927488127e-07
221.0 1.0048175237592557e-07
222.0 9.97865454769699e-08
223.0 9.90913385780142e-08
224.0 9.839613167905848e-08
225.0 9.770092478010281e-08
226.0 9.700571788114709e-08
227.0 9.63105109821914e-08
228.0 9.561530408323573e-08
229.0 9.492009718428002e-08
230.0 9.422489028532435e-08
231.0 9.353862025315926e-08
232.0 9.29590438583818e-08
233.0 9.237946746360434e-08
234.0 9.179989106882688e-08
235.0 9.122031467404944e-08
236.0 9.064073827927198e-08
237.0 9.00611618844945e-08
238.0 8.948158548971702e-08
239.0 8.890200909493957e-08
240.0 8.832243270016211e-08
241.0 8.774285630538465e-08
242.0 8.716327991060721e-08
243.0 8.658370351582973e-08
244.0 8.600412712105225e-08
245.0 8.542455072627479e-08
246.0 8.484497433149732e-08
247.0 8.426539793671986e-08
248.0 8.368582154194241e-08
249.0 8.313311164967586e-08
250.0 8.264599108590001e-08
251.0 8.215887052212415e-08
252.0 8.167174995834829e-08
253.0 8.118462939457242e-08
254.0 8.069750883079657e-08
255.0 8.021038826702072e-08
256.0 7.972326770324486e-08
257.0 7.9236147139469e-08
258.0 7.874902657569313e-08
259.0 7.826190601191728e-08
260.0 7.777478544814141e-08
261.0 7.728766488436556e-08
262.0 7.680054432058972e-08
263.0 7.631342375681383e-08
264.0 7.5826303193038e-08
265.0 7.533918262926214e-08
266.0 7.485206206548626e-08
267.0 7.43649415017104e-08
268.0 7.388825788339297e-08
269.0 7.347909744411054e-08
270.0 7.30699370048281e-08
271.0 7.266077656554567e-08
272.0 7.225161612626324e-08
273.0 7.18424556869808e-08
274.0 7.143329524769836e-08
275.0 7.102413480841592e-08
276.0 7.06149743691335e-08
277.0 7.020581392985106e-08
278.0 6.979665349056863e-08
279.0 6.938749305128619e-08
280.0 6.897833261200376e-08
281.0 6.856917217272132e-08
282.0 6.816001173343889e-08
283.0 6.775085129415646e-08
284.0 6.7341690854874e-08
285.0 6.693253041559158e-08
286.0 6.652336997630914e-08
287.0 6.61142095370267e-08
288.0 6.570504909774428e-08
289.0 6.533296468480946e-08
290.0 6.499771568026057e-08
291.0 6.46624666757117e-08
292.0 6.432721767116285e-08
293.0 6.399196866661397e-08
294.0 6.36567196620651e-08
295.0 6.332147065751623e-08
296.0 6.298622165296738e-08
297.0 6.265097264841852e-08
298.0 6.231572364386963e-08
299.0 6.198047463932076e-08
300.0 6.16452256347719e-08
301.0 6.130997663022304e-08
302.0 6.097472762567415e-08
303.0 6.06394786211253e-08
304.0 6.030422961657644e-08
305.0 5.996898061202757e-08
306.0 5.96337316074787e-08
307.0 5.929848260292982e-08
308.0 5.8963233598380954e-08
309.0 5.86279845938321e-08
310.0 5.829273558928322e-08
311.0 5.7973515699444406e-08
312.0 5.769547430405232e-08
313.0 5.7417432908660235e-08
314.0 5.713939151326815e-08
315.0 5.686135011787607e-08
316.0 5.658330872248398e-08
317.0 5.63052673270919e-08
318.0 5.602722593169982e-08
319.0 5.574918453630774e-08
320.0 5.5471143140915674e-08
321.0 5.5193101745523585e-08
322.0 5.4915060350131516e-08
323.0 5.463701895473942e-08
324.0 5.4358977559347345e-08
325.0 5.408093616395526e-08
326.0 5.380289476856318e-08
327.0 5.352485337317109e-08
328.0 5.324681197777902e-08
329.0 5.2968770582386935e-08
330.0 5.269072918699486e-08
331.0 5.2412687791602764e-08
332.0 5.2134646396210695e-08
333.0 5.185660500081861e-08
334.0 5.157856360542656e-08
335.0 5.131671724369495e-08
336.0 5.108532565807533e-08
337.0 5.0853934072455707e-08
338.0 5.062254248683608e-08
339.0 5.039115090121647e-08
340.0 5.015975931559686e-08
341.0 4.992836772997722e-08
342.0 4.969697614435761e-08
343.0 4.946558455873798e-08
344.0 4.9234192973118365e-08
345.0 4.9002801387498745e-08
346.0 4.877140980187913e-08
347.0 4.8540018216259505e-08
348.0 4.83086266306399e-08
349.0 4.807723504502028e-08
350.0 4.784584345940066e-08
351.0 4.761445187378103e-08
352.0 4.7383060288161404e-08
353.0 4.715166870254179e-08
354.0 4.692027711692218e-08
355.0 4.668888553130256e-08
356.0 4.6457493945682936e-08
357.0 4.6226102360063316e-08
358.0 4.59947107744437e-08
359.0 4.576331918882409e-08
360.0 4.5531927603204455e-08
361.0 4.532499629721445e-08
362.0 4.513646465394994e-08
363.0 4.494793301068543e-08
364.0 4.475940136742091e-08
365.0 4.457086972415641e-08
366.0 4.438233808089189e-08
367.0 4.4193806437627404e-08
368.0 4.4005274794362894e-08
369.0 4.3816743151098385e-08
370.0 4.3628211507833875e-08
371.0 4.343967986456936e-08
372.0 4.325114822130484e-08
373.0 4.3062616578040347e-08
374.0 4.287408493477582e-08
375.0 4.268555329151132e-08
376.0 4.2497021648246825e-08
377.0 4.230849000498229e-08
378.0 4.211995836171779e-08
379.0 4.193142671845327e-08
380.0 4.174289507518876e-08
381.0 4.155436343192426e-08
382.0 4.136583178865974e-08
383.0 4.117730014539524e-08
384.0 4.098876850213074e-08
385.0 4.080023685886622e-08
386.0 4.061170521560172e-08
387.0 4.04231735723372e-08
388.0 4.023464192907269e-08
389.0 4.007432713967101e-08
390.0 3.9920681721930944e-08
391.0 3.976703630419086e-08
392.0 3.961339088645078e-08
393.0 3.945974546871069e-08
394.0 3.9306100050970625e-08
395.0 3.9152454633230547e-08
396.0 3.8998809215490475e-08
397.0 3.88451637977504e-08
398.0 3.869151838001031e-08
399.0 3.853787296227025e-08
400.0 3.838422754453017e-08
401.0 3.823058212679009e-08
402.0 3.807693670905e-08
403.0 3.7923291291309935e-08
404.0 3.7769645873569844e-08
405.0 3.7616000455829766e-08
406.0 3.746235503808969e-08
407.0 3.730870962034962e-08
408.0 3.715506420260954e-08
409.0 3.700141878486946e-08
410.0 3.684777336712939e-08
411.0 3.669412794938932e-08
412.0 3.654048253164923e-08
413.0 3.638683711390915e-08
414.0 3.623319169616907e-08
415.0 3.6079546278429e-08
416.0 3.592590086068891e-08
417.0 3.577225544294884e-08
418.0 3.561861002520876e-08
419.0 3.5489306836077594e-08
420.0 3.536245223319876e-08
421.0 3.5235597630319924e-08
422.0 3.510874302744109e-08
423.0 3.498188842456225e-08
424.0 3.485503382168341e-08
425.0 3.472817921880458e-08
426.0 3.460132461592574e-08
427.0 3.447447001304691e-08
428.0 3.434761541016807e-08
429.0 3.422076080728924e-08
430.0 3.4093906204410395e-08
431.0 3.396705160153156e-08
432.0 3.384019699865272e-08
433.0 3.3713342395773883e-08
434.0 3.358648779289505e-08
435.0 3.345963319001621e-08
436.0 3.333277858713737e-08
437.0 3.320592398425853e-08
438.0 3.3079069381379715e-08
439.0 3.2952214778500866e-08
440.0 3.2825360175622025e-08
441.0 3.269850557274319e-08
442.0 3.257165096986436e-08
443.0 3.244479636698552e-08
444.0 3.2317941764106684e-08
445.0 3.219108716122784e-08
446.0 3.206423255834901e-08
447.0 3.193737795547017e-08
448.0 3.181052335259134e-08
449.0 3.168366874971251e-08
450.0 3.155681414683367e-08
451.0 3.1447031307801235e-08
452.0 3.134438053736647e-08
453.0 3.12417297669317e-08
454.0 3.113907899649693e-08
455.0 3.1036428226062166e-08
456.0 3.09337774556274e-08
457.0 3.083112668519263e-08
458.0 3.072847591475787e-08
459.0 3.06258251443231e-08
460.0 3.0523174373888334e-08
461.0 3.0420523603453564e-08
462.0 3.03178728330188e-08
463.0 3.0215222062584036e-08
464.0 3.0112571292149266e-08
465.0 3.00099205217145e-08
466.0 2.9907269751279725e-08
467.0 2.9804618980844954e-08
468.0 2.9701968210410204e-08
469.0 2.9599317439975423e-08
470.0 2.9496666669540653e-08
471.0 2.9394015899105896e-08
472.0 2.9291365128671132e-08
473.0 2.9188714358236365e-08
474.0 2.9086063587801588e-08
475.0 2.8983412817366824e-08
476.0 2.888076204693206e-08
477.0 2.8778111276497286e-08
478.0 2.8675460506062522e-08
479.0 2.8572809735627755e-08
480.0 2.8470158965192995e-08
481.0 2.8367508194758224e-08
482.0 2.8264857424323457e-08
483.0 2.816220665388869e-08
484.0 2.805955588345392e-08
485.0 2.7957334371241178e-08
486.0 2.787453585009369e-08
487.0 2.7791737328946192e-08
488.0 2.770893880779871e-08
489.0 2.762614028665121e-08
490.0 2.754334176550372e-08
491.0 2.7460543244356224e-08
492.0 2.7377744723208734e-08
493.0 2.7294946202061235e-08
494.0 2.721214768091375e-08
495.0 2.7129349159766252e-08
496.0 2.704655063861876e-08
497.0 2.6963752117471257e-08
498.0 2.688095359632377e-08
499.0 2.6798155075176278e-08
500.0 2.671535655402879e-08
501.0 2.6632558032881295e-08
502.0 2.6549759511733802e-08
503.0 2.6466960990586303e-08
504.0 2.6384162469438813e-08
505.0 2.630136394829132e-08
506.0 2.621856542714383e-08
507.0 2.6135766905996328e-08
508.0 2.6052968384848842e-08
509.0 2.5970169863701343e-08
510.0 2.5887371342553856e-08
511.0 2.5804572821406363e-08
512.0 2.5721774300258874e-08
513.0 2.5638975779111374e-08
514.0 2.5556177257963885e-08
515.0 2.5473378736816382e-08
516.0 2.53905802156689e-08
517.0 2.5307781694521403e-08
518.0 2.5224983173373914e-08
519.0 2.5142184652226424e-08
520.0 2.5059386131078915e-08
521.0 2.497658760993143e-08
522.0 2.4893789088783936e-08
523.0 2.482081729782582e-08
524.0 2.475276438059357e-08
525.0 2.4684711463361323e-08
526.0 2.4616658546129067e-08
527.0 2.4548605628896817e-08
528.0 2.4480552711664567e-08
529.0 2.441249979443232e-08
530.0 2.4344446877200068e-08
531.0 2.427639395996782e-08
532.0 2.4208341042735562e-08
533.0 2.4140288125503316e-08
534.0 2.4072235208271066e-08
535.0 2.4004182291038816e-08
536.0 2.3936129373806567e-08
537.0 2.386807645657431e-08
538.0 2.380002353934206e-08
539.0 2.3731970622109814e-08
540.0 2.3663917704877568e-08
541.0 2.3595864787645325e-08
542.0 2.3527811870413065e-08
543.0 2.345975895318082e-08
544.0 2.3391706035948562e-08
545.0 2.3323653118716316e-08
546.0 2.3255600201484063e-08
547.0 2.3187547284251816e-08
548.0 2.3119494367019567e-08
549.0 2.3051441449787314e-08
550.0 2.2983388532555064e-08
551.0 2.291533561532281e-08
552.0 2.2847282698090568e-08
553.0 2.2779229780858318e-08
554.0 2.271117686362606e-08
555.0 2.2643123946393815e-08
556.0 2.257507102916156e-08
557.0 2.2507018111929313e-08
558.0 2.2438965194697063e-08
559.0 2.2370912277464817e-08
560.0 2.2302859360232557e-08
561.0 2.223480644300031e-08
562.0 2.2166753525768064e-08
563.0 2.2104520126178158e-08
564.0 2.2049877857600622e-08
565.0 2.1995235589023083e-08
566.0 2.1940593320445544e-08
567.0 2.1885951051868012e-08
568.0 2.1831308783290466e-08
569.0 2.1776666514712928e-08
570.0 2.1722024246135392e-08
571.0 2.166738197755785e-08
572.0 2.1612739708980317e-08
573.0 2.1558097440402778e-08
574.0 2.150345517182524e-08
575.0 2.1448812903247707e-08
576.0 2.1394170634670168e-08
577.0 2.133952836609263e-08
578.0 2.1284886097515087e-08
579.0 2.123024382893755e-08
580.0 2.1175601560360015e-08
581.0 2.112095929178247e-08
582.0 2.1066317023204937e-08
583.0 2.10116747546274e-08
584.0 2.0957032486049866e-08
585.0 2.0902390217472324e-08
586.0 2.0847747948894785e-08
587.0 2.0793105680317252e-08
588.0 2.0738463411739707e-08
589.0 2.068382114316217e-08
590.0 2.062917887458464e-08
591.0 2.0574536606007097e-08
592.0 2.0519894337429558e-08
593.0 2.0465252068852015e-08
594.0 2.041060980027448e-08
595.0 2.0355967531696937e-08
596.0 2.0301325263119405e-08
597.0 2.0246682994541866e-08
598.0 2.0192040725964327e-08
599.0 2.0137398457386785e-08
600.0 2.0082756188809246e-08
601.0 2.0028113920231713e-08
602.0 1.9973471651654178e-08
603.0 1.9918829383076632e-08
604.0 1.9864187114499103e-08
605.0 1.980954484592156e-08
606.0 1.975601470309779e-08
607.0 1.9712212657712027e-08
608.0 1.9668410612326265e-08
609.0 1.9624608566940506e-08
610.0 1.9580806521554743e-08
611.0 1.9537004476168987e-08
612.0 1.9493202430783225e-08
613.0 1.944940038539746e-08
614.0 1.9405598340011703e-08
615.0 1.9361796294625938e-08
616.0 1.9317994249240175e-08
617.0 1.9274192203854423e-08
618.0 1.9230390158468654e-08
619.0 1.918658811308289e-08
620.0 1.914278606769714e-08
621.0 1.9098984022311367e-08
622.0 1.905518197692561e-08
623.0 1.901137993153985e-08
624.0 1.896757788615409e-08
625.0 1.8923775840768327e-08
626.0 1.8879973795382568e-08
627.0 1.8836171749996802e-08
628.0 1.8792369704611046e-08
629.0 1.8748567659225284e-08
630.0 1.8704765613839525e-08
631.0 1.866096356845376e-08
632.0 1.8617161523067997e-08
633.0 1.8573359477682238e-08
634.0 1.852955743229648e-08
635.0 1.8485755386910723e-08
636.0 1.844195334152496e-08
637.0 1.8398151296139198e-08
638.0 1.835434925075343e-08
639.0 1.8310547205367673e-08
640.0 1.8266745159981914e-08
641.0 1.8222943114596155e-08
642.0 1.817914106921039e-08
643.0 1.813533902382463e-08
644.0 1.8091536978438864e-08
645.0 1.8047734933053102e-08
646.0 1.800393288766735e-08
647.0 1.7960130842281584e-08
648.0 1.791632879689582e-08
649.0 1.7872526751510062e-08
650.0 1.78287247061243e-08
651.0 1.7784922660738544e-08
652.0 1.7741120615352772e-08
653.0 1.7700805773331576e-08
654.0 1.766504500957181e-08
655.0 1.762928424581204e-08
656.0 1.759352348205227e-08
657.0 1.75577627182925e-08
658.0 1.7522001954532734e-08
659.0 1.7486241190772962e-08
660.0 1.7450480427013196e-08
661.0 1.7414719663253427e-08
662.0 1.7378958899493658e-08
663.0 1.734319813573389e-08
664.0 1.7307437371974123e-08
665.0 1.7271676608214347e-08
666.0 1.723591584445458e-08
667.0 1.7200155080694812e-08
668.0 1.7164394316935043e-08
669.0 1.7128633553175277e-08
670.0 1.709287278941551e-08
671.0 1.705711202565574e-08
672.0 1.702135126189597e-08
673.0 1.69855904981362e-08
674.0 1.6949829734376432e-08
675.0 1.6914068970616666e-08
676.0 1.6878308206856893e-08
677.0 1.6842547443097124e-08
678.0 1.6806786679337355e-08
679.0 1.6771025915577586e-08
680.0 1.6735265151817817e-08
681.0 1.6699504388058048e-08
682.0 1.6663743624298282e-08
683.0 1.6627982860538513e-08
684.0 1.6592222096778747e-08
685.0 1.6556461333018978e-08
686.0 1.6520700569259212e-08
687.0 1.6484939805499437e-08
688.0 1.6449179041739667e-08
689.0 1.64134182779799e-08
690.0 1.637765751422013e-08
691.0 1.634189675046036e-08
692.0 1.6306135986700594e-08
693.0 1.6270375222940822e-08
694.0 1.6234614459181053e-08
695.0 1.6198853695421287e-08
696.0 1.6163092931661515e-08
697.0 1.612733216790175e-08
698.0 1.6091571404141983e-08
699.0 1.605581064038221e-08
700.0 1.6020049876622445e-08
701.0 1.5984289112862676e-08
702.0 1.5948528349102907e-08
703.0 1.591394565345928e-08
704.0 1.588511132382305e-08
705.0 1.5856276994186815e-08
706.0 1.582744266455058e-08
707.0 1.5798608334914345e-08
708.0 1.576977400527811e-08
709.0 1.5740939675641874e-08
710.0 1.5712105346005642e-08
711.0 1.568327101636941e-08
712.0 1.5654436686733172e-08
713.0 1.5625602357096937e-08
714.0 1.5596768027460702e-08
715.0 1.5567933697824467e-08
716.0 1.553909936818823e-08
717.0 1.5510265038552003e-08
718.0 1.5481430708915768e-08
719.0 1.545259637927953e-08
720.0 1.5423762049643297e-08
721.0 1.5394927720007062e-08
722.0 1.5366093390370824e-08
723.0 1.5337259060734592e-08
724.0 1.530842473109836e-08
725.0 1.527959040146212e-08
726.0 1.525075607182589e-08
727.0 1.522192174218965e-08
728.0 1.519308741255342e-08
729.0 1.5164253082917187e-08
730.0 1.5135418753280952e-08
731.0 1.5106584423644717e-08
732.0 1.5077750094008482e-08
733.0 1.5048915764372247e-08
734.0 1.5020081434736015e-08
735.0 1.499124710509978e-08
736.0 1.4962412775463544e-08
737.0 1.493357844582731e-08
738.0 1.4904744116191074e-08
739.0 1.487590978655484e-08
740.0 1.4847075456918605e-08
741.0 1.4818241127282372e-08
742.0 1.4789406797646135e-08
743.0 1.4760572468009898e-08
744.0 1.4731738138373668e-08
745.0 1.4702903808737435e-08
746.0 1.4674069479101198e-08
747.0 1.4645235149464963e-08
748.0 1.4616400819828727e-08
749.0 1.4587566490192495e-08
750.0 1.4558732160556262e-08
751.0 1.4529897830920023e-08
752.0 1.4501063501283792e-08
753.0 1.4472229171647555e-08
754.0 1.4443394842011321e-08
755.0 1.4414560512375086e-08
756.0 1.4385726182738851e-08
757.0 1.4357099590129602e-08
758.0 1.4334204448209648e-08
759.0 1.431130930628969e-08
760.0 1.4288414164369733e-08
761.0 1.4265519022449775e-08
762.0 1.4242623880529821e-08
763.0 1.4219728738609863e-08
764.0 1.4196833596689906e-08
765.0 1.4173938454769948e-08
766.0 1.4151043312849995e-08
767.0 1.4128148170930036e-08
768.0 1.4105253029010079e-08
769.0 1.4082357887090124e-08
770.0 1.4059462745170168e-08
771.0 1.4036567603250212e-08
772.0 1.4013672461330255e-08
773.0 1.3990777319410297e-08
774.0 1.3967882177490338e-08
775.0 1.3944987035570384e-08
776.0 1.392209189365043e-08
777.0 1.3899196751730472e-08
778.0 1.3876301609810514e-08
779.0 1.385340646789056e-08
780.0 1.38305113259706e-08
781.0 1.3807616184050645e-08
782.0 1.3784721042130687e-08
783.0 1.376182590021073e-08
784.0 1.3738930758290775e-08
785.0 1.3716035616370819e-08
786.0 1.3693140474450862e-08
787.0 1.3670245332530907e-08
788.0 1.3647350190610948e-08
789.0 1.3624455048690994e-08
790.0 1.3601559906771036e-08
791.0 1.3578664764851082e-08
792.0 1.3555769622931124e-08
793.0 1.3532874481011167e-08
794.0 1.3509979339091209e-08
795.0 1.3487084197171256e-08
796.0 1.3464189055251295e-08
797.0 1.3441293913331341e-08
798.0 1.3418398771411384e-08
799.0 1.3395503629491426e-08
800.0 1.3372608487571472e-08
801.0 1.3349713345651514e-08
802.0 1.3326818203731556e-08
803.0 1.3303923061811599e-08
804.0 1.3281027919891641e-08
805.0 1.3258132777971684e-08
806.0 1.3235237636051726e-08
807.0 1.3212342494131773e-08
808.0 1.3189447352211819e-08
809.0 1.3166552210291858e-08
810.0 1.3143657068371904e-08
811.0 1.3120761926451948e-08
812.0 1.309786678453199e-08
813.0 1.3074971642612033e-08
814.0 1.3052076500692078e-08
815.0 1.3029181358772121e-08
816.0 1.3009342361706402e-08
817.0 1.2990632895775298e-08
818.0 1.2971923429844192e-08
819.0 1.2953213963913088e-08
820.0 1.293450449798199e-08
821.0 1.2915795032050885e-08
822.0 1.2897085566119781e-08
823.0 1.287837610018868e-08
824.0 1.2859666634257575e-08
825.0 1.2840957168326472e-08
826.0 1.2822247702395366e-08
827.0 1.2803538236464264e-08
828.0 1.278482877053316e-08
829.0 1.2766119304602057e-08
830.0 1.2747409838670953e-08
831.0 1.2728700372739849e-08
832.0 1.2709990906808747e-08
833.0 1.2691281440877644e-08
834.0 1.2672571974946539e-08
835.0 1.2653862509015436e-08
836.0 1.2635153043084332e-08
837.0 1.2616443577153231e-08
838.0 1.2597734111222125e-08
839.0 1.2579024645291025e-08
840.0 1.2560315179359917e-08
841.0 1.2541605713428816e-08
842.0 1.2522896247497714e-08
843.0 1.2504186781566607e-08
844.0 1.2485477315635503e-08
845.0 1.2466767849704402e-08
846.0 1.2448058383773298e-08
847.0 1.2429348917842194e-08
848.0 1.2410639451911094e-08
849.0 1.2391929985979989e-08
850.0 1.2373220520048883e-08
851.0 1.235451105411778e-08
852.0 1.233580158818668e-08
853.0 1.2317092122255574e-08
854.0 1.2298382656324468e-08
855.0 1.2279673190393369e-08
856.0 1.2260963724462262e-08
857.0 1.2242254258531161e-08
858.0 1.2223544792600058e-08
859.0 1.2204835326668951e-08
860.0 1.2186125860737852e-08
861.0 1.2167416394806746e-08
862.0 1.214870692887564e-08
863.0 1.212999746294454e-08
864.0 1.2111287997013439e-08
865.0 1.2092578531082335e-08
866.0 1.2073869065151227e-08
867.0 1.2055159599220125e-08
868.0 1.2036450133289024e-08
869.0 1.2017740667357918e-08
870.0 1.1999031201426816e-08
871.0 1.1980321735495712e-08
872.0 1.1961612269564611e-08
873.0 1.1942902803633505e-08
874.0 1.1924193337702406e-08
875.0 1.1905483871771297e-08
876.0 1.1886774405840191e-08
877.0 1.1868064939909092e-08
878.0 1.1849355473977988e-08
879.0 1.1834024018154745e-08
880.0 1.1818929675417955e-08
881.0 1.180383533268116e-08
882.0 1.1788740989944368e-08
883.0 1.1773646647207575e-08
884.0 1.1758552304470781e-08
885.0 1.174345796173399e-08
886.0 1.17283636189972e-08
887.0 1.1713269276260405e-08
888.0 1.1698174933523615e-08
889.0 1.1683080590786821e-08
890.0 1.1667986248050026e-08
891.0 1.1652891905313233e-08
892.0 1.163779756257644e-08
893.0 1.162270321983965e-08
894.0 1.1607608877102858e-08
895.0 1.1592514534366063e-08
896.0 1.157742019162927e-08
897.0 1.156232584889248e-08
898.0 1.154723150615569e-08
899.0 1.1532137163418896e-08
900.0 1.15170428206821e-08
901.0 1.1501948477945305e-08
902.0 1.1486854135208516e-08
903.0 1.1471759792471725e-08
904.0 1.145666544973493e-08
905.0 1.144157110699814e-08
906.0 1.1426476764261348e-08
907.0 1.1411382421524551e-08
908.0 1.1396288078787765e-08
909.0 1.1381193736050968e-08
910.0 1.1366099393314178e-08
911.0 1.1351005050577385e-08
912.0 1.1335910707840591e-08
913.0 1.1320816365103796e-08
914.0 1.1305722022367006e-08
915.0 1.1290627679630213e-08
916.0 1.1275533336893421e-08
917.0 1.126043899415663e-08
918.0 1.1245344651419835e-08
919.0 1.1230250308683045e-08
920.0 1.121515596594625e-08
921.0 1.1200061623209458e-08
922.0 1.1184967280472665e-08
923.0 1.1169872937735873e-08
924.0 1.115477859499908e-08
925.0 1.113968425226229e-08
926.0 1.1124589909525496e-08
927.0 1.1109495566788703e-08
928.0 1.1094401224051911e-08
929.0 1.107930688131512e-08
930.0 1.1064212538578325e-08
931.0 1.1049118195841535e-08
932.0 1.103402385310474e-08
933.0 1.1018929510367948e-08
934.0 1.1003835167631153e-08
935.0 1.0988740824894361e-08
936.0 1.0973646482157571e-08
937.0 1.0958552139420775e-08
938.0 1.0943457796683985e-08
939.0 1.0928363453947195e-08
940.0 1.09132691112104e-08
941.0 1.089817476847361e-08
942.0 1.0883080425736816e-08
943.0 1.086798608300002e-08
944.0 1.085289174026323e-08
945.0 1.083779739752644e-08
946.0 1.0823612000496654e-08
947.0 1.081152871267396e-08
948.0 1.079944542485126e-08
949.0 1.0787362137028559e-08
950.0 1.0775278849205865e-08
951.0 1.0763195561383165e-08
952.0 1.075111227356047e-08
953.0 1.0739028985737769e-08
954.0 1.0726945697915071e-08
955.0 1.0714862410092376e-08
956.0 1.0702779122269678e-08
957.0 1.0690695834446977e-08
958.0 1.0678612546624281e-08
959.0 1.0666529258801582e-08
960.0 1.0654445970978888e-08
961.0 1.0642362683156186e-08
962.0 1.0630279395333487e-08
963.0 1.0618196107510794e-08
964.0 1.0606112819688093e-08
965.0 1.0594029531865396e-08
966.0 1.0581946244042698e-08
967.0 1.0569862956220001e-08
968.0 1.0557779668397302e-08
969.0 1.0545696380574604e-08
970.0 1.0533613092751907e-08
971.0 1.0521529804929208e-08
972.0 1.050944651710651e-08
973.0 1.0497363229283813e-08
974.0 1.0485279941461114e-08
975.0 1.0473196653638418e-08
976.0 1.0461113365815719e-08
977.0 1.0449030077993018e-08
978.0 1.0436946790170324e-08
979.0 1.0424863502347625e-08
980.0 1.0412780214524927e-08
981.0 1.040069692670223e-08
982.0 1.038861363887953e-08
983.0 1.0376530351056835e-08
984.0 1.0364447063234137e-08
985.0 1.0352363775411437e-08
986.0 1.034028048758874e-08
987.0 1.0328197199766042e-08
988.0 1.0316113911943348e-08
989.0 1.0304030624120645e-08
990.0 1.0291947336297948e-08
991.0 1.0279864048475252e-08
992.0 1.0267780760652553e-08
993.0 1.0255697472829855e-08
994.0 1.0243614185007156e-08
995.0 1.023153089718446e-08
996.0 1.0219447609361763e-08
997.0 1.0207364321539064e-08
998.0 1.0195281033716363e-08
999.0 1.0183197745893669e-08
1000.0 1.0171114458070971e-08
1001.0 1.0159031170248272e-08
1002.0 1.0146947882425575e-08
1003.0 1.0134864594602876e-08
1004.0 1.0122781306780178e-08
1005.0 1.0110698018957478e-08
1006.0 1.0098614731134785e-08
1007.0 1.0086531443312083e-08
1008.0 1.0074448155489388e-08
1009.0 1.0062364867666688e-08
1010.0 1.0050281579843993e-08
1011.0 1.0038198292021294e-08
1012.0 1.0026115004198599e-08
1013.0 1.0014031716375898e-08
1014.0 1.00019484285532e-08
1015.0 9.989865140730501e-09
1016.0 9.977781852907805e-09
1017.0 9.965698565085105e-09
1018.0 9.953615277262406e-09
1019.0 9.942540584670807e-09
1020.0 9.932650051269281e-09
1021.0 9.92275951786776e-09
1022.0 9.912868984466233e-09
1023.0 9.902978451064709e-09
1024.0 9.893087917663188e-09
1025.0 9.883197384261661e-09
1026.0 9.873306850860135e-09
1027.0 9.863416317458612e-09
1028.0 9.853525784057087e-09
1029.0 9.843635250655566e-09
1030.0 9.83374471725404e-09
1031.0 9.823854183852514e-09
1032.0 9.813963650450992e-09
1033.0 9.804073117049466e-09
1034.0 9.794182583647945e-09
1035.0 9.784292050246419e-09
1036.0 9.774401516844892e-09
1037.0 9.764510983443366e-09
1038.0 9.754620450041845e-09
1039.0 9.74472991664032e-09
1040.0 9.734839383238792e-09
1041.0 9.724948849837271e-09
1042.0 9.715058316435745e-09
1043.0 9.705167783034223e-09
1044.0 9.695277249632699e-09
1045.0 9.685386716231172e-09
1046.0 9.67549618282965e-09
1047.0 9.665605649428125e-09
1048.0 9.655715116026599e-09
1049.0 9.645824582625077e-09
1050.0 9.635934049223551e-09
1051.0 9.62604351582203e-09
1052.0 9.616152982420505e-09
1053.0 9.606262449018982e-09
1054.0 9.596371915617451e-09
1055.0 9.58648138221593e-09
1056.0 9.576590848814408e-09
1057.0 9.566700315412882e-09
1058.0 9.556809782011354e-09
1059.0 9.546919248609831e-09
1060.0 9.537028715208308e-09
1061.0 9.527138181806784e-09
1062.0 9.517247648405257e-09
1063.0 9.507357115003735e-09
1064.0 9.49746658160221e-09
1065.0 9.487576048200687e-09
1066.0 9.477685514799162e-09
1067.0 9.467794981397636e-09
1068.0 9.457904447996113e-09
1069.0 9.448013914594589e-09
1070.0 9.438123381193062e-09
1071.0 9.42823284779154e-09
1072.0 9.418342314390016e-09
1073.0 9.408451780988493e-09
1074.0 9.398561247586969e-09
1075.0 9.388670714185443e-09
1076.0 9.37878018078392e-09
1077.0 9.368889647382393e-09
1078.0 9.358999113980869e-09
1079.0 9.349108580579344e-09
1080.0 9.339218047177823e-09
1081.0 9.329327513776293e-09
1082.0 9.319436980374772e-09
1083.0 9.309546446973247e-09
1084.0 9.299655913571724e-09
1085.0 9.289765380170201e-09
1086.0 9.279874846768672e-09
1087.0 9.26998431336715e-09
1088.0 9.260093779965626e-09
1089.0 9.250203246564105e-09
1090.0 9.240312713162575e-09
1091.0 9.230422179761052e-09
1092.0 9.22053164635953e-09
1093.0 9.210641112958005e-09
1094.0 9.20075057955648e-09
1095.0 9.190860046154955e-09
1096.0 9.18096951275343e-09
1097.0 9.171092582756002e-09
1098.0 9.163026616760493e-09
1099.0 9.154960650764983e-09
1100.0 9.146894684769473e-09
1101.0 9.138828718773962e-09
1102.0 9.130762752778454e-09
1103.0 9.122696786782942e-09
1104.0 9.114630820787433e-09
1105.0 9.106564854791923e-09
1106.0 9.098498888796413e-09
1107.0 9.090432922800902e-09
1108.0 9.082366956805394e-09
1109.0 9.074300990809882e-09
1110.0 9.066235024814372e-09
1111.0 9.058169058818863e-09
1112.0 9.050103092823351e-09
1113.0 9.042037126827842e-09
1114.0 9.03397116083233e-09
1115.0 9.025905194836822e-09
1116.0 9.017839228841311e-09
1117.0 9.009773262845805e-09
1118.0 9.001707296850291e-09
1119.0 8.993641330854782e-09
1120.0 8.98557536485927e-09
1121.0 8.977509398863762e-09
1122.0 8.969443432868251e-09
1123.0 8.961377466872741e-09
1124.0 8.95331150087723e-09
1125.0 8.945245534881722e-09
1126.0 8.937179568886212e-09
1127.0 8.9291136028907e-09
1128.0 8.92104763689519e-09
1129.0 8.912981670899678e-09
1130.0 8.90491570490417e-09
1131.0 8.89684973890866e-09
1132.0 8.888783772913152e-09
1133.0 8.88071780691764e-09
1134.0 8.87265184092213e-09
1135.0 8.864585874926621e-09
1136.0 8.85651990893111e-09
1137.0 8.848453942935602e-09
1138.0 8.840387976940092e-09
1139.0 8.83232201094458e-09
1140.0 8.82425604494907e-09
1141.0 8.816190078953561e-09
1142.0 8.80812411295805e-09
1143.0 8.80005814696254e-09
1144.0 8.791992180967032e-09
1145.0 8.78392621497152e-09
1146.0 8.77586024897601e-09
1147.0 8.7677942829805e-09
1148.0 8.75972831698499e-09
1149.0 8.75166235098948e-09
1150.0 8.743596384993968e-09
1151.0 8.735530418998461e-09
1152.0 8.727464453002951e-09
1153.0 8.719398487007438e-09
1154.0 8.711332521011929e-09
1155.0 8.703266555016417e-09
1156.0 8.695200589020908e-09
1157.0 8.6871346230254e-09
1158.0 8.679068657029891e-09
1159.0 8.671002691034379e-09
1160.0 8.662936725038869e-09
1161.0 8.65487075904336e-09
1162.0 8.646804793047848e-09
1163.0 8.63873882705234e-09
1164.0 8.630672861056828e-09
1165.0 8.622606895061317e-09
1166.0 8.614540929065809e-09
1167.0 8.606474963070297e-09
1168.0 8.598408997074788e-09
1169.0 8.590343031079278e-09
1170.0 8.582277065083768e-09
1171.0 8.574211099088259e-09
1172.0 8.566145133092749e-09
1173.0 8.558079167097237e-09
1174.0 8.550013201101728e-09
1175.0 8.541947235106218e-09
1176.0 8.533881269110708e-09
1177.0 8.525815303115199e-09
1178.0 8.517749337119689e-09
1179.0 8.509683371124177e-09
1180.0 8.501617405128668e-09
1181.0 8.49355143913316e-09
1182.0 8.48626004582288e-09
1183.0 8.479706383712697e-09
1184.0 8.473152721602516e-09
1185.0 8.466599059492334e-09
1186.0 8.460045397382151e-09
1187.0 8.453491735271965e-09
1188.0 8.446938073161782e-09
1189.0 8.4403844110516e-09
1190.0 8.433830748941417e-09
1191.0 8.427277086831232e-09
1192.0 8.42072342472105e-09
1193.0 8.414169762610864e-09
1194.0 8.407616100500682e-09
1195.0 8.401062438390498e-09
1196.0 8.394508776280315e-09
1197.0 8.387955114170133e-09
1198.0 8.381401452059948e-09
1199.0 8.374847789949765e-09
1200.0 8.368294127839583e-09
1201.0 8.361740465729398e-09
1202.0 8.355186803619216e-09
1203.0 8.348633141509031e-09
1204.0 8.342079479398847e-09
1205.0 8.335525817288666e-09
1206.0 8.328972155178481e-09
1207.0 8.322418493068299e-09
1208.0 8.315864830958116e-09
1209.0 8.309311168847932e-09
1210.0 8.302757506737749e-09
1211.0 8.296203844627566e-09
1212.0 8.289650182517385e-09
1213.0 8.283096520407197e-09
1214.0 8.276542858297015e-09
1215.0 8.269989196186832e-09
1216.0 8.26343553407665e-09
1217.0 8.256881871966465e-09
1218.0 8.250328209856284e-09
1219.0 8.243774547746101e-09
1220.0 8.237220885635915e-09
1221.0 8.230667223525734e-09
1222.0 8.22411356141555e-09
1223.0 8.217559899305367e-09
1224.0 8.211006237195182e-09
1225.0 8.204452575084998e-09
1226.0 8.197898912974817e-09
1227.0 8.191345250864634e-09
1228.0 8.184791588754448e-09
1229.0 8.178237926644265e-09
1230.0 8.171684264534083e-09
1231.0 8.1651306024239e-09
1232.0 8.158576940313717e-09
1233.0 8.152023278203533e-09
1234.0 8.14546961609335e-09
1235.0 8.138915953983164e-09
1236.0 8.132362291872983e-09
1237.0 8.125808629762798e-09
1238.0 8.119254967652616e-09
1239.0 8.112701305542433e-09
1240.0 8.106147643432249e-09
1241.0 8.099593981322066e-09
1242.0 8.093040319211883e-09
1243.0 8.086486657101702e-09
1244.0 8.079932994991514e-09
1245.0 8.073379332881333e-09
1246.0 8.06682567077115e-09
1247.0 8.060272008660965e-09
1248.0 8.053718346550782e-09
1249.0 8.0471646844406e-09
1250.0 8.040611022330415e-09
1251.0 8.034057360220232e-09
1252.0 8.02750369811005e-09
1253.0 8.020950035999867e-09
1254.0 8.014396373889684e-09
1255.0 8.0078427117795e-09
1256.0 8.001289049669318e-09
1257.0 7.99473538755913e-09
1258.0 7.98818172544895e-09
1259.0 7.981628063338763e-09
1260.0 7.975074401228582e-09
1261.0 7.9685207391184e-09
1262.0 7.961967077008217e-09
1263.0 7.955413414898033e-09
1264.0 7.94885975278785e-09
1265.0 7.942306090677665e-09
1266.0 7.935752428567483e-09
1267.0 7.9291987664573e-09
1268.0 7.922645104347116e-09
1269.0 7.916091442236933e-09
1270.0 7.909537780126748e-09
1271.0 7.902984118016566e-09
1272.0 7.896430455906385e-09
1273.0 7.89044803550244e-09
1274.0 7.885017314816414e-09
1275.0 7.879586594130387e-09
1276.0 7.874155873444362e-09
1277.0 7.868725152758335e-09
1278.0 7.86329443207231e-09
1279.0 7.857863711386283e-09
1280.0 7.852432990700259e-09
1281.0 7.847002270014231e-09
1282.0 7.841571549328207e-09
1283.0 7.836140828642183e-09
1284.0 7.830710107956155e-09
1285.0 7.825279387270129e-09
1286.0 7.819848666584105e-09
1287.0 7.814417945898077e-09
1288.0 7.808987225212055e-09
1289.0 7.803556504526025e-09
1290.0 7.798125783840001e-09
1291.0 7.792695063153974e-09
1292.0 7.787264342467948e-09
1293.0 7.781833621781923e-09
1294.0 7.776402901095898e-09
1295.0 7.770972180409872e-09
1296.0 7.765541459723844e-09
1297.0 7.76011073903782e-09
1298.0 7.754680018351792e-09
1299.0 7.749249297665768e-09
1300.0 7.743818576979742e-09
1301.0 7.738387856293716e-09
1302.0 7.73295713560769e-09
1303.0 7.727526414921664e-09
1304.0 7.722095694235638e-09
1305.0 7.716664973549612e-09
1306.0 7.711234252863587e-09
1307.0 7.705803532177562e-09
1308.0 7.700372811491535e-09
1309.0 7.69494209080551e-09
1310.0 7.689511370119483e-09
1311.0 7.684080649433457e-09
1312.0 7.678649928747431e-09
1313.0 7.673219208061407e-09
1314.0 7.667788487375381e-09
1315.0 7.662357766689353e-09
1316.0 7.656927046003329e-09
1317.0 7.651496325317301e-09
1318.0 7.646065604631279e-09
1319.0 7.640634883945253e-09
1320.0 7.635204163259225e-09
1321.0 7.629773442573198e-09
1322.0 7.624342721887174e-09
1323.0 7.61891200120115e-09
1324.0 7.61348128051512e-09
1325.0 7.608050559829096e-09
1326.0 7.602619839143072e-09
1327.0 7.597189118457044e-09
1328.0 7.591758397771018e-09
1329.0 7.586327677084992e-09
1330.0 7.580896956398966e-09
1331.0 7.57546623571294e-09
1332.0 7.570035515026916e-09
1333.0 7.56460479434089e-09
1334.0 7.559174073654863e-09
1335.0 7.553743352968838e-09
1336.0 7.54831263228281e-09
1337.0 7.542881911596786e-09
1338.0 7.537451190910759e-09
1339.0 7.532020470224735e-09
1340.0 7.526589749538709e-09
1341.0 7.521159028852683e-09
1342.0 7.515728308166657e-09
1343.0 7.510297587480631e-09
1344.0 7.504866866794603e-09
1345.0 7.499436146108578e-09
1346.0 7.494005425422553e-09
1347.0 7.488574704736529e-09
1348.0 7.483143984050501e-09
1349.0 7.477713263364476e-09
1350.0 7.472282542678451e-09
1351.0 7.466851821992424e-09
1352.0 7.461421101306398e-09
1353.0 7.455990380620372e-09
1354.0 7.450559659934347e-09
1355.0 7.445128939248321e-09
1356.0 7.439698218562297e-09
1357.0 7.434267497876269e-09
1358.0 7.428836777190243e-09
1359.0 7.423406056504216e-09
1360.0 7.417975335818192e-09
1361.0 7.412544615132166e-09
1362.0 7.4071138944461395e-09
1363.0 7.401683173760113e-09
1364.0 7.396252453074089e-09
1365.0 7.390821732388062e-09
1366.0 7.385391011702036e-09
1367.0 7.379960291016011e-09
1368.0 7.374529570329985e-09
1369.0 7.369098849643959e-09
1370.0 7.363668128957934e-09
1371.0 7.3586739444080955e-09
1372.0 7.35412382216324e-09
1373.0 7.349573699918383e-09
1374.0 7.345023577673527e-09
1375.0 7.340473455428671e-09
1376.0 7.3359233331838175e-09
1377.0 7.331373210938962e-09
1378.0 7.326823088694105e-09
1379.0 7.32227296644925e-09
1380.0 7.317722844204394e-09
1381.0 7.313172721959539e-09
1382.0 7.308622599714683e-09
1383.0 7.304072477469829e-09
1384.0 7.299522355224972e-09
1385.0 7.294972232980118e-09
1386.0 7.290422110735259e-09
1387.0 7.285871988490406e-09
1388.0 7.281321866245549e-09
1389.0 7.276771744000693e-09
1390.0 7.2722216217558395e-09
1391.0 7.267671499510982e-09
1392.0 7.263121377266127e-09
1393.0 7.258571255021273e-09
1394.0 7.2540211327764164e-09
1395.0 7.249471010531559e-09
1396.0 7.244920888286705e-09
1397.0 7.240370766041849e-09
1398.0 7.2358206437969926e-09
1399.0 7.2312705215521385e-09
1400.0 7.226720399307283e-09
1401.0 7.222170277062428e-09
1402.0 7.217620154817572e-09
1403.0 7.213070032572715e-09
1404.0 7.2085199103278605e-09
1405.0 7.203969788083005e-09
1406.0 7.199419665838148e-09
1407.0 7.194869543593294e-09
1408.0 7.190319421348439e-09
1409.0 7.1857692991035834e-09
1410.0 7.181219176858728e-09
1411.0 7.176669054613871e-09
1412.0 7.172118932369015e-09
1413.0 7.167568810124159e-09
1414.0 7.163018687879304e-09
1415.0 7.158468565634448e-09
1416.0 7.153918443389594e-09
1417.0 7.1493683211447365e-09
1418.0 7.144818198899881e-09
1419.0 7.140268076655026e-09
1420.0 7.13571795441017e-09
1421.0 7.131167832165314e-09
1422.0 7.12661770992046e-09
1423.0 7.122067587675604e-09
1424.0 7.1175174654307496e-09
1425.0 7.112967343185892e-09
1426.0 7.1084172209410356e-09
1427.0 7.1038670986961815e-09
1428.0 7.099316976451326e-09
1429.0 7.094766854206469e-09
1430.0 7.090216731961616e-09
1431.0 7.085666609716759e-09
1432.0 7.081116487471903e-09
1433.0 7.0765663652270494e-09
1434.0 7.072016242982192e-09
1435.0 7.0674661207373354e-09
1436.0 7.062915998492482e-09
1437.0 7.058365876247625e-09
1438.0 7.053815754002768e-09
1439.0 7.049265631757915e-09
1440.0 7.044715509513058e-09
1441.0 7.040165387268203e-09
1442.0 7.035615265023348e-09
1443.0 7.031065142778491e-09
1444.0 7.026515020533637e-09
1445.0 7.021964898288783e-09
1446.0 7.017414776043926e-09
1447.0 7.0128646537990705e-09
1448.0 7.008314531554214e-09
1449.0 7.003764409309359e-09
1450.0 6.9992142870645024e-09
1451.0 6.994664164819647e-09
1452.0 6.990114042574792e-09
1453.0 6.985563920329936e-09
1454.0 6.9810137980850786e-09
1455.0 6.976463675840224e-09
1456.0 6.9719135535953695e-09
1457.0 6.967363431350513e-09
1458.0 6.962813309105657e-09
1459.0 6.958263186860802e-09
1460.0 6.9537130646159465e-09
1461.0 6.94916294237109e-09
1462.0 6.944612820126235e-09
1463.0 6.9400626978813784e-09
1464.0 6.935512575636525e-09
1465.0 6.9309624533916686e-09
1466.0 6.926412331146812e-09
1467.0 6.921862208901958e-09
1468.0 6.917312086657102e-09
1469.0 6.912761964412245e-09
1470.0 6.908211842167392e-09
1471.0 6.903661719922536e-09
1472.0 6.899111597677679e-09
1473.0 6.894561475432825e-09
1474.0 6.8900113531879684e-09
1475.0 6.885461230943112e-09
1476.0 6.880911108698257e-09
1477.0 6.87706693568164e-09
1478.0 6.873273170731703e-09
1479.0 6.869479405781767e-09
1480.0 6.865685640831832e-09
1481.0 6.8618918758818965e-09
1482.0 6.85809811093196e-09
1483.0 6.854304345982025e-09
1484.0 6.850510581032088e-09
1485.0 6.846716816082153e-09
1486.0 6.842923051132215e-09
1487.0 6.83912928618228e-09
1488.0 6.835335521232344e-09
1489.0 6.831541756282407e-09
1490.0 6.827747991332471e-09
1491.0 6.823954226382537e-09
1492.0 6.8201604614326004e-09
1493.0 6.816366696482663e-09
1494.0 6.812572931532728e-09
1495.0 6.808779166582793e-09
1496.0 6.804985401632855e-09
1497.0 6.801191636682921e-09
1498.0 6.797397871732985e-09
1499.0 6.793604106783049e-09
1500.0 6.789810341833112e-09
1501.0 6.786016576883175e-09
1502.0 6.7822228119332415e-09
1503.0 6.7784290469833036e-09
1504.0 6.774635282033368e-09
1505.0 6.770841517083432e-09
1506.0 6.767047752133496e-09
1507.0 6.763253987183562e-09
1508.0 6.759460222233625e-09
1509.0 6.755666457283688e-09
1510.0 6.751872692333752e-09
1511.0 6.7480789273838164e-09
1512.0 6.744285162433879e-09
1513.0 6.740491397483943e-09
1514.0 6.736697632534008e-09
1515.0 6.732903867584072e-09
1516.0 6.729110102634136e-09
1517.0 6.7253163376842e-09
1518.0 6.721522572734266e-09
1519.0 6.7177288077843285e-09
1520.0 6.713935042834393e-09
1521.0 6.710141277884456e-09
1522.0 6.70634751293452e-09
1523.0 6.702553747984584e-09
1524.0 6.698759983034649e-09
1525.0 6.694966218084713e-09
1526.0 6.691172453134778e-09
1527.0 6.687378688184841e-09
1528.0 6.683584923234905e-09
1529.0 6.679791158284968e-09
1530.0 6.675997393335033e-09
1531.0 6.672203628385097e-09
1532.0 6.668409863435161e-09
1533.0 6.664616098485224e-09
1534.0 6.660822333535287e-09
1535.0 6.6570285685853526e-09
1536.0 6.653234803635417e-09
1537.0 6.649441038685481e-09
1538.0 6.645647273735546e-09
1539.0 6.641853508785607e-09
1540.0 6.638059743835673e-09
1541.0 6.634265978885737e-09
1542.0 6.630472213935801e-09
1543.0 6.626678448985864e-09
1544.0 6.622884684035929e-09
1545.0 6.619090919085992e-09
1546.0 6.615297154136057e-09
1547.0 6.611503389186121e-09
1548.0 6.607709624236184e-09
1549.0 6.6039158592862484e-09
1550.0 6.600122094336314e-09
1551.0 6.5963283293863775e-09
1552.0 6.592534564436442e-09
1553.0 6.588740799486505e-09
1554.0 6.58494703453657e-09
1555.0 6.581153269586634e-09
1556.0 6.577359504636696e-09
1557.0 6.5735657396867605e-09
1558.0 6.569771974736824e-09
1559.0 6.565978209786889e-09
1560.0 6.562184444836954e-09
1561.0 6.558390679887017e-09
1562.0 6.554596914937081e-09
1563.0 6.550803149987145e-09
1564.0 6.547009385037209e-09
1565.0 6.543215620087273e-09
1566.0 6.539421855137335e-09
1567.0 6.5356280901874e-09
1568.0 6.5318343252374644e-09
1569.0 6.528040560287529e-09
1570.0 6.524246795337593e-09
1571.0 6.520453030387658e-09
1572.0 6.516659265437721e-09
1573.0 6.512865500487785e-09
1574.0 6.509071735537849e-09
1575.0 6.505277970587913e-09
1576.0 6.501484205637976e-09
1577.0 6.497690440688042e-09
1578.0 6.493896675738104e-09
1579.0 6.490102910788168e-09
1580.0 6.486309145838234e-09
1581.0 6.4825153808882974e-09
1582.0 6.478721615938364e-09
1583.0 6.474927850988426e-09
1584.0 6.47113408603849e-09
1585.0 6.467340321088553e-09
1586.0 6.463546556138617e-09
1587.0 6.459752791188682e-09
1588.0 6.455959026238745e-09
1589.0 6.4521652612888095e-09
1590.0 6.448504752656404e-09
1591.0 6.445266001984483e-09
1592.0 6.442027251312562e-09
1593.0 6.438788500640638e-09
1594.0 6.435549749968718e-09
1595.0 6.432310999296797e-09
1596.0 6.429072248624873e-09
1597.0 6.425833497952952e-09
1598.0 6.4225947472810306e-09
1599.0 6.41935599660911e-09
1600.0 6.416117245937191e-09
1601.0 6.412878495265266e-09
1602.0 6.409639744593345e-09
1603.0 6.4064009939214244e-09
1604.0 6.403162243249504e-09
1605.0 6.399923492577581e-09
1606.0 6.3966847419056594e-09
1607.0 6.393445991233738e-09
1608.0 6.390207240561816e-09
1609.0 6.386968489889897e-09
1610.0 6.383729739217975e-09
1611.0 6.3804909885460525e-09
1612.0 6.377252237874132e-09
1613.0 6.3740134872022105e-09
1614.0 6.370774736530287e-09
1615.0 6.367535985858366e-09
1616.0 6.364297235186443e-09
1617.0 6.361058484514524e-09
1618.0 6.357819733842601e-09
1619.0 6.3545809831706805e-09
1620.0 6.351342232498759e-09
1621.0 6.348103481826837e-09
1622.0 6.3448647311549155e-09
1623.0 6.341625980482994e-09
1624.0 6.338387229811073e-09
1625.0 6.33514847913915e-09
1626.0 6.33190972846723e-09
1627.0 6.328670977795308e-09
1628.0 6.325432227123387e-09
1629.0 6.322193476451464e-09
1630.0 6.318954725779543e-09
1631.0 6.315715975107622e-09
1632.0 6.312477224435701e-09
1633.0 6.309238473763779e-09
1634.0 6.305999723091857e-09
1635.0 6.302760972419935e-09
1636.0 6.299522221748014e-09
1637.0 6.296283471076093e-09
1638.0 6.2930447204041716e-09
1639.0 6.289805969732251e-09
1640.0 6.286567219060329e-09
1641.0 6.283328468388407e-09
1642.0 6.280089717716485e-09
1643.0 6.276850967044563e-09
1644.0 6.273612216372642e-09
1645.0 6.270373465700722e-09
1646.0 6.267134715028799e-09
1647.0 6.263895964356877e-09
1648.0 6.260657213684957e-09
1649.0 6.257418463013036e-09
1650.0 6.254179712341114e-09
1651.0 6.250940961669192e-09
1652.0 6.2477022109972704e-09
1653.0 6.244463460325349e-09
1654.0 6.2412247096534285e-09
1655.0 6.2379859589815054e-09
1656.0 6.234747208309585e-09
1657.0 6.231508457637661e-09
1658.0 6.228269706965743e-09
1659.0 6.22503095629382e-09
1660.0 6.221792205621898e-09
1661.0 6.218553454949977e-09
1662.0 6.215314704278054e-09
1663.0 6.2120759536061334e-09
1664.0 6.208837202934212e-09
1665.0 6.205598452262291e-09
1666.0 6.20235970159037e-09
1667.0 6.199120950918448e-09
1668.0 6.1958822002465265e-09
1669.0 6.192643449574604e-09
1670.0 6.1894046989026845e-09
1671.0 6.186165948230763e-09
1672.0 6.182927197558841e-09
1673.0 6.179688446886918e-09
1674.0 6.176449696214996e-09
1675.0 6.173210945543077e-09
1676.0 6.169972194871154e-09
1677.0 6.166733444199232e-09
1678.0 6.163494693527312e-09
1679.0 6.160255942855391e-09
1680.0 6.157017192183468e-09
1681.0 6.153778441511547e-09
1682.0 6.1505396908396245e-09
1683.0 6.147300940167705e-09
1684.0 6.144062189495782e-09
1685.0 6.14082343882386e-09
1686.0 6.137584688151938e-09
1687.0 6.134345937480018e-09
1688.0 6.131107186808098e-09
1689.0 6.127868436136175e-09
1690.0 6.1246296854642526e-09
1691.0 6.12139093479233e-09
1692.0 6.1181521841204114e-09
1693.0 6.114913433448489e-09
1694.0 6.111674682776566e-09
1695.0 6.108435932104646e-09
1696.0 6.105197181432723e-09
1697.0 6.101958430760805e-09
1698.0 6.0987196800888814e-09
1699.0 6.09548092941696e-09
1700.0 6.092242178745038e-09
1701.0 6.089003428073116e-09
1702.0 6.085764677401196e-09
1703.0 6.082525926729272e-09
1704.0 6.0792871760573506e-09
1705.0 6.0760484253854325e-09
1706.0 6.072809674713508e-09
1707.0 6.069570924041587e-09
1708.0 6.066332173369665e-09
1709.0 6.063093422697744e-09
1710.0 6.059854672025824e-09
1711.0 6.056615921353902e-09
1712.0 6.05337717068198e-09
1713.0 6.050484741441256e-09
1714.0 6.047684553956444e-09
1715.0 6.044884366471633e-09
1716.0 6.0420841789868215e-09
1717.0 6.039283991502011e-09
1718.0 6.0364838040172e-09
1719.0 6.033683616532386e-09
1720.0 6.0308834290475734e-09
1721.0 6.028083241562764e-09
1722.0 6.025283054077951e-09
1723.0 6.022482866593138e-09
1724.0 6.0196826791083295e-09
1725.0 6.016882491623517e-09
1726.0 6.014082304138705e-09
1727.0 6.011282116653893e-09
1728.0 6.0084819291690806e-09
1729.0 6.0056817416842685e-09
1730.0 6.002881554199457e-09
1731.0 6.000081366714645e-09
1732.0 5.997281179229835e-09
1733.0 5.994480991745023e-09
1734.0 5.9916808042602126e-09
1735.0 5.9888806167754006e-09
1736.0 5.986080429290587e-09
1737.0 5.9832802418057765e-09
1738.0 5.9804800543209645e-09
1739.0 5.9776798668361525e-09
1740.0 5.9748796793513404e-09
1741.0 5.97207949186653e-09
1742.0 5.969279304381718e-09
1743.0 5.966479116896907e-09
1744.0 5.963678929412095e-09
1745.0 5.960878741927284e-09
1746.0 5.95807855444247e-09
1747.0 5.955278366957658e-09
1748.0 5.952478179472848e-09
1749.0 5.949677991988038e-09
1750.0 5.946877804503225e-09
1751.0 5.944077617018414e-09
1752.0 5.9412774295336e-09
1753.0 5.938477242048788e-09
1754.0 5.935677054563977e-09
1755.0 5.932876867079165e-09
1756.0 5.9300766795943555e-09
1757.0 5.927276492109543e-09
1758.0 5.924476304624731e-09
1759.0 5.92167611713992e-09
1760.0 5.918875929655108e-09
1761.0 5.916075742170296e-09
1762.0 5.913275554685484e-09
1763.0 5.910475367200671e-09
1764.0 5.907675179715861e-09
1765.0 5.90487499223105e-09
1766.0 5.902074804746238e-09
1767.0 5.899274617261427e-09
1768.0 5.8964744297766154e-09
1769.0 5.893674242291802e-09
1770.0 5.8908740548069906e-09
1771.0 5.888073867322179e-09
1772.0 5.885273679837369e-09
1773.0 5.882473492352557e-09
1774.0 5.879673304867744e-09
1775.0 5.8768731173829346e-09
1776.0 5.874072929898122e-09
1777.0 5.871272742413309e-09
1778.0 5.868472554928498e-09
1779.0 5.865672367443687e-09
1780.0 5.8628721799588745e-09
1781.0 5.8600719924740625e-09
1782.0 5.857271804989252e-09
1783.0 5.854471617504439e-09
1784.0 5.851671430019628e-09
1785.0 5.848871242534814e-09
1786.0 5.846071055050006e-09
1787.0 5.843270867565193e-09
1788.0 5.840470680080381e-09
1789.0 5.83767049259557e-09
1790.0 5.834870305110758e-09
1791.0 5.832070117625945e-09
1792.0 5.829269930141134e-09
1793.0 5.826469742656322e-09
1794.0 5.82366955517151e-09
1795.0 5.8208693676867e-09
1796.0 5.818069180201889e-09
1797.0 5.815268992717076e-09
1798.0 5.812468805232264e-09
1799.0 5.809668617747453e-09
1800.0 5.806868430262641e-09
1801.0 5.80406824277783e-09
1802.0 5.801268055293018e-09
1803.0 5.798467867808207e-09
1804.0 5.795667680323394e-09
1805.0 5.792867492838583e-09
1806.0 5.790067305353772e-09
1807.0 5.78726711786896e-09
1808.0 5.784466930384146e-09
1809.0 5.7816667428993374e-09
1810.0 5.7788665554145246e-09
1811.0 5.776066367929713e-09
1812.0 5.773266180444902e-09
1813.0 5.77046599296009e-09
1814.0 5.76766580547528e-09
1815.0 5.764865617990466e-09
1816.0 5.762065430505653e-09
1817.0 5.759265243020842e-09
1818.0 5.756465055536029e-09
1819.0 5.75366486805122e-09
1820.0 5.750864680566409e-09
1821.0 5.748064493081595e-09
1822.0 5.7452643055967845e-09
1823.0 5.7424641181119724e-09
1824.0 5.73966393062716e-09
1825.0 5.736863743142348e-09
1826.0 5.734063555657537e-09
1827.0 5.731263368172727e-09
1828.0 5.728463180687915e-09
1829.0 5.725662993203103e-09
1830.0 5.7228628057182924e-09
1831.0 5.7200626182334796e-09
1832.0 5.717262430748667e-09
1833.0 5.7144622432638555e-09
1834.0 5.711662055779045e-09
1835.0 5.708861868294232e-09
1836.0 5.706061680809423e-09
1837.0 5.70326149332461e-09
1838.0 5.700461305839798e-09
1839.0 5.697661118354986e-09
1840.0 5.694860930870174e-09
1841.0 5.6920607433853635e-09
1842.0 5.6892605559005515e-09
1843.0 5.68646036841574e-09
1844.0 5.683660180930929e-09
1845.0 5.681193914591257e-09
1846.0 5.678761655579697e-09
1847.0 5.676329396568136e-09
1848.0 5.673897137556572e-09
1849.0 5.67146487854501e-09
1850.0 5.669032619533449e-09
1851.0 5.666600360521886e-09
1852.0 5.6641681015103235e-09
1853.0 5.661735842498761e-09
1854.0 5.6593035834872e-09
1855.0 5.6568713244756375e-09
1856.0 5.654439065464075e-09
1857.0 5.652006806452514e-09
1858.0 5.649574547440951e-09
1859.0 5.647142288429388e-09
1860.0 5.644710029417825e-09
1861.0 5.642277770406264e-09
1862.0 5.6398455113947016e-09
1863.0 5.637413252383139e-09
1864.0 5.634980993371579e-09
1865.0 5.6325487343600155e-09
1866.0 5.6301164753484524e-09
1867.0 5.62768421633689e-09
1868.0 5.625251957325327e-09
1869.0 5.6228196983137656e-09
1870.0 5.620387439302204e-09
1871.0 5.617955180290641e-09
1872.0 5.615522921279079e-09
1873.0 5.6130906622675164e-09
1874.0 5.610658403255954e-09
1875.0 5.608226144244391e-09
1876.0 5.6057938852328304e-09
1877.0 5.603361626221269e-09
1878.0 5.600929367209705e-09
1879.0 5.5984971081981436e-09
1880.0 5.596064849186581e-09
1881.0 5.59363259017502e-09
1882.0 5.591200331163456e-09
1883.0 5.5887680721518945e-09
1884.0 5.586335813140334e-09
1885.0 5.583903554128771e-09
1886.0 5.581471295117209e-09
1887.0 5.579039036105646e-09
1888.0 5.576606777094084e-09
1889.0 5.5741745180825216e-09
1890.0 5.571742259070959e-09
1891.0 5.569310000059397e-09
1892.0 5.566877741047835e-09
1893.0 5.5644454820362725e-09
1894.0 5.562013223024709e-09
1895.0 5.559580964013149e-09
1896.0 5.557148705001587e-09
1897.0 5.554716445990023e-09
1898.0 5.552284186978459e-09
1899.0 5.549851927966899e-09
1900.0 5.547419668955336e-09
1901.0 5.544987409943773e-09
1902.0 5.542555150932212e-09
1903.0 5.54012289192065e-09
1904.0 5.537690632909087e-09
1905.0 5.535258373897524e-09
1906.0 5.532826114885964e-09
1907.0 5.530393855874402e-09
1908.0 5.527961596862839e-09
1909.0 5.525529337851277e-09
1910.0 5.5230970788397145e-09
1911.0 5.520664819828153e-09
1912.0 5.518232560816589e-09
1913.0 5.515800301805028e-09
1914.0 5.513368042793467e-09
1915.0 5.510935783781903e-09
1916.0 5.508503524770342e-09
1917.0 5.506071265758779e-09
1918.0 5.503639006747217e-09
1919.0 5.501206747735655e-09
1920.0 5.4987744887240925e-09
1921.0 5.496342229712529e-09
1922.0 5.493909970700968e-09
1923.0 5.4914777116894065e-09
1924.0 5.4890454526778425e-09
1925.0 5.486613193666281e-09
1926.0 5.48418093465472e-09
1927.0 5.481748675643157e-09
1928.0 5.4793164166315926e-09
1929.0 5.476884157620033e-09
1930.0 5.47445189860847e-09
1931.0 5.4720196395969066e-09
1932.0 5.469587380585344e-09
1933.0 5.467155121573785e-09
1934.0 5.4647228625622205e-09
1935.0 5.4622906035506574e-09
1936.0 5.459858344539098e-09
1937.0 5.457426085527533e-09
1938.0 5.454993826515972e-09
1939.0 5.452561567504411e-09
1940.0 5.450129308492848e-09
1941.0 5.447697049481285e-09
1942.0 5.445264790469722e-09
1943.0 5.442832531458161e-09
1944.0 5.440400272446599e-09
1945.0 5.437968013435038e-09
1946.0 5.435535754423474e-09
1947.0 5.4331034954119125e-09
1948.0 5.43067123640035e-09
1949.0 5.428238977388788e-09
1950.0 5.425806718377226e-09
1951.0 5.423374459365664e-09
1952.0 5.420942200354101e-09
1953.0 5.418509941342539e-09
1954.0 5.4160776823309765e-09
1955.0 5.413645423319414e-09
1956.0 5.411213164307853e-09
1957.0 5.408780905296289e-09
1958.0 5.406348646284727e-09
1959.0 5.403916387273166e-09
1960.0 5.401484128261603e-09
1961.0 5.39905186925004e-09
1962.0 5.396619610238478e-09
1963.0 5.394187351226917e-09
1964.0 5.391755092215354e-09
1965.0 5.3893228332037914e-09
1966.0 5.386890574192229e-09
1967.0 5.384458315180667e-09
1968.0 5.3820260561691054e-09
1969.0 5.379593797157544e-09
1970.0 5.377161538145982e-09
1971.0 5.3747292791344186e-09
1972.0 5.3722970201228555e-09
1973.0 5.369864761111293e-09
1974.0 5.367432502099732e-09
1975.0 5.3650002430881694e-09
1976.0 5.362567984076607e-09
1977.0 5.360135725065045e-09
1978.0 5.3577034660534834e-09
1979.0 5.355271207041921e-09
1980.0 5.352838948030359e-09
1981.0 5.350406689018797e-09
1982.0 5.3479744300072335e-09
1983.0 5.345542170995672e-09
1984.0 5.34310991198411e-09
1985.0 5.3406776529725474e-09
1986.0 5.338245393960985e-09
1987.0 5.33605986106347e-09
1988.0 5.333912071877403e-09
1989.0 5.331764282691334e-09
1990.0 5.329616493505266e-09
1991.0 5.327468704319198e-09
1992.0 5.3253209151331314e-09
1993.0 5.323173125947064e-09
1994.0 5.3210253367609966e-09
1995.0 5.318877547574928e-09
1996.0 5.31672975838886e-09
1997.0 5.314581969202793e-09
1998.0 5.3124341800167236e-09
1999.0 5.310286390830658e-09
2000.0 5.308138601644588e-09
2001.0 5.305990812458521e-09
2002.0 5.303843023272452e-09
2003.0 5.301695234086384e-09
2004.0 5.299547444900317e-09
2005.0 5.297399655714249e-09
2006.0 5.295251866528182e-09
2007.0 5.293104077342114e-09
2008.0 5.290956288156045e-09
2009.0 5.2888084989699786e-09
2010.0 5.28666070978391e-09
2011.0 5.284512920597841e-09
2012.0 5.2823651314117755e-09
2013.0 5.280217342225706e-09
2014.0 5.278069553039639e-09
2015.0 5.275921763853571e-09
2016.0 5.273773974667503e-09
2017.0 5.271626185481435e-09
2018.0 5.269478396295368e-09
2019.0 5.267330607109299e-09
2020.0 5.265182817923233e-09
2021.0 5.2630350287371645e-09
2022.0 5.260887239551096e-09
2023.0 5.258739450365028e-09
2024.0 5.256591661178959e-09
2025.0 5.254443871992893e-09
2026.0 5.252296082806824e-09
2027.0 5.250148293620757e-09
2028.0 5.248000504434689e-09
2029.0 5.245852715248621e-09
2030.0 5.243704926062553e-09
2031.0 5.241557136876485e-09
2032.0 5.239409347690418e-09
2033.0 5.2372615585043504e-09
2034.0 5.235113769318282e-09
2035.0 5.2329659801322156e-09
2036.0 5.2308181909461465e-09
2037.0 5.228670401760079e-09
2038.0 5.226522612574009e-09
2039.0 5.224374823387943e-09
2040.0 5.222227034201877e-09
2041.0 5.2200792450158085e-09
2042.0 5.2179314558297395e-09
2043.0 5.215783666643671e-09
2044.0 5.213635877457604e-09
2045.0 5.2114880882715355e-09
2046.0 5.209340299085468e-09
2047.0 5.2071925098994015e-09
2048.0 5.205044720713333e-09
2049.0 5.202896931527265e-09
2050.0 5.200749142341197e-09
2051.0 5.1986013531551285e-09
2052.0 5.196453563969061e-09
2053.0 5.194305774782992e-09
2054.0 5.192157985596927e-09
2055.0 5.190010196410859e-09
2056.0 5.187862407224791e-09
2057.0 5.1857146180387215e-09
2058.0 5.183566828852653e-09
2059.0 5.181419039666585e-09
2060.0 5.1792712504805175e-09
2061.0 5.177123461294451e-09
2062.0 5.1749756721083835e-09
2063.0 5.172827882922315e-09
2064.0 5.170680093736247e-09
2065.0 5.1685323045501796e-09
2066.0 5.166384515364111e-09
2067.0 5.164236726178042e-09
2068.0 5.1620889369919765e-09
2069.0 5.159941147805909e-09
2070.0 5.15779335861984e-09
2071.0 5.155645569433772e-09
2072.0 5.1534977802477034e-09
2073.0 5.151349991061636e-09
2074.0 5.149202201875568e-09
2075.0 5.147054412689501e-09
2076.0 5.144906623503433e-09
2077.0 5.142758834317366e-09
2078.0 5.140611045131297e-09
2079.0 5.13846325594523e-09
2080.0 5.13631546675916e-09
2081.0 5.134167677573094e-09
2082.0 5.132019888387025e-09
2083.0 5.129872099200957e-09
2084.0 5.127724310014892e-09
2085.0 5.125576520828822e-09
2086.0 5.1234287316427545e-09
2087.0 5.121280942456686e-09
2088.0 5.119133153270619e-09
2089.0 5.1169853640845514e-09
2090.0 5.114837574898483e-09
2091.0 5.112689785712416e-09
2092.0 5.1105419965263475e-09
2093.0 5.10839420734028e-09
2094.0 5.106246418154212e-09
2095.0 5.104098628968143e-09
2096.0 5.101950839782078e-09
2097.0 5.099803050596008e-09
2098.0 5.0976552614099405e-09
2099.0 5.095507472223872e-09
2100.0 5.093359683037805e-09
2101.0 5.091211893851737e-09
2102.0 5.089064104665669e-09
2103.0 5.086916315479601e-09
2104.0 5.084768526293533e-09
2105.0 5.082620737107467e-09
2106.0 5.080472947921398e-09
2107.0 5.078325158735331e-09
2108.0 5.076177369549263e-09
2109.0 5.074029580363195e-09
2110.0 5.071881791177127e-09
2111.0 5.069734001991058e-09
2112.0 5.067586212804991e-09
2113.0 5.0654384236189224e-09
2114.0 5.063290634432854e-09
2115.0 5.061142845246788e-09
2116.0 5.0589950560607185e-09
2117.0 5.056847266874652e-09
2118.0 5.054699477688584e-09
2119.0 5.052551688502516e-09
2120.0 5.050403899316448e-09
2121.0 5.04825611013038e-09
2122.0 5.046108320944313e-09
2123.0 5.043960531758245e-09
2124.0 5.0418127425721775e-09
2125.0 5.039664953386108e-09
2126.0 5.037517164200041e-09
2127.0 5.035369375013973e-09
2128.0 5.033221585827905e-09
2129.0 5.031073796641838e-09
2130.0 5.02892600745577e-09
2131.0 5.026778218269703e-09
2132.0 5.024630429083634e-09
2133.0 5.0224826398975665e-09
2134.0 5.020334850711498e-09
2135.0 5.01818706152543e-09
2136.0 5.016039272339363e-09
2137.0 5.013891483153295e-09
2138.0 5.0117436939672285e-09
2139.0 5.00959590478116e-09
2140.0 5.007654848938496e-09
2141.0 5.005740263720511e-09
2142.0 5.0038256785025275e-09
2143.0 5.001911093284542e-09
2144.0 4.999996508066558e-09
2145.0 4.998081922848573e-09
2146.0 4.996167337630588e-09
2147.0 4.994252752412603e-09
2148.0 4.992338167194619e-09
2149.0 4.990423581976633e-09
2150.0 4.988508996758649e-09
2151.0 4.986594411540663e-09
2152.0 4.984679826322679e-09
2153.0 4.982765241104694e-09
2154.0 4.980850655886709e-09
2155.0 4.9789360706687245e-09
2156.0 4.977021485450739e-09
2157.0 4.9751069002327554e-09
2158.0 4.97319231501477e-09
2159.0 4.971277729796785e-09
2160.0 4.9693631445788e-09
2161.0 4.967448559360816e-09
2162.0 4.965533974142831e-09
2163.0 4.963619388924847e-09
2164.0 4.961704803706861e-09
2165.0 4.959790218488876e-09
2166.0 4.9578756332708905e-09
2167.0 4.955961048052907e-09
2168.0 4.9540464628349215e-09
2169.0 4.952131877616937e-09
2170.0 4.950217292398952e-09
2171.0 4.948302707180967e-09
2172.0 4.9463881219629825e-09
2173.0 4.944473536744997e-09
2174.0 4.942558951527011e-09
2175.0 4.9406443663090265e-09
2176.0 4.938729781091043e-09
2177.0 4.936815195873059e-09
2178.0 4.934900610655072e-09
2179.0 4.932986025437087e-09
2180.0 4.931071440219102e-09
2181.0 4.929156855001117e-09
2182.0 4.927242269783133e-09
2183.0 4.925327684565148e-09
2184.0 4.923413099347165e-09
2185.0 4.92149851412918e-09
2186.0 4.9195839289111925e-09
2187.0 4.917669343693209e-09
2188.0 4.9157547584752235e-09
2189.0 4.91384017325724e-09
2190.0 4.911925588039254e-09
2191.0 4.910011002821269e-09
2192.0 4.908096417603284e-09
2193.0 4.9061818323853e-09
2194.0 4.904267247167315e-09
2195.0 4.902352661949331e-09
2196.0 4.900438076731345e-09
2197.0 4.898523491513359e-09
2198.0 4.896608906295376e-09
2199.0 4.894694321077391e-09
2200.0 4.892779735859407e-09
2201.0 4.890865150641422e-09
2202.0 4.888950565423435e-09
2203.0 4.887035980205452e-09
2204.0 4.885121394987466e-09
2205.0 4.8832068097694815e-09
2206.0 4.881292224551497e-09
2207.0 4.879377639333512e-09
2208.0 4.877463054115528e-09
2209.0 4.8755484688975426e-09
2210.0 4.873633883679558e-09
2211.0 4.871719298461572e-09
2212.0 4.869804713243586e-09
2213.0 4.867890128025603e-09
2214.0 4.865975542807618e-09
2215.0 4.864060957589633e-09
2216.0 4.862146372371648e-09
2217.0 4.860231787153662e-09
2218.0 4.858317201935679e-09
2219.0 4.856402616717694e-09
2220.0 4.8544880314997094e-09
2221.0 4.852573446281723e-09
2222.0 4.8506588610637396e-09
2223.0 4.848744275845755e-09
2224.0 4.846829690627769e-09
2225.0 4.844915105409784e-09
2226.0 4.843000520191798e-09
2227.0 4.841085934973814e-09
2228.0 4.839171349755829e-09
2229.0 4.8372567645378445e-09
2230.0 4.835342179319859e-09
2231.0 4.833427594101875e-09
2232.0 4.831513008883889e-09
2233.0 4.8295984236659064e-09
2234.0 4.8276838384479194e-09
2235.0 4.8257692532299365e-09
2236.0 4.823854668011951e-09
2237.0 4.821940082793966e-09
2238.0 4.820025497575982e-09
2239.0 4.818110912357996e-09
2240.0 4.8161963271400114e-09
2241.0 4.814281741922028e-09
2242.0 4.8123671567040415e-09
2243.0 4.810452571486057e-09
2244.0 4.808537986268072e-09
2245.0 4.806623401050086e-09
2246.0 4.8047088158321034e-09
2247.0 4.802794230614117e-09
2248.0 4.800879645396133e-09
2249.0 4.798965060178147e-09
2250.0 4.797050474960163e-09
2251.0 4.795135889742178e-09
2252.0 4.793221304524193e-09
2253.0 4.791306719306208e-09
2254.0 4.789392134088224e-09
2255.0 4.7874775488702385e-09
2256.0 4.785562963652254e-09
2257.0 4.7836483784342695e-09
2258.0 4.781733793216284e-09
2259.0 4.7798192079982996e-09
2260.0 4.777904622780313e-09
2261.0 4.7759900375623305e-09
2262.0 4.774075452344345e-09
2263.0 4.772160867126359e-09
2264.0 4.7702462819083744e-09
2265.0 4.768331696690391e-09
2266.0 4.7664171114724046e-09
2267.0 4.76450252625442e-09
2268.0 4.762587941036435e-09
2269.0 4.760673355818452e-09
2270.0 4.758758770600466e-09
2271.0 4.75684418538248e-09
2272.0 4.754929600164495e-09
2273.0 4.75301501494651e-09
2274.0 4.751100429728526e-09
2275.0 4.749185844510541e-09
2276.0 4.747271259292556e-09
2277.0 4.745356674074571e-09
2278.0 4.743442088856586e-09
2279.0 4.7415275036386016e-09
2280.0 4.739612918420617e-09
2281.0 4.7376983332026325e-09
2282.0 4.735783747984647e-09
2283.0 4.733869162766662e-09
2284.0 4.731954577548678e-09
2285.0 4.730039992330693e-09
2286.0 4.728125407112708e-09
2287.0 4.726210821894723e-09
2288.0 4.724296236676739e-09
2289.0 4.722381651458753e-09
2290.0 4.7204670662407684e-09
2291.0 4.718552481022784e-09
2292.0 4.7166378958047985e-09
2293.0 4.714723310586814e-09
2294.0 4.7128087253688295e-09
2295.0 4.7108941401508425e-09
2296.0 4.70897955493286e-09
2297.0 4.707064969714874e-09
2298.0 4.705150384496888e-09
2299.0 4.703235799278906e-09
2300.0 4.701321214060918e-09
2301.0 4.699406628842935e-09
2302.0 4.697492043624951e-09
2303.0 4.695577458406965e-09
2304.0 4.6936875336825855e-09
2305.0 4.691974429679782e-09
2306.0 4.690261325676979e-09
2307.0 4.688548221674176e-09
2308.0 4.6868351176713725e-09
2309.0 4.685122013668571e-09
2310.0 4.683408909665766e-09
2311.0 4.6816958056629645e-09
2312.0 4.679982701660161e-09
2313.0 4.678269597657357e-09
2314.0 4.676556493654555e-09
2315.0 4.6748433896517515e-09
2316.0 4.673130285648949e-09
2317.0 4.671417181646148e-09
2318.0 4.6697040776433435e-09
2319.0 4.66799097364054e-09
2320.0 4.666277869637736e-09
2321.0 4.6645647656349355e-09
2322.0 4.662851661632133e-09
2323.0 4.661138557629329e-09
2324.0 4.659425453626526e-09
2325.0 4.6577123496237225e-09
2326.0 4.655999245620919e-09
2327.0 4.6542861416181185e-09
2328.0 4.652573037615314e-09
2329.0 4.650859933612511e-09
2330.0 4.649146829609709e-09
2331.0 4.647433725606905e-09
2332.0 4.645720621604101e-09
2333.0 4.644007517601299e-09
2334.0 4.642294413598497e-09
2335.0 4.6405813095956935e-09
2336.0 4.6388682055928895e-09
2337.0 4.637155101590088e-09
2338.0 4.6354419975872855e-09
2339.0 4.633728893584482e-09
2340.0 4.63201578958168e-09
2341.0 4.630302685578876e-09
2342.0 4.6285895815760725e-09
2343.0 4.626876477573269e-09
2344.0 4.625163373570466e-09
2345.0 4.6234502695676645e-09
2346.0 4.6217371655648604e-09
2347.0 4.620024061562058e-09
2348.0 4.618310957559255e-09
2349.0 4.6165978535564516e-09
2350.0 4.614884749553651e-09
2351.0 4.6131716455508476e-09
2352.0 4.6114585415480435e-09
2353.0 4.609745437545241e-09
2354.0 4.608032333542438e-09
2355.0 4.6063192295396355e-09
2356.0 4.604606125536832e-09
2357.0 4.602893021534029e-09
2358.0 4.601179917531226e-09
2359.0 4.5994668135284225e-09
2360.0 4.597753709525622e-09
2361.0 4.596040605522818e-09
2362.0 4.594327501520014e-09
2363.0 4.592614397517212e-09
2364.0 4.590901293514408e-09
2365.0 4.589188189511606e-09
2366.0 4.5874750855088016e-09
2367.0 4.585761981506e-09
2368.0 4.584048877503197e-09
2369.0 4.582335773500393e-09
2370.0 4.580622669497591e-09
2371.0 4.578909565494788e-09
2372.0 4.577196461491984e-09
2373.0 4.575483357489182e-09
2374.0 4.573770253486379e-09
2375.0 4.572057149483576e-09
2376.0 4.570344045480773e-09
2377.0 4.568630941477969e-09
2378.0 4.566917837475168e-09
2379.0 4.565204733472364e-09
2380.0 4.563491629469561e-09
2381.0 4.561778525466757e-09
2382.0 4.560065421463956e-09
2383.0 4.558352317461154e-09
2384.0 4.55663921345835e-09
2385.0 4.554926109455547e-09
2386.0 4.553213005452744e-09
2387.0 4.55149990144994e-09
2388.0 4.5497867974471396e-09
2389.0 4.5480736934443355e-09
2390.0 4.546360589441532e-09
2391.0 4.544647485438728e-09
2392.0 4.542934381435926e-09
2393.0 4.541221277433125e-09
2394.0 4.53950817343032e-09
2395.0 4.537795069427518e-09
2396.0 4.5360819654247145e-09
2397.0 4.534368861421911e-09
2398.0 4.532655757419109e-09
2399.0 4.530942653416307e-09
2400.0 4.5292295494135024e-09
2401.0 4.5275164454107e-09
2402.0 4.525803341407896e-09
2403.0 4.524090237405094e-09
2404.0 4.522377133402291e-09
2405.0 4.520664029399487e-09
2406.0 4.5189509253966855e-09
2407.0 4.517237821393882e-09
2408.0 4.515524717391079e-09
2409.0 4.5138116133882775e-09
2410.0 4.5120985093854726e-09
2411.0 4.510385405382669e-09
2412.0 4.508672301379869e-09
2413.0 4.506959197377065e-09
2414.0 4.505246093374262e-09
2415.0 4.503532989371459e-09
2416.0 4.501819885368656e-09
2417.0 4.5001067813658524e-09
2418.0 4.49839367736305e-09
2419.0 4.496680573360247e-09
2420.0 4.494967469357444e-09
2421.0 4.49325436535464e-09
2422.0 4.491541261351838e-09
2423.0 4.489828157349035e-09
2424.0 4.488115053346232e-09
2425.0 4.486401949343429e-09
2426.0 4.4846888453406275e-09
2427.0 4.482975741337823e-09
2428.0 4.48126263733502e-09
2429.0 4.479549533332218e-09
2430.0 4.477836429329413e-09
2431.0 4.476123325326611e-09
2432.0 4.474410221323809e-09
2433.0 4.4726971173210065e-09
2434.0 4.4709840133182024e-09
2435.0 4.4692709093154e-09
2436.0 4.467557805312597e-09
2437.0 4.4658447013097936e-09
2438.0 4.464131597306992e-09
2439.0 4.462418493304188e-09
2440.0 4.460705389301386e-09
2441.0 4.4589922852985815e-09
2442.0 4.457279181295779e-09
2443.0 4.4555660772929775e-09
2444.0 4.4538529732901734e-09
2445.0 4.45213986928737e-09
2446.0 4.450426765284568e-09
2447.0 4.448713661281765e-09
2448.0 4.447000557278961e-09
2449.0 4.44528745327616e-09
2450.0 4.443574349273355e-09
2451.0 4.441861245270553e-09
2452.0 4.440148141267751e-09
2453.0 4.438435037264947e-09
2454.0 4.4367219332621436e-09
2455.0 4.435008829259341e-09
2456.0 4.433295725256539e-09
2457.0 4.431582621253735e-09
2458.0 4.429869517250932e-09
2459.0 4.428156413248131e-09
2460.0 4.426443309245327e-09
2461.0 4.424730205242524e-09
2462.0 4.42301710123972e-09
2463.0 4.421303997236919e-09
2464.0 4.4195908932341146e-09
2465.0 4.417877789231311e-09
2466.0 4.41616468522851e-09
2467.0 4.414451581225706e-09
2468.0 4.4127384772229025e-09
2469.0 4.4110253732201e-09
2470.0 4.409312269217297e-09
2471.0 4.4075991652144936e-09
2472.0 4.405886061211692e-09
2473.0 4.404172957208888e-09
2474.0 4.4024598532060855e-09
2475.0 4.400746749203283e-09
2476.0 4.399033645200481e-09
2477.0 4.3973205411976775e-09
2478.0 4.3956074371948734e-09
2479.0 4.393894333192072e-09
2480.0 4.392181229189267e-09
2481.0 4.390468125186465e-09
2482.0 4.388860231597572e-09
2483.0 4.3873047621445105e-09
2484.0 4.385749292691449e-09
2485.0 4.384193823238387e-09
2486.0 4.382638353785324e-09
2487.0 4.381082884332262e-09
2488.0 4.379527414879201e-09
2489.0 4.3779719454261384e-09
2490.0 4.376416475973077e-09
2491.0 4.374861006520014e-09
2492.0 4.373305537066952e-09
2493.0 4.371750067613891e-09
2494.0 4.37019459816083e-09
2495.0 4.368639128707766e-09
2496.0 4.367083659254704e-09
2497.0 4.365528189801642e-09
2498.0 4.363972720348581e-09
2499.0 4.362417250895518e-09
2500.0 4.360861781442456e-09
2501.0 4.359306311989393e-09
2502.0 4.357750842536333e-09
2503.0 4.3561953730832696e-09
2504.0 4.354639903630209e-09
2505.0 4.3530844341771456e-09
2506.0 4.351528964724085e-09
2507.0 4.349973495271022e-09
2508.0 4.34841802581796e-09
2509.0 4.3468625563648976e-09
2510.0 4.345307086911836e-09
2511.0 4.343751617458774e-09
2512.0 4.342196148005713e-09
2513.0 4.3406406785526496e-09
2514.0 4.339085209099588e-09
2515.0 4.337529739646526e-09
2516.0 4.335974270193465e-09
2517.0 4.3344188007404015e-09
2518.0 4.33286333128734e-09
2519.0 4.331307861834278e-09
2520.0 4.329752392381216e-09
2521.0 4.3281969229281535e-09
2522.0 4.326641453475092e-09
2523.0 4.3250859840220295e-09
2524.0 4.323530514568968e-09
2525.0 4.321975045115906e-09
2526.0 4.320419575662844e-09
2527.0 4.3188641062097815e-09
2528.0 4.317308636756719e-09
2529.0 4.3157531673036575e-09
2530.0 4.314197697850597e-09
2531.0 4.3126422283975335e-09
2532.0 4.311086758944472e-09
2533.0 4.309531289491409e-09
2534.0 4.307975820038348e-09
2535.0 4.306420350585286e-09
2536.0 4.304864881132225e-09
2537.0 4.3033094116791615e-09
2538.0 4.301753942226099e-09
2539.0 4.3001984727730375e-09
2540.0 4.298643003319976e-09
2541.0 4.2970875338669135e-09
2542.0 4.295532064413852e-09
2543.0 4.29397659496079e-09
2544.0 4.292421125507728e-09
2545.0 4.290865656054666e-09
2546.0 4.289310186601604e-09
2547.0 4.2877547171485415e-09
2548.0 4.286199247695481e-09
2549.0 4.2846437782424175e-09
2550.0 4.283088308789355e-09
2551.0 4.281532839336294e-09
2552.0 4.279977369883232e-09
2553.0 4.2784219004301695e-09
2554.0 4.276866430977108e-09
2555.0 4.2753109615240455e-09
2556.0 4.273755492070983e-09
2557.0 4.2722000226179215e-09
2558.0 4.270644553164859e-09
2559.0 4.269089083711798e-09
2560.0 4.267533614258736e-09
2561.0 4.265978144805674e-09
2562.0 4.264422675352613e-09
2563.0 4.26286720589955e-09
2564.0 4.261311736446488e-09
2565.0 4.259756266993426e-09
2566.0 4.258200797540364e-09
2567.0 4.2566453280873014e-09
2568.0 4.25508985863424e-09
2569.0 4.253534389181178e-09
2570.0 4.251978919728115e-09
2571.0 4.250423450275054e-09
2572.0 4.248867980821992e-09
2573.0 4.2473125113689294e-09
2574.0 4.245757041915869e-09
2575.0 4.244201572462806e-09
2576.0 4.242646103009743e-09
2577.0 4.241090633556682e-09
2578.0 4.23953516410362e-09
2579.0 4.237979694650558e-09
2580.0 4.236424225197496e-09
2581.0 4.234868755744434e-09
2582.0 4.233313286291373e-09
2583.0 4.23175781683831e-09
2584.0 4.230202347385248e-09
2585.0 4.228646877932187e-09
2586.0 4.227091408479124e-09
2587.0 4.225535939026062e-09
2588.0 4.223980469573001e-09
2589.0 4.2224250001199366e-09
2590.0 4.220869530666876e-09
2591.0 4.219314061213814e-09
2592.0 4.217758591760752e-09
2593.0 4.216203122307689e-09
2594.0 4.214647652854628e-09
2595.0 4.213092183401566e-09
2596.0 4.211536713948504e-09
2597.0 4.209981244495442e-09
2598.0 4.208425775042381e-09
2599.0 4.206870305589318e-09
2600.0 4.205314836136256e-09
2601.0 4.203759366683193e-09
2602.0 4.202203897230132e-09
2603.0 4.200648427777069e-09
2604.0 4.199092958324008e-09
2605.0 4.197537488870945e-09
2606.0 4.195982019417885e-09
2607.0 4.194426549964822e-09
2608.0 4.192871080511761e-09
2609.0 4.191315611058698e-09
2610.0 4.189760141605636e-09
2611.0 4.188204672152574e-09
2612.0 4.186649202699512e-09
2613.0 4.18509373324645e-09
2614.0 4.183538263793388e-09
2615.0 4.181982794340325e-09
2616.0 4.180427324887263e-09
2617.0 4.178871855434202e-09
2618.0 4.1773163859811406e-09
2619.0 4.175760916528077e-09
2620.0 4.174205447075016e-09
2621.0 4.172649977621953e-09
2622.0 4.171094508168892e-09
2623.0 4.169539038715829e-09
2624.0 4.167983569262767e-09
2625.0 4.166428099809705e-09
2626.0 4.164872630356644e-09
2627.0 4.163317160903582e-09
2628.0 4.16176169145052e-09
2629.0 4.160206221997458e-09
2630.0 4.158650752544396e-09
2631.0 4.157095283091333e-09
2632.0 4.1555398136382725e-09
2633.0 4.153984344185209e-09
2634.0 4.152428874732147e-09
2635.0 4.150873405279085e-09
2636.0 4.149317935826024e-09
2637.0 4.147762466372962e-09
2638.0 4.1462069969199e-09
2639.0 4.144651527466837e-09
2640.0 4.143096058013776e-09
2641.0 4.141540588560713e-09
2642.0 4.1399851191076525e-09
2643.0 4.138429649654589e-09
2644.0 4.136874180201527e-09
2645.0 4.135318710748466e-09
2646.0 4.133763241295404e-09
2647.0 4.132207771842342e-09
2648.0 4.130652302389279e-09
2649.0 4.129096832936217e-09
2650.0 4.127541363483156e-09
2651.0 4.125985894030094e-09
2652.0 4.1244304245770325e-09
2653.0 4.122874955123969e-09
2654.0 4.121319485670908e-09
2655.0 4.119764016217846e-09
2656.0 4.118208546764784e-09
2657.0 4.116653077311722e-09
2658.0 4.11509760785866e-09
2659.0 4.113542138405597e-09
2660.0 4.1119866689525365e-09
2661.0 4.110431199499473e-09
2662.0 4.108875730046411e-09
2663.0 4.10732026059335e-09
2664.0 4.105764791140288e-09
2665.0 4.104209321687225e-09
2666.0 4.102653852234163e-09
2667.0 4.101098382781101e-09
2668.0 4.09954291332804e-09
2669.0 4.097987443874978e-09
2670.0 4.096431974421916e-09
2671.0 4.094876504968853e-09
2672.0 4.093321035515792e-09
2673.0 4.091844464362053e-09
2674.0 4.0904340036356415e-09
2675.0 4.08902354290923e-09
2676.0 4.087613082182819e-09
2677.0 4.086202621456407e-09
2678.0 4.084792160729996e-09
2679.0 4.083381700003584e-09
2680.0 4.081971239277173e-09
2681.0 4.080560778550761e-09
2682.0 4.07915031782435e-09
2683.0 4.0777398570979376e-09
2684.0 4.076329396371528e-09
2685.0 4.074918935645116e-09
2686.0 4.0735084749187045e-09
2687.0 4.0720980141922924e-09
2688.0 4.07068755346588e-09
2689.0 4.06927709273947e-09
2690.0 4.067866632013058e-09
2691.0 4.0664561712866465e-09
2692.0 4.065045710560236e-09
2693.0 4.063635249833825e-09
2694.0 4.062224789107413e-09
2695.0 4.0608143283810006e-09
2696.0 4.05940386765459e-09
2697.0 4.057993406928178e-09
2698.0 4.056582946201767e-09
2699.0 4.055172485475356e-09
2700.0 4.053762024748945e-09
2701.0 4.052351564022533e-09
2702.0 4.050941103296121e-09
2703.0 4.04953064256971e-09
2704.0 4.048120181843298e-09
2705.0 4.046709721116887e-09
2706.0 4.045299260390476e-09
2707.0 4.043888799664064e-09
2708.0 4.042478338937653e-09
2709.0 4.041067878211241e-09
2710.0 4.0396574174848306e-09
2711.0 4.0382469567584184e-09
2712.0 4.036836496032007e-09
2713.0 4.035426035305595e-09
2714.0 4.034015574579185e-09
2715.0 4.032605113852773e-09
2716.0 4.031194653126362e-09
2717.0 4.029784192399951e-09
2718.0 4.028373731673539e-09
2719.0 4.0269632709471266e-09
2720.0 4.025552810220716e-09
2721.0 4.024142349494305e-09
2722.0 4.022731888767893e-09
2723.0 4.0213214280414815e-09
2724.0 4.019910967315069e-09
2725.0 4.018500506588657e-09
2726.0 4.017090045862247e-09
2727.0 4.015679585135835e-09
2728.0 4.014269124409424e-09
2729.0 4.012858663683013e-09
2730.0 4.011448202956601e-09
2731.0 4.01003774223019e-09
2732.0 4.008627281503778e-09
2733.0 4.007216820777367e-09
2734.0 4.005806360050956e-09
2735.0 4.0043958993245445e-09
2736.0 4.002985438598133e-09
2737.0 4.001574977871721e-09
2738.0 4.000164517145311e-09
2739.0 3.998754056418899e-09
2740.0 3.997343595692486e-09
2741.0 3.995933134966075e-09
2742.0 3.994522674239664e-09
2743.0 3.9931122135132526e-09
2744.0 3.991701752786842e-09
2745.0 3.99029129206043e-09
2746.0 3.988880831334018e-09
2747.0 3.987470370607607e-09
2748.0 3.986059909881195e-09
2749.0 3.984649449154784e-09
2750.0 3.983238988428373e-09
2751.0 3.981828527701962e-09
2752.0 3.98041806697555e-09
2753.0 3.979007606249139e-09
2754.0 3.977597145522728e-09
2755.0 3.9761866847963156e-09
2756.0 3.974776224069904e-09
2757.0 3.973365763343493e-09
2758.0 3.971955302617082e-09
2759.0 3.9705448418906705e-09
2760.0 3.969134381164258e-09
2761.0 3.967723920437848e-09
2762.0 3.966313459711436e-09
2763.0 3.964902998985024e-09
2764.0 3.963492538258613e-09
2765.0 3.962082077532201e-09
2766.0 3.96067161680579e-09
2767.0 3.9592611560793786e-09
2768.0 3.957850695352967e-09
2769.0 3.956440234626556e-09
2770.0 3.955029773900144e-09
2771.0 3.9536193131737335e-09
2772.0 3.952208852447321e-09
2773.0 3.95079839172091e-09
2774.0 3.949387930994499e-09
2775.0 3.9479774702680875e-09
2776.0 3.946567009541676e-09
2777.0 3.945156548815264e-09
2778.0 3.943746088088854e-09
2779.0 3.942335627362442e-09
2780.0 3.9409251666360295e-09
2781.0 3.939514705909618e-09
2782.0 3.938104245183207e-09
2783.0 3.936693784456796e-09
2784.0 3.9352833237303835e-09
2785.0 3.933872863003973e-09
2786.0 3.932462402277561e-09
2787.0 3.9310519415511505e-09
2788.0 3.9296414808247384e-09
2789.0 3.928231020098327e-09
2790.0 3.926820559371916e-09
2791.0 3.925410098645505e-09
2792.0 3.923999637919093e-09
2793.0 3.922589177192682e-09
2794.0 3.92117871646627e-09
2795.0 3.919768255739859e-09
2796.0 3.918357795013447e-09
2797.0 3.916947334287036e-09
2798.0 3.915536873560625e-09
2799.0 3.914126412834212e-09
2800.0 3.9127159521078014e-09
2801.0 3.911305491381389e-09
2802.0 3.909895030654979e-09
2803.0 3.908484569928567e-09
2804.0 3.907074109202156e-09
2805.0 3.905663648475744e-09
2806.0 3.904253187749332e-09
2807.0 3.902842727022921e-09
2808.0 3.9014322662965096e-09
2809.0 3.900021805570099e-09
2810.0 3.898611344843688e-09
2811.0 3.897200884117276e-09
2812.0 3.8957904233908644e-09
2813.0 3.894379962664452e-09
2814.0 3.892969501938042e-09
2815.0 3.891559041211631e-09
2816.0 3.8901485804852185e-09
2817.0 3.888738119758807e-09
2818.0 3.887327659032396e-09
2819.0 3.885917198305985e-09
2820.0 3.8845067375795726e-09
2821.0 3.883096276853162e-09
2822.0 3.88168581612675e-09
2823.0 3.880275355400339e-09
2824.0 3.8788648946739274e-09
2825.0 3.877454433947516e-09
2826.0 3.876043973221104e-09
2827.0 3.874633512494694e-09
2828.0 3.8732230517682815e-09
2829.0 3.871812591041869e-09
2830.0 3.870402130315459e-09
2831.0 3.868991669589047e-09
2832.0 3.867581208862636e-09
2833.0 3.866170748136225e-09
2834.0 3.864760287409813e-09
2835.0 3.8633498266834026e-09
2836.0 3.8619393659569904e-09
2837.0 3.860528905230578e-09
2838.0 3.859118444504168e-09
2839.0 3.857707983777756e-09
2840.0 3.856297523051344e-09
2841.0 3.8548870623249316e-09
2842.0 3.853476601598521e-09
2843.0 3.852066140872109e-09
2844.0 3.8506556801456986e-09
2845.0 3.849245219419287e-09
2846.0 3.847834758692876e-09
2847.0 3.846424297966465e-09
2848.0 3.8450138372400535e-09
2849.0 3.843603376513642e-09
2850.0 3.84219291578723e-09
2851.0 3.840782455060818e-09
2852.0 3.839371994334407e-09
2853.0 3.837961533607995e-09
2854.0 3.836551072881584e-09
2855.0 3.835140612155174e-09
2856.0 3.8337301514287616e-09
2857.0 3.83231969070235e-09
2858.0 3.830909229975939e-09
2859.0 3.829498769249527e-09
2860.0 3.828088308523116e-09
2861.0 3.826677847796705e-09
2862.0 3.825267387070293e-09
2863.0 3.823856926343883e-09
2864.0 3.82244646561747e-09
2865.0 3.821036004891058e-09
2866.0 3.819625544164646e-09
2867.0 3.818215083438236e-09
2868.0 3.8168046227118246e-09
2869.0 3.815394161985413e-09
2870.0 3.813983701259002e-09
2871.0 3.81257324053259e-09
2872.0 3.811162779806178e-09
2873.0 3.809752319079767e-09
2874.0 3.808341858353355e-09
2875.0 3.806931397626945e-09
2876.0 3.805520936900533e-09
2877.0 3.8041104761741214e-09
2878.0 3.80270001544771e-09
2879.0 3.801387606553973e-09
2880.0 3.80011730405656e-09
2881.0 3.798847001559146e-09
2882.0 3.797576699061733e-09
2883.0 3.796306396564322e-09
2884.0 3.795036094066908e-09
2885.0 3.793765791569495e-09
2886.0 3.7924954890720815e-09
2887.0 3.791225186574668e-09
2888.0 3.7899548840772555e-09
2889.0 3.788684581579842e-09
2890.0 3.787414279082429e-09
2891.0 3.786143976585017e-09
2892.0 3.7848736740876036e-09
2893.0 3.78360337159019e-09
2894.0 3.782333069092778e-09
2895.0 3.781062766595363e-09
2896.0 3.779792464097952e-09
2897.0 3.778522161600538e-09
2898.0 3.777251859103124e-09
2899.0 3.7759815566057114e-09
2900.0 3.774711254108299e-09
2901.0 3.7734409516108855e-09
2902.0 3.772170649113472e-09
2903.0 3.7709003466160595e-09
2904.0 3.769630044118646e-09
2905.0 3.7683597416212336e-09
2906.0 3.767089439123821e-09
2907.0 3.765819136626408e-09
2908.0 3.764548834128994e-09
2909.0 3.763278531631581e-09
2910.0 3.762008229134168e-09
2911.0 3.760737926636755e-09
2912.0 3.7594676241393414e-09
2913.0 3.758197321641929e-09
2914.0 3.7569270191445155e-09
2915.0 3.755656716647103e-09
2916.0 3.754386414149689e-09
2917.0 3.753116111652275e-09
2918.0 3.7518458091548635e-09
2919.0 3.750575506657451e-09
2920.0 3.749305204160037e-09
2921.0 3.748034901662625e-09
2922.0 3.746764599165211e-09
2923.0 3.745494296667798e-09
2924.0 3.744223994170385e-09
2925.0 3.7429536916729714e-09
2926.0 3.741683389175558e-09
2927.0 3.7404130866781455e-09
2928.0 3.739142784180733e-09
2929.0 3.7378724816833195e-09
2930.0 3.736602179185906e-09
2931.0 3.735331876688494e-09
2932.0 3.734061574191081e-09
2933.0 3.7327912716936676e-09
2934.0 3.731520969196254e-09
2935.0 3.730250666698841e-09
2936.0 3.728980364201428e-09
2937.0 3.727710061704015e-09
2938.0 3.726439759206602e-09
2939.0 3.7251694567091884e-09
2940.0 3.7238991542117755e-09
2941.0 3.722628851714363e-09
2942.0 3.72135854921695e-09
2943.0 3.720088246719537e-09
2944.0 3.718817944222123e-09
2945.0 3.7175476417247105e-09
2946.0 3.7162773392272963e-09
2947.0 3.7150070367298837e-09
2948.0 3.7137367342324708e-09
2949.0 3.712466431735058e-09
2950.0 3.7111961292376444e-09
2951.0 3.7099258267402326e-09
2952.0 3.7086555242428192e-09
2953.0 3.707385221745407e-09
2954.0 3.706114919247993e-09
2955.0 3.7048446167505795e-09
2956.0 3.7035743142531657e-09
2957.0 3.7023040117557535e-09
2958.0 3.7010337092583405e-09
2959.0 3.699763406760927e-09
2960.0 3.6984931042635146e-09
2961.0 3.6972228017661008e-09
2962.0 3.6959524992686886e-09
2963.0 3.694682196771275e-09
2964.0 3.6934118942738626e-09
2965.0 3.6921415917764492e-09
2966.0 3.690871289279036e-09
2967.0 3.689600986781623e-09
2968.0 3.68833068428421e-09
2969.0 3.6870603817867965e-09
2970.0 3.6857900792893835e-09
2971.0 3.6845197767919697e-09
2972.0 3.683249474294557e-09
2973.0 3.681979171797145e-09
2974.0 3.680708869299731e-09
2975.0 3.679438566802318e-09
2976.0 3.678168264304905e-09
2977.0 3.676897961807492e-09
2978.0 3.675627659310079e-09
2979.0 3.674357356812666e-09
2980.0 3.6730870543152533e-09
2981.0 3.6718167518178395e-09
2982.0 3.670546449320427e-09
2983.0 3.6692761468230147e-09
2984.0 3.6680058443256013e-09
2985.0 3.666735541828187e-09
2986.0 3.665465239330774e-09
2987.0 3.664194936833362e-09
2988.0 3.662924634335948e-09
2989.0 3.661654331838535e-09
2990.0 3.6603840293411214e-09
2991.0 3.6591137268437084e-09
2992.0 3.657843424346296e-09
2993.0 3.656573121848883e-09
2994.0 3.655302819351469e-09
2995.0 3.654032516854057e-09
2996.0 3.6527622143566443e-09
2997.0 3.6514919118592305e-09
2998.0 3.6502216093618175e-09
2999.0 3.648951306864404e-09
3000.0 3.647681004366992e-09
3001.0 3.646410701869578e-09
3002.0 3.6451403993721656e-09
3003.0 3.6438700968747518e-09
3004.0 3.642599794377339e-09
3005.0 3.6413294918799262e-09
3006.0 3.6400591893825137e-09
3007.0 3.6387888868850994e-09
3008.0 3.637518584387687e-09
3009.0 3.636248281890274e-09
3010.0 3.634977979392861e-09
3011.0 3.633707676895447e-09
3012.0 3.6324373743980337e-09
3013.0 3.6311670719006215e-09
3014.0 3.6298967694032086e-09
3015.0 3.628626466905795e-09
3016.0 3.627356164408382e-09
3017.0 3.626085861910969e-09
3018.0 3.6248155594135562e-09
3019.0 3.6235452569161436e-09
3020.0 3.6222749544187294e-09
3021.0 3.621004651921317e-09
3022.0 3.619734349423903e-09
3023.0 3.6184640469264905e-09
3024.0 3.6171937444290775e-09
3025.0 3.615923441931665e-09
3026.0 3.614653139434251e-09
3027.0 3.6133828369368385e-09
3028.0 3.612112534439426e-09
3029.0 3.6108422319420118e-09
3030.0 3.609571929444599e-09
3031.0 3.608301626947186e-09
3032.0 3.607031324449773e-09
3033.0 3.60576102195236e-09
3034.0 3.6044907194549473e-09
3035.0 3.6032204169575334e-09
3036.0 3.601950114460121e-09
3037.0 3.600679811962708e-09
3038.0 3.5994095094652945e-09
3039.0 3.598139206967881e-09
3040.0 3.596868904470469e-09
3041.0 3.595598601973056e-09
3042.0 3.5943282994756417e-09
3043.0 3.593057996978229e-09
3044.0 3.591787694480817e-09
3045.0 3.5905173919834032e-09
3046.0 3.5892470894859902e-09
3047.0 3.5879767869885764e-09
3048.0 3.586706484491164e-09
3049.0 3.5854361819937513e-09
3050.0 3.584165879496337e-09
3051.0 3.582895576998924e-09
3052.0 3.5816252745015115e-09
3053.0 3.5803549720040985e-09
3054.0 3.5790846695066855e-09
3055.0 3.577814367009272e-09
3056.0 3.5765440645118596e-09
3057.0 3.575273762014446e-09
3058.0 3.5740034595170336e-09
3059.0 3.5727331570196202e-09
3060.0 3.5714628545222064e-09
3061.0 3.570192552024794e-09
3062.0 3.5689222495273813e-09
3063.0 3.5676519470299683e-09
3064.0 3.5663816445325545e-09
3065.0 3.5651113420351423e-09
3066.0 3.563841039537729e-09
3067.0 3.5625707370403155e-09
3068.0 3.5613004345429025e-09
3069.0 3.5600301320454896e-09
3070.0 3.558759829548076e-09
3071.0 3.5574895270506636e-09
3072.0 3.55621922455325e-09
3073.0 3.554948922055837e-09
3074.0 3.5536786195584234e-09
3075.0 3.552408317061011e-09
3076.0 3.5511380145635974e-09
3077.0 3.549867712066185e-09
3078.0 3.5485974095687715e-09
3079.0 3.5473271070713593e-09
3080.0 3.546056804573945e-09
3081.0 3.5447865020765325e-09
3082.0 3.543516199579119e-09
3083.0 3.542245897081706e-09
3084.0 3.540975594584293e-09
3085.0 3.5397052920868798e-09
3086.0 3.5384349895894672e-09
3087.0 3.5371646870920546e-09
3088.0 3.5358943845946404e-09
3089.0 3.534624082097228e-09
3090.0 3.533353779599815e-09
3091.0 3.532083477102401e-09
3092.0 3.5308131746049885e-09
3093.0 3.529542872107576e-09
3094.0 3.5282725696101625e-09
3095.0 3.52700226711275e-09
3096.0 3.5257319646153366e-09
3097.0 3.5244616621179236e-09
3098.0 3.52319135962051e-09
3099.0 3.5219210571230968e-09
3100.0 3.5206507546256842e-09
