2.0 1.1644059629491893e-05
3.0 1.555713716111185e-05
4.0 1.9131691387950147e-05
5.0 2.2373693970669766e-05
6.0 2.530124412031677e-05
7.0 2.795551539685429e-05
8.0 3.0317582252847595e-05
9.0 3.245274100175235e-05
10.0 3.43415432906039e-05
11.0 3.606515281522639e-05
12.0 3.754344788263854e-05
13.0 3.886093689065121e-05
14.0 4.0041942530331924e-05
15.0 4.1044840696693625e-05
16.0 4.190129899703082e-05
17.0 4.265152170845511e-05
18.0 4.325817301497557e-05
19.0 4.3739734562878476e-05
20.0 4.411761462549698e-05
21.0 4.439538335754397e-05
22.0 4.459313183738919e-05
23.0 4.471381663919793e-05
24.0 4.4685472681991885e-05
25.0 4.462421145442409e-05
26.0 4.446577418460436e-05
27.0 4.4292840047867024e-05
28.0 4.403851772919354e-05
29.0 4.377422054390114e-05
30.0 4.339997134549068e-05
31.0 4.3025722147080214e-05
32.0 4.258788754781697e-05
33.0 4.213934516595711e-05
34.0 4.1678218390533755e-05
35.0 4.120213971071355e-05
36.0 4.072606103089336e-05
37.0 4.022753515010437e-05
38.0 3.972575494091661e-05
39.0 3.922239332920483e-05
40.0 3.870318643254347e-05
41.0 3.818397953588211e-05
42.0 3.766586465917909e-05
43.0 3.7158302106560965e-05
44.0 3.665073955394283e-05
45.0 3.61431770013247e-05
46.0 3.566205145706414e-05
47.0 3.5185017451541917e-05
48.0 3.4707983446019714e-05
49.0 3.424046811120417e-05
50.0 3.3787869012199955e-05
51.0 3.333526991319573e-05
52.0 3.288267081419151e-05
53.0 3.2444080309862354e-05
54.0 3.2013187916705424e-05
55.0 3.1582295523548494e-05
56.0 3.115140313039156e-05
57.0 3.0743862722852955e-05
58.0 3.0351079277913757e-05
59.0 2.995829583297456e-05
60.0 2.956551238803537e-05
61.0 2.918178649621765e-05
62.0 2.8822602778757988e-05
63.0 2.846341906129833e-05
64.0 2.8104235343838666e-05
65.0 2.7745051626379003e-05
66.0 2.739795214739715e-05
67.0 2.7059186413739066e-05
68.0 2.6720420680080985e-05
69.0 2.6381654946422898e-05
70.0 2.6042889212764818e-05
71.0 2.5722569134295568e-05
72.0 2.5417109995085713e-05
73.0 2.511165085587585e-05
74.0 2.4806191716665993e-05
75.0 2.450073257745613e-05
76.0 2.4199181263993686e-05
77.0 2.3924315737109743e-05
78.0 2.36494502102258e-05
79.0 2.337458468334185e-05
80.0 2.3099719156457906e-05
81.0 2.282485362957396e-05
82.0 2.255512578646437e-05
83.0 2.229836906792768e-05
84.0 2.2041612349390986e-05
85.0 2.178485563085429e-05
86.0 2.15280989123176e-05
87.0 2.1271342193780907e-05
88.0 2.101458547524421e-05
89.0 2.0784169102881813e-05
90.0 2.055403068818512e-05
91.0 2.0323892273488428e-05
92.0 2.0093753858791732e-05
93.0 1.9863615444095043e-05
94.0 1.963347702939835e-05
95.0 1.9409241176764595e-05
96.0 1.920713018769211e-05
97.0 1.9005019198619628e-05
98.0 1.8802908209547143e-05
99.0 1.8600797220474655e-05
100.0 1.8398686231402173e-05
101.0 1.8196575242329688e-05
102.0 1.7994464253257207e-05
103.0 1.7806422352312153e-05
104.0 1.7619780472688e-05
105.0 1.7433138593063845e-05
106.0 1.724649671343969e-05
107.0 1.7059854833815537e-05
108.0 1.6873212954191386e-05
109.0 1.6686571074567232e-05
110.0 1.6500912344499785e-05
111.0 1.6335630210957962e-05
112.0 1.6170348077416133e-05
113.0 1.6005065943874307e-05
114.0 1.583978381033248e-05
115.0 1.5674501676790655e-05
116.0 1.5509219543248832e-05
117.0 1.5343937409707003e-05
118.0 1.5178655276165177e-05
119.0 1.5026814205325265e-05
120.0 1.4884831606570145e-05
121.0 1.4742849007815024e-05
122.0 1.46008664090599e-05
123.0 1.4458883810304779e-05
124.0 1.4316901211549661e-05
125.0 1.417491861279454e-05
126.0 1.4032936014039416e-05
127.0 1.3890953415284295e-05
128.0 1.375515932519093e-05
129.0 1.362676582106364e-05
130.0 1.3498372316936349e-05
131.0 1.3369978812809058e-05
132.0 1.3241585308681765e-05
133.0 1.3113191804554476e-05
134.0 1.2984798300427185e-05
135.0 1.2856404796299894e-05
136.0 1.27280112921726e-05
137.0 1.2599617788045307e-05
138.0 1.2480997353865893e-05
139.0 1.2368083564961494e-05
140.0 1.2255169776057093e-05
141.0 1.2142255987152692e-05
142.0 1.2029342198248292e-05
143.0 1.1916428409343891e-05
144.0 1.1803514620439492e-05
145.0 1.1690600831535092e-05
146.0 1.1577687042630693e-05
147.0 1.1464773253726292e-05
148.0 1.1352791413743707e-05
149.0 1.1258296149343124e-05
150.0 1.1163800884942537e-05
151.0 1.1069305620541953e-05
152.0 1.0974810356141368e-05
153.0 1.088031509174078e-05
154.0 1.0785819827340197e-05
155.0 1.0691324562939607e-05
156.0 1.0596829298539025e-05
157.0 1.0502334034138437e-05
158.0 1.0407838769737853e-05
159.0 1.0313343505337269e-05
160.0 1.0226113243889484e-05
161.0 1.014271173066424e-05
162.0 1.0059310217438997e-05
163.0 9.97590870421375e-06
164.0 9.892507190988506e-06
165.0 9.80910567776326e-06
166.0 9.725704164538015e-06
167.0 9.64230265131277e-06
168.0 9.558901138087526e-06
169.0 9.475499624862282e-06
170.0 9.392098111637036e-06
171.0 9.308696598411793e-06
172.0 9.229234177678663e-06
173.0 9.156160682738802e-06
174.0 9.083087187798945e-06
175.0 9.010013692859087e-06
176.0 8.936940197919226e-06
177.0 8.863866702979367e-06
178.0 8.790793208039508e-06
179.0 8.717719713099649e-06
180.0 8.64464621815979e-06
181.0 8.57157272321993e-06
182.0 8.498499228280069e-06
183.0 8.42542573334021e-06
184.0 8.352352238400349e-06
185.0 8.281411473119197e-06
186.0 8.221457143131785e-06
187.0 8.161502813144372e-06
188.0 8.101548483156958e-06
189.0 8.041594153169545e-06
190.0 7.981639823182133e-06
191.0 7.92168549319472e-06
192.0 7.861731163207307e-06
193.0 7.801776833219895e-06
194.0 7.74182250323248e-06
195.0 7.681868173245068e-06
196.0 7.621913843257656e-06
197.0 7.561959513270242e-06
198.0 7.5020051832828296e-06
199.0 7.442050853295416e-06
200.0 7.389935247704898e-06
201.0 7.3384500908032576e-06
202.0 7.286964933901617e-06
203.0 7.235479776999977e-06
204.0 7.183994620098337e-06
205.0 7.132509463196698e-06
206.0 7.0810243062950575e-06
207.0 7.029539149393417e-06
208.0 6.978053992491776e-06
209.0 6.926568835590137e-06
210.0 6.875083678688496e-06
211.0 6.823598521786856e-06
212.0 6.772113364885215e-06
213.0 6.720628207983576e-06
214.0 6.669143051081935e-06
215.0 6.621555637433817e-06
216.0 6.576655003689854e-06
217.0 6.53175436994589e-06
218.0 6.486853736201927e-06
219.0 6.4419531024579634e-06
220.0 6.397052468714e-06
221.0 6.352151834970036e-06
222.0 6.307251201226072e-06
223.0 6.2623505674821095e-06
224.0 6.217449933738147e-06
225.0 6.172549299994183e-06
226.0 6.1276486662502175e-06
227.0 6.0827480325062555e-06
228.0 6.037847398762291e-06
229.0 5.992946765018327e-06
230.0 5.9480461312743635e-06
231.0 5.9038035140498165e-06
232.0 5.867416689863497e-06
233.0 5.83102986567718e-06
234.0 5.794643041490864e-06
235.0 5.758256217304545e-06
236.0 5.721869393118228e-06
237.0 5.6854825689319085e-06
238.0 5.649095744745593e-06
239.0 5.612708920559274e-06
240.0 5.576322096372956e-06
241.0 5.539935272186638e-06
242.0 5.5035484480003205e-06
243.0 5.467161623814003e-06
244.0 5.430774799627685e-06
245.0 5.3943879754413665e-06
246.0 5.358001151255048e-06
247.0 5.321614327068732e-06
248.0 5.285227502882413e-06
249.0 5.250607899338171e-06
250.0 5.220302620487343e-06
251.0 5.189997341636516e-06
252.0 5.159692062785691e-06
253.0 5.129386783934864e-06
254.0 5.099081505084037e-06
255.0 5.06877622623321e-06
256.0 5.038470947382383e-06
257.0 5.0081656685315565e-06
258.0 4.9778603896807295e-06
259.0 4.9475551108299016e-06
260.0 4.9172498319790745e-06
261.0 4.8869445531282475e-06
262.0 4.856639274277421e-06
263.0 4.826333995426595e-06
264.0 4.796028716575768e-06
265.0 4.765723437724941e-06
266.0 4.735418158874114e-06
267.0 4.705112880023288e-06
268.0 4.675322912110887e-06
269.0 4.6488668154822515e-06
270.0 4.622410718853618e-06
271.0 4.595954622224984e-06
272.0 4.569498525596348e-06
273.0 4.543042428967714e-06
274.0 4.516586332339078e-06
275.0 4.490130235710445e-06
276.0 4.46367413908181e-06
277.0 4.437218042453175e-06
278.0 4.4107619458245405e-06
279.0 4.384305849195906e-06
280.0 4.3578497525672724e-06
281.0 4.331393655938637e-06
282.0 4.304937559310002e-06
283.0 4.2784814626813665e-06
284.0 4.252025366052733e-06
285.0 4.225569269424098e-06
286.0 4.199113172795464e-06
287.0 4.172657076166829e-06
288.0 4.146200979538193e-06
289.0 4.1224204065253445e-06
290.0 4.101297993373252e-06
291.0 4.080175580221159e-06
292.0 4.059053167069067e-06
293.0 4.037930753916975e-06
294.0 4.016808340764882e-06
295.0 3.99568592761279e-06
296.0 3.974563514460698e-06
297.0 3.953441101308606e-06
298.0 3.932318688156514e-06
299.0 3.911196275004422e-06
300.0 3.890073861852329e-06
301.0 3.868951448700237e-06
302.0 3.847829035548145e-06
303.0 3.826706622396052e-06
304.0 3.8055842092439597e-06
305.0 3.7844617960918678e-06
306.0 3.7633393829397767e-06
307.0 3.742216969787683e-06
308.0 3.721094556635592e-06
309.0 3.6999721434834983e-06
310.0 3.678849730331407e-06
311.0 3.6588265085102387e-06
312.0 3.641627088560552e-06
313.0 3.624427668610865e-06
314.0 3.6072282486611778e-06
315.0 3.5900288287114906e-06
316.0 3.5728294087618035e-06
317.0 3.5556299888121164e-06
318.0 3.5384305688624293e-06
319.0 3.5212311489127417e-06
320.0 3.5040317289630546e-06
321.0 3.4868323090133683e-06
322.0 3.4696328890636803e-06
323.0 3.452433469113993e-06
324.0 3.435234049164306e-06
325.0 3.4180346292146185e-06
326.0 3.400835209264932e-06
327.0 3.383635789315245e-06
328.0 3.3664363693655576e-06
329.0 3.3492369494158705e-06
330.0 3.3320375294661838e-06
331.0 3.314838109516496e-06
332.0 3.2976386895668087e-06
333.0 3.280439269617122e-06
334.0 3.2632398496674344e-06
335.0 3.246824406290689e-06
336.0 3.23188323160066e-06
337.0 3.21694205691063e-06
338.0 3.2020008822206004e-06
339.0 3.1870597075305717e-06
340.0 3.1721185328405417e-06
341.0 3.157177358150512e-06
342.0 3.1422361834604825e-06
343.0 3.1272950087704533e-06
344.0 3.1123538340804237e-06
345.0 3.0974126593903937e-06
346.0 3.082471484700365e-06
347.0 3.067530310010335e-06
348.0 3.052589135320305e-06
349.0 3.0376479606302762e-06
350.0 3.022706785940246e-06
351.0 3.007765611250217e-06
352.0 2.9928244365601866e-06
353.0 2.977883261870158e-06
354.0 2.9629420871801283e-06
355.0 2.9480009124900987e-06
356.0 2.9330597378000687e-06
357.0 2.9181185631100395e-06
358.0 2.90317738842001e-06
359.0 2.8882362137299803e-06
360.0 2.873295039039951e-06
361.0 2.86006595442606e-06
362.0 2.848124748791217e-06
363.0 2.8361835431563743e-06
364.0 2.824242337521532e-06
365.0 2.8123011318866886e-06
366.0 2.8003599262518454e-06
367.0 2.7884187206170034e-06
368.0 2.77647751498216e-06
369.0 2.764536309347317e-06
370.0 2.752595103712475e-06
371.0 2.740653898077632e-06
372.0 2.728712692442789e-06
373.0 2.7167714868079463e-06
374.0 2.704830281173104e-06
375.0 2.692889075538261e-06
376.0 2.6809478699034177e-06
377.0 2.669006664268575e-06
378.0 2.657065458633732e-06
379.0 2.645124252998889e-06
380.0 2.633183047364046e-06
381.0 2.6212418417292044e-06
382.0 2.609300636094361e-06
383.0 2.5973594304595182e-06
384.0 2.585418224824676e-06
385.0 2.5734770191898325e-06
386.0 2.5615358135549897e-06
387.0 2.549594607920147e-06
388.0 2.537653402285304e-06
389.0 2.5277250399302123e-06
390.0 2.518272435786666e-06
391.0 2.508819831643121e-06
392.0 2.499367227499575e-06
393.0 2.489914623356029e-06
394.0 2.4804620192124835e-06
395.0 2.471009415068938e-06
396.0 2.4615568109253916e-06
397.0 2.4521042067818457e-06
398.0 2.442651602638301e-06
399.0 2.4331989984947547e-06
400.0 2.423746394351209e-06
401.0 2.4142937902076637e-06
402.0 2.4048411860641182e-06
403.0 2.395388581920572e-06
404.0 2.3859359777770264e-06
405.0 2.3764833736334804e-06
406.0 2.3670307694899345e-06
407.0 2.357578165346389e-06
408.0 2.348125561202843e-06
409.0 2.3386729570592976e-06
410.0 2.329220352915752e-06
411.0 2.319767748772206e-06
412.0 2.31031514462866e-06
413.0 2.3008625404851147e-06
414.0 2.2914099363415692e-06
415.0 2.2819573321980233e-06
416.0 2.2725047280544774e-06
417.0 2.2630521239109315e-06
418.0 2.253599519767386e-06
419.0 2.2453063889773737e-06
420.0 2.237129889682326e-06
421.0 2.2289533903872786e-06
422.0 2.22077689109223e-06
423.0 2.2126003917971826e-06
424.0 2.204423892502135e-06
425.0 2.196247393207087e-06
426.0 2.1880708939120394e-06
427.0 2.1798943946169914e-06
428.0 2.171717895321944e-06
429.0 2.1635413960268958e-06
430.0 2.155364896731848e-06
431.0 2.1471883974368e-06
432.0 2.1390118981417517e-06
433.0 2.130835398846705e-06
434.0 2.1226588995516566e-06
435.0 2.114482400256609e-06
436.0 2.106305900961561e-06
437.0 2.098129401666513e-06
438.0 2.0899529023714654e-06
439.0 2.081776403076417e-06
440.0 2.0735999037813702e-06
441.0 2.0654234044863218e-06
442.0 2.0572469051912738e-06
443.0 2.049070405896226e-06
444.0 2.040893906601178e-06
445.0 2.03271740730613e-06
446.0 2.0245409080110826e-06
447.0 2.016364408716035e-06
448.0 2.008187909420987e-06
449.0 2.0000114101259394e-06
450.0 1.9918349108308914e-06
451.0 1.9848187731490357e-06
452.0 1.978287399589846e-06
453.0 1.971756026030657e-06
454.0 1.965224652471468e-06
455.0 1.958693278912278e-06
456.0 1.952161905353089e-06
457.0 1.9456305317939e-06
458.0 1.93909915823471e-06
459.0 1.932567784675521e-06
460.0 1.926036411116332e-06
461.0 1.9195050375571427e-06
462.0 1.912973663997953e-06
463.0 1.9064422904387643e-06
464.0 1.8999109168795745e-06
465.0 1.8933795433203853e-06
466.0 1.8868481697611957e-06
467.0 1.880316796202007e-06
468.0 1.8737854226428178e-06
469.0 1.8672540490836282e-06
470.0 1.8607226755244392e-06
471.0 1.8541913019652496e-06
472.0 1.8476599284060604e-06
473.0 1.8411285548468708e-06
474.0 1.8345971812876816e-06
475.0 1.8280658077284925e-06
476.0 1.821534434169303e-06
477.0 1.8150030606101139e-06
478.0 1.8084716870509243e-06
479.0 1.8019403134917355e-06
480.0 1.795408939932546e-06
481.0 1.788877566373357e-06
482.0 1.7823461928141674e-06
483.0 1.7758148192549782e-06
484.0 1.7692834456957886e-06
485.0 1.7627834060912075e-06
486.0 1.7577011590626599e-06
487.0 1.7526189120341125e-06
488.0 1.7475366650055645e-06
489.0 1.7424544179770171e-06
490.0 1.7373721709484695e-06
491.0 1.732289923919922e-06
492.0 1.7272076768913741e-06
493.0 1.7221254298628261e-06
494.0 1.7170431828342791e-06
495.0 1.7119609358057311e-06
496.0 1.7068786887771838e-06
497.0 1.7017964417486362e-06
498.0 1.6967141947200884e-06
499.0 1.691631947691541e-06
500.0 1.686549700662993e-06
501.0 1.6814674536344456e-06
502.0 1.6763852066058982e-06
503.0 1.6713029595773502e-06
504.0 1.6662207125488026e-06
505.0 1.661138465520255e-06
506.0 1.6560562184917074e-06
507.0 1.6509739714631598e-06
508.0 1.6458917244346118e-06
509.0 1.6408094774060644e-06
510.0 1.635727230377517e-06
511.0 1.630644983348969e-06
512.0 1.6255627363204212e-06
513.0 1.6204804892918738e-06
514.0 1.6153982422633262e-06
515.0 1.6103159952347789e-06
516.0 1.6052337482062308e-06
517.0 1.600151501177683e-06
518.0 1.5950692541491357e-06
519.0 1.589987007120588e-06
520.0 1.5849047600920403e-06
521.0 1.5798225130634929e-06
522.0 1.5747402660349449e-06
523.0 1.5701339360466945e-06
524.0 1.5657658313663629e-06
525.0 1.5613977266860315e-06
526.0 1.5570296220057003e-06
527.0 1.5526615173253687e-06
528.0 1.5482934126450375e-06
529.0 1.5439253079647063e-06
530.0 1.539557203284375e-06
531.0 1.5351890986040437e-06
532.0 1.5308209939237126e-06
533.0 1.526452889243381e-06
534.0 1.5220847845630498e-06
535.0 1.5177166798827184e-06
536.0 1.5133485752023868e-06
537.0 1.508980470522056e-06
538.0 1.5046123658417244e-06
539.0 1.5002442611613932e-06
540.0 1.4958761564810618e-06
541.0 1.4915080518007302e-06
542.0 1.487139947120399e-06
543.0 1.482771842440068e-06
544.0 1.4784037377597363e-06
545.0 1.4740356330794055e-06
546.0 1.4696675283990739e-06
547.0 1.4652994237187425e-06
548.0 1.4609313190384113e-06
549.0 1.45656321435808e-06
550.0 1.4521951096777487e-06
551.0 1.4478270049974173e-06
552.0 1.443458900317086e-06
553.0 1.4390907956367546e-06
554.0 1.4347226909564234e-06
555.0 1.430354586276092e-06
556.0 1.425986481595761e-06
557.0 1.4216183769154294e-06
558.0 1.417250272235098e-06
559.0 1.4128821675547668e-06
560.0 1.4085140628744352e-06
561.0 1.4041459581941045e-06
562.0 1.3997778535137729e-06
563.0 1.3957900422145635e-06
564.0 1.3922982955476223e-06
565.0 1.3888065488806815e-06
566.0 1.385314802213741e-06
567.0 1.3818230555468001e-06
568.0 1.3783313088798594e-06
569.0 1.3748395622129186e-06
570.0 1.3713478155459778e-06
571.0 1.367856068879037e-06
572.0 1.364364322212096e-06
573.0 1.3608725755451552e-06
574.0 1.3573808288782144e-06
575.0 1.3538890822112736e-06
576.0 1.3503973355443328e-06
577.0 1.346905588877392e-06
578.0 1.343413842210451e-06
579.0 1.3399220955435102e-06
580.0 1.3364303488765694e-06
581.0 1.3329386022096286e-06
582.0 1.3294468555426878e-06
583.0 1.325955108875747e-06
584.0 1.3224633622088062e-06
585.0 1.3189716155418652e-06
586.0 1.3154798688749244e-06
587.0 1.3119881222079836e-06
588.0 1.3084963755410429e-06
589.0 1.305004628874102e-06
590.0 1.3015128822071613e-06
591.0 1.2980211355402205e-06
592.0 1.2945293888732795e-06
593.0 1.2910376422063387e-06
594.0 1.287545895539398e-06
595.0 1.284054148872457e-06
596.0 1.2805624022055165e-06
597.0 1.2770706555385755e-06
598.0 1.273578908871635e-06
599.0 1.2700871622046937e-06
600.0 1.266595415537753e-06
601.0 1.2631036688708121e-06
602.0 1.2596119222038711e-06
603.0 1.2561201755369305e-06
604.0 1.2526284288699895e-06
605.0 1.2491366822030487e-06
606.0 1.2457274684721892e-06
607.0 1.2430401950806524e-06
608.0 1.2403529216891157e-06
609.0 1.237665648297579e-06
610.0 1.234978374906042e-06
611.0 1.232291101514505e-06
612.0 1.2296038281229684e-06
613.0 1.2269165547314316e-06
614.0 1.224229281339895e-06
615.0 1.2215420079483579e-06
616.0 1.2188547345568208e-06
617.0 1.2161674611652844e-06
618.0 1.2134801877737476e-06
619.0 1.2107929143822107e-06
620.0 1.2081056409906741e-06
621.0 1.205418367599137e-06
622.0 1.2027310942076004e-06
623.0 1.2000438208160636e-06
624.0 1.1973565474245268e-06
625.0 1.1946692740329901e-06
626.0 1.1919820006414529e-06
627.0 1.1892947272499165e-06
628.0 1.1866074538583796e-06
629.0 1.1839201804668428e-06
630.0 1.181232907075306e-06
631.0 1.1785456336837693e-06
632.0 1.1758583602922323e-06
633.0 1.1731710869006956e-06
634.0 1.1704838135091588e-06
635.0 1.167796540117622e-06
636.0 1.1651092667260851e-06
637.0 1.1624219933345483e-06
638.0 1.1597347199430115e-06
639.0 1.1570474465514748e-06
640.0 1.154360173159938e-06
641.0 1.1516728997684014e-06
642.0 1.1489856263768645e-06
643.0 1.1462983529853277e-06
644.0 1.1436110795937909e-06
645.0 1.140923806202254e-06
646.0 1.1382365328107172e-06
647.0 1.1355492594191806e-06
648.0 1.1328619860276435e-06
649.0 1.1301747126361069e-06
650.0 1.12748743924457e-06
651.0 1.124800165853033e-06
652.0 1.1221128924614964e-06
653.0 1.1196014172382212e-06
654.0 1.1173195238697405e-06
655.0 1.1150376305012593e-06
656.0 1.112755737132778e-06
657.0 1.1104738437642972e-06
658.0 1.1081919503958158e-06
659.0 1.105910057027335e-06
660.0 1.103628163658854e-06
661.0 1.1013462702903731e-06
662.0 1.099064376921892e-06
663.0 1.096782483553411e-06
664.0 1.0945005901849298e-06
665.0 1.0922186968164489e-06
666.0 1.089936803447968e-06
667.0 1.087654910079487e-06
668.0 1.0853730167110058e-06
669.0 1.0830911233425248e-06
670.0 1.0808092299740436e-06
671.0 1.0785273366055627e-06
672.0 1.0762454432370815e-06
673.0 1.0739635498686008e-06
674.0 1.0716816565001196e-06
675.0 1.0693997631316386e-06
676.0 1.0671178697631577e-06
677.0 1.0648359763946765e-06
678.0 1.0625540830261957e-06
679.0 1.0602721896577144e-06
680.0 1.0579902962892334e-06
681.0 1.0557084029207522e-06
682.0 1.0534265095522717e-06
683.0 1.0511446161837903e-06
684.0 1.0488627228153094e-06
685.0 1.0465808294468284e-06
686.0 1.0442989360783472e-06
687.0 1.0420170427098663e-06
688.0 1.039735149341385e-06
689.0 1.037453255972904e-06
690.0 1.0351713626044232e-06
691.0 1.0328894692359422e-06
692.0 1.030607575867461e-06
693.0 1.0283256824989799e-06
694.0 1.0260437891304993e-06
695.0 1.023761895762018e-06
696.0 1.021480002393537e-06
697.0 1.0191981090250558e-06
698.0 1.0169162156565748e-06
699.0 1.014634322288094e-06
700.0 1.012352428919613e-06
701.0 1.0100705355511318e-06
702.0 1.0077886421826508e-06
703.0 1.0055800295726955e-06
704.0 1.0037289893437692e-06
705.0 1.0018779491148429e-06
706.0 1.000026908885917e-06
707.0 9.981758686569909e-07
708.0 9.963248284280644e-07
709.0 9.944737881991385e-07
710.0 9.92622747970212e-07
711.0 9.907717077412856e-07
712.0 9.889206675123597e-07
713.0 9.870696272834332e-07
714.0 9.85218587054507e-07
715.0 9.833675468255808e-07
716.0 9.815165065966549e-07
717.0 9.796654663677283e-07
718.0 9.778144261388022e-07
719.0 9.75963385909876e-07
720.0 9.741123456809498e-07
721.0 9.722613054520235e-07
722.0 9.704102652230972e-07
723.0 9.685592249941709e-07
724.0 9.66708184765245e-07
725.0 9.648571445363186e-07
726.0 9.630061043073923e-07
727.0 9.611550640784662e-07
728.0 9.5930402384954e-07
729.0 9.574529836206136e-07
730.0 9.556019433916877e-07
731.0 9.537509031627614e-07
732.0 9.518998629338353e-07
733.0 9.500488227049087e-07
734.0 9.481977824759826e-07
735.0 9.463467422470564e-07
736.0 9.444957020181299e-07
737.0 9.42644661789204e-07
738.0 9.407936215602778e-07
739.0 9.389425813313515e-07
740.0 9.370915411024251e-07
741.0 9.352405008734991e-07
742.0 9.333894606445728e-07
743.0 9.315384204156465e-07
744.0 9.296873801867205e-07
745.0 9.27836339957794e-07
746.0 9.259852997288679e-07
747.0 9.241342594999417e-07
748.0 9.222832192710156e-07
749.0 9.204321790420892e-07
750.0 9.18581138813163e-07
751.0 9.167300985842369e-07
752.0 9.148790583553106e-07
753.0 9.130280181263844e-07
754.0 9.111769778974579e-07
755.0 9.09325937668532e-07
756.0 9.074748974396057e-07
757.0 9.056394318309006e-07
758.0 9.04233668953084e-07
759.0 9.028279060752676e-07
760.0 9.01422143197451e-07
761.0 9.000163803196344e-07
762.0 8.98610617441818e-07
763.0 8.972048545640014e-07
764.0 8.957990916861848e-07
765.0 8.943933288083684e-07
766.0 8.929875659305519e-07
767.0 8.915818030527353e-07
768.0 8.901760401749187e-07
769.0 8.887702772971021e-07
770.0 8.873645144192855e-07
771.0 8.859587515414691e-07
772.0 8.845529886636526e-07
773.0 8.83147225785836e-07
774.0 8.817414629080197e-07
775.0 8.80335700030203e-07
776.0 8.789299371523864e-07
777.0 8.775241742745701e-07
778.0 8.761184113967535e-07
779.0 8.747126485189371e-07
780.0 8.733068856411206e-07
781.0 8.71901122763304e-07
782.0 8.704953598854874e-07
783.0 8.69089597007671e-07
784.0 8.676838341298544e-07
785.0 8.662780712520378e-07
786.0 8.648723083742213e-07
787.0 8.634665454964047e-07
788.0 8.620607826185881e-07
789.0 8.606550197407717e-07
790.0 8.592492568629551e-07
791.0 8.578434939851386e-07
792.0 8.564377311073221e-07
793.0 8.550319682295056e-07
794.0 8.536262053516891e-07
795.0 8.522204424738725e-07
796.0 8.50814679596056e-07
797.0 8.494089167182394e-07
798.0 8.48003153840423e-07
799.0 8.465973909626064e-07
800.0 8.451916280847899e-07
801.0 8.437858652069733e-07
802.0 8.423801023291569e-07
803.0 8.409743394513402e-07
804.0 8.395685765735237e-07
805.0 8.381628136957072e-07
806.0 8.367570508178906e-07
807.0 8.353512879400741e-07
808.0 8.339455250622577e-07
809.0 8.325397621844409e-07
810.0 8.311339993066245e-07
811.0 8.297282364288079e-07
812.0 8.283224735509914e-07
813.0 8.269167106731749e-07
814.0 8.255109477953585e-07
815.0 8.241051849175419e-07
816.0 8.228598739566163e-07
817.0 8.21673864973961e-07
818.0 8.204878559913059e-07
819.0 8.193018470086505e-07
820.0 8.181158380259951e-07
821.0 8.1692982904334e-07
822.0 8.157438200606848e-07
823.0 8.145578110780296e-07
824.0 8.133718020953744e-07
825.0 8.121857931127191e-07
826.0 8.109997841300637e-07
827.0 8.098137751474086e-07
828.0 8.086277661647532e-07
829.0 8.074417571820981e-07
830.0 8.062557481994428e-07
831.0 8.050697392167877e-07
832.0 8.038837302341324e-07
833.0 8.02697721251477e-07
834.0 8.015117122688219e-07
835.0 8.003257032861665e-07
836.0 7.991396943035114e-07
837.0 7.979536853208561e-07
838.0 7.96767676338201e-07
839.0 7.955816673555456e-07
840.0 7.943956583728905e-07
841.0 7.932096493902351e-07
842.0 7.9202364040758e-07
843.0 7.908376314249247e-07
844.0 7.896516224422696e-07
845.0 7.884656134596142e-07
846.0 7.872796044769589e-07
847.0 7.860935954943037e-07
848.0 7.849075865116484e-07
849.0 7.837215775289932e-07
850.0 7.82535568546338e-07
851.0 7.813495595636829e-07
852.0 7.801635505810275e-07
853.0 7.789775415983724e-07
854.0 7.77791532615717e-07
855.0 7.766055236330619e-07
856.0 7.754195146504065e-07
857.0 7.742335056677513e-07
858.0 7.73047496685096e-07
859.0 7.718614877024406e-07
860.0 7.706754787197855e-07
861.0 7.694894697371303e-07
862.0 7.683034607544751e-07
863.0 7.671174517718198e-07
864.0 7.659314427891646e-07
865.0 7.647454338065094e-07
866.0 7.635594248238541e-07
867.0 7.623734158411987e-07
868.0 7.611874068585436e-07
869.0 7.600013978758883e-07
870.0 7.58815388893233e-07
871.0 7.57629379910578e-07
872.0 7.564433709279226e-07
873.0 7.552573619452674e-07
874.0 7.54071352962612e-07
875.0 7.528853439799569e-07
876.0 7.516993349973016e-07
877.0 7.505133260146465e-07
878.0 7.493273170319911e-07
879.0 7.483417756359879e-07
880.0 7.473703056863945e-07
881.0 7.463988357368012e-07
882.0 7.45427365787208e-07
883.0 7.444558958376145e-07
884.0 7.434844258880213e-07
885.0 7.425129559384279e-07
886.0 7.415414859888344e-07
887.0 7.405700160392409e-07
888.0 7.395985460896476e-07
889.0 7.386270761400542e-07
890.0 7.37655606190461e-07
891.0 7.366841362408675e-07
892.0 7.357126662912741e-07
893.0 7.347411963416808e-07
894.0 7.337697263920874e-07
895.0 7.327982564424941e-07
896.0 7.318267864929006e-07
897.0 7.308553165433072e-07
898.0 7.298838465937137e-07
899.0 7.289123766441205e-07
900.0 7.279409066945271e-07
901.0 7.269694367449338e-07
902.0 7.259979667953405e-07
903.0 7.25026496845747e-07
904.0 7.240550268961538e-07
905.0 7.230835569465602e-07
906.0 7.221120869969668e-07
907.0 7.211406170473734e-07
908.0 7.201691470977801e-07
909.0 7.191976771481867e-07
910.0 7.182262071985934e-07
911.0 7.17254737249e-07
912.0 7.162832672994066e-07
913.0 7.15311797349813e-07
914.0 7.143403274002198e-07
915.0 7.133688574506264e-07
916.0 7.123973875010331e-07
917.0 7.114259175514397e-07
918.0 7.104544476018464e-07
919.0 7.09482977652253e-07
920.0 7.085115077026595e-07
921.0 7.075400377530663e-07
922.0 7.065685678034728e-07
923.0 7.055970978538793e-07
924.0 7.046256279042861e-07
925.0 7.036541579546927e-07
926.0 7.026826880050993e-07
927.0 7.01711218055506e-07
928.0 7.007397481059126e-07
929.0 6.997682781563193e-07
930.0 6.98796808206726e-07
931.0 6.978253382571324e-07
932.0 6.96853868307539e-07
933.0 6.958823983579457e-07
934.0 6.949109284083523e-07
935.0 6.93939458458759e-07
936.0 6.929679885091657e-07
937.0 6.919965185595722e-07
938.0 6.910250486099789e-07
939.0 6.900535786603854e-07
940.0 6.89082108710792e-07
941.0 6.881106387611987e-07
942.0 6.871391688116053e-07
943.0 6.861676988620119e-07
944.0 6.851962289124186e-07
945.0 6.842247589628252e-07
946.0 6.833217026379694e-07
947.0 6.82576865785786e-07
948.0 6.818320289336025e-07
949.0 6.810871920814189e-07
950.0 6.803423552292353e-07
951.0 6.795975183770519e-07
952.0 6.788526815248683e-07
953.0 6.781078446726848e-07
954.0 6.773630078205014e-07
955.0 6.766181709683176e-07
956.0 6.75873334116134e-07
957.0 6.751284972639506e-07
958.0 6.743836604117671e-07
959.0 6.736388235595835e-07
960.0 6.728939867074e-07
961.0 6.721491498552165e-07
962.0 6.714043130030329e-07
963.0 6.706594761508495e-07
964.0 6.69914639298666e-07
965.0 6.691698024464824e-07
966.0 6.684249655942989e-07
967.0 6.676801287421154e-07
968.0 6.669352918899319e-07
969.0 6.661904550377484e-07
970.0 6.654456181855649e-07
971.0 6.647007813333814e-07
972.0 6.639559444811978e-07
973.0 6.632111076290143e-07
974.0 6.624662707768308e-07
975.0 6.617214339246472e-07
976.0 6.609765970724637e-07
977.0 6.602317602202803e-07
978.0 6.594869233680967e-07
979.0 6.587420865159132e-07
980.0 6.579972496637297e-07
981.0 6.572524128115462e-07
982.0 6.565075759593626e-07
983.0 6.557627391071791e-07
984.0 6.550179022549957e-07
985.0 6.542730654028121e-07
986.0 6.535282285506285e-07
987.0 6.527833916984451e-07
988.0 6.520385548462615e-07
989.0 6.51293717994078e-07
990.0 6.505488811418946e-07
991.0 6.49804044289711e-07
992.0 6.490592074375275e-07
993.0 6.483143705853438e-07
994.0 6.475695337331603e-07
995.0 6.468246968809767e-07
996.0 6.460798600287932e-07
997.0 6.453350231766097e-07
998.0 6.445901863244261e-07
999.0 6.438453494722427e-07
1000.0 6.431005126200592e-07
1001.0 6.423556757678756e-07
1002.0 6.416108389156921e-07
1003.0 6.408660020635086e-07
1004.0 6.401211652113251e-07
1005.0 6.393763283591415e-07
1006.0 6.386314915069581e-07
1007.0 6.378866546547746e-07
1008.0 6.37141817802591e-07
1009.0 6.363969809504075e-07
1010.0 6.35652144098224e-07
1011.0 6.349073072460404e-07
1012.0 6.341624703938569e-07
1013.0 6.334176335416735e-07
1014.0 6.326727966894899e-07
1015.0 6.319279598373064e-07
1016.0 6.311831229851229e-07
1017.0 6.304382861329394e-07
1018.0 6.296934492807558e-07
1019.0 6.290047059581221e-07
1020.0 6.283818202426555e-07
1021.0 6.277589345271889e-07
1022.0 6.271360488117223e-07
1023.0 6.265131630962556e-07
1024.0 6.258902773807891e-07
1025.0 6.252673916653224e-07
1026.0 6.246445059498559e-07
1027.0 6.240216202343892e-07
1028.0 6.233987345189227e-07
1029.0 6.22775848803456e-07
1030.0 6.221529630879896e-07
1031.0 6.215300773725228e-07
1032.0 6.209071916570564e-07
1033.0 6.202843059415896e-07
1034.0 6.196614202261232e-07
1035.0 6.190385345106564e-07
1036.0 6.1841564879519e-07
1037.0 6.177927630797232e-07
1038.0 6.171698773642568e-07
1039.0 6.1654699164879e-07
1040.0 6.159241059333235e-07
1041.0 6.153012202178568e-07
1042.0 6.146783345023903e-07
1043.0 6.140554487869236e-07
1044.0 6.134325630714571e-07
1045.0 6.128096773559904e-07
1046.0 6.121867916405239e-07
1047.0 6.115639059250572e-07
1048.0 6.109410202095908e-07
1049.0 6.10318134494124e-07
1050.0 6.096952487786576e-07
1051.0 6.090723630631907e-07
1052.0 6.084494773477244e-07
1053.0 6.078265916322575e-07
1054.0 6.072037059167911e-07
1055.0 6.065808202013244e-07
1056.0 6.059579344858579e-07
1057.0 6.053350487703912e-07
1058.0 6.047121630549247e-07
1059.0 6.04089277339458e-07
1060.0 6.034663916239914e-07
1061.0 6.028435059085248e-07
1062.0 6.022206201930583e-07
1063.0 6.015977344775916e-07
1064.0 6.009748487621251e-07
1065.0 6.003519630466584e-07
1066.0 5.997290773311919e-07
1067.0 5.991061916157252e-07
1068.0 5.984833059002587e-07
1069.0 5.97860420184792e-07
1070.0 5.972375344693254e-07
1071.0 5.966146487538588e-07
1072.0 5.959917630383922e-07
1073.0 5.953688773229256e-07
1074.0 5.94745991607459e-07
1075.0 5.941231058919924e-07
1076.0 5.935002201765258e-07
1077.0 5.928773344610592e-07
1078.0 5.922544487455926e-07
1079.0 5.91631563030126e-07
1080.0 5.910086773146594e-07
1081.0 5.903857915991928e-07
1082.0 5.897629058837263e-07
1083.0 5.891400201682596e-07
1084.0 5.88517134452793e-07
1085.0 5.878942487373264e-07
1086.0 5.872713630218598e-07
1087.0 5.866484773063932e-07
1088.0 5.860255915909266e-07
1089.0 5.854027058754599e-07
1090.0 5.847798201599935e-07
1091.0 5.841569344445268e-07
1092.0 5.835340487290603e-07
1093.0 5.829111630135936e-07
1094.0 5.82288277298127e-07
1095.0 5.816653915826604e-07
1096.0 5.810425058671938e-07
1097.0 5.804203895446196e-07
1098.0 5.799006992634523e-07
1099.0 5.793810089822851e-07
1100.0 5.788613187011179e-07
1101.0 5.783416284199506e-07
1102.0 5.778219381387836e-07
1103.0 5.773022478576164e-07
1104.0 5.767825575764492e-07
1105.0 5.762628672952821e-07
1106.0 5.757431770141149e-07
1107.0 5.752234867329479e-07
1108.0 5.747037964517806e-07
1109.0 5.741841061706135e-07
1110.0 5.736644158894462e-07
1111.0 5.731447256082789e-07
1112.0 5.726250353271118e-07
1113.0 5.721053450459447e-07
1114.0 5.715856547647775e-07
1115.0 5.710659644836103e-07
1116.0 5.705462742024432e-07
1117.0 5.70026583921276e-07
1118.0 5.695068936401089e-07
1119.0 5.689872033589418e-07
1120.0 5.684675130777745e-07
1121.0 5.679478227966073e-07
1122.0 5.674281325154401e-07
1123.0 5.66908442234273e-07
1124.0 5.663887519531058e-07
1125.0 5.658690616719386e-07
1126.0 5.653493713907714e-07
1127.0 5.648296811096042e-07
1128.0 5.643099908284373e-07
1129.0 5.6379030054727e-07
1130.0 5.632706102661028e-07
1131.0 5.627509199849357e-07
1132.0 5.622312297037684e-07
1133.0 5.617115394226011e-07
1134.0 5.611918491414341e-07
1135.0 5.606721588602669e-07
1136.0 5.601524685790997e-07
1137.0 5.596327782979325e-07
1138.0 5.591130880167653e-07
1139.0 5.585933977355983e-07
1140.0 5.580737074544311e-07
1141.0 5.575540171732639e-07
1142.0 5.570343268920967e-07
1143.0 5.565146366109295e-07
1144.0 5.559949463297625e-07
1145.0 5.554752560485953e-07
1146.0 5.549555657674279e-07
1147.0 5.544358754862608e-07
1148.0 5.539161852050936e-07
1149.0 5.533964949239264e-07
1150.0 5.528768046427594e-07
1151.0 5.523571143615922e-07
1152.0 5.51837424080425e-07
1153.0 5.513177337992578e-07
1154.0 5.507980435180906e-07
1155.0 5.502783532369235e-07
1156.0 5.497586629557563e-07
1157.0 5.492389726745891e-07
1158.0 5.487192823934218e-07
1159.0 5.481995921122547e-07
1160.0 5.476799018310876e-07
1161.0 5.471602115499205e-07
1162.0 5.466405212687532e-07
1163.0 5.461208309875861e-07
1164.0 5.456011407064189e-07
1165.0 5.450814504252518e-07
1166.0 5.445617601440847e-07
1167.0 5.440420698629174e-07
1168.0 5.435223795817502e-07
1169.0 5.43002689300583e-07
1170.0 5.424829990194157e-07
1171.0 5.419633087382487e-07
1172.0 5.414436184570815e-07
1173.0 5.409239281759144e-07
1174.0 5.404042378947471e-07
1175.0 5.3988454761358e-07
1176.0 5.393648573324129e-07
1177.0 5.388451670512457e-07
1178.0 5.383254767700785e-07
1179.0 5.378057864889113e-07
1180.0 5.37286096207744e-07
1181.0 5.36766405926577e-07
1182.0 5.363048739503416e-07
1183.0 5.35898734059201e-07
1184.0 5.354925941680604e-07
1185.0 5.350864542769197e-07
1186.0 5.346803143857791e-07
1187.0 5.342741744946387e-07
1188.0 5.33868034603498e-07
1189.0 5.334618947123576e-07
1190.0 5.330557548212169e-07
1191.0 5.326496149300763e-07
1192.0 5.322434750389357e-07
1193.0 5.318373351477951e-07
1194.0 5.314311952566547e-07
1195.0 5.31025055365514e-07
1196.0 5.306189154743732e-07
1197.0 5.302127755832328e-07
1198.0 5.298066356920922e-07
1199.0 5.294004958009517e-07
1200.0 5.28994355909811e-07
1201.0 5.285882160186703e-07
1202.0 5.281820761275299e-07
1203.0 5.277759362363892e-07
1204.0 5.273697963452487e-07
1205.0 5.269636564541081e-07
1206.0 5.265575165629674e-07
1207.0 5.26151376671827e-07
1208.0 5.257452367806863e-07
1209.0 5.253390968895459e-07
1210.0 5.249329569984053e-07
1211.0 5.245268171072646e-07
1212.0 5.24120677216124e-07
1213.0 5.237145373249834e-07
1214.0 5.233083974338429e-07
1215.0 5.229022575427022e-07
1216.0 5.224961176515615e-07
1217.0 5.220899777604211e-07
1218.0 5.216838378692804e-07
1219.0 5.212776979781399e-07
1220.0 5.208715580869993e-07
1221.0 5.204654181958586e-07
1222.0 5.200592783047182e-07
1223.0 5.196531384135774e-07
1224.0 5.19246998522437e-07
1225.0 5.188408586312964e-07
1226.0 5.184347187401558e-07
1227.0 5.180285788490153e-07
1228.0 5.176224389578746e-07
1229.0 5.172162990667341e-07
1230.0 5.168101591755935e-07
1231.0 5.164040192844528e-07
1232.0 5.159978793933123e-07
1233.0 5.155917395021717e-07
1234.0 5.151855996110312e-07
1235.0 5.147794597198905e-07
1236.0 5.143733198287499e-07
1237.0 5.139671799376094e-07
1238.0 5.135610400464688e-07
1239.0 5.131549001553282e-07
1240.0 5.127487602641876e-07
1241.0 5.12342620373047e-07
1242.0 5.119364804819064e-07
1243.0 5.115303405907657e-07
1244.0 5.111242006996253e-07
1245.0 5.107180608084846e-07
1246.0 5.10311920917344e-07
1247.0 5.099057810262036e-07
1248.0 5.094996411350629e-07
1249.0 5.090935012439225e-07
1250.0 5.086873613527817e-07
1251.0 5.082812214616411e-07
1252.0 5.078750815705007e-07
1253.0 5.0746894167936e-07
1254.0 5.070628017882194e-07
1255.0 5.066566618970788e-07
1256.0 5.062505220059382e-07
1257.0 5.058443821147977e-07
1258.0 5.05438242223657e-07
1259.0 5.050321023325165e-07
1260.0 5.046259624413759e-07
1261.0 5.042198225502352e-07
1262.0 5.038136826590947e-07
1263.0 5.03407542767954e-07
1264.0 5.030014028768136e-07
1265.0 5.02595262985673e-07
1266.0 5.021891230945323e-07
1267.0 5.017829832033919e-07
1268.0 5.013768433122512e-07
1269.0 5.009707034211108e-07
1270.0 5.0056456352997e-07
1271.0 5.001584236388294e-07
1272.0 4.997522837476889e-07
1273.0 4.993798317232753e-07
1274.0 4.990399151148992e-07
1275.0 4.986999985065236e-07
1276.0 4.983600818981475e-07
1277.0 4.980201652897715e-07
1278.0 4.976802486813956e-07
1279.0 4.973403320730196e-07
1280.0 4.970004154646437e-07
1281.0 4.966604988562677e-07
1282.0 4.963205822478917e-07
1283.0 4.95980665639516e-07
1284.0 4.9564074903114e-07
1285.0 4.95300832422764e-07
1286.0 4.94960915814388e-07
1287.0 4.94620999206012e-07
1288.0 4.942810825976361e-07
1289.0 4.939411659892601e-07
1290.0 4.936012493808843e-07
1291.0 4.932613327725083e-07
1292.0 4.929214161641323e-07
1293.0 4.925814995557564e-07
1294.0 4.922415829473804e-07
1295.0 4.919016663390045e-07
1296.0 4.915617497306285e-07
1297.0 4.912218331222524e-07
1298.0 4.908819165138768e-07
1299.0 4.905419999055007e-07
1300.0 4.902020832971248e-07
1301.0 4.898621666887488e-07
1302.0 4.895222500803728e-07
1303.0 4.891823334719969e-07
1304.0 4.888424168636209e-07
1305.0 4.885025002552449e-07
1306.0 4.881625836468691e-07
1307.0 4.878226670384932e-07
1308.0 4.874827504301172e-07
1309.0 4.871428338217412e-07
1310.0 4.868029172133653e-07
1311.0 4.864630006049893e-07
1312.0 4.861230839966133e-07
1313.0 4.857831673882373e-07
1314.0 4.854432507798615e-07
1315.0 4.851033341714855e-07
1316.0 4.847634175631096e-07
1317.0 4.844235009547336e-07
1318.0 4.840835843463577e-07
1319.0 4.837436677379817e-07
1320.0 4.834037511296056e-07
1321.0 4.830638345212297e-07
1322.0 4.827239179128539e-07
1323.0 4.82384001304478e-07
1324.0 4.820440846961021e-07
1325.0 4.81704168087726e-07
1326.0 4.813642514793501e-07
1327.0 4.81024334870974e-07
1328.0 4.806844182625982e-07
1329.0 4.803445016542222e-07
1330.0 4.800045850458464e-07
1331.0 4.796646684374705e-07
1332.0 4.793247518290944e-07
1333.0 4.789848352207185e-07
1334.0 4.786449186123424e-07
1335.0 4.783050020039665e-07
1336.0 4.779650853955906e-07
1337.0 4.776251687872147e-07
1338.0 4.772852521788389e-07
1339.0 4.769453355704628e-07
1340.0 4.766054189620869e-07
1341.0 4.7626550235371096e-07
1342.0 4.759255857453349e-07
1343.0 4.75585669136959e-07
1344.0 4.7524575252858294e-07
1345.0 4.749058359202071e-07
1346.0 4.745659193118311e-07
1347.0 4.7422600270345523e-07
1348.0 4.7388608609507924e-07
1349.0 4.735461694867033e-07
1350.0 4.7320625287832726e-07
1351.0 4.7286633626995143e-07
1352.0 4.725264196615754e-07
1353.0 4.7218650305319956e-07
1354.0 4.7184658644482357e-07
1355.0 4.7150666983644763e-07
1356.0 4.711667532280717e-07
1357.0 4.7082683661969566e-07
1358.0 4.704869200113197e-07
1359.0 4.701470034029438e-07
1360.0 4.6980708679456785e-07
1361.0 4.6946717018619186e-07
1362.0 4.69127253577816e-07
1363.0 4.6878733696944e-07
1364.0 4.6844742036106405e-07
1365.0 4.681075037526881e-07
1366.0 4.677675871443122e-07
1367.0 4.674276705359362e-07
1368.0 4.6708775392756035e-07
1369.0 4.667478373191843e-07
1370.0 4.664079207108085e-07
1371.0 4.6609128498901966e-07
1372.0 4.6579833153154566e-07
1373.0 4.655053780740714e-07
1374.0 4.652124246165971e-07
1375.0 4.6491947115912287e-07
1376.0 4.646265177016487e-07
1377.0 4.643335642441746e-07
1378.0 4.6404061078670033e-07
1379.0 4.637476573292261e-07
1380.0 4.6345470387175185e-07
1381.0 4.6316175041427775e-07
1382.0 4.6286879695680354e-07
1383.0 4.6257584349932927e-07
1384.0 4.6228289004185506e-07
1385.0 4.619899365843809e-07
1386.0 4.616969831269067e-07
1387.0 4.614040296694325e-07
1388.0 4.611110762119583e-07
1389.0 4.608181227544841e-07
1390.0 4.6052516929700994e-07
1391.0 4.6023221583953573e-07
1392.0 4.5993926238206146e-07
1393.0 4.5964630892458725e-07
1394.0 4.5935335546711293e-07
1395.0 4.590604020096389e-07
1396.0 4.5876744855216466e-07
1397.0 4.584744950946905e-07
1398.0 4.581815416372162e-07
1399.0 4.57888588179742e-07
1400.0 4.575956347222678e-07
1401.0 4.573026812647937e-07
1402.0 4.5700972780731933e-07
1403.0 4.5671677434984523e-07
1404.0 4.5642382089237096e-07
1405.0 4.5613086743489675e-07
1406.0 4.5583791397742264e-07
1407.0 4.555449605199485e-07
1408.0 4.5525200706247427e-07
1409.0 4.54959053605e-07
1410.0 4.546661001475258e-07
1411.0 4.543731466900516e-07
1412.0 4.540801932325774e-07
1413.0 4.537872397751032e-07
1414.0 4.5349428631762894e-07
1415.0 4.5320133286015473e-07
1416.0 4.5290837940268057e-07
1417.0 4.5261542594520646e-07
1418.0 4.523224724877322e-07
1419.0 4.52029519030258e-07
1420.0 4.517365655727839e-07
1421.0 4.514436121153096e-07
1422.0 4.511506586578354e-07
1423.0 4.508577052003611e-07
1424.0 4.505647517428868e-07
1425.0 4.502717982854128e-07
1426.0 4.4997884482793855e-07
1427.0 4.4968589137046433e-07
1428.0 4.4939293791299007e-07
1429.0 4.4909998445551596e-07
1430.0 4.4880703099804175e-07
1431.0 4.485140775405675e-07
1432.0 4.4822112408309327e-07
1433.0 4.47928170625619e-07
1434.0 4.476352171681449e-07
1435.0 4.473422637106707e-07
1436.0 4.470493102531965e-07
1437.0 4.467563567957223e-07
1438.0 4.4646340333824815e-07
1439.0 4.4617044988077394e-07
1440.0 4.458774964232997e-07
1441.0 4.4558454296582546e-07
1442.0 4.452915895083513e-07
1443.0 4.449986360508771e-07
1444.0 4.447056825934029e-07
1445.0 4.444127291359286e-07
1446.0 4.441197756784545e-07
1447.0 4.438268222209802e-07
1448.0 4.43533868763506e-07
1449.0 4.432409153060319e-07
1450.0 4.4294796184855776e-07
1451.0 4.4265500839108334e-07
1452.0 4.423620549336092e-07
1453.0 4.4206910147613496e-07
1454.0 4.4177614801866075e-07
1455.0 4.414831945611866e-07
1456.0 4.411902411037125e-07
1457.0 4.408972876462382e-07
1458.0 4.40604334188764e-07
1459.0 4.403113807312898e-07
1460.0 4.4001842727381563e-07
1461.0 4.397254738163414e-07
1462.0 4.3943252035886715e-07
1463.0 4.3913956690139294e-07
1464.0 4.388466134439188e-07
1465.0 4.3855365998644457e-07
1466.0 4.382607065289704e-07
1467.0 4.379677530714962e-07
1468.0 4.376747996140221e-07
1469.0 4.373818461565477e-07
1470.0 4.370888926990736e-07
1471.0 4.3679593924159935e-07
1472.0 4.3650298578412524e-07
1473.0 4.3621003232665103e-07
1474.0 4.3591707886917676e-07
1475.0 4.3562412541170255e-07
1476.0 4.353311719542283e-07
1477.0 4.3509079336332476e-07
1478.0 4.3485416886304683e-07
1479.0 4.3461754436276896e-07
1480.0 4.3438091986249077e-07
1481.0 4.3414429536221285e-07
1482.0 4.33907670861935e-07
1483.0 4.3367104636165684e-07
1484.0 4.3343442186137886e-07
1485.0 4.3319779736110094e-07
1486.0 4.3296117286082285e-07
1487.0 4.32724548360545e-07
1488.0 4.324879238602669e-07
1489.0 4.3225129935998887e-07
1490.0 4.32014674859711e-07
1491.0 4.317780503594329e-07
1492.0 4.315414258591549e-07
1493.0 4.31304801358877e-07
1494.0 4.3106817685859887e-07
1495.0 4.308315523583209e-07
1496.0 4.30594927858043e-07
1497.0 4.30358303357765e-07
1498.0 4.301216788574869e-07
1499.0 4.2988505435720904e-07
1500.0 4.29648429856931e-07
1501.0 4.29411805356653e-07
1502.0 4.29175180856375e-07
1503.0 4.28938556356097e-07
1504.0 4.287019318558191e-07
1505.0 4.28465307355541e-07
1506.0 4.2822868285526304e-07
1507.0 4.279920583549851e-07
1508.0 4.277554338547071e-07
1509.0 4.2751880935442905e-07
1510.0 4.2728218485415113e-07
1511.0 4.270455603538731e-07
1512.0 4.2680893585359507e-07
1513.0 4.2657231135331714e-07
1514.0 4.2633568685303906e-07
1515.0 4.260990623527611e-07
1516.0 4.258624378524831e-07
1517.0 4.2562581335220507e-07
1518.0 4.253891888519272e-07
1519.0 4.251525643516492e-07
1520.0 4.249159398513712e-07
1521.0 4.246793153510932e-07
1522.0 4.2444269085081524e-07
1523.0 4.242060663505372e-07
1524.0 4.2396944185025923e-07
1525.0 4.2373281734998115e-07
1526.0 4.234961928497032e-07
1527.0 4.2325956834942525e-07
1528.0 4.2302294384914716e-07
1529.0 4.227863193488693e-07
1530.0 4.225496948485913e-07
1531.0 4.223130703483132e-07
1532.0 4.2207644584803536e-07
1533.0 4.218398213477572e-07
1534.0 4.216031968474792e-07
1535.0 4.2136657234720137e-07
1536.0 4.211299478469233e-07
1537.0 4.208933233466453e-07
1538.0 4.206566988463673e-07
1539.0 4.204200743460893e-07
1540.0 4.201834498458113e-07
1541.0 4.1994682534553335e-07
1542.0 4.197102008452553e-07
1543.0 4.194735763449773e-07
1544.0 4.1923695184469936e-07
1545.0 4.1900032734442133e-07
1546.0 4.1876370284414336e-07
1547.0 4.185270783438654e-07
1548.0 4.182904538435874e-07
1549.0 4.1805382934330937e-07
1550.0 4.178172048430314e-07
1551.0 4.1758058034275347e-07
1552.0 4.1734395584247544e-07
1553.0 4.171073313421974e-07
1554.0 4.168707068419194e-07
1555.0 4.1663408234164145e-07
1556.0 4.163974578413634e-07
1557.0 4.161608333410855e-07
1558.0 4.159242088408074e-07
1559.0 4.1568758434052954e-07
1560.0 4.154509598402515e-07
1561.0 4.152143353399735e-07
1562.0 4.1497771083969545e-07
1563.0 4.147410863394175e-07
1564.0 4.145044618391395e-07
1565.0 4.1426783733886146e-07
1566.0 4.1403121283858354e-07
1567.0 4.1379458833830546e-07
1568.0 4.135579638380275e-07
1569.0 4.133213393377496e-07
1570.0 4.130847148374716e-07
1571.0 4.128480903371936e-07
1572.0 4.126114658369156e-07
1573.0 4.123748413366376e-07
1574.0 4.121382168363596e-07
1575.0 4.1190159233608153e-07
1576.0 4.116649678358036e-07
1577.0 4.1142834333552563e-07
1578.0 4.1119171883524755e-07
1579.0 4.109550943349696e-07
1580.0 4.107184698346917e-07
1581.0 4.1048184533441356e-07
1582.0 4.1024522083413574e-07
1583.0 4.100085963338577e-07
1584.0 4.097719718335797e-07
1585.0 4.0953534733330176e-07
1586.0 4.0929872283302367e-07
1587.0 4.090620983327457e-07
1588.0 4.0882547383246777e-07
1589.0 4.085888493321897e-07
1590.0 4.0836048653951176e-07
1591.0 4.081582721577468e-07
1592.0 4.079560577759817e-07
1593.0 4.0775384339421676e-07
1594.0 4.075516290124517e-07
1595.0 4.073494146306868e-07
1596.0 4.0714720024892175e-07
1597.0 4.069449858671567e-07
1598.0 4.067427714853917e-07
1599.0 4.0654055710362675e-07
1600.0 4.0633834272186153e-07
1601.0 4.0613612834009664e-07
1602.0 4.0593391395833174e-07
1603.0 4.0573169957656653e-07
1604.0 4.055294851948016e-07
1605.0 4.053272708130366e-07
1606.0 4.051250564312716e-07
1607.0 4.0492284204950647e-07
1608.0 4.0472062766774147e-07
1609.0 4.045184132859765e-07
1610.0 4.0431619890421147e-07
1611.0 4.0411398452244646e-07
1612.0 4.039117701406815e-07
1613.0 4.0370955575891646e-07
1614.0 4.035073413771515e-07
1615.0 4.033051269953864e-07
1616.0 4.031029126136214e-07
1617.0 4.029006982318564e-07
1618.0 4.026984838500914e-07
1619.0 4.0249626946832645e-07
1620.0 4.0229405508656134e-07
1621.0 4.020918407047963e-07
1622.0 4.0188962632303134e-07
1623.0 4.0168741194126634e-07
1624.0 4.0148519755950134e-07
1625.0 4.0128298317773634e-07
1626.0 4.0108076879597134e-07
1627.0 4.008785544142063e-07
1628.0 4.0067634003244117e-07
1629.0 4.0047412565067617e-07
1630.0 4.0027191126891117e-07
1631.0 4.0006969688714617e-07
1632.0 3.9986748250538117e-07
1633.0 3.9966526812361617e-07
1634.0 3.9946305374185116e-07
1635.0 3.992608393600861e-07
1636.0 3.9905862497832106e-07
1637.0 3.988564105965561e-07
1638.0 3.986541962147911e-07
1639.0 3.9845198183302605e-07
1640.0 3.98249767451261e-07
1641.0 3.980475530694961e-07
1642.0 3.978453386877311e-07
1643.0 3.97643124305966e-07
1644.0 3.97440909924201e-07
1645.0 3.9723869554243604e-07
1646.0 3.97036481160671e-07
1647.0 3.9683426677890593e-07
1648.0 3.9663205239714093e-07
1649.0 3.9642983801537593e-07
1650.0 3.9622762363361093e-07
1651.0 3.960254092518458e-07
1652.0 3.958231948700809e-07
1653.0 3.956209804883159e-07
1654.0 3.954187661065509e-07
1655.0 3.952165517247858e-07
1656.0 3.9501433734302076e-07
1657.0 3.948121229612558e-07
1658.0 3.946099085794908e-07
1659.0 3.9440769419772576e-07
1660.0 3.942054798159608e-07
1661.0 3.940032654341958e-07
1662.0 3.9380105105243075e-07
1663.0 3.935988366706657e-07
1664.0 3.933966222889007e-07
1665.0 3.9319440790713575e-07
1666.0 3.929921935253707e-07
1667.0 3.9278997914360564e-07
1668.0 3.9258776476184064e-07
1669.0 3.9238555038007563e-07
1670.0 3.921833359983106e-07
1671.0 3.9198112161654563e-07
1672.0 3.9177890723478063e-07
1673.0 3.9157669285301563e-07
1674.0 3.9137447847125047e-07
1675.0 3.9117226408948547e-07
1676.0 3.9097004970772046e-07
1677.0 3.9076783532595546e-07
1678.0 3.9056562094419046e-07
1679.0 3.9036340656242546e-07
1680.0 3.901611921806605e-07
1681.0 3.8995897779889546e-07
1682.0 3.8975676341713035e-07
1683.0 3.895545490353654e-07
1684.0 3.893523346536004e-07
1685.0 3.891501202718354e-07
1686.0 3.889479058900704e-07
1687.0 3.887456915083053e-07
1688.0 3.8854347712654034e-07
1689.0 3.883412627447753e-07
1690.0 3.8813904836301034e-07
1691.0 3.8793683398124534e-07
1692.0 3.877346195994803e-07
1693.0 3.8753240521771533e-07
1694.0 3.873301908359502e-07
1695.0 3.871279764541852e-07
1696.0 3.869257620724202e-07
1697.0 3.867235476906552e-07
1698.0 3.8652133330889017e-07
1699.0 3.863191189271252e-07
1700.0 3.861169045453601e-07
1701.0 3.8591469016359527e-07
1702.0 3.8571247578183005e-07
1703.0 3.855102614000651e-07
1704.0 3.8530804701830005e-07
1705.0 3.8510583263653505e-07
1706.0 3.849036182547701e-07
1707.0 3.8470140387300505e-07
1708.0 3.8449918949124e-07
1709.0 3.842969751094751e-07
1710.0 3.8409476072771e-07
1711.0 3.83892546345945e-07
1712.0 3.8369033196418e-07
1713.0 3.835058828038771e-07
1714.0 3.8332616536120475e-07
1715.0 3.831464479185325e-07
1716.0 3.829667304758602e-07
1717.0 3.8278701303318783e-07
1718.0 3.8260729559051547e-07
1719.0 3.824275781478432e-07
1720.0 3.8224786070517075e-07
1721.0 3.8206814326249855e-07
1722.0 3.818884258198262e-07
1723.0 3.817087083771537e-07
1724.0 3.8152899093448147e-07
1725.0 3.813492734918092e-07
1726.0 3.8116955604913685e-07
1727.0 3.8098983860646455e-07
1728.0 3.808101211637922e-07
1729.0 3.8063040372111993e-07
1730.0 3.8045068627844757e-07
1731.0 3.802709688357752e-07
1732.0 3.800912513931029e-07
1733.0 3.7991153395043054e-07
1734.0 3.797318165077583e-07
1735.0 3.7955209906508593e-07
1736.0 3.7937238162241357e-07
1737.0 3.791926641797413e-07
1738.0 3.79012946737069e-07
1739.0 3.7883322929439654e-07
1740.0 3.786535118517243e-07
1741.0 3.7847379440905203e-07
1742.0 3.7829407696637957e-07
1743.0 3.7811435952370726e-07
1744.0 3.779346420810349e-07
1745.0 3.7775492463836265e-07
1746.0 3.775752071956904e-07
1747.0 3.7739548975301793e-07
1748.0 3.7721577231034567e-07
1749.0 3.7703605486767337e-07
1750.0 3.76856337425001e-07
1751.0 3.7667661998232865e-07
1752.0 3.764969025396563e-07
1753.0 3.76317185096984e-07
1754.0 3.761374676543117e-07
1755.0 3.7595775021163936e-07
1756.0 3.757780327689671e-07
1757.0 3.7559831532629475e-07
1758.0 3.754185978836224e-07
1759.0 3.752388804409501e-07
1760.0 3.7505916299827783e-07
1761.0 3.748794455556054e-07
1762.0 3.746997281129331e-07
1763.0 3.7452001067026075e-07
1764.0 3.743402932275885e-07
1765.0 3.7416057578491613e-07
1766.0 3.7398085834224383e-07
1767.0 3.7380114089957147e-07
1768.0 3.736214234568992e-07
1769.0 3.734417060142268e-07
1770.0 3.732619885715545e-07
1771.0 3.7308227112888213e-07
1772.0 3.7290255368620977e-07
1773.0 3.727228362435375e-07
1774.0 3.725431188008652e-07
1775.0 3.7236340135819285e-07
1776.0 3.721836839155205e-07
1777.0 3.7200396647284824e-07
1778.0 3.7182424903017593e-07
1779.0 3.7164453158750357e-07
1780.0 3.7146481414483116e-07
1781.0 3.712850967021589e-07
1782.0 3.711053792594866e-07
1783.0 3.7092566181681424e-07
1784.0 3.707459443741419e-07
1785.0 3.705662269314696e-07
1786.0 3.7038650948879726e-07
1787.0 3.7020679204612495e-07
1788.0 3.700270746034526e-07
1789.0 3.6984735716078034e-07
1790.0 3.696676397181079e-07
1791.0 3.694879222754356e-07
1792.0 3.693082048327633e-07
1793.0 3.6912848739009095e-07
1794.0 3.689487699474187e-07
1795.0 3.687690525047464e-07
1796.0 3.68589335062074e-07
1797.0 3.684096176194017e-07
1798.0 3.682299001767293e-07
1799.0 3.6805018273405706e-07
1800.0 3.678704652913847e-07
1801.0 3.6769074784871223e-07
1802.0 3.6751103040604e-07
1803.0 3.673313129633677e-07
1804.0 3.671515955206953e-07
1805.0 3.6697187807802316e-07
1806.0 3.667921606353507e-07
1807.0 3.6661244319267844e-07
1808.0 3.664327257500061e-07
1809.0 3.6625300830733367e-07
1810.0 3.660732908646614e-07
1811.0 3.6589357342198906e-07
1812.0 3.657138559793168e-07
1813.0 3.6553413853664455e-07
1814.0 3.6535442109397213e-07
1815.0 3.651747036512998e-07
1816.0 3.649949862086274e-07
1817.0 3.6481526876595505e-07
1818.0 3.646355513232828e-07
1819.0 3.644558338806105e-07
1820.0 3.6427611643793813e-07
1821.0 3.6409639899526577e-07
1822.0 3.639166815525935e-07
1823.0 3.6373696410992116e-07
1824.0 3.635572466672489e-07
1825.0 3.633775292245765e-07
1826.0 3.6319781178190424e-07
1827.0 3.630180943392319e-07
1828.0 3.628383768965595e-07
1829.0 3.6265865945388716e-07
1830.0 3.624789420112149e-07
1831.0 3.622992245685426e-07
1832.0 3.6211950712587024e-07
1833.0 3.619397896831979e-07
1834.0 3.617600722405256e-07
1835.0 3.6158035479785326e-07
1836.0 3.6140063735518095e-07
1837.0 3.612209199125086e-07
1838.0 3.6104120246983634e-07
1839.0 3.608614850271639e-07
1840.0 3.606817675844915e-07
1841.0 3.605020501418193e-07
1842.0 3.6032233269914695e-07
1843.0 3.601426152564747e-07
1844.0 3.5996289781380223e-07
1845.0 3.598077042901187e-07
1846.0 3.5965500834100205e-07
1847.0 3.5950231239188533e-07
1848.0 3.5934961644276867e-07
1849.0 3.591969204936521e-07
1850.0 3.590442245445354e-07
1851.0 3.5889152859541884e-07
1852.0 3.587388326463021e-07
1853.0 3.5858613669718546e-07
1854.0 3.584334407480688e-07
1855.0 3.582807447989522e-07
1856.0 3.5812804884983547e-07
1857.0 3.579753529007189e-07
1858.0 3.5782265695160225e-07
1859.0 3.5766996100248563e-07
1860.0 3.575172650533689e-07
1861.0 3.5736456910425226e-07
1862.0 3.5721187315513564e-07
1863.0 3.57059177206019e-07
1864.0 3.5690648125690226e-07
1865.0 3.567537853077857e-07
1866.0 3.5660108935866904e-07
1867.0 3.5644839340955243e-07
1868.0 3.5629569746043577e-07
1869.0 3.5614300151131905e-07
1870.0 3.559903055622024e-07
1871.0 3.5583760961308583e-07
1872.0 3.556849136639692e-07
1873.0 3.555322177148525e-07
1874.0 3.5537952176573584e-07
1875.0 3.552268258166192e-07
1876.0 3.5507412986750257e-07
1877.0 3.5492143391838596e-07
1878.0 3.547687379692693e-07
1879.0 3.546160420201527e-07
1880.0 3.54463346071036e-07
1881.0 3.543106501219193e-07
1882.0 3.5415795417280275e-07
1883.0 3.5400525822368603e-07
1884.0 3.5385256227456937e-07
1885.0 3.536998663254528e-07
1886.0 3.535471703763361e-07
1887.0 3.5339447442721943e-07
1888.0 3.532417784781028e-07
1889.0 3.5308908252898616e-07
1890.0 3.529363865798695e-07
1891.0 3.527836906307529e-07
1892.0 3.5263099468163617e-07
1893.0 3.524782987325196e-07
1894.0 3.523256027834029e-07
1895.0 3.521729068342863e-07
1896.0 3.520202108851696e-07
1897.0 3.51867514936053e-07
1898.0 3.517148189869364e-07
1899.0 3.515621230378197e-07
1900.0 3.51409427088703e-07
1901.0 3.5125673113958635e-07
1902.0 3.511040351904697e-07
1903.0 3.509513392413531e-07
1904.0 3.507986432922364e-07
1905.0 3.506459473431198e-07
1906.0 3.5049325139400314e-07
1907.0 3.503405554448865e-07
1908.0 3.5018785949576987e-07
1909.0 3.500351635466532e-07
1910.0 3.498824675975365e-07
1911.0 3.497297716484199e-07
1912.0 3.4957707569930327e-07
1913.0 3.494243797501866e-07
1914.0 3.4927168380107e-07
1915.0 3.491189878519533e-07
1916.0 3.489662919028367e-07
1917.0 3.4881359595372e-07
1918.0 3.486609000046034e-07
1919.0 3.485082040554868e-07
1920.0 3.483555081063701e-07
1921.0 3.482028121572534e-07
1922.0 3.480501162081368e-07
1923.0 3.4789742025902013e-07
1924.0 3.477447243099035e-07
1925.0 3.475920283607869e-07
1926.0 3.474393324116702e-07
1927.0 3.4728663646255353e-07
1928.0 3.471339405134369e-07
1929.0 3.4698124456432026e-07
1930.0 3.468285486152036e-07
1931.0 3.4667585266608693e-07
1932.0 3.465231567169703e-07
1933.0 3.463704607678537e-07
1934.0 3.46217764818737e-07
1935.0 3.460650688696204e-07
1936.0 3.459123729205037e-07
1937.0 3.4575967697138706e-07
1938.0 3.456069810222705e-07
1939.0 3.454542850731538e-07
1940.0 3.453015891240371e-07
1941.0 3.4514889317492045e-07
1942.0 3.4499619722580384e-07
1943.0 3.448435012766872e-07
1944.0 3.4469080532757046e-07
1945.0 3.445381093784539e-07
1946.0 3.4438541342933724e-07
1947.0 3.442327174802206e-07
1948.0 3.440800215311039e-07
1949.0 3.439273255819873e-07
1950.0 3.437746296328707e-07
1951.0 3.43621933683754e-07
1952.0 3.4346923773463737e-07
1953.0 3.433165417855207e-07
1954.0 3.431638458364041e-07
1955.0 3.430111498872875e-07
1956.0 3.4285845393817077e-07
1957.0 3.427057579890541e-07
1958.0 3.4255306203993744e-07
1959.0 3.4240036609082083e-07
1960.0 3.422476701417041e-07
1961.0 3.420949741925875e-07
1962.0 3.419422782434709e-07
1963.0 3.4178958229435423e-07
1964.0 3.416368863452376e-07
1965.0 3.414841903961209e-07
1966.0 3.413314944470043e-07
1967.0 3.411787984978877e-07
1968.0 3.4102610254877097e-07
1969.0 3.4087340659965446e-07
1970.0 3.407207106505377e-07
1971.0 3.405680147014211e-07
1972.0 3.404153187523044e-07
1973.0 3.4026262280318776e-07
1974.0 3.401099268540711e-07
1975.0 3.399572309049545e-07
1976.0 3.398045349558378e-07
1977.0 3.396518390067211e-07
1978.0 3.394991430576045e-07
1979.0 3.393464471084879e-07
1980.0 3.391937511593712e-07
1981.0 3.390410552102545e-07
1982.0 3.3888835926113794e-07
1983.0 3.387356633120213e-07
1984.0 3.385829673629046e-07
1985.0 3.38430271413788e-07
1986.0 3.382775754646713e-07
1987.0 3.3814086268854063e-07
1988.0 3.3800659498909554e-07
1989.0 3.378723272896505e-07
1990.0 3.377380595902053e-07
1991.0 3.3760379189076017e-07
1992.0 3.374695241913152e-07
1993.0 3.3733525649187005e-07
1994.0 3.3720098879242485e-07
1995.0 3.370667210929798e-07
1996.0 3.369324533935348e-07
1997.0 3.367981856940896e-07
1998.0 3.366639179946445e-07
1999.0 3.365296502951994e-07
2000.0 3.3639538259575427e-07
2001.0 3.3626111489630923e-07
2002.0 3.361268471968641e-07
2003.0 3.3599257949741895e-07
2004.0 3.3585831179797386e-07
2005.0 3.357240440985288e-07
2006.0 3.355897763990837e-07
2007.0 3.354555086996386e-07
2008.0 3.3532124100019346e-07
2009.0 3.351869733007484e-07
2010.0 3.350527056013033e-07
2011.0 3.349184379018582e-07
2012.0 3.3478417020241305e-07
2013.0 3.34649902502968e-07
2014.0 3.345156348035229e-07
2015.0 3.3438136710407784e-07
2016.0 3.3424709940463265e-07
2017.0 3.341128317051876e-07
2018.0 3.339785640057425e-07
2019.0 3.3384429630629733e-07
2020.0 3.3371002860685224e-07
2021.0 3.3357576090740715e-07
2022.0 3.334414932079621e-07
2023.0 3.333072255085169e-07
2024.0 3.3317295780907183e-07
2025.0 3.3303869010962675e-07
2026.0 3.329044224101816e-07
2027.0 3.3277015471073646e-07
2028.0 3.326358870112915e-07
2029.0 3.3250161931184634e-07
2030.0 3.323673516124012e-07
2031.0 3.322330839129561e-07
2032.0 3.32098816213511e-07
2033.0 3.3196454851406593e-07
2034.0 3.318302808146208e-07
2035.0 3.316960131151757e-07
2036.0 3.3156174541573056e-07
2037.0 3.3142747771628553e-07
2038.0 3.312932100168404e-07
2039.0 3.311589423173953e-07
2040.0 3.310246746179502e-07
2041.0 3.308904069185051e-07
2042.0 3.3075613921906e-07
2043.0 3.306218715196149e-07
2044.0 3.304876038201698e-07
2045.0 3.303533361207246e-07
2046.0 3.3021906842127963e-07
2047.0 3.300848007218345e-07
2048.0 3.299505330223893e-07
2049.0 3.2981626532294426e-07
2050.0 3.296819976234992e-07
2051.0 3.295477299240541e-07
2052.0 3.294134622246089e-07
2053.0 3.292791945251639e-07
2054.0 3.2914492682571876e-07
2055.0 3.2901065912627373e-07
2056.0 3.2887639142682853e-07
2057.0 3.2874212372738344e-07
2058.0 3.286078560279384e-07
2059.0 3.284735883284932e-07
2060.0 3.2833932062904813e-07
2061.0 3.2820505292960304e-07
2062.0 3.2807078523015795e-07
2063.0 3.279365175307128e-07
2064.0 3.2780224983126767e-07
2065.0 3.2766798213182263e-07
2066.0 3.2753371443237754e-07
2067.0 3.2739944673293235e-07
2068.0 3.272651790334873e-07
2069.0 3.271309113340423e-07
2070.0 3.269966436345971e-07
2071.0 3.26862375935152e-07
2072.0 3.267281082357069e-07
2073.0 3.265938405362618e-07
2074.0 3.2645957283681673e-07
2075.0 3.263253051373716e-07
2076.0 3.261910374379265e-07
2077.0 3.2605676973848136e-07
2078.0 3.259225020390363e-07
2079.0 3.2578823433959124e-07
2080.0 3.256539666401461e-07
2081.0 3.2551969894070096e-07
2082.0 3.253854312412559e-07
2083.0 3.252511635418108e-07
2084.0 3.251168958423657e-07
2085.0 3.249826281429205e-07
2086.0 3.2484836044347546e-07
2087.0 3.247140927440304e-07
2088.0 3.2457982504458523e-07
2089.0 3.2444555734514014e-07
2090.0 3.24311289645695e-07
2091.0 3.2417702194625e-07
2092.0 3.240427542468049e-07
2093.0 3.239084865473597e-07
2094.0 3.2377421884791465e-07
2095.0 3.236399511484696e-07
2096.0 3.2350568344902437e-07
2097.0 3.233714157495793e-07
2098.0 3.232371480501343e-07
2099.0 3.231028803506891e-07
2100.0 3.2296861265124396e-07
2101.0 3.2283434495179893e-07
2102.0 3.2270007725235384e-07
2103.0 3.225658095529087e-07
2104.0 3.224315418534636e-07
2105.0 3.222972741540185e-07
2106.0 3.2216300645457343e-07
2107.0 3.220287387551283e-07
2108.0 3.218944710556832e-07
2109.0 3.2176020335623806e-07
2110.0 3.2162593565679303e-07
2111.0 3.214916679573479e-07
2112.0 3.213574002579028e-07
2113.0 3.212231325584577e-07
2114.0 3.2108886485901257e-07
2115.0 3.209545971595675e-07
2116.0 3.208203294601224e-07
2117.0 3.206860617606773e-07
2118.0 3.2055179406123216e-07
2119.0 3.2041752636178713e-07
2120.0 3.20283258662342e-07
2121.0 3.2014899096289684e-07
2122.0 3.2001472326345176e-07
2123.0 3.198804555640067e-07
2124.0 3.197461878645616e-07
2125.0 3.1961192016511644e-07
2126.0 3.194776524656713e-07
2127.0 3.1934338476622626e-07
2128.0 3.1920911706678107e-07
2129.0 3.1907484936733603e-07
2130.0 3.189405816678909e-07
2131.0 3.1880631396844586e-07
2132.0 3.186720462690007e-07
2133.0 3.1853777856955557e-07
2134.0 3.1840351087011054e-07
2135.0 3.1826924317066545e-07
2136.0 3.181349754712203e-07
2137.0 3.180007077717752e-07
2138.0 3.178664400723301e-07
2139.0 3.17732172372885e-07
2140.0 3.1760820366315553e-07
2141.0 3.174855536603497e-07
2142.0 3.17362903657544e-07
2143.0 3.1724025365473817e-07
2144.0 3.1711760365193247e-07
2145.0 3.169949536491267e-07
2146.0 3.168723036463209e-07
2147.0 3.167496536435152e-07
2148.0 3.1662700364070936e-07
2149.0 3.165043536379036e-07
2150.0 3.1638170363509785e-07
2151.0 3.1625905363229205e-07
2152.0 3.161364036294863e-07
2153.0 3.160137536266805e-07
2154.0 3.1589110362387474e-07
2155.0 3.15768453621069e-07
2156.0 3.1564580361826324e-07
2157.0 3.155231536154575e-07
2158.0 3.1540050361265173e-07
2159.0 3.1527785360984593e-07
2160.0 3.1515520360704023e-07
2161.0 3.150325536042344e-07
2162.0 3.149099036014286e-07
2163.0 3.1478725359862287e-07
2164.0 3.1466460359581707e-07
2165.0 3.1454195359301126e-07
2166.0 3.1441930359020556e-07
2167.0 3.1429665358739976e-07
2168.0 3.1417400358459395e-07
2169.0 3.1405135358178825e-07
2170.0 3.139287035789825e-07
2171.0 3.1380605357617675e-07
2172.0 3.136834035733709e-07
2173.0 3.135607535705652e-07
2174.0 3.1343810356775944e-07
2175.0 3.1331545356495364e-07
2176.0 3.131928035621479e-07
2177.0 3.130701535593421e-07
2178.0 3.129475035565364e-07
2179.0 3.128248535537306e-07
2180.0 3.127022035509248e-07
2181.0 3.1257955354811897e-07
2182.0 3.1245690354531327e-07
2183.0 3.123342535425075e-07
2184.0 3.122116035397017e-07
2185.0 3.12088953536896e-07
2186.0 3.119663035340902e-07
2187.0 3.118436535312844e-07
2188.0 3.117210035284786e-07
2189.0 3.115983535256729e-07
2190.0 3.114757035228671e-07
2191.0 3.113530535200613e-07
2192.0 3.112304035172556e-07
2193.0 3.111077535144498e-07
2194.0 3.109851035116441e-07
2195.0 3.108624535088383e-07
2196.0 3.1073980350603253e-07
2197.0 3.106171535032268e-07
2198.0 3.10494503500421e-07
2199.0 3.1037185349761517e-07
2200.0 3.102492034948094e-07
2201.0 3.101265534920037e-07
2202.0 3.1000390348919786e-07
2203.0 3.098812534863921e-07
2204.0 3.097586034835864e-07
2205.0 3.096359534807806e-07
2206.0 3.095133034779748e-07
2207.0 3.0939065347516905e-07
2208.0 3.092680034723633e-07
2209.0 3.0914535346955755e-07
2210.0 3.0902270346675174e-07
2211.0 3.08900053463946e-07
2212.0 3.0877740346114024e-07
2213.0 3.0865475345833444e-07
2214.0 3.085321034555287e-07
2215.0 3.084094534527229e-07
2216.0 3.0828680344991713e-07
2217.0 3.0816415344711143e-07
2218.0 3.0804150344430557e-07
2219.0 3.079188534414998e-07
2220.0 3.077962034386941e-07
2221.0 3.076735534358883e-07
2222.0 3.075509034330825e-07
2223.0 3.0742825343027676e-07
2224.0 3.07305603427471e-07
2225.0 3.071829534246653e-07
2226.0 3.0706030342185945e-07
2227.0 3.069376534190537e-07
2228.0 3.06815003416248e-07
2229.0 3.066923534134421e-07
2230.0 3.0656970341063644e-07
2231.0 3.064470534078307e-07
2232.0 3.063244034050249e-07
2233.0 3.062017534022191e-07
2234.0 3.060791033994133e-07
2235.0 3.0595645339660763e-07
2236.0 3.058338033938018e-07
2237.0 3.05711153390996e-07
2238.0 3.055885033881903e-07
2239.0 3.054658533853845e-07
2240.0 3.053432033825787e-07
2241.0 3.0522055337977296e-07
2242.0 3.050979033769672e-07
2243.0 3.049752533741614e-07
2244.0 3.0485260337135565e-07
2245.0 3.0472995336854985e-07
2246.0 3.046073033657441e-07
2247.0 3.0448465336293835e-07
2248.0 3.043620033601326e-07
2249.0 3.042393533573268e-07
2250.0 3.0411670335452104e-07
2251.0 3.0399405335171534e-07
2252.0 3.038714033489095e-07
2253.0 3.0374875334610373e-07
2254.0 3.0362610334329803e-07
2255.0 3.0350345334049223e-07
2256.0 3.033808033376864e-07
2257.0 3.0325815333488067e-07
2258.0 3.0313550333207487e-07
2259.0 3.030128533292691e-07
2260.0 3.0289020332646336e-07
2261.0 3.027675533236576e-07
2262.0 3.026449033208518e-07
2263.0 3.0252225331804605e-07
2264.0 3.0239960331524036e-07
2265.0 3.022769533124345e-07
2266.0 3.021543033096288e-07
2267.0 3.02031653306823e-07
2268.0 3.019090033040172e-07
2269.0 3.0178635330121144e-07
2270.0 3.016637032984057e-07
2271.0 3.015410532955999e-07
2272.0 3.014184032927941e-07
2273.0 3.012957532899884e-07
2274.0 3.011731032871826e-07
2275.0 3.010504532843768e-07
2276.0 3.009278032815711e-07
2277.0 3.008051532787653e-07
2278.0 3.006825032759595e-07
2279.0 3.005598532731537e-07
2280.0 3.00437203270348e-07
2281.0 3.0031455326754215e-07
2282.0 3.0019190326473645e-07
2283.0 3.000692532619307e-07
2284.0 2.999466032591249e-07
2285.0 2.9982395325631914e-07
2286.0 2.997013032535134e-07
2287.0 2.995786532507077e-07
2288.0 2.9945600324790184e-07
2289.0 2.993333532450961e-07
2290.0 2.9921070324229033e-07
2291.0 2.990880532394845e-07
2292.0 2.989654032366788e-07
2293.0 2.9884275323387297e-07
2294.0 2.9872010323106717e-07
2295.0 2.9859745322826147e-07
2296.0 2.984748032254557e-07
2297.0 2.9835215322264986e-07
2298.0 2.9822950321984416e-07
2299.0 2.981068532170384e-07
2300.0 2.9798420321423266e-07
2301.0 2.9786155321142685e-07
2302.0 2.9773890320862105e-07
2303.0 2.976162532058153e-07
2304.0 2.9749539297676835e-07
2305.0 2.973873657871798e-07
2306.0 2.972793385975913e-07
2307.0 2.971713114080027e-07
2308.0 2.9706328421841416e-07
2309.0 2.9695525702882557e-07
2310.0 2.9684722983923704e-07
2311.0 2.967392026496485e-07
2312.0 2.9663117546005997e-07
2313.0 2.9652314827047143e-07
2314.0 2.9641512108088285e-07
2315.0 2.963070938912943e-07
2316.0 2.9619906670170567e-07
2317.0 2.960910395121172e-07
2318.0 2.9598301232252865e-07
2319.0 2.958749851329401e-07
2320.0 2.9576695794335153e-07
2321.0 2.95658930753763e-07
2322.0 2.955509035641745e-07
2323.0 2.9544287637458593e-07
2324.0 2.9533484918499734e-07
2325.0 2.9522682199540875e-07
2326.0 2.951187948058203e-07
2327.0 2.9501076761623174e-07
2328.0 2.949027404266432e-07
2329.0 2.9479471323705456e-07
2330.0 2.946866860474661e-07
2331.0 2.945786588578775e-07
2332.0 2.9447063166828896e-07
2333.0 2.943626044787004e-07
2334.0 2.942545772891119e-07
2335.0 2.9414655009952325e-07
2336.0 2.940385229099348e-07
2337.0 2.9393049572034623e-07
2338.0 2.9382246853075765e-07
2339.0 2.937144413411691e-07
2340.0 2.936064141515806e-07
2341.0 2.9349838696199204e-07
2342.0 2.9339035977240346e-07
2343.0 2.9328233258281487e-07
2344.0 2.931743053932264e-07
2345.0 2.930662782036378e-07
2346.0 2.929582510140493e-07
2347.0 2.9285022382446073e-07
2348.0 2.927421966348722e-07
2349.0 2.926341694452836e-07
2350.0 2.9252614225569513e-07
2351.0 2.924181150661065e-07
2352.0 2.9231008787651795e-07
2353.0 2.922020606869294e-07
2354.0 2.9209403349734094e-07
2355.0 2.9198600630775235e-07
2356.0 2.918779791181637e-07
2357.0 2.9176995192857523e-07
2358.0 2.9166192473898674e-07
2359.0 2.9155389754939816e-07
2360.0 2.9144587035980957e-07
2361.0 2.9133784317022104e-07
2362.0 2.912298159806325e-07
2363.0 2.911217887910439e-07
2364.0 2.910137616014554e-07
2365.0 2.9090573441186684e-07
2366.0 2.9079770722227826e-07
2367.0 2.9068968003268967e-07
2368.0 2.9058165284310124e-07
2369.0 2.9047362565351265e-07
2370.0 2.903655984639241e-07
2371.0 2.9025757127433553e-07
2372.0 2.90149544084747e-07
2373.0 2.900415168951585e-07
2374.0 2.899334897055699e-07
2375.0 2.898254625159813e-07
2376.0 2.897174353263928e-07
2377.0 2.8960940813680427e-07
2378.0 2.895013809472157e-07
2379.0 2.8939335375762715e-07
2380.0 2.892853265680386e-07
2381.0 2.891772993784501e-07
2382.0 2.8906927218886144e-07
2383.0 2.8896124499927296e-07
2384.0 2.888532178096844e-07
2385.0 2.887451906200959e-07
2386.0 2.886371634305073e-07
2387.0 2.8852913624091877e-07
2388.0 2.8842110905133023e-07
2389.0 2.8831308186174165e-07
2390.0 2.882050546721531e-07
2391.0 2.880970274825646e-07
2392.0 2.87989000292976e-07
2393.0 2.8788097310338746e-07
2394.0 2.877729459137989e-07
2395.0 2.876649187242104e-07
2396.0 2.875568915346218e-07
2397.0 2.8744886434503326e-07
2398.0 2.873408371554448e-07
2399.0 2.872328099658562e-07
2400.0 2.871247827762676e-07
2401.0 2.870167555866791e-07
2402.0 2.8690872839709054e-07
2403.0 2.8680070120750195e-07
2404.0 2.8669267401791336e-07
2405.0 2.865846468283249e-07
2406.0 2.8647661963873635e-07
2407.0 2.8636859244914776e-07
2408.0 2.862605652595592e-07
2409.0 2.861525380699707e-07
2410.0 2.860445108803821e-07
2411.0 2.859364836907936e-07
2412.0 2.858284565012051e-07
2413.0 2.8572042931161645e-07
2414.0 2.8561240212202786e-07
2415.0 2.8550437493243943e-07
2416.0 2.853963477428509e-07
2417.0 2.8528832055326226e-07
2418.0 2.851802933636737e-07
2419.0 2.850722661740852e-07
2420.0 2.8496423898449665e-07
2421.0 2.848562117949081e-07
2422.0 2.8474818460531953e-07
2423.0 2.84640157415731e-07
2424.0 2.845321302261425e-07
2425.0 2.8442410303655393e-07
2426.0 2.843160758469653e-07
2427.0 2.842080486573768e-07
2428.0 2.8410002146778827e-07
2429.0 2.839919942781997e-07
2430.0 2.8388396708861115e-07
2431.0 2.837759398990226e-07
2432.0 2.836679127094341e-07
2433.0 2.835598855198455e-07
2434.0 2.8345185833025696e-07
2435.0 2.8334383114066837e-07
2436.0 2.8323580395107984e-07
2437.0 2.831277767614913e-07
2438.0 2.830197495719028e-07
2439.0 2.829117223823142e-07
2440.0 2.8280369519272565e-07
2441.0 2.826956680031371e-07
2442.0 2.8258764081354863e-07
2443.0 2.8247961362396004e-07
2444.0 2.823715864343714e-07
2445.0 2.8226355924478287e-07
2446.0 2.8215553205519444e-07
2447.0 2.820475048656058e-07
2448.0 2.8193947767601726e-07
2449.0 2.8183145048642873e-07
2450.0 2.817234232968401e-07
2451.0 2.816153961072516e-07
2452.0 2.8150736891766307e-07
2453.0 2.813993417280745e-07
2454.0 2.8129131453848595e-07
2455.0 2.8118328734889736e-07
2456.0 2.8107526015930894e-07
2457.0 2.809672329697203e-07
2458.0 2.8085920578013176e-07
2459.0 2.807511785905432e-07
2460.0 2.806431514009547e-07
2461.0 2.805351242113661e-07
2462.0 2.804270970217776e-07
2463.0 2.803190698321891e-07
2464.0 2.802110426426005e-07
2465.0 2.801030154530119e-07
2466.0 2.799949882634234e-07
2467.0 2.7988696107383484e-07
2468.0 2.7977893388424626e-07
2469.0 2.796709066946577e-07
2470.0 2.795628795050692e-07
2471.0 2.7945485231548065e-07
2472.0 2.793468251258921e-07
2473.0 2.792387979363036e-07
2474.0 2.79130770746715e-07
2475.0 2.7902274355712646e-07
2476.0 2.789147163675379e-07
2477.0 2.788066891779493e-07
2478.0 2.786986619883608e-07
2479.0 2.785906347987722e-07
2480.0 2.784826076091837e-07
2481.0 2.7837458041959515e-07
2482.0 2.782735381339179e-07
2483.0 2.7817597627891104e-07
2484.0 2.780784144239041e-07
2485.0 2.779808525688973e-07
2486.0 2.7788329071389035e-07
2487.0 2.7778572885888354e-07
2488.0 2.7768816700387657e-07
2489.0 2.775906051488697e-07
2490.0 2.774930432938629e-07
2491.0 2.7739548143885587e-07
2492.0 2.7729791958384906e-07
2493.0 2.772003577288421e-07
2494.0 2.7710279587383533e-07
2495.0 2.770052340188284e-07
2496.0 2.769076721638215e-07
2497.0 2.7681011030881464e-07
2498.0 2.7671254845380767e-07
2499.0 2.766149865988008e-07
2500.0 2.7651742474379394e-07
2501.0 2.7641986288878713e-07
2502.0 2.7632230103378016e-07
2503.0 2.7622473917877324e-07
2504.0 2.7612717732376643e-07
2505.0 2.7602961546875947e-07
2506.0 2.759320536137526e-07
2507.0 2.7583449175874574e-07
2508.0 2.7573692990373877e-07
2509.0 2.75639368048732e-07
2510.0 2.7554180619372504e-07
2511.0 2.7544424433871823e-07
2512.0 2.753466824837113e-07
2513.0 2.752491206287044e-07
2514.0 2.7515155877369754e-07
2515.0 2.7505399691869057e-07
2516.0 2.7495643506368376e-07
2517.0 2.7485887320867684e-07
2518.0 2.7476131135367e-07
2519.0 2.7466374949866306e-07
2520.0 2.745661876436562e-07
2521.0 2.7446862578864933e-07
2522.0 2.7437106393364236e-07
2523.0 2.742735020786355e-07
2524.0 2.7417594022362864e-07
2525.0 2.740783783686217e-07
2526.0 2.739808165136149e-07
2527.0 2.73883254658608e-07
2528.0 2.737856928036011e-07
2529.0 2.736881309485942e-07
2530.0 2.735905690935873e-07
2531.0 2.734930072385805e-07
2532.0 2.733954453835735e-07
2533.0 2.7329788352856665e-07
2534.0 2.732003216735597e-07
2535.0 2.731027598185529e-07
2536.0 2.7300519796354606e-07
2537.0 2.729076361085391e-07
2538.0 2.728100742535322e-07
2539.0 2.727125123985253e-07
2540.0 2.7261495054351845e-07
2541.0 2.725173886885116e-07
2542.0 2.7241982683350467e-07
2543.0 2.723222649784977e-07
2544.0 2.722247031234909e-07
2545.0 2.72127141268484e-07
2546.0 2.720295794134771e-07
2547.0 2.719320175584702e-07
2548.0 2.718344557034633e-07
2549.0 2.7173689384845636e-07
2550.0 2.7163933199344955e-07
2551.0 2.7154177013844264e-07
2552.0 2.714442082834357e-07
2553.0 2.713466464284289e-07
2554.0 2.71249084573422e-07
2555.0 2.711515227184152e-07
2556.0 2.7105396086340816e-07
2557.0 2.709563990084013e-07
2558.0 2.708588371533945e-07
2559.0 2.707612752983876e-07
2560.0 2.7066371344338065e-07
2561.0 2.705661515883738e-07
2562.0 2.704685897333669e-07
2563.0 2.7037102787836e-07
2564.0 2.702734660233531e-07
2565.0 2.701759041683463e-07
2566.0 2.700783423133393e-07
2567.0 2.6998078045833245e-07
2568.0 2.698832186033256e-07
2569.0 2.697856567483187e-07
2570.0 2.696880948933118e-07
2571.0 2.695905330383049e-07
2572.0 2.69492971183298e-07
2573.0 2.6939540932829106e-07
2574.0 2.6929784747328425e-07
2575.0 2.6920028561827733e-07
2576.0 2.691027237632705e-07
2577.0 2.6900516190826355e-07
2578.0 2.689076000532567e-07
2579.0 2.688100381982498e-07
2580.0 2.687124763432429e-07
2581.0 2.6861491448823604e-07
2582.0 2.685173526332292e-07
2583.0 2.6841979077822226e-07
2584.0 2.683222289232153e-07
2585.0 2.682246670682085e-07
2586.0 2.681271052132016e-07
2587.0 2.680295433581947e-07
2588.0 2.679319815031878e-07
2589.0 2.678344196481809e-07
2590.0 2.6773685779317395e-07
2591.0 2.6763929593816714e-07
2592.0 2.675417340831603e-07
2593.0 2.6744417222815336e-07
2594.0 2.673466103731465e-07
2595.0 2.672490485181396e-07
2596.0 2.671514866631327e-07
2597.0 2.670539248081258e-07
2598.0 2.669563629531189e-07
2599.0 2.66858801098112e-07
2600.0 2.6676123924310516e-07
2601.0 2.6666367738809825e-07
2602.0 2.665661155330914e-07
2603.0 2.6646855367808447e-07
2604.0 2.6637099182307765e-07
2605.0 2.6627342996807074e-07
2606.0 2.661758681130638e-07
2607.0 2.6607830625805696e-07
2608.0 2.6598074440305004e-07
2609.0 2.658831825480432e-07
2610.0 2.6578562069303626e-07
2611.0 2.6568805883802945e-07
2612.0 2.655904969830225e-07
2613.0 2.6549293512801557e-07
2614.0 2.653953732730087e-07
2615.0 2.6529781141800184e-07
2616.0 2.6520024956299487e-07
2617.0 2.6510268770798806e-07
2618.0 2.6500512585298125e-07
2619.0 2.649075639979743e-07
2620.0 2.6481000214296736e-07
2621.0 2.6471244028796055e-07
2622.0 2.6461487843295364e-07
2623.0 2.645173165779467e-07
2624.0 2.644197547229398e-07
2625.0 2.643221928679329e-07
2626.0 2.642246310129261e-07
2627.0 2.641270691579192e-07
2628.0 2.640295073029123e-07
2629.0 2.639319454479054e-07
2630.0 2.638343835928985e-07
2631.0 2.637368217378916e-07
2632.0 2.636392598828848e-07
2633.0 2.6354169802787793e-07
2634.0 2.634441361728709e-07
2635.0 2.633465743178641e-07
2636.0 2.632490124628572e-07
2637.0 2.631514506078503e-07
2638.0 2.630538887528434e-07
2639.0 2.629563268978365e-07
2640.0 2.628587650428296e-07
2641.0 2.627612031878227e-07
2642.0 2.6266364133281584e-07
2643.0 2.62566079477809e-07
2644.0 2.624685176228021e-07
2645.0 2.623709557677952e-07
2646.0 2.6227339391278833e-07
2647.0 2.621758320577814e-07
2648.0 2.620782702027745e-07
2649.0 2.6198070834776764e-07
2650.0 2.618831464927608e-07
2651.0 2.6178558463775386e-07
2652.0 2.61688022782747e-07
2653.0 2.615904609277401e-07
2654.0 2.614928990727332e-07
2655.0 2.613953372177263e-07
2656.0 2.6129777536271943e-07
2657.0 2.6120021350771257e-07
2658.0 2.6110265165270565e-07
2659.0 2.610050897976988e-07
2660.0 2.6090752794269187e-07
2661.0 2.60809966087685e-07
2662.0 2.607124042326781e-07
2663.0 2.6061484237767123e-07
2664.0 2.605172805226643e-07
2665.0 2.6041971866765745e-07
2666.0 2.603221568126505e-07
2667.0 2.602245949576437e-07
2668.0 2.6012703310263675e-07
2669.0 2.600294712476299e-07
2670.0 2.5993190939262303e-07
2671.0 2.598343475376161e-07
2672.0 2.5973678568260925e-07
2673.0 2.596431237897172e-07
2674.0 2.595527297513187e-07
2675.0 2.594623357129202e-07
2676.0 2.5937194167452174e-07
2677.0 2.592815476361232e-07
2678.0 2.591911535977246e-07
2679.0 2.5910075955932607e-07
2680.0 2.590103655209277e-07
2681.0 2.589199714825291e-07
2682.0 2.5882957744413055e-07
2683.0 2.587391834057321e-07
2684.0 2.586487893673336e-07
2685.0 2.585583953289351e-07
2686.0 2.584680012905365e-07
2687.0 2.583776072521381e-07
2688.0 2.5828721321373947e-07
2689.0 2.5819681917534103e-07
2690.0 2.581064251369425e-07
2691.0 2.58016031098544e-07
2692.0 2.5792563706014546e-07
2693.0 2.57835243021747e-07
2694.0 2.5774484898334844e-07
2695.0 2.5765445494494995e-07
2696.0 2.5756406090655146e-07
2697.0 2.574736668681529e-07
2698.0 2.5738327282975443e-07
2699.0 2.572928787913559e-07
2700.0 2.572024847529574e-07
2701.0 2.5711209071455886e-07
2702.0 2.570216966761604e-07
2703.0 2.5693130263776183e-07
2704.0 2.568409085993633e-07
2705.0 2.5675051456096486e-07
2706.0 2.5666012052256627e-07
2707.0 2.565697264841679e-07
2708.0 2.564793324457693e-07
2709.0 2.5638893840737075e-07
2710.0 2.5629854436897226e-07
2711.0 2.562081503305738e-07
2712.0 2.5611775629217523e-07
2713.0 2.5602736225377675e-07
2714.0 2.5593696821537826e-07
2715.0 2.5584657417697966e-07
2716.0 2.5575618013858123e-07
2717.0 2.556657861001827e-07
2718.0 2.555753920617842e-07
2719.0 2.554849980233857e-07
2720.0 2.553946039849872e-07
2721.0 2.5530420994658863e-07
2722.0 2.552138159081901e-07
2723.0 2.551234218697916e-07
2724.0 2.550330278313931e-07
2725.0 2.5494263379299463e-07
2726.0 2.548522397545961e-07
2727.0 2.5476184571619765e-07
2728.0 2.5467145167779906e-07
2729.0 2.545810576394005e-07
2730.0 2.5449066360100203e-07
2731.0 2.5440026956260354e-07
2732.0 2.54309875524205e-07
2733.0 2.5421948148580646e-07
2734.0 2.541290874474081e-07
2735.0 2.540386934090095e-07
2736.0 2.53948299370611e-07
2737.0 2.538579053322125e-07
2738.0 2.5376751129381397e-07
2739.0 2.536771172554155e-07
2740.0 2.5358672321701694e-07
2741.0 2.534963291786184e-07
2742.0 2.5340593514021986e-07
2743.0 2.533155411018214e-07
2744.0 2.532251470634229e-07
2745.0 2.531347530250244e-07
2746.0 2.5304435898662586e-07
2747.0 2.5295396494822737e-07
2748.0 2.5286357090982883e-07
2749.0 2.5277317687143034e-07
2750.0 2.526827828330318e-07
2751.0 2.525923887946333e-07
2752.0 2.5250199475623477e-07
2753.0 2.524116007178363e-07
2754.0 2.5232120667943785e-07
2755.0 2.5223081264103926e-07
2756.0 2.5214041860264077e-07
2757.0 2.520500245642423e-07
2758.0 2.5195963052584374e-07
2759.0 2.518692364874452e-07
2760.0 2.517788424490467e-07
2761.0 2.5168844841064817e-07
2762.0 2.515980543722497e-07
2763.0 2.515076603338512e-07
2764.0 2.5141726629545266e-07
2765.0 2.513268722570541e-07
2766.0 2.512364782186557e-07
2767.0 2.5114608418025714e-07
2768.0 2.510556901418586e-07
2769.0 2.509652961034601e-07
2770.0 2.508749020650616e-07
2771.0 2.507845080266631e-07
2772.0 2.506941139882646e-07
2773.0 2.5060371994986605e-07
2774.0 2.505133259114676e-07
2775.0 2.50422931873069e-07
2776.0 2.503325378346705e-07
2777.0 2.50242143796272e-07
2778.0 2.501517497578735e-07
2779.0 2.5006135571947497e-07
2780.0 2.499709616810765e-07
2781.0 2.4988056764267805e-07
2782.0 2.4979017360427945e-07
2783.0 2.496997795658809e-07
2784.0 2.4960938552748237e-07
2785.0 2.4951899148908394e-07
2786.0 2.494285974506854e-07
2787.0 2.493382034122869e-07
2788.0 2.492478093738884e-07
2789.0 2.491574153354899e-07
2790.0 2.490670212970914e-07
2791.0 2.4897662725869285e-07
2792.0 2.488862332202944e-07
2793.0 2.4879583918189577e-07
2794.0 2.4870544514349734e-07
2795.0 2.486150511050988e-07
2796.0 2.485246570667003e-07
2797.0 2.4843426302830177e-07
2798.0 2.483438689899033e-07
2799.0 2.4825347495150474e-07
2800.0 2.4816308091310625e-07
2801.0 2.4807268687470776e-07
2802.0 2.479822928363092e-07
2803.0 2.4789189879791074e-07
2804.0 2.478015047595122e-07
2805.0 2.477111107211137e-07
2806.0 2.4762071668271517e-07
2807.0 2.4753032264431673e-07
2808.0 2.474399286059181e-07
2809.0 2.4734953456751965e-07
2810.0 2.472591405291212e-07
2811.0 2.471687464907226e-07
2812.0 2.470783524523241e-07
2813.0 2.469879584139256e-07
2814.0 2.468975643755271e-07
2815.0 2.4680717033712857e-07
2816.0 2.4671677629873013e-07
2817.0 2.466263822603316e-07
2818.0 2.4653598822193305e-07
2819.0 2.464455941835345e-07
2820.0 2.46355200145136e-07
2821.0 2.4626480610673753e-07
2822.0 2.46174412068339e-07
2823.0 2.460840180299405e-07
2824.0 2.45993623991542e-07
2825.0 2.459032299531435e-07
2826.0 2.458128359147449e-07
2827.0 2.4572244187634645e-07
2828.0 2.456320478379479e-07
2829.0 2.455416537995494e-07
2830.0 2.454512597611509e-07
2831.0 2.453608657227524e-07
2832.0 2.452704716843539e-07
2833.0 2.4518007764595536e-07
2834.0 2.4508968360755693e-07
2835.0 2.449992895691584e-07
2836.0 2.4490889553075985e-07
2837.0 2.448185014923613e-07
2838.0 2.447281074539628e-07
2839.0 2.4463771341556433e-07
2840.0 2.445473193771658e-07
2841.0 2.444569253387673e-07
2842.0 2.4436653130036876e-07
2843.0 2.4427613726197033e-07
2844.0 2.4418574322357173e-07
2845.0 2.4409534918517325e-07
2846.0 2.4400495514677465e-07
2847.0 2.439145611083762e-07
2848.0 2.4382416706997773e-07
2849.0 2.437337730315792e-07
2850.0 2.436433789931807e-07
2851.0 2.4355298495478216e-07
2852.0 2.4346259091638367e-07
2853.0 2.4337219687798513e-07
2854.0 2.4328180283958664e-07
2855.0 2.431914088011881e-07
2856.0 2.431010147627896e-07
2857.0 2.430106207243911e-07
2858.0 2.4292022668599264e-07
2859.0 2.428298326475941e-07
2860.0 2.4273943860919556e-07
2861.0 2.426490445707971e-07
2862.0 2.4255865053239853e-07
2863.0 2.4246825649400004e-07
2864.0 2.423778624556015e-07
2865.0 2.42287468417203e-07
2866.0 2.421970743788045e-07
2867.0 2.4210668034040604e-07
2868.0 2.420162863020075e-07
2869.0 2.4192589226360896e-07
2870.0 2.418354982252105e-07
2871.0 2.41745104186812e-07
2872.0 2.4165471014841344e-07
2873.0 2.4156431611001485e-07
2874.0 2.414739220716164e-07
2875.0 2.4138352803321793e-07
2876.0 2.412931339948194e-07
2877.0 2.412027399564209e-07
2878.0 2.411123459180224e-07
2879.0 2.4102895960211296e-07
2880.0 2.409485826123161e-07
2881.0 2.4086820562251925e-07
2882.0 2.4078782863272237e-07
2883.0 2.4070745164292554e-07
2884.0 2.406270746531287e-07
2885.0 2.4054669766333183e-07
2886.0 2.40466320673535e-07
2887.0 2.4038594368373807e-07
2888.0 2.403055666939413e-07
2889.0 2.4022518970414446e-07
2890.0 2.401448127143476e-07
2891.0 2.400644357245507e-07
2892.0 2.3998405873475387e-07
2893.0 2.3990368174495704e-07
2894.0 2.398233047551602e-07
2895.0 2.397429277653633e-07
2896.0 2.396625507755665e-07
2897.0 2.3958217378576973e-07
2898.0 2.3950179679597285e-07
2899.0 2.39421419806176e-07
2900.0 2.3934104281637913e-07
2901.0 2.392606658265823e-07
2902.0 2.391802888367854e-07
2903.0 2.3909991184698854e-07
2904.0 2.390195348571917e-07
2905.0 2.389391578673949e-07
2906.0 2.38858780877598e-07
2907.0 2.3877840388780123e-07
2908.0 2.386980268980043e-07
2909.0 2.3861764990820746e-07
2910.0 2.385372729184107e-07
2911.0 2.384568959286137e-07
2912.0 2.3837651893881692e-07
2913.0 2.382961419490201e-07
2914.0 2.3821576495922321e-07
2915.0 2.3813538796942638e-07
2916.0 2.3805501097962953e-07
2917.0 2.379746339898327e-07
2918.0 2.3789425700003585e-07
2919.0 2.3781388001023894e-07
2920.0 2.377335030204421e-07
2921.0 2.3765312603064533e-07
2922.0 2.375727490408484e-07
2923.0 2.3749237205105162e-07
2924.0 2.374119950612548e-07
2925.0 2.373316180714579e-07
2926.0 2.3725124108166103e-07
2927.0 2.3717086409186415e-07
2928.0 2.3709048710206732e-07
2929.0 2.370101101122705e-07
2930.0 2.3692973312247363e-07
2931.0 2.3684935613267678e-07
2932.0 2.3676897914287987e-07
2933.0 2.366886021530831e-07
2934.0 2.3660822516328627e-07
2935.0 2.3652784817348933e-07
2936.0 2.364474711836925e-07
2937.0 2.3636709419389573e-07
2938.0 2.3628671720409884e-07
2939.0 2.3620634021430202e-07
2940.0 2.3612596322450513e-07
2941.0 2.3604558623470825e-07
2942.0 2.3596520924491142e-07
2943.0 2.358848322551146e-07
2944.0 2.3580445526531769e-07
2945.0 2.3572407827552088e-07
2946.0 2.356437012857241e-07
2947.0 2.355633242959272e-07
2948.0 2.3548294730613037e-07
2949.0 2.3540257031633354e-07
2950.0 2.3532219332653666e-07
2951.0 2.3524181633673983e-07
2952.0 2.351614393469429e-07
2953.0 2.3508106235714607e-07
2954.0 2.350006853673493e-07
2955.0 2.3492030837755236e-07
2956.0 2.3483993138775553e-07
2957.0 2.347595543979587e-07
2958.0 2.3467917740816192e-07
2959.0 2.3459880041836504e-07
2960.0 2.3451842342856816e-07
2961.0 2.344380464387713e-07
2962.0 2.343576694489745e-07
2963.0 2.3427729245917765e-07
2964.0 2.3419691546938077e-07
2965.0 2.3411653847958388e-07
2966.0 2.3403616148978705e-07
2967.0 2.3395578449999023e-07
2968.0 2.3387540751019334e-07
2969.0 2.3379503052039646e-07
2970.0 2.3371465353059969e-07
2971.0 2.3363427654080286e-07
2972.0 2.3355389955100603e-07
2973.0 2.334735225612091e-07
2974.0 2.3339314557141232e-07
2975.0 2.3331276858161544e-07
2976.0 2.3323239159181858e-07
2977.0 2.3315201460202175e-07
2978.0 2.3307163761222487e-07
2979.0 2.32991260622428e-07
2980.0 2.329108836326312e-07
2981.0 2.3283050664283433e-07
2982.0 2.327501296530375e-07
2983.0 2.3266975266324067e-07
2984.0 2.325893756734438e-07
2985.0 2.325089986836469e-07
2986.0 2.3242862169385013e-07
2987.0 2.3234824470405325e-07
2988.0 2.3226786771425642e-07
2989.0 2.3218749072445954e-07
2990.0 2.3210711373466269e-07
2991.0 2.3202673674486586e-07
2992.0 2.3194635975506898e-07
2993.0 2.318659827652721e-07
2994.0 2.3178560577547532e-07
2995.0 2.3170522878567844e-07
2996.0 2.316248517958816e-07
2997.0 2.3154447480608478e-07
2998.0 2.314640978162879e-07
2999.0 2.3138372082649107e-07
3000.0 2.3130334383669413e-07
3001.0 2.3122296684689736e-07
3002.0 2.3114258985710048e-07
3003.0 2.3106221286730362e-07
3004.0 2.309818358775068e-07
3005.0 2.3090145888771e-07
3006.0 2.3082108189791308e-07
3007.0 2.3074070490811625e-07
3008.0 2.3066032791831942e-07
3009.0 2.3057995092852254e-07
3010.0 2.304995739387257e-07
3011.0 2.3041919694892894e-07
3012.0 2.30338819959132e-07
3013.0 2.3025844296933517e-07
3014.0 2.301780659795383e-07
3015.0 2.3009768898974146e-07
3016.0 2.3001731199994458e-07
3017.0 2.2993693501014772e-07
3018.0 2.298565580203509e-07
3019.0 2.297761810305541e-07
3020.0 2.2969580404075719e-07
3021.0 2.296154270509604e-07
3022.0 2.2953505006116358e-07
3023.0 2.2945467307136675e-07
3024.0 2.2937429608156987e-07
3025.0 2.29293919091773e-07
3026.0 2.292135421019761e-07
3027.0 2.2913316511217928e-07
3028.0 2.290527881223824e-07
3029.0 2.2897241113258557e-07
3030.0 2.2889203414278874e-07
3031.0 2.288116571529919e-07
3032.0 2.2873128016319503e-07
3033.0 2.2865090317339817e-07
3034.0 2.285705261836013e-07
3035.0 2.2849014919380451e-07
3036.0 2.2840977220400769e-07
3037.0 2.283293952142108e-07
3038.0 2.2824901822441392e-07
3039.0 2.281686412346171e-07
3040.0 2.280882642448202e-07
3041.0 2.2800788725502333e-07
3042.0 2.279275102652265e-07
3043.0 2.2784713327542967e-07
3044.0 2.2776675628563284e-07
3045.0 2.2768637929583601e-07
3046.0 2.2760600230603913e-07
3047.0 2.275256253162423e-07
3048.0 2.2744524832644547e-07
3049.0 2.2736487133664862e-07
3050.0 2.2728449434685174e-07
3051.0 2.272041173570549e-07
3052.0 2.2712374036725803e-07
3053.0 2.270433633774612e-07
3054.0 2.2696298638766432e-07
3055.0 2.268826093978675e-07
3056.0 2.2680223240807066e-07
3057.0 2.2672185541827378e-07
3058.0 2.266414784284769e-07
3059.0 2.2656110143868012e-07
3060.0 2.264807244488833e-07
3061.0 2.264003474590864e-07
3062.0 2.2631997046928955e-07
3063.0 2.2623959347949272e-07
3064.0 2.261592164896959e-07
3065.0 2.2607883949989901e-07
3066.0 2.2599846251010213e-07
3067.0 2.259180855203053e-07
3068.0 2.2583770853050842e-07
3069.0 2.257573315407116e-07
3070.0 2.2567695455091482e-07
3071.0 2.2559657756111788e-07
3072.0 2.2551620057132105e-07
3073.0 2.2543582358152428e-07
3074.0 2.2535544659172734e-07
3075.0 2.2527506960193051e-07
3076.0 2.2519469261213368e-07
3077.0 2.2511431562233683e-07
3078.0 2.2503393863254e-07
3079.0 2.2495356164274312e-07
3080.0 2.2487318465294624e-07
3081.0 2.2479280766314946e-07
3082.0 2.2471243067335253e-07
3083.0 2.2463205368355564e-07
3084.0 2.2455167669375887e-07
3085.0 2.2447129970396199e-07
3086.0 2.243909227141652e-07
3087.0 2.2431054572436838e-07
3088.0 2.242301687345715e-07
3089.0 2.2414979174477462e-07
3090.0 2.240694147549778e-07
3091.0 2.2398903776518093e-07
3092.0 2.2390866077538405e-07
3093.0 2.2382828378558717e-07
3094.0 2.237479067957904e-07
3095.0 2.2366752980599357e-07
3096.0 2.2358715281619668e-07
3097.0 2.2350677582639986e-07
3098.0 2.2342639883660303e-07
3099.0 2.2334602184680614e-07
3100.0 2.2326564485700932e-07
