2.0 4.845174310643979e-08
3.0 6.541277462495842e-08
4.0 8.137892416669454e-08
5.0 9.633420338364151e-08
6.0 1.1034247507669698e-07
7.0 1.2330169202634195e-07
8.0 1.353234936760471e-07
9.0 1.4650411632270706e-07
10.0 1.5685439128843753e-07
11.0 1.6632259302823863e-07
12.0 1.7531502641044138e-07
13.0 1.8330492718586826e-07
14.0 1.906591694986906e-07
15.0 1.977199411361994e-07
16.0 2.040708534464548e-07
17.0 2.094911815016273e-07
18.0 2.1473458134400034e-07
19.0 2.1962433808788397e-07
20.0 2.2412029661637578e-07
21.0 2.2758589807239684e-07
22.0 2.3090203647964414e-07
23.0 2.3407423417248316e-07
24.0 2.368243924600585e-07
25.0 2.394229926226024e-07
26.0 2.409866294022615e-07
27.0 2.424906847865001e-07
28.0 2.4366023882792686e-07
29.0 2.4480121130989057e-07
30.0 2.456271319599789e-07
31.0 2.4645305261006706e-07
32.0 2.464173838834324e-07
33.0 2.462366234909469e-07
34.0 2.458407894428043e-07
35.0 2.4518941978053424e-07
36.0 2.445380501182643e-07
37.0 2.437297037249159e-07
38.0 2.4289859931222226e-07
39.0 2.420102102425911e-07
40.0 2.405478422532189e-07
41.0 2.390854742638467e-07
42.0 2.375868809391529e-07
43.0 2.3573823771337663e-07
44.0 2.3388959448760033e-07
45.0 2.3204095126182407e-07
46.0 2.3015237712400144e-07
47.0 2.2825762305570847e-07
48.0 2.263628689874154e-07
49.0 2.2441972778657958e-07
50.0 2.2240076151505015e-07
51.0 2.2038179524352064e-07
52.0 2.1836282897199118e-07
53.0 2.162820365745675e-07
54.0 2.1416726900679147e-07
55.0 2.120525014390154e-07
56.0 2.099377338712394e-07
57.0 2.0783233994428386e-07
58.0 2.0573286955930327e-07
59.0 2.036333991743227e-07
60.0 2.0153392878934213e-07
61.0 1.9947025776125911e-07
62.0 1.9750358799246814e-07
63.0 1.955369182236772e-07
64.0 1.9357024845488616e-07
65.0 1.9160357868609518e-07
66.0 1.897200685729101e-07
67.0 1.8789390848573656e-07
68.0 1.8606774839856308e-07
69.0 1.8424158831138956e-07
70.0 1.8241542822421603e-07
71.0 1.806102111464268e-07
72.0 1.788218670279976e-07
73.0 1.7703352290956834e-07
74.0 1.7524517879113914e-07
75.0 1.7345683467270988e-07
76.0 1.716872973639905e-07
77.0 1.7004618812309716e-07
78.0 1.6840507888220382e-07
79.0 1.6676396964131042e-07
80.0 1.6512286040041702e-07
81.0 1.634817511595237e-07
82.0 1.6189677048268683e-07
83.0 1.6045349774827107e-07
84.0 1.590102250138553e-07
85.0 1.575669522794395e-07
86.0 1.5612367954502375e-07
87.0 1.5468040681060799e-07
88.0 1.5323713407619222e-07
89.0 1.518373808934608e-07
90.0 1.5043808695271956e-07
91.0 1.490387930119783e-07
92.0 1.4763949907123706e-07
93.0 1.4624020513049577e-07
94.0 1.4484091118975456e-07
95.0 1.4346510499384655e-07
96.0 1.4217733906659746e-07
97.0 1.4088957313934843e-07
98.0 1.3960180721209935e-07
99.0 1.3831404128485027e-07
100.0 1.370262753576012e-07
101.0 1.3573850943035212e-07
102.0 1.3445074350310307e-07
103.0 1.3333006316038546e-07
104.0 1.3222600957973234e-07
105.0 1.311219559990792e-07
106.0 1.300179024184261e-07
107.0 1.28913848837773e-07
108.0 1.2780979525711984e-07
109.0 1.2670574167646673e-07
110.0 1.2560387439858362e-07
111.0 1.2454732007346913e-07
112.0 1.2349076574835456e-07
113.0 1.2243421142324002e-07
114.0 1.213776570981255e-07
115.0 1.2032110277301096e-07
116.0 1.192645484478964e-07
117.0 1.1820799412278186e-07
118.0 1.1715143979766734e-07
119.0 1.1614081241245724e-07
120.0 1.1516387056722485e-07
121.0 1.1418692872199237e-07
122.0 1.1320998687676001e-07
123.0 1.1223304503152759e-07
124.0 1.1125610318629519e-07
125.0 1.1027916134106277e-07
126.0 1.0930221949583037e-07
127.0 1.0832527765059797e-07
128.0 1.0742278708306728e-07
129.0 1.0660932977234054e-07
130.0 1.0579587246161377e-07
131.0 1.0498241515088705e-07
132.0 1.041689578401603e-07
133.0 1.0335550052943355e-07
134.0 1.0254204321870681e-07
135.0 1.0172858590798007e-07
136.0 1.0091512859725334e-07
137.0 1.0010167128652658e-07
138.0 9.931974948476635e-08
139.0 9.855624174984478e-08
140.0 9.77927340149232e-08
141.0 9.70292262800016e-08
142.0 9.626571854508004e-08
143.0 9.550221081015845e-08
144.0 9.473870307523687e-08
145.0 9.397519534031531e-08
146.0 9.321168760539375e-08
147.0 9.244817987047216e-08
148.0 9.16874250329695e-08
149.0 9.0978324044362e-08
150.0 9.026922305575445e-08
151.0 8.956012206714693e-08
152.0 8.885102107853936e-08
153.0 8.814192008993184e-08
154.0 8.74328191013243e-08
155.0 8.672371811271678e-08
156.0 8.601461712410925e-08
157.0 8.530551613550169e-08
158.0 8.459641514689417e-08
159.0 8.388731415828664e-08
160.0 8.326779769809347e-08
161.0 8.269549341471031e-08
162.0 8.212318913132716e-08
163.0 8.155088484794401e-08
164.0 8.097858056456086e-08
165.0 8.04062762811777e-08
166.0 7.983397199779457e-08
167.0 7.92616677144114e-08
168.0 7.868936343102827e-08
169.0 7.811705914764511e-08
170.0 7.754475486426196e-08
171.0 7.697245058087882e-08
172.0 7.641952285336339e-08
173.0 7.589802251116978e-08
174.0 7.537652216897619e-08
175.0 7.48550218267826e-08
176.0 7.433352148458901e-08
177.0 7.381202114239543e-08
178.0 7.329052080020183e-08
179.0 7.276902045800824e-08
180.0 7.224752011581465e-08
181.0 7.172601977362106e-08
182.0 7.120451943142744e-08
183.0 7.068301908923385e-08
184.0 7.016151874704027e-08
185.0 6.964563371804368e-08
186.0 6.915867512838326e-08
187.0 6.867171653872284e-08
188.0 6.818475794906244e-08
189.0 6.769779935940202e-08
190.0 6.72108407697416e-08
191.0 6.672388218008121e-08
192.0 6.623692359042077e-08
193.0 6.574996500076037e-08
194.0 6.526300641109994e-08
195.0 6.477604782143952e-08
196.0 6.428908923177911e-08
197.0 6.38021306421187e-08
198.0 6.331517205245827e-08
199.0 6.282821346279786e-08
200.0 6.243627379582553e-08
201.0 6.20519762594084e-08
202.0 6.166767872299126e-08
203.0 6.128338118657413e-08
204.0 6.089908365015699e-08
205.0 6.051478611373986e-08
206.0 6.013048857732272e-08
207.0 5.974619104090559e-08
208.0 5.936189350448846e-08
209.0 5.897759596807132e-08
210.0 5.8593298431654174e-08
211.0 5.820900089523705e-08
212.0 5.782470335881991e-08
213.0 5.7440405822402775e-08
214.0 5.705610828598564e-08
215.0 5.670015403979028e-08
216.0 5.6363737299693267e-08
217.0 5.6027320559596266e-08
218.0 5.5690903819499246e-08
219.0 5.535448707940223e-08
220.0 5.501807033930521e-08
221.0 5.46816535992082e-08
222.0 5.43452368591112e-08
223.0 5.400882011901419e-08
224.0 5.367240337891717e-08
225.0 5.333598663882015e-08
226.0 5.299956989872314e-08
227.0 5.266315315862613e-08
228.0 5.2326736418529115e-08
229.0 5.19903196784321e-08
230.0 5.165390293833509e-08
231.0 5.1319050718866606e-08
232.0 5.100287667828758e-08
233.0 5.068670263770855e-08
234.0 5.037052859712952e-08
235.0 5.0054354556550475e-08
236.0 4.973818051597144e-08
237.0 4.942200647539242e-08
238.0 4.910583243481339e-08
239.0 4.8789658394234345e-08
240.0 4.8473484353655316e-08
241.0 4.815731031307628e-08
242.0 4.784113627249725e-08
243.0 4.752496223191821e-08
244.0 4.7208788191339185e-08
245.0 4.689261415076016e-08
246.0 4.6576440110181114e-08
247.0 4.626026606960209e-08
248.0 4.594409202902304e-08
249.0 4.5648317941449656e-08
250.0 4.54023463623471e-08
251.0 4.515637478324453e-08
252.0 4.491040320414195e-08
253.0 4.4664431625039387e-08
254.0 4.4418460045936816e-08
255.0 4.417248846683426e-08
256.0 4.3926516887731674e-08
257.0 4.368054530862911e-08
258.0 4.3434573729526546e-08
259.0 4.3188602150423975e-08
260.0 4.2942630571321404e-08
261.0 4.269665899221884e-08
262.0 4.2450687413116276e-08
263.0 4.2204715834013705e-08
264.0 4.195874425491113e-08
265.0 4.1712772675808563e-08
266.0 4.1466801096706e-08
267.0 4.122082951760343e-08
268.0 4.098023214925951e-08
269.0 4.077440393791401e-08
270.0 4.0568575726568515e-08
271.0 4.036274751522302e-08
272.0 4.015691930387753e-08
273.0 3.995109109253204e-08
274.0 3.974526288118655e-08
275.0 3.953943466984106e-08
276.0 3.9333606458495566e-08
277.0 3.912777824715007e-08
278.0 3.892195003580458e-08
279.0 3.8716121824459085e-08
280.0 3.851029361311359e-08
281.0 3.83044654017681e-08
282.0 3.809863719042261e-08
283.0 3.789280897907712e-08
284.0 3.7686980767731624e-08
285.0 3.748115255638613e-08
286.0 3.7275324345040637e-08
287.0 3.706949613369514e-08
288.0 3.6863667922349656e-08
289.0 3.666367596483239e-08
290.0 3.6469482384713804e-08
291.0 3.627528880459522e-08
292.0 3.608109522447663e-08
293.0 3.588690164435805e-08
294.0 3.569270806423947e-08
295.0 3.549851448412088e-08
296.0 3.530432090400229e-08
297.0 3.511012732388371e-08
298.0 3.491593374376512e-08
299.0 3.472174016364654e-08
300.0 3.4527546583527956e-08
301.0 3.433335300340938e-08
302.0 3.4139159423290786e-08
303.0 3.394496584317221e-08
304.0 3.375077226305362e-08
305.0 3.3556578682935036e-08
306.0 3.336238510281645e-08
307.0 3.3168191522697865e-08
308.0 3.2973997942579286e-08
309.0 3.27798043624607e-08
310.0 3.2585610782342116e-08
311.0 3.240345786458245e-08
312.0 3.225223718213655e-08
313.0 3.2101016499690645e-08
314.0 3.194979581724473e-08
315.0 3.1798575134798834e-08
316.0 3.164735445235293e-08
317.0 3.149613376990703e-08
318.0 3.134491308746112e-08
319.0 3.119369240501522e-08
320.0 3.104247172256931e-08
321.0 3.0891251040123414e-08
322.0 3.07400303576775e-08
323.0 3.05888096752316e-08
324.0 3.04375889927857e-08
325.0 3.028636831033979e-08
326.0 3.0135147627893886e-08
327.0 2.998392694544799e-08
328.0 2.983270626300208e-08
329.0 2.9681485580556176e-08
330.0 2.9530264898110267e-08
331.0 2.9379044215664368e-08
332.0 2.9227823533218465e-08
333.0 2.907660285077256e-08
334.0 2.892538216832665e-08
335.0 2.878489876025679e-08
336.0 2.8664606806803825e-08
337.0 2.8544314853350865e-08
338.0 2.84240228998979e-08
339.0 2.830373094644494e-08
340.0 2.8183438992991973e-08
341.0 2.806314703953901e-08
342.0 2.7942855086086044e-08
343.0 2.782256313263309e-08
344.0 2.770227117918011e-08
345.0 2.7581979225727155e-08
346.0 2.746168727227419e-08
347.0 2.734139531882123e-08
348.0 2.7221103365368263e-08
349.0 2.7100811411915304e-08
350.0 2.6980519458462334e-08
351.0 2.686022750500938e-08
352.0 2.6739935551556415e-08
353.0 2.6619643598103445e-08
354.0 2.6499351644650482e-08
355.0 2.6379059691197523e-08
356.0 2.6258767737744557e-08
357.0 2.6138475784291594e-08
358.0 2.6018183830838634e-08
359.0 2.5897891877385665e-08
360.0 2.5777599923932705e-08
361.0 2.5661088404393427e-08
362.0 2.5547420626218567e-08
363.0 2.5433752848043707e-08
364.0 2.532008506986884e-08
365.0 2.5206417291693985e-08
366.0 2.509274951351912e-08
367.0 2.497908173534426e-08
368.0 2.48654139571694e-08
369.0 2.4751746178994537e-08
370.0 2.463807840081967e-08
371.0 2.452441062264481e-08
372.0 2.441074284446995e-08
373.0 2.4297075066295088e-08
374.0 2.418340728812023e-08
375.0 2.4069739509945366e-08
376.0 2.3956071731770506e-08
377.0 2.3842403953595646e-08
378.0 2.372873617542078e-08
379.0 2.361506839724592e-08
380.0 2.3501400619071058e-08
381.0 2.3387732840896198e-08
382.0 2.327406506272134e-08
383.0 2.3160397284546476e-08
384.0 2.3046729506371613e-08
385.0 2.2933061728196753e-08
386.0 2.281939395002189e-08
387.0 2.2705726171847027e-08
388.0 2.2592058393672168e-08
389.0 2.2498075258299886e-08
390.0 2.2408744810272363e-08
391.0 2.231941436224484e-08
392.0 2.223008391421732e-08
393.0 2.2140753466189795e-08
394.0 2.205142301816227e-08
395.0 2.196209257013475e-08
396.0 2.1872762122107228e-08
397.0 2.17834316740797e-08
398.0 2.169410122605218e-08
399.0 2.1604770778024657e-08
400.0 2.1515440329997133e-08
401.0 2.1426109881969613e-08
402.0 2.133677943394209e-08
403.0 2.124744898591457e-08
404.0 2.1158118537887046e-08
405.0 2.1068788089859522e-08
406.0 2.0979457641831995e-08
407.0 2.0890127193804478e-08
408.0 2.080079674577695e-08
409.0 2.071146629774943e-08
410.0 2.0622135849721907e-08
411.0 2.053280540169438e-08
412.0 2.044347495366686e-08
413.0 2.0354144505639333e-08
414.0 2.0264814057611813e-08
415.0 2.0175483609584293e-08
416.0 2.0086153161556772e-08
417.0 1.9996822713529242e-08
418.0 1.9907492265501722e-08
419.0 1.983772211905601e-08
420.0 1.9769919544532903e-08
421.0 1.9702116970009803e-08
422.0 1.9634314395486707e-08
423.0 1.9566511820963608e-08
424.0 1.9498709246440505e-08
425.0 1.9430906671917402e-08
426.0 1.9363104097394303e-08
427.0 1.9295301522871203e-08
428.0 1.92274989483481e-08
429.0 1.9159696373824998e-08
430.0 1.90918937993019e-08
431.0 1.9024091224778802e-08
432.0 1.89562886502557e-08
433.0 1.8888486075732603e-08
434.0 1.8820683501209497e-08
435.0 1.8752880926686398e-08
436.0 1.8685078352163298e-08
437.0 1.86172757776402e-08
438.0 1.8549473203117096e-08
439.0 1.8481670628593996e-08
440.0 1.841386805407089e-08
441.0 1.8346065479547788e-08
442.0 1.827826290502469e-08
443.0 1.8210460330501595e-08
444.0 1.8142657755978493e-08
445.0 1.8074855181455393e-08
446.0 1.8007052606932294e-08
447.0 1.7939250032409194e-08
448.0 1.7871447457886088e-08
449.0 1.7803644883362992e-08
450.0 1.7735842308839892e-08
451.0 1.7670857279308146e-08
452.0 1.760704933518691e-08
453.0 1.7543241391065676e-08
454.0 1.747943344694445e-08
455.0 1.7415625502823217e-08
456.0 1.735181755870199e-08
457.0 1.7288009614580758e-08
458.0 1.722420167045952e-08
459.0 1.7160393726338295e-08
460.0 1.709658578221706e-08
461.0 1.7032777838095833e-08
462.0 1.69689698939746e-08
463.0 1.6905161949853367e-08
464.0 1.684135400573214e-08
465.0 1.6777546061610904e-08
466.0 1.6713738117489673e-08
467.0 1.6649930173368445e-08
468.0 1.6586122229247207e-08
469.0 1.6522314285125982e-08
470.0 1.6458506341004748e-08
471.0 1.6394698396883516e-08
472.0 1.633089045276229e-08
473.0 1.6267082508641054e-08
474.0 1.6203274564519826e-08
475.0 1.613946662039859e-08
476.0 1.6075658676277357e-08
477.0 1.601185073215613e-08
478.0 1.5948042788034894e-08
479.0 1.588423484391367e-08
480.0 1.5820426899792438e-08
481.0 1.5756618955671203e-08
482.0 1.5692811011549975e-08
483.0 1.562900306742874e-08
484.0 1.556519512330751e-08
485.0 1.5501664043237856e-08
486.0 1.545066045297292e-08
487.0 1.539965686270798e-08
488.0 1.534865327244304e-08
489.0 1.5297649682178104e-08
490.0 1.5246646091913164e-08
491.0 1.519564250164823e-08
492.0 1.514463891138329e-08
493.0 1.509363532111835e-08
494.0 1.504263173085341e-08
495.0 1.4991628140588474e-08
496.0 1.494062455032353e-08
497.0 1.4889620960058598e-08
498.0 1.4838617369793657e-08
499.0 1.4787613779528722e-08
500.0 1.473661018926378e-08
501.0 1.4685606598998839e-08
502.0 1.4634603008733906e-08
503.0 1.4583599418468966e-08
504.0 1.453259582820403e-08
505.0 1.4481592237939091e-08
506.0 1.4430588647674147e-08
507.0 1.4379585057409215e-08
508.0 1.4328581467144273e-08
509.0 1.4277577876879339e-08
510.0 1.42265742866144e-08
511.0 1.4175570696349456e-08
512.0 1.4124567106084524e-08
513.0 1.4073563515819582e-08
514.0 1.4022559925554644e-08
515.0 1.3971556335289706e-08
516.0 1.3920552745024768e-08
517.0 1.3869549154759833e-08
518.0 1.381854556449489e-08
519.0 1.3767541974229955e-08
520.0 1.3716538383965016e-08
521.0 1.3665534793700077e-08
522.0 1.361453120343514e-08
523.0 1.3572770948400303e-08
524.0 1.3535637542574366e-08
525.0 1.3498504136748423e-08
526.0 1.3461370730922486e-08
527.0 1.3424237325096543e-08
528.0 1.3387103919270604e-08
529.0 1.3349970513444664e-08
530.0 1.3312837107618726e-08
531.0 1.3275703701792784e-08
532.0 1.3238570295966845e-08
533.0 1.3201436890140906e-08
534.0 1.3164303484314965e-08
535.0 1.3127170078489026e-08
536.0 1.3090036672663084e-08
537.0 1.3052903266837145e-08
538.0 1.3015769861011204e-08
539.0 1.2978636455185265e-08
540.0 1.2941503049359323e-08
541.0 1.2904369643533384e-08
542.0 1.2867236237707443e-08
543.0 1.2830102831881506e-08
544.0 1.2792969426055563e-08
545.0 1.2755836020229624e-08
546.0 1.2718702614403687e-08
547.0 1.2681569208577744e-08
548.0 1.2644435802751805e-08
549.0 1.2607302396925863e-08
550.0 1.2570168991099926e-08
551.0 1.2533035585273985e-08
552.0 1.2495902179448046e-08
553.0 1.2458768773622104e-08
554.0 1.2421635367796165e-08
555.0 1.2384501961970224e-08
556.0 1.2347368556144285e-08
557.0 1.2310235150318343e-08
558.0 1.2273101744492403e-08
559.0 1.2235968338666463e-08
560.0 1.2198834932840522e-08
561.0 1.2161701527014583e-08
562.0 1.212456812118864e-08
563.0 1.208854420682526e-08
564.0 1.2053967542142512e-08
565.0 1.2019390877459764e-08
566.0 1.1984814212777017e-08
567.0 1.1950237548094268e-08
568.0 1.1915660883411523e-08
569.0 1.1881084218728776e-08
570.0 1.1846507554046028e-08
571.0 1.1811930889363284e-08
572.0 1.1777354224680534e-08
573.0 1.1742777559997785e-08
574.0 1.170820089531504e-08
575.0 1.1673624230632293e-08
576.0 1.1639047565949548e-08
577.0 1.16044709012668e-08
578.0 1.1569894236584053e-08
579.0 1.1535317571901306e-08
580.0 1.1500740907218559e-08
581.0 1.1466164242535809e-08
582.0 1.1431587577853062e-08
583.0 1.1397010913170316e-08
584.0 1.1362434248487566e-08
585.0 1.1327857583804821e-08
586.0 1.1293280919122074e-08
587.0 1.1258704254439329e-08
588.0 1.1224127589756584e-08
589.0 1.1189550925073835e-08
590.0 1.1154974260391088e-08
591.0 1.1120397595708341e-08
592.0 1.1085820931025594e-08
593.0 1.1051244266342846e-08
594.0 1.1016667601660099e-08
595.0 1.0982090936977354e-08
596.0 1.0947514272294608e-08
597.0 1.0912937607611858e-08
598.0 1.0878360942929111e-08
599.0 1.0843784278246364e-08
600.0 1.0809207613563616e-08
601.0 1.0774630948880869e-08
602.0 1.0740054284198122e-08
603.0 1.0705477619515375e-08
604.0 1.067090095483263e-08
605.0 1.0636324290149883e-08
606.0 1.060239136037993e-08
607.0 1.0574089372915506e-08
608.0 1.0545787385451083e-08
609.0 1.051748539798666e-08
610.0 1.0489183410522233e-08
611.0 1.046088142305781e-08
612.0 1.0432579435593385e-08
613.0 1.040427744812896e-08
614.0 1.0375975460664538e-08
615.0 1.0347673473200112e-08
616.0 1.0319371485735686e-08
617.0 1.0291069498271264e-08
618.0 1.026276751080684e-08
619.0 1.0234465523342412e-08
620.0 1.020616353587799e-08
621.0 1.0177861548413565e-08
622.0 1.0149559560949138e-08
623.0 1.0121257573484717e-08
624.0 1.009295558602029e-08
625.0 1.0064653598555867e-08
626.0 1.0036351611091446e-08
627.0 1.0008049623627018e-08
628.0 9.979747636162592e-09
629.0 9.951445648698168e-09
630.0 9.923143661233746e-09
631.0 9.89484167376932e-09
632.0 9.866539686304895e-09
633.0 9.838237698840473e-09
634.0 9.809935711376047e-09
635.0 9.781633723911625e-09
636.0 9.753331736447199e-09
637.0 9.725029748982773e-09
638.0 9.69672776151835e-09
639.0 9.668425774053924e-09
640.0 9.6401237865895e-09
641.0 9.611821799125078e-09
642.0 9.583519811660652e-09
643.0 9.555217824196228e-09
644.0 9.526915836731805e-09
645.0 9.498613849267379e-09
646.0 9.470311861802955e-09
647.0 9.44200987433853e-09
648.0 9.413707886874106e-09
649.0 9.385405899409682e-09
650.0 9.357103911945258e-09
651.0 9.328801924480834e-09
652.0 9.300499937016408e-09
653.0 9.27585537040355e-09
654.0 9.255987175872205e-09
655.0 9.23611898134086e-09
656.0 9.216250786809517e-09
657.0 9.196382592278173e-09
658.0 9.176514397746825e-09
659.0 9.156646203215483e-09
660.0 9.136778008684139e-09
661.0 9.116909814152793e-09
662.0 9.097041619621446e-09
663.0 9.077173425090102e-09
664.0 9.057305230558758e-09
665.0 9.037437036027414e-09
666.0 9.017568841496066e-09
667.0 8.997700646964719e-09
668.0 8.977832452433378e-09
669.0 8.957964257902034e-09
670.0 8.938096063370688e-09
671.0 8.918227868839343e-09
672.0 8.898359674307999e-09
673.0 8.878491479776655e-09
674.0 8.858623285245309e-09
675.0 8.838755090713963e-09
676.0 8.818886896182619e-09
677.0 8.799018701651275e-09
678.0 8.77915050711993e-09
679.0 8.759282312588585e-09
680.0 8.73941411805724e-09
681.0 8.719545923525896e-09
682.0 8.69967772899455e-09
683.0 8.679809534463204e-09
684.0 8.659941339931862e-09
685.0 8.640073145400514e-09
686.0 8.62020495086917e-09
687.0 8.600336756337826e-09
688.0 8.580468561806482e-09
689.0 8.560600367275137e-09
690.0 8.540732172743791e-09
691.0 8.520863978212445e-09
692.0 8.500995783681103e-09
693.0 8.481127589149755e-09
694.0 8.461259394618413e-09
695.0 8.441391200087067e-09
696.0 8.421523005555723e-09
697.0 8.40165481102438e-09
698.0 8.381786616493033e-09
699.0 8.361918421961686e-09
700.0 8.342050227430344e-09
701.0 8.322182032898996e-09
702.0 8.302313838367654e-09
703.0 8.282724880218267e-09
704.0 8.264498451878565e-09
705.0 8.246272023538861e-09
706.0 8.22804559519916e-09
707.0 8.209819166859456e-09
708.0 8.191592738519752e-09
709.0 8.173366310180048e-09
710.0 8.155139881840346e-09
711.0 8.136913453500642e-09
712.0 8.118687025160938e-09
713.0 8.100460596821235e-09
714.0 8.082234168481531e-09
715.0 8.06400774014183e-09
716.0 8.045781311802126e-09
717.0 8.027554883462424e-09
718.0 8.00932845512272e-09
719.0 7.991102026783018e-09
720.0 7.972875598443314e-09
721.0 7.95464917010361e-09
722.0 7.936422741763906e-09
723.0 7.918196313424203e-09
724.0 7.899969885084499e-09
725.0 7.881743456744798e-09
726.0 7.863517028405094e-09
727.0 7.84529060006539e-09
728.0 7.82706417172569e-09
729.0 7.808837743385986e-09
730.0 7.790611315046282e-09
731.0 7.77238488670658e-09
732.0 7.754158458366875e-09
733.0 7.735932030027171e-09
734.0 7.71770560168747e-09
735.0 7.699479173347766e-09
736.0 7.681252745008064e-09
737.0 7.66302631666836e-09
738.0 7.644799888328658e-09
739.0 7.626573459988954e-09
740.0 7.60834703164925e-09
741.0 7.590120603309546e-09
742.0 7.571894174969843e-09
743.0 7.553667746630139e-09
744.0 7.535441318290438e-09
745.0 7.517214889950736e-09
746.0 7.498988461611032e-09
747.0 7.48076203327133e-09
748.0 7.462535604931626e-09
749.0 7.444309176591922e-09
750.0 7.426082748252218e-09
751.0 7.407856319912514e-09
752.0 7.38962989157281e-09
753.0 7.3714034632331096e-09
754.0 7.3531770348934055e-09
755.0 7.334950606553705e-09
756.0 7.316724178213999e-09
757.0 7.298601437223137e-09
758.0 7.283339423256242e-09
759.0 7.268077409289345e-09
760.0 7.252815395322447e-09
761.0 7.237553381355552e-09
762.0 7.222291367388657e-09
763.0 7.207029353421765e-09
764.0 7.191767339454867e-09
765.0 7.17650532548797e-09
766.0 7.1612433115210735e-09
767.0 7.145981297554178e-09
768.0 7.1307192835872834e-09
769.0 7.115457269620388e-09
770.0 7.1001952556534925e-09
771.0 7.084933241686596e-09
772.0 7.069671227719701e-09
773.0 7.054409213752806e-09
774.0 7.039147199785911e-09
775.0 7.023885185819013e-09
776.0 7.008623171852119e-09
777.0 6.993361157885224e-09
778.0 6.978099143918329e-09
779.0 6.962837129951433e-09
780.0 6.9475751159845356e-09
781.0 6.932313102017641e-09
782.0 6.917051088050744e-09
783.0 6.901789074083849e-09
784.0 6.886527060116954e-09
785.0 6.871265046150058e-09
786.0 6.856003032183163e-09
787.0 6.840741018216266e-09
788.0 6.82547900424937e-09
789.0 6.810216990282476e-09
790.0 6.794954976315579e-09
791.0 6.779692962348685e-09
792.0 6.7644309483817885e-09
793.0 6.749168934414893e-09
794.0 6.733906920447998e-09
795.0 6.718644906481102e-09
796.0 6.703382892514207e-09
797.0 6.688120878547311e-09
798.0 6.672858864580415e-09
799.0 6.65759685061352e-09
800.0 6.642334836646624e-09
801.0 6.6270728226797295e-09
802.0 6.611810808712833e-09
803.0 6.596548794745938e-09
804.0 6.581286780779042e-09
805.0 6.566024766812147e-09
806.0 6.550762752845251e-09
807.0 6.535500738878356e-09
808.0 6.52023872491146e-09
809.0 6.504976710944565e-09
810.0 6.489714696977669e-09
811.0 6.4744526830107725e-09
812.0 6.459190669043878e-09
813.0 6.443928655076982e-09
814.0 6.428666641110086e-09
815.0 6.4134046271431915e-09
816.0 6.401616893845336e-09
817.0 6.391113231942405e-09
818.0 6.380609570039475e-09
819.0 6.370105908136545e-09
820.0 6.359602246233614e-09
821.0 6.349098584330684e-09
822.0 6.338594922427755e-09
823.0 6.328091260524823e-09
824.0 6.317587598621894e-09
825.0 6.307083936718963e-09
826.0 6.296580274816033e-09
827.0 6.2860766129131046e-09
828.0 6.275572951010173e-09
829.0 6.265069289107244e-09
830.0 6.254565627204313e-09
831.0 6.244061965301383e-09
832.0 6.233558303398452e-09
833.0 6.223054641495523e-09
834.0 6.212550979592593e-09
835.0 6.202047317689663e-09
836.0 6.1915436557867325e-09
837.0 6.181039993883804e-09
838.0 6.170536331980873e-09
839.0 6.160032670077943e-09
840.0 6.149529008175012e-09
841.0 6.1390253462720825e-09
842.0 6.128521684369151e-09
843.0 6.118018022466221e-09
844.0 6.1075143605632915e-09
845.0 6.09701069866036e-09
846.0 6.086507036757431e-09
847.0 6.076003374854501e-09
848.0 6.065499712951571e-09
849.0 6.054996051048641e-09
850.0 6.044492389145711e-09
851.0 6.033988727242781e-09
852.0 6.023485065339851e-09
853.0 6.0129814034369186e-09
854.0 6.002477741533991e-09
855.0 5.9919740796310596e-09
856.0 5.981470417728129e-09
857.0 5.9709667558252006e-09
858.0 5.96046309392227e-09
859.0 5.949959432019339e-09
860.0 5.93945577011641e-09
861.0 5.9289521082134784e-09
862.0 5.91844844631055e-09
863.0 5.9079447844076194e-09
864.0 5.897441122504689e-09
865.0 5.886937460601759e-09
866.0 5.8764337986988285e-09
867.0 5.865930136795897e-09
868.0 5.855426474892968e-09
869.0 5.8449228129900375e-09
870.0 5.834419151087108e-09
871.0 5.823915489184178e-09
872.0 5.813411827281247e-09
873.0 5.802908165378319e-09
874.0 5.792404503475387e-09
875.0 5.781900841572457e-09
876.0 5.771397179669528e-09
877.0 5.760893517766597e-09
878.0 5.750389855863668e-09
879.0 5.74092075285704e-09
880.0 5.731524268772555e-09
881.0 5.72212778468807e-09
882.0 5.712731300603585e-09
883.0 5.703334816519101e-09
884.0 5.693938332434615e-09
885.0 5.684541848350131e-09
886.0 5.675145364265646e-09
887.0 5.665748880181161e-09
888.0 5.6563523960966755e-09
889.0 5.64695591201219e-09
890.0 5.637559427927705e-09
891.0 5.628162943843221e-09
892.0 5.618766459758735e-09
893.0 5.6093699756742515e-09
894.0 5.599973491589766e-09
895.0 5.59057700750528e-09
896.0 5.581180523420796e-09
897.0 5.57178403933631e-09
898.0 5.562387555251826e-09
899.0 5.5529910711673416e-09
900.0 5.5435945870828564e-09
901.0 5.534198102998371e-09
902.0 5.524801618913885e-09
903.0 5.515405134829401e-09
904.0 5.506008650744917e-09
905.0 5.496612166660431e-09
906.0 5.4872156825759465e-09
907.0 5.477819198491462e-09
908.0 5.468422714406976e-09
909.0 5.459026230322491e-09
910.0 5.449629746238007e-09
911.0 5.440233262153521e-09
912.0 5.4308367780690366e-09
913.0 5.421440293984551e-09
914.0 5.412043809900067e-09
915.0 5.402647325815582e-09
916.0 5.393250841731097e-09
917.0 5.383854357646612e-09
918.0 5.374457873562127e-09
919.0 5.3650613894776415e-09
920.0 5.355664905393156e-09
921.0 5.346268421308672e-09
922.0 5.336871937224187e-09
923.0 5.327475453139702e-09
924.0 5.318078969055217e-09
925.0 5.308682484970732e-09
926.0 5.2992860008862465e-09
927.0 5.289889516801761e-09
928.0 5.280493032717278e-09
929.0 5.271096548632792e-09
930.0 5.261700064548307e-09
931.0 5.2523035804638225e-09
932.0 5.242907096379337e-09
933.0 5.233510612294852e-09
934.0 5.224114128210368e-09
935.0 5.214717644125883e-09
936.0 5.205321160041397e-09
937.0 5.195924675956912e-09
938.0 5.1865281918724274e-09
939.0 5.177131707787942e-09
940.0 5.167735223703457e-09
941.0 5.158338739618974e-09
942.0 5.148942255534488e-09
943.0 5.139545771450002e-09
944.0 5.1301492873655175e-09
945.0 5.120752803281032e-09
946.0 5.1117531233405855e-09
947.0 5.103671128183897e-09
948.0 5.09558913302721e-09
949.0 5.087507137870522e-09
950.0 5.079425142713836e-09
951.0 5.071343147557148e-09
952.0 5.063261152400461e-09
953.0 5.055179157243774e-09
954.0 5.047097162087087e-09
955.0 5.039015166930401e-09
956.0 5.030933171773714e-09
957.0 5.022851176617026e-09
958.0 5.014769181460339e-09
959.0 5.006687186303652e-09
960.0 4.998605191146965e-09
961.0 4.990523195990277e-09
962.0 4.98244120083359e-09
963.0 4.974359205676903e-09
964.0 4.966277210520217e-09
965.0 4.958195215363528e-09
966.0 4.950113220206842e-09
967.0 4.942031225050154e-09
968.0 4.933949229893467e-09
969.0 4.92586723473678e-09
970.0 4.9177852395800935e-09
971.0 4.909703244423407e-09
972.0 4.90162124926672e-09
973.0 4.8935392541100315e-09
974.0 4.885457258953346e-09
975.0 4.877375263796658e-09
976.0 4.869293268639971e-09
977.0 4.8612112734832845e-09
978.0 4.853129278326597e-09
979.0 4.8450472831699085e-09
980.0 4.836965288013222e-09
981.0 4.828883292856535e-09
982.0 4.820801297699849e-09
983.0 4.81271930254316e-09
984.0 4.804637307386474e-09
985.0 4.796555312229787e-09
986.0 4.7884733170730996e-09
987.0 4.780391321916412e-09
988.0 4.772309326759725e-09
989.0 4.7642273316030385e-09
990.0 4.756145336446352e-09
991.0 4.748063341289663e-09
992.0 4.7399813461329766e-09
993.0 4.73189935097629e-09
994.0 4.723817355819601e-09
995.0 4.7157353606629155e-09
996.0 4.707653365506227e-09
997.0 4.699571370349541e-09
998.0 4.6914893751928535e-09
999.0 4.683407380036167e-09
1000.0 4.67532538487948e-09
1001.0 4.6672433897227925e-09
1002.0 4.659161394566106e-09
1003.0 4.65107939940942e-09
1004.0 4.6429974042527305e-09
1005.0 4.634915409096044e-09
1006.0 4.626833413939357e-09
1007.0 4.61875141878267e-09
1008.0 4.610669423625982e-09
1009.0 4.602587428469295e-09
1010.0 4.594505433312608e-09
1011.0 4.5864234381559216e-09
1012.0 4.578341442999233e-09
1013.0 4.570259447842547e-09
1014.0 4.56217745268586e-09
1015.0 4.554095457529173e-09
1016.0 4.546013462372486e-09
1017.0 4.537931467215799e-09
1018.0 4.529849472059112e-09
1019.0 4.522957103334847e-09
1020.0 4.517461436706013e-09
1021.0 4.511965770077177e-09
1022.0 4.506470103448343e-09
1023.0 4.500974436819508e-09
1024.0 4.495478770190674e-09
1025.0 4.489983103561839e-09
1026.0 4.484487436933005e-09
1027.0 4.47899177030417e-09
1028.0 4.473496103675335e-09
1029.0 4.4680004370465e-09
1030.0 4.462504770417666e-09
1031.0 4.4570091037888315e-09
1032.0 4.451513437159996e-09
1033.0 4.446017770531162e-09
1034.0 4.440522103902327e-09
1035.0 4.435026437273492e-09
1036.0 4.429530770644659e-09
1037.0 4.424035104015824e-09
1038.0 4.418539437386989e-09
1039.0 4.413043770758154e-09
1040.0 4.407548104129318e-09
1041.0 4.402052437500484e-09
1042.0 4.39655677087165e-09
1043.0 4.391061104242814e-09
1044.0 4.3855654376139795e-09
1045.0 4.380069770985145e-09
1046.0 4.37457410435631e-09
1047.0 4.3690784377274764e-09
1048.0 4.363582771098642e-09
1049.0 4.3580871044698074e-09
1050.0 4.3525914378409725e-09
1051.0 4.347095771212138e-09
1052.0 4.3416001045833036e-09
1053.0 4.336104437954469e-09
1054.0 4.330608771325633e-09
1055.0 4.325113104696798e-09
1056.0 4.319617438067964e-09
1057.0 4.31412177143913e-09
1058.0 4.308626104810294e-09
1059.0 4.30313043818146e-09
1060.0 4.297634771552626e-09
1061.0 4.292139104923791e-09
1062.0 4.286643438294956e-09
1063.0 4.281147771666122e-09
1064.0 4.275652105037287e-09
1065.0 4.270156438408452e-09
1066.0 4.264660771779617e-09
1067.0 4.2591651051507825e-09
1068.0 4.2536694385219484e-09
1069.0 4.248173771893113e-09
1070.0 4.242678105264279e-09
1071.0 4.237182438635444e-09
1072.0 4.231686772006609e-09
1073.0 4.226191105377775e-09
1074.0 4.220695438748941e-09
1075.0 4.215199772120106e-09
1076.0 4.209704105491271e-09
1077.0 4.204208438862436e-09
1078.0 4.198712772233601e-09
1079.0 4.193217105604767e-09
1080.0 4.187721438975931e-09
1081.0 4.182225772347096e-09
1082.0 4.176730105718262e-09
1083.0 4.171234439089427e-09
1084.0 4.165738772460593e-09
1085.0 4.160243105831759e-09
1086.0 4.154747439202924e-09
1087.0 4.1492517725740894e-09
1088.0 4.1437561059452545e-09
1089.0 4.138260439316419e-09
1090.0 4.1327647726875856e-09
1091.0 4.12726910605875e-09
1092.0 4.121773439429915e-09
1093.0 4.116277772801081e-09
1094.0 4.110782106172246e-09
1095.0 4.105286439543411e-09
1096.0 4.099790772914578e-09
1097.0 4.094300413000173e-09
1098.0 4.0895165136698705e-09
1099.0 4.084732614339567e-09
1100.0 4.079948715009264e-09
1101.0 4.07516481567896e-09
1102.0 4.0703809163486566e-09
1103.0 4.065597017018353e-09
1104.0 4.0608131176880505e-09
1105.0 4.056029218357747e-09
1106.0 4.0512453190274435e-09
1107.0 4.046461419697139e-09
1108.0 4.0416775203668366e-09
1109.0 4.036893621036533e-09
1110.0 4.03210972170623e-09
1111.0 4.027325822375927e-09
1112.0 4.022541923045623e-09
1113.0 4.017758023715319e-09
1114.0 4.0129741243850166e-09
1115.0 4.008190225054713e-09
1116.0 4.00340632572441e-09
1117.0 3.998622426394105e-09
1118.0 3.993838527063803e-09
1119.0 3.9890546277335e-09
1120.0 3.984270728403196e-09
1121.0 3.979486829072893e-09
1122.0 3.974702929742589e-09
1123.0 3.969919030412286e-09
1124.0 3.965135131081983e-09
1125.0 3.960351231751679e-09
1126.0 3.955567332421375e-09
1127.0 3.950783433091073e-09
1128.0 3.945999533760769e-09
1129.0 3.941215634430466e-09
1130.0 3.936431735100163e-09
1131.0 3.931647835769859e-09
1132.0 3.926863936439556e-09
1133.0 3.922080037109252e-09
1134.0 3.91729613777895e-09
1135.0 3.912512238448645e-09
1136.0 3.907728339118342e-09
1137.0 3.902944439788038e-09
1138.0 3.898160540457736e-09
1139.0 3.8933766411274314e-09
1140.0 3.888592741797129e-09
1141.0 3.8838088424668245e-09
1142.0 3.879024943136523e-09
1143.0 3.874241043806218e-09
1144.0 3.869457144475915e-09
1145.0 3.864673245145612e-09
1146.0 3.859889345815309e-09
1147.0 3.8551054464850045e-09
1148.0 3.850321547154702e-09
1149.0 3.845537647824398e-09
1150.0 3.840753748494095e-09
1151.0 3.835969849163791e-09
1152.0 3.831185949833488e-09
1153.0 3.826402050503185e-09
1154.0 3.821618151172881e-09
1155.0 3.8168342518425775e-09
1156.0 3.812050352512275e-09
1157.0 3.8072664531819714e-09
1158.0 3.802482553851668e-09
1159.0 3.7976986545213645e-09
1160.0 3.792914755191061e-09
1161.0 3.7881308558607575e-09
1162.0 3.783346956530454e-09
1163.0 3.778563057200151e-09
1164.0 3.773779157869848e-09
1165.0 3.768995258539544e-09
1166.0 3.76421135920924e-09
1167.0 3.7594274598789375e-09
1168.0 3.754643560548634e-09
1169.0 3.749859661218331e-09
1170.0 3.745075761888027e-09
1171.0 3.7402918625577245e-09
1172.0 3.735507963227421e-09
1173.0 3.730724063897117e-09
1174.0 3.725940164566814e-09
1175.0 3.7211562652365106e-09
1176.0 3.7163723659062063e-09
1177.0 3.711588466575904e-09
1178.0 3.7068045672456e-09
1179.0 3.7020206679152975e-09
1180.0 3.6972367685849936e-09
1181.0 3.69245286925469e-09
1182.0 3.6879608761274753e-09
1183.0 3.6837469050860177e-09
1184.0 3.679532934044559e-09
1185.0 3.6753189630031007e-09
1186.0 3.6711049919616422e-09
1187.0 3.6668910209201838e-09
1188.0 3.662677049878726e-09
1189.0 3.6584630788372672e-09
1190.0 3.654249107795809e-09
1191.0 3.650035136754351e-09
1192.0 3.6458211657128935e-09
1193.0 3.641607194671435e-09
1194.0 3.6373932236299765e-09
1195.0 3.6331792525885172e-09
1196.0 3.6289652815470587e-09
1197.0 3.624751310505602e-09
1198.0 3.6205373394641434e-09
1199.0 3.616323368422685e-09
1200.0 3.6121093973812265e-09
1201.0 3.607895426339767e-09
1202.0 3.6036814552983095e-09
1203.0 3.599467484256852e-09
1204.0 3.5952535132153926e-09
1205.0 3.591039542173935e-09
1206.0 3.5868255711324765e-09
1207.0 3.582611600091019e-09
1208.0 3.5783976290495603e-09
1209.0 3.5741836580081023e-09
1210.0 3.5699696869666442e-09
1211.0 3.5657557159251853e-09
1212.0 3.5615417448837277e-09
1213.0 3.5573277738422684e-09
1214.0 3.5531138028008107e-09
1215.0 3.548899831759353e-09
1216.0 3.5446858607178946e-09
1217.0 3.540471889676436e-09
1218.0 3.5362579186349776e-09
1219.0 3.5320439475935183e-09
1220.0 3.5278299765520607e-09
1221.0 3.523616005510603e-09
1222.0 3.5194020344691446e-09
1223.0 3.515188063427686e-09
1224.0 3.5109740923862284e-09
1225.0 3.50676012134477e-09
1226.0 3.5025461503033115e-09
1227.0 3.498332179261853e-09
1228.0 3.494118208220394e-09
1229.0 3.4899042371789365e-09
1230.0 3.485690266137479e-09
1231.0 3.4814762950960195e-09
1232.0 3.477262324054562e-09
1233.0 3.4730483530131042e-09
1234.0 3.4688343819716458e-09
1235.0 3.4646204109301873e-09
1236.0 3.460406439888728e-09
1237.0 3.4561924688472695e-09
1238.0 3.4519784978058123e-09
1239.0 3.4477645267643546e-09
1240.0 3.4435505557228953e-09
1241.0 3.4393365846814377e-09
1242.0 3.4351226136399788e-09
1243.0 3.430908642598521e-09
1244.0 3.4266946715570627e-09
1245.0 3.422480700515604e-09
1246.0 3.418266729474146e-09
1247.0 3.414052758432688e-09
1248.0 3.40983878739123e-09
1249.0 3.405624816349771e-09
1250.0 3.401410845308313e-09
1251.0 3.3971968742668546e-09
1252.0 3.392982903225397e-09
1253.0 3.3887689321839384e-09
1254.0 3.3845549611424796e-09
1255.0 3.380340990101022e-09
1256.0 3.3761270190595634e-09
1257.0 3.3719130480181058e-09
1258.0 3.367699076976647e-09
1259.0 3.3634851059351884e-09
1260.0 3.35927113489373e-09
1261.0 3.3550571638522723e-09
1262.0 3.350843192810814e-09
1263.0 3.346629221769355e-09
1264.0 3.3424152507278973e-09
1265.0 3.3382012796864392e-09
1266.0 3.3339873086449807e-09
1267.0 3.3297733376035227e-09
1268.0 3.3255593665620642e-09
1269.0 3.3213453955206057e-09
1270.0 3.3171314244791477e-09
1271.0 3.3129174534376896e-09
1272.0 3.3087034823962307e-09
1273.0 3.305164822627932e-09
1274.0 3.3022783719592805e-09
1275.0 3.299391921290629e-09
1276.0 3.2965054706219775e-09
1277.0 3.2936190199533257e-09
1278.0 3.290732569284675e-09
1279.0 3.2878461186160235e-09
1280.0 3.2849596679473718e-09
1281.0 3.282073217278721e-09
1282.0 3.279186766610069e-09
1283.0 3.2763003159414174e-09
1284.0 3.2734138652727664e-09
1285.0 3.270527414604115e-09
1286.0 3.2676409639354634e-09
1287.0 3.2647545132668125e-09
1288.0 3.2618680625981607e-09
1289.0 3.258981611929509e-09
1290.0 3.2560951612608572e-09
1291.0 3.2532087105922063e-09
1292.0 3.2503222599235546e-09
1293.0 3.2474358092549037e-09
1294.0 3.2445493585862524e-09
1295.0 3.2416629079176006e-09
1296.0 3.238776457248949e-09
1297.0 3.235890006580297e-09
1298.0 3.2330035559116462e-09
1299.0 3.2301171052429953e-09
1300.0 3.227230654574344e-09
1301.0 3.2243442039056922e-09
1302.0 3.221457753237041e-09
1303.0 3.218571302568389e-09
1304.0 3.2156848518997374e-09
1305.0 3.2127984012310865e-09
1306.0 3.209911950562435e-09
1307.0 3.2070254998937834e-09
1308.0 3.2041390492251325e-09
1309.0 3.2012525985564816e-09
1310.0 3.19836614788783e-09
1311.0 3.195479697219178e-09
1312.0 3.1925932465505264e-09
1313.0 3.189706795881875e-09
1314.0 3.1868203452132237e-09
1315.0 3.183933894544573e-09
1316.0 3.181047443875921e-09
1317.0 3.1781609932072693e-09
1318.0 3.175274542538618e-09
1319.0 3.1723880918699663e-09
1320.0 3.1695016412013154e-09
1321.0 3.1666151905326636e-09
1322.0 3.1637287398640127e-09
1323.0 3.1608422891953614e-09
1324.0 3.1579558385267096e-09
1325.0 3.155069387858058e-09
1326.0 3.152182937189407e-09
1327.0 3.149296486520755e-09
1328.0 3.146410035852104e-09
1329.0 3.1435235851834526e-09
1330.0 3.140637134514801e-09
1331.0 3.137750683846149e-09
1332.0 3.134864233177498e-09
1333.0 3.131977782508847e-09
1334.0 3.129091331840195e-09
1335.0 3.1262048811715434e-09
1336.0 3.1233184305028925e-09
1337.0 3.1204319798342407e-09
1338.0 3.11754552916559e-09
1339.0 3.114659078496938e-09
1340.0 3.1117726278282863e-09
1341.0 3.1088861771596354e-09
1342.0 3.1059997264909837e-09
1343.0 3.1031132758223328e-09
1344.0 3.100226825153681e-09
1345.0 3.0973403744850293e-09
1346.0 3.094453923816378e-09
1347.0 3.091567473147727e-09
1348.0 3.088681022479076e-09
1349.0 3.0857945718104244e-09
1350.0 3.0829081211417727e-09
1351.0 3.080021670473121e-09
1352.0 3.0771352198044696e-09
1353.0 3.0742487691358183e-09
1354.0 3.0713623184671665e-09
1355.0 3.0684758677985156e-09
1356.0 3.0655894171298643e-09
1357.0 3.0627029664612125e-09
1358.0 3.059816515792561e-09
1359.0 3.05693006512391e-09
1360.0 3.054043614455258e-09
1361.0 3.0511571637866072e-09
1362.0 3.048270713117956e-09
1363.0 3.045384262449304e-09
1364.0 3.042497811780653e-09
1365.0 3.039611361112001e-09
1366.0 3.0367249104433494e-09
1367.0 3.0338384597746984e-09
1368.0 3.030952009106047e-09
1369.0 3.0280655584373954e-09
1370.0 3.0251791077687445e-09
1371.0 3.0225171964592575e-09
1372.0 3.0200836957144957e-09
1373.0 3.0176501949697347e-09
1374.0 3.0152166942249732e-09
1375.0 3.0127831934802122e-09
1376.0 3.010349692735451e-09
1377.0 3.00791619199069e-09
1378.0 3.0054826912459284e-09
1379.0 3.0030491905011674e-09
1380.0 3.000615689756406e-09
1381.0 2.998182189011644e-09
1382.0 2.9957486882668836e-09
1383.0 2.9933151875221218e-09
1384.0 2.9908816867773608e-09
1385.0 2.9884481860325998e-09
1386.0 2.9860146852878384e-09
1387.0 2.9835811845430774e-09
1388.0 2.981147683798316e-09
1389.0 2.978714183053555e-09
1390.0 2.9762806823087936e-09
1391.0 2.9738471815640326e-09
1392.0 2.971413680819271e-09
1393.0 2.96898018007451e-09
1394.0 2.9665466793297487e-09
1395.0 2.9641131785849877e-09
1396.0 2.9616796778402263e-09
1397.0 2.9592461770954645e-09
1398.0 2.956812676350704e-09
1399.0 2.954379175605942e-09
1400.0 2.9519456748611807e-09
1401.0 2.9495121741164197e-09
1402.0 2.9470786733716583e-09
1403.0 2.9446451726268973e-09
1404.0 2.9422116718821363e-09
1405.0 2.9397781711373753e-09
1406.0 2.937344670392614e-09
1407.0 2.934911169647853e-09
1408.0 2.932477668903091e-09
1409.0 2.9300441681583305e-09
1410.0 2.9276106674135686e-09
1411.0 2.9251771666688072e-09
1412.0 2.9227436659240462e-09
1413.0 2.920310165179285e-09
1414.0 2.9178766644345234e-09
1415.0 2.9154431636897624e-09
1416.0 2.913009662945001e-09
1417.0 2.91057616220024e-09
1418.0 2.9081426614554786e-09
1419.0 2.9057091607107176e-09
1420.0 2.903275659965956e-09
1421.0 2.900842159221195e-09
1422.0 2.898408658476434e-09
1423.0 2.895975157731673e-09
1424.0 2.8935416569869118e-09
1425.0 2.89110815624215e-09
1426.0 2.8886746554973894e-09
1427.0 2.8862411547526284e-09
1428.0 2.883807654007867e-09
1429.0 2.881374153263106e-09
1430.0 2.878940652518344e-09
1431.0 2.8765071517735835e-09
1432.0 2.8740736510288213e-09
1433.0 2.8716401502840603e-09
1434.0 2.869206649539299e-09
1435.0 2.866773148794538e-09
1436.0 2.8643396480497765e-09
1437.0 2.8619061473050155e-09
1438.0 2.859472646560254e-09
1439.0 2.857039145815493e-09
1440.0 2.8546056450707317e-09
1441.0 2.8521721443259707e-09
1442.0 2.8497386435812097e-09
1443.0 2.847305142836448e-09
1444.0 2.844871642091687e-09
1445.0 2.8424381413469254e-09
1446.0 2.8400046406021644e-09
1447.0 2.837571139857404e-09
1448.0 2.835137639112642e-09
1449.0 2.8327041383678806e-09
1450.0 2.8302706376231196e-09
1451.0 2.827837136878358e-09
1452.0 2.8254036361335964e-09
1453.0 2.822970135388836e-09
1454.0 2.820536634644074e-09
1455.0 2.8181031338993134e-09
1456.0 2.815669633154552e-09
1457.0 2.81323613240979e-09
1458.0 2.810802631665029e-09
1459.0 2.808369130920268e-09
1460.0 2.805935630175507e-09
1461.0 2.8035021294307457e-09
1462.0 2.8010686286859847e-09
1463.0 2.798635127941223e-09
1464.0 2.7962016271964623e-09
1465.0 2.7937681264517005e-09
1466.0 2.79133462570694e-09
1467.0 2.7889011249621777e-09
1468.0 2.786467624217417e-09
1469.0 2.7840341234726557e-09
1470.0 2.7816006227278947e-09
1471.0 2.7791671219831333e-09
1472.0 2.7767336212383723e-09
1473.0 2.774300120493611e-09
1474.0 2.771866619748849e-09
1475.0 2.7694331190040885e-09
1476.0 2.7669996182593266e-09
1477.0 2.764786772144063e-09
1478.0 2.76258968179824e-09
1479.0 2.7603925914524162e-09
1480.0 2.758195501106593e-09
1481.0 2.7559984107607697e-09
1482.0 2.7538013204149463e-09
1483.0 2.751604230069123e-09
1484.0 2.7494071397232994e-09
1485.0 2.7472100493774768e-09
1486.0 2.7450129590316533e-09
1487.0 2.74281586868583e-09
1488.0 2.740618778340007e-09
1489.0 2.7384216879941834e-09
1490.0 2.7362245976483595e-09
1491.0 2.7340275073025365e-09
1492.0 2.7318304169567135e-09
1493.0 2.72963332661089e-09
1494.0 2.7274362362650666e-09
1495.0 2.7252391459192435e-09
1496.0 2.7230420555734205e-09
1497.0 2.720844965227597e-09
1498.0 2.7186478748817736e-09
1499.0 2.71645078453595e-09
1500.0 2.714253694190127e-09
1501.0 2.7120566038443033e-09
1502.0 2.7098595134984807e-09
1503.0 2.7076624231526572e-09
1504.0 2.7054653328068338e-09
1505.0 2.7032682424610107e-09
1506.0 2.701071152115187e-09
1507.0 2.6988740617693642e-09
1508.0 2.6966769714235404e-09
1509.0 2.6944798810777174e-09
1510.0 2.6922827907318935e-09
1511.0 2.690085700386071e-09
1512.0 2.687888610040247e-09
1513.0 2.685691519694424e-09
1514.0 2.683494429348601e-09
1515.0 2.6812973390027775e-09
1516.0 2.6791002486569545e-09
1517.0 2.6769031583111306e-09
1518.0 2.6747060679653076e-09
1519.0 2.672508977619484e-09
1520.0 2.6703118872736607e-09
1521.0 2.6681147969278376e-09
1522.0 2.6659177065820146e-09
1523.0 2.6637206162361907e-09
1524.0 2.6615235258903677e-09
1525.0 2.6593264355445447e-09
1526.0 2.6571293451987212e-09
1527.0 2.6549322548528974e-09
1528.0 2.6527351645070743e-09
1529.0 2.6505380741612513e-09
1530.0 2.648340983815428e-09
1531.0 2.6461438934696044e-09
1532.0 2.6439468031237814e-09
1533.0 2.6417497127779583e-09
1534.0 2.639552622432135e-09
1535.0 2.6373555320863114e-09
1536.0 2.635158441740488e-09
1537.0 2.6329613513946646e-09
1538.0 2.6307642610488415e-09
1539.0 2.628567170703018e-09
1540.0 2.626370080357195e-09
1541.0 2.6241729900113716e-09
1542.0 2.621975899665548e-09
1543.0 2.6197788093197247e-09
1544.0 2.617581718973902e-09
1545.0 2.615384628628078e-09
1546.0 2.6131875382822548e-09
1547.0 2.6109904479364317e-09
1548.0 2.6087933575906083e-09
1549.0 2.6065962672447853e-09
1550.0 2.604399176898962e-09
1551.0 2.6022020865531388e-09
1552.0 2.6000049962073153e-09
1553.0 2.597807905861492e-09
1554.0 2.5956108155156684e-09
1555.0 2.5934137251698454e-09
1556.0 2.5912166348240215e-09
1557.0 2.5890195444781985e-09
1558.0 2.586822454132375e-09
1559.0 2.584625363786552e-09
1560.0 2.582428273440729e-09
1561.0 2.5802311830949055e-09
1562.0 2.578034092749082e-09
1563.0 2.575837002403259e-09
1564.0 2.5736399120574356e-09
1565.0 2.5714428217116118e-09
1566.0 2.5692457313657895e-09
1567.0 2.5670486410199657e-09
1568.0 2.5648515506741427e-09
1569.0 2.562654460328319e-09
1570.0 2.5604573699824958e-09
1571.0 2.5582602796366727e-09
1572.0 2.556063189290849e-09
1573.0 2.553866098945026e-09
1574.0 2.5516690085992024e-09
1575.0 2.5494719182533793e-09
1576.0 2.5472748279075555e-09
1577.0 2.5450777375617325e-09
1578.0 2.5428806472159094e-09
1579.0 2.5406835568700864e-09
1580.0 2.538486466524263e-09
1581.0 2.5362893761784395e-09
1582.0 2.5340922858326165e-09
1583.0 2.5318951954867926e-09
1584.0 2.529698105140969e-09
1585.0 2.527501014795146e-09
1586.0 2.525303924449323e-09
1587.0 2.5231068341034992e-09
1588.0 2.520909743757676e-09
1589.0 2.518712653411853e-09
1590.0 2.5166725878000593e-09
1591.0 2.5151295074929552e-09
1592.0 2.5135864271858507e-09
1593.0 2.5120433468787462e-09
1594.0 2.5105002665716426e-09
1595.0 2.508957186264538e-09
1596.0 2.507414105957434e-09
1597.0 2.50587102565033e-09
1598.0 2.5043279453432254e-09
1599.0 2.502784865036121e-09
1600.0 2.5012417847290172e-09
1601.0 2.499698704421913e-09
1602.0 2.4981556241148086e-09
1603.0 2.496612543807704e-09
1604.0 2.4950694635006e-09
1605.0 2.493526383193496e-09
1606.0 2.4919833028863915e-09
1607.0 2.4904402225792878e-09
1608.0 2.488897142272183e-09
1609.0 2.487354061965079e-09
1610.0 2.485810981657975e-09
1611.0 2.4842679013508706e-09
1612.0 2.482724821043766e-09
1613.0 2.481181740736662e-09
1614.0 2.4796386604295584e-09
1615.0 2.478095580122454e-09
1616.0 2.476552499815349e-09
1617.0 2.4750094195082453e-09
1618.0 2.473466339201141e-09
1619.0 2.4719232588940367e-09
1620.0 2.470380178586933e-09
1621.0 2.468837098279828e-09
1622.0 2.467294017972725e-09
1623.0 2.4657509376656204e-09
1624.0 2.464207857358516e-09
1625.0 2.4626647770514114e-09
1626.0 2.4611216967443073e-09
1627.0 2.459578616437203e-09
1628.0 2.4580355361300987e-09
1629.0 2.456492455822994e-09
1630.0 2.4549493755158905e-09
1631.0 2.4534062952087864e-09
1632.0 2.4518632149016823e-09
1633.0 2.4503201345945783e-09
1634.0 2.4487770542874733e-09
1635.0 2.4472339739803697e-09
1636.0 2.4456908936732656e-09
1637.0 2.444147813366161e-09
1638.0 2.4426047330590566e-09
1639.0 2.4410616527519525e-09
1640.0 2.439518572444849e-09
1641.0 2.4379754921377443e-09
1642.0 2.43643241183064e-09
1643.0 2.4348893315235358e-09
1644.0 2.433346251216432e-09
1645.0 2.4318031709093276e-09
1646.0 2.4302600906022235e-09
1647.0 2.4287170102951186e-09
1648.0 2.4271739299880145e-09
1649.0 2.4256308496809112e-09
1650.0 2.4240877693738063e-09
1651.0 2.4225446890667022e-09
1652.0 2.4210016087595977e-09
1653.0 2.4194585284524937e-09
1654.0 2.4179154481453896e-09
1655.0 2.416372367838285e-09
1656.0 2.414829287531181e-09
1657.0 2.4132862072240765e-09
1658.0 2.4117431269169724e-09
1659.0 2.4102000466098687e-09
1660.0 2.4086569663027642e-09
1661.0 2.40711388599566e-09
1662.0 2.4055708056885557e-09
1663.0 2.4040277253814516e-09
1664.0 2.4024846450743475e-09
1665.0 2.4009415647672426e-09
1666.0 2.399398484460139e-09
1667.0 2.397855404153035e-09
1668.0 2.3963123238459303e-09
1669.0 2.3947692435388266e-09
1670.0 2.393226163231722e-09
1671.0 2.3916830829246176e-09
1672.0 2.390140002617514e-09
1673.0 2.3885969223104095e-09
1674.0 2.3870538420033054e-09
1675.0 2.385510761696201e-09
1676.0 2.383967681389097e-09
1677.0 2.3824246010819927e-09
1678.0 2.380881520774888e-09
1679.0 2.379338440467784e-09
1680.0 2.3777953601606805e-09
1681.0 2.3762522798535756e-09
1682.0 2.374709199546472e-09
1683.0 2.3731661192393674e-09
1684.0 2.371623038932263e-09
1685.0 2.370079958625159e-09
1686.0 2.3685368783180547e-09
1687.0 2.3669937980109506e-09
1688.0 2.3654507177038453e-09
1689.0 2.363907637396742e-09
1690.0 2.362364557089638e-09
1691.0 2.360821476782533e-09
1692.0 2.3592783964754294e-09
1693.0 2.3577353161683245e-09
1694.0 2.3561922358612208e-09
1695.0 2.354649155554117e-09
1696.0 2.3531060752470126e-09
1697.0 2.3515629949399077e-09
1698.0 2.350019914632804e-09
1699.0 2.3484768343257e-09
1700.0 2.3469337540185954e-09
1701.0 2.345390673711491e-09
1702.0 2.343847593404387e-09
1703.0 2.342304513097283e-09
1704.0 2.3407614327901783e-09
1705.0 2.3392183524830746e-09
1706.0 2.33767527217597e-09
1707.0 2.336132191868866e-09
1708.0 2.3345891115617624e-09
1709.0 2.333046031254658e-09
1710.0 2.331502950947553e-09
1711.0 2.3299598706404493e-09
1712.0 2.328416790333345e-09
1713.0 2.3270904093860687e-09
1714.0 2.3258217457142903e-09
1715.0 2.324553082042512e-09
1716.0 2.323284418370734e-09
1717.0 2.3220157546989555e-09
1718.0 2.320747091027177e-09
1719.0 2.3194784273553995e-09
1720.0 2.318209763683621e-09
1721.0 2.3169411000118427e-09
1722.0 2.3156724363400644e-09
1723.0 2.3144037726682868e-09
1724.0 2.3131351089965084e-09
1725.0 2.31186644532473e-09
1726.0 2.310597781652952e-09
1727.0 2.3093291179811736e-09
1728.0 2.3080604543093956e-09
1729.0 2.3067917906376172e-09
1730.0 2.3055231269658393e-09
1731.0 2.3042544632940605e-09
1732.0 2.302985799622283e-09
1733.0 2.3017171359505045e-09
1734.0 2.3004484722787265e-09
1735.0 2.299179808606948e-09
1736.0 2.29791114493517e-09
1737.0 2.2966424812633913e-09
1738.0 2.2953738175916134e-09
1739.0 2.2941051539198358e-09
1740.0 2.2928364902480574e-09
1741.0 2.291567826576279e-09
1742.0 2.2902991629045006e-09
1743.0 2.2890304992327226e-09
1744.0 2.2877618355609442e-09
1745.0 2.2864931718891667e-09
1746.0 2.2852245082173883e-09
1747.0 2.2839558445456103e-09
1748.0 2.2826871808738315e-09
1749.0 2.2814185172020535e-09
1750.0 2.2801498535302755e-09
1751.0 2.2788811898584967e-09
1752.0 2.277612526186719e-09
1753.0 2.276343862514941e-09
1754.0 2.2750751988431628e-09
1755.0 2.2738065351713844e-09
1756.0 2.2725378714996064e-09
1757.0 2.2712692078278276e-09
1758.0 2.2700005441560496e-09
1759.0 2.268731880484272e-09
1760.0 2.2674632168124936e-09
1761.0 2.2661945531407153e-09
1762.0 2.264925889468937e-09
1763.0 2.2636572257971585e-09
1764.0 2.2623885621253805e-09
1765.0 2.261119898453603e-09
1766.0 2.2598512347818245e-09
1767.0 2.2585825711100465e-09
1768.0 2.2573139074382677e-09
1769.0 2.2560452437664893e-09
1770.0 2.2547765800947118e-09
1771.0 2.253507916422934e-09
1772.0 2.2522392527511554e-09
1773.0 2.2509705890793774e-09
1774.0 2.249701925407599e-09
1775.0 2.2484332617358206e-09
1776.0 2.247164598064043e-09
1777.0 2.2458959343922643e-09
1778.0 2.244627270720486e-09
1779.0 2.2433586070487083e-09
1780.0 2.24208994337693e-09
1781.0 2.2408212797051515e-09
1782.0 2.2395526160333735e-09
1783.0 2.238283952361595e-09
1784.0 2.2370152886898167e-09
1785.0 2.2357466250180388e-09
1786.0 2.2344779613462608e-09
1787.0 2.233209297674483e-09
1788.0 2.2319406340027044e-09
1789.0 2.230671970330926e-09
1790.0 2.2294033066591476e-09
1791.0 2.2281346429873692e-09
1792.0 2.2268659793155917e-09
1793.0 2.2255973156438137e-09
1794.0 2.2243286519720353e-09
1795.0 2.223059988300257e-09
1796.0 2.221791324628479e-09
1797.0 2.220522660956701e-09
1798.0 2.219253997284922e-09
1799.0 2.2179853336131446e-09
1800.0 2.2167166699413657e-09
1801.0 2.2154480062695878e-09
1802.0 2.2141793425978098e-09
1803.0 2.2129106789260314e-09
1804.0 2.211642015254253e-09
1805.0 2.210373351582475e-09
1806.0 2.209104687910697e-09
1807.0 2.2078360242389186e-09
1808.0 2.2065673605671407e-09
1809.0 2.2052986968953623e-09
1810.0 2.204030033223584e-09
1811.0 2.202761369551806e-09
1812.0 2.201492705880028e-09
1813.0 2.20022404220825e-09
1814.0 2.1989553785364715e-09
1815.0 2.197686714864693e-09
1816.0 2.1964180511929147e-09
1817.0 2.1951493875211368e-09
1818.0 2.1938807238493588e-09
1819.0 2.192612060177581e-09
1820.0 2.1913433965058024e-09
1821.0 2.1900747328340236e-09
1822.0 2.1888060691622456e-09
1823.0 2.1875374054904676e-09
1824.0 2.1862687418186897e-09
1825.0 2.1850000781469117e-09
1826.0 2.183731414475133e-09
1827.0 2.182462750803355e-09
1828.0 2.1811940871315765e-09
1829.0 2.1799254234597985e-09
1830.0 2.1786567597880205e-09
1831.0 2.177388096116242e-09
1832.0 2.176119432444464e-09
1833.0 2.1748507687726858e-09
1834.0 2.1735821051009078e-09
1835.0 2.1723134414291294e-09
1836.0 2.1710447777573514e-09
1837.0 2.169776114085573e-09
1838.0 2.168507450413795e-09
1839.0 2.167238786742017e-09
1840.0 2.1659701230702387e-09
1841.0 2.16470145939846e-09
1842.0 2.1634327957266823e-09
1843.0 2.162164132054904e-09
1844.0 2.160895468383126e-09
1845.0 2.159715050255564e-09
1846.0 2.1585436192652927e-09
1847.0 2.1573721882750224e-09
1848.0 2.156200757284752e-09
1849.0 2.1550293262944814e-09
1850.0 2.1538578953042115e-09
1851.0 2.152686464313941e-09
1852.0 2.1515150333236704e-09
1853.0 2.1503436023334e-09
1854.0 2.14917217134313e-09
1855.0 2.148000740352859e-09
1856.0 2.146829309362589e-09
1857.0 2.145657878372318e-09
1858.0 2.1444864473820482e-09
1859.0 2.1433150163917775e-09
1860.0 2.1421435854015072e-09
1861.0 2.140972154411237e-09
1862.0 2.139800723420966e-09
1863.0 2.138629292430696e-09
1864.0 2.1374578614404256e-09
1865.0 2.136286430450155e-09
1866.0 2.1351149994598846e-09
1867.0 2.133943568469614e-09
1868.0 2.1327721374793436e-09
1869.0 2.1316007064890737e-09
1870.0 2.130429275498803e-09
1871.0 2.1292578445085323e-09
1872.0 2.128086413518262e-09
1873.0 2.1269149825279917e-09
1874.0 2.1257435515377205e-09
1875.0 2.1245721205474502e-09
1876.0 2.12340068955718e-09
1877.0 2.1222292585669096e-09
1878.0 2.1210578275766393e-09
1879.0 2.119886396586369e-09
1880.0 2.1187149655960987e-09
1881.0 2.1175435346058276e-09
1882.0 2.1163721036155577e-09
1883.0 2.115200672625287e-09
1884.0 2.1140292416350163e-09
1885.0 2.112857810644746e-09
1886.0 2.111686379654476e-09
1887.0 2.1105149486642054e-09
1888.0 2.109343517673935e-09
1889.0 2.1081720866836648e-09
1890.0 2.107000655693394e-09
1891.0 2.1058292247031238e-09
1892.0 2.104657793712853e-09
1893.0 2.1034863627225827e-09
1894.0 2.1023149317323124e-09
1895.0 2.101143500742042e-09
1896.0 2.0999720697517714e-09
1897.0 2.098800638761501e-09
1898.0 2.097629207771231e-09
1899.0 2.0964577767809605e-09
1900.0 2.09528634579069e-09
1901.0 2.0941149148004195e-09
1902.0 2.092943483810149e-09
1903.0 2.091772052819879e-09
1904.0 2.090600621829608e-09
1905.0 2.089429190839338e-09
1906.0 2.088257759849067e-09
1907.0 2.087086328858797e-09
1908.0 2.0859148978685266e-09
1909.0 2.0847434668782555e-09
1910.0 2.0835720358879856e-09
1911.0 2.082400604897715e-09
1912.0 2.0812291739074445e-09
1913.0 2.0800577429171747e-09
1914.0 2.078886311926904e-09
1915.0 2.0777148809366332e-09
1916.0 2.0765434499463633e-09
1917.0 2.0753720189560926e-09
1918.0 2.074200587965822e-09
1919.0 2.0730291569755516e-09
1920.0 2.071857725985281e-09
1921.0 2.070686294995011e-09
1922.0 2.0695148640047403e-09
1923.0 2.06834343301447e-09
1924.0 2.0671720020241997e-09
1925.0 2.066000571033929e-09
1926.0 2.0648291400436583e-09
1927.0 2.063657709053388e-09
1928.0 2.0624862780631177e-09
1929.0 2.061314847072847e-09
1930.0 2.060143416082577e-09
1931.0 2.0589719850923064e-09
1932.0 2.0578005541020365e-09
1933.0 2.0566291231117658e-09
1934.0 2.055457692121495e-09
1935.0 2.054286261131225e-09
1936.0 2.0531148301409544e-09
1937.0 2.0519433991506833e-09
1938.0 2.050771968160414e-09
1939.0 2.0496005371701435e-09
1940.0 2.0484291061798724e-09
1941.0 2.047257675189603e-09
1942.0 2.046086244199332e-09
1943.0 2.0449148132090615e-09
1944.0 2.043743382218791e-09
1945.0 2.0425719512285205e-09
1946.0 2.0414005202382498e-09
1947.0 2.04022908924798e-09
1948.0 2.0390576582577096e-09
1949.0 2.037886227267439e-09
1950.0 2.036714796277168e-09
1951.0 2.035543365286898e-09
1952.0 2.0343719342966276e-09
1953.0 2.0332005033063564e-09
1954.0 2.0320290723160865e-09
1955.0 2.030857641325816e-09
1956.0 2.029686210335546e-09
1957.0 2.0285147793452756e-09
1958.0 2.027343348355005e-09
1959.0 2.0261719173647342e-09
1960.0 2.0250004863744643e-09
1961.0 2.023829055384193e-09
1962.0 2.022657624393923e-09
1963.0 2.0214861934036526e-09
1964.0 2.020314762413382e-09
1965.0 2.019143331423112e-09
1966.0 2.0179719004328417e-09
1967.0 2.016800469442571e-09
1968.0 2.0156290384523007e-09
1969.0 2.0144576074620304e-09
1970.0 2.0132861764717597e-09
1971.0 2.0121147454814894e-09
1972.0 2.0109433144912182e-09
1973.0 2.0097718835009483e-09
1974.0 2.0086004525106785e-09
1975.0 2.0074290215204073e-09
1976.0 2.0062575905301374e-09
1977.0 2.0050861595398667e-09
1978.0 2.003914728549596e-09
1979.0 2.002743297559326e-09
1980.0 2.0015718665690554e-09
1981.0 2.0004004355787843e-09
1982.0 1.9992290045885144e-09
1983.0 1.9980575735982445e-09
1984.0 1.9968861426079734e-09
1985.0 1.9957147116177035e-09
1986.0 1.9945432806274328e-09
1987.0 1.993639469332792e-09
1988.0 1.9927765980116443e-09
1989.0 1.991913726690497e-09
1990.0 1.9910508553693496e-09
1991.0 1.9901879840482023e-09
1992.0 1.9893251127270554e-09
1993.0 1.9884622414059076e-09
1994.0 1.9875993700847603e-09
1995.0 1.9867364987636125e-09
1996.0 1.9858736274424656e-09
1997.0 1.9850107561213183e-09
1998.0 1.984147884800171e-09
1999.0 1.983285013479024e-09
2000.0 1.9824221421578763e-09
2001.0 1.9815592708367285e-09
2002.0 1.980696399515581e-09
2003.0 1.9798335281944343e-09
2004.0 1.9789706568732865e-09
2005.0 1.97810778555214e-09
2006.0 1.9772449142309923e-09
2007.0 1.9763820429098445e-09
2008.0 1.975519171588697e-09
2009.0 1.9746563002675503e-09
2010.0 1.973793428946403e-09
2011.0 1.9729305576252556e-09
2012.0 1.9720676863041083e-09
2013.0 1.971204814982961e-09
2014.0 1.970341943661813e-09
2015.0 1.969479072340666e-09
2016.0 1.968616201019519e-09
2017.0 1.9677533296983716e-09
2018.0 1.9668904583772243e-09
2019.0 1.966027587056077e-09
2020.0 1.965164715734929e-09
2021.0 1.964301844413782e-09
2022.0 1.963438973092635e-09
2023.0 1.962576101771487e-09
2024.0 1.9617132304503402e-09
2025.0 1.960850359129193e-09
2026.0 1.9599874878080456e-09
2027.0 1.959124616486898e-09
2028.0 1.9582617451657505e-09
2029.0 1.9573988738446036e-09
2030.0 1.956536002523456e-09
2031.0 1.9556731312023085e-09
2032.0 1.9548102598811616e-09
2033.0 1.9539473885600142e-09
2034.0 1.9530845172388665e-09
2035.0 1.9522216459177196e-09
2036.0 1.951358774596572e-09
2037.0 1.950495903275424e-09
2038.0 1.949633031954277e-09
2039.0 1.9487701606331302e-09
2040.0 1.9479072893119825e-09
2041.0 1.947044417990835e-09
2042.0 1.9461815466696882e-09
2043.0 1.945318675348541e-09
2044.0 1.9444558040273927e-09
2045.0 1.943592932706246e-09
2046.0 1.9427300613850985e-09
2047.0 1.941867190063951e-09
2048.0 1.941004318742804e-09
2049.0 1.9401414474216565e-09
2050.0 1.9392785761005087e-09
2051.0 1.9384157047793614e-09
2052.0 1.937552833458215e-09
2053.0 1.936689962137067e-09
2054.0 1.9358270908159198e-09
2055.0 1.9349642194947724e-09
2056.0 1.9341013481736247e-09
2057.0 1.9332384768524774e-09
2058.0 1.93237560553133e-09
2059.0 1.9315127342101835e-09
2060.0 1.9306498628890358e-09
2061.0 1.9297869915678884e-09
2062.0 1.928924120246741e-09
2063.0 1.9280612489255933e-09
2064.0 1.927198377604446e-09
2065.0 1.926335506283299e-09
2066.0 1.9254726349621518e-09
2067.0 1.9246097636410044e-09
2068.0 1.923746892319857e-09
2069.0 1.92288402099871e-09
2070.0 1.922021149677562e-09
2071.0 1.9211582783564147e-09
2072.0 1.920295407035268e-09
2073.0 1.9194325357141204e-09
2074.0 1.918569664392973e-09
2075.0 1.9177067930718257e-09
2076.0 1.916843921750678e-09
2077.0 1.9159810504295307e-09
2078.0 1.9151181791083837e-09
2079.0 1.9142553077872364e-09
2080.0 1.9133924364660886e-09
2081.0 1.9125295651449417e-09
2082.0 1.911666693823794e-09
2083.0 1.9108038225026466e-09
2084.0 1.9099409511814993e-09
2085.0 1.9090780798603524e-09
2086.0 1.9082152085392046e-09
2087.0 1.9073523372180577e-09
2088.0 1.9064894658969104e-09
2089.0 1.9056265945757626e-09
2090.0 1.9047637232546153e-09
2091.0 1.9039008519334684e-09
2092.0 1.9030379806123206e-09
2093.0 1.9021751092911733e-09
2094.0 1.9013122379700264e-09
2095.0 1.9004493666488794e-09
2096.0 1.8995864953277313e-09
2097.0 1.898723624006584e-09
2098.0 1.8978607526854366e-09
2099.0 1.8969978813642893e-09
2100.0 1.8961350100431424e-09
2101.0 1.895272138721995e-09
2102.0 1.8944092674008477e-09
2103.0 1.8935463960797e-09
2104.0 1.8926835247585526e-09
2105.0 1.8918206534374053e-09
2106.0 1.890957782116258e-09
2107.0 1.890094910795111e-09
2108.0 1.8892320394739633e-09
2109.0 1.888369168152816e-09
2110.0 1.8875062968316686e-09
2111.0 1.8866434255105213e-09
2112.0 1.885780554189374e-09
2113.0 1.884917682868227e-09
2114.0 1.8840548115470797e-09
2115.0 1.883191940225932e-09
2116.0 1.8823290689047846e-09
2117.0 1.8814661975836373e-09
2118.0 1.88060332626249e-09
2119.0 1.8797404549413426e-09
2120.0 1.8788775836201957e-09
2121.0 1.8780147122990487e-09
2122.0 1.8771518409779006e-09
2123.0 1.876288969656753e-09
2124.0 1.875426098335606e-09
2125.0 1.8745632270144586e-09
2126.0 1.8737003556933116e-09
2127.0 1.8728374843721643e-09
2128.0 1.8719746130510166e-09
2129.0 1.871111741729869e-09
2130.0 1.870248870408722e-09
2131.0 1.8693859990875746e-09
2132.0 1.8685231277664272e-09
2133.0 1.8676602564452803e-09
2134.0 1.8667973851241326e-09
2135.0 1.865934513802985e-09
2136.0 1.8650716424818375e-09
2137.0 1.8642087711606905e-09
2138.0 1.8633458998395432e-09
2139.0 1.862483028518396e-09
2140.0 1.8617617833562813e-09
2141.0 1.8610586723414618e-09
2142.0 1.8603555613266424e-09
2143.0 1.8596524503118238e-09
2144.0 1.8589493392970043e-09
2145.0 1.8582462282821854e-09
2146.0 1.8575431172673663e-09
2147.0 1.8568400062525472e-09
2148.0 1.8561368952377279e-09
2149.0 1.8554337842229092e-09
2150.0 1.8547306732080897e-09
2151.0 1.8540275621932706e-09
2152.0 1.8533244511784513e-09
2153.0 1.8526213401636322e-09
2154.0 1.851918229148813e-09
2155.0 1.8512151181339934e-09
2156.0 1.850512007119175e-09
2157.0 1.8498088961043558e-09
2158.0 1.8491057850895367e-09
2159.0 1.8484026740747172e-09
2160.0 1.8476995630598987e-09
2161.0 1.8469964520450788e-09
2162.0 1.84629334103026e-09
2163.0 1.845590230015441e-09
2164.0 1.8448871190006217e-09
2165.0 1.8441840079858026e-09
2166.0 1.8434808969709835e-09
2167.0 1.8427777859561642e-09
2168.0 1.8420746749413451e-09
2169.0 1.841371563926526e-09
2170.0 1.840668452911706e-09
2171.0 1.8399653418968876e-09
2172.0 1.839262230882068e-09
2173.0 1.8385591198672492e-09
2174.0 1.8378560088524297e-09
2175.0 1.837152897837611e-09
2176.0 1.836449786822792e-09
2177.0 1.8357466758079726e-09
2178.0 1.8350435647931531e-09
2179.0 1.8343404537783344e-09
2180.0 1.8336373427635147e-09
2181.0 1.832934231748696e-09
2182.0 1.8322311207338765e-09
2183.0 1.8315280097190576e-09
2184.0 1.8308248987042381e-09
2185.0 1.8301217876894194e-09
2186.0 1.8294186766746001e-09
2187.0 1.828715565659781e-09
2188.0 1.828012454644962e-09
2189.0 1.8273093436301426e-09
2190.0 1.826606232615324e-09
2191.0 1.8259031216005044e-09
2192.0 1.825200010585685e-09
2193.0 1.824496899570866e-09
2194.0 1.8237937885560465e-09
2195.0 1.8230906775412278e-09
2196.0 1.8223875665264085e-09
2197.0 1.8216844555115894e-09
2198.0 1.8209813444967706e-09
2199.0 1.820278233481951e-09
2200.0 1.8195751224671324e-09
2201.0 1.8188720114523129e-09
2202.0 1.818168900437494e-09
2203.0 1.8174657894226749e-09
2204.0 1.8167626784078558e-09
2205.0 1.8160595673930365e-09
2206.0 1.8153564563782174e-09
2207.0 1.8146533453633983e-09
2208.0 1.813950234348579e-09
2209.0 1.8132471233337595e-09
2210.0 1.8125440123189412e-09
2211.0 1.8118409013041213e-09
2212.0 1.8111377902893024e-09
2213.0 1.8104346792744833e-09
2214.0 1.809731568259664e-09
2215.0 1.8090284572448449e-09
2216.0 1.8083253462300258e-09
2217.0 1.8076222352152067e-09
2218.0 1.806919124200387e-09
2219.0 1.8062160131855683e-09
2220.0 1.8055129021707492e-09
2221.0 1.8048097911559295e-09
2222.0 1.8041066801411108e-09
2223.0 1.8034035691262917e-09
2224.0 1.8027004581114724e-09
2225.0 1.8019973470966533e-09
2226.0 1.8012942360818342e-09
2227.0 1.8005911250670149e-09
2228.0 1.7998880140521954e-09
2229.0 1.7991849030373767e-09
2230.0 1.7984817920225572e-09
2231.0 1.7977786810077383e-09
2232.0 1.7970755699929188e-09
2233.0 1.7963724589781001e-09
2234.0 1.7956693479632804e-09
2235.0 1.7949662369484617e-09
2236.0 1.7942631259336426e-09
2237.0 1.7935600149188233e-09
2238.0 1.7928569039040042e-09
2239.0 1.7921537928891853e-09
2240.0 1.7914506818743662e-09
2241.0 1.7907475708595471e-09
2242.0 1.790044459844728e-09
2243.0 1.7893413488299087e-09
2244.0 1.7886382378150896e-09
2245.0 1.7879351268002705e-09
2246.0 1.7872320157854512e-09
2247.0 1.7865289047706317e-09
2248.0 1.785825793755813e-09
2249.0 1.7851226827409933e-09
2250.0 1.7844195717261746e-09
2251.0 1.7837164607113551e-09
2252.0 1.7830133496965362e-09
2253.0 1.7823102386817171e-09
2254.0 1.781607127666898e-09
2255.0 1.7809040166520787e-09
2256.0 1.7802009056372596e-09
2257.0 1.7794977946224401e-09
2258.0 1.7787946836076215e-09
2259.0 1.7780915725928017e-09
2260.0 1.777388461577983e-09
2261.0 1.7766853505631635e-09
2262.0 1.7759822395483447e-09
2263.0 1.7752791285335256e-09
2264.0 1.7745760175187067e-09
2265.0 1.7738729065038872e-09
2266.0 1.7731697954890676e-09
2267.0 1.772466684474249e-09
2268.0 1.7717635734594297e-09
2269.0 1.7710604624446106e-09
2270.0 1.7703573514297915e-09
2271.0 1.769654240414972e-09
2272.0 1.768951129400153e-09
2273.0 1.768248018385334e-09
2274.0 1.7675449073705149e-09
2275.0 1.7668417963556956e-09
2276.0 1.766138685340876e-09
2277.0 1.7654355743260574e-09
2278.0 1.7647324633112377e-09
2279.0 1.764029352296419e-09
2280.0 1.7633262412815999e-09
2281.0 1.762623130266781e-09
2282.0 1.7619200192519619e-09
2283.0 1.7612169082371428e-09
2284.0 1.7605137972223235e-09
2285.0 1.7598106862075044e-09
2286.0 1.7591075751926849e-09
2287.0 1.758404464177866e-09
2288.0 1.7577013531630465e-09
2289.0 1.7569982421482278e-09
2290.0 1.7562951311334085e-09
2291.0 1.7555920201185894e-09
2292.0 1.7548889091037703e-09
2293.0 1.754185798088951e-09
2294.0 1.753482687074132e-09
2295.0 1.7527795760593124e-09
2296.0 1.7520764650444935e-09
2297.0 1.751373354029674e-09
2298.0 1.7506702430148553e-09
2299.0 1.7499671320000362e-09
2300.0 1.749264020985217e-09
2301.0 1.7485609099703974e-09
2302.0 1.7478577989555787e-09
2303.0 1.7471546879407594e-09
2304.0 1.7464565567966287e-09
2305.0 1.7457941323314737e-09
2306.0 1.7451317078663188e-09
2307.0 1.7444692834011634e-09
2308.0 1.7438068589360088e-09
2309.0 1.7431444344708539e-09
2310.0 1.7424820100056989e-09
2311.0 1.741819585540544e-09
2312.0 1.741157161075389e-09
2313.0 1.740494736610234e-09
2314.0 1.739832312145079e-09
2315.0 1.7391698876799245e-09
2316.0 1.7385074632147693e-09
2317.0 1.7378450387496143e-09
2318.0 1.7371826142844594e-09
2319.0 1.7365201898193044e-09
2320.0 1.735857765354149e-09
2321.0 1.7351953408889945e-09
2322.0 1.734532916423839e-09
2323.0 1.7338704919586845e-09
2324.0 1.7332080674935292e-09
2325.0 1.7325456430283746e-09
2326.0 1.7318832185632196e-09
2327.0 1.7312207940980647e-09
2328.0 1.7305583696329097e-09
2329.0 1.7298959451677547e-09
2330.0 1.7292335207025994e-09
2331.0 1.7285710962374448e-09
2332.0 1.7279086717722894e-09
2333.0 1.7272462473071349e-09
2334.0 1.7265838228419795e-09
2335.0 1.7259213983768247e-09
2336.0 1.72525897391167e-09
2337.0 1.7245965494465148e-09
2338.0 1.7239341249813596e-09
2339.0 1.7232717005162049e-09
2340.0 1.7226092760510501e-09
2341.0 1.721946851585895e-09
2342.0 1.72128442712074e-09
2343.0 1.7206220026555848e-09
2344.0 1.7199595781904296e-09
2345.0 1.7192971537252749e-09
2346.0 1.7186347292601197e-09
2347.0 1.7179723047949651e-09
2348.0 1.71730988032981e-09
2349.0 1.7166474558646552e-09
2350.0 1.7159850313995006e-09
2351.0 1.7153226069343453e-09
2352.0 1.7146601824691903e-09
2353.0 1.7139977580040355e-09
2354.0 1.7133353335388804e-09
2355.0 1.7126729090737256e-09
2356.0 1.7120104846085704e-09
2357.0 1.7113480601434155e-09
2358.0 1.7106856356782605e-09
2359.0 1.7100232112131053e-09
2360.0 1.7093607867479506e-09
2361.0 1.7086983622827954e-09
2362.0 1.7080359378176404e-09
2363.0 1.7073735133524857e-09
2364.0 1.7067110888873305e-09
2365.0 1.7060486644221757e-09
2366.0 1.7053862399570208e-09
2367.0 1.7047238154918656e-09
2368.0 1.7040613910267108e-09
2369.0 1.7033989665615557e-09
2370.0 1.702736542096401e-09
2371.0 1.7020741176312457e-09
2372.0 1.7014116931660908e-09
2373.0 1.700749268700936e-09
2374.0 1.7000868442357812e-09
2375.0 1.699424419770626e-09
2376.0 1.6987619953054711e-09
2377.0 1.6980995708403161e-09
2378.0 1.697437146375161e-09
2379.0 1.6967747219100062e-09
2380.0 1.6961122974448512e-09
2381.0 1.695449872979696e-09
2382.0 1.6947874485145413e-09
2383.0 1.6941250240493861e-09
2384.0 1.6934625995842314e-09
2385.0 1.6928001751190764e-09
2386.0 1.6921377506539212e-09
2387.0 1.6914753261887665e-09
2388.0 1.6908129017236113e-09
2389.0 1.6901504772584565e-09
2390.0 1.6894880527933016e-09
2391.0 1.6888256283281464e-09
2392.0 1.6881632038629916e-09
2393.0 1.6875007793978369e-09
2394.0 1.6868383549326817e-09
2395.0 1.6861759304675265e-09
2396.0 1.6855135060023716e-09
2397.0 1.6848510815372166e-09
2398.0 1.6841886570720614e-09
2399.0 1.6835262326069067e-09
2400.0 1.6828638081417517e-09
2401.0 1.682201383676597e-09
2402.0 1.6815389592114418e-09
2403.0 1.680876534746287e-09
2404.0 1.680214110281132e-09
2405.0 1.679551685815977e-09
2406.0 1.6788892613508221e-09
2407.0 1.678226836885667e-09
2408.0 1.6775644124205118e-09
2409.0 1.6769019879553574e-09
2410.0 1.6762395634902023e-09
2411.0 1.6755771390250473e-09
2412.0 1.6749147145598921e-09
2413.0 1.6742522900947374e-09
2414.0 1.6735898656295822e-09
2415.0 1.6729274411644274e-09
2416.0 1.6722650166992723e-09
2417.0 1.6716025922341175e-09
2418.0 1.6709401677689623e-09
2419.0 1.6702777433038071e-09
2420.0 1.6696153188386524e-09
2421.0 1.6689528943734972e-09
2422.0 1.6682904699083427e-09
2423.0 1.6676280454431875e-09
2424.0 1.6669656209780327e-09
2425.0 1.6663031965128776e-09
2426.0 1.6656407720477226e-09
2427.0 1.6649783475825678e-09
2428.0 1.664315923117413e-09
2429.0 1.6636534986522579e-09
2430.0 1.662991074187103e-09
2431.0 1.6623286497219478e-09
2432.0 1.661666225256793e-09
2433.0 1.6610038007916378e-09
2434.0 1.660341376326483e-09
2435.0 1.6596789518613279e-09
2436.0 1.6590165273961731e-09
2437.0 1.658354102931018e-09
2438.0 1.6576916784658632e-09
2439.0 1.657029254000708e-09
2440.0 1.656366829535553e-09
2441.0 1.6557044050703983e-09
2442.0 1.6550419806052427e-09
2443.0 1.654379556140088e-09
2444.0 1.6537171316749334e-09
2445.0 1.653054707209778e-09
2446.0 1.652392282744623e-09
2447.0 1.6517298582794687e-09
2448.0 1.6510674338143135e-09
2449.0 1.6504050093491584e-09
2450.0 1.6497425848840034e-09
2451.0 1.6490801604188482e-09
2452.0 1.6484177359536935e-09
2453.0 1.6477553114885387e-09
2454.0 1.6470928870233837e-09
2455.0 1.6464304625582286e-09
2456.0 1.6457680380930736e-09
2457.0 1.6451056136279184e-09
2458.0 1.6444431891627637e-09
2459.0 1.6437807646976085e-09
2460.0 1.6431183402324535e-09
2461.0 1.6424559157672988e-09
2462.0 1.6417934913021436e-09
2463.0 1.6411310668369888e-09
2464.0 1.6404686423718339e-09
2465.0 1.6398062179066787e-09
2466.0 1.639143793441524e-09
2467.0 1.6384813689763688e-09
2468.0 1.637818944511214e-09
2469.0 1.6371565200460588e-09
2470.0 1.636494095580904e-09
2471.0 1.6358316711157495e-09
2472.0 1.6351692466505943e-09
2473.0 1.6345068221854392e-09
2474.0 1.6338443977202844e-09
2475.0 1.6331819732551292e-09
2476.0 1.632519548789974e-09
2477.0 1.6318571243248193e-09
2478.0 1.6311946998596641e-09
2479.0 1.6305322753945094e-09
2480.0 1.6298698509293544e-09
2481.0 1.6292074264641992e-09
2482.0 1.6286382742582789e-09
2483.0 1.6281155976568686e-09
2484.0 1.627592921055459e-09
2485.0 1.627070244454049e-09
2486.0 1.6265475678526394e-09
2487.0 1.6260248912512298e-09
2488.0 1.6255022146498198e-09
2489.0 1.6249795380484097e-09
2490.0 1.624456861447e-09
2491.0 1.6239341848455901e-09
2492.0 1.6234115082441803e-09
2493.0 1.6228888316427705e-09
2494.0 1.6223661550413607e-09
2495.0 1.621843478439951e-09
2496.0 1.6213208018385415e-09
2497.0 1.6207981252371312e-09
2498.0 1.6202754486357214e-09
2499.0 1.6197527720343118e-09
2500.0 1.6192300954329018e-09
2501.0 1.6187074188314922e-09
2502.0 1.6181847422300821e-09
2503.0 1.6176620656286725e-09
2504.0 1.6171393890272627e-09
2505.0 1.616616712425853e-09
2506.0 1.616094035824443e-09
2507.0 1.6155713592230333e-09
2508.0 1.6150486826216235e-09
2509.0 1.6145260060202136e-09
2510.0 1.6140033294188038e-09
2511.0 1.613480652817394e-09
2512.0 1.6129579762159842e-09
2513.0 1.6124352996145742e-09
2514.0 1.6119126230131646e-09
2515.0 1.6113899464117545e-09
2516.0 1.610867269810345e-09
2517.0 1.610344593208935e-09
2518.0 1.6098219166075253e-09
2519.0 1.6092992400061153e-09
2520.0 1.6087765634047057e-09
2521.0 1.608253886803296e-09
2522.0 1.6077312102018858e-09
2523.0 1.607208533600476e-09
2524.0 1.6066858569990662e-09
2525.0 1.6061631803976564e-09
2526.0 1.605640503796247e-09
2527.0 1.6051178271948368e-09
2528.0 1.604595150593427e-09
2529.0 1.6040724739920173e-09
2530.0 1.6035497973906073e-09
2531.0 1.6030271207891977e-09
2532.0 1.6025044441877877e-09
2533.0 1.601981767586378e-09
2534.0 1.6014590909849685e-09
2535.0 1.6009364143835584e-09
2536.0 1.6004137377821484e-09
2537.0 1.5998910611807388e-09
2538.0 1.599368384579329e-09
2539.0 1.5988457079779192e-09
2540.0 1.5983230313765094e-09
2541.0 1.5978003547750996e-09
2542.0 1.5972776781736897e-09
2543.0 1.59675500157228e-09
2544.0 1.5962323249708701e-09
2545.0 1.59570964836946e-09
2546.0 1.5951869717680505e-09
2547.0 1.5946642951666409e-09
2548.0 1.5941416185652308e-09
2549.0 1.5936189419638208e-09
2550.0 1.5930962653624112e-09
2551.0 1.5925735887610012e-09
2552.0 1.5920509121595916e-09
2553.0 1.5915282355581816e-09
2554.0 1.591005558956772e-09
2555.0 1.590482882355362e-09
2556.0 1.5899602057539521e-09
2557.0 1.5894375291525423e-09
2558.0 1.5889148525511325e-09
2559.0 1.5883921759497227e-09
2560.0 1.5878694993483129e-09
2561.0 1.587346822746903e-09
2562.0 1.5868241461454932e-09
2563.0 1.5863014695440834e-09
2564.0 1.5857787929426736e-09
2565.0 1.5852561163412638e-09
2566.0 1.584733439739854e-09
2567.0 1.584210763138444e-09
2568.0 1.5836880865370343e-09
2569.0 1.5831654099356243e-09
2570.0 1.5826427333342147e-09
2571.0 1.5821200567328047e-09
2572.0 1.581597380131395e-09
2573.0 1.581074703529985e-09
2574.0 1.5805520269285754e-09
2575.0 1.5800293503271654e-09
2576.0 1.5795066737257556e-09
2577.0 1.5789839971243458e-09
2578.0 1.5784613205229362e-09
2579.0 1.5779386439215264e-09
2580.0 1.5774159673201165e-09
2581.0 1.5768932907187067e-09
2582.0 1.576370614117297e-09
2583.0 1.575847937515887e-09
2584.0 1.5753252609144773e-09
2585.0 1.5748025843130673e-09
2586.0 1.5742799077116576e-09
2587.0 1.5737572311102478e-09
2588.0 1.573234554508838e-09
2589.0 1.5727118779074282e-09
2590.0 1.5721892013060182e-09
2591.0 1.5716665247046086e-09
2592.0 1.5711438481031985e-09
2593.0 1.570621171501789e-09
2594.0 1.570098494900379e-09
2595.0 1.5695758182989693e-09
2596.0 1.5690531416975593e-09
2597.0 1.5685304650961497e-09
2598.0 1.5680077884947397e-09
2599.0 1.5674851118933298e-09
2600.0 1.5669624352919204e-09
2601.0 1.5664397586905102e-09
2602.0 1.5659170820891004e-09
2603.0 1.5653944054876906e-09
2604.0 1.564871728886281e-09
2605.0 1.564349052284871e-09
2606.0 1.5638263756834611e-09
2607.0 1.5633036990820517e-09
2608.0 1.5627810224806415e-09
2609.0 1.562258345879232e-09
2610.0 1.561735669277822e-09
2611.0 1.561212992676412e-09
2612.0 1.5606903160750024e-09
2613.0 1.5601676394735926e-09
2614.0 1.5596449628721824e-09
2615.0 1.5591222862707728e-09
2616.0 1.5585996096693628e-09
2617.0 1.5580769330679534e-09
2618.0 1.5575542564665431e-09
2619.0 1.5570315798651335e-09
2620.0 1.556508903263724e-09
2621.0 1.5559862266623141e-09
2622.0 1.5554635500609039e-09
2623.0 1.5549408734594945e-09
2624.0 1.5544181968580842e-09
2625.0 1.5538955202566748e-09
2626.0 1.5533728436552648e-09
2627.0 1.5528501670538552e-09
2628.0 1.5523274904524452e-09
2629.0 1.5518048138510352e-09
2630.0 1.5512821372496256e-09
2631.0 1.550759460648216e-09
2632.0 1.550236784046806e-09
2633.0 1.5497141074453961e-09
2634.0 1.5491914308439863e-09
2635.0 1.5486687542425765e-09
2636.0 1.5481460776411667e-09
2637.0 1.5476234010397573e-09
2638.0 1.547100724438347e-09
2639.0 1.5465780478369372e-09
2640.0 1.5460553712355274e-09
2641.0 1.5455326946341176e-09
2642.0 1.5450100180327078e-09
2643.0 1.544487341431298e-09
2644.0 1.543964664829888e-09
2645.0 1.5434419882284783e-09
2646.0 1.5429193116270687e-09
2647.0 1.5423966350256587e-09
2648.0 1.5418739584242487e-09
2649.0 1.541351281822839e-09
2650.0 1.540828605221429e-09
2651.0 1.5403059286200194e-09
2652.0 1.5397832520186094e-09
2653.0 1.5392605754172e-09
2654.0 1.5387378988157898e-09
2655.0 1.53821522221438e-09
2656.0 1.5376925456129704e-09
2657.0 1.5371698690115608e-09
2658.0 1.5366471924101507e-09
2659.0 1.5361245158087411e-09
2660.0 1.535601839207331e-09
2661.0 1.5350791626059215e-09
2662.0 1.5345564860045115e-09
2663.0 1.5340338094031019e-09
2664.0 1.5335111328016918e-09
2665.0 1.532988456200282e-09
2666.0 1.5324657795988722e-09
2667.0 1.5319431029974624e-09
2668.0 1.5314204263960522e-09
2669.0 1.5308977497946428e-09
2670.0 1.530375073193233e-09
2671.0 1.5298523965918231e-09
2672.0 1.5293297199904133e-09
2673.0 1.5288560301164006e-09
2674.0 1.5284233871788796e-09
2675.0 1.5279907442413585e-09
2676.0 1.5275581013038373e-09
2677.0 1.5271254583663163e-09
2678.0 1.5266928154287952e-09
2679.0 1.526260172491274e-09
2680.0 1.525827529553753e-09
2681.0 1.525394886616232e-09
2682.0 1.5249622436787107e-09
2683.0 1.5245296007411898e-09
2684.0 1.5240969578036686e-09
2685.0 1.5236643148661475e-09
2686.0 1.5232316719286263e-09
2687.0 1.522799028991105e-09
2688.0 1.522366386053584e-09
2689.0 1.5219337431160628e-09
2690.0 1.5215011001785417e-09
2691.0 1.521068457241021e-09
2692.0 1.5206358143034993e-09
2693.0 1.5202031713659782e-09
2694.0 1.5197705284284572e-09
2695.0 1.5193378854909363e-09
2696.0 1.518905242553415e-09
2697.0 1.518472599615894e-09
2698.0 1.5180399566783724e-09
2699.0 1.5176073137408516e-09
2700.0 1.5171746708033307e-09
2701.0 1.5167420278658097e-09
2702.0 1.5163093849282886e-09
2703.0 1.5158767419907674e-09
2704.0 1.5154440990532462e-09
2705.0 1.515011456115725e-09
2706.0 1.5145788131782041e-09
2707.0 1.514146170240683e-09
2708.0 1.5137135273031616e-09
2709.0 1.5132808843656404e-09
2710.0 1.5128482414281193e-09
2711.0 1.5124155984905983e-09
2712.0 1.5119829555530772e-09
2713.0 1.5115503126155564e-09
2714.0 1.511117669678035e-09
2715.0 1.5106850267405139e-09
2716.0 1.5102523838029927e-09
2717.0 1.5098197408654718e-09
2718.0 1.5093870979279506e-09
2719.0 1.5089544549904295e-09
2720.0 1.5085218120529079e-09
2721.0 1.5080891691153871e-09
2722.0 1.5076565261778662e-09
2723.0 1.5072238832403452e-09
2724.0 1.506791240302824e-09
2725.0 1.5063585973653025e-09
2726.0 1.5059259544277817e-09
2727.0 1.5054933114902606e-09
2728.0 1.5050606685527394e-09
2729.0 1.5046280256152183e-09
2730.0 1.5041953826776975e-09
2731.0 1.503762739740176e-09
2732.0 1.5033300968026548e-09
2733.0 1.5028974538651336e-09
2734.0 1.5024648109276127e-09
2735.0 1.5020321679900915e-09
2736.0 1.5015995250525703e-09
2737.0 1.5011668821150492e-09
2738.0 1.5007342391775282e-09
2739.0 1.500301596240007e-09
2740.0 1.4998689533024861e-09
2741.0 1.499436310364965e-09
2742.0 1.4990036674274438e-09
2743.0 1.4985710244899228e-09
2744.0 1.4981383815524017e-09
2745.0 1.4977057386148805e-09
2746.0 1.4972730956773596e-09
2747.0 1.4968404527398384e-09
2748.0 1.4964078098023172e-09
2749.0 1.4959751668647959e-09
2750.0 1.4955425239272747e-09
2751.0 1.4951098809897538e-09
2752.0 1.494677238052233e-09
2753.0 1.4942445951147119e-09
2754.0 1.4938119521771903e-09
2755.0 1.4933793092396693e-09
2756.0 1.4929466663021482e-09
2757.0 1.4925140233646272e-09
2758.0 1.492081380427106e-09
2759.0 1.4916487374895845e-09
2760.0 1.4912160945520637e-09
2761.0 1.4907834516145426e-09
2762.0 1.4903508086770216e-09
2763.0 1.4899181657395007e-09
2764.0 1.489485522801979e-09
2765.0 1.4890528798644583e-09
2766.0 1.4886202369269372e-09
2767.0 1.488187593989416e-09
2768.0 1.487754951051895e-09
2769.0 1.4873223081143741e-09
2770.0 1.4868896651768525e-09
2771.0 1.4864570222393314e-09
2772.0 1.4860243793018102e-09
2773.0 1.4855917363642893e-09
2774.0 1.485159093426768e-09
2775.0 1.484726450489247e-09
2776.0 1.4842938075517258e-09
2777.0 1.4838611646142048e-09
2778.0 1.4834285216766835e-09
2779.0 1.4829958787391627e-09
2780.0 1.4825632358016415e-09
2781.0 1.4821305928641204e-09
2782.0 1.4816979499265992e-09
2783.0 1.481265306989078e-09
2784.0 1.480832664051557e-09
2785.0 1.4804000211140362e-09
2786.0 1.479967378176515e-09
2787.0 1.4795347352389938e-09
2788.0 1.4791020923014727e-09
2789.0 1.4786694493639515e-09
2790.0 1.4782368064264304e-09
2791.0 1.4778041634889096e-09
2792.0 1.477371520551388e-09
2793.0 1.4769388776138669e-09
2794.0 1.4765062346763457e-09
2795.0 1.4760735917388246e-09
2796.0 1.4756409488013038e-09
2797.0 1.4752083058637826e-09
2798.0 1.4747756629262613e-09
2799.0 1.4743430199887403e-09
2800.0 1.4739103770512192e-09
2801.0 1.473477734113698e-09
2802.0 1.473045091176177e-09
2803.0 1.4726124482386559e-09
2804.0 1.4721798053011347e-09
2805.0 1.4717471623636136e-09
2806.0 1.4713145194260926e-09
2807.0 1.4708818764885715e-09
2808.0 1.4704492335510505e-09
2809.0 1.4700165906135293e-09
2810.0 1.4695839476760082e-09
2811.0 1.4691513047384868e-09
2812.0 1.4687186618009656e-09
2813.0 1.4682860188634447e-09
2814.0 1.4678533759259235e-09
2815.0 1.4674207329884024e-09
2816.0 1.4669880900508816e-09
2817.0 1.46655544711336e-09
2818.0 1.466122804175839e-09
2819.0 1.465690161238318e-09
2820.0 1.465257518300797e-09
2821.0 1.4648248753632754e-09
2822.0 1.4643922324257547e-09
2823.0 1.4639595894882335e-09
2824.0 1.4635269465507123e-09
2825.0 1.4630943036131914e-09
2826.0 1.46266166067567e-09
2827.0 1.4622290177381493e-09
2828.0 1.4617963748006281e-09
2829.0 1.461363731863107e-09
2830.0 1.4609310889255858e-09
2831.0 1.4604984459880648e-09
2832.0 1.4600658030505435e-09
2833.0 1.4596331601130223e-09
2834.0 1.4592005171755011e-09
2835.0 1.45876787423798e-09
2836.0 1.458335231300459e-09
2837.0 1.4579025883629379e-09
2838.0 1.457469945425417e-09
2839.0 1.4570373024878958e-09
2840.0 1.4566046595503746e-09
2841.0 1.4561720166128534e-09
2842.0 1.4557393736753325e-09
2843.0 1.4553067307378113e-09
2844.0 1.4548740878002902e-09
2845.0 1.454441444862769e-09
2846.0 1.4540088019252478e-09
2847.0 1.4535761589877269e-09
2848.0 1.453143516050206e-09
2849.0 1.4527108731126848e-09
2850.0 1.4522782301751636e-09
2851.0 1.451845587237642e-09
2852.0 1.4514129443001213e-09
2853.0 1.4509803013626001e-09
2854.0 1.450547658425079e-09
2855.0 1.4501150154875582e-09
2856.0 1.4496823725500366e-09
2857.0 1.4492497296125155e-09
2858.0 1.4488170866749945e-09
2859.0 1.4483844437374736e-09
2860.0 1.4479518007999522e-09
2861.0 1.4475191578624313e-09
2862.0 1.4470865149249097e-09
2863.0 1.446653871987389e-09
2864.0 1.446221229049868e-09
2865.0 1.4457885861123468e-09
2866.0 1.4453559431748257e-09
2867.0 1.4449233002373045e-09
2868.0 1.4444906572997835e-09
2869.0 1.4440580143622624e-09
2870.0 1.4436253714247414e-09
2871.0 1.4431927284872203e-09
2872.0 1.4427600855496991e-09
2873.0 1.4423274426121777e-09
2874.0 1.4418947996746566e-09
2875.0 1.4414621567371356e-09
2876.0 1.4410295137996145e-09
2877.0 1.4405968708620937e-09
2878.0 1.4401642279245726e-09
2879.0 1.4397444931255377e-09
2880.0 1.439330301468126e-09
2881.0 1.4389161098107143e-09
2882.0 1.4385019181533026e-09
2883.0 1.4380877264958906e-09
2884.0 1.437673534838479e-09
2885.0 1.4372593431810672e-09
2886.0 1.4368451515236557e-09
2887.0 1.436430959866244e-09
2888.0 1.4360167682088325e-09
2889.0 1.4356025765514207e-09
2890.0 1.4351883848940086e-09
2891.0 1.434774193236597e-09
2892.0 1.4343600015791854e-09
2893.0 1.4339458099217737e-09
2894.0 1.4335316182643622e-09
2895.0 1.4331174266069505e-09
2896.0 1.4327032349495387e-09
2897.0 1.4322890432921268e-09
2898.0 1.431874851634715e-09
2899.0 1.4314606599773034e-09
2900.0 1.4310464683198917e-09
2901.0 1.4306322766624802e-09
2902.0 1.4302180850050689e-09
2903.0 1.429803893347657e-09
2904.0 1.429389701690245e-09
2905.0 1.4289755100328335e-09
2906.0 1.4285613183754216e-09
2907.0 1.42814712671801e-09
2908.0 1.4277329350605982e-09
2909.0 1.4273187434031866e-09
2910.0 1.4269045517457753e-09
2911.0 1.4264903600883632e-09
2912.0 1.4260761684309515e-09
2913.0 1.4256619767735398e-09
2914.0 1.4252477851161283e-09
2915.0 1.4248335934587163e-09
2916.0 1.4244194018013046e-09
2917.0 1.424005210143893e-09
2918.0 1.4235910184864814e-09
2919.0 1.4231768268290697e-09
2920.0 1.422762635171658e-09
2921.0 1.4223484435142463e-09
2922.0 1.4219342518568345e-09
2923.0 1.421520060199423e-09
2924.0 1.421105868542011e-09
2925.0 1.4206916768845994e-09
2926.0 1.4202774852271877e-09
2927.0 1.419863293569776e-09
2928.0 1.4194491019123645e-09
2929.0 1.4190349102549527e-09
2930.0 1.418620718597541e-09
2931.0 1.4182065269401293e-09
2932.0 1.4177923352827174e-09
2933.0 1.417378143625306e-09
2934.0 1.416963951967894e-09
2935.0 1.4165497603104822e-09
2936.0 1.416135568653071e-09
2937.0 1.4157213769956592e-09
2938.0 1.415307185338247e-09
2939.0 1.4148929936808354e-09
2940.0 1.4144788020234239e-09
2941.0 1.4140646103660126e-09
2942.0 1.4136504187086004e-09
2943.0 1.4132362270511887e-09
2944.0 1.4128220353937772e-09
2945.0 1.4124078437363657e-09
2946.0 1.4119936520789536e-09
2947.0 1.4115794604215419e-09
2948.0 1.4111652687641301e-09
2949.0 1.410751077106719e-09
2950.0 1.410336885449307e-09
2951.0 1.4099226937918952e-09
2952.0 1.4095085021344835e-09
2953.0 1.409094310477072e-09
2954.0 1.4086801188196603e-09
2955.0 1.4082659271622483e-09
2956.0 1.4078517355048366e-09
2957.0 1.4074375438474251e-09
2958.0 1.4070233521900134e-09
2959.0 1.4066091605326013e-09
2960.0 1.40619496887519e-09
2961.0 1.4057807772177783e-09
2962.0 1.4053665855603667e-09
2963.0 1.404952393902955e-09
2964.0 1.4045382022455431e-09
2965.0 1.4041240105881314e-09
2966.0 1.4037098189307197e-09
2967.0 1.403295627273308e-09
2968.0 1.4028814356158965e-09
2969.0 1.4024672439584847e-09
2970.0 1.402053052301073e-09
2971.0 1.4016388606436615e-09
2972.0 1.4012246689862498e-09
2973.0 1.4008104773288377e-09
2974.0 1.400396285671426e-09
2975.0 1.3999820940140144e-09
2976.0 1.399567902356603e-09
2977.0 1.3991537106991912e-09
2978.0 1.3987395190417795e-09
2979.0 1.398325327384368e-09
2980.0 1.3979111357269559e-09
2981.0 1.3974969440695444e-09
2982.0 1.3970827524121324e-09
2983.0 1.396668560754721e-09
2984.0 1.3962543690973094e-09
2985.0 1.3958401774398975e-09
2986.0 1.395425985782486e-09
2987.0 1.395011794125074e-09
2988.0 1.3945976024676623e-09
2989.0 1.3941834108102508e-09
2990.0 1.393769219152839e-09
2991.0 1.3933550274954274e-09
2992.0 1.3929408358380157e-09
2993.0 1.3925266441806042e-09
2994.0 1.3921124525231923e-09
2995.0 1.3916982608657803e-09
2996.0 1.3912840692083686e-09
2997.0 1.3908698775509573e-09
2998.0 1.3904556858935454e-09
2999.0 1.3900414942361339e-09
3000.0 1.3896273025787222e-09
3001.0 1.3892131109213105e-09
3002.0 1.3887989192638985e-09
3003.0 1.388384727606487e-09
3004.0 1.3879705359490751e-09
3005.0 1.3875563442916636e-09
3006.0 1.3871421526342519e-09
3007.0 1.38672796097684e-09
3008.0 1.3863137693194282e-09
3009.0 1.3858995776620167e-09
3010.0 1.385485386004605e-09
3011.0 1.3850711943471935e-09
3012.0 1.3846570026897818e-09
3013.0 1.38424281103237e-09
3014.0 1.3838286193749584e-09
3015.0 1.3834144277175464e-09
3016.0 1.3830002360601347e-09
3017.0 1.3825860444027232e-09
3018.0 1.3821718527453113e-09
3019.0 1.3817576610879e-09
3020.0 1.381343469430488e-09
3021.0 1.3809292777730766e-09
3022.0 1.3805150861156646e-09
3023.0 1.3801008944582531e-09
3024.0 1.3796867028008412e-09
3025.0 1.3792725111434295e-09
3026.0 1.3788583194860178e-09
3027.0 1.3784441278286063e-09
3028.0 1.3780299361711946e-09
3029.0 1.377615744513783e-09
3030.0 1.3772015528563711e-09
3031.0 1.3767873611989594e-09
3032.0 1.3763731695415479e-09
3033.0 1.375958977884136e-09
3034.0 1.3755447862267243e-09
3035.0 1.3751305945693123e-09
3036.0 1.374716402911901e-09
3037.0 1.3743022112544895e-09
3038.0 1.3738880195970776e-09
3039.0 1.3734738279396659e-09
3040.0 1.3730596362822542e-09
3041.0 1.3726454446248425e-09
3042.0 1.372231252967431e-09
3043.0 1.371817061310019e-09
3044.0 1.3714028696526073e-09
3045.0 1.3709886779951956e-09
3046.0 1.3705744863377839e-09
3047.0 1.3701602946803724e-09
3048.0 1.3697461030229607e-09
3049.0 1.369331911365549e-09
3050.0 1.3689177197081372e-09
3051.0 1.3685035280507255e-09
3052.0 1.3680893363933138e-09
3053.0 1.3676751447359019e-09
3054.0 1.3672609530784904e-09
3055.0 1.3668467614210789e-09
3056.0 1.3664325697636667e-09
3057.0 1.3660183781062552e-09
3058.0 1.3656041864488437e-09
3059.0 1.365189994791432e-09
3060.0 1.3647758031340205e-09
3061.0 1.3643616114766086e-09
3062.0 1.3639474198191968e-09
3063.0 1.3635332281617851e-09
3064.0 1.3631190365043732e-09
3065.0 1.3627048448469617e-09
3066.0 1.36229065318955e-09
3067.0 1.3618764615321385e-09
3068.0 1.3614622698747265e-09
3069.0 1.3610480782173148e-09
3070.0 1.3606338865599027e-09
3071.0 1.3602196949024916e-09
3072.0 1.3598055032450799e-09
3073.0 1.3593913115876682e-09
3074.0 1.3589771199302565e-09
3075.0 1.3585629282728447e-09
3076.0 1.3581487366154328e-09
3077.0 1.3577345449580213e-09
3078.0 1.3573203533006094e-09
3079.0 1.356906161643198e-09
3080.0 1.3564919699857864e-09
3081.0 1.3560777783283747e-09
3082.0 1.355663586670963e-09
3083.0 1.3552493950135508e-09
3084.0 1.3548352033561393e-09
3085.0 1.3544210116987276e-09
3086.0 1.3540068200413159e-09
3087.0 1.3535926283839046e-09
3088.0 1.3531784367264926e-09
3089.0 1.3527642450690811e-09
3090.0 1.3523500534116692e-09
3091.0 1.3519358617542573e-09
3092.0 1.3515216700968458e-09
3093.0 1.351107478439434e-09
3094.0 1.3506932867820224e-09
3095.0 1.350279095124611e-09
3096.0 1.349864903467199e-09
3097.0 1.3494507118097874e-09
3098.0 1.3490365201523757e-09
3099.0 1.3486223284949638e-09
3100.0 1.3482081368375523e-09
