2.0 8.593904795554648e-07
3.0 1.1322388006922716e-06
4.0 1.3723471684715265e-06
5.0 1.5819885722724089e-06
6.0 1.7647159931083428e-06
7.0 1.922410213456945e-06
8.0 2.057366022155285e-06
9.0 2.1737262638341433e-06
10.0 2.2717133787974576e-06
11.0 2.3544680515618364e-06
12.0 2.422542613205311e-06
13.0 2.475636784218015e-06
14.0 2.5174409133009918e-06
15.0 2.5496566723179663e-06
16.0 2.57034773610983e-06
17.0 2.579577913860941e-06
18.0 2.5818901918207384e-06
19.0 2.5776351482153815e-06
20.0 2.567555897839568e-06
21.0 2.547967998338531e-06
22.0 2.5254714920477304e-06
23.0 2.5001738456578474e-06
24.0 2.4700590178828186e-06
25.0 2.438774854757849e-06
26.0 2.4029779273525078e-06
27.0 2.3669062467325104e-06
28.0 2.329292049046646e-06
29.0 2.2916301058108215e-06
30.0 2.2534418678849472e-06
31.0 2.215253629959074e-06
32.0 2.1772247684896123e-06
33.0 2.139222746018151e-06
34.0 2.101726644573941e-06
35.0 2.064831643436525e-06
36.0 2.027936642299109e-06
37.0 1.9925897060765666e-06
38.0 1.9574672036986985e-06
39.0 1.9225748221390184e-06
40.0 1.8899881975777035e-06
41.0 1.8574015730163883e-06
42.0 1.8250076444323928e-06
43.0 1.794475760939247e-06
44.0 1.7639438774461005e-06
45.0 1.733411993952954e-06
46.0 1.7046555532074102e-06
47.0 1.6761738898754566e-06
48.0 1.6476922265435026e-06
49.0 1.6202432253852022e-06
50.0 1.5944124577986169e-06
51.0 1.5685816902120316e-06
52.0 1.542750922625446e-06
53.0 1.5182961457403723e-06
54.0 1.4945975138961027e-06
55.0 1.4708988820518326e-06
56.0 1.4472002502075624e-06
57.0 1.4245275300969302e-06
58.0 1.4025031206409481e-06
59.0 1.3804787111849659e-06
60.0 1.3584543017289834e-06
61.0 1.3370514400126071e-06
62.0 1.3173327122773069e-06
63.0 1.2976139845420068e-06
64.0 1.2778952568067064e-06
65.0 1.2581765290714061e-06
66.0 1.2396287341060223e-06
67.0 1.2218884584157394e-06
68.0 1.2041481827254565e-06
69.0 1.1864079070351737e-06
70.0 1.168667631344891e-06
71.0 1.1517047866806957e-06
72.0 1.135368287632245e-06
73.0 1.1190317885837943e-06
74.0 1.1026952895353435e-06
75.0 1.0863587904868926e-06
76.0 1.0702619923753137e-06
77.0 1.0558020656232749e-06
78.0 1.0413421388712372e-06
79.0 1.0268822121191984e-06
80.0 1.0124222853671605e-06
81.0 9.979623586151224e-07
82.0 9.839852372929425e-07
83.0 9.712270561878349e-07
84.0 9.58468875082727e-07
85.0 9.457106939776192e-07
86.0 9.329525128725117e-07
87.0 9.201943317674041e-07
88.0 9.074361506622964e-07
89.0 8.958840539484115e-07
90.0 8.843446844933035e-07
91.0 8.728053150381952e-07
92.0 8.612659455830871e-07
93.0 8.49726576127979e-07
94.0 8.381872066728708e-07
95.0 8.269488446287967e-07
96.0 8.168387634615776e-07
97.0 8.067286822943579e-07
98.0 7.966186011271385e-07
99.0 7.86508519959919e-07
100.0 7.763984387926996e-07
101.0 7.662883576254801e-07
102.0 7.561782764582605e-07
103.0 7.473745056232672e-07
104.0 7.387007263200817e-07
105.0 7.300269470168964e-07
106.0 7.213531677137114e-07
107.0 7.126793884105259e-07
108.0 7.040056091073409e-07
109.0 6.953318298041553e-07
110.0 6.867001256444458e-07
111.0 6.789404640102221e-07
112.0 6.711808023759986e-07
113.0 6.634211407417749e-07
114.0 6.556614791075512e-07
115.0 6.479018174733276e-07
116.0 6.401421558391041e-07
117.0 6.323824942048804e-07
118.0 6.246228325706568e-07
119.0 6.174741513453358e-07
120.0 6.107735993668684e-07
121.0 6.040730473884007e-07
122.0 5.973724954099333e-07
123.0 5.906719434314657e-07
124.0 5.839713914529981e-07
125.0 5.772708394745307e-07
126.0 5.705702874960631e-07
127.0 5.638697355175955e-07
128.0 5.576715535975174e-07
129.0 5.520741356105767e-07
130.0 5.464767176236357e-07
131.0 5.40879299636695e-07
132.0 5.352818816497544e-07
133.0 5.296844636628136e-07
134.0 5.240870456758728e-07
135.0 5.184896276889322e-07
136.0 5.128922097019913e-07
137.0 5.072947917150506e-07
138.0 5.021117769354494e-07
139.0 4.971707385376533e-07
140.0 4.922297001398574e-07
141.0 4.872886617420613e-07
142.0 4.823476233442653e-07
143.0 4.774065849464692e-07
144.0 4.724655465486732e-07
145.0 4.6752450815087726e-07
146.0 4.6258346975308115e-07
147.0 4.576424313552852e-07
148.0 4.527378387458597e-07
149.0 4.4851709480889575e-07
150.0 4.4429635087193177e-07
151.0 4.400756069349678e-07
152.0 4.358548629980038e-07
153.0 4.316341190610399e-07
154.0 4.2741337512407593e-07
155.0 4.2319263118711184e-07
156.0 4.1897188725014785e-07
157.0 4.147511433131838e-07
158.0 4.105303993762199e-07
159.0 4.0630965543925584e-07
160.0 4.025953174321846e-07
161.0 3.9914786173975987e-07
162.0 3.9570040604733513e-07
163.0 3.922529503549104e-07
164.0 3.888054946624857e-07
165.0 3.8535803897006086e-07
166.0 3.819105832776361e-07
167.0 3.7846312758521144e-07
168.0 3.7501567189278665e-07
169.0 3.7156821620036186e-07
170.0 3.6812076050793707e-07
171.0 3.6467330481551233e-07
172.0 3.6140330972426196e-07
173.0 3.5842114301338166e-07
174.0 3.5543897630250104e-07
175.0 3.5245680959162037e-07
176.0 3.494746428807399e-07
177.0 3.464924761698595e-07
178.0 3.4351030945897893e-07
179.0 3.4052814274809836e-07
180.0 3.3754597603721785e-07
181.0 3.3456380932633734e-07
182.0 3.3158164261545677e-07
183.0 3.2859947590457615e-07
184.0 3.256173091936957e-07
185.0 3.2270669922425324e-07
186.0 3.2016470302000643e-07
187.0 3.176227068157596e-07
188.0 3.150807106115129e-07
189.0 3.1253871440726616e-07
190.0 3.0999671820301935e-07
191.0 3.074547219987727e-07
192.0 3.049127257945259e-07
193.0 3.023707295902791e-07
194.0 2.998287333860323e-07
195.0 2.9728673718178556e-07
196.0 2.947447409775388e-07
197.0 2.92202744773292e-07
198.0 2.8966074856904523e-07
199.0 2.871187523647985e-07
200.0 2.8504051552721287e-07
201.0 2.82999577677302e-07
202.0 2.8095863982739114e-07
203.0 2.7891770197748024e-07
204.0 2.768767641275694e-07
205.0 2.7483582627765856e-07
206.0 2.727948884277477e-07
207.0 2.7075395057783687e-07
208.0 2.6871301272792603e-07
209.0 2.666720748780152e-07
210.0 2.646311370281043e-07
211.0 2.625901991781935e-07
212.0 2.6054926132828266e-07
213.0 2.5850832347837176e-07
214.0 2.56467385628461e-07
215.0 2.546127805990046e-07
216.0 2.528866179129553e-07
217.0 2.51160455226906e-07
218.0 2.494342925408568e-07
219.0 2.4770812985480747e-07
220.0 2.459819671687582e-07
221.0 2.4425580448270895e-07
222.0 2.425296417966597e-07
223.0 2.408034791106104e-07
224.0 2.39077316424561e-07
225.0 2.3735115373851182e-07
226.0 2.356249910524625e-07
227.0 2.3389882836641328e-07
228.0 2.3217266568036397e-07
229.0 2.3044650299431476e-07
230.0 2.2872034030826543e-07
231.0 2.2701403541272643e-07
232.0 2.2554480464502904e-07
233.0 2.2407557387733157e-07
234.0 2.2260634310963415e-07
235.0 2.2113711234193668e-07
236.0 2.1966788157423923e-07
237.0 2.181986508065418e-07
238.0 2.1672942003884424e-07
239.0 2.1526018927114687e-07
240.0 2.137909585034494e-07
241.0 2.1232172773575196e-07
242.0 2.1085249696805454e-07
243.0 2.093832662003571e-07
244.0 2.0791403543265968e-07
245.0 2.064448046649622e-07
246.0 2.0497557389726468e-07
247.0 2.0350634312956726e-07
248.0 2.0203711236186982e-07
249.0 2.0065748172485352e-07
250.0 1.9949659234013328e-07
251.0 1.983357029554131e-07
252.0 1.971748135706929e-07
253.0 1.9601392418597266e-07
254.0 1.9485303480125245e-07
255.0 1.936921454165322e-07
256.0 1.9253125603181198e-07
257.0 1.9137036664709183e-07
258.0 1.9020947726237162e-07
259.0 1.8904858787765136e-07
260.0 1.8788769849293115e-07
261.0 1.8672680910821094e-07
262.0 1.8556591972349074e-07
263.0 1.8440503033877053e-07
264.0 1.832441409540503e-07
265.0 1.820832515693301e-07
266.0 1.8092236218460988e-07
267.0 1.7976147279988967e-07
268.0 1.7862626640036345e-07
269.0 1.7765721942116915e-07
270.0 1.7668817244197485e-07
271.0 1.757191254627805e-07
272.0 1.747500784835862e-07
273.0 1.737810315043919e-07
274.0 1.728119845251975e-07
275.0 1.7184293754600326e-07
276.0 1.708738905668089e-07
277.0 1.699048435876146e-07
278.0 1.689357966084203e-07
279.0 1.6796674962922597e-07
280.0 1.6699770265003164e-07
281.0 1.6602865567083734e-07
282.0 1.6505960869164304e-07
283.0 1.640905617124487e-07
284.0 1.631215147332544e-07
285.0 1.621524677540601e-07
286.0 1.6118342077486575e-07
287.0 1.6021437379567145e-07
288.0 1.5924532681647715e-07
289.0 1.5835247080678612e-07
290.0 1.5753531129840468e-07
291.0 1.5671815179002327e-07
292.0 1.5590099228164183e-07
293.0 1.5508383277326041e-07
294.0 1.5426667326487897e-07
295.0 1.5344951375649753e-07
296.0 1.526323542481161e-07
297.0 1.5181519473973468e-07
298.0 1.5099803523135324e-07
299.0 1.501808757229718e-07
300.0 1.4936371621459039e-07
301.0 1.4854655670620892e-07
302.0 1.4772939719782753e-07
303.0 1.4691223768944607e-07
304.0 1.4609507818106463e-07
305.0 1.452779186726832e-07
306.0 1.4446075916430177e-07
307.0 1.436435996559203e-07
308.0 1.4282644014753892e-07
309.0 1.4200928063915745e-07
310.0 1.41192121130776e-07
311.0 1.4042354334987683e-07
312.0 1.3977977111385832e-07
313.0 1.391359988778398e-07
314.0 1.3849222664182124e-07
315.0 1.3784845440580272e-07
316.0 1.372046821697842e-07
317.0 1.3656090993376567e-07
318.0 1.3591713769774718e-07
319.0 1.3527336546172861e-07
320.0 1.3462959322571007e-07
321.0 1.3398582098969156e-07
322.0 1.3334204875367302e-07
323.0 1.3269827651765448e-07
324.0 1.3205450428163597e-07
325.0 1.3141073204561745e-07
326.0 1.3076695980959891e-07
327.0 1.3012318757358037e-07
328.0 1.2947941533756186e-07
329.0 1.2883564310154332e-07
330.0 1.281918708655248e-07
331.0 1.2754809862950627e-07
332.0 1.2690432639348773e-07
333.0 1.262605541574692e-07
334.0 1.2561678192145065e-07
335.0 1.2501385984733063e-07
336.0 1.244877565412871e-07
337.0 1.2396165323524362e-07
338.0 1.2343554992920012e-07
339.0 1.229094466231566e-07
340.0 1.2238334331711309e-07
341.0 1.2185724001106956e-07
342.0 1.2133113670502603e-07
343.0 1.2080503339898252e-07
344.0 1.2027893009293902e-07
345.0 1.1975282678689552e-07
346.0 1.1922672348085202e-07
347.0 1.187006201748085e-07
348.0 1.1817451686876498e-07
349.0 1.1764841356272144e-07
350.0 1.1712231025667794e-07
351.0 1.1659620695063443e-07
352.0 1.1607010364459094e-07
353.0 1.1554400033854743e-07
354.0 1.1501789703250391e-07
355.0 1.144917937264604e-07
356.0 1.1396569042041688e-07
357.0 1.1343958711437334e-07
358.0 1.1291348380832985e-07
359.0 1.1238738050228633e-07
360.0 1.1186127719624284e-07
361.0 1.1138164171624086e-07
362.0 1.1093696055154925e-07
363.0 1.1049227938685762e-07
364.0 1.10047598222166e-07
365.0 1.0960291705747434e-07
366.0 1.0915823589278273e-07
367.0 1.0871355472809112e-07
368.0 1.0826887356339947e-07
369.0 1.0782419239870785e-07
370.0 1.0737951123401622e-07
371.0 1.069348300693246e-07
372.0 1.0649014890463298e-07
373.0 1.0604546773994134e-07
374.0 1.0560078657524969e-07
375.0 1.0515610541055809e-07
376.0 1.0471142424586645e-07
377.0 1.0426674308117483e-07
378.0 1.038220619164832e-07
379.0 1.0337738075179156e-07
380.0 1.0293269958709992e-07
381.0 1.024880184224083e-07
382.0 1.0204333725771668e-07
383.0 1.0159865609302505e-07
384.0 1.0115397492833341e-07
385.0 1.0070929376364181e-07
386.0 1.0026461259895013e-07
387.0 9.981993143425852e-08
388.0 9.937525026956691e-08
389.0 9.90082398039594e-08
390.0 9.865958768410968e-08
391.0 9.831093556425991e-08
392.0 9.796228344441016e-08
393.0 9.761363132456043e-08
394.0 9.726497920471067e-08
395.0 9.691632708486092e-08
396.0 9.65676749650112e-08
397.0 9.621902284516142e-08
398.0 9.587037072531167e-08
399.0 9.552171860546194e-08
400.0 9.517306648561218e-08
401.0 9.482441436576243e-08
402.0 9.44757622459127e-08
403.0 9.412711012606294e-08
404.0 9.377845800621319e-08
405.0 9.342980588636346e-08
406.0 9.30811537665137e-08
407.0 9.273250164666395e-08
408.0 9.238384952681422e-08
409.0 9.203519740696446e-08
410.0 9.16865452871147e-08
411.0 9.133789316726498e-08
412.0 9.098924104741522e-08
413.0 9.064058892756548e-08
414.0 9.029193680771573e-08
415.0 8.994328468786598e-08
416.0 8.959463256801624e-08
417.0 8.924598044816648e-08
418.0 8.889732832831674e-08
419.0 8.861186695337794e-08
420.0 8.833276193930278e-08
421.0 8.805365692522763e-08
422.0 8.777455191115247e-08
423.0 8.749544689707731e-08
424.0 8.721634188300216e-08
425.0 8.6937236868927e-08
426.0 8.665813185485185e-08
427.0 8.637902684077669e-08
428.0 8.609992182670155e-08
429.0 8.58208168126264e-08
430.0 8.554171179855124e-08
431.0 8.526260678447608e-08
432.0 8.498350177040093e-08
433.0 8.470439675632577e-08
434.0 8.442529174225062e-08
435.0 8.414618672817546e-08
436.0 8.38670817141003e-08
437.0 8.358797670002516e-08
438.0 8.330887168595001e-08
439.0 8.302976667187485e-08
440.0 8.27506616577997e-08
441.0 8.247155664372454e-08
442.0 8.219245162964939e-08
443.0 8.191334661557423e-08
444.0 8.163424160149908e-08
445.0 8.135513658742392e-08
446.0 8.107603157334876e-08
447.0 8.079692655927362e-08
448.0 8.051782154519847e-08
449.0 8.023871653112331e-08
450.0 7.995961151704816e-08
451.0 7.971007958473375e-08
452.0 7.947290239500245e-08
453.0 7.923572520527116e-08
454.0 7.899854801553984e-08
455.0 7.876137082580856e-08
456.0 7.852419363607726e-08
457.0 7.828701644634597e-08
458.0 7.804983925661465e-08
459.0 7.781266206688336e-08
460.0 7.757548487715205e-08
461.0 7.733830768742075e-08
462.0 7.710113049768946e-08
463.0 7.686395330795817e-08
464.0 7.662677611822687e-08
465.0 7.638959892849558e-08
466.0 7.615242173876427e-08
467.0 7.591524454903297e-08
468.0 7.567806735930168e-08
469.0 7.544089016957038e-08
470.0 7.520371297983907e-08
471.0 7.496653579010779e-08
472.0 7.472935860037649e-08
473.0 7.449218141064517e-08
474.0 7.425500422091387e-08
475.0 7.40178270311826e-08
476.0 7.378064984145128e-08
477.0 7.354347265171998e-08
478.0 7.330629546198868e-08
479.0 7.306911827225739e-08
480.0 7.283194108252609e-08
481.0 7.25947638927948e-08
482.0 7.23575867030635e-08
483.0 7.21204095133322e-08
484.0 7.18832323236009e-08
485.0 7.16471662272916e-08
486.0 7.146137466621688e-08
487.0 7.127558310514219e-08
488.0 7.108979154406745e-08
489.0 7.090399998299273e-08
490.0 7.071820842191804e-08
491.0 7.053241686084332e-08
492.0 7.03466252997686e-08
493.0 7.016083373869389e-08
494.0 6.997504217761919e-08
495.0 6.978925061654447e-08
496.0 6.960345905546975e-08
497.0 6.941766749439504e-08
498.0 6.923187593332033e-08
499.0 6.904608437224563e-08
500.0 6.88602928111709e-08
501.0 6.86745012500962e-08
502.0 6.84887096890215e-08
503.0 6.830291812794677e-08
504.0 6.811712656687204e-08
505.0 6.793133500579734e-08
506.0 6.774554344472263e-08
507.0 6.755975188364792e-08
508.0 6.737396032257321e-08
509.0 6.71881687614985e-08
510.0 6.700237720042378e-08
511.0 6.681658563934908e-08
512.0 6.663079407827436e-08
513.0 6.644500251719965e-08
514.0 6.625921095612493e-08
515.0 6.607341939505022e-08
516.0 6.588762783397552e-08
517.0 6.57018362729008e-08
518.0 6.551604471182607e-08
519.0 6.533025315075137e-08
520.0 6.514446158967666e-08
521.0 6.495867002860195e-08
522.0 6.477287846752722e-08
523.0 6.461326767703243e-08
524.0 6.446676194814474e-08
525.0 6.432025621925707e-08
526.0 6.417375049036939e-08
527.0 6.402724476148171e-08
528.0 6.388073903259403e-08
529.0 6.373423330370634e-08
530.0 6.358772757481866e-08
531.0 6.344122184593097e-08
532.0 6.32947161170433e-08
533.0 6.314821038815561e-08
534.0 6.300170465926795e-08
535.0 6.285519893038027e-08
536.0 6.270869320149258e-08
537.0 6.25621874726049e-08
538.0 6.241568174371723e-08
539.0 6.226917601482954e-08
540.0 6.212267028594187e-08
541.0 6.197616455705418e-08
542.0 6.18296588281665e-08
543.0 6.168315309927881e-08
544.0 6.153664737039113e-08
545.0 6.139014164150346e-08
546.0 6.124363591261577e-08
547.0 6.10971301837281e-08
548.0 6.095062445484041e-08
549.0 6.080411872595273e-08
550.0 6.065761299706506e-08
551.0 6.051110726817739e-08
552.0 6.03646015392897e-08
553.0 6.0218095810402e-08
554.0 6.007159008151434e-08
555.0 5.992508435262666e-08
556.0 5.977857862373898e-08
557.0 5.963207289485129e-08
558.0 5.9485567165963624e-08
559.0 5.933906143707593e-08
560.0 5.919255570818826e-08
561.0 5.904604997930059e-08
562.0 5.8899544250412895e-08
563.0 5.876260252125366e-08
564.0 5.863813632347048e-08
565.0 5.851367012568731e-08
566.0 5.838920392790414e-08
567.0 5.8264737730120965e-08
568.0 5.8140271532337794e-08
569.0 5.801580533455463e-08
570.0 5.7891339136771447e-08
571.0 5.7766872938988296e-08
572.0 5.7642406741205125e-08
573.0 5.751794054342194e-08
574.0 5.739347434563878e-08
575.0 5.7269008147855614e-08
576.0 5.714454195007243e-08
577.0 5.702007575228926e-08
578.0 5.689560955450611e-08
579.0 5.6771143356722925e-08
580.0 5.664667715893976e-08
581.0 5.65222109611566e-08
582.0 5.6397744763373426e-08
583.0 5.627327856559026e-08
584.0 5.614881236780709e-08
585.0 5.6024346170023915e-08
586.0 5.5899879972240744e-08
587.0 5.5775413774457574e-08
588.0 5.56509475766744e-08
589.0 5.5526481378891226e-08
590.0 5.540201518110806e-08
591.0 5.5277548983324905e-08
592.0 5.515308278554172e-08
593.0 5.502861658775856e-08
594.0 5.490415038997539e-08
595.0 5.477968419219221e-08
596.0 5.465521799440906e-08
597.0 5.453075179662589e-08
598.0 5.440628559884271e-08
599.0 5.428181940105955e-08
600.0 5.4157353203276376e-08
601.0 5.4032887005493206e-08
602.0 5.390842080771004e-08
603.0 5.378395460992687e-08
604.0 5.3659488412143694e-08
605.0 5.3535022214360524e-08
606.0 5.34131975106434e-08
607.0 5.331447874757137e-08
608.0 5.321575998449934e-08
609.0 5.311704122142729e-08
610.0 5.301832245835527e-08
611.0 5.2919603695283245e-08
612.0 5.282088493221121e-08
613.0 5.272216616913918e-08
614.0 5.262344740606715e-08
615.0 5.252472864299512e-08
616.0 5.2426009879923086e-08
617.0 5.232729111685104e-08
618.0 5.2228572353779014e-08
619.0 5.212985359070699e-08
620.0 5.203113482763495e-08
621.0 5.193241606456292e-08
622.0 5.1833697301490894e-08
623.0 5.173497853841886e-08
624.0 5.163625977534684e-08
625.0 5.15375410122748e-08
626.0 5.143882224920277e-08
627.0 5.1340103486130736e-08
628.0 5.124138472305871e-08
629.0 5.1142665959986676e-08
630.0 5.1043947196914636e-08
631.0 5.094522843384261e-08
632.0 5.084650967077058e-08
633.0 5.074779090769855e-08
634.0 5.064907214462652e-08
635.0 5.055035338155449e-08
636.0 5.045163461848245e-08
637.0 5.0352915855410424e-08
638.0 5.02541970923384e-08
639.0 5.015547832926636e-08
640.0 5.005675956619432e-08
641.0 4.995804080312232e-08
642.0 4.9859322040050266e-08
643.0 4.976060327697824e-08
644.0 4.9661884513906206e-08
645.0 4.9563165750834166e-08
646.0 4.9464446987762146e-08
647.0 4.936572822469011e-08
648.0 4.926700946161809e-08
649.0 4.9168290698546054e-08
650.0 4.906957193547402e-08
651.0 4.8970853172401974e-08
652.0 4.887213440932995e-08
653.0 4.878253897392719e-08
654.0 4.8704858056797926e-08
655.0 4.8627177139668675e-08
656.0 4.854949622253941e-08
657.0 4.8471815305410166e-08
658.0 4.83941343882809e-08
659.0 4.8316453471151644e-08
660.0 4.8238772554022386e-08
661.0 4.816109163689314e-08
662.0 4.808341071976388e-08
663.0 4.800572980263463e-08
664.0 4.7928048885505375e-08
665.0 4.7850367968376124e-08
666.0 4.777268705124685e-08
667.0 4.769500613411761e-08
668.0 4.761732521698835e-08
669.0 4.75396442998591e-08
670.0 4.746196338272984e-08
671.0 4.7384282465600584e-08
672.0 4.7306601548471326e-08
673.0 4.7228920631342075e-08
674.0 4.715123971421281e-08
675.0 4.707355879708355e-08
676.0 4.699587787995431e-08
677.0 4.691819696282505e-08
678.0 4.6840516045695787e-08
679.0 4.676283512856653e-08
680.0 4.6685154211437284e-08
681.0 4.660747329430803e-08
682.0 4.652979237717878e-08
683.0 4.6452111460049505e-08
684.0 4.637443054292026e-08
685.0 4.629674962579101e-08
686.0 4.621906870866175e-08
687.0 4.61413877915325e-08
688.0 4.606370687440325e-08
689.0 4.5986025957273985e-08
690.0 4.590834504014473e-08
691.0 4.5830664123015476e-08
692.0 4.575298320588622e-08
693.0 4.567530228875697e-08
694.0 4.5597621371627716e-08
695.0 4.551994045449845e-08
696.0 4.5442259537369194e-08
697.0 4.536457862023993e-08
698.0 4.5286897703110685e-08
699.0 4.5209216785981434e-08
700.0 4.513153586885218e-08
701.0 4.5053854951722905e-08
702.0 4.497617403459366e-08
703.0 4.490052950031381e-08
704.0 4.4834821466130374e-08
705.0 4.476911343194691e-08
706.0 4.470340539776347e-08
707.0 4.463769736358e-08
708.0 4.457198932939655e-08
709.0 4.45062812952131e-08
710.0 4.4440573261029634e-08
711.0 4.437486522684618e-08
712.0 4.430915719266273e-08
713.0 4.424344915847928e-08
714.0 4.417774112429582e-08
715.0 4.411203309011235e-08
716.0 4.404632505592891e-08
717.0 4.3980617021745456e-08
718.0 4.391490898756199e-08
719.0 4.3849200953378545e-08
720.0 4.378349291919507e-08
721.0 4.371778488501163e-08
722.0 4.365207685082818e-08
723.0 4.358636881664472e-08
724.0 4.3520660782461264e-08
725.0 4.3454952748277805e-08
726.0 4.3389244714094346e-08
727.0 4.33235366799109e-08
728.0 4.325782864572744e-08
729.0 4.319212061154399e-08
730.0 4.312641257736053e-08
731.0 4.306070454317707e-08
732.0 4.2994996508993626e-08
733.0 4.292928847481017e-08
734.0 4.286358044062671e-08
735.0 4.279787240644325e-08
736.0 4.2732164372259805e-08
737.0 4.2666456338076346e-08
738.0 4.260074830389289e-08
739.0 4.2535040269709435e-08
740.0 4.2469332235525976e-08
741.0 4.240362420134252e-08
742.0 4.2337916167159065e-08
743.0 4.227220813297561e-08
744.0 4.2206500098792154e-08
745.0 4.21407920646087e-08
746.0 4.207508403042524e-08
747.0 4.2009375996241784e-08
748.0 4.194366796205834e-08
749.0 4.187795992787488e-08
750.0 4.181225189369142e-08
751.0 4.1746543859507975e-08
752.0 4.1680835825324503e-08
753.0 4.161512779114106e-08
754.0 4.154941975695761e-08
755.0 4.148371172277414e-08
756.0 4.1418003688590695e-08
757.0 4.1352728787661495e-08
758.0 4.129940400426632e-08
759.0 4.124607922087114e-08
760.0 4.119275443747596e-08
761.0 4.113942965408079e-08
762.0 4.1086104870685616e-08
763.0 4.103278008729044e-08
764.0 4.097945530389527e-08
765.0 4.0926130520500105e-08
766.0 4.087280573710492e-08
767.0 4.081948095370975e-08
768.0 4.0766156170314575e-08
769.0 4.071283138691941e-08
770.0 4.065950660352423e-08
771.0 4.060618182012906e-08
772.0 4.055285703673387e-08
773.0 4.049953225333871e-08
774.0 4.0446207469943534e-08
775.0 4.039288268654836e-08
776.0 4.033955790315318e-08
777.0 4.028623311975802e-08
778.0 4.0232908336362836e-08
779.0 4.0179583552967674e-08
780.0 4.0126258769572487e-08
781.0 4.007293398617732e-08
782.0 4.001960920278215e-08
783.0 3.9966284419386976e-08
784.0 3.9912959635991795e-08
785.0 3.985963485259663e-08
786.0 3.980631006920145e-08
787.0 3.975298528580628e-08
788.0 3.96996605024111e-08
789.0 3.964633571901593e-08
790.0 3.959301093562076e-08
791.0 3.9539686152225586e-08
792.0 3.948636136883041e-08
793.0 3.943303658543524e-08
794.0 3.937971180204006e-08
795.0 3.932638701864489e-08
796.0 3.927306223524971e-08
797.0 3.921973745185454e-08
798.0 3.9166412668459364e-08
799.0 3.911308788506419e-08
800.0 3.9059763101669015e-08
801.0 3.900643831827384e-08
802.0 3.895311353487867e-08
803.0 3.88997887514835e-08
804.0 3.884646396808833e-08
805.0 3.8793139184693155e-08
806.0 3.873981440129798e-08
807.0 3.86864896179028e-08
808.0 3.863316483450763e-08
809.0 3.857984005111246e-08
810.0 3.852651526771728e-08
811.0 3.84731904843221e-08
812.0 3.841986570092694e-08
813.0 3.8366540917531765e-08
814.0 3.831321613413659e-08
815.0 3.825989135074141e-08
816.0 3.821478579249191e-08
817.0 3.8172718006058605e-08
818.0 3.8130650219625313e-08
819.0 3.808858243319203e-08
820.0 3.8046514646758724e-08
821.0 3.8004446860325426e-08
822.0 3.796237907389213e-08
823.0 3.7920311287458837e-08
824.0 3.787824350102554e-08
825.0 3.783617571459223e-08
826.0 3.7794107928158936e-08
827.0 3.7752040141725644e-08
828.0 3.770997235529236e-08
829.0 3.766790456885905e-08
830.0 3.762583678242576e-08
831.0 3.758376899599246e-08
832.0 3.754170120955916e-08
833.0 3.749963342312586e-08
834.0 3.745756563669257e-08
835.0 3.741549785025927e-08
836.0 3.7373430063825975e-08
837.0 3.733136227739267e-08
838.0 3.7289294490959386e-08
839.0 3.7247226704526094e-08
840.0 3.720515891809279e-08
841.0 3.71630911316595e-08
842.0 3.71210233452262e-08
843.0 3.70789555587929e-08
844.0 3.70368877723596e-08
845.0 3.6994819985926306e-08
846.0 3.6952752199493015e-08
847.0 3.691068441305972e-08
848.0 3.686861662662641e-08
849.0 3.6826548840193114e-08
850.0 3.678448105375982e-08
851.0 3.6742413267326525e-08
852.0 3.670034548089323e-08
853.0 3.6658277694459935e-08
854.0 3.661620990802664e-08
855.0 3.657414212159334e-08
856.0 3.6532074335160035e-08
857.0 3.649000654872674e-08
858.0 3.644793876229345e-08
859.0 3.640587097586015e-08
860.0 3.636380318942685e-08
861.0 3.632173540299356e-08
862.0 3.6279667616560266e-08
863.0 3.623759983012697e-08
864.0 3.619553204369367e-08
865.0 3.615346425726037e-08
866.0 3.6111396470827074e-08
867.0 3.606932868439377e-08
868.0 3.602726089796048e-08
869.0 3.598519311152718e-08
870.0 3.594312532509388e-08
871.0 3.5901057538660584e-08
872.0 3.585898975222729e-08
873.0 3.5816921965794e-08
874.0 3.57748541793607e-08
875.0 3.5732786392927405e-08
876.0 3.5690718606494114e-08
877.0 3.5648650820060816e-08
878.0 3.560658303362752e-08
879.0 3.557004746445983e-08
880.0 3.5533900218911344e-08
881.0 3.549775297336285e-08
882.0 3.546160572781437e-08
883.0 3.542545848226587e-08
884.0 3.538931123671738e-08
885.0 3.53531639911689e-08
886.0 3.5317016745620415e-08
887.0 3.528086950007192e-08
888.0 3.524472225452343e-08
889.0 3.5208575008974944e-08
890.0 3.5172427763426454e-08
891.0 3.513628051787796e-08
892.0 3.510013327232948e-08
893.0 3.506398602678098e-08
894.0 3.50278387812325e-08
895.0 3.4991691535684e-08
896.0 3.4955544290135525e-08
897.0 3.4919397044587034e-08
898.0 3.4883249799038544e-08
899.0 3.484710255349006e-08
900.0 3.481095530794156e-08
901.0 3.477480806239308e-08
902.0 3.473866081684459e-08
903.0 3.47025135712961e-08
904.0 3.466636632574761e-08
905.0 3.4630219080199124e-08
906.0 3.4594071834650634e-08
907.0 3.455792458910215e-08
908.0 3.452177734355366e-08
909.0 3.448563009800516e-08
910.0 3.444948285245667e-08
911.0 3.441333560690819e-08
912.0 3.437718836135969e-08
913.0 3.434104111581121e-08
914.0 3.430489387026273e-08
915.0 3.4268746624714234e-08
916.0 3.423259937916575e-08
917.0 3.419645213361726e-08
918.0 3.416030488806877e-08
919.0 3.412415764252028e-08
920.0 3.408801039697179e-08
921.0 3.4051863151423305e-08
922.0 3.401571590587482e-08
923.0 3.3979568660326324e-08
924.0 3.394342141477784e-08
925.0 3.390727416922935e-08
926.0 3.387112692368086e-08
927.0 3.3834979678132375e-08
928.0 3.379883243258388e-08
929.0 3.3762685187035395e-08
930.0 3.3726537941486904e-08
931.0 3.3690390695938414e-08
932.0 3.365424345038993e-08
933.0 3.361809620484143e-08
934.0 3.358194895929295e-08
935.0 3.354580171374447e-08
936.0 3.3509654468195975e-08
937.0 3.3473507222647485e-08
938.0 3.3437359977098994e-08
939.0 3.3401212731550504e-08
940.0 3.336506548600203e-08
941.0 3.332891824045353e-08
942.0 3.3292770994905046e-08
943.0 3.3256623749356556e-08
944.0 3.322047650380806e-08
945.0 3.318432925825957e-08
946.0 3.3150002003938296e-08
947.0 3.31198838242471e-08
948.0 3.3089765644555904e-08
949.0 3.305964746486472e-08
950.0 3.3029529285173525e-08
951.0 3.299941110548234e-08
952.0 3.296929292579115e-08
953.0 3.293917474609995e-08
954.0 3.290905656640877e-08
955.0 3.287893838671757e-08
956.0 3.2848820207026394e-08
957.0 3.28187020273352e-08
958.0 3.278858384764401e-08
959.0 3.275846566795282e-08
960.0 3.272834748826162e-08
961.0 3.269822930857043e-08
962.0 3.266811112887925e-08
963.0 3.2637992949188054e-08
964.0 3.2607874769496864e-08
965.0 3.257775658980567e-08
966.0 3.2547638410114485e-08
967.0 3.251752023042329e-08
968.0 3.24874020507321e-08
969.0 3.245728387104091e-08
970.0 3.242716569134972e-08
971.0 3.239704751165853e-08
972.0 3.236692933196734e-08
973.0 3.2336811152276145e-08
974.0 3.2306692972584956e-08
975.0 3.227657479289377e-08
976.0 3.2246456613202576e-08
977.0 3.2216338433511394e-08
978.0 3.21862202538202e-08
979.0 3.215610207412901e-08
980.0 3.212598389443782e-08
981.0 3.209586571474663e-08
982.0 3.2065747535055446e-08
983.0 3.203562935536425e-08
984.0 3.200551117567305e-08
985.0 3.1975392995981864e-08
986.0 3.1945274816290674e-08
987.0 3.191515663659949e-08
988.0 3.1885038456908295e-08
989.0 3.18549202772171e-08
990.0 3.1824802097525916e-08
991.0 3.1794683917834727e-08
992.0 3.176456573814354e-08
993.0 3.173444755845235e-08
994.0 3.170432937876116e-08
995.0 3.167421119906997e-08
996.0 3.164409301937877e-08
997.0 3.161397483968759e-08
998.0 3.1583856659996387e-08
999.0 3.1553738480305204e-08
1000.0 3.152362030061401e-08
1001.0 3.1493502120922825e-08
1002.0 3.1463383941231635e-08
1003.0 3.143326576154044e-08
1004.0 3.1403147581849256e-08
1005.0 3.137302940215806e-08
1006.0 3.134291122246687e-08
1007.0 3.131279304277569e-08
1008.0 3.128267486308449e-08
1009.0 3.12525566833933e-08
1010.0 3.1222438503702105e-08
1011.0 3.119232032401092e-08
1012.0 3.116220214431973e-08
1013.0 3.1132083964628543e-08
1014.0 3.1101965784937354e-08
1015.0 3.107184760524616e-08
1016.0 3.104172942555497e-08
1017.0 3.1011611245863785e-08
1018.0 3.0981493066172596e-08
1019.0 3.0954052860554654e-08
1020.0 3.092975677808132e-08
1021.0 3.0905460695607986e-08
1022.0 3.088116461313465e-08
1023.0 3.0856868530661325e-08
1024.0 3.083257244818799e-08
1025.0 3.0808276365714656e-08
1026.0 3.078398028324133e-08
1027.0 3.0759684200767995e-08
1028.0 3.0735388118294664e-08
1029.0 3.071109203582133e-08
1030.0 3.0686795953347996e-08
1031.0 3.0662499870874665e-08
1032.0 3.0638203788401335e-08
1033.0 3.0613907705928e-08
1034.0 3.0589611623454666e-08
1035.0 3.0565315540981336e-08
1036.0 3.0541019458508005e-08
1037.0 3.0516723376034674e-08
1038.0 3.049242729356134e-08
1039.0 3.0468131211088006e-08
1040.0 3.044383512861468e-08
1041.0 3.0419539046141345e-08
1042.0 3.0395242963668014e-08
1043.0 3.037094688119468e-08
1044.0 3.034665079872135e-08
1045.0 3.0322354716248015e-08
1046.0 3.029805863377469e-08
1047.0 3.027376255130135e-08
1048.0 3.0249466468828016e-08
1049.0 3.0225170386354685e-08
1050.0 3.020087430388135e-08
1051.0 3.0176578221408024e-08
1052.0 3.0152282138934687e-08
1053.0 3.012798605646135e-08
1054.0 3.010368997398803e-08
1055.0 3.0079393891514694e-08
1056.0 3.005509780904137e-08
1057.0 3.003080172656804e-08
1058.0 3.00065056440947e-08
1059.0 2.9982209561621365e-08
1060.0 2.9957913479148034e-08
1061.0 2.9933617396674697e-08
1062.0 2.990932131420137e-08
1063.0 2.9885025231728035e-08
1064.0 2.98607291492547e-08
1065.0 2.9836433066781374e-08
1066.0 2.9812136984308036e-08
1067.0 2.978784090183471e-08
1068.0 2.976354481936138e-08
1069.0 2.9739248736888047e-08
1070.0 2.971495265441472e-08
1071.0 2.9690656571941382e-08
1072.0 2.966636048946805e-08
1073.0 2.964206440699471e-08
1074.0 2.9617768324521384e-08
1075.0 2.9593472242048053e-08
1076.0 2.956917615957472e-08
1077.0 2.954488007710139e-08
1078.0 2.9520583994628054e-08
1079.0 2.9496287912154723e-08
1080.0 2.947199182968139e-08
1081.0 2.944769574720806e-08
1082.0 2.942339966473473e-08
1083.0 2.9399103582261397e-08
1084.0 2.937480749978806e-08
1085.0 2.9350511417314732e-08
1086.0 2.93262153348414e-08
1087.0 2.9301919252368064e-08
1088.0 2.9277623169894733e-08
1089.0 2.9253327087421403e-08
1090.0 2.922903100494807e-08
1091.0 2.9204734922474738e-08
1092.0 2.9180438840001404e-08
1093.0 2.9156142757528066e-08
1094.0 2.9131846675054746e-08
1095.0 2.91075505925814e-08
1096.0 2.9083254510108074e-08
1097.0 2.905898011101229e-08
1098.0 2.903759232881849e-08
1099.0 2.901620454662467e-08
1100.0 2.899481676443086e-08
1101.0 2.8973428982237046e-08
1102.0 2.8952041200043235e-08
1103.0 2.893065341784943e-08
1104.0 2.890926563565561e-08
1105.0 2.8887877853461796e-08
1106.0 2.8866490071267985e-08
1107.0 2.8845102289074177e-08
1108.0 2.8823714506880353e-08
1109.0 2.8802326724686542e-08
1110.0 2.878093894249273e-08
1111.0 2.875955116029892e-08
1112.0 2.8738163378105106e-08
1113.0 2.8716775595911295e-08
1114.0 2.869538781371748e-08
1115.0 2.867400003152367e-08
1116.0 2.8652612249329856e-08
1117.0 2.8631224467136045e-08
1118.0 2.8609836684942228e-08
1119.0 2.8588448902748417e-08
1120.0 2.856706112055461e-08
1121.0 2.854567333836079e-08
1122.0 2.852428555616697e-08
1123.0 2.8502897773973163e-08
1124.0 2.8481509991779356e-08
1125.0 2.8460122209585535e-08
1126.0 2.8438734427391724e-08
1127.0 2.841734664519792e-08
1128.0 2.8395958863004106e-08
1129.0 2.8374571080810295e-08
1130.0 2.8353183298616477e-08
1131.0 2.8331795516422663e-08
1132.0 2.8310407734228852e-08
1133.0 2.8289019952035038e-08
1134.0 2.8267632169841227e-08
1135.0 2.8246244387647416e-08
1136.0 2.8224856605453602e-08
1137.0 2.820346882325979e-08
1138.0 2.8182081041065984e-08
1139.0 2.8160693258872166e-08
1140.0 2.8139305476678355e-08
1141.0 2.8117917694484534e-08
1142.0 2.8096529912290727e-08
1143.0 2.8075142130096913e-08
1144.0 2.8053754347903102e-08
1145.0 2.8032366565709287e-08
1146.0 2.8010978783515473e-08
1147.0 2.7989591001321662e-08
1148.0 2.7968203219127845e-08
1149.0 2.794681543693404e-08
1150.0 2.7925427654740226e-08
1151.0 2.7904039872546416e-08
1152.0 2.7882652090352598e-08
1153.0 2.7861264308158787e-08
1154.0 2.7839876525964973e-08
1155.0 2.7818488743771162e-08
1156.0 2.7797100961577348e-08
1157.0 2.7775713179383537e-08
1158.0 2.7754325397189723e-08
1159.0 2.7732937614995912e-08
1160.0 2.77115498328021e-08
1161.0 2.769016205060828e-08
1162.0 2.7668774268414476e-08
1163.0 2.7647386486220655e-08
1164.0 2.7625998704026848e-08
1165.0 2.760461092183303e-08
1166.0 2.758322313963922e-08
1167.0 2.75618353574454e-08
1168.0 2.7540447575251597e-08
1169.0 2.7519059793057783e-08
1170.0 2.7497672010863972e-08
1171.0 2.7476284228670155e-08
1172.0 2.7454896446476344e-08
1173.0 2.7433508664282536e-08
1174.0 2.741212088208872e-08
1175.0 2.7390733099894908e-08
1176.0 2.7369345317701087e-08
1177.0 2.7347957535507283e-08
1178.0 2.7326569753313462e-08
1179.0 2.7305181971119658e-08
1180.0 2.728379418892584e-08
1181.0 2.7262406406732033e-08
1182.0 2.7242531042140555e-08
1183.0 2.7224096159086942e-08
1184.0 2.7205661276033324e-08
1185.0 2.7187226392979705e-08
1186.0 2.7168791509926093e-08
1187.0 2.7150356626872477e-08
1188.0 2.7131921743818858e-08
1189.0 2.7113486860765246e-08
1190.0 2.7095051977711627e-08
1191.0 2.7076617094658015e-08
1192.0 2.7058182211604396e-08
1193.0 2.7039747328550784e-08
1194.0 2.7021312445497168e-08
1195.0 2.700287756244355e-08
1196.0 2.6984442679389937e-08
1197.0 2.696600779633632e-08
1198.0 2.6947572913282706e-08
1199.0 2.692913803022909e-08
1200.0 2.6910703147175482e-08
1201.0 2.689226826412186e-08
1202.0 2.6873833381068237e-08
1203.0 2.685539849801463e-08
1204.0 2.683696361496101e-08
1205.0 2.6818528731907397e-08
1206.0 2.6800093848853782e-08
1207.0 2.6781658965800163e-08
1208.0 2.676322408274655e-08
1209.0 2.6744789199692932e-08
1210.0 2.672635431663932e-08
1211.0 2.67079194335857e-08
1212.0 2.668948455053209e-08
1213.0 2.6671049667478473e-08
1214.0 2.665261478442485e-08
1215.0 2.6634179901371242e-08
1216.0 2.6615745018317623e-08
1217.0 2.659731013526401e-08
1218.0 2.6578875252210392e-08
1219.0 2.6560440369156777e-08
1220.0 2.6542005486103164e-08
1221.0 2.6523570603049545e-08
1222.0 2.6505135719995933e-08
1223.0 2.6486700836942314e-08
1224.0 2.6468265953888702e-08
1225.0 2.6449831070835083e-08
1226.0 2.6431396187781465e-08
1227.0 2.6412961304727856e-08
1228.0 2.6394526421674237e-08
1229.0 2.6376091538620625e-08
1230.0 2.6357656655567006e-08
1231.0 2.6339221772513393e-08
1232.0 2.6320786889459768e-08
1233.0 2.630235200640616e-08
1234.0 2.6283917123352537e-08
1235.0 2.6265482240298928e-08
1236.0 2.6247047357245316e-08
1237.0 2.6228612474191697e-08
1238.0 2.6210177591138078e-08
1239.0 2.619174270808446e-08
1240.0 2.617330782503085e-08
1241.0 2.6154872941977228e-08
1242.0 2.613643805892362e-08
1243.0 2.6118003175870007e-08
1244.0 2.609956829281638e-08
1245.0 2.6081133409762773e-08
1246.0 2.606269852670915e-08
1247.0 2.604426364365554e-08
1248.0 2.602582876060192e-08
1249.0 2.600739387754831e-08
1250.0 2.598895899449469e-08
1251.0 2.5970524111441073e-08
1252.0 2.5952089228387464e-08
1253.0 2.5933654345333842e-08
1254.0 2.5915219462280233e-08
1255.0 2.5896784579226614e-08
1256.0 2.5878349696172995e-08
1257.0 2.5859914813119383e-08
1258.0 2.5841479930065764e-08
1259.0 2.5823045047012155e-08
1260.0 2.5804610163958533e-08
1261.0 2.5786175280904924e-08
1262.0 2.5767740397851305e-08
1263.0 2.5749305514797686e-08
1264.0 2.5730870631744074e-08
1265.0 2.5712435748690455e-08
1266.0 2.5694000865636846e-08
1267.0 2.5675565982583228e-08
1268.0 2.5657131099529612e-08
1269.0 2.5638696216475996e-08
1270.0 2.5620261333422378e-08
1271.0 2.5601826450368765e-08
1272.0 2.5583391567315147e-08
1273.0 2.556643489339749e-08
1274.0 2.5550905859574072e-08
1275.0 2.5535376825750663e-08
1276.0 2.5519847791927244e-08
1277.0 2.5504318758103822e-08
1278.0 2.5488789724280413e-08
1279.0 2.5473260690456994e-08
1280.0 2.5457731656633578e-08
1281.0 2.5442202622810156e-08
1282.0 2.542667358898674e-08
1283.0 2.5411144555163328e-08
1284.0 2.5395615521339916e-08
1285.0 2.5380086487516497e-08
1286.0 2.5364557453693078e-08
1287.0 2.534902841986966e-08
1288.0 2.533349938604624e-08
1289.0 2.531797035222282e-08
1290.0 2.530244131839941e-08
1291.0 2.5286912284575993e-08
1292.0 2.5271383250752575e-08
1293.0 2.5255854216929162e-08
1294.0 2.5240325183105743e-08
1295.0 2.5224796149282328e-08
1296.0 2.5209267115458906e-08
1297.0 2.519373808163549e-08
1298.0 2.5178209047812078e-08
1299.0 2.516268001398866e-08
1300.0 2.5147150980165246e-08
1301.0 2.5131621946341828e-08
1302.0 2.511609291251841e-08
1303.0 2.510056387869499e-08
1304.0 2.5085034844871574e-08
1305.0 2.5069505811048162e-08
1306.0 2.505397677722474e-08
1307.0 2.503844774340132e-08
1308.0 2.5022918709577912e-08
1309.0 2.5007389675754493e-08
1310.0 2.4991860641931074e-08
1311.0 2.497633160810766e-08
1312.0 2.4960802574284243e-08
1313.0 2.4945273540460834e-08
1314.0 2.4929744506637408e-08
1315.0 2.4914215472813996e-08
1316.0 2.4898686438990577e-08
1317.0 2.4883157405167158e-08
1318.0 2.486762837134374e-08
1319.0 2.4852099337520324e-08
1320.0 2.483657030369691e-08
1321.0 2.4821041269873492e-08
1322.0 2.4805512236050074e-08
1323.0 2.478998320222666e-08
1324.0 2.4774454168403242e-08
1325.0 2.4758925134579823e-08
1326.0 2.4743396100756408e-08
1327.0 2.4727867066932996e-08
1328.0 2.4712338033109577e-08
1329.0 2.4696808999286158e-08
1330.0 2.4681279965462745e-08
1331.0 2.4665750931639327e-08
1332.0 2.4650221897815908e-08
1333.0 2.4634692863992492e-08
1334.0 2.4619163830169073e-08
1335.0 2.4603634796345658e-08
1336.0 2.458810576252224e-08
1337.0 2.457257672869883e-08
1338.0 2.455704769487541e-08
1339.0 2.4541518661051985e-08
1340.0 2.4525989627228573e-08
1341.0 2.4510460593405157e-08
1342.0 2.449493155958175e-08
1343.0 2.4479402525758326e-08
1344.0 2.4463873491934904e-08
1345.0 2.4448344458111495e-08
1346.0 2.4432815424288076e-08
1347.0 2.4417286390464657e-08
1348.0 2.440175735664124e-08
1349.0 2.4386228322817826e-08
1350.0 2.437069928899441e-08
1351.0 2.435517025517099e-08
1352.0 2.433964122134758e-08
1353.0 2.432411218752416e-08
1354.0 2.430858315370074e-08
1355.0 2.4293054119877326e-08
1356.0 2.4277525086053907e-08
1357.0 2.4261996052230495e-08
1358.0 2.4246467018407076e-08
1359.0 2.4230937984583653e-08
1360.0 2.4215408950760244e-08
1361.0 2.4199879916936826e-08
1362.0 2.418435088311341e-08
1363.0 2.416882184928999e-08
1364.0 2.4153292815466575e-08
1365.0 2.4137763781643157e-08
1366.0 2.4122234747819738e-08
1367.0 2.410670571399633e-08
1368.0 2.4091176680172903e-08
1369.0 2.407564764634949e-08
1370.0 2.4060118612526075e-08
1371.0 2.4045363210999095e-08
1372.0 2.4031394779695868e-08
1373.0 2.401742634839263e-08
1374.0 2.400345791708941e-08
1375.0 2.3989489485786178e-08
1376.0 2.3975521054482948e-08
1377.0 2.3961552623179714e-08
1378.0 2.3947584191876478e-08
1379.0 2.393361576057325e-08
1380.0 2.3919647329270018e-08
1381.0 2.390567889796679e-08
1382.0 2.389171046666356e-08
1383.0 2.3877742035360328e-08
1384.0 2.3863773604057098e-08
1385.0 2.3849805172753864e-08
1386.0 2.3835836741450638e-08
1387.0 2.3821868310147394e-08
1388.0 2.3807899878844168e-08
1389.0 2.379393144754094e-08
1390.0 2.377996301623771e-08
1391.0 2.3765994584934478e-08
1392.0 2.3752026153631248e-08
1393.0 2.3738057722328014e-08
1394.0 2.3724089291024788e-08
1395.0 2.3710120859721554e-08
1396.0 2.3696152428418324e-08
1397.0 2.368218399711509e-08
1398.0 2.366821556581186e-08
1399.0 2.3654247134508627e-08
1400.0 2.3640278703205397e-08
1401.0 2.362631027190217e-08
1402.0 2.3612341840598937e-08
1403.0 2.3598373409295704e-08
1404.0 2.3584404977992474e-08
1405.0 2.3570436546689237e-08
1406.0 2.355646811538601e-08
1407.0 2.3542499684082777e-08
1408.0 2.3528531252779547e-08
1409.0 2.3514562821476314e-08
1410.0 2.350059439017308e-08
1411.0 2.348662595886985e-08
1412.0 2.3472657527566624e-08
1413.0 2.345868909626339e-08
1414.0 2.344472066496016e-08
1415.0 2.3430752233656927e-08
1416.0 2.34167838023537e-08
1417.0 2.3402815371050464e-08
1418.0 2.3388846939747237e-08
1419.0 2.3374878508444e-08
1420.0 2.3360910077140774e-08
1421.0 2.3346941645837547e-08
1422.0 2.333297321453431e-08
1423.0 2.3319004783231084e-08
1424.0 2.330503635192785e-08
1425.0 2.329106792062462e-08
1426.0 2.3277099489321384e-08
1427.0 2.3263131058018154e-08
1428.0 2.3249162626714927e-08
1429.0 2.3235194195411697e-08
1430.0 2.3221225764108464e-08
1431.0 2.3207257332805234e-08
1432.0 2.3193288901502e-08
1433.0 2.317932047019877e-08
1434.0 2.3165352038895537e-08
1435.0 2.315138360759231e-08
1436.0 2.3137415176289074e-08
1437.0 2.3123446744985847e-08
1438.0 2.3109478313682613e-08
1439.0 2.3095509882379383e-08
1440.0 2.308154145107615e-08
1441.0 2.306757301977292e-08
1442.0 2.305360458846969e-08
1443.0 2.303963615716646e-08
1444.0 2.3025667725863227e-08
1445.0 2.301169929455999e-08
1446.0 2.2997730863256763e-08
1447.0 2.2983762431953533e-08
1448.0 2.2969794000650307e-08
1449.0 2.2955825569347073e-08
1450.0 2.2941857138043843e-08
1451.0 2.292788870674061e-08
1452.0 2.2913920275437383e-08
1453.0 2.2899951844134147e-08
1454.0 2.288598341283091e-08
1455.0 2.2872014981527687e-08
1456.0 2.2858046550224457e-08
1457.0 2.2844078118921223e-08
1458.0 2.2830109687617993e-08
1459.0 2.281614125631476e-08
1460.0 2.2802172825011526e-08
1461.0 2.2788204393708296e-08
1462.0 2.277423596240507e-08
1463.0 2.2760267531101833e-08
1464.0 2.2746299099798606e-08
1465.0 2.2732330668495373e-08
1466.0 2.2718362237192143e-08
1467.0 2.270439380588891e-08
1468.0 2.2690425374585676e-08
1469.0 2.267645694328245e-08
1470.0 2.2662488511979213e-08
1471.0 2.2648520080675986e-08
1472.0 2.263455164937275e-08
1473.0 2.262058321806952e-08
1474.0 2.2606614786766286e-08
1475.0 2.259264635546306e-08
1476.0 2.2578677924159833e-08
1477.0 2.2566053303025615e-08
1478.0 2.2553524636203543e-08
1479.0 2.254099596938147e-08
1480.0 2.25284673025594e-08
1481.0 2.2515938635737327e-08
1482.0 2.250340996891525e-08
1483.0 2.2490881302093177e-08
1484.0 2.2478352635271115e-08
1485.0 2.2465823968449043e-08
1486.0 2.2453295301626967e-08
1487.0 2.2440766634804895e-08
1488.0 2.242823796798283e-08
1489.0 2.2415709301160758e-08
1490.0 2.2403180634338686e-08
1491.0 2.2390651967516617e-08
1492.0 2.2378123300694545e-08
1493.0 2.2365594633872473e-08
1494.0 2.23530659670504e-08
1495.0 2.234053730022833e-08
1496.0 2.2328008633406257e-08
1497.0 2.2315479966584185e-08
1498.0 2.230295129976211e-08
1499.0 2.2290422632940048e-08
1500.0 2.2277893966117976e-08
1501.0 2.2265365299295897e-08
1502.0 2.2252836632473825e-08
1503.0 2.224030796565176e-08
1504.0 2.222777929882969e-08
1505.0 2.2215250632007616e-08
1506.0 2.220272196518555e-08
1507.0 2.2190193298363472e-08
1508.0 2.2177664631541407e-08
1509.0 2.2165135964719335e-08
1510.0 2.2152607297897263e-08
1511.0 2.214007863107519e-08
1512.0 2.212754996425312e-08
1513.0 2.2115021297431047e-08
1514.0 2.2102492630608978e-08
1515.0 2.2089963963786906e-08
1516.0 2.2077435296964834e-08
1517.0 2.206490663014276e-08
1518.0 2.2052377963320687e-08
1519.0 2.2039849296498618e-08
1520.0 2.2027320629676546e-08
1521.0 2.2014791962854474e-08
1522.0 2.200226329603241e-08
1523.0 2.1989734629210337e-08
1524.0 2.1977205962388265e-08
1525.0 2.1964677295566193e-08
1526.0 2.195214862874412e-08
1527.0 2.193961996192205e-08
1528.0 2.192709129509998e-08
1529.0 2.19145626282779e-08
1530.0 2.190203396145584e-08
1531.0 2.1889505294633764e-08
1532.0 2.1876976627811692e-08
1533.0 2.186444796098962e-08
1534.0 2.185191929416755e-08
1535.0 2.1839390627345483e-08
1536.0 2.182686196052341e-08
1537.0 2.1814333293701335e-08
1538.0 2.1801804626879263e-08
1539.0 2.1789275960057195e-08
1540.0 2.1776747293235123e-08
1541.0 2.176421862641305e-08
1542.0 2.1751689959590982e-08
1543.0 2.173916129276891e-08
1544.0 2.1726632625946838e-08
1545.0 2.171410395912477e-08
1546.0 2.1701575292302697e-08
1547.0 2.1689046625480622e-08
1548.0 2.167651795865855e-08
1549.0 2.166398929183648e-08
1550.0 2.165146062501441e-08
1551.0 2.163893195819234e-08
1552.0 2.162640329137027e-08
1553.0 2.16138746245482e-08
1554.0 2.1601345957726128e-08
1555.0 2.158881729090406e-08
1556.0 2.157628862408198e-08
1557.0 2.1563759957259912e-08
1558.0 2.155123129043784e-08
1559.0 2.153870262361577e-08
1560.0 2.1526173956793703e-08
1561.0 2.151364528997163e-08
1562.0 2.150111662314956e-08
1563.0 2.1488587956327483e-08
1564.0 2.1476059289505418e-08
1565.0 2.1463530622683343e-08
1566.0 2.145100195586127e-08
1567.0 2.14384732890392e-08
1568.0 2.142594462221713e-08
1569.0 2.1413415955395055e-08
1570.0 2.1400887288572986e-08
1571.0 2.1388358621750914e-08
1572.0 2.1375829954928842e-08
1573.0 2.136330128810677e-08
1574.0 2.13507726212847e-08
1575.0 2.133824395446263e-08
1576.0 2.132571528764056e-08
1577.0 2.131318662081849e-08
1578.0 2.1300657953996413e-08
1579.0 2.1288129287174348e-08
1580.0 2.1275600620352273e-08
1581.0 2.12630719535302e-08
1582.0 2.1250543286708132e-08
1583.0 2.1238014619886063e-08
1584.0 2.122548595306399e-08
1585.0 2.121295728624192e-08
1586.0 2.1200428619419847e-08
1587.0 2.118789995259778e-08
1588.0 2.1175371285775703e-08
1589.0 2.116284261895363e-08
1590.0 2.115069160227077e-08
1591.0 2.113973585314026e-08
1592.0 2.1128780104009743e-08
1593.0 2.1117824354879228e-08
1594.0 2.110686860574872e-08
1595.0 2.1095912856618205e-08
1596.0 2.108495710748769e-08
1597.0 2.1074001358357175e-08
1598.0 2.106304560922666e-08
1599.0 2.1052089860096145e-08
1600.0 2.104113411096563e-08
1601.0 2.103017836183512e-08
1602.0 2.1019222612704607e-08
1603.0 2.1008266863574092e-08
1604.0 2.0997311114443577e-08
1605.0 2.0986355365313062e-08
1606.0 2.097539961618255e-08
1607.0 2.096444386705204e-08
1608.0 2.0953488117921524e-08
1609.0 2.0942532368791002e-08
1610.0 2.0931576619660494e-08
1611.0 2.092062087052998e-08
1612.0 2.090966512139947e-08
1613.0 2.089870937226895e-08
1614.0 2.0887753623138438e-08
1615.0 2.0876797874007926e-08
1616.0 2.086584212487741e-08
1617.0 2.0854886375746896e-08
1618.0 2.0843930626616385e-08
1619.0 2.083297487748587e-08
1620.0 2.0822019128355355e-08
1621.0 2.081106337922484e-08
1622.0 2.0800107630094325e-08
1623.0 2.0789151880963817e-08
1624.0 2.07781961318333e-08
1625.0 2.0767240382702784e-08
1626.0 2.075628463357227e-08
1627.0 2.074532888444176e-08
1628.0 2.0734373135311246e-08
1629.0 2.072341738618073e-08
1630.0 2.0712461637050212e-08
1631.0 2.0701505887919704e-08
1632.0 2.069055013878919e-08
1633.0 2.0679594389658678e-08
1634.0 2.066863864052816e-08
1635.0 2.065768289139765e-08
1636.0 2.0646727142267136e-08
1637.0 2.063577139313662e-08
1638.0 2.0624815644006106e-08
1639.0 2.061385989487559e-08
1640.0 2.0602904145745077e-08
1641.0 2.0591948396614565e-08
1642.0 2.058099264748405e-08
1643.0 2.057003689835354e-08
1644.0 2.0559081149223024e-08
1645.0 2.054812540009251e-08
1646.0 2.0537169650961994e-08
1647.0 2.052621390183148e-08
1648.0 2.051525815270097e-08
1649.0 2.0504302403570456e-08
1650.0 2.049334665443994e-08
1651.0 2.0482390905309422e-08
1652.0 2.0471435156178917e-08
1653.0 2.0460479407048396e-08
1654.0 2.0449523657917888e-08
1655.0 2.043856790878737e-08
1656.0 2.0427612159656858e-08
1657.0 2.0416656410526343e-08
1658.0 2.040570066139583e-08
1659.0 2.0394744912265316e-08
1660.0 2.03837891631348e-08
1661.0 2.0372833414004287e-08
1662.0 2.0361877664873772e-08
1663.0 2.0350921915743257e-08
1664.0 2.0339966166612745e-08
1665.0 2.0329010417482234e-08
1666.0 2.0318054668351715e-08
1667.0 2.0307098919221204e-08
1668.0 2.029614317009069e-08
1669.0 2.0285187420960177e-08
1670.0 2.0274231671829662e-08
1671.0 2.026327592269915e-08
1672.0 2.025232017356864e-08
1673.0 2.0241364424438124e-08
1674.0 2.0230408675307606e-08
1675.0 2.0219452926177098e-08
1676.0 2.0208497177046576e-08
1677.0 2.0197541427916068e-08
1678.0 2.0186585678785553e-08
1679.0 2.0175629929655038e-08
1680.0 2.0164674180524523e-08
1681.0 2.015371843139401e-08
1682.0 2.0142762682263497e-08
1683.0 2.0131806933132982e-08
1684.0 2.0120851184002467e-08
1685.0 2.0109895434871955e-08
1686.0 2.0098939685741444e-08
1687.0 2.0087983936610925e-08
1688.0 2.007702818748041e-08
1689.0 2.00660724383499e-08
1690.0 2.0055116689219387e-08
1691.0 2.0044160940088872e-08
1692.0 2.0033205190958357e-08
1693.0 2.0022249441827846e-08
1694.0 2.001129369269733e-08
1695.0 2.0000337943566816e-08
1696.0 1.9989382194436304e-08
1697.0 1.997842644530579e-08
1698.0 1.9967470696175278e-08
1699.0 1.9956514947044763e-08
1700.0 1.9945559197914248e-08
1701.0 1.9934603448783733e-08
1702.0 1.9923647699653218e-08
1703.0 1.9912691950522703e-08
1704.0 1.990173620139219e-08
1705.0 1.989078045226168e-08
1706.0 1.9879824703131162e-08
1707.0 1.986886895400065e-08
1708.0 1.9857913204870135e-08
1709.0 1.984695745573962e-08
1710.0 1.983600170660911e-08
1711.0 1.9825045957478597e-08
1712.0 1.9814090208348082e-08
1713.0 1.980388886658212e-08
1714.0 1.9793888459132405e-08
1715.0 1.9783888051682692e-08
1716.0 1.9773887644232983e-08
1717.0 1.9763887236783267e-08
1718.0 1.975388682933355e-08
1719.0 1.974388642188384e-08
1720.0 1.9733886014434123e-08
1721.0 1.972388560698441e-08
1722.0 1.9713885199534695e-08
1723.0 1.9703884792084985e-08
1724.0 1.969388438463527e-08
1725.0 1.9683883977185557e-08
1726.0 1.967388356973584e-08
1727.0 1.9663883162286132e-08
1728.0 1.9653882754836416e-08
1729.0 1.96438823473867e-08
1730.0 1.9633881939936984e-08
1731.0 1.9623881532487268e-08
1732.0 1.961388112503756e-08
1733.0 1.9603880717587846e-08
1734.0 1.9593880310138137e-08
1735.0 1.958387990268842e-08
1736.0 1.957387949523871e-08
1737.0 1.9563879087788993e-08
1738.0 1.955387868033928e-08
1739.0 1.9543878272889564e-08
1740.0 1.953387786543985e-08
1741.0 1.952387745799014e-08
1742.0 1.9513877050540423e-08
1743.0 1.9503876643090708e-08
1744.0 1.9493876235640995e-08
1745.0 1.9483875828191282e-08
1746.0 1.947387542074157e-08
1747.0 1.9463875013291854e-08
1748.0 1.9453874605842138e-08
1749.0 1.944387419839243e-08
1750.0 1.9433873790942713e-08
1751.0 1.9423873383492997e-08
1752.0 1.9413872976043285e-08
1753.0 1.9403872568593575e-08
1754.0 1.9393872161143856e-08
1755.0 1.9383871753694144e-08
1756.0 1.9373871346244428e-08
1757.0 1.936387093879472e-08
1758.0 1.9353870531345006e-08
1759.0 1.934387012389529e-08
1760.0 1.9333869716445574e-08
1761.0 1.9323869308995862e-08
1762.0 1.9313868901546146e-08
1763.0 1.9303868494096437e-08
1764.0 1.929386808664672e-08
1765.0 1.9283867679197008e-08
1766.0 1.9273867271747292e-08
1767.0 1.9263866864297583e-08
1768.0 1.9253866456847867e-08
1769.0 1.9243866049398155e-08
1770.0 1.9233865641948435e-08
1771.0 1.9223865234498726e-08
1772.0 1.921386482704901e-08
1773.0 1.9203864419599294e-08
1774.0 1.9193864012149582e-08
1775.0 1.9183863604699873e-08
1776.0 1.917386319725016e-08
1777.0 1.9163862789800444e-08
1778.0 1.9153862382350728e-08
1779.0 1.9143861974901016e-08
1780.0 1.9133861567451307e-08
1781.0 1.912386116000159e-08
1782.0 1.9113860752551875e-08
1783.0 1.9103860345102162e-08
1784.0 1.9093859937652446e-08
1785.0 1.9083859530202734e-08
1786.0 1.9073859122753018e-08
1787.0 1.9063858715303305e-08
1788.0 1.905385830785359e-08
1789.0 1.904385790040388e-08
1790.0 1.9033857492954164e-08
1791.0 1.9023857085504452e-08
1792.0 1.9013856678054736e-08
1793.0 1.9003856270605023e-08
1794.0 1.8993855863155308e-08
1795.0 1.898385545570559e-08
1796.0 1.8973855048255882e-08
1797.0 1.896385464080617e-08
1798.0 1.8953854233356454e-08
1799.0 1.8943853825906745e-08
1800.0 1.8933853418457032e-08
1801.0 1.8923853011007316e-08
1802.0 1.8913852603557604e-08
1803.0 1.8903852196107888e-08
1804.0 1.8893851788658172e-08
1805.0 1.888385138120846e-08
1806.0 1.8873850973758744e-08
1807.0 1.886385056630903e-08
1808.0 1.885385015885932e-08
1809.0 1.8843849751409606e-08
1810.0 1.8833849343959893e-08
1811.0 1.8823848936510177e-08
1812.0 1.881384852906046e-08
1813.0 1.8803848121610752e-08
1814.0 1.8793847714161036e-08
1815.0 1.878384730671132e-08
1816.0 1.8773846899261608e-08
1817.0 1.87638464918119e-08
1818.0 1.875384608436218e-08
1819.0 1.8743845676912467e-08
1820.0 1.873384526946275e-08
1821.0 1.8723844862013042e-08
1822.0 1.871384445456333e-08
1823.0 1.8703844047113613e-08
1824.0 1.8693843639663898e-08
1825.0 1.8683843232214185e-08
1826.0 1.867384282476447e-08
1827.0 1.8663842417314757e-08
1828.0 1.8653842009865044e-08
1829.0 1.864384160241533e-08
1830.0 1.8633841194965616e-08
1831.0 1.8623840787515903e-08
1832.0 1.8613840380066187e-08
1833.0 1.8603839972616478e-08
1834.0 1.859383956516676e-08
1835.0 1.858383915771705e-08
1836.0 1.8573838750267334e-08
1837.0 1.8563838342817618e-08
1838.0 1.8553837935367905e-08
1839.0 1.8543837527918196e-08
1840.0 1.853383712046848e-08
1841.0 1.8523836713018764e-08
1842.0 1.851383630556905e-08
1843.0 1.850383589811934e-08
1844.0 1.8493835490669627e-08
1845.0 1.8484588156587696e-08
1846.0 1.8475417517298773e-08
1847.0 1.846624687800985e-08
1848.0 1.8457076238720926e-08
1849.0 1.8447905599432002e-08
1850.0 1.8438734960143082e-08
1851.0 1.8429564320854158e-08
1852.0 1.8420393681565235e-08
1853.0 1.8411223042276305e-08
1854.0 1.8402052402987384e-08
1855.0 1.839288176369846e-08
1856.0 1.8383711124409534e-08
1857.0 1.837454048512061e-08
1858.0 1.8365369845831687e-08
1859.0 1.8356199206542767e-08
1860.0 1.8347028567253843e-08
1861.0 1.8337857927964916e-08
1862.0 1.8328687288675993e-08
1863.0 1.831951664938707e-08
1864.0 1.831034601009815e-08
1865.0 1.8301175370809226e-08
1866.0 1.82920047315203e-08
1867.0 1.8282834092231382e-08
1868.0 1.8273663452942455e-08
1869.0 1.826449281365353e-08
1870.0 1.8255322174364605e-08
1871.0 1.8246151535075684e-08
1872.0 1.8236980895786758e-08
1873.0 1.8227810256497834e-08
1874.0 1.8218639617208914e-08
1875.0 1.8209468977919987e-08
1876.0 1.8200298338631063e-08
1877.0 1.819112769934214e-08
1878.0 1.8181957060053216e-08
1879.0 1.817278642076429e-08
1880.0 1.8163615781475366e-08
1881.0 1.8154445142186446e-08
1882.0 1.8145274502897522e-08
1883.0 1.81361038636086e-08
1884.0 1.8126933224319675e-08
1885.0 1.811776258503075e-08
1886.0 1.8108591945741828e-08
1887.0 1.8099421306452905e-08
1888.0 1.809025066716398e-08
1889.0 1.8081080027875054e-08
1890.0 1.807190938858613e-08
1891.0 1.8062738749297207e-08
1892.0 1.805356811000828e-08
1893.0 1.8044397470719357e-08
1894.0 1.8035226831430433e-08
1895.0 1.8026056192141513e-08
1896.0 1.8016885552852586e-08
1897.0 1.8007714913563663e-08
1898.0 1.7998544274274742e-08
1899.0 1.798937363498582e-08
1900.0 1.79802029956969e-08
1901.0 1.7971032356407975e-08
1902.0 1.7961861717119045e-08
1903.0 1.795269107783012e-08
1904.0 1.79435204385412e-08
1905.0 1.7934349799252278e-08
1906.0 1.7925179159963354e-08
1907.0 1.7916008520674427e-08
1908.0 1.7906837881385504e-08
1909.0 1.789766724209658e-08
1910.0 1.788849660280766e-08
1911.0 1.7879325963518733e-08
1912.0 1.787015532422981e-08
1913.0 1.7860984684940886e-08
1914.0 1.7851814045651966e-08
1915.0 1.7842643406363042e-08
1916.0 1.783347276707412e-08
1917.0 1.78243021277852e-08
1918.0 1.781513148849627e-08
1919.0 1.7805960849207345e-08
1920.0 1.779679020991842e-08
1921.0 1.7787619570629498e-08
1922.0 1.7778448931340574e-08
1923.0 1.776927829205165e-08
1924.0 1.7760107652762727e-08
1925.0 1.7750937013473804e-08
1926.0 1.774176637418488e-08
1927.0 1.7732595734895953e-08
1928.0 1.772342509560703e-08
1929.0 1.7714254456318106e-08
1930.0 1.7705083817029183e-08
1931.0 1.7695913177740263e-08
1932.0 1.768674253845134e-08
1933.0 1.7677571899162416e-08
1934.0 1.7668401259873492e-08
1935.0 1.7659230620584565e-08
1936.0 1.7650059981295645e-08
1937.0 1.764088934200672e-08
1938.0 1.7631718702717798e-08
1939.0 1.7622548063428874e-08
1940.0 1.7613377424139947e-08
1941.0 1.7604206784851024e-08
1942.0 1.75950361455621e-08
1943.0 1.7585865506273174e-08
1944.0 1.757669486698425e-08
1945.0 1.7567524227695327e-08
1946.0 1.7558353588406406e-08
1947.0 1.7549182949117483e-08
1948.0 1.754001230982856e-08
1949.0 1.7530841670539636e-08
1950.0 1.7521671031250715e-08
1951.0 1.751250039196179e-08
1952.0 1.7503329752672865e-08
1953.0 1.7494159113383938e-08
1954.0 1.748498847409502e-08
1955.0 1.7475817834806095e-08
1956.0 1.746664719551717e-08
1957.0 1.7457476556228247e-08
1958.0 1.7448305916939324e-08
1959.0 1.7439135277650397e-08
1960.0 1.7429964638361474e-08
1961.0 1.742079399907255e-08
1962.0 1.7411623359783626e-08
1963.0 1.7402452720494703e-08
1964.0 1.7393282081205783e-08
1965.0 1.7384111441916856e-08
1966.0 1.7374940802627936e-08
1967.0 1.7365770163339006e-08
1968.0 1.7356599524050085e-08
1969.0 1.734742888476116e-08
1970.0 1.733825824547224e-08
1971.0 1.7329087606183315e-08
1972.0 1.731991696689439e-08
1973.0 1.7310746327605468e-08
1974.0 1.7301575688316544e-08
1975.0 1.729240504902762e-08
1976.0 1.7283234409738697e-08
1977.0 1.7274063770449774e-08
1978.0 1.7264893131160847e-08
1979.0 1.7255722491871923e-08
1980.0 1.7246551852583e-08
1981.0 1.7237381213294076e-08
1982.0 1.7228210574005153e-08
1983.0 1.721903993471623e-08
1984.0 1.7209869295427305e-08
1985.0 1.7200698656138382e-08
1986.0 1.719152801684946e-08
1987.0 1.71832489308583e-08
1988.0 1.7175106233066427e-08
1989.0 1.7166963535274552e-08
1990.0 1.7158820837482678e-08
1991.0 1.7150678139690797e-08
1992.0 1.7142535441898922e-08
1993.0 1.7134392744107045e-08
1994.0 1.712625004631517e-08
1995.0 1.7118107348523296e-08
1996.0 1.7109964650731418e-08
1997.0 1.7101821952939544e-08
1998.0 1.7093679255147663e-08
1999.0 1.7085536557355788e-08
2000.0 1.7077393859563914e-08
2001.0 1.7069251161772036e-08
2002.0 1.7061108463980162e-08
2003.0 1.7052965766188284e-08
2004.0 1.704482306839641e-08
2005.0 1.7036680370604535e-08
2006.0 1.7028537672812657e-08
2007.0 1.702039497502078e-08
2008.0 1.7012252277228905e-08
2009.0 1.7004109579437028e-08
2010.0 1.699596688164515e-08
2011.0 1.698782418385328e-08
2012.0 1.6979681486061398e-08
2013.0 1.6971538788269523e-08
2014.0 1.6963396090477646e-08
2015.0 1.695525339268577e-08
2016.0 1.6947110694893897e-08
2017.0 1.693896799710202e-08
2018.0 1.693082529931014e-08
2019.0 1.6922682601518264e-08
2020.0 1.6914539903726393e-08
2021.0 1.6906397205934515e-08
2022.0 1.6898254508142637e-08
2023.0 1.6890111810350763e-08
2024.0 1.6881969112558885e-08
2025.0 1.687382641476701e-08
2026.0 1.6865683716975133e-08
2027.0 1.685754101918326e-08
2028.0 1.684939832139138e-08
2029.0 1.6841255623599506e-08
2030.0 1.6833112925807632e-08
2031.0 1.682497022801575e-08
2032.0 1.6816827530223877e-08
2033.0 1.6808684832432e-08
2034.0 1.6800542134640128e-08
2035.0 1.6792399436848247e-08
2036.0 1.6784256739056372e-08
2037.0 1.6776114041264498e-08
2038.0 1.676797134347262e-08
2039.0 1.6759828645680746e-08
2040.0 1.6751685947888868e-08
2041.0 1.6743543250096997e-08
2042.0 1.6735400552305113e-08
2043.0 1.6727257854513238e-08
2044.0 1.671911515672136e-08
2045.0 1.6710972458929486e-08
2046.0 1.6702829761137615e-08
2047.0 1.6694687063345734e-08
2048.0 1.668654436555386e-08
2049.0 1.6678401667761982e-08
2050.0 1.6670258969970107e-08
2051.0 1.6662116272178233e-08
2052.0 1.6653973574386355e-08
2053.0 1.6645830876594478e-08
2054.0 1.6637688178802603e-08
2055.0 1.662954548101073e-08
2056.0 1.662140278321885e-08
2057.0 1.6613260085426973e-08
2058.0 1.66051173876351e-08
2059.0 1.659697468984322e-08
2060.0 1.658883199205135e-08
2061.0 1.658068929425947e-08
2062.0 1.6572546596467595e-08
2063.0 1.6564403898675714e-08
2064.0 1.655626120088384e-08
2065.0 1.6548118503091965e-08
2066.0 1.653997580530009e-08
2067.0 1.653183310750821e-08
2068.0 1.6523690409716335e-08
2069.0 1.651554771192446e-08
2070.0 1.6507405014132586e-08
2071.0 1.6499262316340705e-08
2072.0 1.649111961854883e-08
2073.0 1.6482976920756956e-08
2074.0 1.6474834222965082e-08
2075.0 1.64666915251732e-08
2076.0 1.6458548827381326e-08
2077.0 1.645040612958945e-08
2078.0 1.6442263431797574e-08
2079.0 1.64341207340057e-08
2080.0 1.6425978036213822e-08
2081.0 1.6417835338421944e-08
2082.0 1.6409692640630067e-08
2083.0 1.6401549942838192e-08
2084.0 1.6393407245046318e-08
2085.0 1.638526454725444e-08
2086.0 1.6377121849462566e-08
2087.0 1.636897915167069e-08
2088.0 1.6360836453878817e-08
2089.0 1.6352693756086936e-08
2090.0 1.634455105829506e-08
2091.0 1.6336408360503184e-08
2092.0 1.632826566271131e-08
2093.0 1.6320122964919432e-08
2094.0 1.6311980267127557e-08
2095.0 1.630383756933568e-08
2096.0 1.6295694871543802e-08
2097.0 1.6287552173751927e-08
2098.0 1.6279409475960053e-08
2099.0 1.6271266778168175e-08
2100.0 1.62631240803763e-08
2101.0 1.6254981382584423e-08
2102.0 1.624683868479255e-08
2103.0 1.6238695987000674e-08
2104.0 1.6230553289208797e-08
2105.0 1.622241059141692e-08
2106.0 1.6214267893625045e-08
2107.0 1.6206125195833167e-08
2108.0 1.619798249804129e-08
2109.0 1.6189839800249418e-08
2110.0 1.6181697102457537e-08
2111.0 1.6173554404665663e-08
2112.0 1.6165411706873785e-08
2113.0 1.615726900908191e-08
2114.0 1.6149126311290036e-08
2115.0 1.614098361349816e-08
2116.0 1.613284091570628e-08
2117.0 1.6124698217914403e-08
2118.0 1.6116555520122532e-08
2119.0 1.6108412822330654e-08
2120.0 1.6100270124538776e-08
2121.0 1.6092127426746902e-08
2122.0 1.6083984728955024e-08
2123.0 1.607584203116315e-08
2124.0 1.6067699333371272e-08
2125.0 1.6059556635579398e-08
2126.0 1.605141393778752e-08
2127.0 1.6043271239995646e-08
2128.0 1.603512854220377e-08
2129.0 1.602698584441189e-08
2130.0 1.6018843146620016e-08
2131.0 1.6010700448828138e-08
2132.0 1.600255775103626e-08
2133.0 1.5994415053244386e-08
2134.0 1.598627235545251e-08
2135.0 1.5978129657660637e-08
2136.0 1.596998695986876e-08
2137.0 1.5961844262076882e-08
2138.0 1.5953701564285007e-08
2139.0 1.5945558866493133e-08
2140.0 1.5938029875158232e-08
2141.0 1.5930579464244938e-08
2142.0 1.5923129053331637e-08
2143.0 1.5915678642418346e-08
2144.0 1.5908228231505052e-08
2145.0 1.590077782059175e-08
2146.0 1.5893327409678454e-08
2147.0 1.5885876998765163e-08
2148.0 1.5878426587851865e-08
2149.0 1.587097617693857e-08
2150.0 1.5863525766025277e-08
2151.0 1.5856075355111983e-08
2152.0 1.5848624944198685e-08
2153.0 1.584117453328539e-08
2154.0 1.5833724122372093e-08
2155.0 1.5826273711458796e-08
2156.0 1.58188233005455e-08
2157.0 1.5811372889632207e-08
2158.0 1.5803922478718913e-08
2159.0 1.5796472067805616e-08
2160.0 1.578902165689232e-08
2161.0 1.5781571245979024e-08
2162.0 1.5774120835065726e-08
2163.0 1.5766670424152432e-08
2164.0 1.5759220013239138e-08
2165.0 1.5751769602325844e-08
2166.0 1.5744319191412553e-08
2167.0 1.5736868780499252e-08
2168.0 1.5729418369585954e-08
2169.0 1.5721967958672663e-08
2170.0 1.5714517547759366e-08
2171.0 1.570706713684607e-08
2172.0 1.5699616725932774e-08
2173.0 1.5692166315019483e-08
2174.0 1.5684715904106182e-08
2175.0 1.5677265493192885e-08
2176.0 1.5669815082279594e-08
2177.0 1.56623646713663e-08
2178.0 1.5654914260453002e-08
2179.0 1.5647463849539708e-08
2180.0 1.564001343862641e-08
2181.0 1.5632563027713116e-08
2182.0 1.5625112616799822e-08
2183.0 1.5617662205886524e-08
2184.0 1.5610211794973227e-08
2185.0 1.5602761384059933e-08
2186.0 1.559531097314664e-08
2187.0 1.558786056223334e-08
2188.0 1.5580410151320047e-08
2189.0 1.5572959740406752e-08
2190.0 1.5565509329493455e-08
2191.0 1.5558058918580157e-08
2192.0 1.5550608507666863e-08
2193.0 1.554315809675357e-08
2194.0 1.553570768584027e-08
2195.0 1.5528257274926977e-08
2196.0 1.552080686401368e-08
2197.0 1.5513356453100385e-08
2198.0 1.550590604218709e-08
2199.0 1.5498455631273797e-08
2200.0 1.54910052203605e-08
2201.0 1.5483554809447205e-08
2202.0 1.5476104398533908e-08
2203.0 1.546865398762061e-08
2204.0 1.5461203576707316e-08
2205.0 1.5453753165794022e-08
2206.0 1.5446302754880727e-08
2207.0 1.543885234396743e-08
2208.0 1.5431401933054136e-08
2209.0 1.5423951522140838e-08
2210.0 1.541650111122754e-08
2211.0 1.5409050700314246e-08
2212.0 1.5401600289400955e-08
2213.0 1.5394149878487658e-08
2214.0 1.538669946757436e-08
2215.0 1.537924905666107e-08
2216.0 1.5371798645747772e-08
2217.0 1.5364348234834478e-08
2218.0 1.535689782392118e-08
2219.0 1.5349447413007886e-08
2220.0 1.534199700209459e-08
2221.0 1.533454659118129e-08
2222.0 1.5327096180268e-08
2223.0 1.5319645769354702e-08
2224.0 1.5312195358441405e-08
2225.0 1.530474494752811e-08
2226.0 1.5297294536614816e-08
2227.0 1.528984412570152e-08
2228.0 1.5282393714788228e-08
2229.0 1.527494330387493e-08
2230.0 1.5267492892961636e-08
2231.0 1.526004248204834e-08
2232.0 1.525259207113504e-08
2233.0 1.5245141660221747e-08
2234.0 1.5237691249308453e-08
2235.0 1.523024083839516e-08
2236.0 1.522279042748186e-08
2237.0 1.5215340016568563e-08
2238.0 1.520788960565527e-08
2239.0 1.5200439194741975e-08
2240.0 1.5192988783828677e-08
2241.0 1.5185538372915383e-08
2242.0 1.517808796200209e-08
2243.0 1.517063755108879e-08
2244.0 1.51631871401755e-08
2245.0 1.5155736729262203e-08
2246.0 1.5148286318348905e-08
2247.0 1.514083590743561e-08
2248.0 1.5133385496522317e-08
2249.0 1.5125935085609023e-08
2250.0 1.5118484674695725e-08
2251.0 1.511103426378243e-08
2252.0 1.5103583852869134e-08
2253.0 1.5096133441955836e-08
2254.0 1.5088683031042542e-08
2255.0 1.5081232620129248e-08
2256.0 1.5073782209215947e-08
2257.0 1.5066331798302656e-08
2258.0 1.505888138738936e-08
2259.0 1.5051430976476064e-08
2260.0 1.5043980565562766e-08
2261.0 1.5036530154649476e-08
2262.0 1.5029079743736178e-08
2263.0 1.5021629332822884e-08
2264.0 1.5014178921909586e-08
2265.0 1.5006728510996292e-08
2266.0 1.4999278100082994e-08
2267.0 1.4991827689169697e-08
2268.0 1.4984377278256406e-08
2269.0 1.4976926867343105e-08
2270.0 1.4969476456429814e-08
2271.0 1.4962026045516517e-08
2272.0 1.4954575634603223e-08
2273.0 1.4947125223689925e-08
2274.0 1.4939674812776627e-08
2275.0 1.4932224401863337e-08
2276.0 1.4924773990950042e-08
2277.0 1.4917323580036745e-08
2278.0 1.4909873169123447e-08
2279.0 1.4902422758210156e-08
2280.0 1.4894972347296862e-08
2281.0 1.4887521936383563e-08
2282.0 1.4880071525470265e-08
2283.0 1.4872621114556973e-08
2284.0 1.4865170703643677e-08
2285.0 1.4857720292730381e-08
2286.0 1.4850269881817085e-08
2287.0 1.4842819470903793e-08
2288.0 1.4835369059990493e-08
2289.0 1.4827918649077196e-08
2290.0 1.4820468238163902e-08
2291.0 1.4813017827250607e-08
2292.0 1.4805567416337308e-08
2293.0 1.4798117005424017e-08
2294.0 1.4790666594510721e-08
2295.0 1.4783216183597424e-08
2296.0 1.4775765772684128e-08
2297.0 1.4768315361770835e-08
2298.0 1.4760864950857536e-08
2299.0 1.4753414539944244e-08
2300.0 1.4745964129030948e-08
2301.0 1.4738513718117652e-08
2302.0 1.4731063307204354e-08
2303.0 1.4723612896291058e-08
2304.0 1.4716239851549655e-08
2305.0 1.4709421537891862e-08
2306.0 1.470260322423407e-08
2307.0 1.469578491057627e-08
2308.0 1.4688966596918482e-08
2309.0 1.4682148283260685e-08
2310.0 1.467532996960289e-08
2311.0 1.4668511655945097e-08
2312.0 1.4661693342287297e-08
2313.0 1.4654875028629505e-08
2314.0 1.4648056714971712e-08
2315.0 1.4641238401313917e-08
2316.0 1.4634420087656123e-08
2317.0 1.4627601773998328e-08
2318.0 1.4620783460340532e-08
2319.0 1.461396514668274e-08
2320.0 1.4607146833024943e-08
2321.0 1.460032851936715e-08
2322.0 1.4593510205709355e-08
2323.0 1.4586691892051562e-08
2324.0 1.4579873578393766e-08
2325.0 1.4573055264735974e-08
2326.0 1.4566236951078177e-08
2327.0 1.4559418637420385e-08
2328.0 1.4552600323762589e-08
2329.0 1.4545782010104794e-08
2330.0 1.4538963696447e-08
2331.0 1.453214538278921e-08
2332.0 1.4525327069131412e-08
2333.0 1.4518508755473617e-08
2334.0 1.4511690441815823e-08
2335.0 1.4504872128158024e-08
2336.0 1.4498053814500232e-08
2337.0 1.449123550084244e-08
2338.0 1.4484417187184644e-08
2339.0 1.447759887352685e-08
2340.0 1.4470780559869055e-08
2341.0 1.4463962246211261e-08
2342.0 1.4457143932553468e-08
2343.0 1.445032561889567e-08
2344.0 1.4443507305237878e-08
2345.0 1.4436688991580083e-08
2346.0 1.4429870677922289e-08
2347.0 1.4423052364264494e-08
2348.0 1.4416234050606701e-08
2349.0 1.4409415736948904e-08
2350.0 1.4402597423291112e-08
2351.0 1.4395779109633317e-08
2352.0 1.4388960795975521e-08
2353.0 1.4382142482317727e-08
2354.0 1.4375324168659932e-08
2355.0 1.436850585500214e-08
2356.0 1.4361687541344344e-08
2357.0 1.4354869227686552e-08
2358.0 1.4348050914028753e-08
2359.0 1.434123260037096e-08
2360.0 1.4334414286713167e-08
2361.0 1.4327595973055374e-08
2362.0 1.4320777659397575e-08
2363.0 1.4313959345739783e-08
2364.0 1.4307141032081989e-08
2365.0 1.4300322718424193e-08
2366.0 1.4293504404766398e-08
2367.0 1.4286686091108606e-08
2368.0 1.4279867777450812e-08
2369.0 1.4273049463793017e-08
2370.0 1.4266231150135221e-08
2371.0 1.4259412836477424e-08
2372.0 1.4252594522819632e-08
2373.0 1.424577620916184e-08
2374.0 1.4238957895504044e-08
2375.0 1.423213958184625e-08
2376.0 1.4225321268188452e-08
2377.0 1.421850295453066e-08
2378.0 1.4211684640872867e-08
2379.0 1.4204866327215072e-08
2380.0 1.4198048013557275e-08
2381.0 1.4191229699899481e-08
2382.0 1.4184411386241687e-08
2383.0 1.4177593072583893e-08
2384.0 1.4170774758926098e-08
2385.0 1.4163956445268304e-08
2386.0 1.415713813161051e-08
2387.0 1.4150319817952716e-08
2388.0 1.4143501504294921e-08
2389.0 1.4136683190637126e-08
2390.0 1.4129864876979333e-08
2391.0 1.412304656332154e-08
2392.0 1.4116228249663744e-08
2393.0 1.4109409936005949e-08
2394.0 1.4102591622348151e-08
2395.0 1.409577330869036e-08
2396.0 1.4088954995032567e-08
2397.0 1.4082136681374772e-08
2398.0 1.4075318367716978e-08
2399.0 1.406850005405918e-08
2400.0 1.4061681740401387e-08
2401.0 1.4054863426743595e-08
2402.0 1.4048045113085801e-08
2403.0 1.4041226799428006e-08
2404.0 1.4034408485770208e-08
2405.0 1.4027590172112416e-08
2406.0 1.4020771858454621e-08
2407.0 1.4013953544796825e-08
2408.0 1.4007135231139033e-08
2409.0 1.400031691748124e-08
2410.0 1.3993498603823444e-08
2411.0 1.3986680290165648e-08
2412.0 1.3979861976507855e-08
2413.0 1.3973043662850061e-08
2414.0 1.3966225349192267e-08
2415.0 1.3959407035534472e-08
2416.0 1.3952588721876676e-08
2417.0 1.3945770408218879e-08
2418.0 1.3938952094561087e-08
2419.0 1.3932133780903295e-08
2420.0 1.39253154672455e-08
2421.0 1.3918497153587705e-08
2422.0 1.3911678839929908e-08
2423.0 1.3904860526272115e-08
2424.0 1.3898042212614317e-08
2425.0 1.3891223898956529e-08
2426.0 1.3884405585298731e-08
2427.0 1.3877587271640936e-08
2428.0 1.3870768957983144e-08
2429.0 1.3863950644325348e-08
2430.0 1.3857132330667553e-08
2431.0 1.385031401700976e-08
2432.0 1.3843495703351967e-08
2433.0 1.3836677389694171e-08
2434.0 1.3829859076036376e-08
2435.0 1.3823040762378579e-08
2436.0 1.3816222448720787e-08
2437.0 1.3809404135062995e-08
2438.0 1.3802585821405199e-08
2439.0 1.3795767507747405e-08
2440.0 1.3788949194089607e-08
2441.0 1.3782130880431814e-08
2442.0 1.3775312566774017e-08
2443.0 1.3768494253116228e-08
2444.0 1.3761675939458433e-08
2445.0 1.3754857625800636e-08
2446.0 1.3748039312142844e-08
2447.0 1.3741220998485048e-08
2448.0 1.3734402684827253e-08
2449.0 1.3727584371169459e-08
2450.0 1.3720766057511665e-08
2451.0 1.3713947743853871e-08
2452.0 1.3707129430196076e-08
2453.0 1.3700311116538282e-08
2454.0 1.3693492802880487e-08
2455.0 1.3686674489222694e-08
2456.0 1.3679856175564899e-08
2457.0 1.3673037861907104e-08
2458.0 1.3666219548249306e-08
2459.0 1.3659401234591514e-08
2460.0 1.3652582920933717e-08
2461.0 1.3645764607275927e-08
2462.0 1.3638946293618133e-08
2463.0 1.3632127979960336e-08
2464.0 1.3625309666302542e-08
2465.0 1.3618491352644745e-08
2466.0 1.3611673038986951e-08
2467.0 1.360485472532916e-08
2468.0 1.3598036411671363e-08
2469.0 1.3591218098013571e-08
2470.0 1.3584399784355776e-08
2471.0 1.357758147069798e-08
2472.0 1.3570763157040186e-08
2473.0 1.3563944843382394e-08
2474.0 1.3557126529724599e-08
2475.0 1.3550308216066803e-08
2476.0 1.354348990240901e-08
2477.0 1.3536671588751214e-08
2478.0 1.3529853275093419e-08
2479.0 1.3523034961435626e-08
2480.0 1.3516216647777833e-08
2481.0 1.3509398334120034e-08
2482.0 1.3503116656598513e-08
2483.0 1.3497102373573918e-08
2484.0 1.3491088090549327e-08
2485.0 1.3485073807524735e-08
2486.0 1.3479059524500142e-08
2487.0 1.347304524147555e-08
2488.0 1.3467030958450955e-08
2489.0 1.3461016675426364e-08
2490.0 1.3455002392401771e-08
2491.0 1.344898810937718e-08
2492.0 1.3442973826352583e-08
2493.0 1.3436959543327995e-08
2494.0 1.3430945260303401e-08
2495.0 1.3424930977278808e-08
2496.0 1.3418916694254217e-08
2497.0 1.3412902411229623e-08
2498.0 1.3406888128205032e-08
2499.0 1.3400873845180438e-08
2500.0 1.3394859562155845e-08
2501.0 1.3388845279131254e-08
2502.0 1.338283099610666e-08
2503.0 1.3376816713082069e-08
2504.0 1.3370802430057473e-08
2505.0 1.3364788147032882e-08
2506.0 1.3358773864008291e-08
2507.0 1.3352759580983697e-08
2508.0 1.3346745297959106e-08
2509.0 1.3340731014934511e-08
2510.0 1.3334716731909916e-08
2511.0 1.3328702448885328e-08
2512.0 1.3322688165860732e-08
2513.0 1.331667388283614e-08
2514.0 1.3310659599811548e-08
2515.0 1.3304645316786956e-08
2516.0 1.3298631033762365e-08
2517.0 1.3292616750737769e-08
2518.0 1.3286602467713176e-08
2519.0 1.3280588184688585e-08
2520.0 1.3274573901663993e-08
2521.0 1.3268559618639402e-08
2522.0 1.3262545335614806e-08
2523.0 1.3256531052590213e-08
2524.0 1.325051676956562e-08
2525.0 1.324450248654103e-08
2526.0 1.3238488203516435e-08
2527.0 1.3232473920491842e-08
2528.0 1.322645963746725e-08
2529.0 1.3220445354442657e-08
2530.0 1.3214431071418066e-08
2531.0 1.320841678839347e-08
2532.0 1.3202402505368881e-08
2533.0 1.3196388222344287e-08
2534.0 1.3190373939319694e-08
2535.0 1.3184359656295103e-08
2536.0 1.3178345373270509e-08
2537.0 1.3172331090245918e-08
2538.0 1.3166316807221323e-08
2539.0 1.3160302524196732e-08
2540.0 1.315428824117214e-08
2541.0 1.3148273958147546e-08
2542.0 1.3142259675122955e-08
2543.0 1.313624539209836e-08
2544.0 1.313023110907377e-08
2545.0 1.3124216826049177e-08
2546.0 1.3118202543024582e-08
2547.0 1.3112188259999991e-08
2548.0 1.3106173976975397e-08
2549.0 1.3100159693950801e-08
2550.0 1.3094145410926214e-08
2551.0 1.3088131127901618e-08
2552.0 1.3082116844877028e-08
2553.0 1.3076102561852436e-08
2554.0 1.3070088278827838e-08
2555.0 1.306407399580325e-08
2556.0 1.3058059712778654e-08
2557.0 1.3052045429754063e-08
2558.0 1.3046031146729472e-08
2559.0 1.3040016863704878e-08
2560.0 1.3034002580680287e-08
2561.0 1.3027988297655691e-08
2562.0 1.30219740146311e-08
2563.0 1.3015959731606506e-08
2564.0 1.3009945448581915e-08
2565.0 1.300393116555732e-08
2566.0 1.299791688253273e-08
2567.0 1.2991902599508137e-08
2568.0 1.2985888316483543e-08
2569.0 1.2979874033458952e-08
2570.0 1.2973859750434361e-08
2571.0 1.2967845467409767e-08
2572.0 1.2961831184385174e-08
2573.0 1.2955816901360583e-08
2574.0 1.2949802618335989e-08
2575.0 1.2943788335311394e-08
2576.0 1.2937774052286803e-08
2577.0 1.293175976926221e-08
2578.0 1.292574548623762e-08
2579.0 1.2919731203213025e-08
2580.0 1.2913716920188431e-08
2581.0 1.290770263716384e-08
2582.0 1.2901688354139248e-08
2583.0 1.2895674071114657e-08
2584.0 1.2889659788090062e-08
2585.0 1.2883645505065468e-08
2586.0 1.2877631222040875e-08
2587.0 1.2871616939016284e-08
2588.0 1.2865602655991693e-08
2589.0 1.2859588372967099e-08
2590.0 1.2853574089942503e-08
2591.0 1.2847559806917914e-08
2592.0 1.2841545523893321e-08
2593.0 1.283553124086873e-08
2594.0 1.2829516957844136e-08
2595.0 1.282350267481954e-08
2596.0 1.281748839179495e-08
2597.0 1.2811474108770358e-08
2598.0 1.2805459825745764e-08
2599.0 1.2799445542721173e-08
2600.0 1.2793431259696577e-08
2601.0 1.2787416976671988e-08
2602.0 1.2781402693647392e-08
2603.0 1.27753884106228e-08
2604.0 1.2769374127598208e-08
2605.0 1.2763359844573615e-08
2606.0 1.2757345561549024e-08
2607.0 1.2751331278524428e-08
2608.0 1.2745316995499837e-08
2609.0 1.2739302712475246e-08
2610.0 1.2733288429450652e-08
2611.0 1.2727274146426061e-08
2612.0 1.2721259863401469e-08
2613.0 1.2715245580376874e-08
2614.0 1.2709231297352282e-08
2615.0 1.270321701432769e-08
2616.0 1.2697202731303096e-08
2617.0 1.2691188448278505e-08
2618.0 1.2685174165253911e-08
2619.0 1.267915988222932e-08
2620.0 1.2673145599204728e-08
2621.0 1.2667131316180133e-08
2622.0 1.2661117033155542e-08
2623.0 1.2655102750130946e-08
2624.0 1.2649088467106357e-08
2625.0 1.2643074184081761e-08
2626.0 1.263705990105717e-08
2627.0 1.2631045618032579e-08
2628.0 1.2625031335007985e-08
2629.0 1.2619017051983394e-08
2630.0 1.2613002768958801e-08
2631.0 1.2606988485934207e-08
2632.0 1.2600974202909616e-08
2633.0 1.2594959919885022e-08
2634.0 1.2588945636860426e-08
2635.0 1.2582931353835838e-08
2636.0 1.2576917070811244e-08
2637.0 1.257090278778665e-08
2638.0 1.2564888504762058e-08
2639.0 1.2558874221737463e-08
2640.0 1.2552859938712875e-08
2641.0 1.2546845655688279e-08
2642.0 1.254083137266369e-08
2643.0 1.2534817089639094e-08
2644.0 1.2528802806614503e-08
2645.0 1.2522788523589912e-08
2646.0 1.2516774240565316e-08
2647.0 1.2510759957540726e-08
2648.0 1.2504745674516132e-08
2649.0 1.249873139149154e-08
2650.0 1.2492717108466949e-08
2651.0 1.2486702825442354e-08
2652.0 1.248068854241776e-08
2653.0 1.2474674259393167e-08
2654.0 1.2468659976368576e-08
2655.0 1.2462645693343982e-08
2656.0 1.2456631410319391e-08
2657.0 1.2450617127294797e-08
2658.0 1.2444602844270206e-08
2659.0 1.2438588561245613e-08
2660.0 1.2432574278221022e-08
2661.0 1.2426559995196428e-08
2662.0 1.2420545712171832e-08
2663.0 1.2414531429147243e-08
2664.0 1.2408517146122647e-08
2665.0 1.2402502863098059e-08
2666.0 1.2396488580073465e-08
2667.0 1.239047429704887e-08
2668.0 1.238446001402428e-08
2669.0 1.2378445730999687e-08
2670.0 1.2372431447975093e-08
2671.0 1.2366417164950502e-08
2672.0 1.2360402881925907e-08
2673.0 1.2354711830665191e-08
2674.0 1.2349291621618043e-08
2675.0 1.2343871412570892e-08
2676.0 1.2338451203523749e-08
2677.0 1.2333030994476596e-08
2678.0 1.2327610785429453e-08
2679.0 1.2322190576382303e-08
2680.0 1.2316770367335155e-08
2681.0 1.2311350158288007e-08
2682.0 1.230592994924086e-08
2683.0 1.2300509740193713e-08
2684.0 1.2295089531146565e-08
2685.0 1.2289669322099417e-08
2686.0 1.2284249113052271e-08
2687.0 1.2278828904005121e-08
2688.0 1.2273408694957975e-08
2689.0 1.2267988485910825e-08
2690.0 1.2262568276863674e-08
2691.0 1.225714806781653e-08
2692.0 1.2251727858769383e-08
2693.0 1.2246307649722235e-08
2694.0 1.2240887440675085e-08
2695.0 1.2235467231627939e-08
2696.0 1.223004702258079e-08
2697.0 1.2224626813533643e-08
2698.0 1.2219206604486492e-08
2699.0 1.2213786395439347e-08
2700.0 1.2208366186392199e-08
2701.0 1.2202945977345053e-08
2702.0 1.2197525768297903e-08
2703.0 1.2192105559250754e-08
2704.0 1.2186685350203607e-08
2705.0 1.2181265141156458e-08
2706.0 1.2175844932109311e-08
2707.0 1.2170424723062163e-08
2708.0 1.2165004514015017e-08
2709.0 1.2159584304967867e-08
2710.0 1.2154164095920721e-08
2711.0 1.2148743886873575e-08
2712.0 1.2143323677826422e-08
2713.0 1.2137903468779275e-08
2714.0 1.2132483259732129e-08
2715.0 1.2127063050684981e-08
2716.0 1.2121642841637831e-08
2717.0 1.2116222632590685e-08
2718.0 1.2110802423543539e-08
2719.0 1.2105382214496389e-08
2720.0 1.2099962005449243e-08
2721.0 1.2094541796402092e-08
2722.0 1.2089121587354947e-08
2723.0 1.2083701378307796e-08
2724.0 1.2078281169260651e-08
2725.0 1.20728609602135e-08
2726.0 1.2067440751166355e-08
2727.0 1.2062020542119204e-08
2728.0 1.205660033307206e-08
2729.0 1.2051180124024911e-08
2730.0 1.2045759914977765e-08
2731.0 1.2040339705930615e-08
2732.0 1.2034919496883464e-08
2733.0 1.2029499287836319e-08
2734.0 1.2024079078789171e-08
2735.0 1.2018658869742021e-08
2736.0 1.2013238660694875e-08
2737.0 1.2007818451647726e-08
2738.0 1.200239824260058e-08
2739.0 1.1996978033553433e-08
2740.0 1.1991557824506283e-08
2741.0 1.1986137615459137e-08
2742.0 1.1980717406411989e-08
2743.0 1.1975297197364841e-08
2744.0 1.1969876988317693e-08
2745.0 1.1964456779270547e-08
2746.0 1.1959036570223397e-08
2747.0 1.195361636117625e-08
2748.0 1.1948196152129101e-08
2749.0 1.1942775943081953e-08
2750.0 1.1937355734034807e-08
2751.0 1.1931935524987657e-08
2752.0 1.192651531594051e-08
2753.0 1.1921095106893364e-08
2754.0 1.1915674897846215e-08
2755.0 1.1910254688799065e-08
2756.0 1.1904834479751919e-08
2757.0 1.1899414270704771e-08
2758.0 1.1893994061657621e-08
2759.0 1.1888573852610475e-08
2760.0 1.1883153643563325e-08
2761.0 1.1877733434516179e-08
2762.0 1.187231322546903e-08
2763.0 1.1866893016421883e-08
2764.0 1.1861472807374735e-08
2765.0 1.1856052598327587e-08
2766.0 1.185063238928044e-08
2767.0 1.184521218023329e-08
2768.0 1.1839791971186145e-08
2769.0 1.1834371762138997e-08
2770.0 1.182895155309185e-08
2771.0 1.1823531344044699e-08
2772.0 1.1818111134997551e-08
2773.0 1.1812690925950405e-08
2774.0 1.1807270716903257e-08
2775.0 1.1801850507856109e-08
2776.0 1.1796430298808958e-08
2777.0 1.1791010089761815e-08
2778.0 1.1785589880714663e-08
2779.0 1.1780169671667519e-08
2780.0 1.1774749462620367e-08
2781.0 1.1769329253573223e-08
2782.0 1.1763909044526071e-08
2783.0 1.1758488835478927e-08
2784.0 1.1753068626431779e-08
2785.0 1.174764841738463e-08
2786.0 1.1742228208337483e-08
2787.0 1.1736807999290336e-08
2788.0 1.1731387790243187e-08
2789.0 1.172596758119604e-08
2790.0 1.172054737214889e-08
2791.0 1.1715127163101745e-08
2792.0 1.1709706954054593e-08
2793.0 1.1704286745007449e-08
2794.0 1.16988665359603e-08
2795.0 1.1693446326913151e-08
2796.0 1.1688026117866005e-08
2797.0 1.1682605908818855e-08
2798.0 1.1677185699771709e-08
2799.0 1.1671765490724559e-08
2800.0 1.1666345281677413e-08
2801.0 1.1660925072630265e-08
2802.0 1.1655504863583118e-08
2803.0 1.1650084654535969e-08
2804.0 1.1644664445488819e-08
2805.0 1.1639244236441673e-08
2806.0 1.1633824027394525e-08
2807.0 1.1628403818347377e-08
2808.0 1.162298360930023e-08
2809.0 1.1617563400253083e-08
2810.0 1.1612143191205935e-08
2811.0 1.1606722982158787e-08
2812.0 1.160130277311164e-08
2813.0 1.1595882564064489e-08
2814.0 1.1590462355017344e-08
2815.0 1.1585042145970193e-08
2816.0 1.1579621936923047e-08
2817.0 1.1574201727875897e-08
2818.0 1.156878151882875e-08
2819.0 1.1563361309781601e-08
2820.0 1.1557941100734455e-08
2821.0 1.1552520891687308e-08
2822.0 1.1547100682640157e-08
2823.0 1.1541680473593012e-08
2824.0 1.1536260264545863e-08
2825.0 1.1530840055498716e-08
2826.0 1.1525419846451569e-08
2827.0 1.1519999637404419e-08
2828.0 1.1514579428357273e-08
2829.0 1.1509159219310126e-08
2830.0 1.1503739010262977e-08
2831.0 1.1498318801215827e-08
2832.0 1.149289859216868e-08
2833.0 1.1487478383121534e-08
2834.0 1.1482058174074385e-08
2835.0 1.1476637965027238e-08
2836.0 1.147121775598009e-08
2837.0 1.1465797546932944e-08
2838.0 1.1460377337885794e-08
2839.0 1.1454957128838645e-08
2840.0 1.1449536919791498e-08
2841.0 1.1444116710744349e-08
2842.0 1.1438696501697202e-08
2843.0 1.1433276292650055e-08
2844.0 1.1427856083602908e-08
2845.0 1.1422435874555755e-08
2846.0 1.1417015665508612e-08
2847.0 1.1411595456461461e-08
2848.0 1.1406175247414316e-08
2849.0 1.1400755038367167e-08
2850.0 1.1395334829320019e-08
2851.0 1.1389914620272872e-08
2852.0 1.1384494411225723e-08
2853.0 1.1379074202178576e-08
2854.0 1.1373653993131427e-08
2855.0 1.136823378408428e-08
2856.0 1.136281357503713e-08
2857.0 1.1357393365989984e-08
2858.0 1.1351973156942836e-08
2859.0 1.1346552947895687e-08
2860.0 1.134113273884854e-08
2861.0 1.1335712529801391e-08
2862.0 1.1330292320754245e-08
2863.0 1.1324872111707098e-08
2864.0 1.1319451902659949e-08
2865.0 1.1314031693612802e-08
2866.0 1.1308611484565653e-08
2867.0 1.1303191275518506e-08
2868.0 1.1297771066471355e-08
2869.0 1.129235085742421e-08
2870.0 1.1286930648377059e-08
2871.0 1.1281510439329916e-08
2872.0 1.1276090230282765e-08
2873.0 1.127067002123562e-08
2874.0 1.1265249812188469e-08
2875.0 1.1259829603141324e-08
2876.0 1.1254409394094174e-08
2877.0 1.1248989185047028e-08
2878.0 1.124356897599988e-08
2879.0 1.1238523024899887e-08
2880.0 1.1233637791381814e-08
2881.0 1.1228752557863745e-08
2882.0 1.1223867324345672e-08
2883.0 1.1218982090827601e-08
2884.0 1.1214096857309528e-08
2885.0 1.1209211623791459e-08
2886.0 1.1204326390273389e-08
2887.0 1.1199441156755315e-08
2888.0 1.1194555923237242e-08
2889.0 1.1189670689719173e-08
2890.0 1.1184785456201103e-08
2891.0 1.1179900222683027e-08
2892.0 1.1175014989164959e-08
2893.0 1.1170129755646887e-08
2894.0 1.1165244522128816e-08
2895.0 1.1160359288610746e-08
2896.0 1.1155474055092672e-08
2897.0 1.1150588821574599e-08
2898.0 1.114570358805653e-08
2899.0 1.114081835453846e-08
2900.0 1.1135933121020386e-08
2901.0 1.1131047887502313e-08
2902.0 1.1126162653984244e-08
2903.0 1.1121277420466174e-08
2904.0 1.1116392186948098e-08
2905.0 1.1111506953430027e-08
2906.0 1.1106621719911958e-08
2907.0 1.1101736486393888e-08
2908.0 1.1096851252875817e-08
2909.0 1.1091966019357744e-08
2910.0 1.1087080785839672e-08
2911.0 1.1082195552321601e-08
2912.0 1.1077310318803531e-08
2913.0 1.1072425085285457e-08
2914.0 1.1067539851767384e-08
2915.0 1.1062654618249315e-08
2916.0 1.1057769384731245e-08
2917.0 1.1052884151213173e-08
2918.0 1.1047998917695098e-08
2919.0 1.1043113684177029e-08
2920.0 1.1038228450658959e-08
2921.0 1.1033343217140885e-08
2922.0 1.1028457983622811e-08
2923.0 1.1023572750104743e-08
2924.0 1.1018687516586673e-08
2925.0 1.10138022830686e-08
2926.0 1.100891704955053e-08
2927.0 1.1004031816032457e-08
2928.0 1.0999146582514386e-08
2929.0 1.0994261348996316e-08
2930.0 1.0989376115478244e-08
2931.0 1.0984490881960169e-08
2932.0 1.09796056484421e-08
2933.0 1.0974720414924028e-08
2934.0 1.0969835181405958e-08
2935.0 1.0964949947887884e-08
2936.0 1.0960064714369814e-08
2937.0 1.0955179480851742e-08
2938.0 1.0950294247333672e-08
2939.0 1.0945409013815598e-08
2940.0 1.0940523780297526e-08
2941.0 1.0935638546779458e-08
2942.0 1.0930753313261386e-08
2943.0 1.0925868079743314e-08
2944.0 1.0920982846225243e-08
2945.0 1.0916097612707171e-08
2946.0 1.09112123791891e-08
2947.0 1.0906327145671027e-08
2948.0 1.0901441912152955e-08
2949.0 1.0896556678634885e-08
2950.0 1.0891671445116813e-08
2951.0 1.0886786211598741e-08
2952.0 1.0881900978080673e-08
2953.0 1.0877015744562599e-08
2954.0 1.0872130511044529e-08
2955.0 1.0867245277526457e-08
2956.0 1.0862360044008385e-08
2957.0 1.0857474810490311e-08
2958.0 1.0852589576972243e-08
2959.0 1.084770434345417e-08
2960.0 1.0842819109936099e-08
2961.0 1.0837933876418028e-08
2962.0 1.0833048642899956e-08
2963.0 1.0828163409381886e-08
2964.0 1.0823278175863812e-08
2965.0 1.0818392942345744e-08
2966.0 1.081350770882767e-08
2967.0 1.08086224753096e-08
2968.0 1.0803737241791526e-08
2969.0 1.0798852008273458e-08
2970.0 1.0793966774755384e-08
2971.0 1.0789081541237314e-08
2972.0 1.0784196307719242e-08
2973.0 1.0779311074201171e-08
2974.0 1.07744258406831e-08
2975.0 1.0769540607165028e-08
2976.0 1.0764655373646957e-08
2977.0 1.0759770140128884e-08
2978.0 1.0754884906610813e-08
2979.0 1.0749999673092741e-08
2980.0 1.0745114439574671e-08
2981.0 1.0740229206056597e-08
2982.0 1.0735343972538529e-08
2983.0 1.0730458739020455e-08
2984.0 1.0725573505502385e-08
2985.0 1.0720688271984313e-08
2986.0 1.0715803038466243e-08
2987.0 1.071091780494817e-08
2988.0 1.0706032571430099e-08
2989.0 1.0701147337912027e-08
2990.0 1.0696262104393956e-08
2991.0 1.0691376870875884e-08
2992.0 1.0686491637357811e-08
2993.0 1.0681606403839742e-08
2994.0 1.0676721170321672e-08
2995.0 1.0671835936803598e-08
2996.0 1.0666950703285528e-08
2997.0 1.0662065469767456e-08
2998.0 1.0657180236249386e-08
2999.0 1.0652295002731312e-08
3000.0 1.064740976921324e-08
3001.0 1.064252453569517e-08
3002.0 1.0637639302177098e-08
3003.0 1.0632754068659028e-08
3004.0 1.0627868835140954e-08
3005.0 1.0622983601622884e-08
3006.0 1.0618098368104813e-08
3007.0 1.0613213134586741e-08
3008.0 1.060832790106867e-08
3009.0 1.0603442667550596e-08
3010.0 1.0598557434032527e-08
3011.0 1.0593672200514455e-08
3012.0 1.0588786966996383e-08
3013.0 1.0583901733478313e-08
3014.0 1.0579016499960241e-08
3015.0 1.0574131266442169e-08
3016.0 1.0569246032924097e-08
3017.0 1.0564360799406025e-08
3018.0 1.0559475565887955e-08
3019.0 1.0554590332369883e-08
3020.0 1.0549705098851813e-08
3021.0 1.0544819865333739e-08
3022.0 1.0539934631815669e-08
3023.0 1.0535049398297597e-08
3024.0 1.0530164164779526e-08
3025.0 1.0525278931261456e-08
3026.0 1.052039369774338e-08
3027.0 1.0515508464225312e-08
3028.0 1.051062323070724e-08
3029.0 1.0505737997189168e-08
3030.0 1.0500852763671098e-08
3031.0 1.0495967530153026e-08
3032.0 1.0491082296634956e-08
3033.0 1.0486197063116882e-08
3034.0 1.0481311829598813e-08
3035.0 1.047642659608074e-08
3036.0 1.047154136256267e-08
3037.0 1.0466656129044598e-08
3038.0 1.0461770895526527e-08
3039.0 1.0456885662008454e-08
3040.0 1.0452000428490382e-08
3041.0 1.0447115194972315e-08
3042.0 1.044222996145424e-08
3043.0 1.0437344727936169e-08
3044.0 1.0432459494418097e-08
3045.0 1.0427574260900027e-08
3046.0 1.0422689027381953e-08
3047.0 1.0417803793863885e-08
3048.0 1.0412918560345811e-08
3049.0 1.040803332682774e-08
3050.0 1.040314809330967e-08
3051.0 1.0398262859791598e-08
3052.0 1.0393377626273525e-08
3053.0 1.0388492392755454e-08
3054.0 1.0383607159237383e-08
3055.0 1.0378721925719312e-08
3056.0 1.037383669220124e-08
3057.0 1.0368951458683168e-08
3058.0 1.03640662251651e-08
3059.0 1.0359180991647024e-08
3060.0 1.0354295758128954e-08
3061.0 1.0349410524610884e-08
3062.0 1.0344525291092812e-08
3063.0 1.0339640057574742e-08
3064.0 1.0334754824056668e-08
3065.0 1.0329869590538598e-08
3066.0 1.0324984357020526e-08
3067.0 1.0320099123502455e-08
3068.0 1.0315213889984383e-08
3069.0 1.031032865646631e-08
3070.0 1.030544342294824e-08
3071.0 1.0300558189430168e-08
3072.0 1.0295672955912097e-08
3073.0 1.0290787722394024e-08
3074.0 1.0285902488875953e-08
3075.0 1.0281017255357883e-08
3076.0 1.0276132021839811e-08
3077.0 1.0271246788321739e-08
3078.0 1.0266361554803669e-08
3079.0 1.0261476321285597e-08
3080.0 1.0256591087767525e-08
3081.0 1.0251705854249453e-08
3082.0 1.0246820620731383e-08
3083.0 1.024193538721331e-08
3084.0 1.0237050153695239e-08
3085.0 1.0232164920177167e-08
3086.0 1.0227279686659095e-08
3087.0 1.0222394453141024e-08
3088.0 1.0217509219622953e-08
3089.0 1.0212623986104882e-08
3090.0 1.0207738752586809e-08
3091.0 1.0202853519068738e-08
3092.0 1.019796828555067e-08
3093.0 1.0193083052032596e-08
3094.0 1.0188197818514524e-08
3095.0 1.0183312584996454e-08
3096.0 1.0178427351478382e-08
3097.0 1.017354211796031e-08
3098.0 1.0168656884442238e-08
3099.0 1.0163771650924168e-08
3100.0 1.0158886417406096e-08
