2.0 1.23702658187143e-07
3.0 1.6640925219308704e-07
4.0 2.0614065168943704e-07
5.0 2.4292746773631874e-07
6.0 2.7680717103645403e-07
7.0 3.0798043804483455e-07
8.0 3.3661173765082575e-07
9.0 3.627079734273765e-07
10.0 3.8667268602489367e-07
11.0 4.0865832891181326e-07
12.0 4.282269066032552e-07
13.0 4.464338007711246e-07
14.0 4.6278108662622256e-07
15.0 4.773200733690601e-07
16.0 4.907807062351073e-07
17.0 5.0275291476097e-07
18.0 5.130035539438682e-07
19.0 5.221414912065022e-07
20.0 5.304641088381516e-07
21.0 5.375255458270164e-07
22.0 5.434958158922931e-07
23.0 5.484152352770271e-07
24.0 5.519852072053458e-07
25.0 5.552456408017115e-07
26.0 5.574767173412292e-07
27.0 5.594152312970741e-07
28.0 5.597112429851523e-07
29.0 5.598758187653478e-07
30.0 5.5859158894044e-07
31.0 5.573073591155323e-07
32.0 5.553319679740502e-07
33.0 5.53240185254976e-07
34.0 5.505940935808045e-07
35.0 5.472894104170122e-07
36.0 5.4398472725322e-07
37.0 5.396875601553516e-07
38.0 5.352465056901241e-07
39.0 5.307669945756831e-07
40.0 5.259021567934637e-07
41.0 5.210373190112447e-07
42.0 5.161490050082233e-07
43.0 5.110338373764717e-07
44.0 5.0591866974472e-07
45.0 5.008035021129686e-07
46.0 4.954659689816259e-07
47.0 4.900940213263957e-07
48.0 4.84722073671165e-07
49.0 4.793332602191335e-07
50.0 4.7391801721512165e-07
51.0 4.685027742111095e-07
52.0 4.630875312070973e-07
53.0 4.5784294382135304e-07
54.0 4.526921364293952e-07
55.0 4.4754132903743753e-07
56.0 4.4239052164548004e-07
57.0 4.374365686109807e-07
58.0 4.326070149503946e-07
59.0 4.277774612898085e-07
60.0 4.2294790762922233e-07
61.0 4.1817234236727033e-07
62.0 4.135430630475397e-07
63.0 4.089137837278088e-07
64.0 4.0428450440807813e-07
65.0 3.996552250883474e-07
66.0 3.9521205850142027e-07
67.0 3.908972422544462e-07
68.0 3.86582426007472e-07
69.0 3.822676097604979e-07
70.0 3.779527935135237e-07
71.0 3.7387304333134836e-07
72.0 3.699826766367834e-07
73.0 3.660923099422184e-07
74.0 3.622019432476534e-07
75.0 3.583115765530884e-07
76.0 3.5445363333536644e-07
77.0 3.508171037729843e-07
78.0 3.471805742106022e-07
79.0 3.435440446482199e-07
80.0 3.399075150858378e-07
81.0 3.362709855234556e-07
82.0 3.32708086128505e-07
83.0 3.2933108102289244e-07
84.0 3.2595407591727976e-07
85.0 3.225770708116671e-07
86.0 3.1920006570605455e-07
87.0 3.158230606004418e-07
88.0 3.1244605549482924e-07
89.0 3.094371082444185e-07
90.0 3.0643204494077146e-07
91.0 3.0342698163712444e-07
92.0 3.0042191833347736e-07
93.0 2.9741685502983033e-07
94.0 2.944117917261832e-07
95.0 2.9145864463936566e-07
96.0 2.887000976603862e-07
97.0 2.8594155068140687e-07
98.0 2.831830037024275e-07
99.0 2.804244567234481e-07
100.0 2.776659097444688e-07
101.0 2.7490736276548943e-07
102.0 2.7214881578651006e-07
103.0 2.6957470314156516e-07
104.0 2.670189436405921e-07
105.0 2.64463184139619e-07
106.0 2.6190742463864587e-07
107.0 2.593516651376728e-07
108.0 2.5679590563669973e-07
109.0 2.542401461357267e-07
110.0 2.51699152683671e-07
111.0 2.4946419794059164e-07
112.0 2.4722924319751234e-07
113.0 2.4499428845443293e-07
114.0 2.4275933371135357e-07
115.0 2.4052437896827426e-07
116.0 2.3828942422519493e-07
117.0 2.3605446948211565e-07
118.0 2.3381951473903616e-07
119.0 2.3171513300486931e-07
120.0 2.2970652125496167e-07
121.0 2.2769790950505392e-07
122.0 2.2568929775514628e-07
123.0 2.2368068600523856e-07
124.0 2.2167207425533094e-07
125.0 2.1966346250542322e-07
126.0 2.1765485075551552e-07
127.0 2.1564623900560783e-07
128.0 2.13710039197022e-07
129.0 2.1186043388575554e-07
130.0 2.1001082857448916e-07
131.0 2.081612232632227e-07
132.0 2.063116179519563e-07
133.0 2.0446201264068986e-07
134.0 2.0261240732942348e-07
135.0 2.0076280201815703e-07
136.0 1.9891319670689063e-07
137.0 1.970635913956242e-07
138.0 1.9537780069605073e-07
139.0 1.9378766385803591e-07
140.0 1.92197527020021e-07
141.0 1.9060739018200612e-07
142.0 1.8901725334399122e-07
143.0 1.8742711650597637e-07
144.0 1.858369796679615e-07
145.0 1.8424684282994663e-07
146.0 1.8265670599193178e-07
147.0 1.8106656915391689e-07
148.0 1.7948670935401912e-07
149.0 1.7809968222937393e-07
150.0 1.767126551047288e-07
151.0 1.7532562798008357e-07
152.0 1.7393860085543844e-07
153.0 1.7255157373079322e-07
154.0 1.7116454660614808e-07
155.0 1.6977751948150292e-07
156.0 1.683904923568577e-07
157.0 1.6700346523221257e-07
158.0 1.6561643810756733e-07
159.0 1.642294109829222e-07
160.0 1.6291985041272574e-07
161.0 1.6165111569416043e-07
162.0 1.6038238097559517e-07
163.0 1.5911364625702986e-07
164.0 1.5784491153846458e-07
165.0 1.5657617681989932e-07
166.0 1.5530744210133398e-07
167.0 1.5403870738276873e-07
168.0 1.5276997266420342e-07
169.0 1.5150123794563813e-07
170.0 1.5023250322707285e-07
171.0 1.4896376850850756e-07
172.0 1.4776965395415068e-07
173.0 1.4669656795973822e-07
174.0 1.4562348196532576e-07
175.0 1.4455039597091327e-07
176.0 1.4347730997650084e-07
177.0 1.4240422398208838e-07
178.0 1.4133113798767594e-07
179.0 1.4025805199326348e-07
180.0 1.39184965998851e-07
181.0 1.3811188000443856e-07
182.0 1.370387940100261e-07
183.0 1.3596570801561364e-07
184.0 1.348926220212012e-07
185.0 1.3384632333829008e-07
186.0 1.3293801545196304e-07
187.0 1.3202970756563592e-07
188.0 1.311213996793089e-07
189.0 1.3021309179298186e-07
190.0 1.2930478390665474e-07
191.0 1.283964760203277e-07
192.0 1.2748816813400062e-07
193.0 1.2657986024767355e-07
194.0 1.2567155236134648e-07
195.0 1.2476324447501944e-07
196.0 1.2385493658869232e-07
197.0 1.2294662870236527e-07
198.0 1.220383208160382e-07
199.0 1.2113001292971116e-07
200.0 1.2030160012780755e-07
201.0 1.194796130845698e-07
202.0 1.1865762604133207e-07
203.0 1.1783563899809433e-07
204.0 1.1701365195485657e-07
205.0 1.1619166491161884e-07
206.0 1.153696778683811e-07
207.0 1.1454769082514334e-07
208.0 1.1372570378190563e-07
209.0 1.1290371673866787e-07
210.0 1.1208172969543011e-07
211.0 1.112597426521924e-07
212.0 1.1043775560895465e-07
213.0 1.096157685657169e-07
214.0 1.0879378152247915e-07
215.0 1.0805030626192976e-07
216.0 1.0736095049213326e-07
217.0 1.0667159472233678e-07
218.0 1.059822389525403e-07
219.0 1.0529288318274383e-07
220.0 1.0460352741294734e-07
221.0 1.0391417164315084e-07
222.0 1.0322481587335438e-07
223.0 1.0253546010355789e-07
224.0 1.0184610433376141e-07
225.0 1.0115674856396496e-07
226.0 1.0046739279416846e-07
227.0 9.977803702437198e-08
228.0 9.90886812545755e-08
229.0 9.839932548477903e-08
230.0 9.770996971498255e-08
231.0 9.703017643407296e-08
232.0 9.646454583967562e-08
233.0 9.58989152452783e-08
234.0 9.533328465088094e-08
235.0 9.476765405648362e-08
236.0 9.42020234620863e-08
237.0 9.363639286768896e-08
238.0 9.307076227329159e-08
239.0 9.250513167889427e-08
240.0 9.193950108449691e-08
241.0 9.137387049009959e-08
242.0 9.080823989570225e-08
243.0 9.024260930130493e-08
244.0 8.967697870690757e-08
245.0 8.911134811251025e-08
246.0 8.854571751811288e-08
247.0 8.798008692371559e-08
248.0 8.741445632931823e-08
249.0 8.686636949771425e-08
250.0 8.636111234296716e-08
251.0 8.585585518822007e-08
252.0 8.535059803347293e-08
253.0 8.484534087872583e-08
254.0 8.434008372397872e-08
255.0 8.383482656923162e-08
256.0 8.332956941448453e-08
257.0 8.282431225973741e-08
258.0 8.23190551049903e-08
259.0 8.181379795024321e-08
260.0 8.13085407954961e-08
261.0 8.080328364074898e-08
262.0 8.02980264860019e-08
263.0 7.979276933125479e-08
264.0 7.928751217650768e-08
265.0 7.878225502176058e-08
266.0 7.827699786701347e-08
267.0 7.777174071226637e-08
268.0 7.727770313861629e-08
269.0 7.68562521072769e-08
270.0 7.643480107593752e-08
271.0 7.601335004459817e-08
272.0 7.559189901325878e-08
273.0 7.517044798191942e-08
274.0 7.474899695058004e-08
275.0 7.432754591924066e-08
276.0 7.390609488790128e-08
277.0 7.34846438565619e-08
278.0 7.306319282522252e-08
279.0 7.264174179388315e-08
280.0 7.222029076254378e-08
281.0 7.17988397312044e-08
282.0 7.137738869986502e-08
283.0 7.095593766852565e-08
284.0 7.053448663718628e-08
285.0 7.011303560584689e-08
286.0 6.969158457450753e-08
287.0 6.927013354316814e-08
288.0 6.884868251182877e-08
289.0 6.846942672427675e-08
290.0 6.813209233958168e-08
291.0 6.779475795488662e-08
292.0 6.745742357019154e-08
293.0 6.712008918549647e-08
294.0 6.678275480080139e-08
295.0 6.644542041610632e-08
296.0 6.610808603141124e-08
297.0 6.577075164671616e-08
298.0 6.543341726202108e-08
299.0 6.509608287732602e-08
300.0 6.475874849263092e-08
301.0 6.442141410793587e-08
302.0 6.408407972324079e-08
303.0 6.374674533854571e-08
304.0 6.340941095385064e-08
305.0 6.307207656915557e-08
306.0 6.273474218446049e-08
307.0 6.239740779976542e-08
308.0 6.206007341507033e-08
309.0 6.172273903037527e-08
310.0 6.13854046456802e-08
311.0 6.105967716279052e-08
312.0 6.076376759250454e-08
313.0 6.046785802221854e-08
314.0 6.017194845193254e-08
315.0 5.987603888164654e-08
316.0 5.958012931136055e-08
317.0 5.928421974107454e-08
318.0 5.898831017078856e-08
319.0 5.869240060050257e-08
320.0 5.8396491030216574e-08
321.0 5.8100581459930566e-08
322.0 5.780467188964457e-08
323.0 5.7508762319358565e-08
324.0 5.721285274907258e-08
325.0 5.6916943178786584e-08
326.0 5.662103360850059e-08
327.0 5.632512403821458e-08
328.0 5.60292144679286e-08
329.0 5.573330489764261e-08
330.0 5.54373953273566e-08
331.0 5.5141485757070607e-08
332.0 5.4845576186784606e-08
333.0 5.4549666616498605e-08
334.0 5.425375704621262e-08
335.0 5.3974607213897335e-08
336.0 5.372697408468336e-08
337.0 5.34793409554694e-08
338.0 5.32317078262554e-08
339.0 5.298407469704143e-08
340.0 5.273644156782746e-08
341.0 5.248880843861347e-08
342.0 5.22411753093995e-08
343.0 5.199354218018552e-08
344.0 5.1745909050971544e-08
345.0 5.149827592175757e-08
346.0 5.1250642792543594e-08
347.0 5.1003009663329616e-08
348.0 5.0755376534115644e-08
349.0 5.050774340490167e-08
350.0 5.0260110275687695e-08
351.0 5.001247714647371e-08
352.0 4.976484401725974e-08
353.0 4.9517210888045766e-08
354.0 4.926957775883178e-08
355.0 4.9021944629617817e-08
356.0 4.877431150040384e-08
357.0 4.8526678371189854e-08
358.0 4.827904524197588e-08
359.0 4.803141211276189e-08
360.0 4.778377898354792e-08
361.0 4.756689113494969e-08
362.0 4.737313069136468e-08
363.0 4.717937024777964e-08
364.0 4.6985609804194626e-08
365.0 4.67918493606096e-08
366.0 4.659808891702458e-08
367.0 4.640432847343956e-08
368.0 4.621056802985453e-08
369.0 4.6016807586269516e-08
370.0 4.58230471426845e-08
371.0 4.562928669909946e-08
372.0 4.543552625551445e-08
373.0 4.524176581192942e-08
374.0 4.504800536834439e-08
375.0 4.485424492475938e-08
376.0 4.466048448117436e-08
377.0 4.446672403758934e-08
378.0 4.427296359400431e-08
379.0 4.407920315041929e-08
380.0 4.388544270683427e-08
381.0 4.369168226324924e-08
382.0 4.3497921819664216e-08
383.0 4.330416137607919e-08
384.0 4.311040093249417e-08
385.0 4.291664048890916e-08
386.0 4.272288004532413e-08
387.0 4.252911960173911e-08
388.0 4.2335359158154094e-08
389.0 4.2163411280967506e-08
390.0 4.199661904986792e-08
391.0 4.182982681876832e-08
392.0 4.166303458766873e-08
393.0 4.1496242356569134e-08
394.0 4.132945012546955e-08
395.0 4.1162657894369955e-08
396.0 4.099586566327036e-08
397.0 4.082907343217077e-08
398.0 4.066228120107117e-08
399.0 4.0495488969971584e-08
400.0 4.032869673887198e-08
401.0 4.01619045077724e-08
402.0 3.999511227667281e-08
403.0 3.982832004557321e-08
404.0 3.9661527814473616e-08
405.0 3.949473558337402e-08
406.0 3.9327943352274436e-08
407.0 3.9161151121174834e-08
408.0 3.8994358890075244e-08
409.0 3.882756665897564e-08
410.0 3.8660774427876065e-08
411.0 3.8493982196776475e-08
412.0 3.832718996567687e-08
413.0 3.816039773457727e-08
414.0 3.7993605503477687e-08
415.0 3.78268132723781e-08
416.0 3.76600210412785e-08
417.0 3.74932288101789e-08
418.0 3.732643657907931e-08
419.0 3.7184137123993717e-08
420.0 3.704430139873307e-08
421.0 3.690446567347241e-08
422.0 3.676462994821176e-08
423.0 3.662479422295111e-08
424.0 3.648495849769045e-08
425.0 3.634512277242982e-08
426.0 3.620528704716914e-08
427.0 3.60654513219085e-08
428.0 3.5925615596647844e-08
429.0 3.5785779871387195e-08
430.0 3.564594414612653e-08
431.0 3.5506108420865884e-08
432.0 3.536627269560523e-08
433.0 3.5226436970344573e-08
434.0 3.5086601245083925e-08
435.0 3.4946765519823276e-08
436.0 3.480692979456262e-08
437.0 3.4667094069301965e-08
438.0 3.4527258344041316e-08
439.0 3.438742261878067e-08
440.0 3.4247586893520005e-08
441.0 3.4107751168259356e-08
442.0 3.39679154429987e-08
443.0 3.382807971773805e-08
444.0 3.36882439924774e-08
445.0 3.354840826721675e-08
446.0 3.34085725419561e-08
447.0 3.326873681669544e-08
448.0 3.3128901091434795e-08
449.0 3.298906536617413e-08
450.0 3.284922964091348e-08
451.0 3.273181218544737e-08
452.0 3.262376040768475e-08
453.0 3.251570862992212e-08
454.0 3.240765685215949e-08
455.0 3.229960507439688e-08
456.0 3.219155329663425e-08
457.0 3.208350151887162e-08
458.0 3.1975449741108997e-08
459.0 3.1867397963346374e-08
460.0 3.175934618558375e-08
461.0 3.1651294407821116e-08
462.0 3.154324263005849e-08
463.0 3.143519085229587e-08
464.0 3.132713907453325e-08
465.0 3.121908729677062e-08
466.0 3.1111035519008e-08
467.0 3.100298374124537e-08
468.0 3.089493196348275e-08
469.0 3.0786880185720124e-08
470.0 3.0678828407957495e-08
471.0 3.057077663019488e-08
472.0 3.046272485243225e-08
473.0 3.035467307466963e-08
474.0 3.024662129690699e-08
475.0 3.013856951914438e-08
476.0 3.0030517741381754e-08
477.0 2.9922465963619125e-08
478.0 2.9814414185856496e-08
479.0 2.9706362408093874e-08
480.0 2.9598310630331245e-08
481.0 2.9490258852568626e-08
482.0 2.9382207074806e-08
483.0 2.927415529704338e-08
484.0 2.9166103519280752e-08
485.0 2.9058426288869673e-08
486.0 2.896769650288521e-08
487.0 2.8876966716900738e-08
488.0 2.8786236930916274e-08
489.0 2.8695507144931803e-08
490.0 2.8604777358947346e-08
491.0 2.8514047572962882e-08
492.0 2.842331778697841e-08
493.0 2.8332588000993954e-08
494.0 2.8241858215009487e-08
495.0 2.8151128429025023e-08
496.0 2.806039864304056e-08
497.0 2.7969668857056095e-08
498.0 2.787893907107163e-08
499.0 2.7788209285087167e-08
500.0 2.7697479499102703e-08
501.0 2.7606749713118232e-08
502.0 2.7516019927133772e-08
503.0 2.7425290141149305e-08
504.0 2.733456035516484e-08
505.0 2.724383056918038e-08
506.0 2.7153100783195913e-08
507.0 2.706237099721145e-08
508.0 2.6971641211226988e-08
509.0 2.6880911425242517e-08
510.0 2.6790181639258057e-08
511.0 2.669945185327359e-08
512.0 2.6608722067289122e-08
513.0 2.651799228130466e-08
514.0 2.6427262495320198e-08
515.0 2.633653270933573e-08
516.0 2.624580292335127e-08
517.0 2.61550731373668e-08
518.0 2.6064343351382338e-08
519.0 2.5973613565397874e-08
520.0 2.5882883779413407e-08
521.0 2.5792153993428946e-08
522.0 2.5701424207444482e-08
523.0 2.5619940818516026e-08
524.0 2.5543085811425803e-08
525.0 2.5466230804335583e-08
526.0 2.5389375797245363e-08
527.0 2.5312520790155144e-08
528.0 2.5235665783064924e-08
529.0 2.51588107759747e-08
530.0 2.508195576888448e-08
531.0 2.5005100761794258e-08
532.0 2.4928245754704042e-08
533.0 2.4851390747613816e-08
534.0 2.47745357405236e-08
535.0 2.4697680733433376e-08
536.0 2.4620825726343153e-08
537.0 2.4543970719252933e-08
538.0 2.4467115712162717e-08
539.0 2.4390260705072494e-08
540.0 2.4313405697982274e-08
541.0 2.4236550690892055e-08
542.0 2.415969568380183e-08
543.0 2.4082840676711615e-08
544.0 2.400598566962139e-08
545.0 2.392913066253117e-08
546.0 2.385227565544095e-08
547.0 2.3775420648350726e-08
548.0 2.3698565641260507e-08
549.0 2.3621710634170284e-08
550.0 2.3544855627080064e-08
551.0 2.3468000619989847e-08
552.0 2.3391145612899624e-08
553.0 2.33142906058094e-08
554.0 2.3237435598719182e-08
555.0 2.316058059162896e-08
556.0 2.3083725584538742e-08
557.0 2.3006870577448523e-08
558.0 2.29300155703583e-08
559.0 2.285316056326808e-08
560.0 2.2776305556177857e-08
561.0 2.2699450549087637e-08
562.0 2.2622595541997417e-08
563.0 2.255363226852558e-08
564.0 2.2494963178780586e-08
565.0 2.243629408903559e-08
566.0 2.2377624999290593e-08
567.0 2.2318955909545595e-08
568.0 2.2260286819800597e-08
569.0 2.22016177300556e-08
570.0 2.2142948640310598e-08
571.0 2.2084279550565603e-08
572.0 2.20256104608206e-08
573.0 2.196694137107561e-08
574.0 2.1908272281330606e-08
575.0 2.184960319158561e-08
576.0 2.1790934101840613e-08
577.0 2.1732265012095615e-08
578.0 2.1673595922350617e-08
579.0 2.161492683260562e-08
580.0 2.1556257742860624e-08
581.0 2.149758865311562e-08
582.0 2.1438919563370628e-08
583.0 2.1380250473625626e-08
584.0 2.132158138388063e-08
585.0 2.126291229413563e-08
586.0 2.1204243204390632e-08
587.0 2.1145574114645638e-08
588.0 2.1086905024900643e-08
589.0 2.102823593515564e-08
590.0 2.0969566845410647e-08
591.0 2.0910897755665645e-08
592.0 2.0852228665920647e-08
593.0 2.0793559576175653e-08
594.0 2.073489048643065e-08
595.0 2.067622139668565e-08
596.0 2.061755230694066e-08
597.0 2.0558883217195657e-08
598.0 2.0500214127450662e-08
599.0 2.044154503770566e-08
600.0 2.0382875947960666e-08
601.0 2.0324206858215668e-08
602.0 2.026553776847067e-08
603.0 2.0206868678725672e-08
604.0 2.0148199588980674e-08
605.0 2.0089530499235676e-08
606.0 2.0031934463213674e-08
607.0 1.9983724749860898e-08
608.0 1.9935515036508108e-08
609.0 1.9887305323155327e-08
610.0 1.9839095609802544e-08
611.0 1.979088589644976e-08
612.0 1.9742676183096974e-08
613.0 1.969446646974419e-08
614.0 1.964625675639141e-08
615.0 1.959804704303862e-08
616.0 1.954983732968584e-08
617.0 1.9501627616333057e-08
618.0 1.945341790298027e-08
619.0 1.9405208189627487e-08
620.0 1.9356998476274707e-08
621.0 1.930878876292192e-08
622.0 1.9260579049569133e-08
623.0 1.9212369336216353e-08
624.0 1.916415962286357e-08
625.0 1.9115949909510787e-08
626.0 1.9067740196158e-08
627.0 1.9019530482805216e-08
628.0 1.8971320769452433e-08
629.0 1.8923111056099646e-08
630.0 1.8874901342746866e-08
631.0 1.8826691629394083e-08
632.0 1.87784819160413e-08
633.0 1.8730272202688513e-08
634.0 1.8682062489335726e-08
635.0 1.8633852775982946e-08
636.0 1.8585643062630163e-08
637.0 1.8537433349277376e-08
638.0 1.8489223635924592e-08
639.0 1.8441013922571812e-08
640.0 1.8392804209219026e-08
641.0 1.8344594495866242e-08
642.0 1.829638478251346e-08
643.0 1.8248175069160675e-08
644.0 1.819996535580789e-08
645.0 1.8151755642455105e-08
646.0 1.8103545929102325e-08
647.0 1.805533621574954e-08
648.0 1.8007126502396755e-08
649.0 1.7958916789043975e-08
650.0 1.791070707569119e-08
651.0 1.7862497362338402e-08
652.0 1.7814287648985618e-08
653.0 1.776917906734609e-08
654.0 1.7728120377566816e-08
655.0 1.768706168778754e-08
656.0 1.764600299800826e-08
657.0 1.7604944308228986e-08
658.0 1.756388561844971e-08
659.0 1.7522826928670434e-08
660.0 1.7481768238891157e-08
661.0 1.744070954911188e-08
662.0 1.7399650859332608e-08
663.0 1.7358592169553327e-08
664.0 1.731753347977405e-08
665.0 1.7276474789994775e-08
666.0 1.72354161002155e-08
667.0 1.7194357410436223e-08
668.0 1.715329872065695e-08
669.0 1.711224003087767e-08
670.0 1.7071181341098394e-08
671.0 1.703012265131912e-08
672.0 1.698906396153984e-08
673.0 1.6948005271760567e-08
674.0 1.6906946581981293e-08
675.0 1.6865887892202015e-08
676.0 1.682482920242274e-08
677.0 1.678377051264346e-08
678.0 1.6742711822864186e-08
679.0 1.6701653133084905e-08
680.0 1.666059444330563e-08
681.0 1.661953575352636e-08
682.0 1.6578477063747082e-08
683.0 1.6537418373967808e-08
684.0 1.6496359684188527e-08
685.0 1.6455300994409252e-08
686.0 1.6414242304629975e-08
687.0 1.63731836148507e-08
688.0 1.6332124925071423e-08
689.0 1.629106623529215e-08
690.0 1.6250007545512874e-08
691.0 1.620894885573359e-08
692.0 1.616789016595432e-08
693.0 1.612683147617504e-08
694.0 1.6085772786395767e-08
695.0 1.6044714096616493e-08
696.0 1.6003655406837215e-08
697.0 1.5962596717057937e-08
698.0 1.592153802727866e-08
699.0 1.5880479337499382e-08
700.0 1.5839420647720108e-08
701.0 1.5798361957940834e-08
702.0 1.575730326816156e-08
703.0 1.571790075811722e-08
704.0 1.5686579552676562e-08
705.0 1.56552583472359e-08
706.0 1.5623937141795246e-08
707.0 1.559261593635458e-08
708.0 1.5561294730913926e-08
709.0 1.552997352547327e-08
710.0 1.5498652320032606e-08
711.0 1.5467331114591946e-08
712.0 1.5436009909151286e-08
713.0 1.5404688703710626e-08
714.0 1.5373367498269973e-08
715.0 1.5342046292829313e-08
716.0 1.5310725087388653e-08
717.0 1.5279403881947993e-08
718.0 1.5248082676507336e-08
719.0 1.5216761471066673e-08
720.0 1.5185440265626013e-08
721.0 1.515411906018536e-08
722.0 1.5122797854744696e-08
723.0 1.509147664930404e-08
724.0 1.506015544386338e-08
725.0 1.502883423842272e-08
726.0 1.4997513032982063e-08
727.0 1.4966191827541403e-08
728.0 1.493487062210074e-08
729.0 1.4903549416660084e-08
730.0 1.4872228211219424e-08
731.0 1.4840907005778765e-08
732.0 1.4809585800338109e-08
733.0 1.4778264594897447e-08
734.0 1.4746943389456789e-08
735.0 1.471562218401613e-08
736.0 1.4684300978575467e-08
737.0 1.4652979773134812e-08
738.0 1.4621658567694154e-08
739.0 1.4590337362253492e-08
740.0 1.4559016156812834e-08
741.0 1.4527694951372173e-08
742.0 1.4496373745931516e-08
743.0 1.4465052540490858e-08
744.0 1.44337313350502e-08
745.0 1.4402410129609538e-08
746.0 1.437108892416888e-08
747.0 1.433976771872822e-08
748.0 1.4308446513287561e-08
749.0 1.42771253078469e-08
750.0 1.4245804102406241e-08
751.0 1.4214482896965583e-08
752.0 1.4183161691524928e-08
753.0 1.4151840486084265e-08
754.0 1.4120519280643607e-08
755.0 1.4089198075202948e-08
756.0 1.4057876869762287e-08
757.0 1.4026773059888183e-08
758.0 1.4001667179164455e-08
759.0 1.397656129844073e-08
760.0 1.3951455417717006e-08
761.0 1.3926349536993278e-08
762.0 1.3901243656269557e-08
763.0 1.3876137775545832e-08
764.0 1.3851031894822107e-08
765.0 1.3825926014098377e-08
766.0 1.3800820133374654e-08
767.0 1.3775714252650931e-08
768.0 1.3750608371927207e-08
769.0 1.372550249120348e-08
770.0 1.3700396610479756e-08
771.0 1.367529072975603e-08
772.0 1.3650184849032303e-08
773.0 1.362507896830858e-08
774.0 1.3599973087584855e-08
775.0 1.357486720686113e-08
776.0 1.3549761326137406e-08
777.0 1.352465544541368e-08
778.0 1.3499549564689956e-08
779.0 1.3474443683966228e-08
780.0 1.3449337803242505e-08
781.0 1.3424231922518779e-08
782.0 1.3399126041795053e-08
783.0 1.3374020161071328e-08
784.0 1.3348914280347602e-08
785.0 1.332380839962388e-08
786.0 1.3298702518900154e-08
787.0 1.3273596638176429e-08
788.0 1.3248490757452703e-08
789.0 1.3223384876728981e-08
790.0 1.3198278996005253e-08
791.0 1.3173173115281527e-08
792.0 1.3148067234557804e-08
793.0 1.3122961353834074e-08
794.0 1.3097855473110353e-08
795.0 1.3072749592386627e-08
796.0 1.3047643711662902e-08
797.0 1.3022537830939177e-08
798.0 1.2997431950215454e-08
799.0 1.2972326069491726e-08
800.0 1.2947220188768003e-08
801.0 1.2922114308044278e-08
802.0 1.2897008427320552e-08
803.0 1.2871902546596826e-08
804.0 1.28467966658731e-08
805.0 1.2821690785149375e-08
806.0 1.2796584904425652e-08
807.0 1.2771479023701927e-08
808.0 1.27463731429782e-08
809.0 1.2721267262254476e-08
810.0 1.2696161381530751e-08
811.0 1.2671055500807025e-08
812.0 1.2645949620083302e-08
813.0 1.2620843739359577e-08
814.0 1.2595737858635847e-08
815.0 1.2570631977912124e-08
816.0 1.2548101620851491e-08
817.0 1.252652316047906e-08
818.0 1.2504944700106626e-08
819.0 1.2483366239734194e-08
820.0 1.2461787779361756e-08
821.0 1.2440209318989325e-08
822.0 1.241863085861689e-08
823.0 1.2397052398244457e-08
824.0 1.2375473937872025e-08
825.0 1.235389547749959e-08
826.0 1.2332317017127156e-08
827.0 1.2310738556754721e-08
828.0 1.2289160096382289e-08
829.0 1.2267581636009855e-08
830.0 1.224600317563742e-08
831.0 1.2224424715264987e-08
832.0 1.2202846254892555e-08
833.0 1.2181267794520121e-08
834.0 1.2159689334147686e-08
835.0 1.2138110873775253e-08
836.0 1.2116532413402817e-08
837.0 1.2094953953030386e-08
838.0 1.2073375492657952e-08
839.0 1.2051797032285517e-08
840.0 1.2030218571913085e-08
841.0 1.2008640111540651e-08
842.0 1.1987061651168218e-08
843.0 1.1965483190795786e-08
844.0 1.1943904730423348e-08
845.0 1.1922326270050917e-08
846.0 1.1900747809678482e-08
847.0 1.187916934930605e-08
848.0 1.1857590888933617e-08
849.0 1.1836012428561178e-08
850.0 1.1814433968188748e-08
851.0 1.1792855507816313e-08
852.0 1.177127704744388e-08
853.0 1.1749698587071447e-08
854.0 1.1728120126699012e-08
855.0 1.1706541666326579e-08
856.0 1.1684963205954147e-08
857.0 1.1663384745581713e-08
858.0 1.1641806285209278e-08
859.0 1.1620227824836846e-08
860.0 1.159864936446441e-08
861.0 1.1577070904091978e-08
862.0 1.1555492443719544e-08
863.0 1.1533913983347109e-08
864.0 1.1512335522974677e-08
865.0 1.1490757062602243e-08
866.0 1.1469178602229812e-08
867.0 1.1447600141857375e-08
868.0 1.142602168148494e-08
869.0 1.140444322111251e-08
870.0 1.1382864760740074e-08
871.0 1.1361286300367642e-08
872.0 1.1339707839995207e-08
873.0 1.131812937962277e-08
874.0 1.129655091925034e-08
875.0 1.1274972458877905e-08
876.0 1.1253393998505473e-08
877.0 1.123181553813304e-08
878.0 1.1210237077760604e-08
879.0 1.1193445036237672e-08
880.0 1.1176988968412331e-08
881.0 1.1160532900586989e-08
882.0 1.1144076832761651e-08
883.0 1.1127620764936312e-08
884.0 1.1111164697110968e-08
885.0 1.1094708629285632e-08
886.0 1.1078252561460293e-08
887.0 1.1061796493634952e-08
888.0 1.1045340425809612e-08
889.0 1.1028884357984271e-08
890.0 1.1012428290158932e-08
891.0 1.0995972222333593e-08
892.0 1.0979516154508252e-08
893.0 1.0963060086682911e-08
894.0 1.0946604018857572e-08
895.0 1.0930147951032233e-08
896.0 1.0913691883206892e-08
897.0 1.0897235815381551e-08
898.0 1.0880779747556214e-08
899.0 1.0864323679730872e-08
900.0 1.0847867611905533e-08
901.0 1.0831411544080195e-08
902.0 1.0814955476254853e-08
903.0 1.0798499408429512e-08
904.0 1.0782043340604173e-08
905.0 1.0765587272778832e-08
906.0 1.0749131204953495e-08
907.0 1.0732675137128152e-08
908.0 1.0716219069302813e-08
909.0 1.0699763001477476e-08
910.0 1.0683306933652135e-08
911.0 1.0666850865826794e-08
912.0 1.0650394798001453e-08
913.0 1.0633938730176116e-08
914.0 1.0617482662350774e-08
915.0 1.0601026594525434e-08
916.0 1.0584570526700094e-08
917.0 1.0568114458874753e-08
918.0 1.0551658391049416e-08
919.0 1.0535202323224076e-08
920.0 1.0518746255398734e-08
921.0 1.0502290187573397e-08
922.0 1.0485834119748056e-08
923.0 1.0469378051922715e-08
924.0 1.0452921984097378e-08
925.0 1.0436465916272035e-08
926.0 1.0420009848446696e-08
927.0 1.0403553780621355e-08
928.0 1.0387097712796016e-08
929.0 1.0370641644970677e-08
930.0 1.0354185577145336e-08
931.0 1.0337729509319997e-08
932.0 1.0321273441494655e-08
933.0 1.0304817373669317e-08
934.0 1.0288361305843978e-08
935.0 1.0271905238018638e-08
936.0 1.0255449170193297e-08
937.0 1.0238993102367956e-08
938.0 1.0222537034542617e-08
939.0 1.0206080966717278e-08
940.0 1.0189624898891937e-08
941.0 1.0173168831066596e-08
942.0 1.0156712763241257e-08
943.0 1.0140256695415918e-08
944.0 1.012380062759058e-08
945.0 1.0107344559765238e-08
946.0 1.009193906911888e-08
947.0 1.0078963237299955e-08
948.0 1.0065987405481024e-08
949.0 1.0053011573662099e-08
950.0 1.0040035741843172e-08
951.0 1.0027059910024243e-08
952.0 1.0014084078205318e-08
953.0 1.000110824638639e-08
954.0 9.988132414567465e-09
955.0 9.975156582748536e-09
956.0 9.96218075092961e-09
957.0 9.94920491911068e-09
958.0 9.936229087291755e-09
959.0 9.923253255472828e-09
960.0 9.9102774236539e-09
961.0 9.897301591834972e-09
962.0 9.884325760016047e-09
963.0 9.871349928197118e-09
964.0 9.858374096378193e-09
965.0 9.845398264559266e-09
966.0 9.832422432740339e-09
967.0 9.819446600921412e-09
968.0 9.806470769102484e-09
969.0 9.793494937283556e-09
970.0 9.78051910546463e-09
971.0 9.767543273645702e-09
972.0 9.754567441826773e-09
973.0 9.741591610007847e-09
974.0 9.72861577818892e-09
975.0 9.715639946369993e-09
976.0 9.702664114551065e-09
977.0 9.68968828273214e-09
978.0 9.676712450913214e-09
979.0 9.663736619094283e-09
980.0 9.650760787275358e-09
981.0 9.637784955456431e-09
982.0 9.624809123637502e-09
983.0 9.611833291818577e-09
984.0 9.598857459999648e-09
985.0 9.585881628180721e-09
986.0 9.572905796361794e-09
987.0 9.559929964542868e-09
988.0 9.54695413272394e-09
989.0 9.533978300905013e-09
990.0 9.521002469086087e-09
991.0 9.508026637267158e-09
992.0 9.495050805448231e-09
993.0 9.482074973629306e-09
994.0 9.469099141810376e-09
995.0 9.456123309991448e-09
996.0 9.443147478172523e-09
997.0 9.430171646353596e-09
998.0 9.417195814534669e-09
999.0 9.404219982715742e-09
1000.0 9.391244150896816e-09
1001.0 9.378268319077888e-09
1002.0 9.36529248725896e-09
1003.0 9.352316655440034e-09
1004.0 9.339340823621105e-09
1005.0 9.32636499180218e-09
1006.0 9.31338915998325e-09
1007.0 9.300413328164324e-09
1008.0 9.287437496345398e-09
1009.0 9.27446166452647e-09
1010.0 9.261485832707542e-09
1011.0 9.248510000888617e-09
1012.0 9.235534169069688e-09
1013.0 9.222558337250761e-09
1014.0 9.209582505431832e-09
1015.0 9.196606673612907e-09
1016.0 9.18363084179398e-09
1017.0 9.170655009975051e-09
1018.0 9.157679178156126e-09
1019.0 9.14551881044341e-09
1020.0 9.134315852884723e-09
1021.0 9.123112895326034e-09
1022.0 9.111909937767346e-09
1023.0 9.100706980208657e-09
1024.0 9.08950402264997e-09
1025.0 9.07830106509128e-09
1026.0 9.067098107532589e-09
1027.0 9.055895149973903e-09
1028.0 9.04469219241521e-09
1029.0 9.033489234856523e-09
1030.0 9.022286277297834e-09
1031.0 9.011083319739144e-09
1032.0 8.999880362180458e-09
1033.0 8.988677404621767e-09
1034.0 8.977474447063078e-09
1035.0 8.966271489504391e-09
1036.0 8.9550685319457e-09
1037.0 8.943865574387013e-09
1038.0 8.932662616828322e-09
1039.0 8.921459659269635e-09
1040.0 8.910256701710948e-09
1041.0 8.899053744152256e-09
1042.0 8.887850786593568e-09
1043.0 8.876647829034878e-09
1044.0 8.86544487147619e-09
1045.0 8.8542419139175e-09
1046.0 8.843038956358812e-09
1047.0 8.831835998800122e-09
1048.0 8.820633041241434e-09
1049.0 8.809430083682747e-09
1050.0 8.798227126124056e-09
1051.0 8.787024168565366e-09
1052.0 8.77582121100668e-09
1053.0 8.76461825344799e-09
1054.0 8.753415295889302e-09
1055.0 8.742212338330611e-09
1056.0 8.731009380771922e-09
1057.0 8.719806423213237e-09
1058.0 8.708603465654544e-09
1059.0 8.697400508095857e-09
1060.0 8.686197550537166e-09
1061.0 8.674994592978477e-09
1062.0 8.663791635419788e-09
1063.0 8.652588677861101e-09
1064.0 8.64138572030241e-09
1065.0 8.630182762743723e-09
1066.0 8.618979805185034e-09
1067.0 8.607776847626345e-09
1068.0 8.596573890067654e-09
1069.0 8.585370932508969e-09
1070.0 8.574167974950278e-09
1071.0 8.562965017391589e-09
1072.0 8.5517620598329e-09
1073.0 8.540559102274211e-09
1074.0 8.529356144715522e-09
1075.0 8.518153187156833e-09
1076.0 8.506950229598146e-09
1077.0 8.495747272039455e-09
1078.0 8.484544314480766e-09
1079.0 8.473341356922077e-09
1080.0 8.46213839936339e-09
1081.0 8.450935441804699e-09
1082.0 8.439732484246012e-09
1083.0 8.428529526687323e-09
1084.0 8.417326569128634e-09
1085.0 8.406123611569943e-09
1086.0 8.394920654011254e-09
1087.0 8.383717696452567e-09
1088.0 8.372514738893878e-09
1089.0 8.361311781335189e-09
1090.0 8.3501088237765e-09
1091.0 8.338905866217812e-09
1092.0 8.327702908659122e-09
1093.0 8.316499951100433e-09
1094.0 8.305296993541744e-09
1095.0 8.294094035983055e-09
1096.0 8.282891078424366e-09
1097.0 8.271707068257734e-09
1098.0 8.263045444745183e-09
1099.0 8.254383821232632e-09
1100.0 8.245722197720084e-09
1101.0 8.237060574207535e-09
1102.0 8.228398950694985e-09
1103.0 8.219737327182435e-09
1104.0 8.211075703669885e-09
1105.0 8.202414080157338e-09
1106.0 8.193752456644788e-09
1107.0 8.185090833132237e-09
1108.0 8.17642920961969e-09
1109.0 8.167767586107139e-09
1110.0 8.15910596259459e-09
1111.0 8.150444339082042e-09
1112.0 8.14178271556949e-09
1113.0 8.133121092056942e-09
1114.0 8.124459468544392e-09
1115.0 8.115797845031843e-09
1116.0 8.107136221519294e-09
1117.0 8.098474598006744e-09
1118.0 8.089812974494195e-09
1119.0 8.081151350981644e-09
1120.0 8.072489727469095e-09
1121.0 8.063828103956544e-09
1122.0 8.055166480443996e-09
1123.0 8.046504856931447e-09
1124.0 8.037843233418898e-09
1125.0 8.029181609906348e-09
1126.0 8.020519986393799e-09
1127.0 8.01185836288125e-09
1128.0 8.003196739368699e-09
1129.0 7.994535115856151e-09
1130.0 7.9858734923436e-09
1131.0 7.977211868831051e-09
1132.0 7.968550245318502e-09
1133.0 7.959888621805954e-09
1134.0 7.951226998293405e-09
1135.0 7.942565374780855e-09
1136.0 7.933903751268306e-09
1137.0 7.925242127755757e-09
1138.0 7.916580504243208e-09
1139.0 7.907918880730657e-09
1140.0 7.899257257218107e-09
1141.0 7.890595633705558e-09
1142.0 7.881934010193009e-09
1143.0 7.87327238668046e-09
1144.0 7.86461076316791e-09
1145.0 7.85594913965536e-09
1146.0 7.847287516142812e-09
1147.0 7.83862589263026e-09
1148.0 7.829964269117713e-09
1149.0 7.821302645605162e-09
1150.0 7.812641022092614e-09
1151.0 7.803979398580063e-09
1152.0 7.795317775067514e-09
1153.0 7.786656151554965e-09
1154.0 7.777994528042416e-09
1155.0 7.769332904529865e-09
1156.0 7.760671281017315e-09
1157.0 7.752009657504768e-09
1158.0 7.743348033992218e-09
1159.0 7.734686410479667e-09
1160.0 7.72602478696712e-09
1161.0 7.71736316345457e-09
1162.0 7.708701539942021e-09
1163.0 7.70003991642947e-09
1164.0 7.69137829291692e-09
1165.0 7.682716669404372e-09
1166.0 7.674055045891824e-09
1167.0 7.665393422379273e-09
1168.0 7.656731798866724e-09
1169.0 7.648070175354174e-09
1170.0 7.639408551841625e-09
1171.0 7.630746928329076e-09
1172.0 7.622085304816525e-09
1173.0 7.613423681303977e-09
1174.0 7.604762057791426e-09
1175.0 7.596100434278877e-09
1176.0 7.587438810766328e-09
1177.0 7.578777187253778e-09
1178.0 7.570115563741229e-09
1179.0 7.56145394022868e-09
1180.0 7.552792316716129e-09
1181.0 7.54413069320358e-09
1182.0 7.536456938057351e-09
1183.0 7.529724064676395e-09
1184.0 7.522991191295437e-09
1185.0 7.516258317914481e-09
1186.0 7.509525444533525e-09
1187.0 7.502792571152569e-09
1188.0 7.496059697771612e-09
1189.0 7.489326824390655e-09
1190.0 7.482593951009698e-09
1191.0 7.475861077628742e-09
1192.0 7.469128204247786e-09
1193.0 7.46239533086683e-09
1194.0 7.455662457485874e-09
1195.0 7.448929584104915e-09
1196.0 7.442196710723957e-09
1197.0 7.4354638373430024e-09
1198.0 7.428730963962046e-09
1199.0 7.42199809058109e-09
1200.0 7.415265217200134e-09
1201.0 7.408532343819176e-09
1202.0 7.401799470438218e-09
1203.0 7.395066597057262e-09
1204.0 7.388333723676306e-09
1205.0 7.381600850295351e-09
1206.0 7.374867976914393e-09
1207.0 7.368135103533436e-09
1208.0 7.36140223015248e-09
1209.0 7.354669356771525e-09
1210.0 7.3479364833905685e-09
1211.0 7.34120361000961e-09
1212.0 7.334470736628654e-09
1213.0 7.327737863247698e-09
1214.0 7.321004989866741e-09
1215.0 7.314272116485786e-09
1216.0 7.307539243104829e-09
1217.0 7.3008063697238725e-09
1218.0 7.294073496342916e-09
1219.0 7.287340622961959e-09
1220.0 7.280607749581002e-09
1221.0 7.273874876200047e-09
1222.0 7.26714200281909e-09
1223.0 7.260409129438134e-09
1224.0 7.2536762560571774e-09
1225.0 7.246943382676221e-09
1226.0 7.240210509295263e-09
1227.0 7.2334776359143055e-09
1228.0 7.226744762533351e-09
1229.0 7.220011889152395e-09
1230.0 7.2132790157714386e-09
1231.0 7.206546142390482e-09
1232.0 7.1998132690095245e-09
1233.0 7.193080395628567e-09
1234.0 7.186347522247614e-09
1235.0 7.179614648866654e-09
1236.0 7.1728817754857e-09
1237.0 7.166148902104742e-09
1238.0 7.159416028723786e-09
1239.0 7.152683155342828e-09
1240.0 7.145950281961873e-09
1241.0 7.139217408580917e-09
1242.0 7.132484535199961e-09
1243.0 7.125751661819003e-09
1244.0 7.119018788438047e-09
1245.0 7.1122859150570905e-09
1246.0 7.105553041676134e-09
1247.0 7.098820168295178e-09
1248.0 7.09208729491422e-09
1249.0 7.085354421533264e-09
1250.0 7.078621548152308e-09
1251.0 7.071888674771352e-09
1252.0 7.0651558013903954e-09
1253.0 7.0584229280094376e-09
1254.0 7.051690054628481e-09
1255.0 7.044957181247525e-09
1256.0 7.038224307866571e-09
1257.0 7.031491434485613e-09
1258.0 7.0247585611046565e-09
1259.0 7.018025687723697e-09
1260.0 7.011292814342741e-09
1261.0 7.004559940961786e-09
1262.0 6.99782706758083e-09
1263.0 6.991094194199874e-09
1264.0 6.984361320818916e-09
1265.0 6.977628447437958e-09
1266.0 6.970895574057002e-09
1267.0 6.964162700676047e-09
1268.0 6.957429827295091e-09
1269.0 6.950696953914133e-09
1270.0 6.943964080533177e-09
1271.0 6.937231207152221e-09
1272.0 6.930498333771263e-09
1273.0 6.924209518702177e-09
1274.0 6.918349570858153e-09
1275.0 6.912489623014131e-09
1276.0 6.906629675170107e-09
1277.0 6.900769727326082e-09
1278.0 6.89490977948206e-09
1279.0 6.889049831638036e-09
1280.0 6.883189883794012e-09
1281.0 6.877329935949989e-09
1282.0 6.871469988105967e-09
1283.0 6.8656100402619425e-09
1284.0 6.85975009241792e-09
1285.0 6.853890144573897e-09
1286.0 6.848030196729873e-09
1287.0 6.842170248885848e-09
1288.0 6.836310301041828e-09
1289.0 6.8304503531978036e-09
1290.0 6.824590405353779e-09
1291.0 6.818730457509757e-09
1292.0 6.812870509665734e-09
1293.0 6.807010561821709e-09
1294.0 6.8011506139776864e-09
1295.0 6.795290666133665e-09
1296.0 6.7894307182896396e-09
1297.0 6.783570770445617e-09
1298.0 6.7777108226015935e-09
1299.0 6.771850874757569e-09
1300.0 6.765990926913546e-09
1301.0 6.760130979069524e-09
1302.0 6.7542710312255e-09
1303.0 6.7484110833814764e-09
1304.0 6.742551135537453e-09
1305.0 6.73669118769343e-09
1306.0 6.730831239849407e-09
1307.0 6.7249712920053835e-09
1308.0 6.719111344161361e-09
1309.0 6.713251396317337e-09
1310.0 6.707391448473313e-09
1311.0 6.70153150062929e-09
1312.0 6.695671552785266e-09
1313.0 6.689811604941243e-09
1314.0 6.68395165709722e-09
1315.0 6.678091709253197e-09
1316.0 6.672231761409173e-09
1317.0 6.666371813565151e-09
1318.0 6.660511865721127e-09
1319.0 6.654651917877104e-09
1320.0 6.648791970033081e-09
1321.0 6.642932022189057e-09
1322.0 6.637072074345032e-09
1323.0 6.6312121265010095e-09
1324.0 6.625352178656988e-09
1325.0 6.619492230812964e-09
1326.0 6.613632282968942e-09
1327.0 6.607772335124918e-09
1328.0 6.601912387280893e-09
1329.0 6.596052439436871e-09
1330.0 6.590192491592848e-09
1331.0 6.584332543748824e-09
1332.0 6.578472595904801e-09
1333.0 6.5726126480607786e-09
1334.0 6.5667527002167535e-09
1335.0 6.56089275237273e-09
1336.0 6.5550328045287075e-09
1337.0 6.549172856684684e-09
1338.0 6.543312908840661e-09
1339.0 6.537452960996636e-09
1340.0 6.531593013152615e-09
1341.0 6.525733065308591e-09
1342.0 6.519873117464567e-09
1343.0 6.514013169620545e-09
1344.0 6.508153221776521e-09
1345.0 6.5022932739324975e-09
1346.0 6.496433326088474e-09
1347.0 6.490573378244451e-09
1348.0 6.484713430400428e-09
1349.0 6.478853482556404e-09
1350.0 6.472993534712381e-09
1351.0 6.467133586868357e-09
1352.0 6.461273639024334e-09
1353.0 6.455413691180311e-09
1354.0 6.449553743336288e-09
1355.0 6.443693795492265e-09
1356.0 6.4378338476482414e-09
1357.0 6.431973899804216e-09
1358.0 6.426113951960194e-09
1359.0 6.420254004116171e-09
1360.0 6.414394056272147e-09
1361.0 6.408534108428126e-09
1362.0 6.402674160584102e-09
1363.0 6.3968142127400774e-09
1364.0 6.390954264896055e-09
1365.0 6.385094317052032e-09
1366.0 6.379234369208008e-09
1367.0 6.373374421363985e-09
1368.0 6.367514473519963e-09
1369.0 6.3616545256759385e-09
1370.0 6.355794577831914e-09
1371.0 6.350554713784528e-09
1372.0 6.3459456241844105e-09
1373.0 6.3413365345842924e-09
1374.0 6.336727444984174e-09
1375.0 6.332118355384056e-09
1376.0 6.327509265783938e-09
1377.0 6.322900176183819e-09
1378.0 6.318291086583701e-09
1379.0 6.313681996983585e-09
1380.0 6.309072907383467e-09
1381.0 6.304463817783349e-09
1382.0 6.299854728183231e-09
1383.0 6.2952456385831126e-09
1384.0 6.2906365489829945e-09
1385.0 6.2860274593828764e-09
1386.0 6.281418369782758e-09
1387.0 6.27680928018264e-09
1388.0 6.272200190582522e-09
1389.0 6.267591100982404e-09
1390.0 6.262982011382286e-09
1391.0 6.258372921782168e-09
1392.0 6.25376383218205e-09
1393.0 6.2491547425819335e-09
1394.0 6.244545652981815e-09
1395.0 6.2399365633816966e-09
1396.0 6.2353274737815785e-09
1397.0 6.2307183841814604e-09
1398.0 6.226109294581343e-09
1399.0 6.221500204981225e-09
1400.0 6.216891115381107e-09
1401.0 6.212282025780989e-09
1402.0 6.207672936180871e-09
1403.0 6.203063846580753e-09
1404.0 6.198454756980634e-09
1405.0 6.1938456673805175e-09
1406.0 6.1892365777803995e-09
1407.0 6.184627488180281e-09
1408.0 6.180018398580163e-09
1409.0 6.175409308980046e-09
1410.0 6.170800219379928e-09
1411.0 6.166191129779809e-09
1412.0 6.161582040179691e-09
1413.0 6.156972950579575e-09
1414.0 6.152363860979455e-09
1415.0 6.147754771379337e-09
1416.0 6.143145681779219e-09
1417.0 6.138536592179101e-09
1418.0 6.133927502578983e-09
1419.0 6.129318412978866e-09
1420.0 6.124709323378748e-09
1421.0 6.120100233778629e-09
1422.0 6.115491144178511e-09
1423.0 6.110882054578394e-09
1424.0 6.106272964978276e-09
1425.0 6.101663875378157e-09
1426.0 6.09705478577804e-09
1427.0 6.092445696177923e-09
1428.0 6.087836606577804e-09
1429.0 6.0832275169776855e-09
1430.0 6.078618427377568e-09
1431.0 6.07400933777745e-09
1432.0 6.0694002481773305e-09
1433.0 6.064791158577213e-09
1434.0 6.060182068977097e-09
1435.0 6.055572979376978e-09
1436.0 6.05096388977686e-09
1437.0 6.046354800176743e-09
1438.0 6.041745710576624e-09
1439.0 6.037136620976506e-09
1440.0 6.032527531376388e-09
1441.0 6.027918441776271e-09
1442.0 6.0233093521761515e-09
1443.0 6.018700262576035e-09
1444.0 6.014091172975917e-09
1445.0 6.009482083375799e-09
1446.0 6.004872993775679e-09
1447.0 6.000263904175562e-09
1448.0 5.995654814575445e-09
1449.0 5.991045724975326e-09
1450.0 5.986436635375208e-09
1451.0 5.9818275457750905e-09
1452.0 5.9772184561749724e-09
1453.0 5.972609366574854e-09
1454.0 5.968000276974736e-09
1455.0 5.963391187374619e-09
1456.0 5.958782097774501e-09
1457.0 5.954173008174383e-09
1458.0 5.949563918574265e-09
1459.0 5.944954828974147e-09
1460.0 5.94034573937403e-09
1461.0 5.935736649773911e-09
1462.0 5.931127560173793e-09
1463.0 5.926518470573675e-09
1464.0 5.921909380973557e-09
1465.0 5.917300291373438e-09
1466.0 5.91269120177332e-09
1467.0 5.908082112173204e-09
1468.0 5.903473022573086e-09
1469.0 5.898863932972968e-09
1470.0 5.89425484337285e-09
1471.0 5.889645753772733e-09
1472.0 5.8850366641726135e-09
1473.0 5.8804275745724955e-09
1474.0 5.875818484972378e-09
1475.0 5.8712093953722585e-09
1476.0 5.866600305772142e-09
1477.0 5.862928839444097e-09
1478.0 5.859324323789742e-09
1479.0 5.855719808135387e-09
1480.0 5.852115292481031e-09
1481.0 5.8485107768266745e-09
1482.0 5.844906261172321e-09
1483.0 5.841301745517964e-09
1484.0 5.837697229863608e-09
1485.0 5.834092714209253e-09
1486.0 5.830488198554898e-09
1487.0 5.8268836829005406e-09
1488.0 5.8232791672461855e-09
1489.0 5.819674651591831e-09
1490.0 5.816070135937475e-09
1491.0 5.812465620283119e-09
1492.0 5.808861104628764e-09
1493.0 5.805256588974408e-09
1494.0 5.8016520733200516e-09
1495.0 5.798047557665698e-09
1496.0 5.7944430420113405e-09
1497.0 5.7908385263569854e-09
1498.0 5.78723401070263e-09
1499.0 5.783629495048275e-09
1500.0 5.780024979393918e-09
1501.0 5.7764204637395625e-09
1502.0 5.7728159480852074e-09
1503.0 5.7692114324308515e-09
1504.0 5.765606916776495e-09
1505.0 5.762002401122142e-09
1506.0 5.7583978854677846e-09
1507.0 5.754793369813429e-09
1508.0 5.751188854159074e-09
1509.0 5.747584338504719e-09
1510.0 5.7439798228503625e-09
1511.0 5.7403753071960074e-09
1512.0 5.7367707915416515e-09
1513.0 5.733166275887296e-09
1514.0 5.72956176023294e-09
1515.0 5.7259572445785845e-09
1516.0 5.722352728924229e-09
1517.0 5.7187482132698735e-09
1518.0 5.715143697615518e-09
1519.0 5.711539181961162e-09
1520.0 5.707934666306806e-09
1521.0 5.704330150652451e-09
1522.0 5.700725634998095e-09
1523.0 5.697121119343739e-09
1524.0 5.6935166036893845e-09
1525.0 5.689912088035028e-09
1526.0 5.6863075723806735e-09
1527.0 5.682703056726317e-09
1528.0 5.679098541071962e-09
1529.0 5.675494025417606e-09
1530.0 5.671889509763251e-09
1531.0 5.668284994108894e-09
1532.0 5.6646804784545396e-09
1533.0 5.661075962800183e-09
1534.0 5.6574714471458286e-09
1535.0 5.653866931491473e-09
1536.0 5.650262415837117e-09
1537.0 5.646657900182762e-09
1538.0 5.643053384528406e-09
1539.0 5.63944886887405e-09
1540.0 5.635844353219694e-09
1541.0 5.632239837565339e-09
1542.0 5.628635321910983e-09
1543.0 5.625030806256628e-09
1544.0 5.621426290602271e-09
1545.0 5.617821774947917e-09
1546.0 5.61421725929356e-09
1547.0 5.610612743639205e-09
1548.0 5.60700822798485e-09
1549.0 5.603403712330494e-09
1550.0 5.599799196676139e-09
1551.0 5.596194681021783e-09
1552.0 5.592590165367427e-09
1553.0 5.588985649713071e-09
1554.0 5.585381134058715e-09
1555.0 5.58177661840436e-09
1556.0 5.578172102750005e-09
1557.0 5.574567587095649e-09
1558.0 5.5709630714412946e-09
1559.0 5.567358555786938e-09
1560.0 5.563754040132582e-09
1561.0 5.560149524478227e-09
1562.0 5.556545008823871e-09
1563.0 5.552940493169515e-09
1564.0 5.549335977515161e-09
1565.0 5.545731461860804e-09
1566.0 5.542126946206448e-09
1567.0 5.538522430552093e-09
1568.0 5.534917914897737e-09
1569.0 5.531313399243381e-09
1570.0 5.527708883589025e-09
1571.0 5.524104367934671e-09
1572.0 5.520499852280314e-09
1573.0 5.516895336625958e-09
1574.0 5.513290820971604e-09
1575.0 5.509686305317248e-09
1576.0 5.506081789662891e-09
1577.0 5.502477274008537e-09
1578.0 5.498872758354181e-09
1579.0 5.495268242699825e-09
1580.0 5.491663727045471e-09
1581.0 5.488059211391114e-09
1582.0 5.484454695736758e-09
1583.0 5.480850180082402e-09
1584.0 5.477245664428048e-09
1585.0 5.473641148773691e-09
1586.0 5.470036633119335e-09
1587.0 5.46643211746498e-09
1588.0 5.462827601810625e-09
1589.0 5.459223086156269e-09
1590.0 5.455725301398683e-09
1591.0 5.452565321303396e-09
1592.0 5.44940534120811e-09
1593.0 5.4462453611128225e-09
1594.0 5.443085381017534e-09
1595.0 5.439925400922246e-09
1596.0 5.436765420826959e-09
1597.0 5.433605440731671e-09
1598.0 5.430445460636385e-09
1599.0 5.427285480541096e-09
1600.0 5.424125500445808e-09
1601.0 5.4209655203505216e-09
1602.0 5.4178055402552335e-09
1603.0 5.4146455601599455e-09
1604.0 5.411485580064658e-09
1605.0 5.4083255999693694e-09
1606.0 5.405165619874084e-09
1607.0 5.402005639778796e-09
1608.0 5.398845659683507e-09
1609.0 5.395685679588221e-09
1610.0 5.392525699492932e-09
1611.0 5.389365719397645e-09
1612.0 5.386205739302358e-09
1613.0 5.383045759207069e-09
1614.0 5.379885779111783e-09
1615.0 5.376725799016494e-09
1616.0 5.373565818921208e-09
1617.0 5.3704058388259205e-09
1618.0 5.367245858730632e-09
1619.0 5.364085878635344e-09
1620.0 5.360925898540058e-09
1621.0 5.35776591844477e-09
1622.0 5.354605938349482e-09
1623.0 5.351445958254194e-09
1624.0 5.348285978158907e-09
1625.0 5.3451259980636195e-09
1626.0 5.341966017968332e-09
1627.0 5.338806037873044e-09
1628.0 5.335646057777756e-09
1629.0 5.33248607768247e-09
1630.0 5.329326097587182e-09
1631.0 5.326166117491895e-09
1632.0 5.3230061373966066e-09
1633.0 5.319846157301318e-09
1634.0 5.316686177206032e-09
1635.0 5.313526197110744e-09
1636.0 5.310366217015456e-09
1637.0 5.30720623692017e-09
1638.0 5.30404625682488e-09
1639.0 5.3008862767295945e-09
1640.0 5.2977262966343064e-09
1641.0 5.294566316539018e-09
1642.0 5.291406336443732e-09
1643.0 5.288246356348442e-09
1644.0 5.285086376253156e-09
1645.0 5.281926396157869e-09
1646.0 5.278766416062581e-09
1647.0 5.275606435967293e-09
1648.0 5.272446455872006e-09
1649.0 5.269286475776718e-09
1650.0 5.266126495681431e-09
1651.0 5.262966515586143e-09
1652.0 5.259806535490854e-09
1653.0 5.256646555395569e-09
1654.0 5.253486575300281e-09
1655.0 5.2503265952049926e-09
1656.0 5.247166615109705e-09
1657.0 5.2440066350144165e-09
1658.0 5.24084665491913e-09
1659.0 5.237686674823843e-09
1660.0 5.234526694728555e-09
1661.0 5.231366714633268e-09
1662.0 5.2282067345379805e-09
1663.0 5.2250467544426924e-09
1664.0 5.221886774347405e-09
1665.0 5.218726794252118e-09
1666.0 5.215566814156829e-09
1667.0 5.212406834061543e-09
1668.0 5.209246853966255e-09
1669.0 5.206086873870967e-09
1670.0 5.20292689377568e-09
1671.0 5.199766913680391e-09
1672.0 5.196606933585104e-09
1673.0 5.193446953489817e-09
1674.0 5.190286973394529e-09
1675.0 5.187126993299242e-09
1676.0 5.183967013203954e-09
1677.0 5.1808070331086666e-09
1678.0 5.177647053013379e-09
1679.0 5.174487072918091e-09
1680.0 5.171327092822804e-09
1681.0 5.168167112727516e-09
1682.0 5.165007132632229e-09
1683.0 5.161847152536941e-09
1684.0 5.158687172441654e-09
1685.0 5.1555271923463664e-09
1686.0 5.152367212251078e-09
1687.0 5.149207232155791e-09
1688.0 5.146047252060504e-09
1689.0 5.142887271965216e-09
1690.0 5.139727291869929e-09
1691.0 5.13656731177464e-09
1692.0 5.133407331679354e-09
1693.0 5.130247351584066e-09
1694.0 5.1270873714887774e-09
1695.0 5.123927391393491e-09
1696.0 5.120767411298203e-09
1697.0 5.117607431202915e-09
1698.0 5.114447451107629e-09
1699.0 5.11128747101234e-09
1700.0 5.108127490917053e-09
1701.0 5.104967510821765e-09
1702.0 5.101807530726477e-09
1703.0 5.098647550631191e-09
1704.0 5.095487570535902e-09
1705.0 5.092327590440615e-09
1706.0 5.089167610345328e-09
1707.0 5.08600763025004e-09
1708.0 5.0828476501547524e-09
1709.0 5.079687670059464e-09
1710.0 5.076527689964177e-09
1711.0 5.07336770986889e-09
1712.0 5.070207729773602e-09
1713.0 5.067504022244793e-09
1714.0 5.064921841652856e-09
1715.0 5.062339661060919e-09
1716.0 5.0597574804689835e-09
1717.0 5.057175299877046e-09
1718.0 5.054593119285108e-09
1719.0 5.052010938693173e-09
1720.0 5.049428758101236e-09
1721.0 5.046846577509299e-09
1722.0 5.044264396917361e-09
1723.0 5.0416822163254245e-09
1724.0 5.039100035733489e-09
1725.0 5.036517855141551e-09
1726.0 5.033935674549614e-09
1727.0 5.031353493957678e-09
1728.0 5.028771313365741e-09
1729.0 5.026189132773804e-09
1730.0 5.023606952181867e-09
1731.0 5.0210247715899305e-09
1732.0 5.018442590997994e-09
1733.0 5.015860410406058e-09
1734.0 5.013278229814119e-09
1735.0 5.010696049222183e-09
1736.0 5.008113868630246e-09
1737.0 5.00553168803831e-09
1738.0 5.002949507446373e-09
1739.0 5.000367326854436e-09
1740.0 4.997785146262499e-09
1741.0 4.9952029656705616e-09
1742.0 4.992620785078625e-09
1743.0 4.990038604486688e-09
1744.0 4.987456423894751e-09
1745.0 4.984874243302814e-09
1746.0 4.9822920627108775e-09
1747.0 4.979709882118942e-09
1748.0 4.977127701527005e-09
1749.0 4.974545520935067e-09
1750.0 4.97196334034313e-09
1751.0 4.9693811597511934e-09
1752.0 4.966798979159258e-09
1753.0 4.96421679856732e-09
1754.0 4.961634617975383e-09
1755.0 4.959052437383446e-09
1756.0 4.956470256791509e-09
1757.0 4.953888076199573e-09
1758.0 4.951305895607636e-09
1759.0 4.9487237150156994e-09
1760.0 4.946141534423763e-09
1761.0 4.9435593538318245e-09
1762.0 4.940977173239889e-09
1763.0 4.938394992647952e-09
1764.0 4.935812812056015e-09
1765.0 4.933230631464079e-09
1766.0 4.930648450872141e-09
1767.0 4.928066270280205e-09
1768.0 4.925484089688269e-09
1769.0 4.9229019090963305e-09
1770.0 4.920319728504395e-09
1771.0 4.917737547912458e-09
1772.0 4.9151553673205205e-09
1773.0 4.912573186728584e-09
1774.0 4.909991006136647e-09
1775.0 4.9074088255447106e-09
1776.0 4.904826644952772e-09
1777.0 4.902244464360836e-09
1778.0 4.899662283768899e-09
1779.0 4.897080103176964e-09
1780.0 4.8944979225850265e-09
1781.0 4.891915741993088e-09
1782.0 4.889333561401152e-09
1783.0 4.886751380809216e-09
1784.0 4.884169200217279e-09
1785.0 4.881587019625342e-09
1786.0 4.879004839033405e-09
1787.0 4.876422658441469e-09
1788.0 4.873840477849531e-09
1789.0 4.871258297257594e-09
1790.0 4.868676116665658e-09
1791.0 4.86609393607372e-09
1792.0 4.863511755481784e-09
1793.0 4.860929574889847e-09
1794.0 4.85834739429791e-09
1795.0 4.855765213705974e-09
1796.0 4.853183033114036e-09
1797.0 4.850600852522099e-09
1798.0 4.848018671930163e-09
1799.0 4.845436491338225e-09
1800.0 4.8428543107462894e-09
1801.0 4.840272130154352e-09
1802.0 4.837689949562416e-09
1803.0 4.8351077689704795e-09
1804.0 4.832525588378541e-09
1805.0 4.8299434077866045e-09
1806.0 4.827361227194669e-09
1807.0 4.824779046602731e-09
1808.0 4.822196866010795e-09
1809.0 4.819614685418857e-09
1810.0 4.817032504826921e-09
1811.0 4.814450324234984e-09
1812.0 4.811868143643047e-09
1813.0 4.8092859630511105e-09
1814.0 4.806703782459174e-09
1815.0 4.804121601867237e-09
1816.0 4.8015394212753e-09
1817.0 4.798957240683363e-09
1818.0 4.7963750600914265e-09
1819.0 4.79379287949949e-09
1820.0 4.791210698907553e-09
1821.0 4.788628518315616e-09
1822.0 4.78604633772368e-09
1823.0 4.783464157131743e-09
1824.0 4.780881976539805e-09
1825.0 4.778299795947869e-09
1826.0 4.775717615355932e-09
1827.0 4.773135434763995e-09
1828.0 4.770553254172059e-09
1829.0 4.767971073580122e-09
1830.0 4.765388892988185e-09
1831.0 4.762806712396247e-09
1832.0 4.76022453180431e-09
1833.0 4.757642351212374e-09
1834.0 4.7550601706204385e-09
1835.0 4.752477990028501e-09
1836.0 4.7498958094365635e-09
1837.0 4.747313628844627e-09
1838.0 4.74473144825269e-09
1839.0 4.7421492676607536e-09
1840.0 4.739567087068816e-09
1841.0 4.7369849064768794e-09
1842.0 4.734402725884944e-09
1843.0 4.731820545293006e-09
1844.0 4.729238364701069e-09
1845.0 4.727130029629519e-09
1846.0 4.725069952119128e-09
1847.0 4.723009874608734e-09
1848.0 4.720949797098343e-09
1849.0 4.7188897195879516e-09
1850.0 4.716829642077558e-09
1851.0 4.714769564567166e-09
1852.0 4.712709487056775e-09
1853.0 4.710649409546382e-09
1854.0 4.7085893320359896e-09
1855.0 4.706529254525598e-09
1856.0 4.704469177015206e-09
1857.0 4.702409099504814e-09
1858.0 4.700349021994421e-09
1859.0 4.698288944484029e-09
1860.0 4.696228866973636e-09
1861.0 4.694168789463245e-09
1862.0 4.692108711952853e-09
1863.0 4.69004863444246e-09
1864.0 4.687988556932068e-09
1865.0 4.6859284794216755e-09
1866.0 4.683868401911284e-09
1867.0 4.681808324400892e-09
1868.0 4.679748246890499e-09
1869.0 4.677688169380108e-09
1870.0 4.675628091869715e-09
1871.0 4.673568014359322e-09
1872.0 4.671507936848931e-09
1873.0 4.669447859338537e-09
1874.0 4.667387781828146e-09
1875.0 4.665327704317753e-09
1876.0 4.663267626807361e-09
1877.0 4.661207549296969e-09
1878.0 4.659147471786577e-09
1879.0 4.657087394276185e-09
1880.0 4.655027316765793e-09
1881.0 4.652967239255401e-09
1882.0 4.6509071617450084e-09
1883.0 4.6488470842346175e-09
1884.0 4.646787006724224e-09
1885.0 4.6447269292138315e-09
1886.0 4.642666851703439e-09
1887.0 4.640606774193048e-09
1888.0 4.638546696682655e-09
1889.0 4.636486619172263e-09
1890.0 4.63442654166187e-09
1891.0 4.632366464151479e-09
1892.0 4.630306386641086e-09
1893.0 4.628246309130695e-09
1894.0 4.6261862316203026e-09
1895.0 4.62412615410991e-09
1896.0 4.6220660765995174e-09
1897.0 4.620005999089126e-09
1898.0 4.617945921578732e-09
1899.0 4.6158858440683406e-09
1900.0 4.613825766557949e-09
1901.0 4.611765689047557e-09
1902.0 4.609705611537164e-09
1903.0 4.607645534026773e-09
1904.0 4.60558545651638e-09
1905.0 4.603525379005988e-09
1906.0 4.601465301495596e-09
1907.0 4.599405223985204e-09
1908.0 4.597345146474812e-09
1909.0 4.595285068964419e-09
1910.0 4.593224991454027e-09
1911.0 4.591164913943634e-09
1912.0 4.589104836433242e-09
1913.0 4.587044758922851e-09
1914.0 4.584984681412458e-09
1915.0 4.582924603902066e-09
1916.0 4.5808645263916735e-09
1917.0 4.578804448881282e-09
1918.0 4.576744371370889e-09
1919.0 4.574684293860497e-09
1920.0 4.572624216350106e-09
1921.0 4.570564138839713e-09
1922.0 4.56850406132932e-09
1923.0 4.566443983818929e-09
1924.0 4.5643839063085355e-09
1925.0 4.562323828798144e-09
1926.0 4.560263751287752e-09
1927.0 4.558203673777359e-09
1928.0 4.556143596266967e-09
1929.0 4.554083518756575e-09
1930.0 4.552023441246183e-09
1931.0 4.549963363735791e-09
1932.0 4.547903286225399e-09
1933.0 4.545843208715007e-09
1934.0 4.5437831312046156e-09
1935.0 4.541723053694222e-09
1936.0 4.53966297618383e-09
1937.0 4.537602898673437e-09
1938.0 4.535542821163046e-09
1939.0 4.5334827436526535e-09
1940.0 4.531422666142261e-09
1941.0 4.529362588631868e-09
1942.0 4.527302511121476e-09
1943.0 4.525242433611085e-09
1944.0 4.523182356100693e-09
1945.0 4.521122278590301e-09
1946.0 4.519062201079908e-09
1947.0 4.517002123569516e-09
1948.0 4.514942046059123e-09
1949.0 4.512881968548731e-09
1950.0 4.51082189103834e-09
1951.0 4.508761813527947e-09
1952.0 4.506701736017555e-09
1953.0 4.5046416585071626e-09
1954.0 4.50258158099677e-09
1955.0 4.500521503486378e-09
1956.0 4.498461425975986e-09
1957.0 4.496401348465594e-09
1958.0 4.494341270955202e-09
1959.0 4.49228119344481e-09
1960.0 4.490221115934419e-09
1961.0 4.488161038424025e-09
1962.0 4.486100960913633e-09
1963.0 4.484040883403242e-09
1964.0 4.481980805892849e-09
1965.0 4.479920728382457e-09
1966.0 4.477860650872064e-09
1967.0 4.4758005733616716e-09
1968.0 4.47374049585128e-09
1969.0 4.471680418340888e-09
1970.0 4.469620340830496e-09
1971.0 4.467560263320104e-09
1972.0 4.46550018580971e-09
1973.0 4.463440108299318e-09
1974.0 4.461380030788927e-09
1975.0 4.459319953278534e-09
1976.0 4.457259875768143e-09
1977.0 4.45519979825775e-09
1978.0 4.453139720747358e-09
1979.0 4.451079643236966e-09
1980.0 4.449019565726574e-09
1981.0 4.446959488216181e-09
1982.0 4.44489941070579e-09
1983.0 4.442839333195396e-09
1984.0 4.440779255685005e-09
1985.0 4.438719178174613e-09
1986.0 4.43665910066422e-09
1987.0 4.434793847736409e-09
1988.0 4.4329583987183125e-09
1989.0 4.431122949700216e-09
1990.0 4.4292875006821206e-09
1991.0 4.427452051664025e-09
1992.0 4.4256166026459295e-09
1993.0 4.423781153627833e-09
1994.0 4.421945704609738e-09
1995.0 4.420110255591641e-09
1996.0 4.418274806573545e-09
1997.0 4.416439357555449e-09
1998.0 4.414603908537353e-09
1999.0 4.412768459519257e-09
2000.0 4.410933010501161e-09
2001.0 4.409097561483066e-09
2002.0 4.407262112464969e-09
2003.0 4.405426663446874e-09
2004.0 4.4035912144287774e-09
2005.0 4.401755765410682e-09
2006.0 4.3999203163925855e-09
2007.0 4.39808486737449e-09
2008.0 4.396249418356394e-09
2009.0 4.394413969338297e-09
2010.0 4.392578520320202e-09
2011.0 4.3907430713021054e-09
2012.0 4.38890762228401e-09
2013.0 4.3870721732659136e-09
2014.0 4.385236724247818e-09
2015.0 4.383401275229722e-09
2016.0 4.381565826211625e-09
2017.0 4.379730377193531e-09
2018.0 4.377894928175434e-09
2019.0 4.376059479157339e-09
2020.0 4.374224030139242e-09
2021.0 4.372388581121146e-09
2022.0 4.37055313210305e-09
2023.0 4.368717683084953e-09
2024.0 4.366882234066859e-09
2025.0 4.365046785048762e-09
2026.0 4.363211336030667e-09
2027.0 4.36137588701257e-09
2028.0 4.359540437994475e-09
2029.0 4.3577049889763785e-09
2030.0 4.355869539958282e-09
2031.0 4.354034090940186e-09
2032.0 4.352198641922091e-09
2033.0 4.350363192903996e-09
2034.0 4.348527743885898e-09
2035.0 4.346692294867803e-09
2036.0 4.3448568458497065e-09
2037.0 4.34302139683161e-09
2038.0 4.341185947813514e-09
2039.0 4.339350498795419e-09
2040.0 4.337515049777324e-09
2041.0 4.335679600759227e-09
2042.0 4.333844151741132e-09
2043.0 4.332008702723035e-09
2044.0 4.330173253704939e-09
2045.0 4.328337804686843e-09
2046.0 4.326502355668748e-09
2047.0 4.324666906650652e-09
2048.0 4.322831457632555e-09
2049.0 4.32099600861446e-09
2050.0 4.319160559596363e-09
2051.0 4.317325110578267e-09
2052.0 4.315489661560171e-09
2053.0 4.313654212542076e-09
2054.0 4.311818763523979e-09
2055.0 4.309983314505884e-09
2056.0 4.3081478654877886e-09
2057.0 4.306312416469692e-09
2058.0 4.304476967451596e-09
2059.0 4.3026415184334995e-09
2060.0 4.300806069415404e-09
2061.0 4.298970620397307e-09
2062.0 4.297135171379212e-09
2063.0 4.295299722361116e-09
2064.0 4.293464273343019e-09
2065.0 4.291628824324924e-09
2066.0 4.2897933753068275e-09
2067.0 4.287957926288733e-09
2068.0 4.2861224772706365e-09
2069.0 4.284287028252541e-09
2070.0 4.282451579234445e-09
2071.0 4.280616130216348e-09
2072.0 4.278780681198253e-09
2073.0 4.2769452321801555e-09
2074.0 4.275109783162061e-09
2075.0 4.2732743341439645e-09
2076.0 4.271438885125869e-09
2077.0 4.269603436107773e-09
2078.0 4.267767987089676e-09
2079.0 4.265932538071581e-09
2080.0 4.264097089053485e-09
2081.0 4.26226164003539e-09
2082.0 4.260426191017293e-09
2083.0 4.258590741999198e-09
2084.0 4.2567552929811014e-09
2085.0 4.254919843963005e-09
2086.0 4.253084394944909e-09
2087.0 4.251248945926813e-09
2088.0 4.249413496908718e-09
2089.0 4.247578047890621e-09
2090.0 4.245742598872526e-09
2091.0 4.2439071498544294e-09
2092.0 4.242071700836333e-09
2093.0 4.2402362518182376e-09
2094.0 4.238400802800142e-09
2095.0 4.2365653537820465e-09
2096.0 4.23472990476395e-09
2097.0 4.232894455745855e-09
2098.0 4.2310590067277575e-09
2099.0 4.229223557709661e-09
2100.0 4.2273881086915656e-09
2101.0 4.22555265967347e-09
2102.0 4.2237172106553745e-09
2103.0 4.221881761637278e-09
2104.0 4.220046312619183e-09
2105.0 4.218210863601086e-09
2106.0 4.21637541458299e-09
2107.0 4.2145399655648944e-09
2108.0 4.212704516546799e-09
2109.0 4.2108690675287025e-09
2110.0 4.209033618510607e-09
2111.0 4.207198169492511e-09
2112.0 4.2053627204744135e-09
2113.0 4.203527271456319e-09
2114.0 4.2016918224382224e-09
2115.0 4.199856373420127e-09
2116.0 4.1980209244020305e-09
2117.0 4.196185475383935e-09
2118.0 4.1943500263658395e-09
2119.0 4.192514577347742e-09
2120.0 4.190679128329647e-09
2121.0 4.188843679311551e-09
2122.0 4.187008230293456e-09
2123.0 4.185172781275359e-09
2124.0 4.183337332257263e-09
2125.0 4.1815018832391675e-09
2126.0 4.17966643422107e-09
2127.0 4.177830985202975e-09
2128.0 4.175995536184879e-09
2129.0 4.174160087166784e-09
2130.0 4.172324638148687e-09
2131.0 4.170489189130592e-09
2132.0 4.1686537401124955e-09
2133.0 4.166818291094399e-09
2134.0 4.1649828420763045e-09
2135.0 4.163147393058208e-09
2136.0 4.161311944040112e-09
2137.0 4.159476495022015e-09
2138.0 4.15764104600392e-09
2139.0 4.1558055969858235e-09
2140.0 4.1542100466975e-09
2141.0 4.152645213608115e-09
2142.0 4.151080380518727e-09
2143.0 4.149515547429342e-09
2144.0 4.147950714339955e-09
2145.0 4.14638588125057e-09
2146.0 4.1448210481611826e-09
2147.0 4.1432562150717974e-09
2148.0 4.14169138198241e-09
2149.0 4.1401265488930255e-09
2150.0 4.138561715803638e-09
2151.0 4.136996882714253e-09
2152.0 4.135432049624865e-09
2153.0 4.13386721653548e-09
2154.0 4.132302383446093e-09
2155.0 4.130737550356708e-09
2156.0 4.129172717267321e-09
2157.0 4.1276078841779355e-09
2158.0 4.126043051088549e-09
2159.0 4.1244782179991636e-09
2160.0 4.122913384909776e-09
2161.0 4.121348551820391e-09
2162.0 4.119783718731003e-09
2163.0 4.118218885641618e-09
2164.0 4.116654052552232e-09
2165.0 4.115089219462846e-09
2166.0 4.113524386373459e-09
2167.0 4.1119595532840735e-09
2168.0 4.1103947201946875e-09
2169.0 4.108829887105301e-09
2170.0 4.107265054015914e-09
2171.0 4.105700220926528e-09
2172.0 4.104135387837142e-09
2173.0 4.102570554747756e-09
2174.0 4.101005721658369e-09
2175.0 4.0994408885689834e-09
2176.0 4.0978760554795975e-09
2177.0 4.0963112223902115e-09
2178.0 4.094746389300825e-09
2179.0 4.093181556211439e-09
2180.0 4.091616723122053e-09
2181.0 4.090051890032666e-09
2182.0 4.088487056943281e-09
2183.0 4.086922223853894e-09
2184.0 4.085357390764508e-09
2185.0 4.083792557675122e-09
2186.0 4.0822277245857355e-09
2187.0 4.0806628914963496e-09
2188.0 4.079098058406964e-09
2189.0 4.077533225317577e-09
2190.0 4.075968392228191e-09
2191.0 4.074403559138805e-09
2192.0 4.072838726049419e-09
2193.0 4.071273892960033e-09
2194.0 4.069709059870646e-09
2195.0 4.0681442267812595e-09
2196.0 4.066579393691874e-09
2197.0 4.0650145606024884e-09
2198.0 4.063449727513102e-09
2199.0 4.061884894423715e-09
2200.0 4.060320061334329e-09
2201.0 4.058755228244944e-09
2202.0 4.057190395155557e-09
2203.0 4.05562556206617e-09
2204.0 4.054060728976784e-09
2205.0 4.052495895887398e-09
2206.0 4.050931062798012e-09
2207.0 4.049366229708626e-09
2208.0 4.04780139661924e-09
2209.0 4.046236563529854e-09
2210.0 4.044671730440468e-09
2211.0 4.043106897351081e-09
2212.0 4.041542064261695e-09
2213.0 4.039977231172309e-09
2214.0 4.038412398082922e-09
2215.0 4.036847564993537e-09
2216.0 4.0352827319041504e-09
2217.0 4.0337178988147645e-09
2218.0 4.032153065725378e-09
2219.0 4.030588232635992e-09
2220.0 4.029023399546606e-09
2221.0 4.02745856645722e-09
2222.0 4.025893733367832e-09
2223.0 4.024328900278447e-09
2224.0 4.02276406718906e-09
2225.0 4.021199234099675e-09
2226.0 4.019634401010288e-09
2227.0 4.0180695679209025e-09
2228.0 4.016504734831516e-09
2229.0 4.014939901742131e-09
2230.0 4.013375068652743e-09
2231.0 4.011810235563358e-09
2232.0 4.010245402473971e-09
2233.0 4.008680569384585e-09
2234.0 4.007115736295199e-09
2235.0 4.005550903205813e-09
2236.0 4.0039860701164265e-09
2237.0 4.0024212370270406e-09
2238.0 4.000856403937654e-09
2239.0 3.999291570848269e-09
2240.0 3.997726737758882e-09
2241.0 3.996161904669496e-09
2242.0 3.994597071580109e-09
2243.0 3.993032238490723e-09
2244.0 3.991467405401337e-09
2245.0 3.989902572311951e-09
2246.0 3.9883377392225645e-09
2247.0 3.986772906133179e-09
2248.0 3.985208073043793e-09
2249.0 3.983643239954407e-09
2250.0 3.98207840686502e-09
2251.0 3.980513573775633e-09
2252.0 3.978948740686247e-09
2253.0 3.977383907596862e-09
2254.0 3.975819074507475e-09
2255.0 3.9742542414180885e-09
2256.0 3.9726894083287026e-09
2257.0 3.971124575239317e-09
2258.0 3.969559742149931e-09
2259.0 3.967994909060544e-09
2260.0 3.966430075971158e-09
2261.0 3.964865242881772e-09
2262.0 3.963300409792386e-09
2263.0 3.961735576703e-09
2264.0 3.960170743613613e-09
2265.0 3.958605910524227e-09
2266.0 3.957041077434841e-09
2267.0 3.955476244345455e-09
2268.0 3.953911411256069e-09
2269.0 3.952346578166683e-09
2270.0 3.950781745077296e-09
2271.0 3.94921691198791e-09
2272.0 3.947652078898524e-09
2273.0 3.946087245809138e-09
2274.0 3.944522412719752e-09
2275.0 3.942957579630365e-09
2276.0 3.9413927465409795e-09
2277.0 3.9398279134515935e-09
2278.0 3.938263080362207e-09
2279.0 3.936698247272821e-09
2280.0 3.935133414183434e-09
2281.0 3.933568581094049e-09
2282.0 3.932003748004662e-09
2283.0 3.930438914915276e-09
2284.0 3.928874081825889e-09
2285.0 3.9273092487365035e-09
2286.0 3.9257444156471175e-09
2287.0 3.9241795825577316e-09
2288.0 3.922614749468345e-09
2289.0 3.921049916378959e-09
2290.0 3.919485083289572e-09
2291.0 3.917920250200187e-09
2292.0 3.9163554171108e-09
2293.0 3.914790584021414e-09
2294.0 3.9132257509320274e-09
2295.0 3.911660917842642e-09
2296.0 3.9100960847532555e-09
2297.0 3.90853125166387e-09
2298.0 3.906966418574483e-09
2299.0 3.905401585485097e-09
2300.0 3.90383675239571e-09
2301.0 3.902271919306325e-09
2302.0 3.900707086216937e-09
2303.0 3.899142253127552e-09
2304.0 3.897609131641959e-09
2305.0 3.8963033887626154e-09
2306.0 3.894997645883272e-09
2307.0 3.893691903003929e-09
2308.0 3.892386160124586e-09
2309.0 3.8910804172452425e-09
2310.0 3.889774674365899e-09
2311.0 3.888468931486556e-09
2312.0 3.887163188607211e-09
2313.0 3.885857445727869e-09
2314.0 3.884551702848525e-09
2315.0 3.883245959969181e-09
2316.0 3.881940217089839e-09
2317.0 3.880634474210496e-09
2318.0 3.8793287313311516e-09
2319.0 3.8780229884518075e-09
2320.0 3.876717245572464e-09
2321.0 3.875411502693122e-09
2322.0 3.874105759813777e-09
2323.0 3.8728000169344345e-09
2324.0 3.871494274055092e-09
2325.0 3.870188531175748e-09
2326.0 3.868882788296404e-09
2327.0 3.867577045417061e-09
2328.0 3.8662713025377175e-09
2329.0 3.864965559658374e-09
2330.0 3.863659816779031e-09
2331.0 3.862354073899688e-09
2332.0 3.8610483310203445e-09
2333.0 3.859742588141001e-09
2334.0 3.858436845261656e-09
2335.0 3.857131102382314e-09
2336.0 3.855825359502971e-09
2337.0 3.854519616623627e-09
2338.0 3.853213873744284e-09
2339.0 3.851908130864941e-09
2340.0 3.850602387985597e-09
2341.0 3.849296645106254e-09
2342.0 3.84799090222691e-09
2343.0 3.8466851593475655e-09
2344.0 3.845379416468223e-09
2345.0 3.844073673588881e-09
2346.0 3.8427679307095365e-09
2347.0 3.841462187830193e-09
2348.0 3.840156444950849e-09
2349.0 3.838850702071506e-09
2350.0 3.837544959192163e-09
2351.0 3.8362392163128195e-09
2352.0 3.834933473433477e-09
2353.0 3.833627730554133e-09
2354.0 3.83232198767479e-09
2355.0 3.8310162447954465e-09
2356.0 3.8297105019161024e-09
2357.0 3.828404759036759e-09
2358.0 3.827099016157416e-09
2359.0 3.825793273278073e-09
2360.0 3.8244875303987294e-09
2361.0 3.823181787519385e-09
2362.0 3.821876044640041e-09
2363.0 3.820570301760698e-09
2364.0 3.819264558881356e-09
2365.0 3.817958816002011e-09
2366.0 3.816653073122668e-09
2367.0 3.815347330243326e-09
2368.0 3.814041587363982e-09
2369.0 3.812735844484638e-09
2370.0 3.8114301016052945e-09
2371.0 3.810124358725951e-09
2372.0 3.808818615846608e-09
2373.0 3.807512872967265e-09
2374.0 3.8062071300879215e-09
2375.0 3.804901387208578e-09
2376.0 3.803595644329235e-09
2377.0 3.802289901449892e-09
2378.0 3.800984158570547e-09
2379.0 3.7996784156912045e-09
2380.0 3.798372672811861e-09
2381.0 3.797066929932518e-09
2382.0 3.795761187053175e-09
2383.0 3.7944554441738315e-09
2384.0 3.793149701294487e-09
2385.0 3.791843958415144e-09
2386.0 3.790538215535801e-09
2387.0 3.789232472656457e-09
2388.0 3.787926729777114e-09
2389.0 3.786620986897771e-09
2390.0 3.785315244018427e-09
2391.0 3.784009501139083e-09
2392.0 3.78270375825974e-09
2393.0 3.7813980153803965e-09
2394.0 3.780092272501053e-09
2395.0 3.778786529621711e-09
2396.0 3.777480786742367e-09
2397.0 3.7761750438630235e-09
2398.0 3.77486930098368e-09
2399.0 3.773563558104336e-09
2400.0 3.772257815224993e-09
2401.0 3.77095207234565e-09
2402.0 3.7696463294663065e-09
2403.0 3.768340586586963e-09
2404.0 3.76703484370762e-09
2405.0 3.765729100828276e-09
2406.0 3.764423357948932e-09
2407.0 3.7631176150695894e-09
2408.0 3.761811872190246e-09
2409.0 3.760506129310902e-09
2410.0 3.75920038643156e-09
2411.0 3.757894643552216e-09
2412.0 3.756588900672872e-09
2413.0 3.755283157793528e-09
2414.0 3.753977414914185e-09
2415.0 3.752671672034842e-09
2416.0 3.7513659291554985e-09
2417.0 3.750060186276156e-09
2418.0 3.748754443396812e-09
2419.0 3.747448700517469e-09
2420.0 3.7461429576381256e-09
2421.0 3.744837214758781e-09
2422.0 3.743531471879438e-09
2423.0 3.742225729000095e-09
2424.0 3.740919986120752e-09
2425.0 3.7396142432414085e-09
2426.0 3.7383085003620644e-09
2427.0 3.73700275748272e-09
2428.0 3.735697014603378e-09
2429.0 3.734391271724035e-09
2430.0 3.733085528844691e-09
2431.0 3.731779785965348e-09
2432.0 3.730474043086005e-09
2433.0 3.729168300206661e-09
2434.0 3.727862557327317e-09
2435.0 3.7265568144479736e-09
2436.0 3.7252510715686307e-09
2437.0 3.7239453286892875e-09
2438.0 3.7226395858099442e-09
2439.0 3.721333842930601e-09
2440.0 3.7200281000512573e-09
2441.0 3.718722357171914e-09
2442.0 3.717416614292571e-09
2443.0 3.7161108714132268e-09
2444.0 3.714805128533884e-09
2445.0 3.7134993856545407e-09
2446.0 3.7121936427751966e-09
2447.0 3.7108878998958538e-09
2448.0 3.7095821570165105e-09
2449.0 3.7082764141371656e-09
2450.0 3.706970671257823e-09
2451.0 3.7056649283784804e-09
2452.0 3.7043591854991363e-09
2453.0 3.703053442619793e-09
2454.0 3.70174769974045e-09
2455.0 3.700441956861106e-09
2456.0 3.699136213981762e-09
2457.0 3.697830471102419e-09
2458.0 3.696524728223076e-09
2459.0 3.6952189853437327e-09
2460.0 3.6939132424643895e-09
2461.0 3.6926074995850454e-09
2462.0 3.6913017567057026e-09
2463.0 3.6899960138263593e-09
2464.0 3.6886902709470153e-09
2465.0 3.6873845280676724e-09
2466.0 3.686078785188329e-09
2467.0 3.684773042308986e-09
2468.0 3.683467299429642e-09
2469.0 3.6821615565502982e-09
2470.0 3.680855813670955e-09
2471.0 3.6795500707916117e-09
2472.0 3.6782443279122685e-09
2473.0 3.6769385850329256e-09
2474.0 3.6756328421535816e-09
2475.0 3.6743270992742383e-09
2476.0 3.6730213563948947e-09
2477.0 3.6717156135155514e-09
2478.0 3.6704098706362073e-09
2479.0 3.6691041277568645e-09
2480.0 3.6677983848775213e-09
2481.0 3.666492641998178e-09
2482.0 3.665267113941677e-09
2483.0 3.664081555243837e-09
2484.0 3.6628959965459963e-09
2485.0 3.6617104378481555e-09
2486.0 3.6605248791503146e-09
2487.0 3.659339320452475e-09
2488.0 3.6581537617546333e-09
2489.0 3.656968203056794e-09
2490.0 3.6557826443589525e-09
2491.0 3.6545970856611124e-09
2492.0 3.653411526963272e-09
2493.0 3.652225968265431e-09
2494.0 3.651040409567591e-09
2495.0 3.6498548508697503e-09
2496.0 3.64866929217191e-09
2497.0 3.647483733474069e-09
2498.0 3.646298174776229e-09
2499.0 3.645112616078388e-09
2500.0 3.643927057380548e-09
2501.0 3.6427414986827064e-09
2502.0 3.641555939984867e-09
2503.0 3.640370381287026e-09
2504.0 3.639184822589185e-09
2505.0 3.6379992638913443e-09
2506.0 3.6368137051935043e-09
2507.0 3.635628146495664e-09
2508.0 3.634442587797823e-09
2509.0 3.633257029099983e-09
2510.0 3.632071470402142e-09
2511.0 3.6308859117043017e-09
2512.0 3.629700353006461e-09
2513.0 3.628514794308621e-09
2514.0 3.62732923561078e-09
2515.0 3.62614367691294e-09
2516.0 3.6249581182150983e-09
2517.0 3.623772559517257e-09
2518.0 3.622587000819418e-09
2519.0 3.621401442121576e-09
2520.0 3.620215883423736e-09
2521.0 3.619030324725896e-09
2522.0 3.6178447660280557e-09
2523.0 3.616659207330215e-09
2524.0 3.6154736486323748e-09
2525.0 3.614288089934534e-09
2526.0 3.6131025312366935e-09
2527.0 3.6119169725388527e-09
2528.0 3.6107314138410126e-09
2529.0 3.6095458551431718e-09
2530.0 3.608360296445331e-09
2531.0 3.6071747377474905e-09
2532.0 3.6059891790496497e-09
2533.0 3.6048036203518096e-09
2534.0 3.6036180616539688e-09
2535.0 3.602432502956128e-09
2536.0 3.601246944258287e-09
2537.0 3.6000613855604467e-09
2538.0 3.5988758268626066e-09
2539.0 3.5976902681647666e-09
2540.0 3.5965047094669258e-09
2541.0 3.5953191507690853e-09
2542.0 3.5941335920712445e-09
2543.0 3.5929480333734036e-09
2544.0 3.5917624746755636e-09
2545.0 3.5905769159777228e-09
2546.0 3.589391357279882e-09
2547.0 3.5882057985820406e-09
2548.0 3.5870202398842015e-09
2549.0 3.5858346811863598e-09
2550.0 3.5846491224885206e-09
2551.0 3.583463563790679e-09
2552.0 3.5822780050928393e-09
2553.0 3.5810924463949985e-09
2554.0 3.5799068876971576e-09
2555.0 3.5787213289993176e-09
2556.0 3.5775357703014767e-09
2557.0 3.5763502116036363e-09
2558.0 3.5751646529057955e-09
2559.0 3.5739790942079554e-09
2560.0 3.5727935355101146e-09
2561.0 3.571607976812274e-09
2562.0 3.5704224181144333e-09
2563.0 3.5692368594165933e-09
2564.0 3.5680513007187524e-09
2565.0 3.5668657420209116e-09
2566.0 3.5656801833230707e-09
2567.0 3.5644946246252303e-09
2568.0 3.5633090659273895e-09
2569.0 3.5621235072295494e-09
2570.0 3.5609379485317094e-09
2571.0 3.5597523898338686e-09
2572.0 3.558566831136028e-09
2573.0 3.5573812724381873e-09
2574.0 3.5561957137403473e-09
2575.0 3.5550101550425064e-09
2576.0 3.553824596344666e-09
2577.0 3.5526390376468243e-09
2578.0 3.551453478948985e-09
2579.0 3.5502679202511443e-09
2580.0 3.5490823615533034e-09
2581.0 3.5478968028554626e-09
2582.0 3.546711244157622e-09
2583.0 3.545525685459782e-09
2584.0 3.5443401267619413e-09
2585.0 3.5431545680641012e-09
2586.0 3.5419690093662604e-09
2587.0 3.54078345066842e-09
2588.0 3.539597891970579e-09
2589.0 3.538412333272739e-09
2590.0 3.5372267745748982e-09
2591.0 3.536041215877058e-09
2592.0 3.534855657179217e-09
2593.0 3.533670098481376e-09
2594.0 3.532484539783536e-09
2595.0 3.5312989810856952e-09
2596.0 3.5301134223878544e-09
2597.0 3.5289278636900135e-09
2598.0 3.527742304992174e-09
2599.0 3.526556746294333e-09
2600.0 3.525371187596493e-09
2601.0 3.5241856288986522e-09
2602.0 3.5230000702008118e-09
2603.0 3.521814511502971e-09
2604.0 3.520628952805131e-09
2605.0 3.51944339410729e-09
2606.0 3.5182578354094492e-09
2607.0 3.5170722767116088e-09
2608.0 3.515886718013767e-09
2609.0 3.514701159315928e-09
2610.0 3.5135156006180862e-09
2611.0 3.512330041920247e-09
2612.0 3.5111444832224058e-09
2613.0 3.5099589245245658e-09
2614.0 3.508773365826725e-09
2615.0 3.507587807128884e-09
2616.0 3.506402248431044e-09
2617.0 3.5052166897332036e-09
2618.0 3.5040311310353628e-09
2619.0 3.502845572337522e-09
2620.0 3.501660013639682e-09
2621.0 3.500474454941841e-09
2622.0 3.4992888962440006e-09
2623.0 3.4981033375461598e-09
2624.0 3.4969177788483197e-09
2625.0 3.495732220150479e-09
2626.0 3.494546661452638e-09
2627.0 3.493361102754797e-09
2628.0 3.4921755440569568e-09
2629.0 3.490989985359116e-09
2630.0 3.4898044266612767e-09
2631.0 3.488618867963436e-09
2632.0 3.4874333092655946e-09
2633.0 3.4862477505677546e-09
2634.0 3.4850621918699137e-09
2635.0 3.4838766331720737e-09
2636.0 3.482691074474233e-09
2637.0 3.4815055157763924e-09
2638.0 3.4803199570785508e-09
2639.0 3.4791343983807116e-09
2640.0 3.4779488396828707e-09
2641.0 3.4767632809850303e-09
2642.0 3.475577722287189e-09
2643.0 3.4743921635893494e-09
2644.0 3.4732066048915086e-09
2645.0 3.4720210461936677e-09
2646.0 3.4708354874958277e-09
2647.0 3.4696499287979864e-09
2648.0 3.4684643701001464e-09
2649.0 3.4672788114023056e-09
2650.0 3.4660932527044655e-09
2651.0 3.4649076940066247e-09
2652.0 3.4637221353087843e-09
2653.0 3.4625365766109434e-09
2654.0 3.4613510179131034e-09
2655.0 3.4601654592152625e-09
2656.0 3.4589799005174217e-09
2657.0 3.457794341819581e-09
2658.0 3.4566087831217396e-09
2659.0 3.4554232244239004e-09
2660.0 3.4542376657260595e-09
2661.0 3.4530521070282187e-09
2662.0 3.4518665483303787e-09
2663.0 3.450680989632538e-09
2664.0 3.449495430934697e-09
2665.0 3.448309872236857e-09
2666.0 3.447124313539017e-09
2667.0 3.4459387548411753e-09
2668.0 3.4447531961433352e-09
2669.0 3.4435676374454944e-09
2670.0 3.4423820787476544e-09
2671.0 3.4411965200498135e-09
2672.0 3.440010961351973e-09
2673.0 3.4388971597340155e-09
2674.0 3.437843484776018e-09
2675.0 3.4367898098180197e-09
2676.0 3.4357361348600227e-09
2677.0 3.4346824599020248e-09
2678.0 3.4336287849440273e-09
2679.0 3.4325751099860294e-09
2680.0 3.4315214350280315e-09
2681.0 3.4304677600700345e-09
2682.0 3.429414085112036e-09
2683.0 3.428360410154039e-09
2684.0 3.4273067351960412e-09
2685.0 3.4262530602380434e-09
2686.0 3.425199385280046e-09
2687.0 3.4241457103220484e-09
2688.0 3.42309203536405e-09
2689.0 3.4220383604060535e-09
2690.0 3.420984685448055e-09
2691.0 3.4199310104900577e-09
2692.0 3.4188773355320603e-09
2693.0 3.417823660574062e-09
2694.0 3.416769985616065e-09
2695.0 3.415716310658067e-09
2696.0 3.4146626357000696e-09
2697.0 3.4136089607420717e-09
2698.0 3.4125552857840738e-09
2699.0 3.4115016108260767e-09
2700.0 3.4104479358680784e-09
2701.0 3.4093942609100814e-09
2702.0 3.4083405859520835e-09
2703.0 3.4072869109940856e-09
2704.0 3.406233236036088e-09
2705.0 3.4051795610780907e-09
2706.0 3.4041258861200924e-09
2707.0 3.403072211162096e-09
2708.0 3.4020185362040974e-09
2709.0 3.4009648612461e-09
2710.0 3.399911186288102e-09
2711.0 3.3988575113301042e-09
2712.0 3.3978038363721076e-09
2713.0 3.3967501614141093e-09
2714.0 3.395696486456112e-09
2715.0 3.394642811498114e-09
2716.0 3.393589136540116e-09
2717.0 3.392535461582118e-09
2718.0 3.3914817866241207e-09
2719.0 3.390428111666123e-09
2720.0 3.3893744367081258e-09
2721.0 3.388320761750128e-09
2722.0 3.3872670867921304e-09
2723.0 3.3862134118341333e-09
2724.0 3.3851597368761355e-09
2725.0 3.3841060619181384e-09
2726.0 3.38305238696014e-09
2727.0 3.3819987120021422e-09
2728.0 3.3809450370441443e-09
2729.0 3.379891362086147e-09
2730.0 3.3788376871281494e-09
2731.0 3.377784012170152e-09
2732.0 3.376730337212154e-09
2733.0 3.375676662254156e-09
2734.0 3.3746229872961587e-09
2735.0 3.3735693123381604e-09
2736.0 3.3725156373801638e-09
2737.0 3.3714619624221655e-09
2738.0 3.370408287464168e-09
2739.0 3.3693546125061705e-09
2740.0 3.368300937548173e-09
2741.0 3.3672472625901756e-09
2742.0 3.3661935876321777e-09
2743.0 3.36513991267418e-09
2744.0 3.3640862377161824e-09
2745.0 3.3630325627581845e-09
2746.0 3.3619788878001866e-09
2747.0 3.360925212842189e-09
2748.0 3.3598715378841917e-09
2749.0 3.358817862926194e-09
2750.0 3.3577641879681963e-09
2751.0 3.3567105130101984e-09
2752.0 3.355656838052201e-09
2753.0 3.354603163094203e-09
2754.0 3.353549488136206e-09
2755.0 3.3524958131782077e-09
2756.0 3.3514421382202103e-09
2757.0 3.3503884632622128e-09
2758.0 3.3493347883042153e-09
2759.0 3.348281113346217e-09
2760.0 3.34722743838822e-09
2761.0 3.346173763430222e-09
2762.0 3.3451200884722246e-09
2763.0 3.3440664135142267e-09
2764.0 3.343012738556229e-09
2765.0 3.3419590635982314e-09
2766.0 3.340905388640234e-09
2767.0 3.3398517136822364e-09
2768.0 3.3387980387242386e-09
2769.0 3.3377443637662407e-09
2770.0 3.3366906888082432e-09
2771.0 3.3356370138502457e-09
2772.0 3.3345833388922483e-09
2773.0 3.33352966393425e-09
2774.0 3.3324759889762525e-09
2775.0 3.331422314018255e-09
2776.0 3.3303686390602576e-09
2777.0 3.3293149641022593e-09
2778.0 3.3282612891442622e-09
2779.0 3.327207614186265e-09
2780.0 3.326153939228267e-09
2781.0 3.325100264270269e-09
2782.0 3.324046589312271e-09
2783.0 3.3229929143542736e-09
2784.0 3.321939239396276e-09
2785.0 3.3208855644382787e-09
2786.0 3.3198318894802804e-09
2787.0 3.318778214522283e-09
2788.0 3.3177245395642855e-09
2789.0 3.316670864606288e-09
2790.0 3.3156171896482905e-09
2791.0 3.3145635146902922e-09
2792.0 3.3135098397322948e-09
2793.0 3.3124561647742973e-09
2794.0 3.3114024898163e-09
2795.0 3.3103488148583024e-09
2796.0 3.3092951399003045e-09
2797.0 3.3082414649423066e-09
2798.0 3.307187789984309e-09
2799.0 3.3061341150263112e-09
2800.0 3.3050804400683134e-09
2801.0 3.3040267651103163e-09
2802.0 3.3029730901523184e-09
2803.0 3.301919415194321e-09
2804.0 3.3008657402363227e-09
2805.0 3.299812065278325e-09
2806.0 3.2987583903203277e-09
2807.0 3.2977047153623302e-09
2808.0 3.2966510404043328e-09
2809.0 3.2955973654463345e-09
2810.0 3.294543690488337e-09
2811.0 3.2934900155303395e-09
2812.0 3.292436340572342e-09
2813.0 3.2913826656143446e-09
2814.0 3.2903289906563467e-09
2815.0 3.289275315698349e-09
2816.0 3.2882216407403514e-09
2817.0 3.2871679657823535e-09
2818.0 3.2861142908243556e-09
2819.0 3.285060615866359e-09
2820.0 3.2840069409083607e-09
2821.0 3.282953265950363e-09
2822.0 3.281899590992365e-09
2823.0 3.2808459160343674e-09
2824.0 3.27979224107637e-09
2825.0 3.2787385661183725e-09
2826.0 3.277684891160375e-09
2827.0 3.2766312162023767e-09
2828.0 3.2755775412443793e-09
2829.0 3.274523866286382e-09
2830.0 3.2734701913283843e-09
2831.0 3.272416516370387e-09
2832.0 3.2713628414123894e-09
2833.0 3.270309166454391e-09
2834.0 3.2692554914963936e-09
2835.0 3.268201816538396e-09
2836.0 3.2671481415803987e-09
2837.0 3.2660944666224004e-09
2838.0 3.2650407916644033e-09
2839.0 3.2639871167064055e-09
2840.0 3.2629334417484076e-09
2841.0 3.2618797667904097e-09
2842.0 3.2608260918324122e-09
2843.0 3.259772416874415e-09
2844.0 3.2587187419164165e-09
2845.0 3.257665066958419e-09
2846.0 3.256611392000422e-09
2847.0 3.255557717042424e-09
2848.0 3.254504042084427e-09
2849.0 3.253450367126429e-09
2850.0 3.2523966921684316e-09
2851.0 3.2513430172104338e-09
2852.0 3.250289342252436e-09
2853.0 3.2492356672944384e-09
2854.0 3.248181992336441e-09
2855.0 3.2471283173784426e-09
2856.0 3.2460746424204456e-09
2857.0 3.2450209674624477e-09
2858.0 3.24396729250445e-09
2859.0 3.2429136175464524e-09
2860.0 3.2418599425884545e-09
2861.0 3.2408062676304574e-09
2862.0 3.239752592672459e-09
2863.0 3.2386989177144612e-09
2864.0 3.237645242756464e-09
2865.0 3.2365915677984663e-09
2866.0 3.2355378928404692e-09
2867.0 3.2344842178824714e-09
2868.0 3.233430542924474e-09
2869.0 3.232376867966476e-09
2870.0 3.231323193008478e-09
2871.0 3.2302695180504802e-09
2872.0 3.229215843092483e-09
2873.0 3.228162168134485e-09
2874.0 3.227108493176488e-09
2875.0 3.22605481821849e-09
2876.0 3.225001143260492e-09
2877.0 3.2239474683024946e-09
2878.0 3.2228937933444967e-09
2879.0 3.221936740466856e-09
2880.0 3.2210211800070323e-09
2881.0 3.2201056195472082e-09
2882.0 3.219190059087385e-09
2883.0 3.2182744986275614e-09
2884.0 3.2173589381677383e-09
2885.0 3.2164433777079147e-09
2886.0 3.215527817248091e-09
2887.0 3.2146122567882674e-09
2888.0 3.213696696328444e-09
2889.0 3.2127811358686206e-09
2890.0 3.2118655754087974e-09
2891.0 3.210950014948974e-09
2892.0 3.2100344544891506e-09
2893.0 3.209118894029327e-09
2894.0 3.2082033335695034e-09
2895.0 3.2072877731096794e-09
2896.0 3.2063722126498562e-09
2897.0 3.205456652190033e-09
2898.0 3.204541091730209e-09
2899.0 3.2036255312703854e-09
2900.0 3.2027099708105622e-09
2901.0 3.201794410350739e-09
2902.0 3.2008788498909154e-09
2903.0 3.1999632894310914e-09
2904.0 3.1990477289712686e-09
2905.0 3.1981321685114446e-09
2906.0 3.197216608051621e-09
2907.0 3.196301047591797e-09
2908.0 3.1953854871319746e-09
2909.0 3.1944699266721506e-09
2910.0 3.193554366212327e-09
2911.0 3.1926388057525038e-09
2912.0 3.1917232452926806e-09
2913.0 3.190807684832857e-09
2914.0 3.1898921243730334e-09
2915.0 3.1889765639132094e-09
2916.0 3.188061003453386e-09
2917.0 3.187145442993563e-09
2918.0 3.1862298825337394e-09
2919.0 3.1853143220739153e-09
2920.0 3.184398761614092e-09
2921.0 3.183483201154269e-09
2922.0 3.1825676406944454e-09
2923.0 3.1816520802346217e-09
2924.0 3.1807365197747986e-09
2925.0 3.179820959314975e-09
2926.0 3.178905398855151e-09
2927.0 3.1779898383953277e-09
2928.0 3.1770742779355045e-09
2929.0 3.176158717475681e-09
2930.0 3.175243157015857e-09
2931.0 3.1743275965560337e-09
2932.0 3.173412036096211e-09
2933.0 3.1724964756363865e-09
2934.0 3.1715809151765633e-09
2935.0 3.17066535471674e-09
2936.0 3.169749794256916e-09
2937.0 3.1688342337970933e-09
2938.0 3.1679186733372693e-09
2939.0 3.167003112877446e-09
2940.0 3.1660875524176225e-09
2941.0 3.165171991957799e-09
2942.0 3.1642564314979757e-09
2943.0 3.1633408710381517e-09
2944.0 3.162425310578328e-09
2945.0 3.161509750118505e-09
2946.0 3.1605941896586817e-09
2947.0 3.1596786291988577e-09
2948.0 3.158763068739034e-09
2949.0 3.157847508279211e-09
2950.0 3.1569319478193877e-09
2951.0 3.1560163873595637e-09
2952.0 3.15510082689974e-09
2953.0 3.1541852664399165e-09
2954.0 3.1532697059800933e-09
2955.0 3.15235414552027e-09
2956.0 3.1514385850604465e-09
2957.0 3.1505230246006233e-09
2958.0 3.1496074641408e-09
2959.0 3.148691903680976e-09
2960.0 3.1477763432211525e-09
2961.0 3.1468607827613297e-09
2962.0 3.1459452223015057e-09
2963.0 3.145029661841682e-09
2964.0 3.144114101381858e-09
2965.0 3.143198540922035e-09
2966.0 3.1422829804622116e-09
2967.0 3.141367420002388e-09
2968.0 3.140451859542564e-09
2969.0 3.139536299082741e-09
2970.0 3.1386207386229176e-09
2971.0 3.1377051781630936e-09
2972.0 3.13678961770327e-09
2973.0 3.1358740572434464e-09
2974.0 3.134958496783624e-09
2975.0 3.1340429363237996e-09
2976.0 3.1331273758639764e-09
2977.0 3.1322118154041532e-09
2978.0 3.13129625494433e-09
2979.0 3.130380694484506e-09
2980.0 3.129465134024683e-09
2981.0 3.1285495735648588e-09
2982.0 3.1276340131050356e-09
2983.0 3.126718452645212e-09
2984.0 3.125802892185389e-09
2985.0 3.1248873317255648e-09
2986.0 3.1239717712657416e-09
2987.0 3.123056210805918e-09
2988.0 3.1221406503460944e-09
2989.0 3.121225089886271e-09
2990.0 3.1203095294264476e-09
2991.0 3.1193939689666236e-09
2992.0 3.1184784085068004e-09
2993.0 3.117562848046977e-09
2994.0 3.1166472875871536e-09
2995.0 3.1157317271273304e-09
2996.0 3.1148161666675063e-09
2997.0 3.113900606207683e-09
2998.0 3.112985045747859e-09
2999.0 3.112069485288036e-09
3000.0 3.1111539248282127e-09
3001.0 3.110238364368389e-09
3002.0 3.109322803908565e-09
3003.0 3.1084072434487428e-09
3004.0 3.1074916829889187e-09
3005.0 3.106576122529095e-09
3006.0 3.1056605620692715e-09
3007.0 3.1047450016094483e-09
3008.0 3.1038294411496243e-09
3009.0 3.1029138806898007e-09
3010.0 3.1019983202299775e-09
3011.0 3.1010827597701543e-09
3012.0 3.100167199310331e-09
3013.0 3.0992516388505067e-09
3014.0 3.0983360783906835e-09
3015.0 3.0974205179308603e-09
3016.0 3.0965049574710367e-09
3017.0 3.0955893970112127e-09
3018.0 3.094673836551389e-09
3019.0 3.093758276091566e-09
3020.0 3.0928427156317427e-09
3021.0 3.091927155171919e-09
3022.0 3.091011594712096e-09
3023.0 3.0900960342522727e-09
3024.0 3.0891804737924487e-09
3025.0 3.088264913332625e-09
3026.0 3.0873493528728015e-09
3027.0 3.0864337924129783e-09
3028.0 3.0855182319531547e-09
3029.0 3.0846026714933315e-09
3030.0 3.0836871110335075e-09
3031.0 3.0827715505736843e-09
3032.0 3.0818559901138607e-09
3033.0 3.0809404296540375e-09
3034.0 3.0800248691942134e-09
3035.0 3.0791093087343907e-09
3036.0 3.0781937482745662e-09
3037.0 3.077278187814743e-09
3038.0 3.076362627354919e-09
3039.0 3.0754470668950962e-09
3040.0 3.0745315064352722e-09
3041.0 3.073615945975449e-09
3042.0 3.072700385515626e-09
3043.0 3.0717848250558022e-09
3044.0 3.0708692645959786e-09
3045.0 3.0699537041361554e-09
3046.0 3.0690381436763322e-09
3047.0 3.068122583216508e-09
3048.0 3.0672070227566854e-09
3049.0 3.0662914622968614e-09
3050.0 3.0653759018370382e-09
3051.0 3.0644603413772146e-09
3052.0 3.063544780917391e-09
3053.0 3.0626292204575674e-09
3054.0 3.061713659997744e-09
3055.0 3.06079809953792e-09
3056.0 3.059882539078097e-09
3057.0 3.058966978618273e-09
3058.0 3.0580514181584498e-09
3059.0 3.057135857698626e-09
3060.0 3.056220297238803e-09
3061.0 3.055304736778979e-09
3062.0 3.0543891763191558e-09
3063.0 3.053473615859332e-09
3064.0 3.0525580553995086e-09
3065.0 3.0516424949396854e-09
3066.0 3.0507269344798618e-09
3067.0 3.0498113740200386e-09
3068.0 3.0488958135602154e-09
3069.0 3.047980253100392e-09
3070.0 3.0470646926405678e-09
3071.0 3.0461491321807446e-09
3072.0 3.045233571720921e-09
3073.0 3.0443180112610978e-09
3074.0 3.0434024508012733e-09
3075.0 3.04248689034145e-09
3076.0 3.041571329881627e-09
3077.0 3.0406557694218037e-09
3078.0 3.0397402089619793e-09
3079.0 3.038824648502156e-09
3080.0 3.037909088042333e-09
3081.0 3.0369935275825093e-09
3082.0 3.0360779671226853e-09
3083.0 3.035162406662862e-09
3084.0 3.0342468462030393e-09
3085.0 3.0333312857432153e-09
3086.0 3.0324157252833917e-09
3087.0 3.0315001648235685e-09
3088.0 3.0305846043637453e-09
3089.0 3.0296690439039213e-09
3090.0 3.028753483444098e-09
3091.0 3.0278379229842745e-09
3092.0 3.0269223625244505e-09
3093.0 3.0260068020646273e-09
3094.0 3.025091241604804e-09
3095.0 3.02417568114498e-09
3096.0 3.023260120685157e-09
3097.0 3.0223445602253333e-09
3098.0 3.02142899976551e-09
3099.0 3.020513439305686e-09
3100.0 3.019597878845863e-09
