2.0 1.0222068516908973e-07
3.0 1.375203769627731e-07
4.0 1.7036761446977552e-07
5.0 2.0078408727850862e-07
6.0 2.2880150754564515e-07
7.0 2.545965016559352e-07
8.0 2.782763366853995e-07
9.0 2.998812959335105e-07
10.0 3.1970579791559703e-07
11.0 3.3792072146395226e-07
12.0 3.5412048390168484e-07
13.0 3.69190621135588e-07
14.0 3.8274951530378106e-07
15.0 3.948006147008224e-07
16.0 4.0593886409408705e-07
17.0 4.158798017130204e-07
18.0 4.2439939771636917e-07
19.0 4.319834838624837e-07
20.0 4.388768397798536e-07
21.0 4.4475277189376085e-07
22.0 4.4973361137539395e-07
23.0 4.5385242994946403e-07
24.0 4.5682545842877727e-07
25.0 4.5953843013629604e-07
26.0 4.6141342131391546e-07
27.0 4.6304972503560685e-07
28.0 4.633459917548635e-07
29.0 4.63531098004151e-07
30.0 4.624908928864589e-07
31.0 4.614506877687668e-07
32.0 4.5983617627029977e-07
33.0 4.58124951567438e-07
34.0 4.5596361496045293e-07
35.0 4.532674865794833e-07
36.0 4.505713581985136e-07
37.0 4.470401007375516e-07
38.0 4.433877687477237e-07
39.0 4.3970243666757535e-07
40.0 4.3568645136881503e-07
41.0 4.3167046607005465e-07
42.0 4.276354269316966e-07
43.0 4.2341626818182185e-07
44.0 4.1919710943194693e-07
45.0 4.149779506820721e-07
46.0 4.10572594076521e-07
47.0 4.061384204532048e-07
48.0 4.0170424682988863e-07
49.0 3.972536001410391e-07
50.0 3.9277713932986094e-07
51.0 3.883006785186827e-07
52.0 3.8382421770750444e-07
53.0 3.794848148512992e-07
54.0 3.7522072914138107e-07
55.0 3.70956643431463e-07
56.0 3.66692557721545e-07
57.0 3.6259234715117384e-07
58.0 3.585956951965366e-07
59.0 3.5459904324189914e-07
60.0 3.5060239128726177e-07
61.0 3.4665123541551236e-07
62.0 3.428233548681102e-07
63.0 3.38995474320708e-07
64.0 3.3516759377330583e-07
65.0 3.3133971322590365e-07
66.0 3.276615111462253e-07
67.0 3.240865329670644e-07
68.0 3.2051155478790346e-07
69.0 3.1693657660874257e-07
70.0 3.133615984295816e-07
71.0 3.099813691993864e-07
72.0 3.0675804154150077e-07
73.0 3.035347138836151e-07
74.0 3.003113862257293e-07
75.0 2.9708805856784376e-07
76.0 2.9389231443480845e-07
77.0 2.90884932860602e-07
78.0 2.878775512863956e-07
79.0 2.8487016971218923e-07
80.0 2.818627881379828e-07
81.0 2.788554065637763e-07
82.0 2.7590736533050396e-07
83.0 2.7310914082170517e-07
84.0 2.7031091631290634e-07
85.0 2.6751269180410745e-07
86.0 2.647144672953086e-07
87.0 2.619162427865098e-07
88.0 2.5911801827771094e-07
89.0 2.5662332950575113e-07
90.0 2.5413184380805284e-07
91.0 2.516403581103545e-07
92.0 2.491488724126562e-07
93.0 2.466573867149579e-07
94.0 2.441659010172597e-07
95.0 2.4171859034835605e-07
96.0 2.3943686311160875e-07
97.0 2.3715513587486134e-07
98.0 2.3487340863811414e-07
99.0 2.3259168140136678e-07
100.0 2.3030995416461944e-07
101.0 2.2802822692787214e-07
102.0 2.2574649969112486e-07
103.0 2.2361382767647168e-07
104.0 2.214959882143644e-07
105.0 2.1937814875225714e-07
106.0 2.172603092901499e-07
107.0 2.1514246982804262e-07
108.0 2.1302463036593533e-07
109.0 2.109067909038281e-07
110.0 2.0880107796516994e-07
111.0 2.0694669736338269e-07
112.0 2.0509231676159544e-07
113.0 2.0323793615980824e-07
114.0 2.0138355555802094e-07
115.0 1.9952917495623374e-07
116.0 1.9767479435444646e-07
117.0 1.9582041375265921e-07
118.0 1.9396603315087197e-07
119.0 1.9222261162181555e-07
120.0 1.905605740536355e-07
121.0 1.888985364854555e-07
122.0 1.872364989172755e-07
123.0 1.8557446134909552e-07
124.0 1.839124237809155e-07
125.0 1.822503862127355e-07
126.0 1.805883486445555e-07
127.0 1.7892631107637552e-07
128.0 1.7732315602339647e-07
129.0 1.7579041617696553e-07
130.0 1.742576763305346e-07
131.0 1.7272493648410375e-07
132.0 1.711921966376727e-07
133.0 1.6965945679124184e-07
134.0 1.6812671694481095e-07
135.0 1.6659397709837998e-07
136.0 1.650612372519491e-07
137.0 1.6352849740551817e-07
138.0 1.6212973649085115e-07
139.0 1.6080920792712198e-07
140.0 1.5948867936339276e-07
141.0 1.5816815079966356e-07
142.0 1.5684762223593436e-07
143.0 1.5552709367220514e-07
144.0 1.5420656510847595e-07
145.0 1.5288603654474675e-07
146.0 1.5156550798101755e-07
147.0 1.5024497941728833e-07
148.0 1.489331622505969e-07
149.0 1.4778480093342624e-07
150.0 1.4663643961625556e-07
151.0 1.4548807829908488e-07
152.0 1.4433971698191425e-07
153.0 1.4319135566474353e-07
154.0 1.4204299434757285e-07
155.0 1.4089463303040214e-07
156.0 1.3974627171323148e-07
157.0 1.3859791039606085e-07
158.0 1.3744954907889012e-07
159.0 1.3630118776171943e-07
160.0 1.3521638853946815e-07
161.0 1.341650873432362e-07
162.0 1.3311378614700426e-07
163.0 1.3206248495077227e-07
164.0 1.3101118375454032e-07
165.0 1.2995988255830835e-07
166.0 1.2890858136207635e-07
167.0 1.2785728016584438e-07
168.0 1.2680597896961244e-07
169.0 1.2575467777338046e-07
170.0 1.2470337657714852e-07
171.0 1.2365207538091652e-07
172.0 1.2266158703685623e-07
173.0 1.2176973278188602e-07
174.0 1.2087787852691586e-07
175.0 1.1998602427194563e-07
176.0 1.1909417001697542e-07
177.0 1.182023157620052e-07
178.0 1.1731046150703502e-07
179.0 1.164186072520648e-07
180.0 1.1552675299709459e-07
181.0 1.1463489874212435e-07
182.0 1.1374304448715418e-07
183.0 1.1285119023218397e-07
184.0 1.1195933597721376e-07
185.0 1.11090112952169e-07
186.0 1.1033747129606543e-07
187.0 1.0958482963996187e-07
188.0 1.0883218798385829e-07
189.0 1.0807954632775475e-07
190.0 1.0732690467165118e-07
191.0 1.0657426301554763e-07
192.0 1.0582162135944406e-07
193.0 1.050689797033405e-07
194.0 1.0431633804723692e-07
195.0 1.0356369639113338e-07
196.0 1.0281105473502981e-07
197.0 1.0205841307892627e-07
198.0 1.013057714228227e-07
199.0 1.0055312976671913e-07
200.0 9.986679515488557e-08
201.0 9.918579345016891e-08
202.0 9.85047917454522e-08
203.0 9.782379004073549e-08
204.0 9.714278833601881e-08
205.0 9.646178663130211e-08
206.0 9.578078492658542e-08
207.0 9.509978322186873e-08
208.0 9.441878151715205e-08
209.0 9.373777981243535e-08
210.0 9.305677810771866e-08
211.0 9.237577640300199e-08
212.0 9.16947746982853e-08
213.0 9.101377299356859e-08
214.0 9.03327712888519e-08
215.0 8.971553354031572e-08
216.0 8.91422493579669e-08
217.0 8.856896517561806e-08
218.0 8.799568099326929e-08
219.0 8.742239681092045e-08
220.0 8.684911262857164e-08
221.0 8.627582844622284e-08
222.0 8.570254426387403e-08
223.0 8.512926008152522e-08
224.0 8.455597589917638e-08
225.0 8.398269171682757e-08
226.0 8.340940753447877e-08
227.0 8.283612335212995e-08
228.0 8.226283916978115e-08
229.0 8.168955498743233e-08
230.0 8.111627080508352e-08
231.0 8.055103525016869e-08
232.0 8.008188900228121e-08
233.0 7.961274275439376e-08
234.0 7.91435965065063e-08
235.0 7.867445025861885e-08
236.0 7.820530401073139e-08
237.0 7.773615776284394e-08
238.0 7.726701151495649e-08
239.0 7.679786526706901e-08
240.0 7.632871901918155e-08
241.0 7.585957277129408e-08
242.0 7.539042652340664e-08
243.0 7.492128027551921e-08
244.0 7.445213402763173e-08
245.0 7.398298777974428e-08
246.0 7.35138415318568e-08
247.0 7.304469528396935e-08
248.0 7.25755490360819e-08
249.0 7.212112014846073e-08
250.0 7.170262082690895e-08
251.0 7.128412150535721e-08
252.0 7.086562218380545e-08
253.0 7.044712286225371e-08
254.0 7.002862354070195e-08
255.0 6.96101242191502e-08
256.0 6.919162489759843e-08
257.0 6.877312557604669e-08
258.0 6.835462625449491e-08
259.0 6.793612693294316e-08
260.0 6.75176276113914e-08
261.0 6.709912828983965e-08
262.0 6.66806289682879e-08
263.0 6.626212964673614e-08
264.0 6.584363032518439e-08
265.0 6.542513100363265e-08
266.0 6.500663168208087e-08
267.0 6.458813236052912e-08
268.0 6.417871998871262e-08
269.0 6.382809682263635e-08
270.0 6.347747365656013e-08
271.0 6.31268504904839e-08
272.0 6.277622732440763e-08
273.0 6.24256041583314e-08
274.0 6.207498099225517e-08
275.0 6.172435782617892e-08
276.0 6.137373466010267e-08
277.0 6.102311149402643e-08
278.0 6.06724883279502e-08
279.0 6.032186516187394e-08
280.0 5.99712419957977e-08
281.0 5.962061882972145e-08
282.0 5.926999566364522e-08
283.0 5.891937249756898e-08
284.0 5.856874933149272e-08
285.0 5.821812616541649e-08
286.0 5.786750299934024e-08
287.0 5.7516879833264006e-08
288.0 5.716625666718776e-08
289.0 5.68510100535097e-08
290.0 5.657091040360431e-08
291.0 5.629081075369891e-08
292.0 5.601071110379351e-08
293.0 5.5730611453888113e-08
294.0 5.545051180398272e-08
295.0 5.517041215407735e-08
296.0 5.4890312504171954e-08
297.0 5.4610212854266535e-08
298.0 5.433011320436116e-08
299.0 5.405001355445576e-08
300.0 5.376991390455036e-08
301.0 5.3489814254644976e-08
302.0 5.320971460473957e-08
303.0 5.292961495483418e-08
304.0 5.264951530492879e-08
305.0 5.23694156550234e-08
306.0 5.2089316005118e-08
307.0 5.180921635521261e-08
308.0 5.1529116705307224e-08
309.0 5.124901705540183e-08
310.0 5.096891740549644e-08
311.0 5.0698637755308977e-08
312.0 5.045358549984467e-08
313.0 5.0208533244380344e-08
314.0 4.996348098891603e-08
315.0 4.971842873345171e-08
316.0 4.94733764779874e-08
317.0 4.922832422252307e-08
318.0 4.898327196705877e-08
319.0 4.873821971159445e-08
320.0 4.849316745613015e-08
321.0 4.824811520066583e-08
322.0 4.800306294520151e-08
323.0 4.7758010689737195e-08
324.0 4.7512958434272875e-08
325.0 4.726790617880855e-08
326.0 4.7022853923344236e-08
327.0 4.677780166787992e-08
328.0 4.6532749412415604e-08
329.0 4.6287697156951284e-08
330.0 4.604264490148697e-08
331.0 4.5797592646022645e-08
332.0 4.555254039055834e-08
333.0 4.530748813509402e-08
334.0 4.5062435879629706e-08
335.0 4.483092850268464e-08
336.0 4.4624892282602567e-08
337.0 4.441885606252049e-08
338.0 4.4212819842438414e-08
339.0 4.4006783622356345e-08
340.0 4.3800747402274255e-08
341.0 4.359471118219219e-08
342.0 4.3388674962110116e-08
343.0 4.3182638742028034e-08
344.0 4.297660252194596e-08
345.0 4.277056630186388e-08
346.0 4.256453008178179e-08
347.0 4.235849386169972e-08
348.0 4.2152457641617646e-08
349.0 4.194642142153558e-08
350.0 4.17403852014535e-08
351.0 4.153434898137142e-08
352.0 4.132831276128934e-08
353.0 4.112227654120726e-08
354.0 4.0916240321125176e-08
355.0 4.071020410104311e-08
356.0 4.050416788096103e-08
357.0 4.0298131660878955e-08
358.0 4.009209544079688e-08
359.0 3.98860592207148e-08
360.0 3.968002300063273e-08
361.0 3.949965602348742e-08
362.0 3.9338598122918824e-08
363.0 3.9177540222350206e-08
364.0 3.90164823217816e-08
365.0 3.8855424421212996e-08
366.0 3.8694366520644385e-08
367.0 3.853330862007578e-08
368.0 3.8372250719507175e-08
369.0 3.821119281893855e-08
370.0 3.805013491836994e-08
371.0 3.788907701780133e-08
372.0 3.7728019117232716e-08
373.0 3.7566961216664105e-08
374.0 3.74059033160955e-08
375.0 3.7244845415526895e-08
376.0 3.708378751495829e-08
377.0 3.692272961438967e-08
378.0 3.6761671713821074e-08
379.0 3.6600613813252456e-08
380.0 3.643955591268385e-08
381.0 3.6278498012115234e-08
382.0 3.611744011154663e-08
383.0 3.5956382210978024e-08
384.0 3.579532431040941e-08
385.0 3.563426640984081e-08
386.0 3.5473208509272196e-08
387.0 3.531215060870359e-08
388.0 3.5151092708134974e-08
389.0 3.50086010473433e-08
390.0 3.487049772672704e-08
391.0 3.4732394406110796e-08
392.0 3.4594291085494545e-08
393.0 3.445618776487831e-08
394.0 3.4318084444262074e-08
395.0 3.417998112364582e-08
396.0 3.404187780302958e-08
397.0 3.390377448241333e-08
398.0 3.3765671161797094e-08
399.0 3.362756784118085e-08
400.0 3.34894645205646e-08
401.0 3.335136119994836e-08
402.0 3.321325787933211e-08
403.0 3.307515455871587e-08
404.0 3.293705123809963e-08
405.0 3.279894791748338e-08
406.0 3.2660844596867147e-08
407.0 3.252274127625089e-08
408.0 3.238463795563464e-08
409.0 3.2246534635018405e-08
410.0 3.210843131440216e-08
411.0 3.1970327993785915e-08
412.0 3.1832224673169676e-08
413.0 3.169412135255343e-08
414.0 3.155601803193719e-08
415.0 3.1417914711320934e-08
416.0 3.1279811390704696e-08
417.0 3.1141708070088444e-08
418.0 3.1003604749472206e-08
419.0 3.088527601167516e-08
420.0 3.07689364003634e-08
421.0 3.065259678905164e-08
422.0 3.0536257177739874e-08
423.0 3.041991756642812e-08
424.0 3.030357795511635e-08
425.0 3.0187238343804586e-08
426.0 3.0070898732492837e-08
427.0 2.9954559121181074e-08
428.0 2.9838219509869305e-08
429.0 2.972187989855754e-08
430.0 2.9605540287245776e-08
431.0 2.9489200675934014e-08
432.0 2.9372861064622254e-08
433.0 2.9256521453310498e-08
434.0 2.914018184199873e-08
435.0 2.9023842230686966e-08
436.0 2.8907502619375207e-08
437.0 2.8791163008063444e-08
438.0 2.8674823396751675e-08
439.0 2.855848378543992e-08
440.0 2.8442144174128157e-08
441.0 2.8325804562816397e-08
442.0 2.8209464951504628e-08
443.0 2.8093125340192866e-08
444.0 2.7976785728881103e-08
445.0 2.7860446117569347e-08
446.0 2.7744106506257578e-08
447.0 2.762776689494582e-08
448.0 2.7511427283634056e-08
449.0 2.7395087672322293e-08
450.0 2.7278748061010527e-08
451.0 2.7181052833692285e-08
452.0 2.7091146668289323e-08
453.0 2.7001240502886358e-08
454.0 2.6911334337483406e-08
455.0 2.682142817208044e-08
456.0 2.6731522006677482e-08
457.0 2.6641615841274524e-08
458.0 2.6551709675871562e-08
459.0 2.646180351046861e-08
460.0 2.6371897345065645e-08
461.0 2.628199117966269e-08
462.0 2.6192085014259728e-08
463.0 2.6102178848856763e-08
464.0 2.601227268345381e-08
465.0 2.592236651805085e-08
466.0 2.5832460352647894e-08
467.0 2.574255418724493e-08
468.0 2.5652648021841974e-08
469.0 2.5562741856439012e-08
470.0 2.5472835691036057e-08
471.0 2.5382929525633095e-08
472.0 2.5293023360230137e-08
473.0 2.5203117194827178e-08
474.0 2.511321102942422e-08
475.0 2.502330486402126e-08
476.0 2.49333986986183e-08
477.0 2.4843492533215334e-08
478.0 2.4753586367812386e-08
479.0 2.4663680202409417e-08
480.0 2.457377403700646e-08
481.0 2.4483867871603504e-08
482.0 2.4393961706200542e-08
483.0 2.4304055540797587e-08
484.0 2.421414937539462e-08
485.0 2.4124562775296604e-08
486.0 2.4049435802863278e-08
487.0 2.397430883042996e-08
488.0 2.3899181857996637e-08
489.0 2.3824054885563314e-08
490.0 2.3748927913129995e-08
491.0 2.367380094069668e-08
492.0 2.359867396826335e-08
493.0 2.3523546995830034e-08
494.0 2.3448420023396715e-08
495.0 2.3373293050963393e-08
496.0 2.3298166078530073e-08
497.0 2.3223039106096758e-08
498.0 2.314791213366344e-08
499.0 2.307278516123011e-08
500.0 2.299765818879679e-08
501.0 2.292253121636347e-08
502.0 2.2847404243930145e-08
503.0 2.2772277271496826e-08
504.0 2.269715029906351e-08
505.0 2.2622023326630185e-08
506.0 2.2546896354196865e-08
507.0 2.2471769381763546e-08
508.0 2.2396642409330227e-08
509.0 2.2321515436896908e-08
510.0 2.2246388464463582e-08
511.0 2.2171261492030263e-08
512.0 2.2096134519596944e-08
513.0 2.202100754716362e-08
514.0 2.1945880574730306e-08
515.0 2.1870753602296983e-08
516.0 2.1795626629863657e-08
517.0 2.1720499657430335e-08
518.0 2.1645372684997023e-08
519.0 2.15702457125637e-08
520.0 2.1495118740130378e-08
521.0 2.1419991767697055e-08
522.0 2.1344864795263736e-08
523.0 2.127720722946095e-08
524.0 2.1213288554145096e-08
525.0 2.1149369878829245e-08
526.0 2.1085451203513398e-08
527.0 2.1021532528197544e-08
528.0 2.0957613852881694e-08
529.0 2.0893695177565846e-08
530.0 2.0829776502249993e-08
531.0 2.076585782693414e-08
532.0 2.0701939151618285e-08
533.0 2.0638020476302438e-08
534.0 2.0574101800986587e-08
535.0 2.0510183125670737e-08
536.0 2.0446264450354883e-08
537.0 2.0382345775039032e-08
538.0 2.031842709972318e-08
539.0 2.0254508424407324e-08
540.0 2.0190589749091477e-08
541.0 2.012667107377563e-08
542.0 2.0062752398459776e-08
543.0 1.9998833723143925e-08
544.0 1.993491504782807e-08
545.0 1.9870996372512224e-08
546.0 1.980707769719637e-08
547.0 1.9743159021880513e-08
548.0 1.967924034656467e-08
549.0 1.9615321671248822e-08
550.0 1.9551402995932965e-08
551.0 1.9487484320617114e-08
552.0 1.9423565645301264e-08
553.0 1.935964696998541e-08
554.0 1.929572829466956e-08
555.0 1.9231809619353712e-08
556.0 1.9167890944037855e-08
557.0 1.9103972268722008e-08
558.0 1.9040053593406154e-08
559.0 1.8976134918090307e-08
560.0 1.8912216242774453e-08
561.0 1.88482975674586e-08
562.0 1.8784378892142745e-08
563.0 1.8726996034954722e-08
564.0 1.8678138669865956e-08
565.0 1.86292813047772e-08
566.0 1.8580423939688433e-08
567.0 1.8531566574599667e-08
568.0 1.84827092095109e-08
569.0 1.8433851844422134e-08
570.0 1.838499447933337e-08
571.0 1.8336137114244605e-08
572.0 1.828727974915584e-08
573.0 1.823842238406708e-08
574.0 1.8189565018978312e-08
575.0 1.814070765388955e-08
576.0 1.809185028880079e-08
577.0 1.804299292371202e-08
578.0 1.799413555862325e-08
579.0 1.7945278193534487e-08
580.0 1.789642082844572e-08
581.0 1.7847563463356965e-08
582.0 1.779870609826819e-08
583.0 1.774984873317943e-08
584.0 1.7700991368090666e-08
585.0 1.76521340030019e-08
586.0 1.7603276637913136e-08
587.0 1.755441927282437e-08
588.0 1.7505561907735604e-08
589.0 1.745670454264684e-08
590.0 1.7407847177558074e-08
591.0 1.7358989812469308e-08
592.0 1.7310132447380545e-08
593.0 1.726127508229178e-08
594.0 1.7212417717203016e-08
595.0 1.7163560352114252e-08
596.0 1.7114702987025486e-08
597.0 1.7065845621936723e-08
598.0 1.7016988256847954e-08
599.0 1.6968130891759187e-08
600.0 1.691927352667043e-08
601.0 1.6870416161581658e-08
602.0 1.6821558796492898e-08
603.0 1.6772701431404132e-08
604.0 1.672384406631537e-08
605.0 1.6674986701226602e-08
606.0 1.662704568362503e-08
607.0 1.6587120232259816e-08
608.0 1.6547194780894598e-08
609.0 1.6507269329529387e-08
610.0 1.6467343878164172e-08
611.0 1.6427418426798954e-08
612.0 1.6387492975433736e-08
613.0 1.6347567524068525e-08
614.0 1.6307642072703314e-08
615.0 1.6267716621338093e-08
616.0 1.6227791169972885e-08
617.0 1.618786571860767e-08
618.0 1.6147940267242453e-08
619.0 1.6108014815877238e-08
620.0 1.6068089364512027e-08
621.0 1.602816391314681e-08
622.0 1.5988238461781594e-08
623.0 1.5948313010416383e-08
624.0 1.590838755905117e-08
625.0 1.5868462107685947e-08
626.0 1.5828536656320736e-08
627.0 1.5788611204955525e-08
628.0 1.5748685753590307e-08
629.0 1.5708760302225093e-08
630.0 1.566883485085988e-08
631.0 1.5628909399494664e-08
632.0 1.558898394812945e-08
633.0 1.5549058496764234e-08
634.0 1.550913304539902e-08
635.0 1.5469207594033802e-08
636.0 1.5429282142668588e-08
637.0 1.538935669130338e-08
638.0 1.5349431239938165e-08
639.0 1.5309505788572947e-08
640.0 1.5269580337207736e-08
641.0 1.522965488584252e-08
642.0 1.5189729434477307e-08
643.0 1.514980398311209e-08
644.0 1.5109878531746878e-08
645.0 1.506995308038166e-08
646.0 1.5030027629016445e-08
647.0 1.499010217765123e-08
648.0 1.495017672628602e-08
649.0 1.49102512749208e-08
650.0 1.4870325823555592e-08
651.0 1.4830400372190374e-08
652.0 1.4790474920825162e-08
653.0 1.4753061480150682e-08
654.0 1.4718928574645286e-08
655.0 1.4684795669139891e-08
656.0 1.4650662763634497e-08
657.0 1.46165298581291e-08
658.0 1.4582396952623709e-08
659.0 1.454826404711831e-08
660.0 1.4514131141612918e-08
661.0 1.4479998236107523e-08
662.0 1.4445865330602128e-08
663.0 1.4411732425096735e-08
664.0 1.437759951959134e-08
665.0 1.4343466614085942e-08
666.0 1.4309333708580546e-08
667.0 1.4275200803075151e-08
668.0 1.4241067897569755e-08
669.0 1.420693499206436e-08
670.0 1.4172802086558966e-08
671.0 1.413866918105357e-08
672.0 1.4104536275548174e-08
673.0 1.4070403370042783e-08
674.0 1.4036270464537383e-08
675.0 1.400213755903199e-08
676.0 1.3968004653526596e-08
677.0 1.39338717480212e-08
678.0 1.3899738842515803e-08
679.0 1.3865605937010411e-08
680.0 1.3831473031505015e-08
681.0 1.379734012599962e-08
682.0 1.3763207220494224e-08
683.0 1.3729074314988828e-08
684.0 1.3694941409483433e-08
685.0 1.3660808503978037e-08
686.0 1.3626675598472643e-08
687.0 1.3592542692967249e-08
688.0 1.3558409787461856e-08
689.0 1.3524276881956458e-08
690.0 1.3490143976451066e-08
691.0 1.3456011070945668e-08
692.0 1.3421878165440275e-08
693.0 1.3387745259934879e-08
694.0 1.3353612354429484e-08
695.0 1.3319479448924088e-08
696.0 1.3285346543418691e-08
697.0 1.3251213637913298e-08
698.0 1.3217080732407903e-08
699.0 1.3182947826902505e-08
700.0 1.3148814921397114e-08
701.0 1.311468201589172e-08
702.0 1.3080549110386323e-08
703.0 1.3047782446577336e-08
704.0 1.302168233898685e-08
705.0 1.299558223139636e-08
706.0 1.2969482123805876e-08
707.0 1.294338201621539e-08
708.0 1.2917281908624904e-08
709.0 1.2891181801034414e-08
710.0 1.286508169344393e-08
711.0 1.2838981585853444e-08
712.0 1.2812881478262958e-08
713.0 1.2786781370672469e-08
714.0 1.276068126308198e-08
715.0 1.2734581155491497e-08
716.0 1.2708481047901012e-08
717.0 1.2682380940310521e-08
718.0 1.2656280832720035e-08
719.0 1.263018072512955e-08
720.0 1.2604080617539064e-08
721.0 1.2577980509948576e-08
722.0 1.255188040235809e-08
723.0 1.2525780294767601e-08
724.0 1.2499680187177116e-08
725.0 1.247358007958663e-08
726.0 1.2447479971996143e-08
727.0 1.2421379864405655e-08
728.0 1.239527975681517e-08
729.0 1.2369179649224684e-08
730.0 1.2343079541634196e-08
731.0 1.231697943404371e-08
732.0 1.2290879326453223e-08
733.0 1.2264779218862737e-08
734.0 1.223867911127225e-08
735.0 1.2212579003681762e-08
736.0 1.2186478896091277e-08
737.0 1.216037878850079e-08
738.0 1.2134278680910305e-08
739.0 1.2108178573319816e-08
740.0 1.2082078465729332e-08
741.0 1.205597835813884e-08
742.0 1.2029878250548357e-08
743.0 1.2003778142957871e-08
744.0 1.1977678035367384e-08
745.0 1.1951577927776897e-08
746.0 1.192547782018641e-08
747.0 1.1899377712595925e-08
748.0 1.1873277605005436e-08
749.0 1.1847177497414949e-08
750.0 1.1821077389824461e-08
751.0 1.1794977282233977e-08
752.0 1.1768877174643493e-08
753.0 1.1742777067053002e-08
754.0 1.1716676959462516e-08
755.0 1.169057685187203e-08
756.0 1.1664476744281547e-08
757.0 1.1638562083733805e-08
758.0 1.1617763894700172e-08
759.0 1.1596965705666541e-08
760.0 1.1576167516632906e-08
761.0 1.1555369327599268e-08
762.0 1.1534571138565636e-08
763.0 1.1513772949532002e-08
764.0 1.1492974760498368e-08
765.0 1.1472176571464734e-08
766.0 1.1451378382431098e-08
767.0 1.1430580193397466e-08
768.0 1.1409782004363827e-08
769.0 1.1388983815330195e-08
770.0 1.1368185626296562e-08
771.0 1.1347387437262927e-08
772.0 1.1326589248229291e-08
773.0 1.1305791059195657e-08
774.0 1.1284992870162025e-08
775.0 1.126419468112839e-08
776.0 1.1243396492094756e-08
777.0 1.122259830306112e-08
778.0 1.1201800114027485e-08
779.0 1.1181001924993853e-08
780.0 1.116020373596022e-08
781.0 1.1139405546926583e-08
782.0 1.1118607357892949e-08
783.0 1.1097809168859317e-08
784.0 1.1077010979825681e-08
785.0 1.1056212790792049e-08
786.0 1.1035414601758413e-08
787.0 1.1014616412724777e-08
788.0 1.0993818223691143e-08
789.0 1.0973020034657511e-08
790.0 1.0952221845623877e-08
791.0 1.0931423656590243e-08
792.0 1.0910625467556609e-08
793.0 1.0889827278522972e-08
794.0 1.0869029089489339e-08
795.0 1.0848230900455705e-08
796.0 1.082743271142207e-08
797.0 1.0806634522388439e-08
798.0 1.0785836333354801e-08
799.0 1.0765038144321166e-08
800.0 1.0744239955287535e-08
801.0 1.07234417662539e-08
802.0 1.0702643577220265e-08
803.0 1.068184538818663e-08
804.0 1.0661047199152994e-08
805.0 1.0640249010119363e-08
806.0 1.0619450821085728e-08
807.0 1.0598652632052094e-08
808.0 1.057785444301846e-08
809.0 1.0557056253984826e-08
810.0 1.0536258064951192e-08
811.0 1.0515459875917559e-08
812.0 1.0494661686883923e-08
813.0 1.0473863497850288e-08
814.0 1.0453065308816652e-08
815.0 1.043226711978302e-08
816.0 1.0413564906192989e-08
817.0 1.0395637351408034e-08
818.0 1.037770979662308e-08
819.0 1.035978224183813e-08
820.0 1.034185468705318e-08
821.0 1.0323927132268225e-08
822.0 1.0305999577483275e-08
823.0 1.0288072022698323e-08
824.0 1.027014446791337e-08
825.0 1.025221691312842e-08
826.0 1.0234289358343468e-08
827.0 1.0216361803558514e-08
828.0 1.0198434248773562e-08
829.0 1.0180506693988609e-08
830.0 1.016257913920366e-08
831.0 1.0144651584418705e-08
832.0 1.0126724029633755e-08
833.0 1.0108796474848802e-08
834.0 1.009086892006385e-08
835.0 1.00729413652789e-08
836.0 1.0055013810493947e-08
837.0 1.0037086255708995e-08
838.0 1.0019158700924043e-08
839.0 1.0001231146139091e-08
840.0 9.983303591354141e-09
841.0 9.965376036569188e-09
842.0 9.947448481784236e-09
843.0 9.929520926999284e-09
844.0 9.91159337221433e-09
845.0 9.893665817429379e-09
846.0 9.875738262644427e-09
847.0 9.857810707859477e-09
848.0 9.839883153074524e-09
849.0 9.821955598289568e-09
850.0 9.80402804350462e-09
851.0 9.786100488719665e-09
852.0 9.768172933934716e-09
853.0 9.750245379149761e-09
854.0 9.732317824364811e-09
855.0 9.714390269579858e-09
856.0 9.696462714794908e-09
857.0 9.678535160009954e-09
858.0 9.660607605225004e-09
859.0 9.642680050440052e-09
860.0 9.6247524956551e-09
861.0 9.606824940870145e-09
862.0 9.588897386085197e-09
863.0 9.570969831300244e-09
864.0 9.553042276515293e-09
865.0 9.53511472173034e-09
866.0 9.517187166945387e-09
867.0 9.499259612160436e-09
868.0 9.481332057375483e-09
869.0 9.463404502590531e-09
870.0 9.44547694780558e-09
871.0 9.427549393020628e-09
872.0 9.409621838235676e-09
873.0 9.391694283450724e-09
874.0 9.37376672866577e-09
875.0 9.35583917388082e-09
876.0 9.337911619095867e-09
877.0 9.319984064310917e-09
878.0 9.302056509525963e-09
879.0 9.288062714194405e-09
880.0 9.274345041732691e-09
881.0 9.260627369270974e-09
882.0 9.246909696809261e-09
883.0 9.233192024347546e-09
884.0 9.219474351885832e-09
885.0 9.205756679424122e-09
886.0 9.192039006962405e-09
887.0 9.17832133450069e-09
888.0 9.164603662038977e-09
889.0 9.150885989577263e-09
890.0 9.137168317115548e-09
891.0 9.123450644653833e-09
892.0 9.10973297219212e-09
893.0 9.096015299730406e-09
894.0 9.082297627268691e-09
895.0 9.068579954806977e-09
896.0 9.05486228234526e-09
897.0 9.041144609883547e-09
898.0 9.027426937421832e-09
899.0 9.01370926496012e-09
900.0 8.999991592498405e-09
901.0 8.98627392003669e-09
902.0 8.972556247574976e-09
903.0 8.958838575113263e-09
904.0 8.94512090265155e-09
905.0 8.931403230189834e-09
906.0 8.91768555772812e-09
907.0 8.903967885266406e-09
908.0 8.890250212804692e-09
909.0 8.876532540342977e-09
910.0 8.86281486788126e-09
911.0 8.849097195419547e-09
912.0 8.835379522957832e-09
913.0 8.82166185049612e-09
914.0 8.807944178034405e-09
915.0 8.794226505572691e-09
916.0 8.780508833110976e-09
917.0 8.766791160649263e-09
918.0 8.753073488187549e-09
919.0 8.739355815725834e-09
920.0 8.725638143264119e-09
921.0 8.711920470802405e-09
922.0 8.698202798340692e-09
923.0 8.684485125878977e-09
924.0 8.670767453417263e-09
925.0 8.657049780955546e-09
926.0 8.643332108493833e-09
927.0 8.62961443603212e-09
928.0 8.615896763570404e-09
929.0 8.602179091108691e-09
930.0 8.588461418646976e-09
931.0 8.574743746185262e-09
932.0 8.561026073723549e-09
933.0 8.547308401261835e-09
934.0 8.53359072880012e-09
935.0 8.519873056338405e-09
936.0 8.506155383876692e-09
937.0 8.492437711414978e-09
938.0 8.478720038953263e-09
939.0 8.465002366491546e-09
940.0 8.451284694029833e-09
941.0 8.43756702156812e-09
942.0 8.423849349106406e-09
943.0 8.41013167664469e-09
944.0 8.396414004182977e-09
945.0 8.382696331721262e-09
946.0 8.369873149864367e-09
947.0 8.359118647051264e-09
948.0 8.348364144238162e-09
949.0 8.33760964142506e-09
950.0 8.32685513861196e-09
951.0 8.316100635798857e-09
952.0 8.305346132985756e-09
953.0 8.294591630172653e-09
954.0 8.283837127359552e-09
955.0 8.27308262454645e-09
956.0 8.262328121733349e-09
957.0 8.251573618920248e-09
958.0 8.240819116107145e-09
959.0 8.230064613294044e-09
960.0 8.219310110480941e-09
961.0 8.208555607667838e-09
962.0 8.197801104854736e-09
963.0 8.187046602041636e-09
964.0 8.176292099228534e-09
965.0 8.165537596415433e-09
966.0 8.15478309360233e-09
967.0 8.144028590789229e-09
968.0 8.133274087976126e-09
969.0 8.122519585163025e-09
970.0 8.111765082349921e-09
971.0 8.101010579536821e-09
972.0 8.090256076723719e-09
973.0 8.079501573910618e-09
974.0 8.068747071097515e-09
975.0 8.057992568284412e-09
976.0 8.047238065471311e-09
977.0 8.03648356265821e-09
978.0 8.02572905984511e-09
979.0 8.014974557032008e-09
980.0 8.004220054218902e-09
981.0 7.993465551405803e-09
982.0 7.982711048592699e-09
983.0 7.971956545779598e-09
984.0 7.961202042966495e-09
985.0 7.95044754015339e-09
986.0 7.939693037340291e-09
987.0 7.92893853452719e-09
988.0 7.918184031714087e-09
989.0 7.907429528900986e-09
990.0 7.896675026087882e-09
991.0 7.885920523274783e-09
992.0 7.87516602046168e-09
993.0 7.864411517648579e-09
994.0 7.853657014835476e-09
995.0 7.842902512022375e-09
996.0 7.832148009209273e-09
997.0 7.821393506396171e-09
998.0 7.810639003583069e-09
999.0 7.799884500769968e-09
1000.0 7.789129997956867e-09
1001.0 7.778375495143764e-09
1002.0 7.767620992330663e-09
1003.0 7.756866489517559e-09
1004.0 7.74611198670446e-09
1005.0 7.735357483891357e-09
1006.0 7.724602981078256e-09
1007.0 7.713848478265151e-09
1008.0 7.703093975452052e-09
1009.0 7.692339472638951e-09
1010.0 7.681584969825848e-09
1011.0 7.670830467012745e-09
1012.0 7.660075964199643e-09
1013.0 7.649321461386542e-09
1014.0 7.63856695857344e-09
1015.0 7.627812455760338e-09
1016.0 7.617057952947235e-09
1017.0 7.606303450134134e-09
1018.0 7.595548947321032e-09
1019.0 7.585463142838251e-09
1020.0 7.576162435537e-09
1021.0 7.566861728235747e-09
1022.0 7.557561020934497e-09
1023.0 7.548260313633243e-09
1024.0 7.538959606331992e-09
1025.0 7.52965889903074e-09
1026.0 7.520358191729488e-09
1027.0 7.511057484428238e-09
1028.0 7.501756777126986e-09
1029.0 7.492456069825732e-09
1030.0 7.483155362524483e-09
1031.0 7.47385465522323e-09
1032.0 7.464553947921979e-09
1033.0 7.455253240620727e-09
1034.0 7.445952533319474e-09
1035.0 7.436651826018223e-09
1036.0 7.427351118716971e-09
1037.0 7.41805041141572e-09
1038.0 7.408749704114468e-09
1039.0 7.399448996813216e-09
1040.0 7.390148289511965e-09
1041.0 7.3808475822107136e-09
1042.0 7.371546874909461e-09
1043.0 7.3622461676082085e-09
1044.0 7.352945460306957e-09
1045.0 7.343644753005706e-09
1046.0 7.334344045704452e-09
1047.0 7.325043338403204e-09
1048.0 7.315742631101951e-09
1049.0 7.306441923800699e-09
1050.0 7.297141216499448e-09
1051.0 7.287840509198196e-09
1052.0 7.278539801896944e-09
1053.0 7.269239094595691e-09
1054.0 7.25993838729444e-09
1055.0 7.250637679993187e-09
1056.0 7.2413369726919366e-09
1057.0 7.232036265390685e-09
1058.0 7.222735558089433e-09
1059.0 7.213434850788182e-09
1060.0 7.204134143486932e-09
1061.0 7.194833436185678e-09
1062.0 7.185532728884425e-09
1063.0 7.176232021583174e-09
1064.0 7.166931314281921e-09
1065.0 7.157630606980671e-09
1066.0 7.148329899679419e-09
1067.0 7.139029192378168e-09
1068.0 7.129728485076916e-09
1069.0 7.120427777775663e-09
1070.0 7.111127070474413e-09
1071.0 7.101826363173161e-09
1072.0 7.092525655871908e-09
1073.0 7.083224948570655e-09
1074.0 7.073924241269405e-09
1075.0 7.0646235339681535e-09
1076.0 7.055322826666902e-09
1077.0 7.04602211936565e-09
1078.0 7.0367214120644e-09
1079.0 7.0274207047631474e-09
1080.0 7.018119997461894e-09
1081.0 7.008819290160643e-09
1082.0 6.999518582859391e-09
1083.0 6.990217875558139e-09
1084.0 6.980917168256887e-09
1085.0 6.9716164609556355e-09
1086.0 6.962315753654384e-09
1087.0 6.953015046353134e-09
1088.0 6.943714339051881e-09
1089.0 6.934413631750628e-09
1090.0 6.925112924449377e-09
1091.0 6.915812217148125e-09
1092.0 6.906511509846874e-09
1093.0 6.897210802545621e-09
1094.0 6.8879100952443696e-09
1095.0 6.878609387943119e-09
1096.0 6.869308680641867e-09
1097.0 6.860023486774957e-09
1098.0 6.8528035312071e-09
1099.0 6.845583575639243e-09
1100.0 6.8383636200713885e-09
1101.0 6.831143664503531e-09
1102.0 6.823923708935676e-09
1103.0 6.81670375336782e-09
1104.0 6.809483797799965e-09
1105.0 6.802263842232109e-09
1106.0 6.7950438866642535e-09
1107.0 6.787823931096398e-09
1108.0 6.7806039755285415e-09
1109.0 6.773384019960687e-09
1110.0 6.76616406439283e-09
1111.0 6.758944108824975e-09
1112.0 6.751724153257119e-09
1113.0 6.744504197689263e-09
1114.0 6.737284242121408e-09
1115.0 6.730064286553552e-09
1116.0 6.722844330985696e-09
1117.0 6.7156243754178405e-09
1118.0 6.708404419849983e-09
1119.0 6.7011844642821286e-09
1120.0 6.693964508714273e-09
1121.0 6.686744553146417e-09
1122.0 6.679524597578563e-09
1123.0 6.672304642010705e-09
1124.0 6.66508468644285e-09
1125.0 6.657864730874993e-09
1126.0 6.650644775307138e-09
1127.0 6.643424819739281e-09
1128.0 6.636204864171425e-09
1129.0 6.6289849086035696e-09
1130.0 6.621764953035714e-09
1131.0 6.6145449974678584e-09
1132.0 6.607325041900002e-09
1133.0 6.600105086332147e-09
1134.0 6.592885130764291e-09
1135.0 6.585665175196435e-09
1136.0 6.57844521962858e-09
1137.0 6.571225264060724e-09
1138.0 6.564005308492869e-09
1139.0 6.556785352925013e-09
1140.0 6.549565397357157e-09
1141.0 6.542345441789301e-09
1142.0 6.5351254862214455e-09
1143.0 6.52790553065359e-09
1144.0 6.520685575085734e-09
1145.0 6.513465619517878e-09
1146.0 6.506245663950023e-09
1147.0 6.499025708382166e-09
1148.0 6.491805752814312e-09
1149.0 6.484585797246454e-09
1150.0 6.477365841678599e-09
1151.0 6.470145886110741e-09
1152.0 6.462925930542887e-09
1153.0 6.4557059749750326e-09
1154.0 6.448486019407175e-09
1155.0 6.441266063839321e-09
1156.0 6.4340461082714626e-09
1157.0 6.426826152703608e-09
1158.0 6.4196061971357514e-09
1159.0 6.412386241567897e-09
1160.0 6.40516628600004e-09
1161.0 6.397946330432185e-09
1162.0 6.390726374864329e-09
1163.0 6.3835064192964736e-09
1164.0 6.376286463728618e-09
1165.0 6.3690665081607624e-09
1166.0 6.361846552592906e-09
1167.0 6.354626597025051e-09
1168.0 6.347406641457195e-09
1169.0 6.3401866858893385e-09
1170.0 6.332966730321484e-09
1171.0 6.325746774753627e-09
1172.0 6.318526819185773e-09
1173.0 6.3113068636179146e-09
1174.0 6.304086908050061e-09
1175.0 6.2968669524822034e-09
1176.0 6.289646996914349e-09
1177.0 6.282427041346492e-09
1178.0 6.275207085778637e-09
1179.0 6.267987130210781e-09
1180.0 6.260767174642925e-09
1181.0 6.253547219075069e-09
1182.0 6.247166001932549e-09
1183.0 6.24158362977499e-09
1184.0 6.236001257617431e-09
1185.0 6.230418885459871e-09
1186.0 6.224836513302311e-09
1187.0 6.219254141144752e-09
1188.0 6.213671768987193e-09
1189.0 6.208089396829634e-09
1190.0 6.202507024672074e-09
1191.0 6.196924652514513e-09
1192.0 6.191342280356954e-09
1193.0 6.185759908199395e-09
1194.0 6.180177536041836e-09
1195.0 6.174595163884276e-09
1196.0 6.169012791726716e-09
1197.0 6.163430419569157e-09
1198.0 6.157848047411598e-09
1199.0 6.152265675254038e-09
1200.0 6.146683303096479e-09
1201.0 6.141100930938918e-09
1202.0 6.135518558781359e-09
1203.0 6.1299361866238e-09
1204.0 6.12435381446624e-09
1205.0 6.118771442308681e-09
1206.0 6.113189070151121e-09
1207.0 6.107606697993562e-09
1208.0 6.102024325836003e-09
1209.0 6.096441953678443e-09
1210.0 6.090859581520884e-09
1211.0 6.085277209363323e-09
1212.0 6.079694837205764e-09
1213.0 6.074112465048205e-09
1214.0 6.068530092890645e-09
1215.0 6.062947720733086e-09
1216.0 6.057365348575526e-09
1217.0 6.051782976417967e-09
1218.0 6.046200604260408e-09
1219.0 6.040618232102848e-09
1220.0 6.035035859945289e-09
1221.0 6.029453487787728e-09
1222.0 6.023871115630169e-09
1223.0 6.01828874347261e-09
1224.0 6.01270637131505e-09
1225.0 6.0071239991574895e-09
1226.0 6.001541626999931e-09
1227.0 5.995959254842372e-09
1228.0 5.990376882684813e-09
1229.0 5.984794510527253e-09
1230.0 5.9792121383696925e-09
1231.0 5.973629766212133e-09
1232.0 5.968047394054573e-09
1233.0 5.962465021897015e-09
1234.0 5.956882649739455e-09
1235.0 5.9513002775818946e-09
1236.0 5.945717905424336e-09
1237.0 5.9401355332667756e-09
1238.0 5.934553161109218e-09
1239.0 5.928970788951657e-09
1240.0 5.9233884167940975e-09
1241.0 5.917806044636539e-09
1242.0 5.912223672478978e-09
1243.0 5.90664130032142e-09
1244.0 5.9010589281638595e-09
1245.0 5.8954765560063e-09
1246.0 5.88989418384874e-09
1247.0 5.8843118116911814e-09
1248.0 5.87872943953362e-09
1249.0 5.8731470673760624e-09
1250.0 5.8675646952185025e-09
1251.0 5.8619823230609434e-09
1252.0 5.8563999509033835e-09
1253.0 5.850817578745822e-09
1254.0 5.8452352065882645e-09
1255.0 5.839652834430704e-09
1256.0 5.8340704622731456e-09
1257.0 5.8284880901155865e-09
1258.0 5.822905717958026e-09
1259.0 5.8173233458004675e-09
1260.0 5.811740973642907e-09
1261.0 5.806158601485349e-09
1262.0 5.800576229327788e-09
1263.0 5.794993857170228e-09
1264.0 5.7894114850126696e-09
1265.0 5.783829112855109e-09
1266.0 5.778246740697551e-09
1267.0 5.77266436853999e-09
1268.0 5.767081996382431e-09
1269.0 5.761499624224871e-09
1270.0 5.755917252067312e-09
1271.0 5.7503348799097535e-09
1272.0 5.744752507752193e-09
1273.0 5.73953738560078e-09
1274.0 5.734676949955243e-09
1275.0 5.729816514309706e-09
1276.0 5.724956078664169e-09
1277.0 5.720095643018632e-09
1278.0 5.715235207373093e-09
1279.0 5.710374771727557e-09
1280.0 5.705514336082019e-09
1281.0 5.7006539004364815e-09
1282.0 5.695793464790945e-09
1283.0 5.6909330291454074e-09
1284.0 5.68607259349987e-09
1285.0 5.681212157854332e-09
1286.0 5.6763517222087955e-09
1287.0 5.671491286563258e-09
1288.0 5.666630850917721e-09
1289.0 5.661770415272184e-09
1290.0 5.656909979626647e-09
1291.0 5.652049543981109e-09
1292.0 5.647189108335571e-09
1293.0 5.642328672690035e-09
1294.0 5.637468237044496e-09
1295.0 5.632607801398959e-09
1296.0 5.627747365753422e-09
1297.0 5.622886930107884e-09
1298.0 5.618026494462348e-09
1299.0 5.613166058816809e-09
1300.0 5.608305623171273e-09
1301.0 5.603445187525735e-09
1302.0 5.5985847518801974e-09
1303.0 5.593724316234661e-09
1304.0 5.5888638805891226e-09
1305.0 5.584003444943586e-09
1306.0 5.579143009298048e-09
1307.0 5.5742825736525115e-09
1308.0 5.569422138006974e-09
1309.0 5.564561702361437e-09
1310.0 5.5597012667159e-09
1311.0 5.554840831070361e-09
1312.0 5.549980395424825e-09
1313.0 5.545119959779286e-09
1314.0 5.54025952413375e-09
1315.0 5.535399088488213e-09
1316.0 5.530538652842675e-09
1317.0 5.525678217197138e-09
1318.0 5.520817781551599e-09
1319.0 5.515957345906063e-09
1320.0 5.511096910260526e-09
1321.0 5.506236474614988e-09
1322.0 5.501376038969451e-09
1323.0 5.4965156033239134e-09
1324.0 5.491655167678376e-09
1325.0 5.4867947320328386e-09
1326.0 5.481934296387302e-09
1327.0 5.4770738607417645e-09
1328.0 5.472213425096227e-09
1329.0 5.46735298945069e-09
1330.0 5.4624925538051535e-09
1331.0 5.457632118159616e-09
1332.0 5.452771682514077e-09
1333.0 5.44791124686854e-09
1334.0 5.443050811223003e-09
1335.0 5.438190375577466e-09
1336.0 5.433329939931929e-09
1337.0 5.42846950428639e-09
1338.0 5.423609068640854e-09
1339.0 5.418748632995316e-09
1340.0 5.413888197349779e-09
1341.0 5.409027761704242e-09
1342.0 5.404167326058704e-09
1343.0 5.399306890413167e-09
1344.0 5.3944464547676286e-09
1345.0 5.389586019122092e-09
1346.0 5.3847255834765545e-09
1347.0 5.3798651478310175e-09
1348.0 5.3750047121854805e-09
1349.0 5.370144276539943e-09
1350.0 5.365283840894406e-09
1351.0 5.360423405248868e-09
1352.0 5.355562969603332e-09
1353.0 5.350702533957794e-09
1354.0 5.345842098312256e-09
1355.0 5.340981662666719e-09
1356.0 5.336121227021181e-09
1357.0 5.331260791375645e-09
1358.0 5.326400355730106e-09
1359.0 5.32153992008457e-09
1360.0 5.316679484439032e-09
1361.0 5.311819048793494e-09
1362.0 5.306958613147958e-09
1363.0 5.3020981775024194e-09
1364.0 5.297237741856883e-09
1365.0 5.2923773062113446e-09
1366.0 5.2875168705658075e-09
1367.0 5.2826564349202705e-09
1368.0 5.2777959992747335e-09
1369.0 5.2729355636291965e-09
1370.0 5.268075127983659e-09
1371.0 5.263720755169616e-09
1372.0 5.2598811700416124e-09
1373.0 5.256041584913608e-09
1374.0 5.252201999785605e-09
1375.0 5.248362414657601e-09
1376.0 5.244522829529596e-09
1377.0 5.240683244401593e-09
1378.0 5.236843659273589e-09
1379.0 5.233004074145584e-09
1380.0 5.229164489017581e-09
1381.0 5.225324903889577e-09
1382.0 5.2214853187615714e-09
1383.0 5.217645733633569e-09
1384.0 5.213806148505565e-09
1385.0 5.2099665633775595e-09
1386.0 5.2061269782495575e-09
1387.0 5.202287393121553e-09
1388.0 5.1984478079935485e-09
1389.0 5.194608222865545e-09
1390.0 5.19076863773754e-09
1391.0 5.1869290526095366e-09
1392.0 5.183089467481533e-09
1393.0 5.179249882353528e-09
1394.0 5.175410297225525e-09
1395.0 5.17157071209752e-09
1396.0 5.1677311269695165e-09
1397.0 5.163891541841514e-09
1398.0 5.160051956713508e-09
1399.0 5.1562123715855046e-09
1400.0 5.152372786457501e-09
1401.0 5.1485332013294955e-09
1402.0 5.144693616201493e-09
1403.0 5.140854031073489e-09
1404.0 5.137014445945484e-09
1405.0 5.13317486081748e-09
1406.0 5.129335275689477e-09
1407.0 5.125495690561472e-09
1408.0 5.121656105433467e-09
1409.0 5.117816520305464e-09
1410.0 5.11397693517746e-09
1411.0 5.110137350049456e-09
1412.0 5.1062977649214525e-09
1413.0 5.102458179793449e-09
1414.0 5.098618594665445e-09
1415.0 5.094779009537441e-09
1416.0 5.090939424409436e-09
1417.0 5.087099839281433e-09
1418.0 5.083260254153429e-09
1419.0 5.079420669025424e-09
1420.0 5.07558108389742e-09
1421.0 5.071741498769417e-09
1422.0 5.067901913641412e-09
1423.0 5.064062328513408e-09
1424.0 5.060222743385404e-09
1425.0 5.0563831582574e-09
1426.0 5.052543573129396e-09
1427.0 5.048703988001392e-09
1428.0 5.0448644028733885e-09
1429.0 5.041024817745384e-09
1430.0 5.037185232617379e-09
1431.0 5.033345647489377e-09
1432.0 5.029506062361372e-09
1433.0 5.0256664772333676e-09
1434.0 5.021826892105365e-09
1435.0 5.017987306977359e-09
1436.0 5.014147721849356e-09
1437.0 5.010308136721353e-09
1438.0 5.006468551593348e-09
1439.0 5.002628966465343e-09
1440.0 4.998789381337341e-09
1441.0 4.9949497962093364e-09
1442.0 4.991110211081331e-09
1443.0 4.987270625953328e-09
1444.0 4.9834310408253245e-09
1445.0 4.979591455697319e-09
1446.0 4.975751870569317e-09
1447.0 4.971912285441313e-09
1448.0 4.968072700313308e-09
1449.0 4.9642331151853044e-09
1450.0 4.9603935300573e-09
1451.0 4.956553944929296e-09
1452.0 4.9527143598012925e-09
1453.0 4.948874774673288e-09
1454.0 4.9450351895452835e-09
1455.0 4.941195604417281e-09
1456.0 4.937356019289276e-09
1457.0 4.933516434161272e-09
1458.0 4.929676849033267e-09
1459.0 4.925837263905264e-09
1460.0 4.9219976787772605e-09
1461.0 4.918158093649255e-09
1462.0 4.914318508521252e-09
1463.0 4.910478923393249e-09
1464.0 4.906639338265243e-09
1465.0 4.90279975313724e-09
1466.0 4.898960168009237e-09
1467.0 4.8951205828812314e-09
1468.0 4.8912809977532286e-09
1469.0 4.887441412625224e-09
1470.0 4.8836018274972195e-09
1471.0 4.879762242369217e-09
1472.0 4.875922657241212e-09
1473.0 4.872083072113208e-09
1474.0 4.868243486985205e-09
1475.0 4.8644039018572e-09
1476.0 4.860564316729196e-09
1477.0 4.857518363507668e-09
1478.0 4.854529079304905e-09
1479.0 4.851539795102141e-09
1480.0 4.848550510899377e-09
1481.0 4.845561226696614e-09
1482.0 4.8425719424938496e-09
1483.0 4.839582658291086e-09
1484.0 4.836593374088322e-09
1485.0 4.833604089885558e-09
1486.0 4.8306148056827945e-09
1487.0 4.827625521480033e-09
1488.0 4.8246362372772666e-09
1489.0 4.821646953074505e-09
1490.0 4.8186576688717394e-09
1491.0 4.815668384668977e-09
1492.0 4.812679100466213e-09
1493.0 4.80968981626345e-09
1494.0 4.806700532060685e-09
1495.0 4.8037112478579225e-09
1496.0 4.800721963655158e-09
1497.0 4.7977326794523945e-09
1498.0 4.794743395249631e-09
1499.0 4.791754111046868e-09
1500.0 4.788764826844104e-09
1501.0 4.7857755426413395e-09
1502.0 4.7827862584385776e-09
1503.0 4.779796974235812e-09
1504.0 4.776807690033049e-09
1505.0 4.773818405830285e-09
1506.0 4.7708291216275225e-09
1507.0 4.767839837424758e-09
1508.0 4.764850553221994e-09
1509.0 4.761861269019231e-09
1510.0 4.7588719848164674e-09
1511.0 4.755882700613703e-09
1512.0 4.75289341641094e-09
1513.0 4.749904132208176e-09
1514.0 4.746914848005412e-09
1515.0 4.743925563802649e-09
1516.0 4.740936279599885e-09
1517.0 4.737946995397121e-09
1518.0 4.734957711194357e-09
1519.0 4.731968426991593e-09
1520.0 4.72897914278883e-09
1521.0 4.725989858586067e-09
1522.0 4.723000574383302e-09
1523.0 4.7200112901805395e-09
1524.0 4.717022005977776e-09
1525.0 4.714032721775012e-09
1526.0 4.711043437572249e-09
1527.0 4.708054153369485e-09
1528.0 4.705064869166721e-09
1529.0 4.702075584963958e-09
1530.0 4.699086300761194e-09
1531.0 4.69609701655843e-09
1532.0 4.693107732355667e-09
1533.0 4.690118448152903e-09
1534.0 4.6871291639501395e-09
1535.0 4.684139879747375e-09
1536.0 4.681150595544611e-09
1537.0 4.67816131134185e-09
1538.0 4.675172027139084e-09
1539.0 4.67218274293632e-09
1540.0 4.669193458733557e-09
1541.0 4.666204174530794e-09
1542.0 4.663214890328029e-09
1543.0 4.660225606125267e-09
1544.0 4.657236321922502e-09
1545.0 4.654247037719739e-09
1546.0 4.651257753516975e-09
1547.0 4.6482684693142116e-09
1548.0 4.645279185111448e-09
1549.0 4.6422899009086844e-09
1550.0 4.639300616705921e-09
1551.0 4.6363113325031565e-09
1552.0 4.633322048300393e-09
1553.0 4.6303327640976286e-09
1554.0 4.627343479894866e-09
1555.0 4.6243541956921014e-09
1556.0 4.621364911489338e-09
1557.0 4.618375627286575e-09
1558.0 4.6153863430838116e-09
1559.0 4.612397058881047e-09
1560.0 4.6094077746782845e-09
1561.0 4.60641849047552e-09
1562.0 4.6034292062727565e-09
1563.0 4.600439922069993e-09
1564.0 4.597450637867229e-09
1565.0 4.594461353664465e-09
1566.0 4.591472069461702e-09
1567.0 4.588482785258938e-09
1568.0 4.585493501056174e-09
1569.0 4.582504216853411e-09
1570.0 4.579514932650646e-09
1571.0 4.576525648447884e-09
1572.0 4.573536364245121e-09
1573.0 4.570547080042356e-09
1574.0 4.567557795839593e-09
1575.0 4.56456851163683e-09
1576.0 4.561579227434065e-09
1577.0 4.558589943231302e-09
1578.0 4.555600659028538e-09
1579.0 4.552611374825774e-09
1580.0 4.549622090623011e-09
1581.0 4.546632806420247e-09
1582.0 4.543643522217483e-09
1583.0 4.54065423801472e-09
1584.0 4.537664953811956e-09
1585.0 4.534675669609192e-09
1586.0 4.531686385406428e-09
1587.0 4.528697101203666e-09
1588.0 4.525707817000901e-09
1589.0 4.522718532798137e-09
1590.0 4.519818392142947e-09
1591.0 4.517200391963433e-09
1592.0 4.514582391783919e-09
1593.0 4.5119643916044025e-09
1594.0 4.5093463914248895e-09
1595.0 4.506728391245375e-09
1596.0 4.50411039106586e-09
1597.0 4.5014923908863456e-09
1598.0 4.498874390706832e-09
1599.0 4.496256390527316e-09
1600.0 4.4936383903478024e-09
1601.0 4.491020390168287e-09
1602.0 4.488402389988773e-09
1603.0 4.485784389809258e-09
1604.0 4.483166389629744e-09
1605.0 4.48054838945023e-09
1606.0 4.4779303892707145e-09
1607.0 4.475312389091201e-09
1608.0 4.472694388911685e-09
1609.0 4.470076388732172e-09
1610.0 4.467458388552657e-09
1611.0 4.464840388373142e-09
1612.0 4.462222388193628e-09
1613.0 4.459604388014112e-09
1614.0 4.456986387834599e-09
1615.0 4.454368387655084e-09
1616.0 4.45175038747557e-09
1617.0 4.449132387296055e-09
1618.0 4.44651438711654e-09
1619.0 4.4438963869370265e-09
1620.0 4.441278386757512e-09
1621.0 4.438660386577997e-09
1622.0 4.436042386398483e-09
1623.0 4.433424386218967e-09
1624.0 4.430806386039453e-09
1625.0 4.428188385859939e-09
1626.0 4.4255703856804255e-09
1627.0 4.42295238550091e-09
1628.0 4.420334385321395e-09
1629.0 4.4177163851418816e-09
1630.0 4.415098384962365e-09
1631.0 4.412480384782852e-09
1632.0 4.409862384603338e-09
1633.0 4.407244384423822e-09
1634.0 4.404626384244308e-09
1635.0 4.402008384064793e-09
1636.0 4.399390383885279e-09
1637.0 4.396772383705764e-09
1638.0 4.39415438352625e-09
1639.0 4.391536383346736e-09
1640.0 4.388918383167222e-09
1641.0 4.3863003829877066e-09
1642.0 4.383682382808191e-09
1643.0 4.381064382628677e-09
1644.0 4.378446382449163e-09
1645.0 4.375828382269648e-09
1646.0 4.373210382090133e-09
1647.0 4.3705923819106195e-09
1648.0 4.367974381731105e-09
1649.0 4.365356381551591e-09
1650.0 4.362738381372075e-09
1651.0 4.360120381192561e-09
1652.0 4.357502381013046e-09
1653.0 4.3548843808335315e-09
1654.0 4.352266380654018e-09
1655.0 4.349648380474503e-09
1656.0 4.347030380294988e-09
1657.0 4.344412380115473e-09
1658.0 4.34179437993596e-09
1659.0 4.339176379756445e-09
1660.0 4.336558379576931e-09
1661.0 4.333940379397416e-09
1662.0 4.3313223792179005e-09
1663.0 4.328704379038387e-09
1664.0 4.326086378858871e-09
1665.0 4.323468378679358e-09
1666.0 4.320850378499843e-09
1667.0 4.3182323783203305e-09
1668.0 4.315614378140814e-09
1669.0 4.3129963779613e-09
1670.0 4.310378377781785e-09
1671.0 4.307760377602271e-09
1672.0 4.3051423774227556e-09
1673.0 4.302524377243241e-09
1674.0 4.299906377063727e-09
1675.0 4.2972883768842124e-09
1676.0 4.294670376704698e-09
1677.0 4.292052376525183e-09
1678.0 4.289434376345669e-09
1679.0 4.286816376166154e-09
1680.0 4.28419837598664e-09
1681.0 4.281580375807125e-09
1682.0 4.278962375627611e-09
1683.0 4.276344375448096e-09
1684.0 4.2737263752685805e-09
1685.0 4.2711083750890675e-09
1686.0 4.268490374909552e-09
1687.0 4.265872374730038e-09
1688.0 4.2632543745505236e-09
1689.0 4.260636374371009e-09
1690.0 4.258018374191494e-09
1691.0 4.255400374011979e-09
1692.0 4.252782373832466e-09
1693.0 4.25016437365295e-09
1694.0 4.247546373473436e-09
1695.0 4.244928373293922e-09
1696.0 4.242310373114407e-09
1697.0 4.2396923729348925e-09
1698.0 4.237074372755379e-09
1699.0 4.234456372575863e-09
1700.0 4.231838372396349e-09
1701.0 4.229220372216834e-09
1702.0 4.22660237203732e-09
1703.0 4.2239843718578054e-09
1704.0 4.221366371678291e-09
1705.0 4.218748371498777e-09
1706.0 4.2161303713192615e-09
1707.0 4.213512371139748e-09
1708.0 4.210894370960233e-09
1709.0 4.208276370780718e-09
1710.0 4.205658370601204e-09
1711.0 4.203040370421688e-09
1712.0 4.200422370242175e-09
1713.0 4.198175503631767e-09
1714.0 4.1960274874216175e-09
1715.0 4.193879471211469e-09
1716.0 4.191731455001321e-09
1717.0 4.189583438791171e-09
1718.0 4.187435422581023e-09
1719.0 4.1852874063708745e-09
1720.0 4.183139390160726e-09
1721.0 4.180991373950577e-09
1722.0 4.178843357740429e-09
1723.0 4.17669534153028e-09
1724.0 4.174547325320131e-09
1725.0 4.1723993091099824e-09
1726.0 4.170251292899834e-09
1727.0 4.168103276689684e-09
1728.0 4.165955260479536e-09
1729.0 4.163807244269388e-09
1730.0 4.161659228059239e-09
1731.0 4.159511211849091e-09
1732.0 4.157363195638942e-09
1733.0 4.155215179428792e-09
1734.0 4.153067163218644e-09
1735.0 4.150919147008496e-09
1736.0 4.148771130798347e-09
1737.0 4.1466231145881975e-09
1738.0 4.144475098378049e-09
1739.0 4.142327082167901e-09
1740.0 4.140179065957752e-09
1741.0 4.138031049747604e-09
1742.0 4.135883033537455e-09
1743.0 4.133735017327305e-09
1744.0 4.131587001117158e-09
1745.0 4.129438984907009e-09
1746.0 4.127290968696861e-09
1747.0 4.1251429524867115e-09
1748.0 4.122994936276562e-09
1749.0 4.120846920066414e-09
1750.0 4.118698903856266e-09
1751.0 4.116550887646118e-09
1752.0 4.1144028714359685e-09
1753.0 4.1122548552258194e-09
1754.0 4.110106839015672e-09
1755.0 4.107958822805522e-09
1756.0 4.105810806595373e-09
1757.0 4.103662790385225e-09
1758.0 4.101514774175076e-09
1759.0 4.099366757964927e-09
1760.0 4.097218741754779e-09
1761.0 4.095070725544631e-09
1762.0 4.092922709334482e-09
1763.0 4.090774693124333e-09
1764.0 4.088626676914184e-09
1765.0 4.086478660704035e-09
1766.0 4.084330644493886e-09
1767.0 4.082182628283738e-09
1768.0 4.080034612073589e-09
1769.0 4.077886595863441e-09
1770.0 4.075738579653292e-09
1771.0 4.073590563443144e-09
1772.0 4.071442547232994e-09
1773.0 4.069294531022846e-09
1774.0 4.067146514812698e-09
1775.0 4.064998498602548e-09
1776.0 4.0628504823923994e-09
1777.0 4.060702466182251e-09
1778.0 4.058554449972102e-09
1779.0 4.056406433761954e-09
1780.0 4.0542584175518055e-09
1781.0 4.0521104013416565e-09
1782.0 4.049962385131507e-09
1783.0 4.047814368921359e-09
1784.0 4.045666352711211e-09
1785.0 4.043518336501061e-09
1786.0 4.041370320290913e-09
1787.0 4.039222304080764e-09
1788.0 4.037074287870615e-09
1789.0 4.034926271660468e-09
1790.0 4.032778255450319e-09
1791.0 4.030630239240169e-09
1792.0 4.0284822230300206e-09
1793.0 4.026334206819872e-09
1794.0 4.024186190609724e-09
1795.0 4.022038174399574e-09
1796.0 4.019890158189426e-09
1797.0 4.017742141979278e-09
1798.0 4.0155941257691285e-09
1799.0 4.013446109558981e-09
1800.0 4.011298093348832e-09
1801.0 4.009150077138682e-09
1802.0 4.007002060928535e-09
1803.0 4.0048540447183855e-09
1804.0 4.002706028508237e-09
1805.0 4.000558012298088e-09
1806.0 3.998409996087939e-09
1807.0 3.996261979877791e-09
1808.0 3.994113963667642e-09
1809.0 3.9919659474574935e-09
1810.0 3.989817931247345e-09
1811.0 3.987669915037196e-09
1812.0 3.985521898827048e-09
1813.0 3.983373882616899e-09
1814.0 3.9812258664067505e-09
1815.0 3.979077850196601e-09
1816.0 3.976929833986452e-09
1817.0 3.974781817776303e-09
1818.0 3.972633801566155e-09
1819.0 3.9704857853560075e-09
1820.0 3.9683377691458584e-09
1821.0 3.966189752935709e-09
1822.0 3.964041736725561e-09
1823.0 3.961893720515413e-09
1824.0 3.959745704305263e-09
1825.0 3.957597688095115e-09
1826.0 3.9554496718849655e-09
1827.0 3.9533016556748164e-09
1828.0 3.951153639464668e-09
1829.0 3.949005623254521e-09
1830.0 3.946857607044371e-09
1831.0 3.9447095908342226e-09
1832.0 3.942561574624074e-09
1833.0 3.940413558413925e-09
1834.0 3.938265542203776e-09
1835.0 3.936117525993628e-09
1836.0 3.933969509783479e-09
1837.0 3.93182149357333e-09
1838.0 3.929673477363182e-09
1839.0 3.927525461153034e-09
1840.0 3.925377444942884e-09
1841.0 3.923229428732736e-09
1842.0 3.9210814125225875e-09
1843.0 3.918933396312438e-09
1844.0 3.91678538010229e-09
1845.0 3.915036897179059e-09
1846.0 3.913329103681386e-09
1847.0 3.911621310183715e-09
1848.0 3.9099135166860425e-09
1849.0 3.908205723188369e-09
1850.0 3.906497929690698e-09
1851.0 3.904790136193026e-09
1852.0 3.903082342695354e-09
1853.0 3.90137454919768e-09
1854.0 3.899666755700009e-09
1855.0 3.8979589622023365e-09
1856.0 3.896251168704664e-09
1857.0 3.894543375206992e-09
1858.0 3.89283558170932e-09
1859.0 3.8911277882116465e-09
1860.0 3.889419994713975e-09
1861.0 3.887712201216303e-09
1862.0 3.88600440771863e-09
1863.0 3.884296614220958e-09
1864.0 3.882588820723286e-09
1865.0 3.880881027225614e-09
1866.0 3.8791732337279406e-09
1867.0 3.877465440230269e-09
1868.0 3.875757646732597e-09
1869.0 3.874049853234924e-09
1870.0 3.872342059737252e-09
1871.0 3.87063426623958e-09
1872.0 3.868926472741907e-09
1873.0 3.867218679244235e-09
1874.0 3.865510885746563e-09
1875.0 3.863803092248891e-09
1876.0 3.862095298751218e-09
1877.0 3.860387505253546e-09
1878.0 3.858679711755874e-09
1879.0 3.856971918258201e-09
1880.0 3.855264124760529e-09
1881.0 3.853556331262857e-09
1882.0 3.851848537765184e-09
1883.0 3.8501407442675126e-09
1884.0 3.84843295076984e-09
1885.0 3.846725157272168e-09
1886.0 3.845017363774495e-09
1887.0 3.8433095702768234e-09
1888.0 3.841601776779151e-09
1889.0 3.839893983281478e-09
1890.0 3.8381861897838066e-09
1891.0 3.836478396286134e-09
1892.0 3.834770602788462e-09
1893.0 3.83306280929079e-09
1894.0 3.8313550157931174e-09
1895.0 3.829647222295445e-09
1896.0 3.827939428797773e-09
1897.0 3.8262316353001006e-09
1898.0 3.824523841802428e-09
1899.0 3.822816048304755e-09
1900.0 3.821108254807084e-09
1901.0 3.819400461309412e-09
1902.0 3.817692667811738e-09
1903.0 3.815984874314067e-09
1904.0 3.814277080816395e-09
1905.0 3.8125692873187215e-09
1906.0 3.81086149382105e-09
1907.0 3.809153700323377e-09
1908.0 3.8074459068257055e-09
1909.0 3.805738113328032e-09
1910.0 3.804030319830361e-09
1911.0 3.802322526332689e-09
1912.0 3.8006147328350155e-09
1913.0 3.798906939337344e-09
1914.0 3.797199145839672e-09
1915.0 3.7954913523419995e-09
1916.0 3.793783558844327e-09
1917.0 3.792075765346655e-09
1918.0 3.790367971848982e-09
1919.0 3.78866017835131e-09
1920.0 3.786952384853638e-09
1921.0 3.785244591355966e-09
1922.0 3.783536797858293e-09
1923.0 3.781829004360621e-09
1924.0 3.780121210862949e-09
1925.0 3.778413417365277e-09
1926.0 3.776705623867604e-09
1927.0 3.774997830369932e-09
1928.0 3.77329003687226e-09
1929.0 3.771582243374587e-09
1930.0 3.769874449876915e-09
1931.0 3.768166656379243e-09
1932.0 3.766458862881571e-09
1933.0 3.764751069383898e-09
1934.0 3.763043275886226e-09
1935.0 3.761335482388554e-09
1936.0 3.7596276888908815e-09
1937.0 3.75791989539321e-09
1938.0 3.756212101895537e-09
1939.0 3.754504308397865e-09
1940.0 3.7527965149001916e-09
1941.0 3.7510887214025184e-09
1942.0 3.749380927904849e-09
1943.0 3.7476731344071755e-09
1944.0 3.745965340909503e-09
1945.0 3.744257547411831e-09
1946.0 3.742549753914159e-09
1947.0 3.740841960416486e-09
1948.0 3.739134166918814e-09
1949.0 3.737426373421142e-09
1950.0 3.7357185799234695e-09
1951.0 3.7340107864257964e-09
1952.0 3.732302992928124e-09
1953.0 3.730595199430453e-09
1954.0 3.72888740593278e-09
1955.0 3.727179612435108e-09
1956.0 3.725471818937436e-09
1957.0 3.7237640254397636e-09
1958.0 3.722056231942091e-09
1959.0 3.7203484384444186e-09
1960.0 3.7186406449467463e-09
1961.0 3.716932851449074e-09
1962.0 3.7152250579514017e-09
1963.0 3.7135172644537294e-09
1964.0 3.7118094709560576e-09
1965.0 3.7101016774583853e-09
1966.0 3.708393883960713e-09
1967.0 3.7066860904630407e-09
1968.0 3.7049782969653684e-09
1969.0 3.7032705034676957e-09
1970.0 3.7015627099700235e-09
1971.0 3.699854916472351e-09
1972.0 3.698147122974679e-09
1973.0 3.6964393294770074e-09
1974.0 3.6947315359793343e-09
1975.0 3.6930237424816624e-09
1976.0 3.69131594898399e-09
1977.0 3.689608155486318e-09
1978.0 3.6879003619886464e-09
1979.0 3.6861925684909733e-09
1980.0 3.6844847749933006e-09
1981.0 3.6827769814956283e-09
1982.0 3.681069187997956e-09
1983.0 3.6793613945002838e-09
1984.0 3.6776536010026115e-09
1985.0 3.6759458075049384e-09
1986.0 3.6742380140072665e-09
1987.0 3.6726943024960644e-09
1988.0 3.6711756919482314e-09
1989.0 3.6696570814003983e-09
1990.0 3.6681384708525665e-09
1991.0 3.6666198603047334e-09
1992.0 3.6651012497569012e-09
1993.0 3.6635826392090686e-09
1994.0 3.6620640286612355e-09
1995.0 3.6605454181134024e-09
1996.0 3.659026807565569e-09
1997.0 3.6575081970177367e-09
1998.0 3.6559895864699037e-09
1999.0 3.654470975922072e-09
2000.0 3.652952365374239e-09
2001.0 3.6514337548264058e-09
2002.0 3.649915144278573e-09
2003.0 3.64839653373074e-09
2004.0 3.6468779231829074e-09
2005.0 3.6453593126350744e-09
2006.0 3.6438407020872413e-09
2007.0 3.6423220915394087e-09
2008.0 3.6408034809915756e-09
2009.0 3.6392848704437425e-09
2010.0 3.63776625989591e-09
2011.0 3.6362476493480777e-09
2012.0 3.6347290388002446e-09
2013.0 3.633210428252411e-09
2014.0 3.6316918177045797e-09
2015.0 3.630173207156747e-09
2016.0 3.628654596608914e-09
2017.0 3.627135986061081e-09
2018.0 3.6256173755132483e-09
2019.0 3.6240987649654153e-09
2020.0 3.6225801544175822e-09
2021.0 3.6210615438697504e-09
2022.0 3.6195429333219173e-09
2023.0 3.6180243227740843e-09
2024.0 3.6165057122262516e-09
2025.0 3.6149871016784186e-09
2026.0 3.613468491130586e-09
2027.0 3.611949880582753e-09
2028.0 3.61043127003492e-09
2029.0 3.608912659487087e-09
2030.0 3.607394048939254e-09
2031.0 3.605875438391421e-09
2032.0 3.6043568278435892e-09
2033.0 3.602838217295756e-09
2034.0 3.601319606747923e-09
2035.0 3.5998009962000905e-09
2036.0 3.5982823856522574e-09
2037.0 3.596763775104425e-09
2038.0 3.5952451645565926e-09
2039.0 3.5937265540087595e-09
2040.0 3.592207943460927e-09
2041.0 3.590689332913094e-09
2042.0 3.5891707223652607e-09
2043.0 3.587652111817428e-09
2044.0 3.586133501269596e-09
2045.0 3.584614890721763e-09
2046.0 3.58309628017393e-09
2047.0 3.581577669626097e-09
2048.0 3.580059059078264e-09
2049.0 3.5785404485304314e-09
2050.0 3.5770218379825984e-09
2051.0 3.5755032274347657e-09
2052.0 3.5739846168869327e-09
2053.0 3.5724660063390996e-09
2054.0 3.5709473957912678e-09
2055.0 3.5694287852434347e-09
2056.0 3.5679101746956017e-09
2057.0 3.566391564147769e-09
2058.0 3.564872953599936e-09
2059.0 3.5633543430521037e-09
2060.0 3.561835732504271e-09
2061.0 3.560317121956438e-09
2062.0 3.558798511408605e-09
2063.0 3.5572799008607723e-09
2064.0 3.5557612903129393e-09
2065.0 3.5542426797651066e-09
2066.0 3.5527240692172736e-09
2067.0 3.5512054586694413e-09
2068.0 3.5496868481216087e-09
2069.0 3.5481682375737756e-09
2070.0 3.5466496270259426e-09
2071.0 3.54513101647811e-09
2072.0 3.543612405930277e-09
2073.0 3.542093795382444e-09
2074.0 3.540575184834611e-09
2075.0 3.539056574286779e-09
2076.0 3.537537963738946e-09
2077.0 3.5360193531911132e-09
2078.0 3.53450074264328e-09
2079.0 3.5329821320954475e-09
2080.0 3.5314635215476137e-09
2081.0 3.5299449109997823e-09
2082.0 3.52842630045195e-09
2083.0 3.5269076899041166e-09
2084.0 3.5253890793562835e-09
2085.0 3.523870468808451e-09
2086.0 3.522351858260618e-09
2087.0 3.5208332477127847e-09
2088.0 3.519314637164952e-09
2089.0 3.51779602661712e-09
2090.0 3.516277416069287e-09
2091.0 3.514758805521454e-09
2092.0 3.5132401949736207e-09
2093.0 3.511721584425788e-09
2094.0 3.510202973877955e-09
2095.0 3.5086843633301228e-09
2096.0 3.50716575278229e-09
2097.0 3.505647142234457e-09
2098.0 3.504128531686624e-09
2099.0 3.5026099211387914e-09
2100.0 3.5010913105909583e-09
2101.0 3.4995727000431257e-09
2102.0 3.498054089495293e-09
2103.0 3.49653547894746e-09
2104.0 3.4950168683996273e-09
2105.0 3.4934982578517943e-09
2106.0 3.4919796473039624e-09
2107.0 3.4904610367561294e-09
2108.0 3.4889424262082963e-09
2109.0 3.4874238156604633e-09
2110.0 3.485905205112631e-09
2111.0 3.484386594564798e-09
2112.0 3.482867984016965e-09
2113.0 3.4813493734691323e-09
2114.0 3.4798307629212992e-09
2115.0 3.4783121523734666e-09
2116.0 3.4767935418256335e-09
2117.0 3.4752749312778013e-09
2118.0 3.4737563207299686e-09
2119.0 3.4722377101821356e-09
2120.0 3.4707190996343025e-09
2121.0 3.4692004890864703e-09
2122.0 3.4676818785386372e-09
2123.0 3.466163267990804e-09
2124.0 3.4646446574429715e-09
2125.0 3.4631260468951385e-09
2126.0 3.4616074363473054e-09
2127.0 3.4600888257994728e-09
2128.0 3.4585702152516405e-09
2129.0 3.457051604703808e-09
2130.0 3.4555329941559753e-09
2131.0 3.4540143836081418e-09
2132.0 3.4524957730603096e-09
2133.0 3.4509771625124765e-09
2134.0 3.4494585519646434e-09
2135.0 3.447939941416811e-09
2136.0 3.4464213308689777e-09
2137.0 3.4449027203211447e-09
2138.0 3.443384109773312e-09
2139.0 3.441865499225479e-09
2140.0 3.440541491334905e-09
2141.0 3.4392424008273545e-09
2142.0 3.437943310319804e-09
2143.0 3.436644219812253e-09
2144.0 3.435345129304703e-09
2145.0 3.4340460387971523e-09
2146.0 3.4327469482896023e-09
2147.0 3.4314478577820514e-09
2148.0 3.4301487672745014e-09
2149.0 3.428849676766951e-09
2150.0 3.427550586259401e-09
2151.0 3.4262514957518492e-09
2152.0 3.4249524052442992e-09
2153.0 3.4236533147367488e-09
2154.0 3.422354224229198e-09
2155.0 3.421055133721647e-09
2156.0 3.4197560432140975e-09
2157.0 3.418456952706547e-09
2158.0 3.417157862198996e-09
2159.0 3.4158587716914457e-09
2160.0 3.414559681183895e-09
2161.0 3.413260590676345e-09
2162.0 3.411961500168794e-09
2163.0 3.4106624096612436e-09
2164.0 3.409363319153693e-09
2165.0 3.408064228646143e-09
2166.0 3.4067651381385926e-09
2167.0 3.405466047631042e-09
2168.0 3.404166957123491e-09
2169.0 3.4028678666159405e-09
2170.0 3.4015687761083897e-09
2171.0 3.4002696856008396e-09
2172.0 3.3989705950932896e-09
2173.0 3.3976715045857387e-09
2174.0 3.396372414078188e-09
2175.0 3.395073323570638e-09
2176.0 3.3937742330630874e-09
2177.0 3.3924751425555366e-09
2178.0 3.391176052047986e-09
2179.0 3.3898769615404353e-09
2180.0 3.3885778710328853e-09
2181.0 3.387278780525335e-09
2182.0 3.3859796900177844e-09
2183.0 3.3846805995102335e-09
2184.0 3.3833815090026835e-09
2185.0 3.382082418495133e-09
2186.0 3.380783327987582e-09
2187.0 3.3794842374800313e-09
2188.0 3.3781851469724813e-09
2189.0 3.3768860564649313e-09
2190.0 3.3755869659573804e-09
2191.0 3.3742878754498296e-09
2192.0 3.3729887849422796e-09
2193.0 3.371689694434729e-09
2194.0 3.3703906039271783e-09
2195.0 3.369091513419628e-09
2196.0 3.3677924229120774e-09
2197.0 3.3664933324045274e-09
2198.0 3.365194241896976e-09
2199.0 3.363895151389426e-09
2200.0 3.3625960608818752e-09
2201.0 3.361296970374325e-09
2202.0 3.359997879866774e-09
2203.0 3.358698789359224e-09
2204.0 3.3573996988516735e-09
2205.0 3.356100608344123e-09
2206.0 3.354801517836572e-09
2207.0 3.353502427329022e-09
2208.0 3.3522033368214717e-09
2209.0 3.350904246313921e-09
2210.0 3.34960515580637e-09
2211.0 3.34830606529882e-09
2212.0 3.3470069747912695e-09
2213.0 3.345707884283719e-09
2214.0 3.3444087937761686e-09
2215.0 3.3431097032686178e-09
2216.0 3.3418106127610678e-09
2217.0 3.340511522253517e-09
2218.0 3.3392124317459665e-09
2219.0 3.3379133412384156e-09
2220.0 3.3366142507308656e-09
2221.0 3.3353151602233147e-09
2222.0 3.3340160697157647e-09
2223.0 3.332716979208214e-09
2224.0 3.331417888700664e-09
2225.0 3.3301187981931126e-09
2226.0 3.3288197076855625e-09
2227.0 3.3275206171780117e-09
2228.0 3.3262215266704617e-09
2229.0 3.324922436162911e-09
2230.0 3.3236233456553608e-09
2231.0 3.3223242551478108e-09
2232.0 3.32102516464026e-09
2233.0 3.319726074132709e-09
2234.0 3.3184269836251586e-09
2235.0 3.317127893117608e-09
2236.0 3.315828802610057e-09
2237.0 3.3145297121025073e-09
2238.0 3.3132306215949564e-09
2239.0 3.3119315310874064e-09
2240.0 3.3106324405798556e-09
2241.0 3.309333350072305e-09
2242.0 3.3080342595647543e-09
2243.0 3.3067351690572042e-09
2244.0 3.305436078549654e-09
2245.0 3.3041369880421034e-09
2246.0 3.3028378975345525e-09
2247.0 3.3015388070270025e-09
2248.0 3.3002397165194512e-09
2249.0 3.298940626011901e-09
2250.0 3.2976415355043507e-09
2251.0 3.2963424449968e-09
2252.0 3.295043354489249e-09
2253.0 3.2937442639816994e-09
2254.0 3.292445173474149e-09
2255.0 3.291146082966598e-09
2256.0 3.2898469924590473e-09
2257.0 3.288547901951497e-09
2258.0 3.287248811443947e-09
2259.0 3.285949720936396e-09
2260.0 3.2846506304288455e-09
2261.0 3.283351539921295e-09
2262.0 3.282052449413745e-09
2263.0 3.280753358906194e-09
2264.0 3.2794542683986438e-09
2265.0 3.278155177891093e-09
2266.0 3.276856087383543e-09
2267.0 3.2755569968759916e-09
2268.0 3.2742579063684416e-09
2269.0 3.272958815860891e-09
2270.0 3.271659725353341e-09
2271.0 3.27036063484579e-09
2272.0 3.2690615443382394e-09
2273.0 3.2677624538306894e-09
2274.0 3.2664633633231385e-09
2275.0 3.2651642728155877e-09
2276.0 3.2638651823080377e-09
2277.0 3.2625660918004876e-09
2278.0 3.2612670012929368e-09
2279.0 3.2599679107853863e-09
2280.0 3.2586688202778363e-09
2281.0 3.2573697297702855e-09
2282.0 3.2560706392627346e-09
2283.0 3.254771548755184e-09
2284.0 3.2534724582476333e-09
2285.0 3.2521733677400833e-09
2286.0 3.2508742772325333e-09
2287.0 3.2495751867249824e-09
2288.0 3.2482760962174316e-09
2289.0 3.2469770057098815e-09
2290.0 3.245677915202331e-09
2291.0 3.2443788246947802e-09
2292.0 3.2430797341872294e-09
2293.0 3.241780643679679e-09
2294.0 3.2404815531721293e-09
2295.0 3.2391824626645785e-09
2296.0 3.237883372157028e-09
2297.0 3.236584281649477e-09
2298.0 3.235285191141927e-09
2299.0 3.233986100634376e-09
2300.0 3.232687010126826e-09
2301.0 3.231387919619275e-09
2302.0 3.230088829111725e-09
2303.0 3.228789738604174e-09
2304.0 3.227517288407998e-09
2305.0 3.226435854626814e-09
2306.0 3.2253544208456297e-09
2307.0 3.2242729870644456e-09
2308.0 3.2231915532832614e-09
2309.0 3.2221101195020773e-09
2310.0 3.221028685720893e-09
2311.0 3.219947251939709e-09
2312.0 3.218865818158525e-09
2313.0 3.217784384377341e-09
2314.0 3.216702950596157e-09
2315.0 3.2156215168149727e-09
2316.0 3.2145400830337886e-09
2317.0 3.213458649252604e-09
2318.0 3.2123772154714203e-09
2319.0 3.211295781690236e-09
2320.0 3.210214347909052e-09
2321.0 3.2091329141278687e-09
2322.0 3.208051480346684e-09
2323.0 3.206970046565499e-09
2324.0 3.205888612784315e-09
2325.0 3.2048071790031316e-09
2326.0 3.2037257452219475e-09
2327.0 3.2026443114407633e-09
2328.0 3.2015628776595788e-09
2329.0 3.200481443878395e-09
2330.0 3.199400010097211e-09
2331.0 3.1983185763160267e-09
2332.0 3.197237142534842e-09
2333.0 3.1961557087536584e-09
2334.0 3.1950742749724747e-09
2335.0 3.1939928411912905e-09
2336.0 3.1929114074101055e-09
2337.0 3.1918299736289218e-09
2338.0 3.190748539847738e-09
2339.0 3.189667106066554e-09
2340.0 3.1885856722853697e-09
2341.0 3.187504238504185e-09
2342.0 3.1864228047230014e-09
2343.0 3.1853413709418173e-09
2344.0 3.1842599371606327e-09
2345.0 3.1831785033794486e-09
2346.0 3.182097069598265e-09
2347.0 3.181015635817081e-09
2348.0 3.179934202035897e-09
2349.0 3.1788527682547128e-09
2350.0 3.1777713344735282e-09
2351.0 3.1766899006923445e-09
2352.0 3.1756084669111603e-09
2353.0 3.1745270331299758e-09
2354.0 3.1734455993487916e-09
2355.0 3.1723641655676083e-09
2356.0 3.1712827317864245e-09
2357.0 3.170201298005239e-09
2358.0 3.1691198642240554e-09
2359.0 3.1680384304428712e-09
2360.0 3.1669569966616875e-09
2361.0 3.1658755628805034e-09
2362.0 3.1647941290993188e-09
2363.0 3.1637126953181346e-09
2364.0 3.162631261536951e-09
2365.0 3.1615498277557663e-09
2366.0 3.1604683939745826e-09
2367.0 3.1593869601933984e-09
2368.0 3.1583055264122143e-09
2369.0 3.1572240926310297e-09
2370.0 3.1561426588498464e-09
2371.0 3.155061225068662e-09
2372.0 3.1539797912874777e-09
2373.0 3.152898357506294e-09
2374.0 3.1518169237251094e-09
2375.0 3.1507354899439252e-09
2376.0 3.149654056162741e-09
2377.0 3.1485726223815577e-09
2378.0 3.1474911886003727e-09
2379.0 3.1464097548191886e-09
2380.0 3.145328321038005e-09
2381.0 3.144246887256821e-09
2382.0 3.143165453475637e-09
2383.0 3.142084019694452e-09
2384.0 3.1410025859132682e-09
2385.0 3.139921152132084e-09
2386.0 3.1388397183509e-09
2387.0 3.1377582845697158e-09
2388.0 3.136676850788532e-09
2389.0 3.135595417007348e-09
2390.0 3.1345139832261633e-09
2391.0 3.133432549444979e-09
2392.0 3.1323511156637954e-09
2393.0 3.1312696818826113e-09
2394.0 3.1301882481014275e-09
2395.0 3.129106814320243e-09
2396.0 3.128025380539059e-09
2397.0 3.1269439467578747e-09
2398.0 3.1258625129766905e-09
2399.0 3.1247810791955064e-09
2400.0 3.123699645414322e-09
2401.0 3.1226182116331385e-09
2402.0 3.1215367778519543e-09
2403.0 3.1204553440707697e-09
2404.0 3.119373910289586e-09
2405.0 3.118292476508402e-09
2406.0 3.1172110427272177e-09
2407.0 3.1161296089460335e-09
2408.0 3.1150481751648494e-09
2409.0 3.1139667413836652e-09
2410.0 3.112885307602481e-09
2411.0 3.111803873821297e-09
2412.0 3.1107224400401128e-09
2413.0 3.109641006258929e-09
2414.0 3.108559572477745e-09
2415.0 3.1074781386965607e-09
2416.0 3.1063967049153766e-09
2417.0 3.1053152711341924e-09
2418.0 3.1042338373530083e-09
2419.0 3.103152403571824e-09
2420.0 3.10207096979064e-09
2421.0 3.1009895360094566e-09
2422.0 3.099908102228272e-09
2423.0 3.098826668447087e-09
2424.0 3.097745234665903e-09
2425.0 3.0966638008847196e-09
2426.0 3.0955823671035355e-09
2427.0 3.0945009333223513e-09
2428.0 3.0934194995411667e-09
2429.0 3.092338065759983e-09
2430.0 3.091256631978799e-09
2431.0 3.0901751981976147e-09
2432.0 3.0890937644164305e-09
2433.0 3.088012330635247e-09
2434.0 3.0869308968540622e-09
2435.0 3.0858494630728785e-09
2436.0 3.0847680292916935e-09
2437.0 3.0836865955105098e-09
2438.0 3.082605161729326e-09
2439.0 3.081523727948142e-09
2440.0 3.0804422941669577e-09
2441.0 3.079360860385773e-09
2442.0 3.0782794266045894e-09
2443.0 3.0771979928234053e-09
2444.0 3.0761165590422207e-09
2445.0 3.0750351252610365e-09
2446.0 3.073953691479853e-09
2447.0 3.072872257698669e-09
2448.0 3.071790823917485e-09
2449.0 3.0707093901363e-09
2450.0 3.069627956355116e-09
2451.0 3.0685465225739325e-09
2452.0 3.0674650887927483e-09
2453.0 3.0663836550115637e-09
2454.0 3.0653022212303796e-09
2455.0 3.0642207874491963e-09
2456.0 3.0631393536680113e-09
2457.0 3.062057919886827e-09
2458.0 3.0609764861056434e-09
2459.0 3.0598950523244592e-09
2460.0 3.0588136185432755e-09
2461.0 3.0577321847620913e-09
2462.0 3.0566507509809068e-09
2463.0 3.0555693171997226e-09
2464.0 3.054487883418539e-09
2465.0 3.0534064496373547e-09
2466.0 3.05232501585617e-09
2467.0 3.0512435820749864e-09
2468.0 3.0501621482938027e-09
2469.0 3.0490807145126177e-09
2470.0 3.0479992807314344e-09
2471.0 3.0469178469502494e-09
2472.0 3.0458364131690657e-09
2473.0 3.044754979387882e-09
2474.0 3.0436735456066973e-09
2475.0 3.042592111825513e-09
2476.0 3.041510678044329e-09
2477.0 3.040429244263145e-09
2478.0 3.0393478104819607e-09
2479.0 3.038266376700777e-09
2480.0 3.037184942919593e-09
2481.0 3.036103509138409e-09
2482.0 3.0350899415336316e-09
2483.0 3.0341101902167873e-09
2484.0 3.033130438899944e-09
2485.0 3.0321506875830987e-09
2486.0 3.0311709362662544e-09
2487.0 3.03019118494941e-09
2488.0 3.029211433632566e-09
2489.0 3.0282316823157207e-09
2490.0 3.0272519309988772e-09
2491.0 3.0262721796820325e-09
2492.0 3.025292428365188e-09
2493.0 3.0243126770483435e-09
2494.0 3.0233329257314996e-09
2495.0 3.022353174414655e-09
2496.0 3.0213734230978106e-09
2497.0 3.0203936717809663e-09
2498.0 3.0194139204641216e-09
2499.0 3.0184341691472773e-09
2500.0 3.0174544178304326e-09
2501.0 3.0164746665135888e-09
2502.0 3.0154949151967445e-09
2503.0 3.0145151638798998e-09
2504.0 3.0135354125630555e-09
2505.0 3.0125556612462116e-09
2506.0 3.0115759099293673e-09
2507.0 3.0105961586125226e-09
2508.0 3.009616407295678e-09
2509.0 3.0086366559788336e-09
2510.0 3.0076569046619893e-09
2511.0 3.006677153345145e-09
2512.0 3.0056974020283003e-09
2513.0 3.0047176507114564e-09
2514.0 3.0037378993946113e-09
2515.0 3.0027581480777674e-09
2516.0 3.0017783967609227e-09
2517.0 3.0007986454440784e-09
2518.0 2.999818894127234e-09
2519.0 2.9988391428103902e-09
2520.0 2.9978593914935455e-09
2521.0 2.9968796401767012e-09
2522.0 2.995899888859856e-09
2523.0 2.9949201375430126e-09
2524.0 2.9939403862261683e-09
2525.0 2.9929606349093232e-09
2526.0 2.9919808835924798e-09
2527.0 2.991001132275635e-09
2528.0 2.9900213809587903e-09
2529.0 2.989041629641946e-09
2530.0 2.988061878325102e-09
2531.0 2.9870821270082575e-09
2532.0 2.986102375691413e-09
2533.0 2.9851226243745685e-09
2534.0 2.9841428730577246e-09
2535.0 2.9831631217408795e-09
2536.0 2.982183370424035e-09
2537.0 2.9812036191071913e-09
2538.0 2.980223867790347e-09
2539.0 2.9792441164735023e-09
2540.0 2.978264365156658e-09
2541.0 2.9772846138398133e-09
2542.0 2.976304862522969e-09
2543.0 2.9753251112061247e-09
2544.0 2.9743453598892804e-09
2545.0 2.973365608572436e-09
2546.0 2.972385857255592e-09
2547.0 2.971406105938747e-09
2548.0 2.9704263546219032e-09
2549.0 2.969446603305058e-09
2550.0 2.968466851988214e-09
2551.0 2.9674871006713704e-09
2552.0 2.9665073493545256e-09
2553.0 2.965527598037681e-09
2554.0 2.9645478467208366e-09
2555.0 2.9635680954039923e-09
2556.0 2.962588344087148e-09
2557.0 2.9616085927703033e-09
2558.0 2.9606288414534595e-09
2559.0 2.959649090136615e-09
2560.0 2.95866933881977e-09
2561.0 2.9576895875029258e-09
2562.0 2.956709836186082e-09
2563.0 2.955730084869237e-09
2564.0 2.954750333552393e-09
2565.0 2.9537705822355486e-09
2566.0 2.952790830918704e-09
2567.0 2.9518110796018596e-09
2568.0 2.950831328285015e-09
2569.0 2.949851576968171e-09
2570.0 2.9488718256513267e-09
2571.0 2.947892074334482e-09
2572.0 2.9469123230176377e-09
2573.0 2.945932571700794e-09
2574.0 2.9449528203839495e-09
2575.0 2.943973069067105e-09
2576.0 2.94299331775026e-09
2577.0 2.942013566433416e-09
2578.0 2.941033815116572e-09
2579.0 2.9400540637997272e-09
2580.0 2.939074312482883e-09
2581.0 2.9380945611660386e-09
2582.0 2.9371148098491944e-09
2583.0 2.93613505853235e-09
2584.0 2.9351553072155058e-09
2585.0 2.9341755558986606e-09
2586.0 2.9331958045818168e-09
2587.0 2.9322160532649725e-09
2588.0 2.9312363019481278e-09
2589.0 2.9302565506312835e-09
2590.0 2.929276799314439e-09
2591.0 2.928297047997595e-09
2592.0 2.9273172966807506e-09
2593.0 2.9263375453639055e-09
2594.0 2.925357794047062e-09
2595.0 2.9243780427302173e-09
2596.0 2.9233982914133726e-09
2597.0 2.9224185400965283e-09
2598.0 2.9214387887796844e-09
2599.0 2.9204590374628397e-09
2600.0 2.9194792861459954e-09
2601.0 2.9184995348291507e-09
2602.0 2.9175197835123072e-09
2603.0 2.916540032195462e-09
2604.0 2.9155602808786174e-09
2605.0 2.9145805295617735e-09
2606.0 2.9136007782449292e-09
2607.0 2.9126210269280845e-09
2608.0 2.9116412756112406e-09
2609.0 2.9106615242943964e-09
2610.0 2.9096817729775512e-09
2611.0 2.9087020216607074e-09
2612.0 2.9077222703438626e-09
2613.0 2.906742519027019e-09
2614.0 2.905762767710174e-09
2615.0 2.9047830163933298e-09
2616.0 2.9038032650764855e-09
2617.0 2.902823513759641e-09
2618.0 2.901843762442796e-09
2619.0 2.9008640111259526e-09
2620.0 2.899884259809108e-09
2621.0 2.898904508492263e-09
2622.0 2.897924757175419e-09
2623.0 2.8969450058585746e-09
2624.0 2.8959652545417303e-09
2625.0 2.894985503224887e-09
2626.0 2.894005751908042e-09
2627.0 2.8930260005911974e-09
2628.0 2.8920462492743523e-09
2629.0 2.891066497957508e-09
2630.0 2.890086746640664e-09
2631.0 2.8891069953238194e-09
2632.0 2.888127244006975e-09
2633.0 2.8871474926901312e-09
2634.0 2.886167741373286e-09
2635.0 2.885187990056442e-09
2636.0 2.884208238739598e-09
2637.0 2.8832284874227532e-09
2638.0 2.8822487361059094e-09
2639.0 2.8812689847890646e-09
2640.0 2.8802892334722204e-09
2641.0 2.879309482155376e-09
2642.0 2.8783297308385318e-09
2643.0 2.877349979521687e-09
2644.0 2.876370228204843e-09
2645.0 2.875390476887998e-09
2646.0 2.874410725571154e-09
2647.0 2.8734309742543095e-09
2648.0 2.872451222937465e-09
2649.0 2.871471471620621e-09
2650.0 2.8704917203037766e-09
2651.0 2.8695119689869323e-09
2652.0 2.868532217670088e-09
2653.0 2.867552466353243e-09
2654.0 2.866572715036399e-09
2655.0 2.8655929637195547e-09
2656.0 2.86461321240271e-09
2657.0 2.8636334610858657e-09
2658.0 2.862653709769022e-09
2659.0 2.861673958452177e-09
2660.0 2.860694207135333e-09
2661.0 2.8597144558184877e-09
2662.0 2.8587347045016442e-09
2663.0 2.8577549531847995e-09
2664.0 2.856775201867955e-09
2665.0 2.855795450551111e-09
2666.0 2.8548156992342667e-09
2667.0 2.853835947917422e-09
2668.0 2.8528561966005776e-09
2669.0 2.8518764452837338e-09
2670.0 2.8508966939668895e-09
2671.0 2.8499169426500448e-09
2672.0 2.8489371913332e-09
2673.0 2.8480155036659355e-09
2674.0 2.8471424686656967e-09
2675.0 2.8462694336654582e-09
2676.0 2.845396398665219e-09
2677.0 2.8445233636649805e-09
2678.0 2.8436503286647417e-09
2679.0 2.8427772936645033e-09
2680.0 2.8419042586642636e-09
2681.0 2.8410312236640256e-09
2682.0 2.8401581886637868e-09
2683.0 2.8392851536635483e-09
2684.0 2.8384121186633087e-09
2685.0 2.8375390836630702e-09
2686.0 2.836666048662832e-09
2687.0 2.835793013662593e-09
2688.0 2.8349199786623537e-09
2689.0 2.834046943662115e-09
2690.0 2.8331739086618764e-09
2691.0 2.832300873661638e-09
2692.0 2.8314278386613983e-09
2693.0 2.83055480366116e-09
2694.0 2.8296817686609215e-09
2695.0 2.8288087336606826e-09
2696.0 2.8279356986604438e-09
2697.0 2.827062663660205e-09
2698.0 2.8261896286599665e-09
2699.0 2.8253165936597285e-09
2700.0 2.8244435586594893e-09
2701.0 2.823570523659251e-09
2702.0 2.8226974886590116e-09
2703.0 2.8218244536587727e-09
2704.0 2.820951418658534e-09
2705.0 2.8200783836582955e-09
2706.0 2.8192053486580566e-09
2707.0 2.8183323136578178e-09
2708.0 2.817459278657579e-09
2709.0 2.8165862436573405e-09
2710.0 2.8157132086571017e-09
2711.0 2.814840173656863e-09
2712.0 2.813967138656624e-09
2713.0 2.8130941036563855e-09
2714.0 2.8122210686561467e-09
2715.0 2.8113480336559075e-09
2716.0 2.810474998655669e-09
2717.0 2.80960196365543e-09
2718.0 2.8087289286551913e-09
2719.0 2.8078558936549525e-09
2720.0 2.806982858654714e-09
2721.0 2.8061098236544752e-09
2722.0 2.805236788654237e-09
2723.0 2.8043637536539975e-09
2724.0 2.803490718653759e-09
2725.0 2.8026176836535203e-09
2726.0 2.801744648653282e-09
2727.0 2.800871613653042e-09
2728.0 2.7999985786528037e-09
2729.0 2.7991255436525653e-09
2730.0 2.7982525086523265e-09
2731.0 2.7973794736520872e-09
2732.0 2.7965064386518484e-09
2733.0 2.7956334036516104e-09
2734.0 2.7947603686513715e-09
2735.0 2.7938873336511323e-09
2736.0 2.7930142986508934e-09
2737.0 2.792141263650655e-09
2738.0 2.7912682286504166e-09
2739.0 2.7903951936501773e-09
2740.0 2.7895221586499385e-09
2741.0 2.7886491236497e-09
2742.0 2.787776088649461e-09
2743.0 2.7869030536492224e-09
2744.0 2.786030018648983e-09
2745.0 2.7851569836487447e-09
2746.0 2.7842839486485067e-09
2747.0 2.7834109136482674e-09
2748.0 2.7825378786480286e-09
2749.0 2.7816648436477897e-09
2750.0 2.7807918086475513e-09
2751.0 2.7799187736473124e-09
2752.0 2.779045738647074e-09
2753.0 2.7781727036468356e-09
2754.0 2.7772996686465967e-09
2755.0 2.7764266336463575e-09
2756.0 2.7755535986461187e-09
2757.0 2.7746805636458802e-09
2758.0 2.7738075286456414e-09
2759.0 2.7729344936454025e-09
2760.0 2.7720614586451637e-09
2761.0 2.7711884236449253e-09
2762.0 2.7703153886446864e-09
2763.0 2.7694423536444476e-09
2764.0 2.7685693186442087e-09
2765.0 2.7676962836439703e-09
2766.0 2.7668232486437315e-09
2767.0 2.7659502136434926e-09
2768.0 2.7650771786432538e-09
2769.0 2.764204143643015e-09
2770.0 2.763331108642776e-09
2771.0 2.7624580736425373e-09
2772.0 2.761585038642299e-09
2773.0 2.76071200364206e-09
2774.0 2.7598389686418207e-09
2775.0 2.7589659336415823e-09
2776.0 2.758092898641344e-09
2777.0 2.757219863641105e-09
2778.0 2.7563468286408666e-09
2779.0 2.755473793640627e-09
2780.0 2.754600758640389e-09
2781.0 2.75372772364015e-09
2782.0 2.752854688639911e-09
2783.0 2.751981653639672e-09
2784.0 2.7511086186394336e-09
2785.0 2.750235583639195e-09
2786.0 2.749362548638956e-09
2787.0 2.748489513638717e-09
2788.0 2.747616478638478e-09
2789.0 2.7467434436382398e-09
2790.0 2.745870408638001e-09
2791.0 2.744997373637762e-09
2792.0 2.7441243386375232e-09
2793.0 2.7432513036372856e-09
2794.0 2.742378268637046e-09
2795.0 2.741505233636807e-09
2796.0 2.740632198636568e-09
2797.0 2.73975916363633e-09
2798.0 2.738886128636091e-09
2799.0 2.738013093635852e-09
2800.0 2.7371400586356133e-09
2801.0 2.7362670236353745e-09
2802.0 2.7353939886351356e-09
2803.0 2.7345209536348972e-09
2804.0 2.7336479186346588e-09
2805.0 2.7327748836344204e-09
2806.0 2.731901848634181e-09
2807.0 2.7310288136339423e-09
2808.0 2.730155778633704e-09
2809.0 2.729282743633465e-09
2810.0 2.728409708633226e-09
2811.0 2.7275366736329877e-09
2812.0 2.7266636386327485e-09
2813.0 2.72579060363251e-09
2814.0 2.7249175686322708e-09
2815.0 2.7240445336320324e-09
2816.0 2.7231714986317935e-09
2817.0 2.722298463631555e-09
2818.0 2.721425428631316e-09
2819.0 2.7205523936310774e-09
2820.0 2.7196793586308386e-09
2821.0 2.7188063236306e-09
2822.0 2.7179332886303613e-09
2823.0 2.7170602536301224e-09
2824.0 2.7161872186298836e-09
2825.0 2.7153141836296448e-09
2826.0 2.7144411486294055e-09
2827.0 2.713568113629167e-09
2828.0 2.7126950786289286e-09
2829.0 2.7118220436286894e-09
2830.0 2.7109490086284506e-09
2831.0 2.7100759736282117e-09
2832.0 2.7092029386279737e-09
2833.0 2.708329903627735e-09
2834.0 2.7074568686274956e-09
2835.0 2.7065838336272568e-09
2836.0 2.7057107986270183e-09
2837.0 2.70483776362678e-09
2838.0 2.703964728626541e-09
2839.0 2.703091693626302e-09
2840.0 2.7022186586260634e-09
2841.0 2.7013456236258245e-09
2842.0 2.7004725886255857e-09
2843.0 2.699599553625347e-09
2844.0 2.698726518625108e-09
2845.0 2.6978534836248696e-09
2846.0 2.6969804486246307e-09
2847.0 2.696107413624392e-09
2848.0 2.6952343786241526e-09
2849.0 2.6943613436239146e-09
2850.0 2.6934883086236758e-09
2851.0 2.6926152736234374e-09
2852.0 2.691742238623198e-09
2853.0 2.6908692036229593e-09
2854.0 2.6899961686227204e-09
2855.0 2.689123133622482e-09
2856.0 2.6882500986222436e-09
2857.0 2.6873770636220043e-09
2858.0 2.6865040286217663e-09
2859.0 2.685630993621527e-09
2860.0 2.6847579586212886e-09
2861.0 2.6838849236210493e-09
2862.0 2.683011888620811e-09
2863.0 2.682138853620572e-09
2864.0 2.6812658186203336e-09
2865.0 2.6803927836200944e-09
2866.0 2.6795197486198555e-09
2867.0 2.678646713619617e-09
2868.0 2.6777736786193783e-09
2869.0 2.676900643619139e-09
2870.0 2.6760276086189006e-09
2871.0 2.675154573618662e-09
2872.0 2.6742815386184233e-09
2873.0 2.673408503618184e-09
2874.0 2.6725354686179456e-09
2875.0 2.6716624336177072e-09
2876.0 2.6707893986174684e-09
2877.0 2.669916363617229e-09
2878.0 2.6690433286169903e-09
2879.0 2.668251112444393e-09
2880.0 2.6674936022991503e-09
2881.0 2.666736092153909e-09
2882.0 2.6659785820086665e-09
2883.0 2.6652210718634237e-09
2884.0 2.664463561718182e-09
2885.0 2.6637060515729407e-09
2886.0 2.662948541427698e-09
2887.0 2.662191031282456e-09
2888.0 2.661433521137214e-09
2889.0 2.6606760109919713e-09
2890.0 2.65991850084673e-09
2891.0 2.659160990701488e-09
2892.0 2.6584034805562455e-09
2893.0 2.6576459704110036e-09
2894.0 2.6568884602657616e-09
2895.0 2.656130950120519e-09
2896.0 2.655373439975277e-09
2897.0 2.6546159298300354e-09
2898.0 2.6538584196847927e-09
2899.0 2.653100909539551e-09
2900.0 2.652343399394309e-09
2901.0 2.6515858892490665e-09
2902.0 2.6508283791038245e-09
2903.0 2.650070868958583e-09
2904.0 2.6493133588133407e-09
2905.0 2.6485558486680987e-09
2906.0 2.6477983385228564e-09
2907.0 2.647040828377614e-09
2908.0 2.646283318232372e-09
2909.0 2.6455258080871297e-09
2910.0 2.6447682979418882e-09
2911.0 2.6440107877966463e-09
2912.0 2.643253277651404e-09
2913.0 2.642495767506161e-09
2914.0 2.6417382573609197e-09
2915.0 2.6409807472156773e-09
2916.0 2.6402232370704354e-09
2917.0 2.639465726925193e-09
2918.0 2.638708216779951e-09
2919.0 2.6379507066347088e-09
2920.0 2.637193196489467e-09
2921.0 2.6364356863442253e-09
2922.0 2.635678176198983e-09
2923.0 2.634920666053741e-09
2924.0 2.6341631559084987e-09
2925.0 2.6334056457632568e-09
2926.0 2.6326481356180144e-09
2927.0 2.6318906254727725e-09
2928.0 2.6311331153275306e-09
2929.0 2.6303756051822878e-09
2930.0 2.6296180950370463e-09
2931.0 2.628860584891804e-09
2932.0 2.628103074746562e-09
2933.0 2.62734556460132e-09
2934.0 2.6265880544560777e-09
2935.0 2.625830544310836e-09
2936.0 2.625073034165593e-09
2937.0 2.624315524020352e-09
2938.0 2.623558013875109e-09
2939.0 2.6228005037298676e-09
2940.0 2.6220429935846253e-09
2941.0 2.621285483439383e-09
2942.0 2.620527973294141e-09
2943.0 2.619770463148899e-09
2944.0 2.619012953003657e-09
2945.0 2.6182554428584152e-09
2946.0 2.617497932713173e-09
2947.0 2.61674042256793e-09
2948.0 2.6159829124226886e-09
2949.0 2.6152254022774462e-09
2950.0 2.6144678921322047e-09
2951.0 2.613710381986962e-09
2952.0 2.6129528718417204e-09
2953.0 2.6121953616964777e-09
2954.0 2.6114378515512358e-09
2955.0 2.6106803414059942e-09
2956.0 2.609922831260752e-09
2957.0 2.60916532111551e-09
2958.0 2.6084078109702676e-09
2959.0 2.6076503008250257e-09
2960.0 2.6068927906797833e-09
2961.0 2.606135280534542e-09
2962.0 2.6053777703892995e-09
2963.0 2.6046202602440567e-09
2964.0 2.603862750098815e-09
2965.0 2.6031052399535724e-09
2966.0 2.602347729808331e-09
2967.0 2.601590219663089e-09
2968.0 2.600832709517847e-09
2969.0 2.6000751993726043e-09
2970.0 2.5993176892273628e-09
2971.0 2.5985601790821204e-09
2972.0 2.5978026689368785e-09
2973.0 2.5970451587916366e-09
2974.0 2.5962876486463942e-09
2975.0 2.5955301385011523e-09
2976.0 2.5947726283559095e-09
2977.0 2.594015118210668e-09
2978.0 2.593257608065426e-09
2979.0 2.592500097920184e-09
2980.0 2.5917425877749418e-09
2981.0 2.5909850776296994e-09
2982.0 2.590227567484457e-09
2983.0 2.589470057339215e-09
2984.0 2.588712547193973e-09
2985.0 2.587955037048731e-09
2986.0 2.5871975269034894e-09
2987.0 2.5864400167582466e-09
2988.0 2.585682506613005e-09
2989.0 2.5849249964677627e-09
2990.0 2.584167486322521e-09
2991.0 2.5834099761772793e-09
2992.0 2.5826524660320365e-09
2993.0 2.581894955886794e-09
2994.0 2.5811374457415523e-09
2995.0 2.5803799355963107e-09
2996.0 2.5796224254510684e-09
2997.0 2.578864915305826e-09
2998.0 2.578107405160584e-09
2999.0 2.577349895015342e-09
3000.0 2.5765923848701e-09
3001.0 2.5758348747248575e-09
3002.0 2.575077364579615e-09
3003.0 2.5743198544343736e-09
3004.0 2.5735623442891317e-09
3005.0 2.572804834143889e-09
3006.0 2.5720473239986474e-09
3007.0 2.5712898138534047e-09
3008.0 2.5705323037081627e-09
3009.0 2.5697747935629208e-09
3010.0 2.569017283417679e-09
3011.0 2.568259773272437e-09
3012.0 2.567502263127195e-09
3013.0 2.5667447529819526e-09
3014.0 2.5659872428367107e-09
3015.0 2.5652297326914688e-09
3016.0 2.564472222546226e-09
3017.0 2.5637147124009845e-09
3018.0 2.5629572022557417e-09
3019.0 2.5621996921105002e-09
3020.0 2.5614421819652575e-09
3021.0 2.5606846718200155e-09
3022.0 2.559927161674774e-09
3023.0 2.5591696515295317e-09
3024.0 2.5584121413842897e-09
3025.0 2.5576546312390474e-09
3026.0 2.556897121093806e-09
3027.0 2.556139610948563e-09
3028.0 2.5553821008033216e-09
3029.0 2.5546245906580792e-09
3030.0 2.5538670805128365e-09
3031.0 2.5531095703675954e-09
3032.0 2.552352060222353e-09
3033.0 2.5515945500771107e-09
3034.0 2.5508370399318688e-09
3035.0 2.5500795297866272e-09
3036.0 2.549322019641384e-09
3037.0 2.5485645094961425e-09
3038.0 2.5478069993509006e-09
3039.0 2.547049489205658e-09
3040.0 2.5462919790604163e-09
3041.0 2.545534468915174e-09
3042.0 2.5447769587699316e-09
3043.0 2.5440194486246893e-09
3044.0 2.543261938479448e-09
3045.0 2.542504428334206e-09
3046.0 2.541746918188964e-09
3047.0 2.540989408043721e-09
3048.0 2.5402318978984792e-09
3049.0 2.539474387753237e-09
3050.0 2.5387168776079954e-09
3051.0 2.5379593674627534e-09
3052.0 2.5372018573175107e-09
3053.0 2.536444347172269e-09
3054.0 2.5356868370270264e-09
3055.0 2.534929326881785e-09
3056.0 2.5341718167365425e-09
3057.0 2.5334143065913006e-09
3058.0 2.532656796446059e-09
3059.0 2.5318992863008163e-09
3060.0 2.531141776155574e-09
3061.0 2.530384266010332e-09
3062.0 2.5296267558650905e-09
3063.0 2.5288692457198486e-09
3064.0 2.528111735574606e-09
3065.0 2.527354225429364e-09
3066.0 2.5265967152841215e-09
3067.0 2.5258392051388796e-09
3068.0 2.5250816949936377e-09
3069.0 2.5243241848483957e-09
3070.0 2.5235666747031534e-09
3071.0 2.522809164557912e-09
3072.0 2.5220516544126687e-09
3073.0 2.521294144267427e-09
3074.0 2.5205366341221852e-09
3075.0 2.5197791239769433e-09
3076.0 2.5190216138317006e-09
3077.0 2.5182641036864586e-09
3078.0 2.5175065935412167e-09
3079.0 2.5167490833959743e-09
3080.0 2.515991573250733e-09
3081.0 2.5152340631054905e-09
3082.0 2.514476552960248e-09
3083.0 2.5137190428150058e-09
3084.0 2.5129615326697643e-09
3085.0 2.5122040225245215e-09
3086.0 2.5114465123792804e-09
3087.0 2.510689002234038e-09
3088.0 2.5099314920887953e-09
3089.0 2.5091739819435538e-09
3090.0 2.5084164717983114e-09
3091.0 2.5076589616530695e-09
3092.0 2.506901451507828e-09
3093.0 2.5061439413625856e-09
3094.0 2.505386431217343e-09
3095.0 2.504628921072101e-09
3096.0 2.503871410926859e-09
3097.0 2.503113900781616e-09
3098.0 2.5023563906363747e-09
3099.0 2.501598880491133e-09
3100.0 2.5008413703458905e-09
