2.0 7.00846357467453e-07
3.0 9.235142306502423e-07
4.0 1.1195566545782933e-06
5.0 1.2908089412884811e-06
6.0 1.440153575347909e-06
7.0 1.5690975790023066e-06
8.0 1.679522163673528e-06
9.0 1.7747873088064906e-06
10.0 1.8550843957046654e-06
11.0 1.9229458985133647e-06
12.0 1.9788690067873296e-06
13.0 2.0225549090908254e-06
14.0 2.0570249649283336e-06
15.0 2.0837024092327945e-06
16.0 2.1009663039864556e-06
17.0 2.1088382429200794e-06
18.0 2.1110861016943695e-06
19.0 2.107967931623362e-06
20.0 2.1000794414041604e-06
21.0 2.0843497537663997e-06
22.0 2.0662461016505476e-06
23.0 2.0458561978774486e-06
24.0 2.0214973868490604e-06
25.0 1.9961708407393536e-06
26.0 1.9670700412315664e-06
27.0 1.9377401577580995e-06
28.0 1.9071241531121541e-06
29.0 1.8764668744476415e-06
30.0 1.845354636172703e-06
31.0 1.8142423978977646e-06
32.0 1.783216331569098e-06
33.0 1.7522047765976649e-06
34.0 1.7215927113489175e-06
35.0 1.6914552921060331e-06
36.0 1.6613178728631487e-06
37.0 1.6324338213785422e-06
38.0 1.6037314794217974e-06
39.0 1.5752166077127797e-06
40.0 1.5485801442203135e-06
41.0 1.5219436807278472e-06
42.0 1.4954639449729827e-06
43.0 1.4704986887545366e-06
44.0 1.4455334325360902e-06
45.0 1.4205681763176443e-06
46.0 1.3970458727222922e-06
47.0 1.3737468885159997e-06
48.0 1.3504479043097078e-06
49.0 1.3279935411165558e-06
50.0 1.3068627415376353e-06
51.0 1.285731941958715e-06
52.0 1.2646011423797944e-06
53.0 1.2445972087399736e-06
54.0 1.2252125191768496e-06
55.0 1.2058278296137251e-06
56.0 1.1864431400506015e-06
57.0 1.1678918557062633e-06
58.0 1.1498672302013396e-06
59.0 1.1318426046964164e-06
60.0 1.1138179791914931e-06
61.0 1.0963013631023853e-06
62.0 1.080161239703e-06
63.0 1.0640211163036148e-06
64.0 1.0478809929042295e-06
65.0 1.0317408695048443e-06
66.0 1.0165609361712306e-06
67.0 1.0020431860182335e-06
68.0 9.875254358652364e-07
69.0 9.730076857122392e-07
70.0 9.584899355592419e-07
71.0 9.446036619566824e-07
72.0 9.312261441865241e-07
73.0 9.178486264163662e-07
74.0 9.044711086462077e-07
75.0 8.910935908760496e-07
76.0 8.779119857166933e-07
77.0 8.660682299031944e-07
78.0 8.542244740896957e-07
79.0 8.423807182761968e-07
80.0 8.305369624626982e-07
81.0 8.186932066491992e-07
82.0 8.072458429173091e-07
83.0 7.967992513808437e-07
84.0 7.863526598443779e-07
85.0 7.759060683079123e-07
86.0 7.654594767714469e-07
87.0 7.55012885234981e-07
88.0 7.445662936985155e-07
89.0 7.351001810358658e-07
90.0 7.256444149198117e-07
91.0 7.161886488037576e-07
92.0 7.067328826877035e-07
93.0 6.972771165716496e-07
94.0 6.878213504555956e-07
95.0 6.786115377150734e-07
96.0 6.703236441035748e-07
97.0 6.620357504920763e-07
98.0 6.537478568805779e-07
99.0 6.454599632690793e-07
100.0 6.371720696575808e-07
101.0 6.288841760460823e-07
102.0 6.205962824345838e-07
103.0 6.133827835316528e-07
104.0 6.062761981319588e-07
105.0 5.991696127322651e-07
106.0 5.920630273325711e-07
107.0 5.849564419328774e-07
108.0 5.778498565331835e-07
109.0 5.707432711334897e-07
110.0 5.636709285658183e-07
111.0 5.573082973205576e-07
112.0 5.509456660752968e-07
113.0 5.445830348300362e-07
114.0 5.382204035847753e-07
115.0 5.318577723395147e-07
116.0 5.25495141094254e-07
117.0 5.19132509848993e-07
118.0 5.127698786037326e-07
119.0 5.069063976080578e-07
120.0 5.014090229918258e-07
121.0 4.959116483755941e-07
122.0 4.904142737593623e-07
123.0 4.849168991431303e-07
124.0 4.794195245268984e-07
125.0 4.739221499106665e-07
126.0 4.6842477529443465e-07
127.0 4.629274006782029e-07
128.0 4.578436826919568e-07
129.0 4.532546398557295e-07
130.0 4.486655970195022e-07
131.0 4.440765541832748e-07
132.0 4.394875113470474e-07
133.0 4.3489846851082006e-07
134.0 4.3030942567459284e-07
135.0 4.257203828383654e-07
136.0 4.21131340002138e-07
137.0 4.165422971659108e-07
138.0 4.1229126283111907e-07
139.0 4.082375968389178e-07
140.0 4.041839308467166e-07
141.0 4.001302648545153e-07
142.0 3.960765988623141e-07
143.0 3.920229328701129e-07
144.0 3.879692668779116e-07
145.0 3.8391560088571036e-07
146.0 3.798619348935091e-07
147.0 3.758082689013079e-07
148.0 3.717843758392188e-07
149.0 3.68319125617436e-07
150.0 3.648538753956532e-07
151.0 3.6138862517387037e-07
152.0 3.5792337495208756e-07
153.0 3.544581247303047e-07
154.0 3.5099287450852194e-07
155.0 3.475276242867391e-07
156.0 3.440623740649563e-07
157.0 3.4059712384317345e-07
158.0 3.371318736213907e-07
159.0 3.3366662339960783e-07
160.0 3.30618414649409e-07
161.0 3.277899920167689e-07
162.0 3.2496156938412896e-07
163.0 3.221331467514888e-07
164.0 3.1930472411884877e-07
165.0 3.164763014862088e-07
166.0 3.136478788535687e-07
167.0 3.108194562209286e-07
168.0 3.079910335882886e-07
169.0 3.051626109556486e-07
170.0 3.023341883230084e-07
171.0 2.995057656903685e-07
172.0 2.968225117601452e-07
173.0 2.943747110641633e-07
174.0 2.9192691036818146e-07
175.0 2.8947910967219965e-07
176.0 2.870313089762178e-07
177.0 2.845835082802359e-07
178.0 2.8213570758425416e-07
179.0 2.7968790688827235e-07
180.0 2.772401061922905e-07
181.0 2.7479230549630867e-07
182.0 2.723445048003268e-07
183.0 2.6989670410434505e-07
184.0 2.6744890340836313e-07
185.0 2.650595269659908e-07
186.0 2.6297111425769765e-07
187.0 2.6088270154940457e-07
188.0 2.5879428884111144e-07
189.0 2.5670587613281826e-07
190.0 2.546174634245251e-07
191.0 2.52529050716232e-07
192.0 2.5044063800793887e-07
193.0 2.4835222529964563e-07
194.0 2.4626381259135255e-07
195.0 2.441753998830595e-07
196.0 2.420869871747663e-07
197.0 2.3999857446647316e-07
198.0 2.3791016175817992e-07
199.0 2.358217490498869e-07
200.0 2.3411562337907132e-07
201.0 2.3244024408347575e-07
202.0 2.3076486478788006e-07
203.0 2.2908948549228446e-07
204.0 2.2741410619668887e-07
205.0 2.2573872690109328e-07
206.0 2.2406334760549764e-07
207.0 2.223879683099021e-07
208.0 2.2071258901430648e-07
209.0 2.1903720971871087e-07
210.0 2.1736183042311525e-07
211.0 2.1568645112751958e-07
212.0 2.1401107183192396e-07
213.0 2.1233569253632837e-07
214.0 2.1066031324073278e-07
215.0 2.0913766982281187e-07
216.0 2.0772030981123352e-07
217.0 2.0630294979965518e-07
218.0 2.048855897880768e-07
219.0 2.034682297764985e-07
220.0 2.0205086976492016e-07
221.0 2.0063350975334177e-07
222.0 1.9921614974176352e-07
223.0 1.9779878973018513e-07
224.0 1.963814297186068e-07
225.0 1.9496406970702844e-07
226.0 1.9354670969545008e-07
227.0 1.921293496838718e-07
228.0 1.9071198967229345e-07
229.0 1.8929462966071506e-07
230.0 1.8787726964913678e-07
231.0 1.8647611186647467e-07
232.0 1.8526838594056522e-07
233.0 1.8406066001465572e-07
234.0 1.828529340887462e-07
235.0 1.8164520816283668e-07
236.0 1.8043748223692723e-07
237.0 1.7922975631101773e-07
238.0 1.7802203038510825e-07
239.0 1.768143044591987e-07
240.0 1.7560657853328921e-07
241.0 1.743988526073797e-07
242.0 1.7319112668147023e-07
243.0 1.719834007555607e-07
244.0 1.7077567482965122e-07
245.0 1.6956794890374175e-07
246.0 1.6836022297783227e-07
247.0 1.6715249705192277e-07
248.0 1.6594477112601326e-07
249.0 1.6481091861862133e-07
250.0 1.6385741366156314e-07
251.0 1.6290390870450496e-07
252.0 1.619504037474468e-07
253.0 1.6099689879038857e-07
254.0 1.600433938333304e-07
255.0 1.5908988887627225e-07
256.0 1.5813638391921402e-07
257.0 1.571828789621559e-07
258.0 1.5622937400509768e-07
259.0 1.552758690480395e-07
260.0 1.5432236409098134e-07
261.0 1.5336885913392313e-07
262.0 1.5241535417686495e-07
263.0 1.5146184921980676e-07
264.0 1.5050834426274858e-07
265.0 1.4955483930569042e-07
266.0 1.486013343486322e-07
267.0 1.4764782939157403e-07
268.0 1.4671543220077776e-07
269.0 1.4591959445508053e-07
270.0 1.4512375670938328e-07
271.0 1.4432791896368602e-07
272.0 1.4353208121798882e-07
273.0 1.4273624347229157e-07
274.0 1.419404057265943e-07
275.0 1.4114456798089708e-07
276.0 1.4034873023519986e-07
277.0 1.395528924895026e-07
278.0 1.387570547438054e-07
279.0 1.3796121699810812e-07
280.0 1.3716537925241086e-07
281.0 1.3636954150671364e-07
282.0 1.355737037610164e-07
283.0 1.3477786601531918e-07
284.0 1.3398202826962193e-07
285.0 1.331861905239247e-07
286.0 1.3239035277822747e-07
287.0 1.3159451503253022e-07
288.0 1.3079867728683294e-07
289.0 1.3006499524732494e-07
290.0 1.2939306553260844e-07
291.0 1.28721135817892e-07
292.0 1.2804920610317543e-07
293.0 1.2737727638845898e-07
294.0 1.267053466737425e-07
295.0 1.26033416959026e-07
296.0 1.253614872443095e-07
297.0 1.2468955752959302e-07
298.0 1.2401762781487655e-07
299.0 1.2334569810016005e-07
300.0 1.2267376838544354e-07
301.0 1.2200183867072707e-07
302.0 1.213299089560106e-07
303.0 1.206579792412941e-07
304.0 1.1998604952657756e-07
305.0 1.193141198118611e-07
306.0 1.1864219009714462e-07
307.0 1.1797026038242813e-07
308.0 1.1729833066771163e-07
309.0 1.1662640095299511e-07
310.0 1.1595447123827864e-07
311.0 1.1532256241807263e-07
312.0 1.1479346652373083e-07
313.0 1.1426437062938901e-07
314.0 1.1373527473504723e-07
315.0 1.1320617884070538e-07
316.0 1.1267708294636359e-07
317.0 1.121479870520218e-07
318.0 1.1161889115768002e-07
319.0 1.1108979526333814e-07
320.0 1.1056069936899635e-07
321.0 1.1003160347465457e-07
322.0 1.0950250758031275e-07
323.0 1.0897341168597097e-07
324.0 1.0844431579162916e-07
325.0 1.0791521989728736e-07
326.0 1.0738612400294552e-07
327.0 1.0685702810860377e-07
328.0 1.0632793221426196e-07
329.0 1.0579883631992013e-07
330.0 1.0526974042557832e-07
331.0 1.0474064453123654e-07
332.0 1.0421154863689472e-07
333.0 1.0368245274255292e-07
334.0 1.0315335684821112e-07
335.0 1.0265792637879871e-07
336.0 1.0222580377279876e-07
337.0 1.0179368116679883e-07
338.0 1.0136155856079889e-07
339.0 1.0092943595479897e-07
340.0 1.0049731334879902e-07
341.0 1.0006519074279909e-07
342.0 9.963306813679914e-08
343.0 9.920094553079921e-08
344.0 9.876882292479926e-08
345.0 9.833670031879935e-08
346.0 9.79045777127994e-08
347.0 9.747245510679947e-08
348.0 9.704033250079955e-08
349.0 9.66082098947996e-08
350.0 9.617608728879967e-08
351.0 9.574396468279972e-08
352.0 9.531184207679981e-08
353.0 9.487971947079985e-08
354.0 9.444759686479993e-08
355.0 9.401547425880001e-08
356.0 9.358335165280006e-08
357.0 9.315122904680013e-08
358.0 9.27191064408002e-08
359.0 9.228698383480027e-08
360.0 9.185486122880031e-08
361.0 9.146063581661871e-08
362.0 9.10949176658037e-08
363.0 9.072919951498866e-08
364.0 9.03634813641736e-08
365.0 8.999776321335858e-08
366.0 8.963204506254352e-08
367.0 8.926632691172852e-08
368.0 8.890060876091347e-08
369.0 8.853489061009843e-08
370.0 8.816917245928338e-08
371.0 8.780345430846838e-08
372.0 8.74377361576533e-08
373.0 8.707201800683828e-08
374.0 8.670629985602324e-08
375.0 8.634058170520819e-08
376.0 8.597486355439317e-08
377.0 8.560914540357814e-08
378.0 8.52434272527631e-08
379.0 8.487770910194806e-08
380.0 8.451199095113302e-08
381.0 8.4146272800318e-08
382.0 8.378055464950294e-08
383.0 8.34148364986879e-08
384.0 8.304911834787288e-08
385.0 8.268340019705784e-08
386.0 8.23176820462428e-08
387.0 8.195196389542778e-08
388.0 8.158624574461273e-08
389.0 8.128444006261787e-08
390.0 8.099774081348204e-08
391.0 8.071104156434624e-08
392.0 8.04243423152104e-08
393.0 8.01376430660746e-08
394.0 7.985094381693879e-08
395.0 7.956424456780297e-08
396.0 7.927754531866716e-08
397.0 7.899084606953135e-08
398.0 7.870414682039554e-08
399.0 7.841744757125972e-08
400.0 7.81307483221239e-08
401.0 7.784404907298807e-08
402.0 7.755734982385228e-08
403.0 7.727065057471647e-08
404.0 7.698395132558064e-08
405.0 7.669725207644485e-08
406.0 7.641055282730902e-08
407.0 7.612385357817319e-08
408.0 7.58371543290374e-08
409.0 7.555045507990158e-08
410.0 7.526375583076576e-08
411.0 7.497705658162994e-08
412.0 7.469035733249414e-08
413.0 7.440365808335831e-08
414.0 7.411695883422251e-08
415.0 7.383025958508669e-08
416.0 7.354356033595087e-08
417.0 7.325686108681506e-08
418.0 7.297016183767924e-08
419.0 7.273565896545297e-08
420.0 7.25064065299462e-08
421.0 7.227715409443939e-08
422.0 7.204790165893261e-08
423.0 7.181864922342582e-08
424.0 7.158939678791905e-08
425.0 7.136014435241223e-08
426.0 7.113089191690545e-08
427.0 7.090163948139866e-08
428.0 7.067238704589187e-08
429.0 7.04431346103851e-08
430.0 7.021388217487831e-08
431.0 6.998462973937152e-08
432.0 6.975537730386473e-08
433.0 6.952612486835795e-08
434.0 6.929687243285116e-08
435.0 6.906761999734438e-08
436.0 6.883836756183758e-08
437.0 6.860911512633082e-08
438.0 6.837986269082401e-08
439.0 6.815061025531724e-08
440.0 6.792135781981042e-08
441.0 6.769210538430364e-08
442.0 6.746285294879687e-08
443.0 6.723360051329006e-08
444.0 6.700434807778329e-08
445.0 6.67750956422765e-08
446.0 6.654584320676971e-08
447.0 6.631659077126292e-08
448.0 6.608733833575614e-08
449.0 6.585808590024935e-08
450.0 6.562883346474255e-08
451.0 6.542368193745261e-08
452.0 6.52285990435045e-08
453.0 6.503351614955642e-08
454.0 6.483843325560831e-08
455.0 6.464335036166024e-08
456.0 6.444826746771214e-08
457.0 6.425318457376404e-08
458.0 6.405810167981595e-08
459.0 6.386301878586786e-08
460.0 6.366793589191976e-08
461.0 6.347285299797167e-08
462.0 6.327777010402358e-08
463.0 6.308268721007549e-08
464.0 6.288760431612738e-08
465.0 6.26925214221793e-08
466.0 6.249743852823121e-08
467.0 6.23023556342831e-08
468.0 6.210727274033502e-08
469.0 6.191218984638692e-08
470.0 6.171710695243885e-08
471.0 6.152202405849074e-08
472.0 6.132694116454265e-08
473.0 6.113185827059456e-08
474.0 6.093677537664646e-08
475.0 6.074169248269837e-08
476.0 6.054660958875027e-08
477.0 6.03515266948022e-08
478.0 6.015644380085409e-08
479.0 5.996136090690599e-08
480.0 5.976627801295792e-08
481.0 5.957119511900981e-08
482.0 5.9376112225061714e-08
483.0 5.918102933111363e-08
484.0 5.8985946437165535e-08
485.0 5.879177751439723e-08
486.0 5.863896377866553e-08
487.0 5.848615004293384e-08
488.0 5.833333630720214e-08
489.0 5.818052257147042e-08
490.0 5.802770883573873e-08
491.0 5.787489510000704e-08
492.0 5.772208136427534e-08
493.0 5.756926762854364e-08
494.0 5.741645389281193e-08
495.0 5.726364015708024e-08
496.0 5.711082642134854e-08
497.0 5.695801268561683e-08
498.0 5.6805198949885136e-08
499.0 5.6652385214153444e-08
500.0 5.6499571478421753e-08
501.0 5.634675774269005e-08
502.0 5.619394400695834e-08
503.0 5.604113027122665e-08
504.0 5.588831653549494e-08
505.0 5.5735502799763225e-08
506.0 5.5582689064031554e-08
507.0 5.5429875328299836e-08
508.0 5.527706159256813e-08
509.0 5.512424785683644e-08
510.0 5.497143412110475e-08
511.0 5.4818620385373045e-08
512.0 5.4665806649641354e-08
513.0 5.4512992913909643e-08
514.0 5.436017917817794e-08
515.0 5.420736544244625e-08
516.0 5.405455170671455e-08
517.0 5.3901737970982846e-08
518.0 5.374892423525115e-08
519.0 5.3596110499519444e-08
520.0 5.3443296763787746e-08
521.0 5.329048302805605e-08
522.0 5.3137669292324344e-08
523.0 5.3006499115427405e-08
524.0 5.288616285081205e-08
525.0 5.2765826586196697e-08
526.0 5.2645490321581336e-08
527.0 5.2525154056965975e-08
528.0 5.240481779235063e-08
529.0 5.2284481527735266e-08
530.0 5.21641452631199e-08
531.0 5.204380899850455e-08
532.0 5.192347273388919e-08
533.0 5.180313646927383e-08
534.0 5.168280020465848e-08
535.0 5.156246394004312e-08
536.0 5.144212767542776e-08
537.0 5.13217914108124e-08
538.0 5.1201455146197045e-08
539.0 5.108111888158169e-08
540.0 5.096078261696633e-08
541.0 5.0840446352350976e-08
542.0 5.072011008773562e-08
543.0 5.059977382312026e-08
544.0 5.047943755850491e-08
545.0 5.035910129388955e-08
546.0 5.023876502927419e-08
547.0 5.0118428764658824e-08
548.0 4.999809250004348e-08
549.0 4.987775623542812e-08
550.0 4.9757419970812755e-08
551.0 4.963708370619741e-08
552.0 4.9516747441582047e-08
553.0 4.9396411176966686e-08
554.0 4.927607491235134e-08
555.0 4.915573864773598e-08
556.0 4.9035402383120617e-08
557.0 4.8915066118505256e-08
558.0 4.879472985388991e-08
559.0 4.867439358927455e-08
560.0 4.8554057324659186e-08
561.0 4.843372106004383e-08
562.0 4.831338479542848e-08
563.0 4.8200847910242784e-08
564.0 4.8098484739564795e-08
565.0 4.79961215688868e-08
566.0 4.789375839820881e-08
567.0 4.7791395227530815e-08
568.0 4.768903205685282e-08
569.0 4.758666888617483e-08
570.0 4.7484305715496835e-08
571.0 4.7381942544818846e-08
572.0 4.727957937414085e-08
573.0 4.717721620346287e-08
574.0 4.707485303278488e-08
575.0 4.6972489862106884e-08
576.0 4.6870126691428895e-08
577.0 4.6767763520750906e-08
578.0 4.6665400350072917e-08
579.0 4.6563037179394914e-08
580.0 4.6460674008716925e-08
581.0 4.6358310838038937e-08
582.0 4.6255947667360954e-08
583.0 4.6153584496682945e-08
584.0 4.6051221326004956e-08
585.0 4.594885815532697e-08
586.0 4.584649498464897e-08
587.0 4.574413181397098e-08
588.0 4.5641768643293e-08
589.0 4.553940547261499e-08
590.0 4.5437042301937e-08
591.0 4.533467913125902e-08
592.0 4.5232315960581025e-08
593.0 4.512995278990302e-08
594.0 4.5027589619225033e-08
595.0 4.4925226448547045e-08
596.0 4.4822863277869056e-08
597.0 4.472050010719106e-08
598.0 4.461813693651308e-08
599.0 4.451577376583509e-08
600.0 4.4413410595157086e-08
601.0 4.43110474244791e-08
602.0 4.4208684253801115e-08
603.0 4.4106321083123106e-08
604.0 4.400395791244512e-08
605.0 4.390159474176713e-08
606.0 4.3801402980192064e-08
607.0 4.372020518513528e-08
608.0 4.3639007390078475e-08
609.0 4.355780959502169e-08
610.0 4.34766117999649e-08
611.0 4.33954140049081e-08
612.0 4.3314216209851304e-08
613.0 4.3233018414794516e-08
614.0 4.3151820619737715e-08
615.0 4.307062282468092e-08
616.0 4.2989425029624125e-08
617.0 4.290822723456734e-08
618.0 4.2827029439510536e-08
619.0 4.274583164445375e-08
620.0 4.2664633849396954e-08
621.0 4.258343605434015e-08
622.0 4.2502238259283365e-08
623.0 4.242104046422657e-08
624.0 4.233984266916977e-08
625.0 4.225864487411298e-08
626.0 4.2177447079056194e-08
627.0 4.2096249283999386e-08
628.0 4.20150514889426e-08
629.0 4.193385369388581e-08
630.0 4.1852655898829015e-08
631.0 4.1771458103772214e-08
632.0 4.169026030871543e-08
633.0 4.160906251365863e-08
634.0 4.152786471860183e-08
635.0 4.144666692354504e-08
636.0 4.136546912848825e-08
637.0 4.128427133343145e-08
638.0 4.120307353837466e-08
639.0 4.1121875743317865e-08
640.0 4.104067794826107e-08
641.0 4.0959480153204276e-08
642.0 4.087828235814748e-08
643.0 4.079708456309069e-08
644.0 4.071588676803389e-08
645.0 4.06346889729771e-08
646.0 4.05534911779203e-08
647.0 4.047229338286351e-08
648.0 4.039109558780672e-08
649.0 4.0309897792749926e-08
650.0 4.0228699997693125e-08
651.0 4.014750220263634e-08
652.0 4.006630440757954e-08
653.0 3.99926579828473e-08
654.0 3.992887319445915e-08
655.0 3.9865088406071e-08
656.0 3.980130361768284e-08
657.0 3.973751882929468e-08
658.0 3.9673734040906526e-08
659.0 3.960994925251837e-08
660.0 3.954616446413021e-08
661.0 3.9482379675742054e-08
662.0 3.94185948873539e-08
663.0 3.9354810098965744e-08
664.0 3.929102531057758e-08
665.0 3.922724052218943e-08
666.0 3.916345573380127e-08
667.0 3.909967094541311e-08
668.0 3.9035886157024956e-08
669.0 3.89721013686368e-08
670.0 3.890831658024864e-08
671.0 3.884453179186048e-08
672.0 3.878074700347233e-08
673.0 3.871696221508417e-08
674.0 3.865317742669602e-08
675.0 3.858939263830786e-08
676.0 3.852560784991971e-08
677.0 3.846182306153155e-08
678.0 3.839803827314339e-08
679.0 3.833425348475524e-08
680.0 3.827046869636708e-08
681.0 3.820668390797892e-08
682.0 3.814289911959076e-08
683.0 3.807911433120261e-08
684.0 3.801532954281445e-08
685.0 3.7951544754426294e-08
686.0 3.788775996603814e-08
687.0 3.7823975177649984e-08
688.0 3.776019038926182e-08
689.0 3.769640560087367e-08
690.0 3.7632620812485506e-08
691.0 3.756883602409735e-08
692.0 3.750505123570919e-08
693.0 3.744126644732105e-08
694.0 3.737748165893288e-08
695.0 3.731369687054473e-08
696.0 3.7249912082156575e-08
697.0 3.7186127293768414e-08
698.0 3.712234250538026e-08
699.0 3.70585577169921e-08
700.0 3.699477292860395e-08
701.0 3.693098814021579e-08
702.0 3.686720335182763e-08
703.0 3.6805080702462466e-08
704.0 3.675106843595919e-08
705.0 3.66970561694559e-08
706.0 3.6643043902952636e-08
707.0 3.658903163644936e-08
708.0 3.653501936994608e-08
709.0 3.64810071034428e-08
710.0 3.642699483693952e-08
711.0 3.637298257043625e-08
712.0 3.631897030393297e-08
713.0 3.626495803742969e-08
714.0 3.621094577092641e-08
715.0 3.6156933504423134e-08
716.0 3.6102921237919856e-08
717.0 3.6048908971416584e-08
718.0 3.59948967049133e-08
719.0 3.594088443841002e-08
720.0 3.588687217190675e-08
721.0 3.583285990540347e-08
722.0 3.5778847638900183e-08
723.0 3.572483537239691e-08
724.0 3.567082310589364e-08
725.0 3.561681083939036e-08
726.0 3.5562798572887075e-08
727.0 3.55087863063838e-08
728.0 3.5454774039880524e-08
729.0 3.540076177337724e-08
730.0 3.5346749506873973e-08
731.0 3.529273724037069e-08
732.0 3.5238724973867416e-08
733.0 3.518471270736414e-08
734.0 3.513070044086086e-08
735.0 3.507668817435758e-08
736.0 3.50226759078543e-08
737.0 3.496866364135102e-08
738.0 3.491465137484775e-08
739.0 3.486063910834446e-08
740.0 3.480662684184119e-08
741.0 3.4752614575337914e-08
742.0 3.4698602308834636e-08
743.0 3.4644590042331363e-08
744.0 3.459057777582807e-08
745.0 3.45365655093248e-08
746.0 3.448255324282152e-08
747.0 3.442854097631825e-08
748.0 3.437452870981497e-08
749.0 3.432051644331169e-08
750.0 3.426650417680841e-08
751.0 3.4212491910305134e-08
752.0 3.4158479643801855e-08
753.0 3.410446737729858e-08
754.0 3.4050455110795304e-08
755.0 3.3996442844292025e-08
756.0 3.3942430577788753e-08
757.0 3.3888774017543714e-08
758.0 3.384493136918807e-08
759.0 3.380108872083243e-08
760.0 3.3757246072476786e-08
761.0 3.3713403424121134e-08
762.0 3.36695607757655e-08
763.0 3.362571812740986e-08
764.0 3.358187547905421e-08
765.0 3.353803283069857e-08
766.0 3.349419018234292e-08
767.0 3.345034753398729e-08
768.0 3.340650488563164e-08
769.0 3.3362662237276e-08
770.0 3.3318819588920357e-08
771.0 3.327497694056472e-08
772.0 3.3231134292209073e-08
773.0 3.318729164385343e-08
774.0 3.3143448995497784e-08
775.0 3.309960634714215e-08
776.0 3.30557636987865e-08
777.0 3.301192105043086e-08
778.0 3.296807840207522e-08
779.0 3.292423575371957e-08
780.0 3.2880393105363934e-08
781.0 3.2836550457008296e-08
782.0 3.279270780865265e-08
783.0 3.2748865160297006e-08
784.0 3.270502251194136e-08
785.0 3.266117986358572e-08
786.0 3.2617337215230084e-08
787.0 3.257349456687443e-08
788.0 3.2529651918518794e-08
789.0 3.248580927016315e-08
790.0 3.244196662180751e-08
791.0 3.2398123973451866e-08
792.0 3.235428132509622e-08
793.0 3.231043867674058e-08
794.0 3.2266596028384945e-08
795.0 3.2222753380029293e-08
796.0 3.217891073167365e-08
797.0 3.213506808331802e-08
798.0 3.209122543496237e-08
799.0 3.204738278660673e-08
800.0 3.200354013825108e-08
801.0 3.195969748989544e-08
802.0 3.19158548415398e-08
803.0 3.1872012193184154e-08
804.0 3.1828169544828516e-08
805.0 3.1784326896472864e-08
806.0 3.1740484248117226e-08
807.0 3.169664159976159e-08
808.0 3.165279895140594e-08
809.0 3.1608956303050304e-08
810.0 3.156511365469465e-08
811.0 3.1521271006339014e-08
812.0 3.1477428357983376e-08
813.0 3.143358570962773e-08
814.0 3.138974306127209e-08
815.0 3.134590041291644e-08
816.0 3.130886609529824e-08
817.0 3.127434809215774e-08
818.0 3.123983008901725e-08
819.0 3.120531208587675e-08
820.0 3.117079408273626e-08
821.0 3.113627607959577e-08
822.0 3.110175807645527e-08
823.0 3.106724007331477e-08
824.0 3.103272207017428e-08
825.0 3.099820406703378e-08
826.0 3.096368606389329e-08
827.0 3.092916806075279e-08
828.0 3.089465005761229e-08
829.0 3.0860132054471804e-08
830.0 3.0825614051331305e-08
831.0 3.079109604819081e-08
832.0 3.075657804505032e-08
833.0 3.0722060041909815e-08
834.0 3.068754203876932e-08
835.0 3.065302403562883e-08
836.0 3.061850603248833e-08
837.0 3.058398802934783e-08
838.0 3.054947002620735e-08
839.0 3.051495202306685e-08
840.0 3.0480434019926356e-08
841.0 3.0445916016785863e-08
842.0 3.041139801364536e-08
843.0 3.037688001050487e-08
844.0 3.034236200736438e-08
845.0 3.0307844004223874e-08
846.0 3.027332600108339e-08
847.0 3.023880799794288e-08
848.0 3.0204289994802384e-08
849.0 3.01697719916619e-08
850.0 3.0135253988521406e-08
851.0 3.01007359853809e-08
852.0 3.0066217982240415e-08
853.0 3.0031699979099916e-08
854.0 2.9997181975959424e-08
855.0 2.996266397281893e-08
856.0 2.992814596967843e-08
857.0 2.9893627966537934e-08
858.0 2.985910996339744e-08
859.0 2.982459196025694e-08
860.0 2.979007395711645e-08
861.0 2.9755555953975958e-08
862.0 2.9721037950835456e-08
863.0 2.9686519947694967e-08
864.0 2.965200194455447e-08
865.0 2.961748394141398e-08
866.0 2.9582965938273483e-08
867.0 2.954844793513298e-08
868.0 2.9513929931992482e-08
869.0 2.9479411928851993e-08
870.0 2.9444893925711497e-08
871.0 2.9410375922571e-08
872.0 2.937585791943051e-08
873.0 2.9341339916290014e-08
874.0 2.930682191314952e-08
875.0 2.9272303910009026e-08
876.0 2.9237785906868524e-08
877.0 2.920326790372803e-08
878.0 2.9168749900587536e-08
879.0 2.91387531759266e-08
880.0 2.910907381393207e-08
881.0 2.9079394451937538e-08
882.0 2.904971508994301e-08
883.0 2.9020035727948475e-08
884.0 2.899035636595395e-08
885.0 2.8960677003959426e-08
886.0 2.8930997641964886e-08
887.0 2.8901318279970363e-08
888.0 2.887163891797583e-08
889.0 2.8841959555981307e-08
890.0 2.8812280193986768e-08
891.0 2.8782600831992245e-08
892.0 2.875292146999772e-08
893.0 2.8723242108003182e-08
894.0 2.8693562746008656e-08
895.0 2.8663883384014126e-08
896.0 2.86342040220196e-08
897.0 2.860452466002507e-08
898.0 2.8574845298030537e-08
899.0 2.854516593603601e-08
900.0 2.8515486574041475e-08
901.0 2.8485807212046952e-08
902.0 2.8456127850052425e-08
903.0 2.842644848805789e-08
904.0 2.8396769126063363e-08
905.0 2.836708976406883e-08
906.0 2.8337410402074307e-08
907.0 2.8307731040079767e-08
908.0 2.8278051678085244e-08
909.0 2.8248372316090718e-08
910.0 2.8218692954096182e-08
911.0 2.8189013592101656e-08
912.0 2.8159334230107133e-08
913.0 2.81296548681126e-08
914.0 2.809997550611807e-08
915.0 2.8070296144123537e-08
916.0 2.8040616782129014e-08
917.0 2.801093742013448e-08
918.0 2.7981258058139945e-08
919.0 2.7951578696145425e-08
920.0 2.792189933415089e-08
921.0 2.7892219972156363e-08
922.0 2.7862540610161836e-08
923.0 2.7832861248167307e-08
924.0 2.780318188617277e-08
925.0 2.7773502524178244e-08
926.0 2.7743823162183718e-08
927.0 2.771414380018918e-08
928.0 2.7684464438194655e-08
929.0 2.7654785076200132e-08
930.0 2.76251057142056e-08
931.0 2.759542635221107e-08
932.0 2.7565746990216543e-08
933.0 2.753606762822201e-08
934.0 2.7506388266227478e-08
935.0 2.747670890423295e-08
936.0 2.7447029542238418e-08
937.0 2.7417350180243892e-08
938.0 2.7387670818249362e-08
939.0 2.7357991456254833e-08
940.0 2.7328312094260303e-08
941.0 2.7298632732265773e-08
942.0 2.7268953370271244e-08
943.0 2.7239274008276718e-08
944.0 2.720959464628219e-08
945.0 2.7179915284287655e-08
946.0 2.7151728534189673e-08
947.0 2.7126993731976058e-08
948.0 2.710225892976245e-08
949.0 2.7077524127548835e-08
950.0 2.7052789325335223e-08
951.0 2.7028054523121612e-08
952.0 2.7003319720908e-08
953.0 2.697858491869439e-08
954.0 2.6953850116480778e-08
955.0 2.6929115314267163e-08
956.0 2.690438051205355e-08
957.0 2.6879645709839946e-08
958.0 2.6854910907626328e-08
959.0 2.683017610541272e-08
960.0 2.6805441303199105e-08
961.0 2.6780706500985497e-08
962.0 2.675597169877188e-08
963.0 2.6731236896558274e-08
964.0 2.6706502094344656e-08
965.0 2.6681767292131048e-08
966.0 2.6657032489917433e-08
967.0 2.6632297687703825e-08
968.0 2.660756288549021e-08
969.0 2.6582828083276602e-08
970.0 2.655809328106299e-08
971.0 2.653335847884938e-08
972.0 2.6508623676635764e-08
973.0 2.6483888874422156e-08
974.0 2.645915407220854e-08
975.0 2.643441926999493e-08
976.0 2.640968446778132e-08
977.0 2.6384949665567707e-08
978.0 2.6360214863354095e-08
979.0 2.6335480061140484e-08
980.0 2.631074525892687e-08
981.0 2.628601045671326e-08
982.0 2.6261275654499646e-08
983.0 2.6236540852286035e-08
984.0 2.6211806050072423e-08
985.0 2.618707124785881e-08
986.0 2.61623364456452e-08
987.0 2.6137601643431586e-08
988.0 2.611286684121798e-08
989.0 2.6088132039004363e-08
990.0 2.6063397236790754e-08
991.0 2.603866243457714e-08
992.0 2.601392763236353e-08
993.0 2.5989192830149917e-08
994.0 2.596445802793631e-08
995.0 2.593972322572269e-08
996.0 2.5914988423509086e-08
997.0 2.5890253621295467e-08
998.0 2.586551881908186e-08
999.0 2.5840784016868248e-08
1000.0 2.5816049214654636e-08
1001.0 2.5791314412441025e-08
1002.0 2.5766579610227417e-08
1003.0 2.5741844808013802e-08
1004.0 2.571711000580019e-08
1005.0 2.5692375203586576e-08
1006.0 2.5667640401372967e-08
1007.0 2.5642905599159353e-08
1008.0 2.561817079694574e-08
1009.0 2.559343599473213e-08
1010.0 2.5568701192518515e-08
1011.0 2.5543966390304907e-08
1012.0 2.5519231588091292e-08
1013.0 2.5494496785877684e-08
1014.0 2.546976198366407e-08
1015.0 2.5445027181450458e-08
1016.0 2.5420292379236846e-08
1017.0 2.5395557577023235e-08
1018.0 2.5370822774809623e-08
1019.0 2.534830679227199e-08
1020.0 2.5328395854483165e-08
1021.0 2.5308484916694343e-08
1022.0 2.5288573978905517e-08
1023.0 2.5268663041116694e-08
1024.0 2.5248752103327865e-08
1025.0 2.5228841165539033e-08
1026.0 2.5208930227750214e-08
1027.0 2.5189019289961388e-08
1028.0 2.5169108352172563e-08
1029.0 2.5149197414383737e-08
1030.0 2.512928647659491e-08
1031.0 2.5109375538806086e-08
1032.0 2.5089464601017263e-08
1033.0 2.5069553663228434e-08
1034.0 2.5049642725439605e-08
1035.0 2.5029731787650786e-08
1036.0 2.5009820849861957e-08
1037.0 2.4989909912073135e-08
1038.0 2.496999897428431e-08
1039.0 2.4950088036495483e-08
1040.0 2.4930177098706654e-08
1041.0 2.4910266160917832e-08
1042.0 2.4890355223129006e-08
1043.0 2.4870444285340177e-08
1044.0 2.485053334755135e-08
1045.0 2.4830622409762532e-08
1046.0 2.48107114719737e-08
1047.0 2.4790800534184878e-08
1048.0 2.4770889596396055e-08
1049.0 2.4750978658607226e-08
1050.0 2.4731067720818397e-08
1051.0 2.4711156783029578e-08
1052.0 2.4691245845240752e-08
1053.0 2.4671334907451923e-08
1054.0 2.46514239696631e-08
1055.0 2.4631513031874275e-08
1056.0 2.4611602094085446e-08
1057.0 2.459169115629662e-08
1058.0 2.4571780218507798e-08
1059.0 2.4551869280718976e-08
1060.0 2.4531958342930144e-08
1061.0 2.4512047405141318e-08
1062.0 2.4492136467352495e-08
1063.0 2.4472225529563673e-08
1064.0 2.445231459177484e-08
1065.0 2.443240365398602e-08
1066.0 2.4412492716197193e-08
1067.0 2.439258177840837e-08
1068.0 2.4372670840619545e-08
1069.0 2.4352759902830716e-08
1070.0 2.4332848965041893e-08
1071.0 2.4312938027253068e-08
1072.0 2.429302708946424e-08
1073.0 2.4273116151675413e-08
1074.0 2.4253205213886587e-08
1075.0 2.423329427609776e-08
1076.0 2.421338333830894e-08
1077.0 2.419347240052011e-08
1078.0 2.4173561462731284e-08
1079.0 2.415365052494246e-08
1080.0 2.4133739587153636e-08
1081.0 2.411382864936481e-08
1082.0 2.4093917711575985e-08
1083.0 2.4074006773787156e-08
1084.0 2.4054095835998333e-08
1085.0 2.4034184898209508e-08
1086.0 2.4014273960420682e-08
1087.0 2.3994363022631856e-08
1088.0 2.3974452084843027e-08
1089.0 2.3954541147054205e-08
1090.0 2.393463020926538e-08
1091.0 2.391471927147655e-08
1092.0 2.389480833368773e-08
1093.0 2.3874897395898905e-08
1094.0 2.3854986458110076e-08
1095.0 2.3835075520321254e-08
1096.0 2.381516458253243e-08
1097.0 2.379527139454213e-08
1098.0 2.3777741162613855e-08
1099.0 2.3760210930685583e-08
1100.0 2.3742680698757302e-08
1101.0 2.3725150466829034e-08
1102.0 2.3707620234900756e-08
1103.0 2.3690090002972488e-08
1104.0 2.3672559771044207e-08
1105.0 2.3655029539115935e-08
1106.0 2.3637499307187667e-08
1107.0 2.361996907525939e-08
1108.0 2.3602438843331115e-08
1109.0 2.358490861140284e-08
1110.0 2.356737837947457e-08
1111.0 2.3549848147546294e-08
1112.0 2.353231791561802e-08
1113.0 2.3514787683689745e-08
1114.0 2.3497257451761473e-08
1115.0 2.3479727219833195e-08
1116.0 2.3462196987904924e-08
1117.0 2.3444666755976646e-08
1118.0 2.3427136524048378e-08
1119.0 2.3409606292120103e-08
1120.0 2.339207606019183e-08
1121.0 2.337454582826355e-08
1122.0 2.335701559633528e-08
1123.0 2.3339485364407005e-08
1124.0 2.3321955132478733e-08
1125.0 2.330442490055046e-08
1126.0 2.3286894668622177e-08
1127.0 2.3269364436693912e-08
1128.0 2.3251834204765638e-08
1129.0 2.3234303972837363e-08
1130.0 2.321677374090909e-08
1131.0 2.3199243508980817e-08
1132.0 2.318171327705254e-08
1133.0 2.3164183045124268e-08
1134.0 2.314665281319599e-08
1135.0 2.3129122581267722e-08
1136.0 2.3111592349339444e-08
1137.0 2.3094062117411172e-08
1138.0 2.3076531885482894e-08
1139.0 2.3059001653554623e-08
1140.0 2.3041471421626348e-08
1141.0 2.3023941189698074e-08
1142.0 2.3006410957769802e-08
1143.0 2.2988880725841524e-08
1144.0 2.2971350493913256e-08
1145.0 2.2953820261984978e-08
1146.0 2.2936290030056707e-08
1147.0 2.2918759798128432e-08
1148.0 2.290122956620016e-08
1149.0 2.288369933427188e-08
1150.0 2.286616910234361e-08
1151.0 2.2848638870415334e-08
1152.0 2.2831108638487065e-08
1153.0 2.2813578406558784e-08
1154.0 2.2796048174630516e-08
1155.0 2.277851794270224e-08
1156.0 2.2760987710773967e-08
1157.0 2.274345747884569e-08
1158.0 2.2725927246917417e-08
1159.0 2.2708397014989146e-08
1160.0 2.2690866783060868e-08
1161.0 2.2673336551132597e-08
1162.0 2.2655806319204322e-08
1163.0 2.263827608727605e-08
1164.0 2.2620745855347776e-08
1165.0 2.2603215623419508e-08
1166.0 2.2585685391491223e-08
1167.0 2.2568155159562955e-08
1168.0 2.2550624927634677e-08
1169.0 2.2533094695706406e-08
1170.0 2.2515564463778128e-08
1171.0 2.249803423184986e-08
1172.0 2.2480503999921582e-08
1173.0 2.2462973767993307e-08
1174.0 2.2445443536065033e-08
1175.0 2.242791330413676e-08
1176.0 2.241038307220849e-08
1177.0 2.2392852840280212e-08
1178.0 2.2375322608351937e-08
1179.0 2.2357792376423666e-08
1180.0 2.2340262144495394e-08
1181.0 2.2322731912567117e-08
1182.0 2.2306440595514897e-08
1183.0 2.2291329266055507e-08
1184.0 2.2276217936596113e-08
1185.0 2.2261106607136723e-08
1186.0 2.2245995277677326e-08
1187.0 2.2230883948217936e-08
1188.0 2.2215772618758546e-08
1189.0 2.2200661289299156e-08
1190.0 2.2185549959839762e-08
1191.0 2.2170438630380372e-08
1192.0 2.2155327300920982e-08
1193.0 2.214021597146159e-08
1194.0 2.212510464200219e-08
1195.0 2.2109993312542808e-08
1196.0 2.209488198308341e-08
1197.0 2.207977065362402e-08
1198.0 2.206465932416463e-08
1199.0 2.2049547994705237e-08
1200.0 2.2034436665245847e-08
1201.0 2.2019325335786453e-08
1202.0 2.200421400632707e-08
1203.0 2.1989102676867673e-08
1204.0 2.197399134740828e-08
1205.0 2.195888001794889e-08
1206.0 2.1943768688489496e-08
1207.0 2.1928657359030106e-08
1208.0 2.1913546029570715e-08
1209.0 2.1898434700111322e-08
1210.0 2.188332337065193e-08
1211.0 2.1868212041192535e-08
1212.0 2.1853100711733145e-08
1213.0 2.1837989382273754e-08
1214.0 2.1822878052814364e-08
1215.0 2.180776672335497e-08
1216.0 2.179265539389558e-08
1217.0 2.177754406443619e-08
1218.0 2.1762432734976797e-08
1219.0 2.1747321405517403e-08
1220.0 2.1732210076058016e-08
1221.0 2.171709874659862e-08
1222.0 2.170198741713923e-08
1223.0 2.168687608767984e-08
1224.0 2.1671764758220446e-08
1225.0 2.1656653428761055e-08
1226.0 2.1641542099301662e-08
1227.0 2.1626430769842275e-08
1228.0 2.161131944038288e-08
1229.0 2.1596208110923488e-08
1230.0 2.1581096781464094e-08
1231.0 2.1565985452004704e-08
1232.0 2.1550874122545314e-08
1233.0 2.1535762793085924e-08
1234.0 2.1520651463626534e-08
1235.0 2.150554013416714e-08
1236.0 2.1490428804707746e-08
1237.0 2.1475317475248353e-08
1238.0 2.1460206145788966e-08
1239.0 2.1445094816329573e-08
1240.0 2.1429983486870176e-08
1241.0 2.141487215741079e-08
1242.0 2.13997608279514e-08
1243.0 2.1384649498492005e-08
1244.0 2.1369538169032618e-08
1245.0 2.1354426839573225e-08
1246.0 2.133931551011383e-08
1247.0 2.132420418065444e-08
1248.0 2.1309092851195047e-08
1249.0 2.1293981521735654e-08
1250.0 2.1278870192276264e-08
1251.0 2.1263758862816877e-08
1252.0 2.1248647533357483e-08
1253.0 2.123353620389809e-08
1254.0 2.1218424874438696e-08
1255.0 2.1203313544979303e-08
1256.0 2.1188202215519916e-08
1257.0 2.1173090886060522e-08
1258.0 2.1157979556601132e-08
1259.0 2.1142868227141745e-08
1260.0 2.112775689768235e-08
1261.0 2.1112645568222955e-08
1262.0 2.109753423876356e-08
1263.0 2.1082422909304174e-08
1264.0 2.106731157984478e-08
1265.0 2.1052200250385394e-08
1266.0 2.1037088920925997e-08
1267.0 2.1021977591466607e-08
1268.0 2.1006866262007213e-08
1269.0 2.0991754932547827e-08
1270.0 2.0976643603088433e-08
1271.0 2.096153227362904e-08
1272.0 2.0946420944169646e-08
1273.0 2.0932532341860637e-08
1274.0 2.0919824637613833e-08
1275.0 2.0907116933367036e-08
1276.0 2.0894409229120235e-08
1277.0 2.0881701524873434e-08
1278.0 2.0868993820626636e-08
1279.0 2.0856286116379832e-08
1280.0 2.0843578412133028e-08
1281.0 2.0830870707886234e-08
1282.0 2.081816300363943e-08
1283.0 2.0805455299392626e-08
1284.0 2.079274759514583e-08
1285.0 2.078003989089903e-08
1286.0 2.0767332186652223e-08
1287.0 2.0754624482405426e-08
1288.0 2.0741916778158628e-08
1289.0 2.0729209073911827e-08
1290.0 2.0716501369665023e-08
1291.0 2.0703793665418226e-08
1292.0 2.0691085961171425e-08
1293.0 2.067837825692462e-08
1294.0 2.066567055267782e-08
1295.0 2.0652962848431022e-08
1296.0 2.0640255144184218e-08
1297.0 2.0627547439937417e-08
1298.0 2.0614839735690616e-08
1299.0 2.0602132031443816e-08
1300.0 2.0589424327197018e-08
1301.0 2.0576716622950214e-08
1302.0 2.056400891870341e-08
1303.0 2.0551301214456616e-08
1304.0 2.053859351020981e-08
1305.0 2.052588580596301e-08
1306.0 2.0513178101716213e-08
1307.0 2.0500470397469412e-08
1308.0 2.048776269322261e-08
1309.0 2.047505498897581e-08
1310.0 2.046234728472901e-08
1311.0 2.044963958048221e-08
1312.0 2.0436931876235408e-08
1313.0 2.0424224171988607e-08
1314.0 2.0411516467741806e-08
1315.0 2.0398808763495006e-08
1316.0 2.0386101059248205e-08
1317.0 2.0373393355001404e-08
1318.0 2.036068565075461e-08
1319.0 2.0347977946507802e-08
1320.0 2.0335270242260998e-08
1321.0 2.0322562538014204e-08
1322.0 2.0309854833767403e-08
1323.0 2.0297147129520596e-08
1324.0 2.02844394252738e-08
1325.0 2.0271731721027e-08
1326.0 2.0259024016780203e-08
1327.0 2.0246316312533396e-08
1328.0 2.0233608608286598e-08
1329.0 2.0220900904039797e-08
1330.0 2.0208193199792993e-08
1331.0 2.0195485495546196e-08
1332.0 2.018277779129939e-08
1333.0 2.017007008705259e-08
1334.0 2.0157362382805793e-08
1335.0 2.014465467855899e-08
1336.0 2.013194697431219e-08
1337.0 2.011923927006539e-08
1338.0 2.0106531565818587e-08
1339.0 2.009382386157179e-08
1340.0 2.0081116157324985e-08
1341.0 2.0068408453078184e-08
1342.0 2.0055700748831386e-08
1343.0 2.0042993044584586e-08
1344.0 2.0030285340337788e-08
1345.0 2.0017577636090984e-08
1346.0 2.0004869931844183e-08
1347.0 1.9992162227597386e-08
1348.0 1.997945452335058e-08
1349.0 1.9966746819103784e-08
1350.0 1.995403911485698e-08
1351.0 1.994133141061018e-08
1352.0 1.9928623706363385e-08
1353.0 1.9915916002116577e-08
1354.0 1.9903208297869776e-08
1355.0 1.989050059362298e-08
1356.0 1.987779288937617e-08
1357.0 1.986508518512938e-08
1358.0 1.9852377480882576e-08
1359.0 1.9839669776635776e-08
1360.0 1.9826962072388975e-08
1361.0 1.9814254368142174e-08
1362.0 1.9801546663895376e-08
1363.0 1.9788838959648572e-08
1364.0 1.977613125540177e-08
1365.0 1.976342355115497e-08
1366.0 1.9750715846908167e-08
1367.0 1.973800814266137e-08
1368.0 1.9725300438414568e-08
1369.0 1.9712592734167764e-08
1370.0 1.9699885029920963e-08
1371.0 1.9687811920739898e-08
1372.0 1.967638434745898e-08
1373.0 1.966495677417806e-08
1374.0 1.9653529200897138e-08
1375.0 1.964210162761622e-08
1376.0 1.9630674054335298e-08
1377.0 1.9619246481054377e-08
1378.0 1.960781890777346e-08
1379.0 1.9596391334492544e-08
1380.0 1.9584963761211623e-08
1381.0 1.9573536187930702e-08
1382.0 1.956210861464978e-08
1383.0 1.9550681041368863e-08
1384.0 1.953925346808794e-08
1385.0 1.952782589480702e-08
1386.0 1.95163983215261e-08
1387.0 1.9504970748245184e-08
1388.0 1.949354317496426e-08
1389.0 1.9482115601683345e-08
1390.0 1.9470688028402423e-08
1391.0 1.9459260455121502e-08
1392.0 1.9447832881840584e-08
1393.0 1.9436405308559663e-08
1394.0 1.9424977735278742e-08
1395.0 1.9413550161997824e-08
1396.0 1.9402122588716902e-08
1397.0 1.939069501543598e-08
1398.0 1.9379267442155063e-08
1399.0 1.9367839868874142e-08
1400.0 1.9356412295593224e-08
1401.0 1.9344984722312303e-08
1402.0 1.933355714903138e-08
1403.0 1.932212957575046e-08
1404.0 1.9310702002469542e-08
1405.0 1.9299274429188624e-08
1406.0 1.92878468559077e-08
1407.0 1.9276419282626785e-08
1408.0 1.9264991709345867e-08
1409.0 1.9253564136064946e-08
1410.0 1.9242136562784024e-08
1411.0 1.9230708989503103e-08
1412.0 1.9219281416222185e-08
1413.0 1.9207853842941264e-08
1414.0 1.9196426269660342e-08
1415.0 1.918499869637942e-08
1416.0 1.9173571123098507e-08
1417.0 1.9162143549817585e-08
1418.0 1.9150715976536667e-08
1419.0 1.9139288403255746e-08
1420.0 1.9127860829974825e-08
1421.0 1.9116433256693907e-08
1422.0 1.9105005683412985e-08
1423.0 1.9093578110132064e-08
1424.0 1.9082150536851143e-08
1425.0 1.907072296357023e-08
1426.0 1.9059295390289307e-08
1427.0 1.904786781700839e-08
1428.0 1.9036440243727468e-08
1429.0 1.902501267044655e-08
1430.0 1.901358509716563e-08
1431.0 1.9002157523884704e-08
1432.0 1.8990729950603786e-08
1433.0 1.8979302377322868e-08
1434.0 1.896787480404195e-08
1435.0 1.8956447230761025e-08
1436.0 1.8945019657480107e-08
1437.0 1.893359208419919e-08
1438.0 1.8922164510918268e-08
1439.0 1.8910736937637347e-08
1440.0 1.8899309364356425e-08
1441.0 1.8887881791075508e-08
1442.0 1.8876454217794586e-08
1443.0 1.8865026644513665e-08
1444.0 1.8853599071232744e-08
1445.0 1.884217149795183e-08
1446.0 1.883074392467091e-08
1447.0 1.881931635138999e-08
1448.0 1.8807888778109065e-08
1449.0 1.879646120482815e-08
1450.0 1.878503363154723e-08
1451.0 1.8773606058266308e-08
1452.0 1.8762178484985387e-08
1453.0 1.875075091170447e-08
1454.0 1.873932333842355e-08
1455.0 1.8727895765142626e-08
1456.0 1.871646819186171e-08
1457.0 1.870504061858079e-08
1458.0 1.8693613045299872e-08
1459.0 1.868218547201895e-08
1460.0 1.867075789873803e-08
1461.0 1.8659330325457108e-08
1462.0 1.864790275217619e-08
1463.0 1.863647517889527e-08
1464.0 1.8625047605614348e-08
1465.0 1.8613620032333433e-08
1466.0 1.8602192459052512e-08
1467.0 1.859076488577159e-08
1468.0 1.8579337312490673e-08
1469.0 1.8567909739209755e-08
1470.0 1.8556482165928833e-08
1471.0 1.8545054592647912e-08
1472.0 1.853362701936699e-08
1473.0 1.8522199446086073e-08
1474.0 1.851077187280515e-08
1475.0 1.8499344299524227e-08
1476.0 1.8487916726243312e-08
1477.0 1.847758690650801e-08
1478.0 1.8467335471494604e-08
1479.0 1.8457084036481194e-08
1480.0 1.8446832601467778e-08
1481.0 1.8436581166454376e-08
1482.0 1.8426329731440966e-08
1483.0 1.8416078296427557e-08
1484.0 1.840582686141415e-08
1485.0 1.839557542640074e-08
1486.0 1.838532399138733e-08
1487.0 1.8375072556373923e-08
1488.0 1.8364821121360517e-08
1489.0 1.8354569686347104e-08
1490.0 1.8344318251333695e-08
1491.0 1.8334066816320285e-08
1492.0 1.832381538130688e-08
1493.0 1.831356394629347e-08
1494.0 1.8303312511280067e-08
1495.0 1.829306107626665e-08
1496.0 1.8282809641253245e-08
1497.0 1.8272558206239836e-08
1498.0 1.8262306771226427e-08
1499.0 1.825205533621302e-08
1500.0 1.824180390119961e-08
1501.0 1.8231552466186195e-08
1502.0 1.822130103117279e-08
1503.0 1.8211049596159383e-08
1504.0 1.8200798161145977e-08
1505.0 1.8190546726132568e-08
1506.0 1.818029529111916e-08
1507.0 1.8170043856105752e-08
1508.0 1.815979242109234e-08
1509.0 1.814954098607893e-08
1510.0 1.8139289551065528e-08
1511.0 1.8129038116052115e-08
1512.0 1.8118786681038706e-08
1513.0 1.81085352460253e-08
1514.0 1.809828381101189e-08
1515.0 1.808803237599848e-08
1516.0 1.8077780940985075e-08
1517.0 1.8067529505971666e-08
1518.0 1.8057278070958253e-08
1519.0 1.8047026635944847e-08
1520.0 1.8036775200931434e-08
1521.0 1.8026523765918028e-08
1522.0 1.801627233090462e-08
1523.0 1.800602089589121e-08
1524.0 1.7995769460877804e-08
1525.0 1.798551802586439e-08
1526.0 1.7975266590850985e-08
1527.0 1.7965015155837575e-08
1528.0 1.7954763720824166e-08
1529.0 1.7944512285810753e-08
1530.0 1.7934260850797347e-08
1531.0 1.7924009415783938e-08
1532.0 1.7913757980770532e-08
1533.0 1.7903506545757126e-08
1534.0 1.7893255110743717e-08
1535.0 1.788300367573031e-08
1536.0 1.78727522407169e-08
1537.0 1.7862500805703485e-08
1538.0 1.7852249370690083e-08
1539.0 1.7841997935676673e-08
1540.0 1.7831746500663264e-08
1541.0 1.7821495065649855e-08
1542.0 1.781124363063645e-08
1543.0 1.780099219562304e-08
1544.0 1.779074076060963e-08
1545.0 1.7780489325596224e-08
1546.0 1.777023789058281e-08
1547.0 1.7759986455569405e-08
1548.0 1.7749735020555996e-08
1549.0 1.7739483585542586e-08
1550.0 1.7729232150529177e-08
1551.0 1.7718980715515768e-08
1552.0 1.7708729280502362e-08
1553.0 1.7698477845488952e-08
1554.0 1.7688226410475543e-08
1555.0 1.7677974975462134e-08
1556.0 1.766772354044872e-08
1557.0 1.7657472105435315e-08
1558.0 1.764722067042191e-08
1559.0 1.7636969235408496e-08
1560.0 1.7626717800395087e-08
1561.0 1.7616466365381684e-08
1562.0 1.7606214930368275e-08
1563.0 1.7595963495354866e-08
1564.0 1.758571206034146e-08
1565.0 1.757546062532805e-08
1566.0 1.7565209190314634e-08
1567.0 1.755495775530123e-08
1568.0 1.7544706320287822e-08
1569.0 1.7534454885274413e-08
1570.0 1.7524203450261007e-08
1571.0 1.7513952015247597e-08
1572.0 1.7503700580234188e-08
1573.0 1.749344914522078e-08
1574.0 1.748319771020737e-08
1575.0 1.747294627519396e-08
1576.0 1.746269484018055e-08
1577.0 1.7452443405167145e-08
1578.0 1.7442191970153735e-08
1579.0 1.7431940535140323e-08
1580.0 1.742168910012692e-08
1581.0 1.741143766511351e-08
1582.0 1.7401186230100098e-08
1583.0 1.7390934795086692e-08
1584.0 1.738068336007329e-08
1585.0 1.7370431925059873e-08
1586.0 1.7360180490046467e-08
1587.0 1.7349929055033058e-08
1588.0 1.7339677620019645e-08
1589.0 1.732942618500624e-08
1590.0 1.73194861567434e-08
1591.0 1.7310531734855075e-08
1592.0 1.7301577312966752e-08
1593.0 1.7292622891078426e-08
1594.0 1.72836684691901e-08
1595.0 1.7274714047301776e-08
1596.0 1.7265759625413447e-08
1597.0 1.725680520352512e-08
1598.0 1.7247850781636794e-08
1599.0 1.7238896359748468e-08
1600.0 1.7229941937860145e-08
1601.0 1.7220987515971816e-08
1602.0 1.7212033094083486e-08
1603.0 1.7203078672195163e-08
1604.0 1.719412425030684e-08
1605.0 1.7185169828418514e-08
1606.0 1.7176215406530188e-08
1607.0 1.716726098464186e-08
1608.0 1.7158306562753535e-08
1609.0 1.714935214086521e-08
1610.0 1.714039771897688e-08
1611.0 1.7131443297088556e-08
1612.0 1.7122488875200227e-08
1613.0 1.7113534453311907e-08
1614.0 1.7104580031423577e-08
1615.0 1.7095625609535248e-08
1616.0 1.7086671187646925e-08
1617.0 1.7077716765758602e-08
1618.0 1.7068762343870276e-08
1619.0 1.705980792198195e-08
1620.0 1.705085350009362e-08
1621.0 1.7041899078205294e-08
1622.0 1.703294465631697e-08
1623.0 1.702399023442864e-08
1624.0 1.7015035812540318e-08
1625.0 1.7006081390651992e-08
1626.0 1.6997126968763666e-08
1627.0 1.698817254687534e-08
1628.0 1.697921812498701e-08
1629.0 1.6970263703098687e-08
1630.0 1.696130928121036e-08
1631.0 1.6952354859322034e-08
1632.0 1.6943400437433708e-08
1633.0 1.693444601554538e-08
1634.0 1.6925491593657052e-08
1635.0 1.6916537171768733e-08
1636.0 1.6907582749880403e-08
1637.0 1.689862832799208e-08
1638.0 1.688967390610375e-08
1639.0 1.6880719484215428e-08
1640.0 1.68717650623271e-08
1641.0 1.6862810640438775e-08
1642.0 1.685385621855045e-08
1643.0 1.6844901796662123e-08
1644.0 1.6835947374773796e-08
1645.0 1.6826992952885467e-08
1646.0 1.6818038530997144e-08
1647.0 1.6809084109108817e-08
1648.0 1.6800129687220495e-08
1649.0 1.6791175265332165e-08
1650.0 1.678222084344384e-08
1651.0 1.6773266421555512e-08
1652.0 1.6764311999667186e-08
1653.0 1.6755357577778863e-08
1654.0 1.6746403155890534e-08
1655.0 1.6737448734002207e-08
1656.0 1.6728494312113884e-08
1657.0 1.6719539890225558e-08
1658.0 1.671058546833723e-08
1659.0 1.6701631046448906e-08
1660.0 1.669267662456058e-08
1661.0 1.6683722202672253e-08
1662.0 1.667476778078393e-08
1663.0 1.66658133588956e-08
1664.0 1.6656858937007274e-08
1665.0 1.6647904515118948e-08
1666.0 1.6638950093230622e-08
1667.0 1.66299956713423e-08
1668.0 1.6621041249453973e-08
1669.0 1.661208682756564e-08
1670.0 1.660313240567732e-08
1671.0 1.6594177983788994e-08
1672.0 1.6585223561900668e-08
1673.0 1.657626914001234e-08
1674.0 1.6567314718124015e-08
1675.0 1.655836029623569e-08
1676.0 1.6549405874347363e-08
1677.0 1.6540451452459033e-08
1678.0 1.653149703057071e-08
1679.0 1.6522542608682384e-08
1680.0 1.651358818679406e-08
1681.0 1.650463376490573e-08
1682.0 1.6495679343017405e-08
1683.0 1.648672492112908e-08
1684.0 1.6477770499240756e-08
1685.0 1.646881607735243e-08
1686.0 1.6459861655464103e-08
1687.0 1.6450907233575774e-08
1688.0 1.6441952811687447e-08
1689.0 1.6432998389799124e-08
1690.0 1.6424043967910795e-08
1691.0 1.6415089546022472e-08
1692.0 1.6406135124134146e-08
1693.0 1.6397180702245816e-08
1694.0 1.6388226280357493e-08
1695.0 1.6379271858469167e-08
1696.0 1.637031743658084e-08
1697.0 1.6361363014692518e-08
1698.0 1.6352408592804188e-08
1699.0 1.6343454170915862e-08
1700.0 1.6334499749027536e-08
1701.0 1.632554532713921e-08
1702.0 1.6316590905250886e-08
1703.0 1.630763648336256e-08
1704.0 1.6298682061474234e-08
1705.0 1.6289727639585904e-08
1706.0 1.6280773217697578e-08
1707.0 1.6271818795809255e-08
1708.0 1.626286437392093e-08
1709.0 1.62539099520326e-08
1710.0 1.624495553014428e-08
1711.0 1.6236001108255947e-08
1712.0 1.622704668636762e-08
1713.0 1.62187103079514e-08
1714.0 1.6210538543705592e-08
1715.0 1.6202366779459785e-08
1716.0 1.6194195015213984e-08
1717.0 1.6186023250968174e-08
1718.0 1.617785148672237e-08
1719.0 1.6169679722476563e-08
1720.0 1.6161507958230755e-08
1721.0 1.615333619398495e-08
1722.0 1.6145164429739144e-08
1723.0 1.613699266549334e-08
1724.0 1.6128820901247533e-08
1725.0 1.6120649137001726e-08
1726.0 1.6112477372755922e-08
1727.0 1.6104305608510115e-08
1728.0 1.609613384426431e-08
1729.0 1.6087962080018504e-08
1730.0 1.6079790315772697e-08
1731.0 1.6071618551526893e-08
1732.0 1.606344678728109e-08
1733.0 1.605527502303528e-08
1734.0 1.6047103258789478e-08
1735.0 1.603893149454367e-08
1736.0 1.6030759730297867e-08
1737.0 1.602258796605206e-08
1738.0 1.6014416201806255e-08
1739.0 1.6006244437560448e-08
1740.0 1.599807267331464e-08
1741.0 1.5989900909068837e-08
1742.0 1.598172914482303e-08
1743.0 1.5973557380577226e-08
1744.0 1.596538561633142e-08
1745.0 1.595721385208561e-08
1746.0 1.5949042087839808e-08
1747.0 1.5940870323594e-08
1748.0 1.5932698559348197e-08
1749.0 1.592452679510239e-08
1750.0 1.5916355030856582e-08
1751.0 1.590818326661078e-08
1752.0 1.5900011502364978e-08
1753.0 1.5891839738119167e-08
1754.0 1.5883667973873363e-08
1755.0 1.5875496209627556e-08
1756.0 1.5867324445381752e-08
1757.0 1.5859152681135945e-08
1758.0 1.5850980916890138e-08
1759.0 1.5842809152644334e-08
1760.0 1.5834637388398527e-08
1761.0 1.5826465624152723e-08
1762.0 1.5818293859906916e-08
1763.0 1.5810122095661108e-08
1764.0 1.5801950331415304e-08
1765.0 1.5793778567169497e-08
1766.0 1.5785606802923693e-08
1767.0 1.5777435038677886e-08
1768.0 1.576926327443208e-08
1769.0 1.5761091510186275e-08
1770.0 1.575291974594047e-08
1771.0 1.5744747981694667e-08
1772.0 1.573657621744886e-08
1773.0 1.5728404453203053e-08
1774.0 1.572023268895725e-08
1775.0 1.5712060924711442e-08
1776.0 1.5703889160465638e-08
1777.0 1.569571739621983e-08
1778.0 1.5687545631974023e-08
1779.0 1.567937386772822e-08
1780.0 1.5671202103482412e-08
1781.0 1.566303033923661e-08
1782.0 1.56548585749908e-08
1783.0 1.5646686810744994e-08
1784.0 1.563851504649919e-08
1785.0 1.5630343282253386e-08
1786.0 1.562217151800758e-08
1787.0 1.5613999753761772e-08
1788.0 1.5605827989515965e-08
1789.0 1.559765622527016e-08
1790.0 1.5589484461024357e-08
1791.0 1.5581312696778553e-08
1792.0 1.5573140932532742e-08
1793.0 1.556496916828694e-08
1794.0 1.5556797404041135e-08
1795.0 1.5548625639795327e-08
1796.0 1.5540453875549523e-08
1797.0 1.5532282111303716e-08
1798.0 1.5524110347057912e-08
1799.0 1.5515938582812105e-08
1800.0 1.5507766818566298e-08
1801.0 1.5499595054320494e-08
1802.0 1.5491423290074687e-08
1803.0 1.548325152582888e-08
1804.0 1.5475079761583076e-08
1805.0 1.546690799733727e-08
1806.0 1.5458736233091465e-08
1807.0 1.5450564468845657e-08
1808.0 1.544239270459985e-08
1809.0 1.543422094035405e-08
1810.0 1.5426049176108242e-08
1811.0 1.5417877411862435e-08
1812.0 1.540970564761663e-08
1813.0 1.5401533883370824e-08
1814.0 1.539336211912502e-08
1815.0 1.5385190354879213e-08
1816.0 1.537701859063341e-08
1817.0 1.5368846826387602e-08
1818.0 1.5360675062141795e-08
1819.0 1.535250329789599e-08
1820.0 1.5344331533650184e-08
1821.0 1.5336159769404383e-08
1822.0 1.5327988005158572e-08
1823.0 1.5319816240912765e-08
1824.0 1.531164447666696e-08
1825.0 1.5303472712421154e-08
1826.0 1.529530094817535e-08
1827.0 1.5287129183929543e-08
1828.0 1.5278957419683736e-08
1829.0 1.5270785655437935e-08
1830.0 1.5262613891192128e-08
1831.0 1.5254442126946324e-08
1832.0 1.5246270362700517e-08
1833.0 1.523809859845471e-08
1834.0 1.522992683420891e-08
1835.0 1.52217550699631e-08
1836.0 1.5213583305717295e-08
1837.0 1.5205411541471487e-08
1838.0 1.519723977722568e-08
1839.0 1.5189068012979876e-08
1840.0 1.518089624873407e-08
1841.0 1.5172724484488265e-08
1842.0 1.5164552720242458e-08
1843.0 1.515638095599665e-08
1844.0 1.5148209191750847e-08
1845.0 1.5140650255221424e-08
1846.0 1.513315373053242e-08
1847.0 1.5125657205843415e-08
1848.0 1.5118160681154407e-08
1849.0 1.5110664156465406e-08
1850.0 1.51031676317764e-08
1851.0 1.5095671107087397e-08
1852.0 1.5088174582398393e-08
1853.0 1.508067805770939e-08
1854.0 1.507318153302039e-08
1855.0 1.5065685008331386e-08
1856.0 1.505818848364238e-08
1857.0 1.5050691958953377e-08
1858.0 1.5043195434264373e-08
1859.0 1.5035698909575368e-08
1860.0 1.5028202384886364e-08
1861.0 1.5020705860197356e-08
1862.0 1.5013209335508355e-08
1863.0 1.500571281081935e-08
1864.0 1.499821628613035e-08
1865.0 1.4990719761441348e-08
1866.0 1.4983223236752337e-08
1867.0 1.4975726712063336e-08
1868.0 1.496823018737433e-08
1869.0 1.4960733662685327e-08
1870.0 1.4953237137996323e-08
1871.0 1.494574061330732e-08
1872.0 1.4938244088618317e-08
1873.0 1.4930747563929312e-08
1874.0 1.492325103924031e-08
1875.0 1.4915754514551304e-08
1876.0 1.4908257989862302e-08
1877.0 1.4900761465173298e-08
1878.0 1.4893264940484294e-08
1879.0 1.4885768415795289e-08
1880.0 1.4878271891106285e-08
1881.0 1.4870775366417279e-08
1882.0 1.4863278841728277e-08
1883.0 1.485578231703927e-08
1884.0 1.4848285792350269e-08
1885.0 1.4840789267661264e-08
1886.0 1.4833292742972258e-08
1887.0 1.4825796218283257e-08
1888.0 1.4818299693594252e-08
1889.0 1.4810803168905248e-08
1890.0 1.4803306644216244e-08
1891.0 1.479581011952724e-08
1892.0 1.478831359483824e-08
1893.0 1.4780817070149235e-08
1894.0 1.4773320545460227e-08
1895.0 1.4765824020771226e-08
1896.0 1.4758327496082222e-08
1897.0 1.4750830971393219e-08
1898.0 1.4743334446704215e-08
1899.0 1.473583792201521e-08
1900.0 1.4728341397326202e-08
1901.0 1.47208448726372e-08
1902.0 1.4713348347948199e-08
1903.0 1.4705851823259194e-08
1904.0 1.469835529857019e-08
1905.0 1.4690858773881185e-08
1906.0 1.4683362249192182e-08
1907.0 1.4675865724503178e-08
1908.0 1.4668369199814173e-08
1909.0 1.4660872675125169e-08
1910.0 1.4653376150436165e-08
1911.0 1.4645879625747167e-08
1912.0 1.463838310105816e-08
1913.0 1.4630886576369156e-08
1914.0 1.4623390051680152e-08
1915.0 1.4615893526991147e-08
1916.0 1.4608397002302143e-08
1917.0 1.460090047761314e-08
1918.0 1.4593403952924136e-08
1919.0 1.4585907428235128e-08
1920.0 1.4578410903546127e-08
1921.0 1.4570914378857122e-08
1922.0 1.456341785416812e-08
1923.0 1.4555921329479115e-08
1924.0 1.454842480479011e-08
1925.0 1.4540928280101103e-08
1926.0 1.4533431755412102e-08
1927.0 1.4525935230723099e-08
1928.0 1.4518438706034095e-08
1929.0 1.451094218134509e-08
1930.0 1.4503445656656086e-08
1931.0 1.4495949131967085e-08
1932.0 1.4488452607278082e-08
1933.0 1.4480956082589074e-08
1934.0 1.4473459557900073e-08
1935.0 1.4465963033211068e-08
1936.0 1.4458466508522064e-08
1937.0 1.4450969983833061e-08
1938.0 1.4443473459144053e-08
1939.0 1.4435976934455049e-08
1940.0 1.4428480409766048e-08
1941.0 1.4420983885077043e-08
1942.0 1.441348736038804e-08
1943.0 1.4405990835699036e-08
1944.0 1.4398494311010028e-08
1945.0 1.4390997786321027e-08
1946.0 1.4383501261632023e-08
1947.0 1.437600473694302e-08
1948.0 1.4368508212254016e-08
1949.0 1.4361011687565011e-08
1950.0 1.435351516287601e-08
1951.0 1.4346018638187006e-08
1952.0 1.4338522113498e-08
1953.0 1.4331025588808998e-08
1954.0 1.4323529064119994e-08
1955.0 1.431603253943099e-08
1956.0 1.4308536014741985e-08
1957.0 1.4301039490052982e-08
1958.0 1.4293542965363974e-08
1959.0 1.428604644067497e-08
1960.0 1.4278549915985969e-08
1961.0 1.4271053391296963e-08
1962.0 1.4263556866607962e-08
1963.0 1.425606034191896e-08
1964.0 1.4248563817229953e-08
1965.0 1.4241067292540948e-08
1966.0 1.4233570767851944e-08
1967.0 1.4226074243162941e-08
1968.0 1.4218577718473937e-08
1969.0 1.4211081193784929e-08
1970.0 1.4203584669095931e-08
1971.0 1.4196088144406923e-08
1972.0 1.4188591619717924e-08
1973.0 1.418109509502892e-08
1974.0 1.4173598570339915e-08
1975.0 1.416610204565091e-08
1976.0 1.4158605520961906e-08
1977.0 1.41511089962729e-08
1978.0 1.4143612471583899e-08
1979.0 1.4136115946894894e-08
1980.0 1.412861942220589e-08
1981.0 1.4121122897516886e-08
1982.0 1.4113626372827883e-08
1983.0 1.4106129848138875e-08
1984.0 1.4098633323449874e-08
1985.0 1.409113679876087e-08
1986.0 1.4083640274071865e-08
1987.0 1.4076875298687603e-08
1988.0 1.407022223438326e-08
1989.0 1.4063569170078915e-08
1990.0 1.4056916105774569e-08
1991.0 1.4050263041470223e-08
1992.0 1.404360997716588e-08
1993.0 1.4036956912861538e-08
1994.0 1.4030303848557193e-08
1995.0 1.4023650784252847e-08
1996.0 1.4016997719948503e-08
1997.0 1.4010344655644157e-08
1998.0 1.4003691591339815e-08
1999.0 1.3997038527035465e-08
2000.0 1.3990385462731123e-08
2001.0 1.398373239842678e-08
2002.0 1.3977079334122432e-08
2003.0 1.3970426269818092e-08
2004.0 1.3963773205513747e-08
2005.0 1.3957120141209398e-08
2006.0 1.3950467076905059e-08
2007.0 1.3943814012600713e-08
2008.0 1.393716094829637e-08
2009.0 1.3930507883992025e-08
2010.0 1.3923854819687676e-08
2011.0 1.3917201755383337e-08
2012.0 1.391054869107899e-08
2013.0 1.3903895626774647e-08
2014.0 1.3897242562470301e-08
2015.0 1.3890589498165955e-08
2016.0 1.3883936433861613e-08
2017.0 1.3877283369557267e-08
2018.0 1.3870630305252925e-08
2019.0 1.3863977240948576e-08
2020.0 1.3857324176644233e-08
2021.0 1.385067111233989e-08
2022.0 1.3844018048035545e-08
2023.0 1.3837364983731203e-08
2024.0 1.3830711919426857e-08
2025.0 1.3824058855122511e-08
2026.0 1.3817405790818169e-08
2027.0 1.3810752726513823e-08
2028.0 1.3804099662209479e-08
2029.0 1.3797446597905133e-08
2030.0 1.3790793533600787e-08
2031.0 1.3784140469296442e-08
2032.0 1.37774874049921e-08
2033.0 1.3770834340687755e-08
2034.0 1.3764181276383408e-08
2035.0 1.3757528212079067e-08
2036.0 1.3750875147774721e-08
2037.0 1.3744222083470376e-08
2038.0 1.3737569019166033e-08
2039.0 1.3730915954861689e-08
2040.0 1.3724262890557342e-08
2041.0 1.3717609826253001e-08
2042.0 1.3710956761948655e-08
2043.0 1.3704303697644311e-08
2044.0 1.3697650633339965e-08
2045.0 1.3690997569035621e-08
2046.0 1.3684344504731276e-08
2047.0 1.367769144042693e-08
2048.0 1.3671038376122587e-08
2049.0 1.3664385311818243e-08
2050.0 1.3657732247513894e-08
2051.0 1.3651079183209553e-08
2052.0 1.364442611890521e-08
2053.0 1.3637773054600864e-08
2054.0 1.3631119990296523e-08
2055.0 1.3624466925992174e-08
2056.0 1.3617813861687831e-08
2057.0 1.3611160797383487e-08
2058.0 1.3604507733079142e-08
2059.0 1.3597854668774799e-08
2060.0 1.3591201604470453e-08
2061.0 1.358454854016611e-08
2062.0 1.3577895475861764e-08
2063.0 1.3571242411557418e-08
2064.0 1.3564589347253074e-08
2065.0 1.3557936282948728e-08
2066.0 1.3551283218644382e-08
2067.0 1.354463015434004e-08
2068.0 1.3537977090035696e-08
2069.0 1.3531324025731353e-08
2070.0 1.3524670961427008e-08
2071.0 1.3518017897122662e-08
2072.0 1.3511364832818318e-08
2073.0 1.3504711768513975e-08
2074.0 1.3498058704209633e-08
2075.0 1.3491405639905284e-08
2076.0 1.3484752575600942e-08
2077.0 1.3478099511296597e-08
2078.0 1.3471446446992252e-08
2079.0 1.3464793382687906e-08
2080.0 1.3458140318383562e-08
2081.0 1.3451487254079218e-08
2082.0 1.344483418977487e-08
2083.0 1.343818112547053e-08
2084.0 1.3431528061166184e-08
2085.0 1.3424874996861838e-08
2086.0 1.3418221932557496e-08
2087.0 1.3411568868253152e-08
2088.0 1.3404915803948808e-08
2089.0 1.3398262739644464e-08
2090.0 1.3391609675340118e-08
2091.0 1.3384956611035774e-08
2092.0 1.3378303546731428e-08
2093.0 1.3371650482427086e-08
2094.0 1.336499741812274e-08
2095.0 1.3358344353818394e-08
2096.0 1.3351691289514048e-08
2097.0 1.3345038225209706e-08
2098.0 1.333838516090536e-08
2099.0 1.3331732096601014e-08
2100.0 1.3325079032296672e-08
2101.0 1.3318425967992326e-08
2102.0 1.3311772903687986e-08
2103.0 1.330511983938364e-08
2104.0 1.3298466775079294e-08
2105.0 1.329181371077495e-08
2106.0 1.3285160646470608e-08
2107.0 1.3278507582166262e-08
2108.0 1.3271854517861916e-08
2109.0 1.3265201453557574e-08
2110.0 1.3258548389253228e-08
2111.0 1.325189532494888e-08
2112.0 1.3245242260644536e-08
2113.0 1.323858919634019e-08
2114.0 1.3231936132035845e-08
2115.0 1.3225283067731504e-08
2116.0 1.3218630003427158e-08
2117.0 1.3211976939122816e-08
2118.0 1.320532387481847e-08
2119.0 1.3198670810514125e-08
2120.0 1.319201774620978e-08
2121.0 1.3185364681905438e-08
2122.0 1.3178711617601096e-08
2123.0 1.317205855329675e-08
2124.0 1.3165405488992404e-08
2125.0 1.315875242468806e-08
2126.0 1.3152099360383714e-08
2127.0 1.3145446296079369e-08
2128.0 1.3138793231775026e-08
2129.0 1.313214016747068e-08
2130.0 1.3125487103166335e-08
2131.0 1.3118834038861992e-08
2132.0 1.3112180974557647e-08
2133.0 1.31055279102533e-08
2134.0 1.3098874845948957e-08
2135.0 1.3092221781644614e-08
2136.0 1.3085568717340269e-08
2137.0 1.3078915653035926e-08
2138.0 1.307226258873158e-08
2139.0 1.3065609524427236e-08
2140.0 1.3059457785356359e-08
2141.0 1.3053370237150284e-08
2142.0 1.3047282688944203e-08
2143.0 1.3041195140738129e-08
2144.0 1.3035107592532051e-08
2145.0 1.3029020044325975e-08
2146.0 1.30229324961199e-08
2147.0 1.3016844947913822e-08
2148.0 1.3010757399707744e-08
2149.0 1.3004669851501666e-08
2150.0 1.2998582303295589e-08
2151.0 1.2992494755089514e-08
2152.0 1.2986407206883437e-08
2153.0 1.2980319658677359e-08
2154.0 1.2974232110471285e-08
2155.0 1.2968144562265207e-08
2156.0 1.296205701405913e-08
2157.0 1.2955969465853055e-08
2158.0 1.2949881917646974e-08
2159.0 1.29437943694409e-08
2160.0 1.293770682123482e-08
2161.0 1.2931619273028746e-08
2162.0 1.292553172482267e-08
2163.0 1.2919444176616592e-08
2164.0 1.2913356628410515e-08
2165.0 1.2907269080204437e-08
2166.0 1.2901181531998363e-08
2167.0 1.2895093983792283e-08
2168.0 1.2889006435586209e-08
2169.0 1.2882918887380131e-08
2170.0 1.2876831339174055e-08
2171.0 1.2870743790967981e-08
2172.0 1.28646562427619e-08
2173.0 1.2858568694555824e-08
2174.0 1.2852481146349748e-08
2175.0 1.2846393598143669e-08
2176.0 1.2840306049937594e-08
2177.0 1.2834218501731518e-08
2178.0 1.2828130953525437e-08
2179.0 1.2822043405319363e-08
2180.0 1.2815955857113285e-08
2181.0 1.280986830890721e-08
2182.0 1.2803780760701133e-08
2183.0 1.2797693212495057e-08
2184.0 1.279160566428898e-08
2185.0 1.2785518116082904e-08
2186.0 1.2779430567876826e-08
2187.0 1.2773343019670748e-08
2188.0 1.2767255471464672e-08
2189.0 1.2761167923258595e-08
2190.0 1.2755080375052517e-08
2191.0 1.2748992826846443e-08
2192.0 1.2742905278640363e-08
2193.0 1.2736817730434289e-08
2194.0 1.2730730182228211e-08
2195.0 1.2724642634022135e-08
2196.0 1.271855508581606e-08
2197.0 1.2712467537609983e-08
2198.0 1.2706379989403906e-08
2199.0 1.2700292441197828e-08
2200.0 1.2694204892991749e-08
2201.0 1.2688117344785676e-08
2202.0 1.2682029796579597e-08
2203.0 1.2675942248373518e-08
2204.0 1.2669854700167443e-08
2205.0 1.2663767151961369e-08
2206.0 1.2657679603755288e-08
2207.0 1.2651592055549213e-08
2208.0 1.2645504507343136e-08
2209.0 1.263941695913706e-08
2210.0 1.2633329410930984e-08
2211.0 1.2627241862724908e-08
2212.0 1.2621154314518832e-08
2213.0 1.2615066766312751e-08
2214.0 1.2608979218106676e-08
2215.0 1.2602891669900599e-08
2216.0 1.2596804121694521e-08
2217.0 1.2590716573488444e-08
2218.0 1.2584629025282369e-08
2219.0 1.2578541477076295e-08
2220.0 1.2572453928870214e-08
2221.0 1.256636638066414e-08
2222.0 1.2560278832458062e-08
2223.0 1.2554191284251984e-08
2224.0 1.2548103736045907e-08
2225.0 1.2542016187839832e-08
2226.0 1.2535928639633756e-08
2227.0 1.2529841091427677e-08
2228.0 1.25237535432216e-08
2229.0 1.2517665995015525e-08
2230.0 1.2511578446809447e-08
2231.0 1.2505490898603368e-08
2232.0 1.2499403350397294e-08
2233.0 1.2493315802191218e-08
2234.0 1.248722825398514e-08
2235.0 1.2481140705779065e-08
2236.0 1.2475053157572988e-08
2237.0 1.246896560936691e-08
2238.0 1.2462878061160833e-08
2239.0 1.2456790512954757e-08
2240.0 1.2450702964748679e-08
2241.0 1.2444615416542603e-08
2242.0 1.2438527868336525e-08
2243.0 1.2432440320130448e-08
2244.0 1.2426352771924373e-08
2245.0 1.2420265223718294e-08
2246.0 1.2414177675512218e-08
2247.0 1.2408090127306142e-08
2248.0 1.2402002579100064e-08
2249.0 1.239591503089399e-08
2250.0 1.2389827482687912e-08
2251.0 1.2383739934481836e-08
2252.0 1.2377652386275759e-08
2253.0 1.237156483806968e-08
2254.0 1.2365477289863605e-08
2255.0 1.2359389741657527e-08
2256.0 1.2353302193451448e-08
2257.0 1.2347214645245374e-08
2258.0 1.2341127097039296e-08
2259.0 1.233503954883322e-08
2260.0 1.2328952000627144e-08
2261.0 1.2322864452421068e-08
2262.0 1.231677690421499e-08
2263.0 1.2310689356008913e-08
2264.0 1.2304601807802837e-08
2265.0 1.229851425959676e-08
2266.0 1.2292426711390683e-08
2267.0 1.2286339163184605e-08
2268.0 1.2280251614978528e-08
2269.0 1.2274164066772453e-08
2270.0 1.2268076518566372e-08
2271.0 1.2261988970360298e-08
2272.0 1.2255901422154222e-08
2273.0 1.2249813873948144e-08
2274.0 1.224372632574207e-08
2275.0 1.2237638777535992e-08
2276.0 1.2231551229329916e-08
2277.0 1.2225463681123839e-08
2278.0 1.2219376132917763e-08
2279.0 1.2213288584711687e-08
2280.0 1.2207201036505607e-08
2281.0 1.2201113488299528e-08
2282.0 1.2195025940093454e-08
2283.0 1.218893839188738e-08
2284.0 1.2182850843681298e-08
2285.0 1.2176763295475226e-08
2286.0 1.2170675747269146e-08
2287.0 1.2164588199063069e-08
2288.0 1.2158500650856993e-08
2289.0 1.2152413102650918e-08
2290.0 1.2146325554444842e-08
2291.0 1.2140238006238761e-08
2292.0 1.2134150458032687e-08
2293.0 1.212806290982661e-08
2294.0 1.2121975361620532e-08
2295.0 1.2115887813414452e-08
2296.0 1.2109800265208378e-08
2297.0 1.2103712717002304e-08
2298.0 1.2097625168796224e-08
2299.0 1.2091537620590152e-08
2300.0 1.2085450072384072e-08
2301.0 1.2079362524177995e-08
2302.0 1.207327497597192e-08
2303.0 1.2067187427765841e-08
2304.0 1.2061162709791966e-08
2305.0 1.2055588497277274e-08
2306.0 1.2050014284762579e-08
2307.0 1.2044440072247885e-08
2308.0 1.2038865859733192e-08
2309.0 1.2033291647218498e-08
2310.0 1.2027717434703805e-08
2311.0 1.2022143222189111e-08
2312.0 1.2016569009674416e-08
2313.0 1.2010994797159724e-08
2314.0 1.2005420584645029e-08
2315.0 1.1999846372130334e-08
2316.0 1.1994272159615642e-08
2317.0 1.1988697947100948e-08
2318.0 1.1983123734586255e-08
2319.0 1.1977549522071561e-08
2320.0 1.1971975309556868e-08
2321.0 1.1966401097042174e-08
2322.0 1.1960826884527479e-08
2323.0 1.1955252672012787e-08
2324.0 1.1949678459498093e-08
2325.0 1.19441042469834e-08
2326.0 1.1938530034468705e-08
2327.0 1.1932955821954011e-08
2328.0 1.1927381609439318e-08
2329.0 1.1921807396924623e-08
2330.0 1.191623318440993e-08
2331.0 1.1910658971895237e-08
2332.0 1.1905084759380544e-08
2333.0 1.189951054686585e-08
2334.0 1.1893936334351157e-08
2335.0 1.1888362121836461e-08
2336.0 1.1882787909321768e-08
2337.0 1.1877213696807074e-08
2338.0 1.187163948429238e-08
2339.0 1.1866065271777689e-08
2340.0 1.1860491059262994e-08
2341.0 1.18549168467483e-08
2342.0 1.1849342634233607e-08
2343.0 1.1843768421718913e-08
2344.0 1.1838194209204218e-08
2345.0 1.1832619996689526e-08
2346.0 1.1827045784174831e-08
2347.0 1.1821471571660139e-08
2348.0 1.1815897359145445e-08
2349.0 1.181032314663075e-08
2350.0 1.180474893411606e-08
2351.0 1.1799174721601363e-08
2352.0 1.179360050908667e-08
2353.0 1.1788026296571978e-08
2354.0 1.1782452084057281e-08
2355.0 1.1776877871542589e-08
2356.0 1.1771303659027896e-08
2357.0 1.17657294465132e-08
2358.0 1.1760155233998508e-08
2359.0 1.1754581021483813e-08
2360.0 1.174900680896912e-08
2361.0 1.1743432596454428e-08
2362.0 1.1737858383939733e-08
2363.0 1.1732284171425039e-08
2364.0 1.1726709958910349e-08
2365.0 1.172113574639565e-08
2366.0 1.1715561533880957e-08
2367.0 1.1709987321366267e-08
2368.0 1.170441310885157e-08
2369.0 1.1698838896336878e-08
2370.0 1.1693264683822184e-08
2371.0 1.168769047130749e-08
2372.0 1.1682116258792796e-08
2373.0 1.16765420462781e-08
2374.0 1.1670967833763409e-08
2375.0 1.1665393621248717e-08
2376.0 1.1659819408734022e-08
2377.0 1.1654245196219328e-08
2378.0 1.1648670983704636e-08
2379.0 1.164309677118994e-08
2380.0 1.1637522558675246e-08
2381.0 1.1631948346160554e-08
2382.0 1.1626374133645859e-08
2383.0 1.1620799921131167e-08
2384.0 1.1615225708616472e-08
2385.0 1.1609651496101778e-08
2386.0 1.1604077283587085e-08
2387.0 1.159850307107239e-08
2388.0 1.1592928858557696e-08
2389.0 1.1587354646043004e-08
2390.0 1.158178043352831e-08
2391.0 1.1576206221013617e-08
2392.0 1.1570632008498925e-08
2393.0 1.156505779598423e-08
2394.0 1.1559483583469538e-08
2395.0 1.1553909370954843e-08
2396.0 1.1548335158440148e-08
2397.0 1.1542760945925456e-08
2398.0 1.153718673341076e-08
2399.0 1.1531612520896067e-08
2400.0 1.1526038308381372e-08
2401.0 1.1520464095866678e-08
2402.0 1.1514889883351985e-08
2403.0 1.1509315670837293e-08
2404.0 1.15037414583226e-08
2405.0 1.1498167245807906e-08
2406.0 1.1492593033293214e-08
2407.0 1.1487018820778517e-08
2408.0 1.1481444608263825e-08
2409.0 1.1475870395749132e-08
2410.0 1.1470296183234435e-08
2411.0 1.1464721970719743e-08
2412.0 1.145914775820505e-08
2413.0 1.1453573545690356e-08
2414.0 1.144799933317566e-08
2415.0 1.1442425120660967e-08
2416.0 1.1436850908146274e-08
2417.0 1.1431276695631582e-08
2418.0 1.1425702483116888e-08
2419.0 1.1420128270602193e-08
2420.0 1.1414554058087503e-08
2421.0 1.1408979845572806e-08
2422.0 1.1403405633058114e-08
2423.0 1.139783142054342e-08
2424.0 1.1392257208028726e-08
2425.0 1.1386682995514032e-08
2426.0 1.1381108782999338e-08
2427.0 1.1375534570484643e-08
2428.0 1.1369960357969951e-08
2429.0 1.1364386145455256e-08
2430.0 1.1358811932940561e-08
2431.0 1.135323772042587e-08
2432.0 1.1347663507911177e-08
2433.0 1.1342089295396482e-08
2434.0 1.1336515082881792e-08
2435.0 1.1330940870367095e-08
2436.0 1.1325366657852403e-08
2437.0 1.131979244533771e-08
2438.0 1.1314218232823014e-08
2439.0 1.1308644020308321e-08
2440.0 1.1303069807793627e-08
2441.0 1.1297495595278932e-08
2442.0 1.1291921382764239e-08
2443.0 1.1286347170249545e-08
2444.0 1.128077295773485e-08
2445.0 1.127519874522016e-08
2446.0 1.1269624532705465e-08
2447.0 1.1264050320190771e-08
2448.0 1.125847610767608e-08
2449.0 1.1252901895161382e-08
2450.0 1.1247327682646692e-08
2451.0 1.1241753470131997e-08
2452.0 1.1236179257617303e-08
2453.0 1.123060504510261e-08
2454.0 1.1225030832587915e-08
2455.0 1.1219456620073221e-08
2456.0 1.1213882407558528e-08
2457.0 1.1208308195043832e-08
2458.0 1.120273398252914e-08
2459.0 1.1197159770014449e-08
2460.0 1.1191585557499753e-08
2461.0 1.1186011344985058e-08
2462.0 1.1180437132470368e-08
2463.0 1.1174862919955671e-08
2464.0 1.116928870744098e-08
2465.0 1.1163714494926286e-08
2466.0 1.1158140282411594e-08
2467.0 1.1152566069896899e-08
2468.0 1.1146991857382204e-08
2469.0 1.114141764486751e-08
2470.0 1.1135843432352816e-08
2471.0 1.1130269219838121e-08
2472.0 1.112469500732343e-08
2473.0 1.1119120794808736e-08
2474.0 1.1113546582294042e-08
2475.0 1.1107972369779347e-08
2476.0 1.1102398157264657e-08
2477.0 1.109682394474996e-08
2478.0 1.1091249732235268e-08
2479.0 1.1085675519720575e-08
2480.0 1.1080101307205881e-08
2481.0 1.1074527094691186e-08
2482.0 1.1069391522300216e-08
2483.0 1.1064474515054766e-08
2484.0 1.1059557507809319e-08
2485.0 1.1054640500563867e-08
2486.0 1.104972349331842e-08
2487.0 1.1044806486072974e-08
2488.0 1.1039889478827524e-08
2489.0 1.1034972471582073e-08
2490.0 1.1030055464336627e-08
2491.0 1.1025138457091178e-08
2492.0 1.1020221449845732e-08
2493.0 1.1015304442600282e-08
2494.0 1.1010387435354831e-08
2495.0 1.1005470428109385e-08
2496.0 1.1000553420863936e-08
2497.0 1.0995636413618488e-08
2498.0 1.0990719406373038e-08
2499.0 1.0985802399127589e-08
2500.0 1.0980885391882141e-08
2501.0 1.0975968384636693e-08
2502.0 1.0971051377391246e-08
2503.0 1.0966134370145795e-08
2504.0 1.0961217362900345e-08
2505.0 1.0956300355654899e-08
2506.0 1.095138334840945e-08
2507.0 1.0946466341164002e-08
2508.0 1.0941549333918553e-08
2509.0 1.0936632326673105e-08
2510.0 1.0931715319427654e-08
2511.0 1.0926798312182208e-08
2512.0 1.0921881304936758e-08
2513.0 1.091696429769131e-08
2514.0 1.0912047290445864e-08
2515.0 1.0907130283200412e-08
2516.0 1.0902213275954965e-08
2517.0 1.0897296268709516e-08
2518.0 1.0892379261464065e-08
2519.0 1.0887462254218619e-08
2520.0 1.0882545246973171e-08
2521.0 1.087762823972772e-08
2522.0 1.0872711232482272e-08
2523.0 1.0867794225236823e-08
2524.0 1.0862877217991375e-08
2525.0 1.0857960210745927e-08
2526.0 1.0853043203500478e-08
2527.0 1.0848126196255029e-08
2528.0 1.0843209189009579e-08
2529.0 1.0838292181764133e-08
2530.0 1.0833375174518684e-08
2531.0 1.0828458167273236e-08
2532.0 1.0823541160027785e-08
2533.0 1.0818624152782337e-08
2534.0 1.081370714553689e-08
2535.0 1.080879013829144e-08
2536.0 1.0803873131045992e-08
2537.0 1.0798956123800543e-08
2538.0 1.0794039116555098e-08
2539.0 1.0789122109309646e-08
2540.0 1.07842051020642e-08
2541.0 1.077928809481875e-08
2542.0 1.0774371087573299e-08
2543.0 1.0769454080327853e-08
2544.0 1.0764537073082405e-08
2545.0 1.0759620065836954e-08
2546.0 1.0754703058591508e-08
2547.0 1.0749786051346057e-08
2548.0 1.0744869044100609e-08
2549.0 1.0739952036855161e-08
2550.0 1.0735035029609712e-08
2551.0 1.0730118022364263e-08
2552.0 1.0725201015118813e-08
2553.0 1.0720284007873365e-08
2554.0 1.0715367000627918e-08
2555.0 1.071044999338247e-08
2556.0 1.0705532986137019e-08
2557.0 1.0700615978891571e-08
2558.0 1.0695698971646125e-08
2559.0 1.0690781964400677e-08
2560.0 1.0685864957155226e-08
2561.0 1.0680947949909777e-08
2562.0 1.067603094266433e-08
2563.0 1.067111393541888e-08
2564.0 1.0666196928173433e-08
2565.0 1.0661279920927984e-08
2566.0 1.0656362913682535e-08
2567.0 1.0651445906437087e-08
2568.0 1.0646528899191639e-08
2569.0 1.0641611891946188e-08
2570.0 1.0636694884700742e-08
2571.0 1.0631777877455291e-08
2572.0 1.0626860870209843e-08
2573.0 1.0621943862964395e-08
2574.0 1.0617026855718948e-08
2575.0 1.0612109848473498e-08
2576.0 1.0607192841228049e-08
2577.0 1.06022758339826e-08
2578.0 1.0597358826737152e-08
2579.0 1.0592441819491704e-08
2580.0 1.0587524812246256e-08
2581.0 1.0582607805000808e-08
2582.0 1.0577690797755357e-08
2583.0 1.0572773790509911e-08
2584.0 1.056785678326446e-08
2585.0 1.056293977601901e-08
2586.0 1.0558022768773565e-08
2587.0 1.0553105761528115e-08
2588.0 1.0548188754282666e-08
2589.0 1.0543271747037218e-08
2590.0 1.0538354739791769e-08
2591.0 1.053343773254632e-08
2592.0 1.0528520725300873e-08
2593.0 1.0523603718055424e-08
2594.0 1.0518686710809974e-08
2595.0 1.051376970356453e-08
2596.0 1.0508852696319079e-08
2597.0 1.050393568907363e-08
2598.0 1.0499018681828182e-08
2599.0 1.049410167458273e-08
2600.0 1.0489184667337283e-08
2601.0 1.0484267660091837e-08
2602.0 1.0479350652846386e-08
2603.0 1.0474433645600938e-08
2604.0 1.0469516638355488e-08
2605.0 1.0464599631110042e-08
2606.0 1.0459682623864591e-08
2607.0 1.0454765616619145e-08
2608.0 1.0449848609373696e-08
2609.0 1.0444931602128245e-08
2610.0 1.0440014594882799e-08
2611.0 1.0435097587637349e-08
2612.0 1.04301805803919e-08
2613.0 1.0425263573146454e-08
2614.0 1.0420346565901003e-08
2615.0 1.0415429558655555e-08
2616.0 1.0410512551410107e-08
2617.0 1.0405595544164658e-08
2618.0 1.0400678536919208e-08
2619.0 1.0395761529673762e-08
2620.0 1.0390844522428311e-08
2621.0 1.0385927515182863e-08
2622.0 1.0381010507937416e-08
2623.0 1.0376093500691964e-08
2624.0 1.0371176493446518e-08
2625.0 1.036625948620107e-08
2626.0 1.0361342478955621e-08
2627.0 1.0356425471710172e-08
2628.0 1.0351508464464722e-08
2629.0 1.0346591457219276e-08
2630.0 1.0341674449973825e-08
2631.0 1.0336757442728379e-08
2632.0 1.033184043548293e-08
2633.0 1.0326923428237479e-08
2634.0 1.0322006420992033e-08
2635.0 1.0317089413746585e-08
2636.0 1.0312172406501134e-08
2637.0 1.0307255399255688e-08
2638.0 1.030233839201024e-08
2639.0 1.0297421384764789e-08
2640.0 1.0292504377519341e-08
2641.0 1.0287587370273893e-08
2642.0 1.028267036302844e-08
2643.0 1.0277753355782994e-08
2644.0 1.0272836348537548e-08
2645.0 1.0267919341292097e-08
2646.0 1.026300233404665e-08
2647.0 1.0258085326801202e-08
2648.0 1.0253168319555754e-08
2649.0 1.0248251312310303e-08
2650.0 1.0243334305064857e-08
2651.0 1.0238417297819406e-08
2652.0 1.0233500290573956e-08
2653.0 1.022858328332851e-08
2654.0 1.0223666276083061e-08
2655.0 1.0218749268837613e-08
2656.0 1.0213832261592165e-08
2657.0 1.0208915254346713e-08
2658.0 1.0203998247101266e-08
2659.0 1.0199081239855819e-08
2660.0 1.0194164232610368e-08
2661.0 1.018924722536492e-08
2662.0 1.0184330218119474e-08
2663.0 1.0179413210874023e-08
2664.0 1.0174496203628575e-08
2665.0 1.0169579196383127e-08
2666.0 1.0164662189137675e-08
2667.0 1.0159745181892228e-08
2668.0 1.0154828174646782e-08
2669.0 1.0149911167401333e-08
2670.0 1.0144994160155883e-08
2671.0 1.0140077152910434e-08
2672.0 1.0135160145664988e-08
2673.0 1.0130506883349872e-08
2674.0 1.0126074618067636e-08
2675.0 1.0121642352785402e-08
2676.0 1.0117210087503168e-08
2677.0 1.0112777822220936e-08
2678.0 1.0108345556938702e-08
2679.0 1.0103913291656465e-08
2680.0 1.0099481026374233e-08
2681.0 1.0095048761092e-08
2682.0 1.0090616495809764e-08
2683.0 1.008618423052753e-08
2684.0 1.0081751965245298e-08
2685.0 1.0077319699963062e-08
2686.0 1.0072887434680828e-08
2687.0 1.0068455169398593e-08
2688.0 1.006402290411636e-08
2689.0 1.0059590638834127e-08
2690.0 1.0055158373551893e-08
2691.0 1.0050726108269656e-08
2692.0 1.0046293842987422e-08
2693.0 1.004186157770519e-08
2694.0 1.0037429312422956e-08
2695.0 1.0032997047140722e-08
2696.0 1.0028564781858487e-08
2697.0 1.0024132516576251e-08
2698.0 1.0019700251294019e-08
2699.0 1.0015267986011787e-08
2700.0 1.0010835720729553e-08
2701.0 1.0006403455447318e-08
2702.0 1.0001971190165082e-08
2703.0 9.997538924882848e-09
2704.0 9.993106659600616e-09
2705.0 9.98867439431838e-09
2706.0 9.984242129036145e-09
2707.0 9.979809863753913e-09
2708.0 9.97537759847168e-09
2709.0 9.970945333189445e-09
2710.0 9.966513067907212e-09
2711.0 9.962080802624978e-09
2712.0 9.95764853734274e-09
2713.0 9.953216272060507e-09
2714.0 9.948784006778271e-09
2715.0 9.94435174149604e-09
2716.0 9.939919476213807e-09
2717.0 9.93548721093157e-09
2718.0 9.931054945649338e-09
2719.0 9.926622680367104e-09
2720.0 9.92219041508487e-09
2721.0 9.917758149802634e-09
2722.0 9.913325884520402e-09
2723.0 9.908893619238167e-09
2724.0 9.904461353955933e-09
2725.0 9.900029088673697e-09
2726.0 9.895596823391467e-09
2727.0 9.891164558109231e-09
2728.0 9.886732292826998e-09
2729.0 9.88230002754476e-09
2730.0 9.877867762262527e-09
2731.0 9.873435496980296e-09
2732.0 9.869003231698062e-09
2733.0 9.864570966415827e-09
2734.0 9.860138701133591e-09
2735.0 9.855706435851356e-09
2736.0 9.851274170569124e-09
2737.0 9.846841905286891e-09
2738.0 9.842409640004658e-09
2739.0 9.837977374722422e-09
2740.0 9.833545109440187e-09
2741.0 9.829112844157953e-09
2742.0 9.82468057887572e-09
2743.0 9.820248313593485e-09
2744.0 9.81581604831125e-09
2745.0 9.811383783029018e-09
2746.0 9.806951517746784e-09
2747.0 9.80251925246455e-09
2748.0 9.798086987182316e-09
2749.0 9.793654721900082e-09
2750.0 9.789222456617845e-09
2751.0 9.784790191335611e-09
2752.0 9.780357926053377e-09
2753.0 9.775925660771145e-09
2754.0 9.771493395488911e-09
2755.0 9.767061130206678e-09
2756.0 9.762628864924442e-09
2757.0 9.758196599642208e-09
2758.0 9.753764334359974e-09
2759.0 9.749332069077739e-09
2760.0 9.744899803795507e-09
2761.0 9.740467538513273e-09
2762.0 9.736035273231037e-09
2763.0 9.731603007948804e-09
2764.0 9.727170742666571e-09
2765.0 9.722738477384336e-09
2766.0 9.718306212102102e-09
2767.0 9.713873946819867e-09
2768.0 9.709441681537631e-09
2769.0 9.7050094162554e-09
2770.0 9.700577150973167e-09
2771.0 9.696144885690931e-09
2772.0 9.691712620408696e-09
2773.0 9.687280355126464e-09
2774.0 9.682848089844228e-09
2775.0 9.678415824561996e-09
2776.0 9.673983559279762e-09
2777.0 9.669551293997527e-09
2778.0 9.665119028715291e-09
2779.0 9.660686763433059e-09
2780.0 9.656254498150827e-09
2781.0 9.651822232868591e-09
2782.0 9.647389967586356e-09
2783.0 9.642957702304122e-09
2784.0 9.638525437021888e-09
2785.0 9.634093171739654e-09
2786.0 9.629660906457419e-09
2787.0 9.625228641175187e-09
2788.0 9.620796375892953e-09
2789.0 9.616364110610719e-09
2790.0 9.611931845328482e-09
2791.0 9.607499580046251e-09
2792.0 9.603067314764016e-09
2793.0 9.59863504948178e-09
2794.0 9.594202784199547e-09
2795.0 9.589770518917314e-09
2796.0 9.58533825363508e-09
2797.0 9.580905988352847e-09
2798.0 9.576473723070611e-09
2799.0 9.572041457788377e-09
2800.0 9.567609192506142e-09
2801.0 9.563176927223908e-09
2802.0 9.558744661941676e-09
2803.0 9.554312396659444e-09
2804.0 9.549880131377207e-09
2805.0 9.545447866094971e-09
2806.0 9.541015600812739e-09
2807.0 9.536583335530505e-09
2808.0 9.532151070248271e-09
2809.0 9.527718804966036e-09
2810.0 9.5232865396838e-09
2811.0 9.518854274401568e-09
2812.0 9.514422009119336e-09
2813.0 9.5099897438371e-09
2814.0 9.505557478554867e-09
2815.0 9.501125213272631e-09
2816.0 9.496692947990396e-09
2817.0 9.492260682708163e-09
2818.0 9.487828417425931e-09
2819.0 9.483396152143696e-09
2820.0 9.47896388686146e-09
2821.0 9.474531621579228e-09
2822.0 9.470099356296993e-09
2823.0 9.465667091014759e-09
2824.0 9.461234825732525e-09
2825.0 9.456802560450291e-09
2826.0 9.452370295168057e-09
2827.0 9.447938029885823e-09
2828.0 9.443505764603586e-09
2829.0 9.439073499321356e-09
2830.0 9.434641234039122e-09
2831.0 9.430208968756885e-09
2832.0 9.425776703474651e-09
2833.0 9.421344438192417e-09
2834.0 9.416912172910185e-09
2835.0 9.412479907627951e-09
2836.0 9.408047642345716e-09
2837.0 9.403615377063482e-09
2838.0 9.399183111781246e-09
2839.0 9.394750846499013e-09
2840.0 9.39031858121678e-09
2841.0 9.385886315934548e-09
2842.0 9.381454050652311e-09
2843.0 9.377021785370076e-09
2844.0 9.372589520087843e-09
2845.0 9.36815725480561e-09
2846.0 9.363724989523376e-09
2847.0 9.35929272424114e-09
2848.0 9.354860458958905e-09
2849.0 9.350428193676673e-09
2850.0 9.34599592839444e-09
2851.0 9.341563663112205e-09
2852.0 9.337131397829971e-09
2853.0 9.332699132547736e-09
2854.0 9.3282668672655e-09
2855.0 9.323834601983268e-09
2856.0 9.319402336701036e-09
2857.0 9.3149700714188e-09
2858.0 9.310537806136565e-09
2859.0 9.306105540854333e-09
2860.0 9.301673275572097e-09
2861.0 9.297241010289863e-09
2862.0 9.29280874500763e-09
2863.0 9.288376479725396e-09
2864.0 9.283944214443162e-09
2865.0 9.279511949160928e-09
2866.0 9.275079683878691e-09
2867.0 9.27064741859646e-09
2868.0 9.266215153314226e-09
2869.0 9.261782888031991e-09
2870.0 9.257350622749756e-09
2871.0 9.252918357467522e-09
2872.0 9.24848609218529e-09
2873.0 9.244053826903056e-09
2874.0 9.239621561620822e-09
2875.0 9.235189296338586e-09
2876.0 9.230757031056351e-09
2877.0 9.226324765774119e-09
2878.0 9.221892500491885e-09
2879.0 9.21776427974231e-09
2880.0 9.213766624829623e-09
2881.0 9.209768969916939e-09
2882.0 9.205771315004255e-09
2883.0 9.201773660091572e-09
2884.0 9.197776005178886e-09
2885.0 9.193778350266202e-09
2886.0 9.18978069535352e-09
2887.0 9.185783040440836e-09
2888.0 9.181785385528151e-09
2889.0 9.177787730615468e-09
2890.0 9.173790075702786e-09
2891.0 9.169792420790103e-09
2892.0 9.165794765877417e-09
2893.0 9.161797110964732e-09
2894.0 9.157799456052047e-09
2895.0 9.153801801139365e-09
2896.0 9.149804146226682e-09
2897.0 9.145806491313997e-09
2898.0 9.141808836401314e-09
2899.0 9.13781118148863e-09
2900.0 9.133813526575944e-09
2901.0 9.129815871663261e-09
2902.0 9.125818216750576e-09
2903.0 9.121820561837895e-09
2904.0 9.117822906925211e-09
2905.0 9.113825252012525e-09
2906.0 9.109827597099842e-09
2907.0 9.105829942187159e-09
2908.0 9.101832287274474e-09
2909.0 9.09783463236179e-09
2910.0 9.093836977449107e-09
2911.0 9.089839322536424e-09
2912.0 9.08584166762374e-09
2913.0 9.081844012711056e-09
2914.0 9.077846357798371e-09
2915.0 9.073848702885688e-09
2916.0 9.069851047973003e-09
2917.0 9.065853393060321e-09
2918.0 9.061855738147638e-09
2919.0 9.057858083234952e-09
2920.0 9.053860428322268e-09
2921.0 9.049862773409584e-09
2922.0 9.045865118496899e-09
2923.0 9.041867463584217e-09
2924.0 9.037869808671532e-09
2925.0 9.03387215375885e-09
2926.0 9.029874498846166e-09
2927.0 9.02587684393348e-09
2928.0 9.021879189020798e-09
2929.0 9.017881534108115e-09
2930.0 9.01388387919543e-09
2931.0 9.009886224282747e-09
2932.0 9.005888569370062e-09
2933.0 9.001890914457377e-09
2934.0 8.997893259544697e-09
2935.0 8.993895604632012e-09
2936.0 8.989897949719327e-09
2937.0 8.985900294806644e-09
2938.0 8.981902639893959e-09
2939.0 8.977904984981276e-09
2940.0 8.973907330068591e-09
2941.0 8.969909675155906e-09
2942.0 8.965912020243225e-09
2943.0 8.96191436533054e-09
2944.0 8.957916710417857e-09
2945.0 8.953919055505172e-09
2946.0 8.949921400592488e-09
2947.0 8.945923745679805e-09
2948.0 8.941926090767119e-09
2949.0 8.937928435854436e-09
2950.0 8.933930780941754e-09
2951.0 8.929933126029069e-09
2952.0 8.925935471116384e-09
2953.0 8.921937816203701e-09
2954.0 8.917940161291018e-09
2955.0 8.913942506378333e-09
2956.0 8.90994485146565e-09
2957.0 8.905947196552967e-09
2958.0 8.90194954164028e-09
2959.0 8.897951886727598e-09
2960.0 8.893954231814915e-09
2961.0 8.88995657690223e-09
2962.0 8.885958921989545e-09
2963.0 8.881961267076864e-09
2964.0 8.877963612164179e-09
2965.0 8.873965957251494e-09
2966.0 8.869968302338811e-09
2967.0 8.865970647426126e-09
2968.0 8.861972992513445e-09
2969.0 8.85797533760076e-09
2970.0 8.853977682688075e-09
2971.0 8.84998002777539e-09
2972.0 8.845982372862708e-09
2973.0 8.841984717950025e-09
2974.0 8.83798706303734e-09
2975.0 8.833989408124657e-09
2976.0 8.829991753211974e-09
2977.0 8.825994098299289e-09
2978.0 8.821996443386606e-09
2979.0 8.81799878847392e-09
2980.0 8.814001133561238e-09
2981.0 8.810003478648555e-09
2982.0 8.806005823735871e-09
2983.0 8.802008168823186e-09
2984.0 8.798010513910502e-09
2985.0 8.794012858997818e-09
2986.0 8.790015204085134e-09
2987.0 8.78601754917245e-09
2988.0 8.782019894259767e-09
2989.0 8.778022239347082e-09
2990.0 8.774024584434399e-09
2991.0 8.770026929521714e-09
2992.0 8.766029274609031e-09
2993.0 8.762031619696348e-09
2994.0 8.758033964783665e-09
2995.0 8.754036309870981e-09
2996.0 8.750038654958295e-09
2997.0 8.746041000045612e-09
2998.0 8.742043345132927e-09
2999.0 8.738045690220245e-09
3000.0 8.73404803530756e-09
3001.0 8.730050380394875e-09
3002.0 8.726052725482194e-09
3003.0 8.722055070569507e-09
3004.0 8.718057415656823e-09
3005.0 8.714059760744141e-09
3006.0 8.710062105831458e-09
3007.0 8.706064450918775e-09
3008.0 8.702066796006088e-09
3009.0 8.698069141093406e-09
3010.0 8.694071486180722e-09
3011.0 8.690073831268037e-09
3012.0 8.686076176355355e-09
3013.0 8.682078521442669e-09
3014.0 8.678080866529987e-09
3015.0 8.674083211617302e-09
3016.0 8.670085556704619e-09
3017.0 8.666087901791934e-09
3018.0 8.662090246879251e-09
3019.0 8.65809259196657e-09
3020.0 8.654094937053883e-09
3021.0 8.6500972821412e-09
3022.0 8.646099627228516e-09
3023.0 8.64210197231583e-09
3024.0 8.638104317403148e-09
3025.0 8.634106662490462e-09
3026.0 8.630109007577779e-09
3027.0 8.626111352665097e-09
3028.0 8.622113697752414e-09
3029.0 8.618116042839729e-09
3030.0 8.614118387927044e-09
3031.0 8.610120733014361e-09
3032.0 8.606123078101676e-09
3033.0 8.602125423188993e-09
3034.0 8.59812776827631e-09
3035.0 8.594130113363625e-09
3036.0 8.590132458450942e-09
3037.0 8.58613480353826e-09
3038.0 8.582137148625573e-09
3039.0 8.57813949371289e-09
3040.0 8.574141838800207e-09
3041.0 8.570144183887524e-09
3042.0 8.566146528974839e-09
3043.0 8.562148874062154e-09
3044.0 8.55815121914947e-09
3045.0 8.554153564236788e-09
3046.0 8.550155909324104e-09
3047.0 8.546158254411418e-09
3048.0 8.542160599498735e-09
3049.0 8.538162944586052e-09
3050.0 8.534165289673368e-09
3051.0 8.530167634760683e-09
3052.0 8.526169979848e-09
3053.0 8.522172324935317e-09
3054.0 8.518174670022632e-09
3055.0 8.514177015109949e-09
3056.0 8.510179360197264e-09
3057.0 8.506181705284581e-09
3058.0 8.502184050371898e-09
3059.0 8.498186395459214e-09
3060.0 8.49418874054653e-09
3061.0 8.490191085633845e-09
3062.0 8.486193430721162e-09
3063.0 8.482195775808477e-09
3064.0 8.478198120895793e-09
3065.0 8.47420046598311e-09
3066.0 8.470202811070425e-09
3067.0 8.466205156157742e-09
3068.0 8.462207501245057e-09
3069.0 8.458209846332374e-09
3070.0 8.454212191419691e-09
3071.0 8.450214536507008e-09
3072.0 8.446216881594324e-09
3073.0 8.442219226681638e-09
3074.0 8.438221571768956e-09
3075.0 8.434223916856271e-09
3076.0 8.430226261943588e-09
3077.0 8.426228607030903e-09
3078.0 8.422230952118219e-09
3079.0 8.418233297205537e-09
3080.0 8.414235642292852e-09
3081.0 8.410237987380166e-09
3082.0 8.406240332467484e-09
3083.0 8.402242677554801e-09
3084.0 8.398245022642118e-09
3085.0 8.394247367729433e-09
3086.0 8.39024971281675e-09
3087.0 8.386252057904065e-09
3088.0 8.38225440299138e-09
3089.0 8.378256748078698e-09
3090.0 8.374259093166012e-09
3091.0 8.37026143825333e-09
3092.0 8.366263783340645e-09
3093.0 8.362266128427962e-09
3094.0 8.358268473515277e-09
3095.0 8.354270818602594e-09
3096.0 8.35027316368991e-09
3097.0 8.346275508777226e-09
3098.0 8.342277853864543e-09
3099.0 8.33828019895186e-09
3100.0 8.334282544039173e-09
