2.0 1.6841706088351656e-06
3.0 2.129022678358764e-06
4.0 2.478551875312919e-06
5.0 2.7481309901396634e-06
6.0 2.9522379033571284e-06
7.0 3.1011324694217417e-06
8.0 3.200102940751385e-06
9.0 3.2608188807785987e-06
10.0 3.287782227183036e-06
11.0 3.288818583918868e-06
12.0 3.2670019560120873e-06
13.0 3.2284835452896764e-06
14.0 3.1773911262150516e-06
15.0 3.11681524877265e-06
16.0 3.0504823211515236e-06
17.0 2.9785500336553723e-06
18.0 2.9042530372154078e-06
19.0 2.8292746851011744e-06
20.0 2.7542440068033896e-06
21.0 2.680056617239257e-06
22.0 2.6070044327802276e-06
23.0 2.5350455100682933e-06
24.0 2.4661813716795767e-06
25.0 2.398123881706629e-06
26.0 2.333687260526924e-06
27.0 2.269920026533656e-06
28.0 2.209910860157693e-06
29.0 2.1502722462334244e-06
30.0 2.094718197004218e-06
31.0 2.039164147775011e-06
32.0 1.987447807626856e-06
33.0 1.9363777377539205e-06
34.0 1.887334693158533e-06
35.0 1.840700019535254e-06
36.0 1.7940653459119759e-06
37.0 1.750946225173553e-06
38.0 1.7083367788309014e-06
39.0 1.6660946439165284e-06
40.0 1.6275328839591192e-06
41.0 1.5889711240017119e-06
42.0 1.5507672552626856e-06
43.0 1.5160217336854268e-06
44.0 1.481276212108168e-06
45.0 1.4465306905309094e-06
46.0 1.4147785072313732e-06
47.0 1.3834895896446075e-06
48.0 1.3522006720578418e-06
49.0 1.3222120365146287e-06
50.0 1.2942610083412391e-06
51.0 1.2663099801678496e-06
52.0 1.23835895199446e-06
53.0 1.2123890879457472e-06
54.0 1.1875079285127317e-06
55.0 1.162626769079716e-06
56.0 1.1377456096467002e-06
57.0 1.1146565397027833e-06
58.0 1.0926999557922887e-06
59.0 1.0707433718817938e-06
60.0 1.0487867879712989e-06
61.0 1.0275314836252383e-06
62.0 1.008176353102425e-06
63.0 9.888212225796116e-07
64.0 9.69466092056798e-07
65.0 9.501109615339846e-07
66.0 9.321906080336581e-07
67.0 9.152597307277788e-07
68.0 8.983288534218994e-07
69.0 8.813979761160199e-07
70.0 8.644670988101407e-07
71.0 8.487690690623908e-07
72.0 8.340642961271473e-07
73.0 8.193595231919034e-07
74.0 8.046547502566601e-07
75.0 7.899499773214162e-07
76.0 7.754955070615657e-07
77.0 7.627503053841218e-07
78.0 7.500051037066774e-07
79.0 7.372599020292334e-07
80.0 7.245147003517892e-07
81.0 7.117694986743452e-07
82.0 6.995331210367025e-07
83.0 6.885813728733157e-07
84.0 6.776296247099287e-07
85.0 6.666778765465421e-07
86.0 6.557261283831554e-07
87.0 6.447743802197686e-07
88.0 6.338226320563819e-07
89.0 6.243959362940946e-07
90.0 6.149853337145879e-07
91.0 6.055747311350811e-07
92.0 5.961641285555745e-07
93.0 5.867535259760677e-07
94.0 5.77342923396561e-07
95.0 5.682387006066949e-07
96.0 5.602828962445298e-07
97.0 5.523270918823645e-07
98.0 5.443712875201991e-07
99.0 5.36415483158034e-07
100.0 5.284596787958687e-07
101.0 5.205038744337033e-07
102.0 5.125480700715382e-07
103.0 5.056620976917668e-07
104.0 4.988825847762877e-07
105.0 4.92103071860809e-07
106.0 4.8532355894533e-07
107.0 4.785440460298512e-07
108.0 4.7176453311437223e-07
109.0 4.6498502019889337e-07
110.0 4.5825273775408606e-07
111.0 4.5249934630100985e-07
112.0 4.4674595484793375e-07
113.0 4.4099256339485766e-07
114.0 4.3523917194178145e-07
115.0 4.294857804887055e-07
116.0 4.237323890356293e-07
117.0 4.179789975825532e-07
118.0 4.122256061294771e-07
119.0 4.070445990196665e-07
120.0 4.0228341251444616e-07
121.0 3.9752222600922583e-07
122.0 3.927610395040054e-07
123.0 3.8799985299878507e-07
124.0 3.8323866649356474e-07
125.0 3.7847747998834435e-07
126.0 3.737162934831241e-07
127.0 3.689551069779037e-07
128.0 3.645310339867378e-07
129.0 3.6051010134447404e-07
130.0 3.5648916870221047e-07
131.0 3.524682360599468e-07
132.0 3.4844730341768305e-07
133.0 3.444263707754193e-07
134.0 3.404054381331557e-07
135.0 3.36384505490892e-07
136.0 3.323635728486283e-07
137.0 3.2834264020636463e-07
138.0 3.24742162730683e-07
139.0 3.213871954685299e-07
140.0 3.180322282063768e-07
141.0 3.146772609442237e-07
142.0 3.113222936820706e-07
143.0 3.079673264199176e-07
144.0 3.046123591577644e-07
145.0 3.0125739189561134e-07
146.0 2.9790242463345824e-07
147.0 2.9454745737130514e-07
148.0 2.912222491552122e-07
149.0 2.8845542326672993e-07
150.0 2.856885973782477e-07
151.0 2.829217714897655e-07
152.0 2.8015494560128325e-07
153.0 2.7738811971280097e-07
154.0 2.746212938243187e-07
155.0 2.7185446793583646e-07
156.0 2.690876420473541e-07
157.0 2.66320816158872e-07
158.0 2.635539902703897e-07
159.0 2.607871643819074e-07
160.0 2.583276429818032e-07
161.0 2.5603007492449845e-07
162.0 2.537325068671936e-07
163.0 2.5143493880988895e-07
164.0 2.491373707525842e-07
165.0 2.468398026952794e-07
166.0 2.4454223463797473e-07
167.0 2.422446665806698e-07
168.0 2.399470985233652e-07
169.0 2.3764953046606032e-07
170.0 2.3535196240875557e-07
171.0 2.3305439435145082e-07
172.0 2.3091424122494273e-07
173.0 2.2902940383768801e-07
174.0 2.2714456645043317e-07
175.0 2.2525972906317848e-07
176.0 2.2337489167592374e-07
177.0 2.2149005428866898e-07
178.0 2.196052169014142e-07
179.0 2.1772037951415947e-07
180.0 2.158355421269047e-07
181.0 2.1395070473964997e-07
182.0 2.120658673523952e-07
183.0 2.1018102996514046e-07
184.0 2.0829619257788578e-07
185.0 2.0646495052867132e-07
186.0 2.0490979678301798e-07
187.0 2.0335464303736475e-07
188.0 2.0179948929171142e-07
189.0 2.0024433554605805e-07
190.0 1.986891818004048e-07
191.0 1.971340280547515e-07
192.0 1.9557887430909818e-07
193.0 1.9402372056344484e-07
194.0 1.9246856681779158e-07
195.0 1.9091341307213828e-07
196.0 1.893582593264849e-07
197.0 1.8780310558083166e-07
198.0 1.8624795183517837e-07
199.0 1.8469279808952506e-07
200.0 1.8339880593912205e-07
201.0 1.821258183523411e-07
202.0 1.808528307655601e-07
203.0 1.7957984317877915e-07
204.0 1.7830685559199817e-07
205.0 1.770338680052172e-07
206.0 1.7576088041843623e-07
207.0 1.744878928316553e-07
208.0 1.732149052448743e-07
209.0 1.719419176580934e-07
210.0 1.706689300713124e-07
211.0 1.6939594248453148e-07
212.0 1.6812295489775044e-07
213.0 1.668499673109695e-07
214.0 1.6557697972418853e-07
215.0 1.6444413338696742e-07
216.0 1.6340788876734792e-07
217.0 1.623716441477285e-07
218.0 1.6133539952810895e-07
219.0 1.6029915490848945e-07
220.0 1.5926291028886995e-07
221.0 1.5822666566925045e-07
222.0 1.5719042104963098e-07
223.0 1.5615417643001146e-07
224.0 1.5511793181039198e-07
225.0 1.5408168719077249e-07
226.0 1.5304544257115296e-07
227.0 1.5200919795153343e-07
228.0 1.50972953331914e-07
229.0 1.499367087122945e-07
230.0 1.48900464092675e-07
231.0 1.478784639106302e-07
232.0 1.4702652230649522e-07
233.0 1.4617458070236023e-07
234.0 1.4532263909822527e-07
235.0 1.444706974940903e-07
236.0 1.436187558899553e-07
237.0 1.4276681428582032e-07
238.0 1.4191487268168534e-07
239.0 1.4106293107755035e-07
240.0 1.402109894734154e-07
241.0 1.3935904786928044e-07
242.0 1.3850710626514545e-07
243.0 1.3765516466101047e-07
244.0 1.3680322305687548e-07
245.0 1.3595128145274047e-07
246.0 1.3509933984860554e-07
247.0 1.3424739824447056e-07
248.0 1.3339545664033557e-07
249.0 1.325905862534163e-07
250.0 1.3190063106720714e-07
251.0 1.312106758809979e-07
252.0 1.3052072069478873e-07
253.0 1.298307655085795e-07
254.0 1.2914081032237031e-07
255.0 1.2845085513616112e-07
256.0 1.2776089994995193e-07
257.0 1.270709447637427e-07
258.0 1.2638098957753354e-07
259.0 1.2569103439132433e-07
260.0 1.2500107920511513e-07
261.0 1.2431112401890594e-07
262.0 1.236211688326967e-07
263.0 1.2293121364648756e-07
264.0 1.2224125846027834e-07
265.0 1.2155130327406915e-07
266.0 1.2086134808785995e-07
267.0 1.2017139290165076e-07
268.0 1.194989571744379e-07
269.0 1.1893986587075576e-07
270.0 1.1838077456707364e-07
271.0 1.1782168326339152e-07
272.0 1.1726259195970941e-07
273.0 1.1670350065602729e-07
274.0 1.1614440935234516e-07
275.0 1.1558531804866304e-07
276.0 1.1502622674498092e-07
277.0 1.1446713544129881e-07
278.0 1.1390804413761665e-07
279.0 1.1334895283393453e-07
280.0 1.1278986153025242e-07
281.0 1.122307702265703e-07
282.0 1.1167167892288815e-07
283.0 1.1111258761920605e-07
284.0 1.1055349631552394e-07
285.0 1.099944050118418e-07
286.0 1.0943531370815971e-07
287.0 1.0887622240447755e-07
288.0 1.0831713110079544e-07
289.0 1.07809513865541e-07
290.0 1.0735303663957566e-07
291.0 1.0689655941361035e-07
292.0 1.0644008218764505e-07
293.0 1.0598360496167971e-07
294.0 1.055271277357144e-07
295.0 1.0507065050974906e-07
296.0 1.0461417328378374e-07
297.0 1.0415769605781842e-07
298.0 1.0370121883185309e-07
299.0 1.0324474160588778e-07
300.0 1.0278826437992247e-07
301.0 1.0233178715395713e-07
302.0 1.0187530992799181e-07
303.0 1.0141883270202648e-07
304.0 1.0096235547606116e-07
305.0 1.0050587825009584e-07
306.0 1.0004940102413051e-07
307.0 9.95929237981652e-08
308.0 9.913644657219988e-08
309.0 9.867996934623455e-08
310.0 9.822349212026923e-08
311.0 9.779117642138398e-08
312.0 9.742093123148748e-08
313.0 9.705068604159097e-08
314.0 9.668044085169448e-08
315.0 9.631019566179798e-08
316.0 9.593995047190147e-08
317.0 9.556970528200497e-08
318.0 9.519946009210849e-08
319.0 9.482921490221197e-08
320.0 9.44589697123155e-08
321.0 9.408872452241899e-08
322.0 9.371847933252247e-08
323.0 9.334823414262597e-08
324.0 9.297798895272949e-08
325.0 9.260774376283296e-08
326.0 9.223749857293649e-08
327.0 9.186725338303997e-08
328.0 9.14970081931435e-08
329.0 9.112676300324699e-08
330.0 9.07565178133505e-08
331.0 9.038627262345399e-08
332.0 9.001602743355748e-08
333.0 8.964578224366098e-08
334.0 8.927553705376448e-08
335.0 8.892937135833578e-08
336.0 8.862848717502244e-08
337.0 8.832760299170905e-08
338.0 8.802671880839573e-08
339.0 8.772583462508237e-08
340.0 8.742495044176902e-08
341.0 8.712406625845566e-08
342.0 8.682318207514231e-08
343.0 8.652229789182896e-08
344.0 8.622141370851562e-08
345.0 8.592052952520227e-08
346.0 8.56196453418889e-08
347.0 8.531876115857556e-08
348.0 8.50178769752622e-08
349.0 8.471699279194883e-08
350.0 8.44161086086355e-08
351.0 8.411522442532212e-08
352.0 8.381434024200879e-08
353.0 8.351345605869543e-08
354.0 8.321257187538208e-08
355.0 8.291168769206873e-08
356.0 8.261080350875538e-08
357.0 8.230991932544203e-08
358.0 8.200903514212867e-08
359.0 8.170815095881534e-08
360.0 8.140726677550196e-08
361.0 8.113884501461676e-08
362.0 8.089484233777208e-08
363.0 8.065083966092739e-08
364.0 8.040683698408273e-08
365.0 8.016283430723801e-08
366.0 7.991883163039332e-08
367.0 7.967482895354864e-08
368.0 7.943082627670395e-08
369.0 7.918682359985928e-08
370.0 7.894282092301459e-08
371.0 7.869881824616991e-08
372.0 7.845481556932522e-08
373.0 7.821081289248053e-08
374.0 7.796681021563585e-08
375.0 7.772280753879116e-08
376.0 7.747880486194648e-08
377.0 7.72348021851018e-08
378.0 7.699079950825712e-08
379.0 7.674679683141242e-08
380.0 7.650279415456774e-08
381.0 7.625879147772307e-08
382.0 7.601478880087835e-08
383.0 7.57707861240337e-08
384.0 7.552678344718899e-08
385.0 7.528278077034429e-08
386.0 7.503877809349964e-08
387.0 7.479477541665494e-08
388.0 7.455077273981026e-08
389.0 7.4342839633349e-08
390.0 7.414343197666788e-08
391.0 7.394402431998681e-08
392.0 7.374461666330569e-08
393.0 7.354520900662461e-08
394.0 7.33458013499435e-08
395.0 7.31463936932624e-08
396.0 7.294698603658131e-08
397.0 7.274757837990021e-08
398.0 7.254817072321911e-08
399.0 7.234876306653802e-08
400.0 7.21493554098569e-08
401.0 7.194994775317583e-08
402.0 7.175054009649473e-08
403.0 7.155113243981364e-08
404.0 7.135172478313252e-08
405.0 7.115231712645142e-08
406.0 7.095290946977034e-08
407.0 7.075350181308923e-08
408.0 7.055409415640812e-08
409.0 7.035468649972704e-08
410.0 7.015527884304593e-08
411.0 6.995587118636485e-08
412.0 6.975646352968375e-08
413.0 6.955705587300267e-08
414.0 6.935764821632156e-08
415.0 6.915824055964044e-08
416.0 6.895883290295936e-08
417.0 6.875942524627826e-08
418.0 6.856001758959716e-08
419.0 6.839307235228216e-08
420.0 6.822939251170032e-08
421.0 6.80657126711185e-08
422.0 6.790203283053664e-08
423.0 6.77383529899548e-08
424.0 6.757467314937298e-08
425.0 6.741099330879114e-08
426.0 6.72473134682093e-08
427.0 6.708363362762744e-08
428.0 6.691995378704562e-08
429.0 6.675627394646377e-08
430.0 6.659259410588191e-08
431.0 6.642891426530009e-08
432.0 6.626523442471826e-08
433.0 6.610155458413642e-08
434.0 6.593787474355457e-08
435.0 6.577419490297274e-08
436.0 6.56105150623909e-08
437.0 6.544683522180908e-08
438.0 6.528315538122722e-08
439.0 6.511947554064537e-08
440.0 6.495579570006355e-08
441.0 6.479211585948172e-08
442.0 6.462843601889985e-08
443.0 6.446475617831803e-08
444.0 6.430107633773619e-08
445.0 6.413739649715435e-08
446.0 6.397371665657252e-08
447.0 6.381003681599067e-08
448.0 6.364635697540883e-08
449.0 6.348267713482699e-08
450.0 6.331899729424518e-08
451.0 6.317702841764465e-08
452.0 6.304412972768857e-08
453.0 6.291123103773248e-08
454.0 6.277833234777638e-08
455.0 6.264543365782029e-08
456.0 6.25125349678642e-08
457.0 6.237963627790812e-08
458.0 6.224673758795203e-08
459.0 6.211383889799595e-08
460.0 6.198094020803985e-08
461.0 6.184804151808377e-08
462.0 6.171514282812768e-08
463.0 6.158224413817159e-08
464.0 6.144934544821551e-08
465.0 6.131644675825942e-08
466.0 6.118354806830332e-08
467.0 6.105064937834723e-08
468.0 6.091775068839114e-08
469.0 6.078485199843506e-08
470.0 6.065195330847896e-08
471.0 6.051905461852287e-08
472.0 6.038615592856678e-08
473.0 6.025325723861067e-08
474.0 6.012035854865458e-08
475.0 5.99874598586985e-08
476.0 5.985456116874241e-08
477.0 5.972166247878633e-08
478.0 5.958876378883024e-08
479.0 5.9455865098874156e-08
480.0 5.9322966408918076e-08
481.0 5.919006771896196e-08
482.0 5.9057169029005884e-08
483.0 5.892427033904979e-08
484.0 5.8791371649093705e-08
485.0 5.865895319712717e-08
486.0 5.85482644586554e-08
487.0 5.8437575720183666e-08
488.0 5.8326886981711914e-08
489.0 5.8216198243240155e-08
490.0 5.8105509504768423e-08
491.0 5.799482076629667e-08
492.0 5.788413202782491e-08
493.0 5.777344328935317e-08
494.0 5.766275455088143e-08
495.0 5.7552065812409684e-08
496.0 5.7441377073937945e-08
497.0 5.7330688335466187e-08
498.0 5.721999959699443e-08
499.0 5.710931085852269e-08
500.0 5.699862212005094e-08
501.0 5.68879333815792e-08
502.0 5.677724464310746e-08
503.0 5.66665559046357e-08
504.0 5.655586716616396e-08
505.0 5.644517842769222e-08
506.0 5.633448968922046e-08
507.0 5.6223800950748714e-08
508.0 5.611311221227696e-08
509.0 5.600242347380523e-08
510.0 5.589173473533348e-08
511.0 5.578104599686174e-08
512.0 5.5670357258389974e-08
513.0 5.5559668519918236e-08
514.0 5.544897978144648e-08
515.0 5.533829104297473e-08
516.0 5.5227602304503006e-08
517.0 5.511691356603125e-08
518.0 5.5006224827559496e-08
519.0 5.489553608908777e-08
520.0 5.478484735061601e-08
521.0 5.467415861214427e-08
522.0 5.456346987367252e-08
523.0 5.4465292990263584e-08
524.0 5.4373379048234356e-08
525.0 5.4281465106205154e-08
526.0 5.418955116417594e-08
527.0 5.409763722214671e-08
528.0 5.4005723280117496e-08
529.0 5.3913809338088275e-08
530.0 5.3821895396059054e-08
531.0 5.372998145402984e-08
532.0 5.363806751200062e-08
533.0 5.35461535699714e-08
534.0 5.345423962794218e-08
535.0 5.336232568591296e-08
536.0 5.327041174388376e-08
537.0 5.3178497801854544e-08
538.0 5.308658385982533e-08
539.0 5.299466991779609e-08
540.0 5.2902755975766886e-08
541.0 5.281084203373766e-08
542.0 5.271892809170844e-08
543.0 5.262701414967923e-08
544.0 5.253510020765e-08
545.0 5.244318626562079e-08
546.0 5.235127232359156e-08
547.0 5.225935838156234e-08
548.0 5.216744443953313e-08
549.0 5.207553049750391e-08
550.0 5.198361655547469e-08
551.0 5.189170261344548e-08
552.0 5.1799788671416256e-08
553.0 5.1707874729387034e-08
554.0 5.161596078735782e-08
555.0 5.152404684532862e-08
556.0 5.143213290329939e-08
557.0 5.1340218961270175e-08
558.0 5.124830501924095e-08
559.0 5.115639107721173e-08
560.0 5.1064477135182504e-08
561.0 5.0972563193153276e-08
562.0 5.0880649251124075e-08
563.0 5.079530143661912e-08
564.0 5.0718518650582876e-08
565.0 5.064173586454662e-08
566.0 5.056495307851038e-08
567.0 5.048817029247411e-08
568.0 5.041138750643785e-08
569.0 5.033460472040161e-08
570.0 5.025782193436535e-08
571.0 5.0181039148329095e-08
572.0 5.010425636229284e-08
573.0 5.002747357625658e-08
574.0 4.995069079022033e-08
575.0 4.9873908004184076e-08
576.0 4.979712521814782e-08
577.0 4.972034243211157e-08
578.0 4.9643559646075306e-08
579.0 4.956677686003905e-08
580.0 4.948999407400278e-08
581.0 4.941321128796654e-08
582.0 4.9336428501930274e-08
583.0 4.925964571589404e-08
584.0 4.918286292985776e-08
585.0 4.910608014382152e-08
586.0 4.902929735778526e-08
587.0 4.895251457174901e-08
588.0 4.8875731785712736e-08
589.0 4.879894899967649e-08
590.0 4.872216621364022e-08
591.0 4.864538342760398e-08
592.0 4.8568600641567736e-08
593.0 4.8491817855531467e-08
594.0 4.841503506949521e-08
595.0 4.8338252283458954e-08
596.0 4.8261469497422704e-08
597.0 4.818468671138645e-08
598.0 4.81079039253502e-08
599.0 4.8031121139313935e-08
600.0 4.795433835327768e-08
601.0 4.787755556724142e-08
602.0 4.780077278120518e-08
603.0 4.77239899951689e-08
604.0 4.7647207209132666e-08
605.0 4.7570424423096396e-08
606.0 4.7494826648006675e-08
607.0 4.742959451899058e-08
608.0 4.7364362389974475e-08
609.0 4.72991302609584e-08
610.0 4.723389813194229e-08
611.0 4.716866600292618e-08
612.0 4.710343387391009e-08
613.0 4.7038201744893984e-08
614.0 4.697296961587791e-08
615.0 4.6907737486861804e-08
616.0 4.6842505357845714e-08
617.0 4.6777273228829624e-08
618.0 4.6712041099813514e-08
619.0 4.664680897079744e-08
620.0 4.6581576841781333e-08
621.0 4.651634471276523e-08
622.0 4.645111258374913e-08
623.0 4.638588045473303e-08
624.0 4.632064832571693e-08
625.0 4.6255416196700836e-08
626.0 4.6190184067684746e-08
627.0 4.612495193866865e-08
628.0 4.605971980965256e-08
629.0 4.599448768063646e-08
630.0 4.5929255551620366e-08
631.0 4.5864023422604256e-08
632.0 4.5798791293588166e-08
633.0 4.573355916457207e-08
634.0 4.566832703555598e-08
635.0 4.560309490653988e-08
636.0 4.5537862777523785e-08
637.0 4.547263064850768e-08
638.0 4.540739851949159e-08
639.0 4.53421663904755e-08
640.0 4.52769342614594e-08
641.0 4.5211702132443295e-08
642.0 4.5146470003427205e-08
643.0 4.5081237874411115e-08
644.0 4.501600574539501e-08
645.0 4.4950773616378915e-08
646.0 4.488554148736283e-08
647.0 4.482030935834672e-08
648.0 4.4755077229330624e-08
649.0 4.4689845100314534e-08
650.0 4.462461297129843e-08
651.0 4.4559380842282334e-08
652.0 4.449414871326625e-08
653.0 4.4433048247723163e-08
654.0 4.4377343486656964e-08
655.0 4.4321638725590765e-08
656.0 4.426593396452458e-08
657.0 4.4210229203458366e-08
658.0 4.415452444239217e-08
659.0 4.4098819681325975e-08
660.0 4.40431149202598e-08
661.0 4.398741015919359e-08
662.0 4.3931705398127403e-08
663.0 4.38760006370612e-08
664.0 4.382029587599501e-08
665.0 4.3764591114928806e-08
666.0 4.370888635386261e-08
667.0 4.365318159279642e-08
668.0 4.3597476831730215e-08
669.0 4.354177207066403e-08
670.0 4.348606730959783e-08
671.0 4.343036254853164e-08
672.0 4.337465778746544e-08
673.0 4.3318953026399245e-08
674.0 4.326324826533305e-08
675.0 4.3207543504266866e-08
676.0 4.315183874320066e-08
677.0 4.309613398213447e-08
678.0 4.304042922106826e-08
679.0 4.2984724460002076e-08
680.0 4.2929019698935877e-08
681.0 4.287331493786969e-08
682.0 4.2817610176803485e-08
683.0 4.276190541573729e-08
684.0 4.27062006546711e-08
685.0 4.26504958936049e-08
686.0 4.259479113253871e-08
687.0 4.253908637147252e-08
688.0 4.2483381610406316e-08
689.0 4.242767684934011e-08
690.0 4.2371972088273924e-08
691.0 4.2316267327207725e-08
692.0 4.226056256614154e-08
693.0 4.220485780507533e-08
694.0 4.214915304400914e-08
695.0 4.209344828294294e-08
696.0 4.203774352187675e-08
697.0 4.1982038760810556e-08
698.0 4.192633399974437e-08
699.0 4.1870629238678164e-08
700.0 4.1814924477611965e-08
701.0 4.175921971654578e-08
702.0 4.170351495547957e-08
703.0 4.1649089074515516e-08
704.0 4.160090347015842e-08
705.0 4.1552717865801305e-08
706.0 4.1504532261444207e-08
707.0 4.145634665708711e-08
708.0 4.140816105273001e-08
709.0 4.1359975448372917e-08
710.0 4.131178984401582e-08
711.0 4.126360423965871e-08
712.0 4.121541863530162e-08
713.0 4.116723303094452e-08
714.0 4.111904742658742e-08
715.0 4.1070861822230323e-08
716.0 4.1022676217873225e-08
717.0 4.097449061351611e-08
718.0 4.092630500915903e-08
719.0 4.087811940480192e-08
720.0 4.082993380044483e-08
721.0 4.0781748196087724e-08
722.0 4.0733562591730625e-08
723.0 4.068537698737353e-08
724.0 4.063719138301642e-08
725.0 4.058900577865933e-08
726.0 4.054082017430223e-08
727.0 4.049263456994513e-08
728.0 4.044444896558804e-08
729.0 4.039626336123094e-08
730.0 4.034807775687383e-08
731.0 4.029989215251673e-08
732.0 4.025170654815963e-08
733.0 4.020352094380254e-08
734.0 4.015533533944544e-08
735.0 4.010714973508834e-08
736.0 4.0058964130731234e-08
737.0 4.0010778526374135e-08
738.0 3.9962592922017036e-08
739.0 3.991440731765994e-08
740.0 3.986622171330283e-08
741.0 3.981803610894573e-08
742.0 3.976985050458864e-08
743.0 3.972166490023154e-08
744.0 3.9673479295874436e-08
745.0 3.9625293691517344e-08
746.0 3.957710808716024e-08
747.0 3.952892248280314e-08
748.0 3.948073687844604e-08
749.0 3.943255127408894e-08
750.0 3.938436566973184e-08
751.0 3.933618006537474e-08
752.0 3.928799446101764e-08
753.0 3.9239808856660546e-08
754.0 3.919162325230345e-08
755.0 3.9143437647946335e-08
756.0 3.909525204358924e-08
757.0 3.904728870877294e-08
758.0 3.900545777573048e-08
759.0 3.8963626842688036e-08
760.0 3.892179590964557e-08
761.0 3.887996497660311e-08
762.0 3.883813404356066e-08
763.0 3.87963031105182e-08
764.0 3.875447217747574e-08
765.0 3.8712641244433286e-08
766.0 3.8670810311390826e-08
767.0 3.8628979378348373e-08
768.0 3.85871484453059e-08
769.0 3.8545317512263455e-08
770.0 3.8503486579221e-08
771.0 3.846165564617854e-08
772.0 3.841982471313608e-08
773.0 3.837799378009362e-08
774.0 3.833616284705117e-08
775.0 3.829433191400872e-08
776.0 3.825250098096626e-08
777.0 3.8210670047923805e-08
778.0 3.816883911488134e-08
779.0 3.8127008181838886e-08
780.0 3.8085177248796433e-08
781.0 3.8043346315753974e-08
782.0 3.8001515382711514e-08
783.0 3.795968444966906e-08
784.0 3.79178535166266e-08
785.0 3.787602258358414e-08
786.0 3.783419165054169e-08
787.0 3.7792360717499224e-08
788.0 3.775052978445677e-08
789.0 3.770869885141432e-08
790.0 3.766686791837186e-08
791.0 3.7625036985329406e-08
792.0 3.7583206052286946e-08
793.0 3.754137511924449e-08
794.0 3.7499544186202034e-08
795.0 3.7457713253159574e-08
796.0 3.7415882320117115e-08
797.0 3.7374051387074655e-08
798.0 3.73322204540322e-08
799.0 3.729038952098975e-08
800.0 3.724855858794729e-08
801.0 3.720672765490484e-08
802.0 3.716489672186238e-08
803.0 3.712306578881991e-08
804.0 3.7081234855777465e-08
805.0 3.7039403922735006e-08
806.0 3.699757298969254e-08
807.0 3.6955742056650094e-08
808.0 3.691391112360763e-08
809.0 3.687208019056518e-08
810.0 3.683024925752272e-08
811.0 3.678841832448026e-08
812.0 3.674658739143781e-08
813.0 3.670475645839534e-08
814.0 3.66629255253529e-08
815.0 3.662109459231043e-08
816.0 3.658276297486821e-08
817.0 3.654572468156761e-08
818.0 3.650868638826702e-08
819.0 3.647164809496642e-08
820.0 3.643460980166582e-08
821.0 3.6397571508365225e-08
822.0 3.636053321506463e-08
823.0 3.632349492176403e-08
824.0 3.6286456628463445e-08
825.0 3.624941833516285e-08
826.0 3.6212380041862257e-08
827.0 3.617534174856165e-08
828.0 3.6138303455261075e-08
829.0 3.6101265161960464e-08
830.0 3.606422686865986e-08
831.0 3.602718857535927e-08
832.0 3.5990150282058684e-08
833.0 3.595311198875808e-08
834.0 3.591607369545748e-08
835.0 3.587903540215689e-08
836.0 3.584199710885629e-08
837.0 3.5804958815555696e-08
838.0 3.5767920522255105e-08
839.0 3.5730882228954514e-08
840.0 3.569384393565391e-08
841.0 3.565680564235332e-08
842.0 3.5619767349052715e-08
843.0 3.5582729055752124e-08
844.0 3.5545690762451526e-08
845.0 3.5508652469150935e-08
846.0 3.547161417585034e-08
847.0 3.543457588254974e-08
848.0 3.539753758924915e-08
849.0 3.536049929594855e-08
850.0 3.5323461002647953e-08
851.0 3.528642270934736e-08
852.0 3.5249384416046765e-08
853.0 3.5212346122746154e-08
854.0 3.517530782944557e-08
855.0 3.513826953614497e-08
856.0 3.510123124284438e-08
857.0 3.5064192949543783e-08
858.0 3.502715465624319e-08
859.0 3.4990116362942595e-08
860.0 3.495307806964199e-08
861.0 3.49160397763414e-08
862.0 3.48790014830408e-08
863.0 3.4841963189740204e-08
864.0 3.4804924896439613e-08
865.0 3.4767886603139016e-08
866.0 3.473084830983842e-08
867.0 3.469381001653783e-08
868.0 3.465677172323723e-08
869.0 3.461973342993663e-08
870.0 3.458269513663604e-08
871.0 3.454565684333544e-08
872.0 3.450861855003484e-08
873.0 3.447158025673424e-08
874.0 3.443454196343365e-08
875.0 3.439750367013306e-08
876.0 3.436046537683246e-08
877.0 3.432342708353187e-08
878.0 3.4286388790231267e-08
879.0 3.4253166143112347e-08
880.0 3.4220211328123606e-08
881.0 3.418725651313486e-08
882.0 3.4154301698146104e-08
883.0 3.412134688315737e-08
884.0 3.408839206816861e-08
885.0 3.405543725317987e-08
886.0 3.402248243819112e-08
887.0 3.3989527623202373e-08
888.0 3.3956572808213626e-08
889.0 3.3923617993224885e-08
890.0 3.389066317823613e-08
891.0 3.385770836324739e-08
892.0 3.382475354825864e-08
893.0 3.37917987332699e-08
894.0 3.375884391828115e-08
895.0 3.37258891032924e-08
896.0 3.369293428830366e-08
897.0 3.3659979473314905e-08
898.0 3.362702465832616e-08
899.0 3.359406984333741e-08
900.0 3.356111502834867e-08
901.0 3.352816021335992e-08
902.0 3.3495205398371175e-08
903.0 3.346225058338242e-08
904.0 3.342929576839368e-08
905.0 3.339634095340493e-08
906.0 3.3363386138416185e-08
907.0 3.333043132342744e-08
908.0 3.329747650843869e-08
909.0 3.326452169344994e-08
910.0 3.32315668784612e-08
911.0 3.319861206347245e-08
912.0 3.3165657248483707e-08
913.0 3.313270243349495e-08
914.0 3.3099747618506205e-08
915.0 3.306679280351745e-08
916.0 3.303383798852872e-08
917.0 3.300088317353997e-08
918.0 3.296792835855122e-08
919.0 3.293497354356247e-08
920.0 3.2902018728573733e-08
921.0 3.286906391358497e-08
922.0 3.283610909859623e-08
923.0 3.2803154283607484e-08
924.0 3.2770199468618744e-08
925.0 3.273724465362999e-08
926.0 3.270428983864125e-08
927.0 3.26713350236525e-08
928.0 3.2638380208663754e-08
929.0 3.2605425393675006e-08
930.0 3.257247057868625e-08
931.0 3.253951576369751e-08
932.0 3.250656094870877e-08
933.0 3.247360613372001e-08
934.0 3.244065131873127e-08
935.0 3.2407696503742515e-08
936.0 3.237474168875377e-08
937.0 3.234178687376503e-08
938.0 3.2308832058776286e-08
939.0 3.227587724378753e-08
940.0 3.2242922428798784e-08
941.0 3.2209967613810037e-08
942.0 3.21770127988213e-08
943.0 3.214405798383255e-08
944.0 3.21111031688438e-08
945.0 3.207814835385505e-08
946.0 3.2046339486392934e-08
947.0 3.2017180839761374e-08
948.0 3.198802219312981e-08
949.0 3.1958863546498254e-08
950.0 3.19297048998667e-08
951.0 3.1900546253235134e-08
952.0 3.1871387606603574e-08
953.0 3.1842228959972014e-08
954.0 3.181307031334046e-08
955.0 3.17839116667089e-08
956.0 3.175475302007734e-08
957.0 3.172559437344579e-08
958.0 3.169643572681423e-08
959.0 3.166727708018267e-08
960.0 3.163811843355111e-08
961.0 3.160895978691955e-08
962.0 3.157980114028799e-08
963.0 3.155064249365643e-08
964.0 3.152148384702486e-08
965.0 3.14923252003933e-08
966.0 3.146316655376176e-08
967.0 3.143400790713019e-08
968.0 3.1404849260498634e-08
969.0 3.137569061386706e-08
970.0 3.1346531967235514e-08
971.0 3.1317373320603954e-08
972.0 3.128821467397239e-08
973.0 3.125905602734083e-08
974.0 3.122989738070927e-08
975.0 3.1200738734077714e-08
976.0 3.1171580087446154e-08
977.0 3.11424214408146e-08
978.0 3.111326279418304e-08
979.0 3.1084104147551474e-08
980.0 3.105494550091992e-08
981.0 3.102578685428836e-08
982.0 3.0996628207656794e-08
983.0 3.096746956102525e-08
984.0 3.0938310914393674e-08
985.0 3.090915226776213e-08
986.0 3.087999362113057e-08
987.0 3.0850834974499014e-08
988.0 3.082167632786745e-08
989.0 3.079251768123589e-08
990.0 3.076335903460432e-08
991.0 3.073420038797277e-08
992.0 3.070504174134122e-08
993.0 3.067588309470964e-08
994.0 3.064672444807809e-08
995.0 3.061756580144652e-08
996.0 3.058840715481497e-08
997.0 3.055924850818342e-08
998.0 3.0530089861551854e-08
999.0 3.0500931214920294e-08
1000.0 3.047177256828873e-08
1001.0 3.0442613921657174e-08
1002.0 3.0413455275025614e-08
1003.0 3.0384296628394054e-08
1004.0 3.035513798176248e-08
1005.0 3.0325979335130934e-08
1006.0 3.029682068849938e-08
1007.0 3.026766204186782e-08
1008.0 3.023850339523627e-08
1009.0 3.0209344748604694e-08
1010.0 3.0180186101973134e-08
1011.0 3.015102745534158e-08
1012.0 3.012186880871003e-08
1013.0 3.009271016207847e-08
1014.0 3.0063551515446895e-08
1015.0 3.003439286881534e-08
1016.0 3.000523422218379e-08
1017.0 2.997607557555223e-08
1018.0 2.994691692892067e-08
1019.0 2.9919029034566036e-08
1020.0 2.989263308954911e-08
1021.0 2.986623714453218e-08
1022.0 2.983984119951526e-08
1023.0 2.9813445254498345e-08
1024.0 2.978704930948141e-08
1025.0 2.9760653364464483e-08
1026.0 2.9734257419447565e-08
1027.0 2.9707861474430647e-08
1028.0 2.968146552941372e-08
1029.0 2.965506958439679e-08
1030.0 2.962867363937987e-08
1031.0 2.9602277694362946e-08
1032.0 2.9575881749346015e-08
1033.0 2.954948580432909e-08
1034.0 2.9523089859312166e-08
1035.0 2.949669391429524e-08
1036.0 2.947029796927832e-08
1037.0 2.9443902024261393e-08
1038.0 2.9417506079244462e-08
1039.0 2.939111013422754e-08
1040.0 2.9364714189210617e-08
1041.0 2.9338318244193683e-08
1042.0 2.931192229917677e-08
1043.0 2.928552635415984e-08
1044.0 2.9259130409142913e-08
1045.0 2.923273446412599e-08
1046.0 2.920633851910906e-08
1047.0 2.917994257409215e-08
1048.0 2.9153546629075215e-08
1049.0 2.9127150684058287e-08
1050.0 2.910075473904137e-08
1051.0 2.907435879402444e-08
1052.0 2.904796284900752e-08
1053.0 2.9021566903990593e-08
1054.0 2.899517095897367e-08
1055.0 2.896877501395674e-08
1056.0 2.8942379068939823e-08
1057.0 2.8915983123922886e-08
1058.0 2.888958717890597e-08
1059.0 2.8863191233889044e-08
1060.0 2.883679528887212e-08
1061.0 2.881039934385519e-08
1062.0 2.8784003398838267e-08
1063.0 2.875760745382134e-08
1064.0 2.8731211508804412e-08
1065.0 2.8704815563787494e-08
1066.0 2.867841961877057e-08
1067.0 2.8652023673753642e-08
1068.0 2.862562772873672e-08
1069.0 2.85992317837198e-08
1070.0 2.8572835838702872e-08
1071.0 2.854643989368594e-08
1072.0 2.852004394866902e-08
1073.0 2.849364800365209e-08
1074.0 2.8467252058635158e-08
1075.0 2.844085611361825e-08
1076.0 2.841446016860132e-08
1077.0 2.838806422358439e-08
1078.0 2.8361668278567467e-08
1079.0 2.833527233355054e-08
1080.0 2.8308876388533615e-08
1081.0 2.8282480443516694e-08
1082.0 2.8256084498499766e-08
1083.0 2.8229688553482835e-08
1084.0 2.8203292608465924e-08
1085.0 2.8176896663448996e-08
1086.0 2.8150500718432065e-08
1087.0 2.8124104773415144e-08
1088.0 2.809770882839822e-08
1089.0 2.8071312883381292e-08
1090.0 2.804491693836436e-08
1091.0 2.8018520993347443e-08
1092.0 2.7992125048330522e-08
1093.0 2.796572910331359e-08
1094.0 2.793933315829667e-08
1095.0 2.7912937213279746e-08
1096.0 2.7886541268262818e-08
1097.0 2.786016495024967e-08
1098.0 2.7836401492742555e-08
1099.0 2.7812638035235422e-08
1100.0 2.7788874577728306e-08
1101.0 2.7765111120221173e-08
1102.0 2.7741347662714056e-08
1103.0 2.771758420520692e-08
1104.0 2.7693820747699804e-08
1105.0 2.767005729019267e-08
1106.0 2.7646293832685555e-08
1107.0 2.762253037517843e-08
1108.0 2.75987669176713e-08
1109.0 2.757500346016418e-08
1110.0 2.7551240002657053e-08
1111.0 2.752747654514994e-08
1112.0 2.7503713087642804e-08
1113.0 2.747994963013568e-08
1114.0 2.7456186172628558e-08
1115.0 2.743242271512144e-08
1116.0 2.740865925761431e-08
1117.0 2.7384895800107183e-08
1118.0 2.7361132342600066e-08
1119.0 2.733736888509294e-08
1120.0 2.7313605427585817e-08
1121.0 2.728984197007869e-08
1122.0 2.7266078512571568e-08
1123.0 2.7242315055064442e-08
1124.0 2.721855159755732e-08
1125.0 2.7194788140050193e-08
1126.0 2.7171024682543066e-08
1127.0 2.7147261225035943e-08
1128.0 2.7123497767528817e-08
1129.0 2.70997343100217e-08
1130.0 2.707597085251457e-08
1131.0 2.7052207395007445e-08
1132.0 2.7028443937500312e-08
1133.0 2.7004680479993196e-08
1134.0 2.698091702248607e-08
1135.0 2.6957153564978953e-08
1136.0 2.6933390107471827e-08
1137.0 2.6909626649964694e-08
1138.0 2.6885863192457578e-08
1139.0 2.6862099734950445e-08
1140.0 2.6838336277443332e-08
1141.0 2.6814572819936196e-08
1142.0 2.6790809362429073e-08
1143.0 2.6767045904921953e-08
1144.0 2.674328244741483e-08
1145.0 2.6719518989907704e-08
1146.0 2.6695755532400575e-08
1147.0 2.6671992074893455e-08
1148.0 2.6648228617386332e-08
1149.0 2.662446515987921e-08
1150.0 2.6600701702372083e-08
1151.0 2.657693824486496e-08
1152.0 2.6553174787357834e-08
1153.0 2.652941132985071e-08
1154.0 2.650564787234359e-08
1155.0 2.648188441483646e-08
1156.0 2.6458120957329342e-08
1157.0 2.643435749982221e-08
1158.0 2.6410594042315093e-08
1159.0 2.638683058480797e-08
1160.0 2.6363067127300837e-08
1161.0 2.633930366979372e-08
1162.0 2.631554021228659e-08
1163.0 2.6291776754779472e-08
1164.0 2.6268013297272342e-08
1165.0 2.6244249839765213e-08
1166.0 2.6220486382258093e-08
1167.0 2.6196722924750963e-08
1168.0 2.6172959467243837e-08
1169.0 2.6149196009736714e-08
1170.0 2.6125432552229588e-08
1171.0 2.6101669094722472e-08
1172.0 2.6077905637215345e-08
1173.0 2.6054142179708223e-08
1174.0 2.6030378722201096e-08
1175.0 2.6006615264693973e-08
1176.0 2.5982851807186854e-08
1177.0 2.5959088349679724e-08
1178.0 2.5935324892172605e-08
1179.0 2.5911561434665475e-08
1180.0 2.5887797977158355e-08
1181.0 2.5864034519651226e-08
1182.0 2.5841546791189374e-08
1183.0 2.5820274113474228e-08
1184.0 2.579900143575907e-08
1185.0 2.577772875804392e-08
1186.0 2.5756456080328772e-08
1187.0 2.5735183402613614e-08
1188.0 2.5713910724898455e-08
1189.0 2.5692638047183306e-08
1190.0 2.567136536946815e-08
1191.0 2.5650092691753e-08
1192.0 2.5628820014037844e-08
1193.0 2.5607547336322688e-08
1194.0 2.5586274658607536e-08
1195.0 2.556500198089238e-08
1196.0 2.5543729303177232e-08
1197.0 2.5522456625462074e-08
1198.0 2.5501183947746925e-08
1199.0 2.5479911270031776e-08
1200.0 2.545863859231661e-08
1201.0 2.543736591460147e-08
1202.0 2.541609323688631e-08
1203.0 2.539482055917115e-08
1204.0 2.5373547881455996e-08
1205.0 2.5352275203740848e-08
1206.0 2.53310025260257e-08
1207.0 2.530972984831054e-08
1208.0 2.528845717059539e-08
1209.0 2.5267184492880233e-08
1210.0 2.5245911815165084e-08
1211.0 2.522463913744993e-08
1212.0 2.5203366459734777e-08
1213.0 2.5182093782019618e-08
1214.0 2.516082110430447e-08
1215.0 2.5139548426589308e-08
1216.0 2.511827574887416e-08
1217.0 2.5097003071159007e-08
1218.0 2.507573039344386e-08
1219.0 2.505445771572871e-08
1220.0 2.503318503801355e-08
1221.0 2.5011912360298392e-08
1222.0 2.4990639682583244e-08
1223.0 2.4969367004868088e-08
1224.0 2.4948094327152933e-08
1225.0 2.492682164943778e-08
1226.0 2.4905548971722626e-08
1227.0 2.4884276294007474e-08
1228.0 2.4863003616292318e-08
1229.0 2.484173093857717e-08
1230.0 2.482045826086201e-08
1231.0 2.4799185583146856e-08
1232.0 2.4777912905431707e-08
1233.0 2.4756640227716558e-08
1234.0 2.4735367550001406e-08
1235.0 2.471409487228624e-08
1236.0 2.469282219457109e-08
1237.0 2.467154951685594e-08
1238.0 2.4650276839140785e-08
1239.0 2.4629004161425636e-08
1240.0 2.460773148371048e-08
1241.0 2.458645880599533e-08
1242.0 2.456518612828018e-08
1243.0 2.454391345056502e-08
1244.0 2.4522640772849866e-08
1245.0 2.4501368095134714e-08
1246.0 2.4480095417419552e-08
1247.0 2.4458822739704404e-08
1248.0 2.443755006198925e-08
1249.0 2.4416277384274096e-08
1250.0 2.4395004706558944e-08
1251.0 2.437373202884379e-08
1252.0 2.435245935112864e-08
1253.0 2.433118667341349e-08
1254.0 2.4309913995698333e-08
1255.0 2.4288641317983168e-08
1256.0 2.426736864026802e-08
1257.0 2.4246095962552877e-08
1258.0 2.422482328483772e-08
1259.0 2.4203550607122563e-08
1260.0 2.4182277929407404e-08
1261.0 2.416100525169225e-08
1262.0 2.4139732573977107e-08
1263.0 2.4118459896261948e-08
1264.0 2.4097187218546793e-08
1265.0 2.407591454083164e-08
1266.0 2.4054641863116492e-08
1267.0 2.4033369185401337e-08
1268.0 2.4012096507686185e-08
1269.0 2.3990823829971023e-08
1270.0 2.3969551152255874e-08
1271.0 2.3948278474540722e-08
1272.0 2.3927005796825567e-08
1273.0 2.3906775774414518e-08
1274.0 2.3887552738417235e-08
1275.0 2.3868329702419957e-08
1276.0 2.3849106666422674e-08
1277.0 2.3829883630425395e-08
1278.0 2.3810660594428103e-08
1279.0 2.3791437558430824e-08
1280.0 2.3772214522433542e-08
1281.0 2.3752991486436263e-08
1282.0 2.373376845043898e-08
1283.0 2.3714545414441695e-08
1284.0 2.3695322378444406e-08
1285.0 2.367609934244713e-08
1286.0 2.3656876306449845e-08
1287.0 2.363765327045257e-08
1288.0 2.3618430234455287e-08
1289.0 2.3599207198458e-08
1290.0 2.357998416246071e-08
1291.0 2.356076112646343e-08
1292.0 2.3541538090466148e-08
1293.0 2.3522315054468866e-08
1294.0 2.3503092018471587e-08
1295.0 2.3483868982474304e-08
1296.0 2.3464645946477015e-08
1297.0 2.3445422910479736e-08
1298.0 2.3426199874482454e-08
1299.0 2.3406976838485172e-08
1300.0 2.338775380248789e-08
1301.0 2.3368530766490604e-08
1302.0 2.3349307730493322e-08
1303.0 2.3330084694496036e-08
1304.0 2.331086165849875e-08
1305.0 2.3291638622501475e-08
1306.0 2.327241558650419e-08
1307.0 2.3253192550506904e-08
1308.0 2.3233969514509628e-08
1309.0 2.321474647851234e-08
1310.0 2.3195523442515054e-08
1311.0 2.3176300406517778e-08
1312.0 2.3157077370520492e-08
1313.0 2.313785433452321e-08
1314.0 2.3118631298525928e-08
1315.0 2.3099408262528645e-08
1316.0 2.3080185226531363e-08
1317.0 2.3060962190534078e-08
1318.0 2.30417391545368e-08
1319.0 2.3022516118539513e-08
1320.0 2.3003293082542227e-08
1321.0 2.298407004654495e-08
1322.0 2.2964847010547663e-08
1323.0 2.2945623974550377e-08
1324.0 2.29264009385531e-08
1325.0 2.2907177902555816e-08
1326.0 2.2887954866558534e-08
1327.0 2.286873183056125e-08
1328.0 2.2849508794563966e-08
1329.0 2.283028575856668e-08
1330.0 2.28110627225694e-08
1331.0 2.2791839686572122e-08
1332.0 2.2772616650574834e-08
1333.0 2.2753393614577558e-08
1334.0 2.2734170578580272e-08
1335.0 2.2714947542582987e-08
1336.0 2.26957245065857e-08
1337.0 2.2676501470588422e-08
1338.0 2.265727843459114e-08
1339.0 2.2638055398593858e-08
1340.0 2.261883236259658e-08
1341.0 2.2599609326599293e-08
1342.0 2.2580386290602007e-08
1343.0 2.2561163254604722e-08
1344.0 2.254194021860745e-08
1345.0 2.2522717182610164e-08
1346.0 2.2503494146612878e-08
1347.0 2.24842711106156e-08
1348.0 2.2465048074618314e-08
1349.0 2.244582503862103e-08
1350.0 2.242660200262375e-08
1351.0 2.240737896662647e-08
1352.0 2.238815593062918e-08
1353.0 2.2368932894631902e-08
1354.0 2.2349709858634613e-08
1355.0 2.233048682263733e-08
1356.0 2.2311263786640052e-08
1357.0 2.2292040750642767e-08
1358.0 2.227281771464548e-08
1359.0 2.2253594678648202e-08
1360.0 2.2234371642650916e-08
1361.0 2.2215148606653634e-08
1362.0 2.2195925570656352e-08
1363.0 2.2176702534659073e-08
1364.0 2.2157479498661787e-08
1365.0 2.2138256462664502e-08
1366.0 2.211903342666722e-08
1367.0 2.2099810390669937e-08
1368.0 2.2080587354672658e-08
1369.0 2.2061364318675376e-08
1370.0 2.2042141282678094e-08
1371.0 2.202389745362779e-08
1372.0 2.200664971369334e-08
1373.0 2.1989401973758885e-08
1374.0 2.1972154233824427e-08
1375.0 2.1954906493889983e-08
1376.0 2.1937658753955525e-08
1377.0 2.1920411014021074e-08
1378.0 2.1903163274086624e-08
1379.0 2.188591553415217e-08
1380.0 2.186866779421772e-08
1381.0 2.1851420054283264e-08
1382.0 2.183417231434881e-08
1383.0 2.181692457441436e-08
1384.0 2.179967683447991e-08
1385.0 2.1782429094545454e-08
1386.0 2.1765181354611003e-08
1387.0 2.174793361467655e-08
1388.0 2.1730685874742098e-08
1389.0 2.1713438134807644e-08
1390.0 2.1696190394873193e-08
1391.0 2.1678942654938742e-08
1392.0 2.1661694915004285e-08
1393.0 2.1644447175069834e-08
1394.0 2.1627199435135386e-08
1395.0 2.1609951695200925e-08
1396.0 2.1592703955266478e-08
1397.0 2.1575456215332024e-08
1398.0 2.1558208475397576e-08
1399.0 2.154096073546312e-08
1400.0 2.1523712995528668e-08
1401.0 2.150646525559421e-08
1402.0 2.1489217515659763e-08
1403.0 2.147196977572531e-08
1404.0 2.145472203579086e-08
1405.0 2.1437474295856403e-08
1406.0 2.1420226555921953e-08
1407.0 2.1402978815987502e-08
1408.0 2.138573107605305e-08
1409.0 2.13684833361186e-08
1410.0 2.1351235596184142e-08
1411.0 2.1333987856249688e-08
1412.0 2.131674011631524e-08
1413.0 2.1299492376380783e-08
1414.0 2.1282244636446336e-08
1415.0 2.1264996896511885e-08
1416.0 2.124774915657743e-08
1417.0 2.1230501416642976e-08
1418.0 2.1213253676708522e-08
1419.0 2.1196005936774075e-08
1420.0 2.1178758196839617e-08
1421.0 2.1161510456905163e-08
1422.0 2.1144262716970715e-08
1423.0 2.112701497703626e-08
1424.0 2.1109767237101804e-08
1425.0 2.1092519497167356e-08
1426.0 2.107527175723291e-08
1427.0 2.1058024017298448e-08
1428.0 2.1040776277363997e-08
1429.0 2.102352853742955e-08
1430.0 2.1006280797495095e-08
1431.0 2.098903305756064e-08
1432.0 2.097178531762619e-08
1433.0 2.0954537577691736e-08
1434.0 2.0937289837757285e-08
1435.0 2.0920042097822827e-08
1436.0 2.090279435788838e-08
1437.0 2.088554661795393e-08
1438.0 2.0868298878019475e-08
1439.0 2.085105113808502e-08
1440.0 2.083380339815057e-08
1441.0 2.0816555658216112e-08
1442.0 2.0799307918281668e-08
1443.0 2.078206017834721e-08
1444.0 2.0764812438412763e-08
1445.0 2.0747564698478302e-08
1446.0 2.073031695854385e-08
1447.0 2.07130692186094e-08
1448.0 2.0695821478674953e-08
1449.0 2.0678573738740495e-08
1450.0 2.066132599880604e-08
1451.0 2.0644078258871597e-08
1452.0 2.062683051893714e-08
1453.0 2.0609582779002685e-08
1454.0 2.0592335039068234e-08
1455.0 2.057508729913378e-08
1456.0 2.0557839559199326e-08
1457.0 2.0540591819264878e-08
1458.0 2.0523344079330427e-08
1459.0 2.0506096339395973e-08
1460.0 2.0488848599461516e-08
1461.0 2.0471600859527068e-08
1462.0 2.0454353119592614e-08
1463.0 2.043710537965816e-08
1464.0 2.0419857639723712e-08
1465.0 2.0402609899789255e-08
1466.0 2.0385362159854804e-08
1467.0 2.0368114419920353e-08
1468.0 2.0350866679985902e-08
1469.0 2.0333618940051448e-08
1470.0 2.0316371200116994e-08
1471.0 2.0299123460182543e-08
1472.0 2.0281875720248092e-08
1473.0 2.0264627980313638e-08
1474.0 2.0247380240379187e-08
1475.0 2.0230132500444733e-08
1476.0 2.021288476051028e-08
1477.0 2.0197355775519226e-08
1478.0 2.018194951764554e-08
1479.0 2.0166543259771854e-08
1480.0 2.015113700189817e-08
1481.0 2.013573074402449e-08
1482.0 2.0120324486150803e-08
1483.0 2.0104918228277117e-08
1484.0 2.0089511970403435e-08
1485.0 2.0074105712529752e-08
1486.0 2.005869945465607e-08
1487.0 2.004329319678239e-08
1488.0 2.00278869389087e-08
1489.0 2.001248068103502e-08
1490.0 1.999707442316134e-08
1491.0 1.998166816528765e-08
1492.0 1.9966261907413968e-08
1493.0 1.9950855649540282e-08
1494.0 1.9935449391666602e-08
1495.0 1.992004313379292e-08
1496.0 1.990463687591923e-08
1497.0 1.9889230618045548e-08
1498.0 1.9873824360171866e-08
1499.0 1.9858418102298183e-08
1500.0 1.9843011844424504e-08
1501.0 1.982760558655081e-08
1502.0 1.9812199328677136e-08
1503.0 1.979679307080345e-08
1504.0 1.9781386812929764e-08
1505.0 1.976598055505608e-08
1506.0 1.97505742971824e-08
1507.0 1.9735168039308713e-08
1508.0 1.9719761781435034e-08
1509.0 1.9704355523561345e-08
1510.0 1.9688949265687662e-08
1511.0 1.967354300781398e-08
1512.0 1.9658136749940297e-08
1513.0 1.9642730492066614e-08
1514.0 1.9627324234192925e-08
1515.0 1.961191797631925e-08
1516.0 1.959651171844556e-08
1517.0 1.9581105460571878e-08
1518.0 1.9565699202698195e-08
1519.0 1.9550292944824512e-08
1520.0 1.9534886686950827e-08
1521.0 1.951948042907714e-08
1522.0 1.9504074171203458e-08
1523.0 1.948866791332978e-08
1524.0 1.947326165545609e-08
1525.0 1.9457855397582407e-08
1526.0 1.9442449139708728e-08
1527.0 1.9427042881835046e-08
1528.0 1.941163662396136e-08
1529.0 1.9396230366087674e-08
1530.0 1.938082410821399e-08
1531.0 1.936541785034031e-08
1532.0 1.935001159246662e-08
1533.0 1.933460533459294e-08
1534.0 1.931919907671925e-08
1535.0 1.9303792818845572e-08
1536.0 1.9288386560971893e-08
1537.0 1.9272980303098207e-08
1538.0 1.925757404522452e-08
1539.0 1.9242167787350835e-08
1540.0 1.9226761529477153e-08
1541.0 1.921135527160347e-08
1542.0 1.9195949013729788e-08
1543.0 1.9180542755856105e-08
1544.0 1.9165136497982423e-08
1545.0 1.9149730240108737e-08
1546.0 1.9134323982235054e-08
1547.0 1.9118917724361368e-08
1548.0 1.910351146648769e-08
1549.0 1.9088105208614e-08
1550.0 1.9072698950740317e-08
1551.0 1.9057292692866638e-08
1552.0 1.9041886434992952e-08
1553.0 1.9026480177119266e-08
1554.0 1.9011073919245584e-08
1555.0 1.89956676613719e-08
1556.0 1.898026140349822e-08
1557.0 1.896485514562453e-08
1558.0 1.8949448887750847e-08
1559.0 1.8934042629877168e-08
1560.0 1.8918636372003482e-08
1561.0 1.89032301141298e-08
1562.0 1.8887823856256117e-08
1563.0 1.887241759838243e-08
1564.0 1.885701134050875e-08
1565.0 1.884160508263507e-08
1566.0 1.882619882476138e-08
1567.0 1.8810792566887698e-08
1568.0 1.8795386309014015e-08
1569.0 1.8779980051140333e-08
1570.0 1.8764573793266647e-08
1571.0 1.8749167535392964e-08
1572.0 1.873376127751928e-08
1573.0 1.8718355019645592e-08
1574.0 1.870294876177191e-08
1575.0 1.8687542503898227e-08
1576.0 1.8672136246024548e-08
1577.0 1.8656729988150862e-08
1578.0 1.8641323730277173e-08
1579.0 1.8625917472403494e-08
1580.0 1.861051121452981e-08
1581.0 1.859510495665613e-08
1582.0 1.8579698698782443e-08
1583.0 1.8564292440908757e-08
1584.0 1.854888618303507e-08
1585.0 1.8533479925161392e-08
1586.0 1.8518073667287713e-08
1587.0 1.8502667409414027e-08
1588.0 1.848726115154034e-08
1589.0 1.847185489366666e-08
1590.0 1.845686139709673e-08
1591.0 1.8443174295366934e-08
1592.0 1.8429487193637144e-08
1593.0 1.841580009190735e-08
1594.0 1.840211299017756e-08
1595.0 1.8388425888447765e-08
1596.0 1.8374738786717974e-08
1597.0 1.8361051684988187e-08
1598.0 1.8347364583258386e-08
1599.0 1.83336774815286e-08
1600.0 1.8319990379798805e-08
1601.0 1.8306303278069014e-08
1602.0 1.8292616176339224e-08
1603.0 1.8278929074609426e-08
1604.0 1.8265241972879636e-08
1605.0 1.8251554871149842e-08
1606.0 1.8237867769420054e-08
1607.0 1.8224180667690257e-08
1608.0 1.8210493565960466e-08
1609.0 1.8196806464230676e-08
1610.0 1.8183119362500882e-08
1611.0 1.8169432260771084e-08
1612.0 1.81557451590413e-08
1613.0 1.8142058057311506e-08
1614.0 1.8128370955581712e-08
1615.0 1.8114683853851922e-08
1616.0 1.810099675212213e-08
1617.0 1.8087309650392337e-08
1618.0 1.8073622548662546e-08
1619.0 1.8059935446932752e-08
1620.0 1.8046248345202962e-08
1621.0 1.8032561243473168e-08
1622.0 1.801887414174337e-08
1623.0 1.800518704001358e-08
1624.0 1.7991499938283792e-08
1625.0 1.7977812836553995e-08
1626.0 1.796412573482421e-08
1627.0 1.7950438633094414e-08
1628.0 1.7936751531364626e-08
1629.0 1.7923064429634832e-08
1630.0 1.7909377327905035e-08
1631.0 1.789569022617524e-08
1632.0 1.7882003124445454e-08
1633.0 1.786831602271566e-08
1634.0 1.7854628920985866e-08
1635.0 1.7840941819256075e-08
1636.0 1.782725471752628e-08
1637.0 1.7813567615796494e-08
1638.0 1.7799880514066706e-08
1639.0 1.7786193412336906e-08
1640.0 1.7772506310607115e-08
1641.0 1.775881920887732e-08
1642.0 1.774513210714753e-08
1643.0 1.7731445005417737e-08
1644.0 1.7717757903687946e-08
1645.0 1.770407080195815e-08
1646.0 1.7690383700228358e-08
1647.0 1.7676696598498567e-08
1648.0 1.7663009496768777e-08
1649.0 1.7649322395038986e-08
1650.0 1.7635635293309192e-08
1651.0 1.7621948191579398e-08
1652.0 1.7608261089849607e-08
1653.0 1.7594573988119817e-08
1654.0 1.7580886886390023e-08
1655.0 1.7567199784660232e-08
1656.0 1.7553512682930438e-08
1657.0 1.7539825581200644e-08
1658.0 1.7526138479470853e-08
1659.0 1.7512451377741063e-08
1660.0 1.749876427601127e-08
1661.0 1.7485077174281475e-08
1662.0 1.7471390072551687e-08
1663.0 1.745770297082189e-08
1664.0 1.7444015869092103e-08
1665.0 1.743032876736231e-08
1666.0 1.741664166563251e-08
1667.0 1.7402954563902727e-08
1668.0 1.738926746217293e-08
1669.0 1.7375580360443136e-08
1670.0 1.7361893258713345e-08
1671.0 1.7348206156983555e-08
1672.0 1.733451905525376e-08
1673.0 1.732083195352397e-08
1674.0 1.7307144851794173e-08
1675.0 1.7293457750064385e-08
1676.0 1.7279770648334595e-08
1677.0 1.72660835466048e-08
1678.0 1.7252396444875007e-08
1679.0 1.7238709343145216e-08
1680.0 1.7225022241415425e-08
1681.0 1.721133513968563e-08
1682.0 1.7197648037955837e-08
1683.0 1.7183960936226047e-08
1684.0 1.7170273834496253e-08
1685.0 1.715658673276646e-08
1686.0 1.7142899631036668e-08
1687.0 1.7129212529306877e-08
1688.0 1.7115525427577083e-08
1689.0 1.7101838325847293e-08
1690.0 1.70881512241175e-08
1691.0 1.707446412238771e-08
1692.0 1.7060777020657917e-08
1693.0 1.7047089918928123e-08
1694.0 1.7033402817198333e-08
1695.0 1.701971571546854e-08
1696.0 1.7006028613738745e-08
1697.0 1.699234151200895e-08
1698.0 1.697865441027916e-08
1699.0 1.6964967308549366e-08
1700.0 1.6951280206819582e-08
1701.0 1.6937593105089785e-08
1702.0 1.692390600335999e-08
1703.0 1.6910218901630207e-08
1704.0 1.6896531799900406e-08
1705.0 1.688284469817062e-08
1706.0 1.6869157596440825e-08
1707.0 1.6855470494711034e-08
1708.0 1.684178339298124e-08
1709.0 1.6828096291251446e-08
1710.0 1.6814409189521652e-08
1711.0 1.6800722087791865e-08
1712.0 1.678703498606207e-08
1713.0 1.6774611430162296e-08
1714.0 1.6762524416201705e-08
1715.0 1.6750437402241112e-08
1716.0 1.6738350388280518e-08
1717.0 1.672626337431993e-08
1718.0 1.671417636035934e-08
1719.0 1.670208934639875e-08
1720.0 1.6690002332438157e-08
1721.0 1.6677915318477564e-08
1722.0 1.6665828304516974e-08
1723.0 1.6653741290556383e-08
1724.0 1.664165427659579e-08
1725.0 1.66295672626352e-08
1726.0 1.6617480248674606e-08
1727.0 1.660539323471402e-08
1728.0 1.6593306220753426e-08
1729.0 1.6581219206792832e-08
1730.0 1.6569132192832245e-08
1731.0 1.6557045178871652e-08
1732.0 1.6544958164911058e-08
1733.0 1.6532871150950468e-08
1734.0 1.652078413698987e-08
1735.0 1.6508697123029287e-08
1736.0 1.649661010906869e-08
1737.0 1.64845230951081e-08
1738.0 1.6472436081147507e-08
1739.0 1.646034906718692e-08
1740.0 1.6448262053226326e-08
1741.0 1.6436175039265733e-08
1742.0 1.642408802530514e-08
1743.0 1.641200101134455e-08
1744.0 1.639991399738396e-08
1745.0 1.6387826983423365e-08
1746.0 1.6375739969462775e-08
1747.0 1.6363652955502188e-08
1748.0 1.635156594154159e-08
1749.0 1.6339478927581e-08
1750.0 1.632739191362041e-08
1751.0 1.631530489965982e-08
1752.0 1.6303217885699227e-08
1753.0 1.6291130871738634e-08
1754.0 1.6279043857778043e-08
1755.0 1.6266956843817453e-08
1756.0 1.6254869829856863e-08
1757.0 1.6242782815896273e-08
1758.0 1.6230695801935676e-08
1759.0 1.6218608787975086e-08
1760.0 1.6206521774014496e-08
1761.0 1.6194434760053902e-08
1762.0 1.6182347746093312e-08
1763.0 1.6170260732132725e-08
1764.0 1.6158173718172128e-08
1765.0 1.6146086704211534e-08
1766.0 1.613399969025094e-08
1767.0 1.6121912676290357e-08
1768.0 1.610982566232977e-08
1769.0 1.6097738648369177e-08
1770.0 1.608565163440858e-08
1771.0 1.6073564620447993e-08
1772.0 1.60614776064874e-08
1773.0 1.6049390592526813e-08
1774.0 1.603730357856622e-08
1775.0 1.6025216564605622e-08
1776.0 1.6013129550645035e-08
1777.0 1.600104253668444e-08
1778.0 1.598895552272385e-08
1779.0 1.597686850876326e-08
1780.0 1.5964781494802668e-08
1781.0 1.5952694480842078e-08
1782.0 1.594060746688148e-08
1783.0 1.592852045292089e-08
1784.0 1.5916433438960304e-08
1785.0 1.5904346424999717e-08
1786.0 1.589225941103912e-08
1787.0 1.588017239707853e-08
1788.0 1.5868085383117936e-08
1789.0 1.5855998369157346e-08
1790.0 1.5843911355196756e-08
1791.0 1.583182434123616e-08
1792.0 1.5819737327275572e-08
1793.0 1.5807650313314985e-08
1794.0 1.5795563299354388e-08
1795.0 1.5783476285393795e-08
1796.0 1.5771389271433208e-08
1797.0 1.575930225747261e-08
1798.0 1.5747215243512024e-08
1799.0 1.573512822955143e-08
1800.0 1.572304121559084e-08
1801.0 1.5710954201630247e-08
1802.0 1.5698867187669653e-08
1803.0 1.5686780173709063e-08
1804.0 1.5674693159748473e-08
1805.0 1.5662606145787883e-08
1806.0 1.5650519131827292e-08
1807.0 1.56384321178667e-08
1808.0 1.562634510390611e-08
1809.0 1.5614258089945515e-08
1810.0 1.5602171075984925e-08
1811.0 1.559008406202433e-08
1812.0 1.557799704806374e-08
1813.0 1.5565910034103148e-08
1814.0 1.555382302014256e-08
1815.0 1.5541736006181964e-08
1816.0 1.5529648992221377e-08
1817.0 1.5517561978260783e-08
1818.0 1.5505474964300193e-08
1819.0 1.54933879503396e-08
1820.0 1.5481300936379006e-08
1821.0 1.546921392241842e-08
1822.0 1.545712690845783e-08
1823.0 1.5445039894497232e-08
1824.0 1.5432952880536642e-08
1825.0 1.542086586657605e-08
1826.0 1.5408778852615458e-08
1827.0 1.539669183865487e-08
1828.0 1.538460482469428e-08
1829.0 1.5372517810733687e-08
1830.0 1.5360430796773094e-08
1831.0 1.53483437828125e-08
1832.0 1.533625676885191e-08
1833.0 1.5324169754891323e-08
1834.0 1.5312082740930733e-08
1835.0 1.5299995726970136e-08
1836.0 1.5287908713009543e-08
1837.0 1.5275821699048956e-08
1838.0 1.5263734685088365e-08
1839.0 1.5251647671127772e-08
1840.0 1.5239560657167182e-08
1841.0 1.522747364320659e-08
1842.0 1.5215386629245995e-08
1843.0 1.5203299615285404e-08
1844.0 1.5191212601324818e-08
1845.0 1.5180422586357992e-08
1846.0 1.5169764660870892e-08
1847.0 1.515910673538379e-08
1848.0 1.51484488098967e-08
1849.0 1.51377908844096e-08
1850.0 1.5127132958922505e-08
1851.0 1.5116475033435412e-08
1852.0 1.5105817107948312e-08
1853.0 1.509515918246122e-08
1854.0 1.5084501256974118e-08
1855.0 1.507384333148702e-08
1856.0 1.506318540599993e-08
1857.0 1.505252748051283e-08
1858.0 1.504186955502574e-08
1859.0 1.5031211629538645e-08
1860.0 1.5020553704051545e-08
1861.0 1.500989577856445e-08
1862.0 1.4999237853077355e-08
1863.0 1.4988579927590255e-08
1864.0 1.497792200210316e-08
1865.0 1.4967264076616068e-08
1866.0 1.4956606151128968e-08
1867.0 1.4945948225641878e-08
1868.0 1.493529030015478e-08
1869.0 1.492463237466768e-08
1870.0 1.4913974449180588e-08
1871.0 1.490331652369349e-08
1872.0 1.4892658598206395e-08
1873.0 1.4882000672719303e-08
1874.0 1.4871342747232205e-08
1875.0 1.486068482174511e-08
1876.0 1.4850026896258013e-08
1877.0 1.4839368970770918e-08
1878.0 1.4828711045283823e-08
1879.0 1.4818053119796724e-08
1880.0 1.4807395194309624e-08
1881.0 1.4796737268822533e-08
1882.0 1.4786079343335438e-08
1883.0 1.477542141784834e-08
1884.0 1.4764763492361243e-08
1885.0 1.475410556687415e-08
1886.0 1.4743447641387054e-08
1887.0 1.473278971589996e-08
1888.0 1.4722131790412863e-08
1889.0 1.4711473864925764e-08
1890.0 1.470081593943867e-08
1891.0 1.4690158013951574e-08
1892.0 1.4679500088464478e-08
1893.0 1.466884216297738e-08
1894.0 1.4658184237490284e-08
1895.0 1.4647526312003189e-08
1896.0 1.4636868386516092e-08
1897.0 1.4626210461028999e-08
1898.0 1.4615552535541899e-08
1899.0 1.4604894610054807e-08
1900.0 1.4594236684567712e-08
1901.0 1.4583578759080614e-08
1902.0 1.4572920833593519e-08
1903.0 1.4562262908106422e-08
1904.0 1.4551604982619324e-08
1905.0 1.4540947057132234e-08
1906.0 1.4530289131645134e-08
1907.0 1.4519631206158037e-08
1908.0 1.4508973280670944e-08
1909.0 1.4498315355183847e-08
1910.0 1.4487657429696749e-08
1911.0 1.4476999504209657e-08
1912.0 1.4466341578722557e-08
1913.0 1.4455683653235462e-08
1914.0 1.4445025727748369e-08
1915.0 1.4434367802261272e-08
1916.0 1.4423709876774177e-08
1917.0 1.4413051951287082e-08
1918.0 1.4402394025799982e-08
1919.0 1.4391736100312889e-08
1920.0 1.4381078174825797e-08
1921.0 1.4370420249338697e-08
1922.0 1.4359762323851599e-08
1923.0 1.4349104398364507e-08
1924.0 1.4338446472877409e-08
1925.0 1.4327788547390312e-08
1926.0 1.4317130621903212e-08
1927.0 1.4306472696416119e-08
1928.0 1.4295814770929027e-08
1929.0 1.4285156845441932e-08
1930.0 1.4274498919954833e-08
1931.0 1.4263840994467737e-08
1932.0 1.4253183068980642e-08
1933.0 1.4242525143493547e-08
1934.0 1.4231867218006453e-08
1935.0 1.4221209292519353e-08
1936.0 1.4210551367032258e-08
1937.0 1.4199893441545163e-08
1938.0 1.4189235516058067e-08
1939.0 1.4178577590570972e-08
1940.0 1.4167919665083873e-08
1941.0 1.4157261739596777e-08
1942.0 1.4146603814109683e-08
1943.0 1.4135945888622588e-08
1944.0 1.4125287963135492e-08
1945.0 1.4114630037648397e-08
1946.0 1.4103972112161298e-08
1947.0 1.4093314186674203e-08
1948.0 1.4082656261187108e-08
1949.0 1.4071998335700008e-08
1950.0 1.4061340410212916e-08
1951.0 1.4050682484725818e-08
1952.0 1.4040024559238723e-08
1953.0 1.4029366633751631e-08
1954.0 1.4018708708264533e-08
1955.0 1.4008050782777433e-08
1956.0 1.3997392857290341e-08
1957.0 1.3986734931803248e-08
1958.0 1.3976077006316151e-08
1959.0 1.3965419080829056e-08
1960.0 1.3954761155341961e-08
1961.0 1.3944103229854861e-08
1962.0 1.3933445304367768e-08
1963.0 1.3922787378880673e-08
1964.0 1.3912129453393573e-08
1965.0 1.3901471527906481e-08
1966.0 1.3890813602419383e-08
1967.0 1.3880155676932288e-08
1968.0 1.3869497751445193e-08
1969.0 1.38588398259581e-08
1970.0 1.3848181900470998e-08
1971.0 1.3837523974983903e-08
1972.0 1.3826866049496811e-08
1973.0 1.3816208124009713e-08
1974.0 1.3805550198522616e-08
1975.0 1.3794892273035518e-08
1976.0 1.3784234347548426e-08
1977.0 1.3773576422061331e-08
1978.0 1.3762918496574231e-08
1979.0 1.3752260571087136e-08
1980.0 1.3741602645600041e-08
1981.0 1.3730944720112946e-08
1982.0 1.372028679462585e-08
1983.0 1.3709628869138752e-08
1984.0 1.3698970943651659e-08
1985.0 1.368831301816456e-08
1986.0 1.3677655092677466e-08
1987.0 1.3668209137385221e-08
1988.0 1.3658948587085446e-08
1989.0 1.3649688036785666e-08
1990.0 1.3640427486485891e-08
1991.0 1.3631166936186116e-08
1992.0 1.3621906385886341e-08
1993.0 1.3612645835586568e-08
1994.0 1.360338528528679e-08
1995.0 1.3594124734987014e-08
1996.0 1.3584864184687234e-08
1997.0 1.3575603634387463e-08
1998.0 1.3566343084087686e-08
1999.0 1.3557082533787908e-08
2000.0 1.3547821983488136e-08
2001.0 1.353856143318836e-08
2002.0 1.3529300882888584e-08
2003.0 1.352004033258881e-08
2004.0 1.3510779782289033e-08
2005.0 1.3501519231989258e-08
2006.0 1.3492258681689483e-08
2007.0 1.3482998131389704e-08
2008.0 1.3473737581089928e-08
2009.0 1.3464477030790151e-08
2010.0 1.3455216480490378e-08
2011.0 1.3445955930190603e-08
2012.0 1.3436695379890826e-08
2013.0 1.342743482959105e-08
2014.0 1.3418174279291274e-08
2015.0 1.34089137289915e-08
2016.0 1.3399653178691723e-08
2017.0 1.3390392628391944e-08
2018.0 1.3381132078092173e-08
2019.0 1.3371871527792394e-08
2020.0 1.3362610977492621e-08
2021.0 1.3353350427192846e-08
2022.0 1.3344089876893066e-08
2023.0 1.3334829326593294e-08
2024.0 1.332556877629352e-08
2025.0 1.331630822599374e-08
2026.0 1.3307047675693964e-08
2027.0 1.329778712539419e-08
2028.0 1.3288526575094413e-08
2029.0 1.3279266024794638e-08
2030.0 1.327000547449486e-08
2031.0 1.3260744924195084e-08
2032.0 1.3251484373895308e-08
2033.0 1.3242223823595533e-08
2034.0 1.3232963273295758e-08
2035.0 1.3223702722995981e-08
2036.0 1.3214442172696204e-08
2037.0 1.320518162239643e-08
2038.0 1.3195921072096651e-08
2039.0 1.3186660521796883e-08
2040.0 1.3177399971497104e-08
2041.0 1.3168139421197324e-08
2042.0 1.315887887089755e-08
2043.0 1.3149618320597776e-08
2044.0 1.3140357770297998e-08
2045.0 1.3131097219998226e-08
2046.0 1.3121836669698448e-08
2047.0 1.3112576119398671e-08
2048.0 1.3103315569098894e-08
2049.0 1.309405501879912e-08
2050.0 1.3084794468499344e-08
2051.0 1.3075533918199566e-08
2052.0 1.3066273367899793e-08
2053.0 1.3057012817600018e-08
2054.0 1.304775226730024e-08
2055.0 1.3038491717000466e-08
2056.0 1.3029231166700688e-08
2057.0 1.3019970616400913e-08
2058.0 1.3010710066101141e-08
2059.0 1.3001449515801361e-08
2060.0 1.2992188965501586e-08
2061.0 1.298292841520181e-08
2062.0 1.2973667864902034e-08
2063.0 1.2964407314602263e-08
2064.0 1.2955146764302484e-08
2065.0 1.2945886214002704e-08
2066.0 1.293662566370293e-08
2067.0 1.2927365113403156e-08
2068.0 1.2918104563103381e-08
2069.0 1.2908844012803603e-08
2070.0 1.2899583462503828e-08
2071.0 1.2890322912204054e-08
2072.0 1.288106236190428e-08
2073.0 1.28718018116045e-08
2074.0 1.2862541261304724e-08
2075.0 1.285328071100495e-08
2076.0 1.2844020160705178e-08
2077.0 1.28347596104054e-08
2078.0 1.282549906010562e-08
2079.0 1.2816238509805846e-08
2080.0 1.2806977959506071e-08
2081.0 1.2797717409206291e-08
2082.0 1.2788456858906521e-08
2083.0 1.2779196308606741e-08
2084.0 1.2769935758306966e-08
2085.0 1.2760675208007194e-08
2086.0 1.2751414657707414e-08
2087.0 1.2742154107407643e-08
2088.0 1.2732893557107863e-08
2089.0 1.2723633006808084e-08
2090.0 1.271437245650831e-08
2091.0 1.2705111906208536e-08
2092.0 1.2695851355908761e-08
2093.0 1.2686590805608983e-08
2094.0 1.267733025530921e-08
2095.0 1.2668069705009434e-08
2096.0 1.2658809154709656e-08
2097.0 1.2649548604409881e-08
2098.0 1.2640288054110108e-08
2099.0 1.263102750381033e-08
2100.0 1.2621766953510553e-08
2101.0 1.2612506403210778e-08
2102.0 1.2603245852911001e-08
2103.0 1.2593985302611226e-08
2104.0 1.2584724752311451e-08
2105.0 1.2575464202011671e-08
2106.0 1.25662036517119e-08
2107.0 1.255694310141212e-08
2108.0 1.2547682551112346e-08
2109.0 1.2538422000812571e-08
2110.0 1.2529161450512793e-08
2111.0 1.2519900900213023e-08
2112.0 1.2510640349913243e-08
2113.0 1.2501379799613464e-08
2114.0 1.2492119249313691e-08
2115.0 1.2482858699013916e-08
2116.0 1.2473598148714143e-08
2117.0 1.2464337598414363e-08
2118.0 1.2455077048114586e-08
2119.0 1.2445816497814811e-08
2120.0 1.243655594751504e-08
2121.0 1.2427295397215263e-08
2122.0 1.2418034846915483e-08
2123.0 1.2408774296615708e-08
2124.0 1.2399513746315933e-08
2125.0 1.2390253196016158e-08
2126.0 1.2380992645716381e-08
2127.0 1.2371732095416603e-08
2128.0 1.2362471545116828e-08
2129.0 1.2353210994817053e-08
2130.0 1.234395044451728e-08
2131.0 1.2334689894217501e-08
2132.0 1.2325429343917726e-08
2133.0 1.2316168793617953e-08
2134.0 1.2306908243318173e-08
2135.0 1.22976476930184e-08
2136.0 1.2288387142718623e-08
2137.0 1.2279126592418851e-08
2138.0 1.2269866042119073e-08
2139.0 1.2260605491819296e-08
2140.0 1.2252473102167608e-08
2141.0 1.2244485164865007e-08
2142.0 1.223649722756241e-08
2143.0 1.2228509290259812e-08
2144.0 1.2220521352957212e-08
2145.0 1.2212533415654621e-08
2146.0 1.2204545478352021e-08
2147.0 1.2196557541049423e-08
2148.0 1.2188569603746825e-08
2149.0 1.2180581666444228e-08
2150.0 1.217259372914163e-08
2151.0 1.2164605791839031e-08
2152.0 1.2156617854536436e-08
2153.0 1.2148629917233838e-08
2154.0 1.2140641979931241e-08
2155.0 1.2132654042628643e-08
2156.0 1.2124666105326048e-08
2157.0 1.2116678168023448e-08
2158.0 1.210869023072085e-08
2159.0 1.2100702293418251e-08
2160.0 1.2092714356115656e-08
2161.0 1.2084726418813056e-08
2162.0 1.207673848151046e-08
2163.0 1.2068750544207862e-08
2164.0 1.2060762606905267e-08
2165.0 1.2052774669602667e-08
2166.0 1.2044786732300069e-08
2167.0 1.203679879499747e-08
2168.0 1.2028810857694876e-08
2169.0 1.202082292039228e-08
2170.0 1.201283498308968e-08
2171.0 1.2004847045787082e-08
2172.0 1.1996859108484485e-08
2173.0 1.1988871171181884e-08
2174.0 1.1980883233879289e-08
2175.0 1.1972895296576694e-08
2176.0 1.1964907359274095e-08
2177.0 1.1956919421971499e-08
2178.0 1.19489314846689e-08
2179.0 1.1940943547366305e-08
2180.0 1.1932955610063705e-08
2181.0 1.1924967672761107e-08
2182.0 1.1916979735458512e-08
2183.0 1.1908991798155913e-08
2184.0 1.1901003860853318e-08
2185.0 1.1893015923550715e-08
2186.0 1.188502798624812e-08
2187.0 1.1877040048945525e-08
2188.0 1.1869052111642925e-08
2189.0 1.186106417434033e-08
2190.0 1.1853076237037728e-08
2191.0 1.1845088299735133e-08
2192.0 1.1837100362432538e-08
2193.0 1.1829112425129938e-08
2194.0 1.182112448782734e-08
2195.0 1.1813136550524743e-08
2196.0 1.1805148613222144e-08
2197.0 1.179716067591955e-08
2198.0 1.1789172738616954e-08
2199.0 1.1781184801314351e-08
2200.0 1.1773196864011758e-08
2201.0 1.1765208926709158e-08
2202.0 1.1757220989406558e-08
2203.0 1.1749233052103964e-08
2204.0 1.1741245114801361e-08
2205.0 1.1733257177498772e-08
2206.0 1.172526924019617e-08
2207.0 1.1717281302893574e-08
2208.0 1.1709293365590977e-08
2209.0 1.1701305428288379e-08
2210.0 1.169331749098578e-08
2211.0 1.1685329553683184e-08
2212.0 1.1677341616380586e-08
2213.0 1.1669353679077987e-08
2214.0 1.166136574177539e-08
2215.0 1.165337780447279e-08
2216.0 1.1645389867170194e-08
2217.0 1.1637401929867597e-08
2218.0 1.1629413992565e-08
2219.0 1.1621426055262405e-08
2220.0 1.1613438117959804e-08
2221.0 1.1605450180657207e-08
2222.0 1.1597462243354612e-08
2223.0 1.1589474306052012e-08
2224.0 1.1581486368749415e-08
2225.0 1.1573498431446818e-08
2226.0 1.1565510494144222e-08
2227.0 1.1557522556841625e-08
2228.0 1.1549534619539027e-08
2229.0 1.154154668223643e-08
2230.0 1.153355874493383e-08
2231.0 1.1525570807631233e-08
2232.0 1.1517582870328636e-08
2233.0 1.1509594933026038e-08
2234.0 1.150160699572344e-08
2235.0 1.1493619058420843e-08
2236.0 1.1485631121118246e-08
2237.0 1.1477643183815648e-08
2238.0 1.146965524651305e-08
2239.0 1.1461667309210453e-08
2240.0 1.1453679371907856e-08
2241.0 1.1445691434605258e-08
2242.0 1.1437703497302661e-08
2243.0 1.1429715560000064e-08
2244.0 1.1421727622697464e-08
2245.0 1.141373968539487e-08
2246.0 1.1405751748092271e-08
2247.0 1.1397763810789676e-08
2248.0 1.1389775873487076e-08
2249.0 1.1381787936184479e-08
2250.0 1.137379999888188e-08
2251.0 1.1365812061579284e-08
2252.0 1.1357824124276686e-08
2253.0 1.1349836186974089e-08
2254.0 1.1341848249671489e-08
2255.0 1.1333860312368894e-08
2256.0 1.1325872375066295e-08
2257.0 1.13178844377637e-08
2258.0 1.1309896500461104e-08
2259.0 1.1301908563158502e-08
2260.0 1.1293920625855905e-08
2261.0 1.1285932688553309e-08
2262.0 1.1277944751250714e-08
2263.0 1.1269956813948115e-08
2264.0 1.1261968876645518e-08
2265.0 1.1253980939342917e-08
2266.0 1.1245993002040322e-08
2267.0 1.1238005064737723e-08
2268.0 1.1230017127435127e-08
2269.0 1.122202919013253e-08
2270.0 1.121404125282993e-08
2271.0 1.1206053315527333e-08
2272.0 1.1198065378224735e-08
2273.0 1.1190077440922141e-08
2274.0 1.1182089503619543e-08
2275.0 1.1174101566316943e-08
2276.0 1.1166113629014345e-08
2277.0 1.1158125691711746e-08
2278.0 1.1150137754409151e-08
2279.0 1.1142149817106553e-08
2280.0 1.1134161879803958e-08
2281.0 1.1126173942501361e-08
2282.0 1.1118186005198763e-08
2283.0 1.1110198067896164e-08
2284.0 1.1102210130593566e-08
2285.0 1.109422219329097e-08
2286.0 1.1086234255988371e-08
2287.0 1.1078246318685774e-08
2288.0 1.1070258381383176e-08
2289.0 1.1062270444080579e-08
2290.0 1.105428250677798e-08
2291.0 1.1046294569475382e-08
2292.0 1.1038306632172789e-08
2293.0 1.1030318694870187e-08
2294.0 1.102233075756759e-08
2295.0 1.1014342820264994e-08
2296.0 1.1006354882962397e-08
2297.0 1.0998366945659799e-08
2298.0 1.0990379008357202e-08
2299.0 1.0982391071054605e-08
2300.0 1.0974403133752007e-08
2301.0 1.0966415196449409e-08
2302.0 1.095842725914681e-08
2303.0 1.0950439321844215e-08
2304.0 1.094258343004775e-08
2305.0 1.0935674331208917e-08
2306.0 1.0928765232370083e-08
2307.0 1.0921856133531249e-08
2308.0 1.0914947034692415e-08
2309.0 1.0908037935853579e-08
2310.0 1.0901128837014747e-08
2311.0 1.0894219738175911e-08
2312.0 1.0887310639337077e-08
2313.0 1.088040154049824e-08
2314.0 1.0873492441659407e-08
2315.0 1.0866583342820573e-08
2316.0 1.0859674243981737e-08
2317.0 1.0852765145142905e-08
2318.0 1.0845856046304066e-08
2319.0 1.0838946947465233e-08
2320.0 1.08320378486264e-08
2321.0 1.0825128749787567e-08
2322.0 1.081821965094873e-08
2323.0 1.0811310552109895e-08
2324.0 1.0804401453271063e-08
2325.0 1.0797492354432229e-08
2326.0 1.0790583255593394e-08
2327.0 1.078367415675456e-08
2328.0 1.0776765057915721e-08
2329.0 1.0769855959076887e-08
2330.0 1.0762946860238055e-08
2331.0 1.075603776139922e-08
2332.0 1.0749128662560383e-08
2333.0 1.0742219563721552e-08
2334.0 1.0735310464882717e-08
2335.0 1.0728401366043881e-08
2336.0 1.0721492267205047e-08
2337.0 1.0714583168366211e-08
2338.0 1.0707674069527379e-08
2339.0 1.0700764970688545e-08
2340.0 1.0693855871849709e-08
2341.0 1.0686946773010873e-08
2342.0 1.0680037674172037e-08
2343.0 1.0673128575333206e-08
2344.0 1.066621947649437e-08
2345.0 1.0659310377655535e-08
2346.0 1.0652401278816699e-08
2347.0 1.0645492179977867e-08
2348.0 1.0638583081139033e-08
2349.0 1.06316739823002e-08
2350.0 1.0624764883461361e-08
2351.0 1.0617855784622529e-08
2352.0 1.0610946685783693e-08
2353.0 1.0604037586944859e-08
2354.0 1.0597128488106026e-08
2355.0 1.059021938926719e-08
2356.0 1.0583310290428355e-08
2357.0 1.057640119158952e-08
2358.0 1.0569492092750688e-08
2359.0 1.0562582993911853e-08
2360.0 1.0555673895073018e-08
2361.0 1.0548764796234181e-08
2362.0 1.0541855697395347e-08
2363.0 1.0534946598556514e-08
2364.0 1.0528037499717679e-08
2365.0 1.0521128400878845e-08
2366.0 1.051421930204001e-08
2367.0 1.0507310203201176e-08
2368.0 1.0500401104362342e-08
2369.0 1.0493492005523505e-08
2370.0 1.048658290668467e-08
2371.0 1.0479673807845837e-08
2372.0 1.0472764709007003e-08
2373.0 1.0465855610168168e-08
2374.0 1.0458946511329333e-08
2375.0 1.04520374124905e-08
2376.0 1.0445128313651668e-08
2377.0 1.0438219214812832e-08
2378.0 1.0431310115973993e-08
2379.0 1.0424401017135159e-08
2380.0 1.0417491918296326e-08
2381.0 1.0410582819457492e-08
2382.0 1.0403673720618658e-08
2383.0 1.0396764621779824e-08
2384.0 1.0389855522940988e-08
2385.0 1.0382946424102154e-08
2386.0 1.037603732526332e-08
2387.0 1.0369128226424484e-08
2388.0 1.036221912758565e-08
2389.0 1.0355310028746815e-08
2390.0 1.034840092990798e-08
2391.0 1.0341491831069148e-08
2392.0 1.0334582732230312e-08
2393.0 1.0327673633391477e-08
2394.0 1.0320764534552642e-08
2395.0 1.0313855435713807e-08
2396.0 1.0306946336874974e-08
2397.0 1.0300037238036138e-08
2398.0 1.0293128139197303e-08
2399.0 1.028621904035847e-08
2400.0 1.0279309941519634e-08
2401.0 1.0272400842680802e-08
2402.0 1.0265491743841966e-08
2403.0 1.0258582645003132e-08
2404.0 1.0251673546164296e-08
2405.0 1.0244764447325462e-08
2406.0 1.0237855348486627e-08
2407.0 1.0230946249647792e-08
2408.0 1.0224037150808958e-08
2409.0 1.0217128051970124e-08
2410.0 1.0210218953131288e-08
2411.0 1.0203309854292458e-08
2412.0 1.0196400755453617e-08
2413.0 1.0189491656614786e-08
2414.0 1.0182582557775954e-08
2415.0 1.0175673458937118e-08
2416.0 1.0168764360098282e-08
2417.0 1.0161855261259448e-08
2418.0 1.0154946162420614e-08
2419.0 1.0148037063581775e-08
2420.0 1.0141127964742944e-08
2421.0 1.0134218865904112e-08
2422.0 1.0127309767065274e-08
2423.0 1.012040066822644e-08
2424.0 1.0113491569387608e-08
2425.0 1.0106582470548772e-08
2426.0 1.0099673371709936e-08
2427.0 1.0092764272871102e-08
2428.0 1.0085855174032268e-08
2429.0 1.0078946075193432e-08
2430.0 1.0072036976354598e-08
2431.0 1.0065127877515766e-08
2432.0 1.005821877867693e-08
2433.0 1.0051309679838096e-08
2434.0 1.0044400580999262e-08
2435.0 1.0037491482160424e-08
2436.0 1.003058238332159e-08
2437.0 1.0023673284482756e-08
2438.0 1.0016764185643922e-08
2439.0 1.0009855086805086e-08
2440.0 1.000294598796625e-08
2441.0 9.996036889127418e-09
2442.0 9.989127790288584e-09
2443.0 9.982218691449748e-09
2444.0 9.975309592610916e-09
2445.0 9.96840049377208e-09
2446.0 9.961491394933244e-09
2447.0 9.954582296094412e-09
2448.0 9.947673197255576e-09
2449.0 9.940764098416742e-09
2450.0 9.933854999577906e-09
2451.0 9.926945900739074e-09
2452.0 9.92003680190024e-09
2453.0 9.913127703061404e-09
2454.0 9.906218604222568e-09
2455.0 9.899309505383734e-09
2456.0 9.892400406544898e-09
2457.0 9.885491307706064e-09
2458.0 9.878582208867232e-09
2459.0 9.871673110028396e-09
2460.0 9.86476401118956e-09
2461.0 9.85785491235073e-09
2462.0 9.850945813511895e-09
2463.0 9.844036714673056e-09
2464.0 9.837127615834225e-09
2465.0 9.83021851699539e-09
2466.0 9.823309418156556e-09
2467.0 9.81640031931772e-09
2468.0 9.809491220478887e-09
2469.0 9.802582121640052e-09
2470.0 9.795673022801216e-09
2471.0 9.788763923962383e-09
2472.0 9.781854825123548e-09
2473.0 9.77494572628471e-09
2474.0 9.768036627445878e-09
2475.0 9.761127528607042e-09
2476.0 9.75421842976821e-09
2477.0 9.747309330929374e-09
2478.0 9.74040023209054e-09
2479.0 9.733491133251707e-09
2480.0 9.726582034412872e-09
2481.0 9.719672935574037e-09
2482.0 9.713455438031293e-09
2483.0 9.707582550864457e-09
2484.0 9.701709663697624e-09
2485.0 9.695836776530787e-09
2486.0 9.689963889363949e-09
2487.0 9.684091002197113e-09
2488.0 9.678218115030276e-09
2489.0 9.672345227863441e-09
2490.0 9.666472340696605e-09
2491.0 9.66059945352977e-09
2492.0 9.654726566362934e-09
2493.0 9.648853679196099e-09
2494.0 9.642980792029259e-09
2495.0 9.637107904862428e-09
2496.0 9.63123501769559e-09
2497.0 9.625362130528753e-09
2498.0 9.619489243361918e-09
2499.0 9.613616356195082e-09
2500.0 9.607743469028244e-09
2501.0 9.601870581861407e-09
2502.0 9.595997694694572e-09
2503.0 9.590124807527738e-09
2504.0 9.584251920360901e-09
2505.0 9.578379033194066e-09
2506.0 9.572506146027228e-09
2507.0 9.566633258860392e-09
2508.0 9.560760371693557e-09
2509.0 9.55488748452672e-09
2510.0 9.549014597359884e-09
2511.0 9.543141710193051e-09
2512.0 9.537268823026213e-09
2513.0 9.531395935859376e-09
2514.0 9.52552304869254e-09
2515.0 9.519650161525702e-09
2516.0 9.513777274358867e-09
2517.0 9.507904387192032e-09
2518.0 9.502031500025196e-09
2519.0 9.496158612858361e-09
2520.0 9.490285725691524e-09
2521.0 9.484412838524688e-09
2522.0 9.478539951357853e-09
2523.0 9.472667064191015e-09
2524.0 9.46679417702418e-09
2525.0 9.460921289857342e-09
2526.0 9.455048402690506e-09
2527.0 9.449175515523671e-09
2528.0 9.443302628356836e-09
2529.0 9.43742974119e-09
2530.0 9.431556854023165e-09
2531.0 9.425683966856327e-09
2532.0 9.41981107968949e-09
2533.0 9.413938192522655e-09
2534.0 9.408065305355822e-09
2535.0 9.402192418188984e-09
2536.0 9.396319531022144e-09
2537.0 9.390446643855311e-09
2538.0 9.384573756688475e-09
2539.0 9.378700869521638e-09
2540.0 9.372827982354802e-09
2541.0 9.366955095187967e-09
2542.0 9.361082208021129e-09
2543.0 9.355209320854296e-09
2544.0 9.34933643368746e-09
2545.0 9.343463546520625e-09
2546.0 9.337590659353785e-09
2547.0 9.33171777218695e-09
2548.0 9.325844885020114e-09
2549.0 9.319971997853279e-09
2550.0 9.31409911068644e-09
2551.0 9.308226223519608e-09
2552.0 9.302353336352771e-09
2553.0 9.296480449185933e-09
2554.0 9.290607562019098e-09
2555.0 9.284734674852263e-09
2556.0 9.278861787685427e-09
2557.0 9.27298890051859e-09
2558.0 9.267116013351752e-09
2559.0 9.261243126184918e-09
2560.0 9.255370239018081e-09
2561.0 9.249497351851246e-09
2562.0 9.243624464684411e-09
2563.0 9.237751577517573e-09
2564.0 9.231878690350739e-09
2565.0 9.226005803183902e-09
2566.0 9.220132916017066e-09
2567.0 9.214260028850228e-09
2568.0 9.208387141683393e-09
2569.0 9.202514254516558e-09
2570.0 9.196641367349721e-09
2571.0 9.190768480182887e-09
2572.0 9.18489559301605e-09
2573.0 9.179022705849214e-09
2574.0 9.173149818682377e-09
2575.0 9.167276931515541e-09
2576.0 9.161404044348706e-09
2577.0 9.15553115718187e-09
2578.0 9.149658270015035e-09
2579.0 9.143785382848197e-09
2580.0 9.137912495681362e-09
2581.0 9.132039608514524e-09
2582.0 9.126166721347689e-09
2583.0 9.120293834180853e-09
2584.0 9.114420947014016e-09
2585.0 9.108548059847181e-09
2586.0 9.102675172680345e-09
2587.0 9.09680228551351e-09
2588.0 9.090929398346672e-09
2589.0 9.085056511179835e-09
2590.0 9.079183624013e-09
2591.0 9.073310736846166e-09
2592.0 9.067437849679331e-09
2593.0 9.061564962512493e-09
2594.0 9.055692075345655e-09
2595.0 9.04981918817882e-09
2596.0 9.043946301011985e-09
2597.0 9.038073413845149e-09
2598.0 9.032200526678312e-09
2599.0 9.026327639511476e-09
2600.0 9.020454752344641e-09
2601.0 9.014581865177805e-09
2602.0 9.008708978010966e-09
2603.0 9.002836090844132e-09
2604.0 8.996963203677295e-09
2605.0 8.99109031651046e-09
2606.0 8.985217429343622e-09
2607.0 8.979344542176786e-09
2608.0 8.973471655009951e-09
2609.0 8.967598767843115e-09
2610.0 8.96172588067628e-09
2611.0 8.955852993509445e-09
2612.0 8.949980106342609e-09
2613.0 8.944107219175774e-09
2614.0 8.938234332008936e-09
2615.0 8.9323614448421e-09
2616.0 8.926488557675264e-09
2617.0 8.920615670508428e-09
2618.0 8.914742783341591e-09
2619.0 8.908869896174755e-09
2620.0 8.902997009007919e-09
2621.0 8.897124121841084e-09
2622.0 8.891251234674249e-09
2623.0 8.885378347507409e-09
2624.0 8.879505460340574e-09
2625.0 8.873632573173738e-09
2626.0 8.867759686006903e-09
2627.0 8.861886798840065e-09
2628.0 8.85601391167323e-09
2629.0 8.850141024506394e-09
2630.0 8.844268137339559e-09
2631.0 8.838395250172722e-09
2632.0 8.832522363005888e-09
2633.0 8.82664947583905e-09
2634.0 8.820776588672215e-09
2635.0 8.814903701505378e-09
2636.0 8.809030814338542e-09
2637.0 8.803157927171705e-09
2638.0 8.797285040004872e-09
2639.0 8.791412152838034e-09
2640.0 8.785539265671198e-09
2641.0 8.779666378504361e-09
2642.0 8.773793491337525e-09
2643.0 8.76792060417069e-09
2644.0 8.762047717003854e-09
2645.0 8.756174829837017e-09
2646.0 8.750301942670179e-09
2647.0 8.744429055503346e-09
2648.0 8.73855616833651e-09
2649.0 8.732683281169676e-09
2650.0 8.726810394002838e-09
2651.0 8.720937506836002e-09
2652.0 8.715064619669165e-09
2653.0 8.70919173250233e-09
2654.0 8.703318845335494e-09
2655.0 8.697445958168656e-09
2656.0 8.691573071001821e-09
2657.0 8.685700183834986e-09
2658.0 8.67982729666815e-09
2659.0 8.673954409501313e-09
2660.0 8.668081522334477e-09
2661.0 8.66220863516764e-09
2662.0 8.656335748000806e-09
2663.0 8.650462860833969e-09
2664.0 8.644589973667133e-09
2665.0 8.638717086500296e-09
2666.0 8.63284419933346e-09
2667.0 8.626971312166625e-09
2668.0 8.62109842499979e-09
2669.0 8.615225537832952e-09
2670.0 8.609352650666117e-09
2671.0 8.60347976349928e-09
2672.0 8.597606876332444e-09
2673.0 8.592232436617863e-09
2674.0 8.587275655767305e-09
2675.0 8.58231887491675e-09
2676.0 8.577362094066193e-09
2677.0 8.572405313215637e-09
2678.0 8.567448532365078e-09
2679.0 8.562491751514523e-09
2680.0 8.557534970663964e-09
2681.0 8.552578189813408e-09
2682.0 8.547621408962851e-09
2683.0 8.542664628112294e-09
2684.0 8.537707847261736e-09
2685.0 8.532751066411178e-09
2686.0 8.527794285560622e-09
2687.0 8.522837504710066e-09
2688.0 8.51788072385951e-09
2689.0 8.51292394300895e-09
2690.0 8.507967162158395e-09
2691.0 8.503010381307836e-09
2692.0 8.49805360045728e-09
2693.0 8.493096819606723e-09
2694.0 8.488140038756166e-09
2695.0 8.48318325790561e-09
2696.0 8.478226477055053e-09
2697.0 8.473269696204496e-09
2698.0 8.46831291535394e-09
2699.0 8.463356134503381e-09
2700.0 8.458399353652822e-09
2701.0 8.453442572802268e-09
2702.0 8.44848579195171e-09
2703.0 8.443529011101154e-09
2704.0 8.438572230250597e-09
2705.0 8.433615449400041e-09
2706.0 8.428658668549482e-09
2707.0 8.423701887698925e-09
2708.0 8.418745106848368e-09
2709.0 8.413788325997814e-09
2710.0 8.408831545147255e-09
2711.0 8.403874764296698e-09
2712.0 8.398917983446142e-09
2713.0 8.393961202595583e-09
2714.0 8.389004421745026e-09
2715.0 8.384047640894469e-09
2716.0 8.379090860043913e-09
2717.0 8.374134079193353e-09
2718.0 8.3691772983428e-09
2719.0 8.364220517492242e-09
2720.0 8.359263736641684e-09
2721.0 8.354306955791126e-09
2722.0 8.34935017494057e-09
2723.0 8.344393394090014e-09
2724.0 8.339436613239455e-09
2725.0 8.334479832388898e-09
2726.0 8.329523051538341e-09
2727.0 8.324566270687789e-09
2728.0 8.31960948983723e-09
2729.0 8.314652708986671e-09
2730.0 8.309695928136114e-09
2731.0 8.304739147285558e-09
2732.0 8.299782366435e-09
2733.0 8.294825585584442e-09
2734.0 8.289868804733886e-09
2735.0 8.28491202388333e-09
2736.0 8.279955243032774e-09
2737.0 8.274998462182216e-09
2738.0 8.27004168133166e-09
2739.0 8.265084900481104e-09
2740.0 8.260128119630545e-09
2741.0 8.255171338779988e-09
2742.0 8.25021455792943e-09
2743.0 8.245257777078873e-09
2744.0 8.240300996228316e-09
2745.0 8.235344215377762e-09
2746.0 8.230387434527205e-09
2747.0 8.225430653676646e-09
2748.0 8.220473872826089e-09
2749.0 8.21551709197553e-09
2750.0 8.210560311124977e-09
2751.0 8.205603530274417e-09
2752.0 8.20064674942386e-09
2753.0 8.195689968573304e-09
2754.0 8.190733187722747e-09
2755.0 8.185776406872191e-09
2756.0 8.180819626021632e-09
2757.0 8.175862845171077e-09
2758.0 8.17090606432052e-09
2759.0 8.165949283469962e-09
2760.0 8.160992502619405e-09
2761.0 8.156035721768848e-09
2762.0 8.15107894091829e-09
2763.0 8.146122160067733e-09
2764.0 8.141165379217178e-09
2765.0 8.136208598366619e-09
2766.0 8.131251817516062e-09
2767.0 8.126295036665504e-09
2768.0 8.121338255814949e-09
2769.0 8.116381474964392e-09
2770.0 8.111424694113834e-09
2771.0 8.106467913263277e-09
2772.0 8.10151113241272e-09
2773.0 8.096554351562164e-09
2774.0 8.091597570711605e-09
2775.0 8.086640789861048e-09
2776.0 8.081684009010493e-09
2777.0 8.076727228159935e-09
2778.0 8.07177044730938e-09
2779.0 8.066813666458821e-09
2780.0 8.061856885608267e-09
2781.0 8.056900104757708e-09
2782.0 8.051943323907151e-09
2783.0 8.046986543056594e-09
2784.0 8.042029762206036e-09
2785.0 8.03707298135548e-09
2786.0 8.032116200504925e-09
2787.0 8.027159419654366e-09
2788.0 8.022202638803808e-09
2789.0 8.017245857953252e-09
2790.0 8.012289077102693e-09
2791.0 8.007332296252139e-09
2792.0 8.00237551540158e-09
2793.0 7.997418734551023e-09
2794.0 7.992461953700466e-09
2795.0 7.987505172849912e-09
2796.0 7.982548391999353e-09
2797.0 7.977591611148796e-09
2798.0 7.972634830298239e-09
2799.0 7.967678049447681e-09
2800.0 7.962721268597124e-09
2801.0 7.957764487746567e-09
2802.0 7.95280770689601e-09
2803.0 7.947850926045454e-09
2804.0 7.942894145194897e-09
2805.0 7.937937364344341e-09
2806.0 7.93298058349378e-09
2807.0 7.928023802643223e-09
2808.0 7.92306702179267e-09
2809.0 7.91811024094211e-09
2810.0 7.913153460091555e-09
2811.0 7.908196679240998e-09
2812.0 7.90323989839044e-09
2813.0 7.898283117539885e-09
2814.0 7.893326336689328e-09
2815.0 7.888369555838769e-09
2816.0 7.883412774988215e-09
2817.0 7.878455994137656e-09
2818.0 7.873499213287099e-09
2819.0 7.868542432436542e-09
2820.0 7.863585651585984e-09
2821.0 7.858628870735429e-09
2822.0 7.853672089884872e-09
2823.0 7.848715309034314e-09
2824.0 7.843758528183757e-09
2825.0 7.8388017473332e-09
2826.0 7.833844966482641e-09
2827.0 7.828888185632087e-09
2828.0 7.823931404781528e-09
2829.0 7.818974623930971e-09
2830.0 7.814017843080415e-09
2831.0 7.809061062229858e-09
2832.0 7.804104281379301e-09
2833.0 7.799147500528744e-09
2834.0 7.794190719678188e-09
2835.0 7.789233938827631e-09
2836.0 7.784277157977074e-09
2837.0 7.779320377126516e-09
2838.0 7.77436359627596e-09
2839.0 7.769406815425402e-09
2840.0 7.764450034574845e-09
2841.0 7.759493253724287e-09
2842.0 7.75453647287373e-09
2843.0 7.749579692023173e-09
2844.0 7.744622911172617e-09
2845.0 7.73966613032206e-09
2846.0 7.734709349471505e-09
2847.0 7.729752568620946e-09
2848.0 7.724795787770387e-09
2849.0 7.719839006919833e-09
2850.0 7.714882226069276e-09
2851.0 7.709925445218717e-09
2852.0 7.70496866436816e-09
2853.0 7.700011883517604e-09
2854.0 7.695055102667048e-09
2855.0 7.690098321816491e-09
2856.0 7.685141540965932e-09
2857.0 7.680184760115378e-09
2858.0 7.675227979264818e-09
2859.0 7.67027119841426e-09
2860.0 7.665314417563705e-09
2861.0 7.660357636713148e-09
2862.0 7.65540085586259e-09
2863.0 7.650444075012033e-09
2864.0 7.645487294161478e-09
2865.0 7.640530513310919e-09
2866.0 7.635573732460363e-09
2867.0 7.630616951609806e-09
2868.0 7.62566017075925e-09
2869.0 7.620703389908692e-09
2870.0 7.615746609058133e-09
2871.0 7.610789828207579e-09
2872.0 7.60583304735702e-09
2873.0 7.600876266506464e-09
2874.0 7.595919485655905e-09
2875.0 7.590962704805352e-09
2876.0 7.586005923954791e-09
2877.0 7.581049143104235e-09
2878.0 7.576092362253678e-09
2879.0 7.571675987785892e-09
2880.0 7.567491680019034e-09
2881.0 7.563307372252178e-09
2882.0 7.559123064485321e-09
2883.0 7.554938756718465e-09
2884.0 7.550754448951608e-09
2885.0 7.54657014118475e-09
2886.0 7.542385833417893e-09
2887.0 7.538201525651035e-09
2888.0 7.534017217884178e-09
2889.0 7.52983291011732e-09
2890.0 7.525648602350463e-09
2891.0 7.521464294583607e-09
2892.0 7.51727998681675e-09
2893.0 7.513095679049892e-09
2894.0 7.508911371283035e-09
2895.0 7.504727063516179e-09
2896.0 7.500542755749322e-09
2897.0 7.496358447982463e-09
2898.0 7.492174140215607e-09
2899.0 7.48798983244875e-09
2900.0 7.483805524681892e-09
2901.0 7.479621216915036e-09
2902.0 7.47543690914818e-09
2903.0 7.471252601381323e-09
2904.0 7.467068293614465e-09
2905.0 7.462883985847608e-09
2906.0 7.45869967808075e-09
2907.0 7.454515370313893e-09
2908.0 7.450331062547036e-09
2909.0 7.446146754780178e-09
2910.0 7.441962447013322e-09
2911.0 7.437778139246465e-09
2912.0 7.433593831479607e-09
2913.0 7.42940952371275e-09
2914.0 7.4252252159458925e-09
2915.0 7.421040908179036e-09
2916.0 7.4168566004121784e-09
2917.0 7.412672292645319e-09
2918.0 7.408487984878464e-09
2919.0 7.404303677111607e-09
2920.0 7.4001193693447495e-09
2921.0 7.395935061577892e-09
2922.0 7.391750753811037e-09
2923.0 7.387566446044179e-09
2924.0 7.383382138277322e-09
2925.0 7.379197830510465e-09
2926.0 7.375013522743607e-09
2927.0 7.37082921497675e-09
2928.0 7.366644907209892e-09
2929.0 7.362460599443036e-09
2930.0 7.358276291676178e-09
2931.0 7.3540919839093225e-09
2932.0 7.349907676142465e-09
2933.0 7.345723368375608e-09
2934.0 7.341539060608749e-09
2935.0 7.337354752841895e-09
2936.0 7.333170445075036e-09
2937.0 7.3289861373081795e-09
2938.0 7.324801829541322e-09
2939.0 7.3206175217744646e-09
2940.0 7.316433214007607e-09
2941.0 7.31224890624075e-09
2942.0 7.308064598473894e-09
2943.0 7.303880290707037e-09
2944.0 7.299695982940178e-09
2945.0 7.295511675173322e-09
2946.0 7.291327367406465e-09
2947.0 7.2871430596396074e-09
2948.0 7.28295875187275e-09
2949.0 7.278774444105896e-09
2950.0 7.274590136339036e-09
2951.0 7.27040582857218e-09
2952.0 7.266221520805323e-09
2953.0 7.262037213038464e-09
2954.0 7.257852905271607e-09
2955.0 7.2536685975047495e-09
2956.0 7.2494842897378945e-09
2957.0 7.245299981971036e-09
2958.0 7.24111567420418e-09
2959.0 7.236931366437322e-09
2960.0 7.232747058670465e-09
2961.0 7.228562750903607e-09
2962.0 7.22437844313675e-09
2963.0 7.220194135369893e-09
2964.0 7.216009827603036e-09
2965.0 7.21182551983618e-09
2966.0 7.2076412120693225e-09
2967.0 7.203456904302465e-09
2968.0 7.199272596535608e-09
2969.0 7.195088288768751e-09
2970.0 7.190903981001895e-09
2971.0 7.186719673235036e-09
2972.0 7.182535365468179e-09
2973.0 7.178351057701322e-09
2974.0 7.174166749934465e-09
2975.0 7.169982442167607e-09
2976.0 7.165798134400751e-09
2977.0 7.161613826633895e-09
2978.0 7.157429518867037e-09
2979.0 7.15324521110018e-09
2980.0 7.149060903333322e-09
2981.0 7.144876595566465e-09
2982.0 7.1406922877996075e-09
2983.0 7.1365079800327525e-09
2984.0 7.132323672265895e-09
2985.0 7.128139364499036e-09
2986.0 7.12395505673218e-09
2987.0 7.119770748965322e-09
2988.0 7.1155864411984645e-09
2989.0 7.111402133431607e-09
2990.0 7.107217825664751e-09
2991.0 7.103033517897894e-09
2992.0 7.098849210131037e-09
2993.0 7.09466490236418e-09
2994.0 7.090480594597322e-09
2995.0 7.086296286830465e-09
2996.0 7.082111979063607e-09
2997.0 7.077927671296752e-09
2998.0 7.073743363529893e-09
2999.0 7.069559055763036e-09
3000.0 7.06537474799618e-09
3001.0 7.0611904402293226e-09
3002.0 7.057006132462465e-09
3003.0 7.0528218246956085e-09
3004.0 7.048637516928753e-09
3005.0 7.044453209161894e-09
3006.0 7.040268901395037e-09
3007.0 7.0360845936281795e-09
3008.0 7.031900285861322e-09
3009.0 7.027715978094465e-09
3010.0 7.02353167032761e-09
3011.0 7.019347362560751e-09
3012.0 7.015163054793894e-09
3013.0 7.010978747027037e-09
3014.0 7.00679443926018e-09
3015.0 7.0026101314933224e-09
3016.0 6.998425823726465e-09
3017.0 6.994241515959608e-09
3018.0 6.9900572081927526e-09
3019.0 6.9858729004258935e-09
3020.0 6.981688592659038e-09
3021.0 6.97750428489218e-09
3022.0 6.973319977125322e-09
3023.0 6.9691356693584645e-09
3024.0 6.9649513615916095e-09
3025.0 6.960767053824752e-09
3026.0 6.956582746057894e-09
3027.0 6.952398438291037e-09
3028.0 6.94821413052418e-09
3029.0 6.944029822757322e-09
3030.0 6.939845514990465e-09
3031.0 6.93566120722361e-09
3032.0 6.931476899456751e-09
3033.0 6.927292591689895e-09
3034.0 6.9231082839230375e-09
3035.0 6.91892397615618e-09
3036.0 6.914739668389323e-09
3037.0 6.910555360622465e-09
3038.0 6.9063710528556086e-09
3039.0 6.902186745088751e-09
3040.0 6.898002437321894e-09
3041.0 6.893818129555037e-09
3042.0 6.8896338217881796e-09
3043.0 6.885449514021322e-09
3044.0 6.881265206254467e-09
3045.0 6.87708089848761e-09
3046.0 6.8728965907207514e-09
3047.0 6.868712282953894e-09
3048.0 6.864527975187037e-09
3049.0 6.86034366742018e-09
3050.0 6.8561593596533225e-09
3051.0 6.851975051886466e-09
3052.0 6.84779074411961e-09
3053.0 6.843606436352753e-09
3054.0 6.839422128585895e-09
3055.0 6.835237820819038e-09
3056.0 6.83105351305218e-09
3057.0 6.826869205285322e-09
3058.0 6.822684897518468e-09
3059.0 6.818500589751609e-09
3060.0 6.814316281984751e-09
3061.0 6.810131974217895e-09
3062.0 6.805947666451037e-09
3063.0 6.80176335868418e-09
3064.0 6.797579050917322e-09
3065.0 6.793394743150465e-09
3066.0 6.78921043538361e-09
3067.0 6.785026127616751e-09
3068.0 6.780841819849895e-09
3069.0 6.7766575120830376e-09
3070.0 6.77247320431618e-09
3071.0 6.768288896549323e-09
3072.0 6.764104588782468e-09
3073.0 6.75992028101561e-09
3074.0 6.755735973248751e-09
3075.0 6.7515516654818945e-09
3076.0 6.747367357715037e-09
3077.0 6.74318304994818e-09
3078.0 6.738998742181324e-09
3079.0 6.734814434414467e-09
3080.0 6.730630126647609e-09
3081.0 6.726445818880752e-09
3082.0 6.722261511113895e-09
3083.0 6.7180772033470374e-09
3084.0 6.71389289558018e-09
3085.0 6.709708587813325e-09
3086.0 6.705524280046466e-09
3087.0 6.7013399722796085e-09
3088.0 6.697155664512751e-09
3089.0 6.692971356745895e-09
3090.0 6.688787048979038e-09
3091.0 6.6846027412121795e-09
3092.0 6.680418433445325e-09
3093.0 6.676234125678467e-09
3094.0 6.67204981791161e-09
3095.0 6.667865510144752e-09
3096.0 6.663681202377895e-09
3097.0 6.659496894611037e-09
3098.0 6.65531258684418e-09
3099.0 6.651128279077325e-09
3100.0 6.646943971310467e-09
