2.0 2.893476737823947e-07
3.0 3.864397557854282e-07
4.0 4.750155892791711e-07
5.0 5.553413064881394e-07
6.0 6.278256938050599e-07
7.0 6.93176833882018e-07
8.0 7.517180409058371e-07
9.0 8.04125642862972e-07
10.0 8.509535425245657e-07
11.0 8.930101710710622e-07
12.0 9.294487224098216e-07
13.0 9.6204638369245e-07
14.0 9.905668277253414e-07
15.0 1.0150477320764927e-06
16.0 1.0364377854338764e-06
17.0 1.0543258815559795e-06
18.0 1.0686670845579703e-06
19.0 1.0802991471782255e-06
20.0 1.089765198874483e-06
21.0 1.0961673470499824e-06
22.0 1.1004452687872716e-06
23.0 1.1026774496301437e-06
24.0 1.1018599807864763e-06
25.0 1.1003263359177075e-06
26.0 1.09624967713195e-06
27.0 1.0917508689163754e-06
28.0 1.084882033108396e-06
29.0 1.0778047057423614e-06
30.0 1.068429195613385e-06
31.0 1.0590536854844088e-06
32.0 1.048258813735609e-06
33.0 1.0372249214656317e-06
34.0 1.0257785104583365e-06
35.0 1.0138419732728368e-06
36.0 1.0019054360873368e-06
37.0 9.894704199145366e-07
38.0 9.769631357415163e-07
39.0 9.644278924534235e-07
40.0 9.516125053445553e-07
41.0 9.387971182356871e-07
42.0 9.260156409870509e-07
43.0 9.135618389169751e-07
44.0 9.011080368468993e-07
45.0 8.88654234776823e-07
46.0 8.767675509349938e-07
47.0 8.649686374705346e-07
48.0 8.531697240060761e-07
49.0 8.415831955958283e-07
50.0 8.303294852490513e-07
51.0 8.190757749022746e-07
52.0 8.078220645554977e-07
53.0 7.970334306077738e-07
54.0 7.865003690359039e-07
55.0 7.75967307464034e-07
56.0 7.654342458921643e-07
57.0 7.554345052664664e-07
58.0 7.457717893968121e-07
59.0 7.361090735271573e-07
60.0 7.264463576575027e-07
61.0 7.169732255165483e-07
62.0 7.080137858555391e-07
63.0 6.990543461945304e-07
64.0 6.900949065335214e-07
65.0 6.811354668725124e-07
66.0 6.725761104116646e-07
67.0 6.642926663721567e-07
68.0 6.560092223326489e-07
69.0 6.477257782931412e-07
70.0 6.394423342536332e-07
71.0 6.316000724234042e-07
72.0 6.24113253755659e-07
73.0 6.166264350879141e-07
74.0 6.09139616420169e-07
75.0 6.016527977524239e-07
76.0 5.942464546546666e-07
77.0 5.873896636670307e-07
78.0 5.80532872679395e-07
79.0 5.736760816917593e-07
80.0 5.668192907041234e-07
81.0 5.599624997164875e-07
82.0 5.532681128175548e-07
83.0 5.469837479749089e-07
84.0 5.406993831322629e-07
85.0 5.34415018289617e-07
86.0 5.281306534469712e-07
87.0 5.218462886043254e-07
88.0 5.155619237616795e-07
89.0 5.099410550943564e-07
90.0 5.043271879997114e-07
91.0 4.987133209050664e-07
92.0 4.930994538104214e-07
93.0 4.874855867157762e-07
94.0 4.818717196211312e-07
95.0 4.7637851909543807e-07
96.0 4.713376190023378e-07
97.0 4.662967189092373e-07
98.0 4.6125581881613696e-07
99.0 4.5621491872303657e-07
100.0 4.511740186299362e-07
101.0 4.461331185368357e-07
102.0 4.4109221844373545e-07
103.0 4.3647466137396013e-07
104.0 4.3189923135985047e-07
105.0 4.2732380134574076e-07
106.0 4.227483713316311e-07
107.0 4.1817294131752144e-07
108.0 4.135975113034117e-07
109.0 4.0902208128930206e-07
110.0 4.044725926073708e-07
111.0 4.004607597231024e-07
112.0 3.964489268388341e-07
113.0 3.924370939545658e-07
114.0 3.8842526107029734e-07
115.0 3.84413428186029e-07
116.0 3.804015953017607e-07
117.0 3.763897624174923e-07
118.0 3.72377929533224e-07
119.0 3.686411731651275e-07
120.0 3.65106174218747e-07
121.0 3.6157117527236657e-07
122.0 3.58036176325986e-07
123.0 3.545011773796056e-07
124.0 3.509661784332251e-07
125.0 3.4743117948684465e-07
126.0 3.4389618054046416e-07
127.0 3.403611815940837e-07
128.0 3.3699809865833354e-07
129.0 3.338406030918758e-07
130.0 3.3068310752541807e-07
131.0 3.2752561195896034e-07
132.0 3.2436811639250255e-07
133.0 3.2121062082604493e-07
134.0 3.1805312525958714e-07
135.0 3.1489562969312936e-07
136.0 3.117381341266717e-07
137.0 3.0858063856021395e-07
138.0 3.0569508864686473e-07
139.0 3.02968331966824e-07
140.0 3.002415752867832e-07
141.0 2.9751481860674243e-07
142.0 2.947880619267017e-07
143.0 2.920613052466609e-07
144.0 2.8933454856662025e-07
145.0 2.8660779188657946e-07
146.0 2.8388103520653873e-07
147.0 2.8115427852649795e-07
148.0 2.78446794535459e-07
149.0 2.7610093265160697e-07
150.0 2.737550707677549e-07
151.0 2.7140920888390287e-07
152.0 2.6906334700005084e-07
153.0 2.6671748511619876e-07
154.0 2.6437162323234663e-07
155.0 2.6202576134849455e-07
156.0 2.596798994646426e-07
157.0 2.573340375807905e-07
158.0 2.549881756969384e-07
159.0 2.526423138130864e-07
160.0 2.504829928151022e-07
161.0 2.4842198121765595e-07
162.0 2.4636096962020966e-07
163.0 2.442999580227634e-07
164.0 2.422389464253171e-07
165.0 2.4017793482787094e-07
166.0 2.3811692323042462e-07
167.0 2.360559116329783e-07
168.0 2.33994900035532e-07
169.0 2.3193388843808577e-07
170.0 2.298728768406395e-07
171.0 2.2781186524319323e-07
172.0 2.258665399215647e-07
173.0 2.2410884945059722e-07
174.0 2.223511589796298e-07
175.0 2.205934685086623e-07
176.0 2.188357780376949e-07
177.0 2.1707808756672746e-07
178.0 2.1532039709576002e-07
179.0 2.1356270662479253e-07
180.0 2.1180501615382517e-07
181.0 2.100473256828577e-07
182.0 2.0828963521189026e-07
183.0 2.0653194474092285e-07
184.0 2.0477425426995538e-07
185.0 2.0306142299836498e-07
186.0 2.0157967712912411e-07
187.0 2.0009793125988327e-07
188.0 1.9861618539064243e-07
189.0 1.971344395214015e-07
190.0 1.9565269365216064e-07
191.0 1.9417094778291977e-07
192.0 1.9268920191367893e-07
193.0 1.91207456044438e-07
194.0 1.897257101751972e-07
195.0 1.8824396430595638e-07
196.0 1.8676221843671548e-07
197.0 1.8528047256747461e-07
198.0 1.8379872669823372e-07
199.0 1.8231698082899285e-07
200.0 1.8102255016602966e-07
201.0 1.79743184789231e-07
202.0 1.7846381941243231e-07
203.0 1.7718445403563366e-07
204.0 1.75905088658835e-07
205.0 1.7462572328203631e-07
206.0 1.7334635790523768e-07
207.0 1.7206699252843905e-07
208.0 1.7078762715164037e-07
209.0 1.6950826177484168e-07
210.0 1.682288963980431e-07
211.0 1.6694953102124442e-07
212.0 1.6567016564444576e-07
213.0 1.6439080026764708e-07
214.0 1.6311143489084845e-07
215.0 1.6195180907160037e-07
216.0 1.608747217409171e-07
217.0 1.597976344102338e-07
218.0 1.5872054707955046e-07
219.0 1.5764345974886715e-07
220.0 1.5656637241818387e-07
221.0 1.5548928508750057e-07
222.0 1.5441219775681726e-07
223.0 1.5333511042613396e-07
224.0 1.5225802309545065e-07
225.0 1.5118093576476732e-07
226.0 1.5010384843408404e-07
227.0 1.4902676110340076e-07
228.0 1.479496737727174e-07
229.0 1.4687258644203412e-07
230.0 1.4579549911135082e-07
231.0 1.4473253258926682e-07
232.0 1.4383814868876648e-07
233.0 1.4294376478826615e-07
234.0 1.4204938088776584e-07
235.0 1.411549969872655e-07
236.0 1.4026061308676517e-07
237.0 1.393662291862649e-07
238.0 1.3847184528576458e-07
239.0 1.3757746138526425e-07
240.0 1.3668307748476394e-07
241.0 1.3578869358426358e-07
242.0 1.3489430968376327e-07
243.0 1.3399992578326296e-07
244.0 1.3310554188276268e-07
245.0 1.3221115798226232e-07
246.0 1.31316774081762e-07
247.0 1.304223901812617e-07
248.0 1.2952800628076134e-07
249.0 1.2867353548235595e-07
250.0 1.2791650474200493e-07
251.0 1.2715947400165394e-07
252.0 1.2640244326130293e-07
253.0 1.2564541252095191e-07
254.0 1.2488838178060093e-07
255.0 1.241313510402499e-07
256.0 1.2337432029989892e-07
257.0 1.2261728955954793e-07
258.0 1.2186025881919692e-07
259.0 1.2110322807884593e-07
260.0 1.2034619733849494e-07
261.0 1.195891665981439e-07
262.0 1.1883213585779294e-07
263.0 1.1807510511744194e-07
264.0 1.1731807437709095e-07
265.0 1.1656104363673994e-07
266.0 1.1580401289638892e-07
267.0 1.1504698215603793e-07
268.0 1.1430643093197659e-07
269.0 1.1367249608655501e-07
270.0 1.1303856124113343e-07
271.0 1.1240462639571184e-07
272.0 1.1177069155029025e-07
273.0 1.1113675670486864e-07
274.0 1.1050282185944707e-07
275.0 1.0986888701402548e-07
276.0 1.0923495216860389e-07
277.0 1.086010173231823e-07
278.0 1.0796708247776071e-07
279.0 1.0733314763233912e-07
280.0 1.0669921278691752e-07
281.0 1.0606527794149593e-07
282.0 1.0543134309607434e-07
283.0 1.0479740825065275e-07
284.0 1.0416347340523118e-07
285.0 1.0352953855980957e-07
286.0 1.0289560371438798e-07
287.0 1.022616688689664e-07
288.0 1.016277340235448e-07
289.0 1.010527358888031e-07
290.0 1.0053629197415132e-07
291.0 1.0001984805949953e-07
292.0 9.950340414484777e-08
293.0 9.8986960230196e-08
294.0 9.847051631554423e-08
295.0 9.795407240089242e-08
296.0 9.743762848624068e-08
297.0 9.692118457158889e-08
298.0 9.640474065693712e-08
299.0 9.588829674228534e-08
300.0 9.537185282763357e-08
301.0 9.485540891298182e-08
302.0 9.433896499833002e-08
303.0 9.382252108367823e-08
304.0 9.330607716902645e-08
305.0 9.278963325437469e-08
306.0 9.227318933972292e-08
307.0 9.175674542507114e-08
308.0 9.124030151041938e-08
309.0 9.07238575957676e-08
310.0 9.02074136811158e-08
311.0 8.971483358154794e-08
312.0 8.928355917444566e-08
313.0 8.885228476734343e-08
314.0 8.842101036024117e-08
315.0 8.79897359531389e-08
316.0 8.755846154603664e-08
317.0 8.71271871389344e-08
318.0 8.669591273183213e-08
319.0 8.626463832472989e-08
320.0 8.583336391762763e-08
321.0 8.540208951052536e-08
322.0 8.497081510342311e-08
323.0 8.453954069632085e-08
324.0 8.41082662892186e-08
325.0 8.367699188211635e-08
326.0 8.324571747501409e-08
327.0 8.281444306791183e-08
328.0 8.238316866080957e-08
329.0 8.195189425370731e-08
330.0 8.152061984660506e-08
331.0 8.108934543950279e-08
332.0 8.065807103240054e-08
333.0 8.022679662529829e-08
334.0 7.979552221819604e-08
335.0 7.93894929115802e-08
336.0 7.903093704029987e-08
337.0 7.867238116901955e-08
338.0 7.831382529773925e-08
339.0 7.795526942645892e-08
340.0 7.759671355517861e-08
341.0 7.723815768389827e-08
342.0 7.687960181261796e-08
343.0 7.652104594133763e-08
344.0 7.616249007005731e-08
345.0 7.580393419877699e-08
346.0 7.544537832749669e-08
347.0 7.508682245621636e-08
348.0 7.472826658493602e-08
349.0 7.43697107136557e-08
350.0 7.40111548423754e-08
351.0 7.365259897109507e-08
352.0 7.329404309981476e-08
353.0 7.293548722853443e-08
354.0 7.257693135725412e-08
355.0 7.22183754859738e-08
356.0 7.185981961469347e-08
357.0 7.150126374341314e-08
358.0 7.114270787213284e-08
359.0 7.078415200085251e-08
360.0 7.042559612957219e-08
361.0 7.0106111095272e-08
362.0 6.981601616745149e-08
363.0 6.952592123963097e-08
364.0 6.923582631181046e-08
365.0 6.894573138398995e-08
366.0 6.865563645616944e-08
367.0 6.836554152834893e-08
368.0 6.807544660052841e-08
369.0 6.77853516727079e-08
370.0 6.749525674488739e-08
371.0 6.72051618170669e-08
372.0 6.691506688924638e-08
373.0 6.662497196142586e-08
374.0 6.633487703360535e-08
375.0 6.604478210578483e-08
376.0 6.575468717796433e-08
377.0 6.546459225014381e-08
378.0 6.51744973223233e-08
379.0 6.48844023945028e-08
380.0 6.459430746668228e-08
381.0 6.430421253886177e-08
382.0 6.401411761104126e-08
383.0 6.372402268322075e-08
384.0 6.343392775540023e-08
385.0 6.314383282757972e-08
386.0 6.28537378997592e-08
387.0 6.25636429719387e-08
388.0 6.227354804411821e-08
389.0 6.202568402085303e-08
390.0 6.178780174819179e-08
391.0 6.154991947553059e-08
392.0 6.131203720286934e-08
393.0 6.10741549302081e-08
394.0 6.083627265754686e-08
395.0 6.059839038488565e-08
396.0 6.036050811222441e-08
397.0 6.012262583956317e-08
398.0 5.988474356690192e-08
399.0 5.964686129424072e-08
400.0 5.940897902157948e-08
401.0 5.917109674891825e-08
402.0 5.8933214476257004e-08
403.0 5.869533220359577e-08
404.0 5.845744993093453e-08
405.0 5.82195676582733e-08
406.0 5.7981685385612065e-08
407.0 5.7743803112950835e-08
408.0 5.75059208402896e-08
409.0 5.726803856762836e-08
410.0 5.703015629496713e-08
411.0 5.6792274022305896e-08
412.0 5.655439174964466e-08
413.0 5.631650947698343e-08
414.0 5.6078627204322186e-08
415.0 5.584074493166096e-08
416.0 5.5602862658999714e-08
417.0 5.536498038633849e-08
418.0 5.512709811367726e-08
419.0 5.4926693834661446e-08
420.0 5.4730059469299805e-08
421.0 5.4533425103938145e-08
422.0 5.4336790738576504e-08
423.0 5.414015637321485e-08
424.0 5.394352200785321e-08
425.0 5.374688764249156e-08
426.0 5.3550253277129915e-08
427.0 5.335361891176827e-08
428.0 5.315698454640661e-08
429.0 5.2960350181044966e-08
430.0 5.2763715815683325e-08
431.0 5.256708145032167e-08
432.0 5.237044708496003e-08
433.0 5.217381271959837e-08
434.0 5.1977178354236736e-08
435.0 5.1780543988875075e-08
436.0 5.1583909623513434e-08
437.0 5.138727525815178e-08
438.0 5.119064089279014e-08
439.0 5.099400652742849e-08
440.0 5.079737216206685e-08
441.0 5.06007377967052e-08
442.0 5.040410343134355e-08
443.0 5.02074690659819e-08
444.0 5.0010834700620255e-08
445.0 4.98142003352586e-08
446.0 4.961756596989696e-08
447.0 4.942093160453531e-08
448.0 4.922429723917365e-08
449.0 4.902766287381202e-08
450.0 4.8831028508450364e-08
451.0 4.866175685980988e-08
452.0 4.850391652983274e-08
453.0 4.8346076199855617e-08
454.0 4.818823586987849e-08
455.0 4.8030395539901346e-08
456.0 4.787255520992422e-08
457.0 4.771471487994708e-08
458.0 4.755687454996995e-08
459.0 4.7399034219992804e-08
460.0 4.724119389001568e-08
461.0 4.708335356003854e-08
462.0 4.692551323006141e-08
463.0 4.676767290008427e-08
464.0 4.660983257010714e-08
465.0 4.645199224013001e-08
466.0 4.6294151910152866e-08
467.0 4.613631158017574e-08
468.0 4.597847125019861e-08
469.0 4.582063092022147e-08
470.0 4.566279059024434e-08
471.0 4.55049502602672e-08
472.0 4.5347109930290066e-08
473.0 4.518926960031293e-08
474.0 4.50314292703358e-08
475.0 4.487358894035867e-08
476.0 4.471574861038153e-08
477.0 4.45579082804044e-08
478.0 4.440006795042726e-08
479.0 4.424222762045013e-08
480.0 4.408438729047299e-08
481.0 4.392654696049586e-08
482.0 4.3768706630518725e-08
483.0 4.3610866300541586e-08
484.0 4.3453025970564454e-08
485.0 4.329583160044388e-08
486.0 4.316786549405487e-08
487.0 4.3039899387665855e-08
488.0 4.2911933281276834e-08
489.0 4.278396717488782e-08
490.0 4.265600106849881e-08
491.0 4.25280349621098e-08
492.0 4.240006885572077e-08
493.0 4.2272102749331775e-08
494.0 4.214413664294275e-08
495.0 4.201617053655374e-08
496.0 4.1888204430164726e-08
497.0 4.176023832377571e-08
498.0 4.163227221738669e-08
499.0 4.1504306110997676e-08
500.0 4.137634000460867e-08
501.0 4.1248373898219654e-08
502.0 4.112040779183064e-08
503.0 4.099244168544162e-08
504.0 4.086447557905261e-08
505.0 4.07365094726636e-08
506.0 4.060854336627458e-08
507.0 4.048057725988557e-08
508.0 4.035261115349656e-08
509.0 4.022464504710754e-08
510.0 4.0096678940718525e-08
511.0 3.996871283432951e-08
512.0 3.9840746727940496e-08
513.0 3.971278062155149e-08
514.0 3.958481451516247e-08
515.0 3.945684840877345e-08
516.0 3.9328882302384446e-08
517.0 3.9200916195995425e-08
518.0 3.9072950089606404e-08
519.0 3.894498398321741e-08
520.0 3.881701787682838e-08
521.0 3.868905177043937e-08
522.0 3.856108566405035e-08
523.0 3.844807978645342e-08
524.0 3.83425624096009e-08
525.0 3.823704503274838e-08
526.0 3.813152765589587e-08
527.0 3.8026010279043354e-08
528.0 3.792049290219083e-08
529.0 3.7814975525338304e-08
530.0 3.7709458148485786e-08
531.0 3.7603940771633275e-08
532.0 3.749842339478076e-08
533.0 3.7392906017928246e-08
534.0 3.7287388641075714e-08
535.0 3.71818712642232e-08
536.0 3.707635388737068e-08
537.0 3.697083651051816e-08
538.0 3.686531913366564e-08
539.0 3.675980175681312e-08
540.0 3.6654284379960607e-08
541.0 3.654876700310808e-08
542.0 3.644324962625557e-08
543.0 3.633773224940305e-08
544.0 3.623221487255053e-08
545.0 3.612669749569801e-08
546.0 3.60211801188455e-08
547.0 3.5915662741992974e-08
548.0 3.5810145365140456e-08
549.0 3.570462798828794e-08
550.0 3.559911061143542e-08
551.0 3.54935932345829e-08
552.0 3.538807585773038e-08
553.0 3.5282558480877866e-08
554.0 3.517704110402535e-08
555.0 3.507152372717283e-08
556.0 3.496600635032032e-08
557.0 3.4860488973467794e-08
558.0 3.475497159661527e-08
559.0 3.464945421976275e-08
560.0 3.4543936842910234e-08
561.0 3.443841946605772e-08
562.0 3.43329020892052e-08
563.0 3.423672097171578e-08
564.0 3.4152718315113744e-08
565.0 3.40687156585117e-08
566.0 3.398471300190966e-08
567.0 3.390071034530761e-08
568.0 3.3816707688705575e-08
569.0 3.373270503210354e-08
570.0 3.3648702375501495e-08
571.0 3.3564699718899444e-08
572.0 3.3480697062297414e-08
573.0 3.339669440569537e-08
574.0 3.3312691749093326e-08
575.0 3.322868909249128e-08
576.0 3.3144686435889245e-08
577.0 3.30606837792872e-08
578.0 3.2976681122685164e-08
579.0 3.289267846608312e-08
580.0 3.280867580948108e-08
581.0 3.272467315287904e-08
582.0 3.2640670496277e-08
583.0 3.2556667839674945e-08
584.0 3.247266518307292e-08
585.0 3.238866252647088e-08
586.0 3.230465986986884e-08
587.0 3.222065721326679e-08
588.0 3.213665455666475e-08
589.0 3.205265190006271e-08
590.0 3.196864924346067e-08
591.0 3.188464658685863e-08
592.0 3.180064393025658e-08
593.0 3.171664127365455e-08
594.0 3.1632638617052504e-08
595.0 3.1548635960450453e-08
596.0 3.146463330384842e-08
597.0 3.138063064724638e-08
598.0 3.1296627990644335e-08
599.0 3.12126253340423e-08
600.0 3.1128622677440254e-08
601.0 3.104462002083821e-08
602.0 3.0960617364236173e-08
603.0 3.087661470763412e-08
604.0 3.079261205103209e-08
605.0 3.0708609394430055e-08
606.0 3.06262922259508e-08
607.0 3.055871852747366e-08
608.0 3.0491144828996517e-08
609.0 3.042357113051937e-08
610.0 3.0355997432042224e-08
611.0 3.0288423733565074e-08
612.0 3.0220850035087925e-08
613.0 3.015327633661078e-08
614.0 3.008570263813363e-08
615.0 3.0018128939656495e-08
616.0 2.9950555241179346e-08
617.0 2.9882981542702196e-08
618.0 2.981540784422505e-08
619.0 2.974783414574791e-08
620.0 2.9680260447270757e-08
621.0 2.9612686748793607e-08
622.0 2.9545113050316467e-08
623.0 2.9477539351839314e-08
624.0 2.9409965653362168e-08
625.0 2.934239195488503e-08
626.0 2.9274818256407882e-08
627.0 2.9207244557930736e-08
628.0 2.9139670859453592e-08
629.0 2.9072097160976443e-08
630.0 2.9004523462499303e-08
631.0 2.893694976402215e-08
632.0 2.8869376065545007e-08
633.0 2.8801802367067857e-08
634.0 2.873422866859071e-08
635.0 2.8666654970113565e-08
636.0 2.8599081271636415e-08
637.0 2.853150757315927e-08
638.0 2.8463933874682125e-08
639.0 2.8396360176204982e-08
640.0 2.8328786477727836e-08
641.0 2.826121277925069e-08
642.0 2.8193639080773543e-08
643.0 2.812606538229639e-08
644.0 2.8058491683819247e-08
645.0 2.79909179853421e-08
646.0 2.7923344286864958e-08
647.0 2.7855770588387815e-08
648.0 2.7788196889910665e-08
649.0 2.772062319143352e-08
650.0 2.7653049492956376e-08
651.0 2.7585475794479223e-08
652.0 2.7517902096002083e-08
653.0 2.7455576354431575e-08
654.0 2.7400104129552505e-08
655.0 2.7344631904673433e-08
656.0 2.7289159679794367e-08
657.0 2.72336874549153e-08
658.0 2.7178215230036228e-08
659.0 2.7122743005157165e-08
660.0 2.7067270780278092e-08
661.0 2.7011798555399026e-08
662.0 2.6956326330519957e-08
663.0 2.6900854105640894e-08
664.0 2.6845381880761828e-08
665.0 2.6789909655882755e-08
666.0 2.673443743100369e-08
667.0 2.667896520612462e-08
668.0 2.6623492981245554e-08
669.0 2.6568020756366487e-08
670.0 2.6512548531487415e-08
671.0 2.6457076306608352e-08
672.0 2.6401604081729283e-08
673.0 2.6346131856850213e-08
674.0 2.6290659631971144e-08
675.0 2.6235187407092078e-08
676.0 2.6179715182213008e-08
677.0 2.612424295733394e-08
678.0 2.6068770732454876e-08
679.0 2.6013298507575807e-08
680.0 2.595782628269674e-08
681.0 2.590235405781767e-08
682.0 2.5846881832938602e-08
683.0 2.5791409608059532e-08
684.0 2.5735937383180466e-08
685.0 2.5680465158301397e-08
686.0 2.562499293342233e-08
687.0 2.5569520708543265e-08
688.0 2.5514048483664195e-08
689.0 2.545857625878513e-08
690.0 2.5403104033906063e-08
691.0 2.5347631809026994e-08
692.0 2.5292159584147918e-08
693.0 2.5236687359268848e-08
694.0 2.5181215134389786e-08
695.0 2.512574290951072e-08
696.0 2.5070270684631653e-08
697.0 2.501479845975258e-08
698.0 2.4959326234873518e-08
699.0 2.4903854009994452e-08
700.0 2.4848381785115382e-08
701.0 2.479290956023631e-08
702.0 2.4737437335357244e-08
703.0 2.4683856101119278e-08
704.0 2.4639501927840344e-08
705.0 2.4595147754561427e-08
706.0 2.4550793581282497e-08
707.0 2.4506439408003577e-08
708.0 2.4462085234724643e-08
709.0 2.441773106144572e-08
710.0 2.43733768881668e-08
711.0 2.4329022714887873e-08
712.0 2.428466854160895e-08
713.0 2.4240314368330022e-08
714.0 2.41959601950511e-08
715.0 2.4151606021772168e-08
716.0 2.410725184849324e-08
717.0 2.4062897675214318e-08
718.0 2.4018543501935394e-08
719.0 2.397418932865647e-08
720.0 2.3929835155377537e-08
721.0 2.388548098209862e-08
722.0 2.384112680881969e-08
723.0 2.3796772635540766e-08
724.0 2.375241846226184e-08
725.0 2.3708064288982916e-08
726.0 2.366371011570399e-08
727.0 2.3619355942425065e-08
728.0 2.357500176914613e-08
729.0 2.353064759586721e-08
730.0 2.3486293422588288e-08
731.0 2.344193924930936e-08
732.0 2.339758507603043e-08
733.0 2.3353230902751504e-08
734.0 2.3308876729472587e-08
735.0 2.3264522556193653e-08
736.0 2.322016838291473e-08
737.0 2.3175814209635806e-08
738.0 2.3131460036356882e-08
739.0 2.3087105863077955e-08
740.0 2.3042751689799032e-08
741.0 2.2998397516520108e-08
742.0 2.2954043343241178e-08
743.0 2.2909689169962254e-08
744.0 2.286533499668333e-08
745.0 2.2820980823404404e-08
746.0 2.2776626650125477e-08
747.0 2.2732272476846553e-08
748.0 2.2687918303567623e-08
749.0 2.26435641302887e-08
750.0 2.2599209957009776e-08
751.0 2.2554855783730842e-08
752.0 2.2510501610451922e-08
753.0 2.2466147437173e-08
754.0 2.2421793263894075e-08
755.0 2.2377439090615145e-08
756.0 2.233308491733622e-08
757.0 2.228904807992763e-08
758.0 2.225376651797074e-08
759.0 2.2218484956013827e-08
760.0 2.218320339405693e-08
761.0 2.214792183210003e-08
762.0 2.2112640270143125e-08
763.0 2.2077358708186223e-08
764.0 2.2042077146229324e-08
765.0 2.2006795584272425e-08
766.0 2.197151402231552e-08
767.0 2.1936232460358618e-08
768.0 2.190095089840172e-08
769.0 2.1865669336444818e-08
770.0 2.183038777448792e-08
771.0 2.1795106212531017e-08
772.0 2.1759824650574115e-08
773.0 2.1724543088617213e-08
774.0 2.168926152666031e-08
775.0 2.165397996470341e-08
776.0 2.161869840274651e-08
777.0 2.158341684078961e-08
778.0 2.154813527883271e-08
779.0 2.1512853716875805e-08
780.0 2.147757215491891e-08
781.0 2.1442290592962004e-08
782.0 2.1407009031005102e-08
783.0 2.1371727469048204e-08
784.0 2.1336445907091302e-08
785.0 2.1301164345134403e-08
786.0 2.1265882783177498e-08
787.0 2.12306012212206e-08
788.0 2.1195319659263694e-08
789.0 2.1160038097306795e-08
790.0 2.1124756535349897e-08
791.0 2.1089474973392995e-08
792.0 2.105419341143609e-08
793.0 2.101891184947919e-08
794.0 2.098363028752229e-08
795.0 2.094834872556539e-08
796.0 2.091306716360849e-08
797.0 2.087778560165159e-08
798.0 2.0842504039694688e-08
799.0 2.0807222477737786e-08
800.0 2.0771940915780884e-08
801.0 2.073665935382398e-08
802.0 2.070137779186708e-08
803.0 2.066609622991018e-08
804.0 2.0630814667953283e-08
805.0 2.0595533105996378e-08
806.0 2.0560251544039476e-08
807.0 2.0524969982082574e-08
808.0 2.0489688420125675e-08
809.0 2.0454406858168773e-08
810.0 2.0419125296211874e-08
811.0 2.0383843734254976e-08
812.0 2.0348562172298074e-08
813.0 2.0313280610341172e-08
814.0 2.027799904838427e-08
815.0 2.0242717486427365e-08
816.0 2.0211995559871776e-08
817.0 2.018295884471613e-08
818.0 2.0153922129560493e-08
819.0 2.012488541440485e-08
820.0 2.009584869924921e-08
821.0 2.0066811984093568e-08
822.0 2.0037775268937932e-08
823.0 2.000873855378229e-08
824.0 1.997970183862665e-08
825.0 1.9950665123471004e-08
826.0 1.9921628408315367e-08
827.0 1.9892591693159728e-08
828.0 1.986355497800409e-08
829.0 1.983451826284844e-08
830.0 1.9805481547692803e-08
831.0 1.9776444832537163e-08
832.0 1.9747408117381527e-08
833.0 1.9718371402225884e-08
834.0 1.968933468707024e-08
835.0 1.9660297971914602e-08
836.0 1.9631261256758963e-08
837.0 1.9602224541603323e-08
838.0 1.9573187826447684e-08
839.0 1.954415111129204e-08
840.0 1.9515114396136398e-08
841.0 1.948607768098076e-08
842.0 1.9457040965825116e-08
843.0 1.9428004250669476e-08
844.0 1.9398967535513837e-08
845.0 1.9369930820358197e-08
846.0 1.9340894105202554e-08
847.0 1.9311857390046915e-08
848.0 1.9282820674891272e-08
849.0 1.9253783959735633e-08
850.0 1.9224747244579993e-08
851.0 1.919571052942435e-08
852.0 1.916667381426871e-08
853.0 1.9137637099113068e-08
854.0 1.910860038395743e-08
855.0 1.9079563668801786e-08
856.0 1.905052695364615e-08
857.0 1.9021490238490507e-08
858.0 1.8992453523334864e-08
859.0 1.8963416808179228e-08
860.0 1.8934380093023588e-08
861.0 1.8905343377867942e-08
862.0 1.88763066627123e-08
863.0 1.8847269947556663e-08
864.0 1.8818233232401024e-08
865.0 1.878919651724538e-08
866.0 1.8760159802089738e-08
867.0 1.8731123086934102e-08
868.0 1.8702086371778462e-08
869.0 1.867304965662282e-08
870.0 1.8644012941467177e-08
871.0 1.8614976226311537e-08
872.0 1.8585939511155898e-08
873.0 1.8556902796000258e-08
874.0 1.8527866080844615e-08
875.0 1.849882936568898e-08
876.0 1.8469792650533333e-08
877.0 1.8440755935377697e-08
878.0 1.841171922022205e-08
879.0 1.838809002236033e-08
880.0 1.836484039503708e-08
881.0 1.8341590767713825e-08
882.0 1.8318341140390568e-08
883.0 1.8295091513067317e-08
884.0 1.8271841885744062e-08
885.0 1.8248592258420808e-08
886.0 1.8225342631097553e-08
887.0 1.8202093003774302e-08
888.0 1.817884337645105e-08
889.0 1.8155593749127797e-08
890.0 1.8132344121804542e-08
891.0 1.8109094494481288e-08
892.0 1.8085844867158037e-08
893.0 1.8062595239834786e-08
894.0 1.8039345612511525e-08
895.0 1.8016095985188274e-08
896.0 1.7992846357865023e-08
897.0 1.7969596730541765e-08
898.0 1.7946347103218517e-08
899.0 1.792309747589526e-08
900.0 1.7899847848572005e-08
901.0 1.7876598221248754e-08
902.0 1.78533485939255e-08
903.0 1.783009896660225e-08
904.0 1.780684933927899e-08
905.0 1.778359971195574e-08
906.0 1.7760350084632482e-08
907.0 1.7737100457309234e-08
908.0 1.7713850829985983e-08
909.0 1.7690601202662725e-08
910.0 1.7667351575339474e-08
911.0 1.7644101948016217e-08
912.0 1.7620852320692962e-08
913.0 1.7597602693369708e-08
914.0 1.7574353066046457e-08
915.0 1.7551103438723202e-08
916.0 1.7527853811399948e-08
917.0 1.7504604184076697e-08
918.0 1.7481354556753443e-08
919.0 1.7458104929430188e-08
920.0 1.7434855302106937e-08
921.0 1.7411605674783683e-08
922.0 1.738835604746043e-08
923.0 1.7365106420137177e-08
924.0 1.734185679281392e-08
925.0 1.731860716549067e-08
926.0 1.7295357538167414e-08
927.0 1.7272107910844163e-08
928.0 1.7248858283520905e-08
929.0 1.7225608656197654e-08
930.0 1.7202359028874403e-08
931.0 1.7179109401551145e-08
932.0 1.715585977422789e-08
933.0 1.713261014690464e-08
934.0 1.7109360519581385e-08
935.0 1.708611089225813e-08
936.0 1.706286126493488e-08
937.0 1.7039611637611626e-08
938.0 1.7016362010288374e-08
939.0 1.699311238296512e-08
940.0 1.6969862755641866e-08
941.0 1.694661312831861e-08
942.0 1.692336350099536e-08
943.0 1.6900113873672102e-08
944.0 1.6876864246348848e-08
945.0 1.6853614619025594e-08
946.0 1.6831763539267634e-08
947.0 1.6813146865801338e-08
948.0 1.6794530192335042e-08
949.0 1.677591351886875e-08
950.0 1.675729684540245e-08
951.0 1.6738680171936157e-08
952.0 1.6720063498469864e-08
953.0 1.670144682500357e-08
954.0 1.668283015153727e-08
955.0 1.6664213478070982e-08
956.0 1.6645596804604682e-08
957.0 1.662698013113839e-08
958.0 1.6608363457672093e-08
959.0 1.65897467842058e-08
960.0 1.6571130110739504e-08
961.0 1.655251343727321e-08
962.0 1.653389676380692e-08
963.0 1.6515280090340622e-08
964.0 1.649666341687433e-08
965.0 1.6478046743408033e-08
966.0 1.6459430069941737e-08
967.0 1.644081339647544e-08
968.0 1.6422196723009148e-08
969.0 1.6403580049542852e-08
970.0 1.6384963376076556e-08
971.0 1.6366346702610263e-08
972.0 1.6347730029143967e-08
973.0 1.6329113355677674e-08
974.0 1.6310496682211378e-08
975.0 1.6291880008745085e-08
976.0 1.627326333527879e-08
977.0 1.6254646661812493e-08
978.0 1.6236029988346197e-08
979.0 1.6217413314879904e-08
980.0 1.619879664141361e-08
981.0 1.6180179967947315e-08
982.0 1.616156329448102e-08
983.0 1.6142946621014726e-08
984.0 1.612432994754843e-08
985.0 1.6105713274082134e-08
986.0 1.608709660061584e-08
987.0 1.6068479927149545e-08
988.0 1.6049863253683252e-08
989.0 1.6031246580216956e-08
990.0 1.601262990675066e-08
991.0 1.5994013233284367e-08
992.0 1.5975396559818074e-08
993.0 1.5956779886351778e-08
994.0 1.593816321288548e-08
995.0 1.591954653941919e-08
996.0 1.590092986595289e-08
997.0 1.5882313192486596e-08
998.0 1.5863696519020303e-08
999.0 1.584507984555401e-08
1000.0 1.5826463172087718e-08
1001.0 1.5807846498621418e-08
1002.0 1.5789229825155125e-08
1003.0 1.577061315168883e-08
1004.0 1.5751996478222536e-08
1005.0 1.573337980475624e-08
1006.0 1.5714763131289947e-08
1007.0 1.569614645782365e-08
1008.0 1.5677529784357358e-08
1009.0 1.565891311089106e-08
1010.0 1.5640296437424766e-08
1011.0 1.5621679763958473e-08
1012.0 1.5603063090492177e-08
1013.0 1.558444641702588e-08
1014.0 1.5565829743559588e-08
1015.0 1.554721307009329e-08
1016.0 1.5528596396627e-08
1017.0 1.5509979723160703e-08
1018.0 1.549136304969441e-08
1019.0 1.5474241849533687e-08
1020.0 1.5458876436435718e-08
1021.0 1.5443511023337742e-08
1022.0 1.5428145610239772e-08
1023.0 1.5412780197141803e-08
1024.0 1.5397414784043827e-08
1025.0 1.5382049370945858e-08
1026.0 1.5366683957847885e-08
1027.0 1.5351318544749912e-08
1028.0 1.533595313165194e-08
1029.0 1.532058771855397e-08
1030.0 1.5305222305455997e-08
1031.0 1.5289856892358028e-08
1032.0 1.527449147926006e-08
1033.0 1.5259126066162083e-08
1034.0 1.5243760653064113e-08
1035.0 1.5228395239966144e-08
1036.0 1.521302982686817e-08
1037.0 1.5197664413770195e-08
1038.0 1.5182299000672226e-08
1039.0 1.5166933587574253e-08
1040.0 1.5151568174476284e-08
1041.0 1.5136202761378314e-08
1042.0 1.512083734828034e-08
1043.0 1.5105471935182366e-08
1044.0 1.50901065220844e-08
1045.0 1.5074741108986424e-08
1046.0 1.5059375695888454e-08
1047.0 1.5044010282790485e-08
1048.0 1.5028644869692512e-08
1049.0 1.5013279456594536e-08
1050.0 1.499791404349657e-08
1051.0 1.4982548630398597e-08
1052.0 1.4967183217300628e-08
1053.0 1.4951817804202652e-08
1054.0 1.493645239110468e-08
1055.0 1.4921086978006706e-08
1056.0 1.490572156490874e-08
1057.0 1.4890356151810764e-08
1058.0 1.4874990738712795e-08
1059.0 1.4859625325614822e-08
1060.0 1.4844259912516851e-08
1061.0 1.482889449941888e-08
1062.0 1.4813529086320913e-08
1063.0 1.4798163673222936e-08
1064.0 1.4782798260124964e-08
1065.0 1.4767432847026993e-08
1066.0 1.4752067433929022e-08
1067.0 1.4736702020831049e-08
1068.0 1.472133660773308e-08
1069.0 1.4705971194635107e-08
1070.0 1.4690605781537136e-08
1071.0 1.4675240368439165e-08
1072.0 1.465987495534119e-08
1073.0 1.4644509542243221e-08
1074.0 1.4629144129145248e-08
1075.0 1.4613778716047277e-08
1076.0 1.4598413302949306e-08
1077.0 1.4583047889851334e-08
1078.0 1.4567682476753361e-08
1079.0 1.4552317063655392e-08
1080.0 1.453695165055742e-08
1081.0 1.4521586237459451e-08
1082.0 1.4506220824361477e-08
1083.0 1.4490855411263506e-08
1084.0 1.4475489998165531e-08
1085.0 1.4460124585067565e-08
1086.0 1.4444759171969593e-08
1087.0 1.4429393758871618e-08
1088.0 1.4414028345773646e-08
1089.0 1.4398662932675678e-08
1090.0 1.4383297519577702e-08
1091.0 1.4367932106479736e-08
1092.0 1.4352566693381763e-08
1093.0 1.4337201280283792e-08
1094.0 1.4321835867185816e-08
1095.0 1.4306470454087848e-08
1096.0 1.4291105040989872e-08
1097.0 1.4275761327596371e-08
1098.0 1.4263306404638645e-08
1099.0 1.4250851481680921e-08
1100.0 1.4238396558723195e-08
1101.0 1.422594163576547e-08
1102.0 1.4213486712807743e-08
1103.0 1.4201031789850019e-08
1104.0 1.4188576866892294e-08
1105.0 1.4176121943934568e-08
1106.0 1.4163667020976842e-08
1107.0 1.4151212098019118e-08
1108.0 1.4138757175061392e-08
1109.0 1.4126302252103664e-08
1110.0 1.4113847329145938e-08
1111.0 1.4101392406188214e-08
1112.0 1.4088937483230486e-08
1113.0 1.4076482560272763e-08
1114.0 1.4064027637315036e-08
1115.0 1.4051572714357311e-08
1116.0 1.4039117791399587e-08
1117.0 1.402666286844186e-08
1118.0 1.4014207945484135e-08
1119.0 1.400175302252641e-08
1120.0 1.3989298099568681e-08
1121.0 1.3976843176610957e-08
1122.0 1.396438825365323e-08
1123.0 1.3951933330695506e-08
1124.0 1.393947840773778e-08
1125.0 1.3927023484780054e-08
1126.0 1.391456856182233e-08
1127.0 1.3902113638864604e-08
1128.0 1.388965871590688e-08
1129.0 1.3877203792949153e-08
1130.0 1.3864748869991427e-08
1131.0 1.3852293947033703e-08
1132.0 1.3839839024075977e-08
1133.0 1.382738410111825e-08
1134.0 1.3814929178160527e-08
1135.0 1.3802474255202797e-08
1136.0 1.3790019332245073e-08
1137.0 1.3777564409287347e-08
1138.0 1.3765109486329622e-08
1139.0 1.3752654563371893e-08
1140.0 1.3740199640414172e-08
1141.0 1.3727744717456446e-08
1142.0 1.3715289794498717e-08
1143.0 1.3702834871540996e-08
1144.0 1.369037994858327e-08
1145.0 1.3677925025625542e-08
1146.0 1.366547010266782e-08
1147.0 1.365301517971009e-08
1148.0 1.3640560256752365e-08
1149.0 1.362810533379464e-08
1150.0 1.3615650410836913e-08
1151.0 1.3603195487879189e-08
1152.0 1.3590740564921465e-08
1153.0 1.3578285641963739e-08
1154.0 1.3565830719006013e-08
1155.0 1.3553375796048285e-08
1156.0 1.3540920873090562e-08
1157.0 1.3528465950132835e-08
1158.0 1.3516011027175108e-08
1159.0 1.3503556104217384e-08
1160.0 1.3491101181259658e-08
1161.0 1.3478646258301932e-08
1162.0 1.3466191335344208e-08
1163.0 1.3453736412386482e-08
1164.0 1.3441281489428752e-08
1165.0 1.3428826566471031e-08
1166.0 1.3416371643513302e-08
1167.0 1.3403916720555576e-08
1168.0 1.3391461797597855e-08
1169.0 1.3379006874640125e-08
1170.0 1.3366551951682401e-08
1171.0 1.3354097028724677e-08
1172.0 1.3341642105766949e-08
1173.0 1.3329187182809225e-08
1174.0 1.3316732259851499e-08
1175.0 1.3304277336893774e-08
1176.0 1.3291822413936048e-08
1177.0 1.3279367490978322e-08
1178.0 1.3266912568020598e-08
1179.0 1.3254457645062869e-08
1180.0 1.3242002722105147e-08
1181.0 1.3229547799147421e-08
1182.0 1.3218293425383555e-08
1183.0 1.3208182498341275e-08
1184.0 1.3198071571298991e-08
1185.0 1.3187960644256712e-08
1186.0 1.3177849717214428e-08
1187.0 1.3167738790172147e-08
1188.0 1.3157627863129863e-08
1189.0 1.3147516936087583e-08
1190.0 1.31374060090453e-08
1191.0 1.3127295082003019e-08
1192.0 1.3117184154960735e-08
1193.0 1.3107073227918452e-08
1194.0 1.3096962300876172e-08
1195.0 1.3086851373833887e-08
1196.0 1.3076740446791607e-08
1197.0 1.3066629519749322e-08
1198.0 1.3056518592707039e-08
1199.0 1.3046407665664763e-08
1200.0 1.303629673862248e-08
1201.0 1.3026185811580196e-08
1202.0 1.3016074884537914e-08
1203.0 1.3005963957495631e-08
1204.0 1.2995853030453351e-08
1205.0 1.2985742103411068e-08
1206.0 1.2975631176368786e-08
1207.0 1.2965520249326503e-08
1208.0 1.295540932228422e-08
1209.0 1.294529839524194e-08
1210.0 1.2935187468199658e-08
1211.0 1.2925076541157375e-08
1212.0 1.291496561411509e-08
1213.0 1.290485468707281e-08
1214.0 1.289474376003053e-08
1215.0 1.2884632832988247e-08
1216.0 1.2874521905945964e-08
1217.0 1.2864410978903682e-08
1218.0 1.2854300051861402e-08
1219.0 1.2844189124819116e-08
1220.0 1.2834078197776836e-08
1221.0 1.2823967270734554e-08
1222.0 1.2813856343692271e-08
1223.0 1.2803745416649991e-08
1224.0 1.2793634489607708e-08
1225.0 1.2783523562565426e-08
1226.0 1.2773412635523143e-08
1227.0 1.2763301708480858e-08
1228.0 1.275319078143858e-08
1229.0 1.2743079854396298e-08
1230.0 1.2732968927354015e-08
1231.0 1.272285800031173e-08
1232.0 1.271274707326945e-08
1233.0 1.2702636146227167e-08
1234.0 1.2692525219184883e-08
1235.0 1.2682414292142602e-08
1236.0 1.2672303365100319e-08
1237.0 1.2662192438058039e-08
1238.0 1.2652081511015755e-08
1239.0 1.2641970583973475e-08
1240.0 1.2631859656931194e-08
1241.0 1.262174872988891e-08
1242.0 1.2611637802846627e-08
1243.0 1.2601526875804347e-08
1244.0 1.2591415948762066e-08
1245.0 1.2581305021719783e-08
1246.0 1.25711940946775e-08
1247.0 1.2561083167635218e-08
1248.0 1.2550972240592936e-08
1249.0 1.2540861313550651e-08
1250.0 1.253075038650837e-08
1251.0 1.2520639459466086e-08
1252.0 1.2510528532423803e-08
1253.0 1.2500417605381523e-08
1254.0 1.2490306678339243e-08
1255.0 1.2480195751296962e-08
1256.0 1.2470084824254678e-08
1257.0 1.2459973897212395e-08
1258.0 1.2449862970170115e-08
1259.0 1.2439752043127832e-08
1260.0 1.242964111608555e-08
1261.0 1.2419530189043267e-08
1262.0 1.2409419262000985e-08
1263.0 1.2399308334958704e-08
1264.0 1.2389197407916422e-08
1265.0 1.2379086480874139e-08
1266.0 1.2368975553831854e-08
1267.0 1.235886462678957e-08
1268.0 1.2348753699747294e-08
1269.0 1.2338642772705011e-08
1270.0 1.2328531845662726e-08
1271.0 1.2318420918620446e-08
1272.0 1.2308309991578163e-08
1273.0 1.2299042982401188e-08
1274.0 1.22905910209407e-08
1275.0 1.2282139059480214e-08
1276.0 1.2273687098019725e-08
1277.0 1.226523513655924e-08
1278.0 1.2256783175098754e-08
1279.0 1.2248331213638267e-08
1280.0 1.223987925217778e-08
1281.0 1.2231427290717293e-08
1282.0 1.2222975329256808e-08
1283.0 1.2214523367796318e-08
1284.0 1.2206071406335833e-08
1285.0 1.2197619444875343e-08
1286.0 1.218916748341486e-08
1287.0 1.218071552195437e-08
1288.0 1.2172263560493885e-08
1289.0 1.21638115990334e-08
1290.0 1.215535963757291e-08
1291.0 1.2146907676112425e-08
1292.0 1.213845571465194e-08
1293.0 1.2130003753191452e-08
1294.0 1.2121551791730965e-08
1295.0 1.2113099830270477e-08
1296.0 1.2104647868809992e-08
1297.0 1.2096195907349504e-08
1298.0 1.2087743945889017e-08
1299.0 1.2079291984428532e-08
1300.0 1.2070840022968044e-08
1301.0 1.2062388061507558e-08
1302.0 1.2053936100047073e-08
1303.0 1.2045484138586584e-08
1304.0 1.2037032177126094e-08
1305.0 1.202858021566561e-08
1306.0 1.2020128254205121e-08
1307.0 1.2011676292744636e-08
1308.0 1.200322433128415e-08
1309.0 1.1994772369823665e-08
1310.0 1.1986320408363177e-08
1311.0 1.1977868446902688e-08
1312.0 1.1969416485442203e-08
1313.0 1.1960964523981717e-08
1314.0 1.1952512562521229e-08
1315.0 1.1944060601060739e-08
1316.0 1.1935608639600255e-08
1317.0 1.1927156678139769e-08
1318.0 1.191870471667928e-08
1319.0 1.1910252755218796e-08
1320.0 1.1901800793758309e-08
1321.0 1.1893348832297821e-08
1322.0 1.1884896870837336e-08
1323.0 1.1876444909376846e-08
1324.0 1.1867992947916361e-08
1325.0 1.1859540986455873e-08
1326.0 1.1851089024995388e-08
1327.0 1.1842637063534901e-08
1328.0 1.1834185102074413e-08
1329.0 1.1825733140613928e-08
1330.0 1.1817281179153438e-08
1331.0 1.1808829217692953e-08
1332.0 1.1800377256232469e-08
1333.0 1.179192529477198e-08
1334.0 1.178347333331149e-08
1335.0 1.1775021371851005e-08
1336.0 1.176656941039052e-08
1337.0 1.175811744893003e-08
1338.0 1.1749665487469546e-08
1339.0 1.174121352600906e-08
1340.0 1.1732761564548573e-08
1341.0 1.1724309603088084e-08
1342.0 1.1715857641627598e-08
1343.0 1.1707405680167113e-08
1344.0 1.1698953718706625e-08
1345.0 1.1690501757246138e-08
1346.0 1.1682049795785653e-08
1347.0 1.1673597834325165e-08
1348.0 1.1665145872864677e-08
1349.0 1.1656693911404192e-08
1350.0 1.1648241949943705e-08
1351.0 1.1639789988483215e-08
1352.0 1.1631338027022732e-08
1353.0 1.1622886065562242e-08
1354.0 1.1614434104101757e-08
1355.0 1.1605982142641269e-08
1356.0 1.1597530181180784e-08
1357.0 1.1589078219720297e-08
1358.0 1.1580626258259809e-08
1359.0 1.1572174296799324e-08
1360.0 1.1563722335338836e-08
1361.0 1.155527037387835e-08
1362.0 1.1546818412417864e-08
1363.0 1.1538366450957376e-08
1364.0 1.152991448949689e-08
1365.0 1.1521462528036401e-08
1366.0 1.1513010566575916e-08
1367.0 1.1504558605115428e-08
1368.0 1.1496106643654942e-08
1369.0 1.1487654682194457e-08
1370.0 1.1479202720733967e-08
1371.0 1.1471442479941321e-08
1372.0 1.1464385885533706e-08
1373.0 1.1457329291126096e-08
1374.0 1.1450272696718484e-08
1375.0 1.1443216102310873e-08
1376.0 1.143615950790326e-08
1377.0 1.1429102913495646e-08
1378.0 1.1422046319088034e-08
1379.0 1.1414989724680423e-08
1380.0 1.1407933130272809e-08
1381.0 1.1400876535865197e-08
1382.0 1.1393819941457584e-08
1383.0 1.1386763347049972e-08
1384.0 1.1379706752642359e-08
1385.0 1.1372650158234747e-08
1386.0 1.136559356382713e-08
1387.0 1.1358536969419522e-08
1388.0 1.1351480375011909e-08
1389.0 1.1344423780604297e-08
1390.0 1.1337367186196685e-08
1391.0 1.1330310591789069e-08
1392.0 1.132325399738146e-08
1393.0 1.1316197402973844e-08
1394.0 1.1309140808566235e-08
1395.0 1.1302084214158619e-08
1396.0 1.1295027619751007e-08
1397.0 1.1287971025343397e-08
1398.0 1.1280914430935785e-08
1399.0 1.127385783652817e-08
1400.0 1.1266801242120557e-08
1401.0 1.1259744647712945e-08
1402.0 1.1252688053305335e-08
1403.0 1.124563145889772e-08
1404.0 1.123857486449011e-08
1405.0 1.1231518270082495e-08
1406.0 1.1224461675674883e-08
1407.0 1.1217405081267273e-08
1408.0 1.1210348486859656e-08
1409.0 1.1203291892452048e-08
1410.0 1.1196235298044433e-08
1411.0 1.1189178703636823e-08
1412.0 1.1182122109229208e-08
1413.0 1.1175065514821594e-08
1414.0 1.1168008920413983e-08
1415.0 1.1160952326006371e-08
1416.0 1.1153895731598761e-08
1417.0 1.1146839137191146e-08
1418.0 1.1139782542783533e-08
1419.0 1.1132725948375921e-08
1420.0 1.112566935396831e-08
1421.0 1.1118612759560696e-08
1422.0 1.1111556165153086e-08
1423.0 1.110449957074547e-08
1424.0 1.1097442976337859e-08
1425.0 1.1090386381930246e-08
1426.0 1.1083329787522634e-08
1427.0 1.1076273193115019e-08
1428.0 1.1069216598707409e-08
1429.0 1.1062160004299799e-08
1430.0 1.1055103409892184e-08
1431.0 1.1048046815484574e-08
1432.0 1.1040990221076957e-08
1433.0 1.1033933626669347e-08
1434.0 1.1026877032261734e-08
1435.0 1.1019820437854122e-08
1436.0 1.1012763843446507e-08
1437.0 1.1005707249038895e-08
1438.0 1.0998650654631283e-08
1439.0 1.099159406022367e-08
1440.0 1.0984537465816058e-08
1441.0 1.0977480871408445e-08
1442.0 1.0970424277000835e-08
1443.0 1.0963367682593222e-08
1444.0 1.095631108818561e-08
1445.0 1.0949254493777995e-08
1446.0 1.0942197899370383e-08
1447.0 1.0935141304962773e-08
1448.0 1.092808471055516e-08
1449.0 1.0921028116147548e-08
1450.0 1.0913971521739933e-08
1451.0 1.0906914927332321e-08
1452.0 1.0899858332924708e-08
1453.0 1.0892801738517096e-08
1454.0 1.0885745144109483e-08
1455.0 1.0878688549701871e-08
1456.0 1.087163195529426e-08
1457.0 1.0864575360886648e-08
1458.0 1.0857518766479034e-08
1459.0 1.085046217207142e-08
1460.0 1.0843405577663809e-08
1461.0 1.0836348983256197e-08
1462.0 1.0829292388848586e-08
1463.0 1.0822235794440972e-08
1464.0 1.0815179200033357e-08
1465.0 1.0808122605625747e-08
1466.0 1.0801066011218136e-08
1467.0 1.0794009416810522e-08
1468.0 1.0786952822402909e-08
1469.0 1.0779896227995295e-08
1470.0 1.0772839633587684e-08
1471.0 1.076578303918007e-08
1472.0 1.0758726444772459e-08
1473.0 1.0751669850364849e-08
1474.0 1.0744613255957234e-08
1475.0 1.0737556661549622e-08
1476.0 1.0730500067142008e-08
1477.0 1.0724546183786047e-08
1478.0 1.0718671039141024e-08
1479.0 1.0712795894496002e-08
1480.0 1.070692074985098e-08
1481.0 1.070104560520596e-08
1482.0 1.0695170460560937e-08
1483.0 1.0689295315915913e-08
1484.0 1.0683420171270893e-08
1485.0 1.0677545026625872e-08
1486.0 1.067166988198085e-08
1487.0 1.0665794737335826e-08
1488.0 1.0659919592690804e-08
1489.0 1.0654044448045783e-08
1490.0 1.0648169303400761e-08
1491.0 1.0642294158755739e-08
1492.0 1.0636419014110717e-08
1493.0 1.0630543869465696e-08
1494.0 1.0624668724820672e-08
1495.0 1.0618793580175653e-08
1496.0 1.0612918435530628e-08
1497.0 1.0607043290885607e-08
1498.0 1.0601168146240585e-08
1499.0 1.0595293001595564e-08
1500.0 1.0589417856950542e-08
1501.0 1.058354271230552e-08
1502.0 1.0577667567660498e-08
1503.0 1.0571792423015477e-08
1504.0 1.0565917278370455e-08
1505.0 1.0560042133725431e-08
1506.0 1.055416698908041e-08
1507.0 1.0548291844435388e-08
1508.0 1.0542416699790367e-08
1509.0 1.0536541555145344e-08
1510.0 1.0530666410500321e-08
1511.0 1.05247912658553e-08
1512.0 1.0518916121210279e-08
1513.0 1.0513040976565256e-08
1514.0 1.0507165831920234e-08
1515.0 1.0501290687275212e-08
1516.0 1.049541554263019e-08
1517.0 1.048954039798517e-08
1518.0 1.0483665253340145e-08
1519.0 1.0477790108695125e-08
1520.0 1.0471914964050102e-08
1521.0 1.046603981940508e-08
1522.0 1.046016467476006e-08
1523.0 1.0454289530115037e-08
1524.0 1.0448414385470015e-08
1525.0 1.0442539240824995e-08
1526.0 1.0436664096179972e-08
1527.0 1.0430788951534948e-08
1528.0 1.0424913806889928e-08
1529.0 1.0419038662244906e-08
1530.0 1.0413163517599885e-08
1531.0 1.0407288372954861e-08
1532.0 1.0401413228309837e-08
1533.0 1.0395538083664818e-08
1534.0 1.0389662939019796e-08
1535.0 1.0383787794374774e-08
1536.0 1.037791264972975e-08
1537.0 1.037203750508473e-08
1538.0 1.0366162360439709e-08
1539.0 1.0360287215794688e-08
1540.0 1.0354412071149663e-08
1541.0 1.0348536926504642e-08
1542.0 1.034266178185962e-08
1543.0 1.0336786637214598e-08
1544.0 1.0330911492569577e-08
1545.0 1.0325036347924555e-08
1546.0 1.0319161203279533e-08
1547.0 1.0313286058634512e-08
1548.0 1.030741091398949e-08
1549.0 1.0301535769344468e-08
1550.0 1.0295660624699444e-08
1551.0 1.0289785480054423e-08
1552.0 1.0283910335409401e-08
1553.0 1.0278035190764379e-08
1554.0 1.0272160046119356e-08
1555.0 1.0266284901474336e-08
1556.0 1.0260409756829314e-08
1557.0 1.0254534612184291e-08
1558.0 1.0248659467539268e-08
1559.0 1.0242784322894247e-08
1560.0 1.0236909178249226e-08
1561.0 1.0231034033604206e-08
1562.0 1.022515888895918e-08
1563.0 1.021928374431416e-08
1564.0 1.0213408599669137e-08
1565.0 1.0207533455024115e-08
1566.0 1.0201658310379093e-08
1567.0 1.0195783165734072e-08
1568.0 1.018990802108905e-08
1569.0 1.0184032876444026e-08
1570.0 1.0178157731799007e-08
1571.0 1.0172282587153982e-08
1572.0 1.0166407442508961e-08
1573.0 1.016053229786394e-08
1574.0 1.0154657153218918e-08
1575.0 1.0148782008573896e-08
1576.0 1.0142906863928874e-08
1577.0 1.0137031719283852e-08
1578.0 1.0131156574638831e-08
1579.0 1.0125281429993809e-08
1580.0 1.0119406285348785e-08
1581.0 1.0113531140703764e-08
1582.0 1.0107655996058742e-08
1583.0 1.0101780851413723e-08
1584.0 1.0095905706768698e-08
1585.0 1.0090030562123676e-08
1586.0 1.0084155417478655e-08
1587.0 1.0078280272833633e-08
1588.0 1.007240512818861e-08
1589.0 1.0066529983543588e-08
1590.0 1.0060851615063142e-08
1591.0 1.00557960456768e-08
1592.0 1.005074047629046e-08
1593.0 1.0045684906904117e-08
1594.0 1.0040629337517777e-08
1595.0 1.0035573768131435e-08
1596.0 1.0030518198745093e-08
1597.0 1.0025462629358753e-08
1598.0 1.0020407059972411e-08
1599.0 1.0015351490586073e-08
1600.0 1.0010295921199731e-08
1601.0 1.000524035181339e-08
1602.0 1.0000184782427049e-08
1603.0 9.995129213040708e-09
1604.0 9.990073643654367e-09
1605.0 9.985018074268025e-09
1606.0 9.979962504881683e-09
1607.0 9.974906935495343e-09
1608.0 9.969851366109e-09
1609.0 9.964795796722662e-09
1610.0 9.959740227336319e-09
1611.0 9.954684657949978e-09
1612.0 9.949629088563638e-09
1613.0 9.944573519177298e-09
1614.0 9.939517949790956e-09
1615.0 9.934462380404616e-09
1616.0 9.929406811018274e-09
1617.0 9.924351241631935e-09
1618.0 9.919295672245592e-09
1619.0 9.914240102859253e-09
1620.0 9.90918453347291e-09
1621.0 9.90412896408657e-09
1622.0 9.899073394700226e-09
1623.0 9.894017825313887e-09
1624.0 9.888962255927545e-09
1625.0 9.883906686541205e-09
1626.0 9.878851117154863e-09
1627.0 9.873795547768525e-09
1628.0 9.868739978382181e-09
1629.0 9.863684408995842e-09
1630.0 9.858628839609499e-09
1631.0 9.853573270223157e-09
1632.0 9.848517700836818e-09
1633.0 9.843462131450477e-09
1634.0 9.838406562064136e-09
1635.0 9.833350992677794e-09
1636.0 9.828295423291454e-09
1637.0 9.823239853905112e-09
1638.0 9.818184284518772e-09
1639.0 9.81312871513243e-09
1640.0 9.808073145746088e-09
1641.0 9.803017576359748e-09
1642.0 9.797962006973408e-09
1643.0 9.792906437587068e-09
1644.0 9.787850868200726e-09
1645.0 9.782795298814385e-09
1646.0 9.777739729428044e-09
1647.0 9.772684160041702e-09
1648.0 9.76762859065536e-09
1649.0 9.76257302126902e-09
1650.0 9.757517451882678e-09
1651.0 9.752461882496339e-09
1652.0 9.747406313109999e-09
1653.0 9.742350743723657e-09
1654.0 9.737295174337317e-09
1655.0 9.732239604950975e-09
1656.0 9.727184035564631e-09
1657.0 9.722128466178293e-09
1658.0 9.71707289679195e-09
1659.0 9.712017327405609e-09
1660.0 9.706961758019269e-09
1661.0 9.701906188632927e-09
1662.0 9.696850619246586e-09
1663.0 9.691795049860245e-09
1664.0 9.686739480473906e-09
1665.0 9.681683911087564e-09
1666.0 9.676628341701222e-09
1667.0 9.671572772314882e-09
1668.0 9.66651720292854e-09
1669.0 9.6614616335422e-09
1670.0 9.656406064155858e-09
1671.0 9.65135049476952e-09
1672.0 9.646294925383176e-09
1673.0 9.641239355996836e-09
1674.0 9.636183786610494e-09
1675.0 9.631128217224152e-09
1676.0 9.626072647837813e-09
1677.0 9.621017078451473e-09
1678.0 9.615961509065131e-09
1679.0 9.610905939678792e-09
1680.0 9.605850370292449e-09
1681.0 9.600794800906107e-09
1682.0 9.595739231519765e-09
1683.0 9.590683662133425e-09
1684.0 9.585628092747083e-09
1685.0 9.580572523360744e-09
1686.0 9.575516953974403e-09
1687.0 9.570461384588062e-09
1688.0 9.56540581520172e-09
1689.0 9.56035024581538e-09
1690.0 9.555294676429038e-09
1691.0 9.550239107042696e-09
1692.0 9.545183537656356e-09
1693.0 9.540127968270014e-09
1694.0 9.535072398883676e-09
1695.0 9.530016829497334e-09
1696.0 9.524961260110994e-09
1697.0 9.519905690724652e-09
1698.0 9.514850121338311e-09
1699.0 9.50979455195197e-09
1700.0 9.504738982565628e-09
1701.0 9.499683413179287e-09
1702.0 9.494627843792946e-09
1703.0 9.489572274406605e-09
1704.0 9.484516705020265e-09
1705.0 9.479461135633925e-09
1706.0 9.474405566247583e-09
1707.0 9.469349996861243e-09
1708.0 9.4642944274749e-09
1709.0 9.459238858088559e-09
1710.0 9.454183288702219e-09
1711.0 9.449127719315877e-09
1712.0 9.444072149929537e-09
1713.0 9.439562312410586e-09
1714.0 9.435197829066023e-09
1715.0 9.430833345721464e-09
1716.0 9.426468862376903e-09
1717.0 9.42210437903234e-09
1718.0 9.417739895687779e-09
1719.0 9.413375412343217e-09
1720.0 9.409010928998656e-09
1721.0 9.404646445654093e-09
1722.0 9.400281962309532e-09
1723.0 9.395917478964974e-09
1724.0 9.391552995620412e-09
1725.0 9.38718851227585e-09
1726.0 9.382824028931288e-09
1727.0 9.378459545586726e-09
1728.0 9.374095062242165e-09
1729.0 9.369730578897604e-09
1730.0 9.365366095553041e-09
1731.0 9.36100161220848e-09
1732.0 9.356637128863919e-09
1733.0 9.35227264551936e-09
1734.0 9.347908162174798e-09
1735.0 9.343543678830236e-09
1736.0 9.339179195485674e-09
1737.0 9.334814712141113e-09
1738.0 9.330450228796552e-09
1739.0 9.32608574545199e-09
1740.0 9.321721262107428e-09
1741.0 9.317356778762869e-09
1742.0 9.312992295418306e-09
1743.0 9.308627812073746e-09
1744.0 9.304263328729183e-09
1745.0 9.299898845384622e-09
1746.0 9.295534362040061e-09
1747.0 9.2911698786955e-09
1748.0 9.286805395350937e-09
1749.0 9.282440912006376e-09
1750.0 9.278076428661816e-09
1751.0 9.273711945317254e-09
1752.0 9.269347461972694e-09
1753.0 9.264982978628131e-09
1754.0 9.26061849528357e-09
1755.0 9.256254011939009e-09
1756.0 9.251889528594446e-09
1757.0 9.247525045249885e-09
1758.0 9.243160561905324e-09
1759.0 9.238796078560764e-09
1760.0 9.234431595216202e-09
1761.0 9.230067111871639e-09
1762.0 9.22570262852708e-09
1763.0 9.22133814518252e-09
1764.0 9.216973661837957e-09
1765.0 9.212609178493394e-09
1766.0 9.208244695148833e-09
1767.0 9.203880211804273e-09
1768.0 9.19951572845971e-09
1769.0 9.19515124511515e-09
1770.0 9.19078676177059e-09
1771.0 9.186422278426027e-09
1772.0 9.182057795081468e-09
1773.0 9.177693311736905e-09
1774.0 9.173328828392344e-09
1775.0 9.168964345047779e-09
1776.0 9.16459986170322e-09
1777.0 9.160235378358658e-09
1778.0 9.155870895014097e-09
1779.0 9.151506411669535e-09
1780.0 9.147141928324975e-09
1781.0 9.142777444980412e-09
1782.0 9.138412961635853e-09
1783.0 9.134048478291292e-09
1784.0 9.129683994946727e-09
1785.0 9.125319511602168e-09
1786.0 9.120955028257606e-09
1787.0 9.116590544913045e-09
1788.0 9.112226061568482e-09
1789.0 9.107861578223921e-09
1790.0 9.10349709487936e-09
1791.0 9.0991326115348e-09
1792.0 9.09476812819024e-09
1793.0 9.090403644845677e-09
1794.0 9.086039161501115e-09
1795.0 9.081674678156554e-09
1796.0 9.077310194811993e-09
1797.0 9.07294571146743e-09
1798.0 9.068581228122869e-09
1799.0 9.064216744778308e-09
1800.0 9.059852261433748e-09
1801.0 9.055487778089186e-09
1802.0 9.051123294744624e-09
1803.0 9.046758811400063e-09
1804.0 9.0423943280555e-09
1805.0 9.038029844710941e-09
1806.0 9.03366536136638e-09
1807.0 9.029300878021817e-09
1808.0 9.024936394677256e-09
1809.0 9.020571911332695e-09
1810.0 9.016207427988135e-09
1811.0 9.011842944643572e-09
1812.0 9.007478461299011e-09
1813.0 9.00311397795445e-09
1814.0 8.998749494609889e-09
1815.0 8.994385011265328e-09
1816.0 8.990020527920765e-09
1817.0 8.985656044576204e-09
1818.0 8.981291561231643e-09
1819.0 8.976927077887083e-09
1820.0 8.97256259454252e-09
1821.0 8.968198111197959e-09
1822.0 8.963833627853398e-09
1823.0 8.959469144508835e-09
1824.0 8.955104661164274e-09
1825.0 8.950740177819713e-09
1826.0 8.946375694475152e-09
1827.0 8.942011211130589e-09
1828.0 8.937646727786028e-09
1829.0 8.933282244441468e-09
1830.0 8.928917761096905e-09
1831.0 8.924553277752346e-09
1832.0 8.920188794407785e-09
1833.0 8.915824311063222e-09
1834.0 8.91145982771866e-09
1835.0 8.9070953443741e-09
1836.0 8.902730861029537e-09
1837.0 8.898366377684977e-09
1838.0 8.894001894340416e-09
1839.0 8.889637410995853e-09
1840.0 8.885272927651292e-09
1841.0 8.880908444306733e-09
1842.0 8.876543960962168e-09
1843.0 8.872179477617609e-09
1844.0 8.867814994273047e-09
1845.0 8.863975557606643e-09
1846.0 8.860189592949765e-09
1847.0 8.856403628292885e-09
1848.0 8.852617663636008e-09
1849.0 8.848831698979128e-09
1850.0 8.845045734322254e-09
1851.0 8.841259769665376e-09
1852.0 8.837473805008498e-09
1853.0 8.83368784035162e-09
1854.0 8.829901875694742e-09
1855.0 8.826115911037865e-09
1856.0 8.822329946380987e-09
1857.0 8.818543981724109e-09
1858.0 8.814758017067233e-09
1859.0 8.810972052410353e-09
1860.0 8.807186087753477e-09
1861.0 8.8034001230966e-09
1862.0 8.79961415843972e-09
1863.0 8.795828193782842e-09
1864.0 8.792042229125966e-09
1865.0 8.78825626446909e-09
1866.0 8.784470299812212e-09
1867.0 8.780684335155334e-09
1868.0 8.776898370498455e-09
1869.0 8.773112405841579e-09
1870.0 8.769326441184701e-09
1871.0 8.765540476527822e-09
1872.0 8.761754511870947e-09
1873.0 8.757968547214068e-09
1874.0 8.754182582557192e-09
1875.0 8.750396617900314e-09
1876.0 8.746610653243436e-09
1877.0 8.742824688586557e-09
1878.0 8.73903872392968e-09
1879.0 8.735252759272803e-09
1880.0 8.731466794615925e-09
1881.0 8.727680829959047e-09
1882.0 8.72389486530217e-09
1883.0 8.720108900645292e-09
1884.0 8.716322935988414e-09
1885.0 8.712536971331536e-09
1886.0 8.70875100667466e-09
1887.0 8.70496504201778e-09
1888.0 8.701179077360904e-09
1889.0 8.697393112704026e-09
1890.0 8.693607148047149e-09
1891.0 8.689821183390271e-09
1892.0 8.686035218733393e-09
1893.0 8.682249254076519e-09
1894.0 8.678463289419639e-09
1895.0 8.674677324762761e-09
1896.0 8.670891360105882e-09
1897.0 8.667105395449006e-09
1898.0 8.663319430792128e-09
1899.0 8.65953346613525e-09
1900.0 8.655747501478372e-09
1901.0 8.651961536821495e-09
1902.0 8.648175572164618e-09
1903.0 8.64438960750774e-09
1904.0 8.640603642850863e-09
1905.0 8.636817678193983e-09
1906.0 8.633031713537107e-09
1907.0 8.629245748880231e-09
1908.0 8.625459784223353e-09
1909.0 8.621673819566474e-09
1910.0 8.617887854909596e-09
1911.0 8.61410189025272e-09
1912.0 8.610315925595842e-09
1913.0 8.606529960938964e-09
1914.0 8.602743996282087e-09
1915.0 8.598958031625209e-09
1916.0 8.595172066968331e-09
1917.0 8.591386102311453e-09
1918.0 8.587600137654575e-09
1919.0 8.583814172997698e-09
1920.0 8.58002820834082e-09
1921.0 8.576242243683944e-09
1922.0 8.572456279027066e-09
1923.0 8.568670314370187e-09
1924.0 8.564884349713309e-09
1925.0 8.561098385056433e-09
1926.0 8.557312420399555e-09
1927.0 8.553526455742679e-09
1928.0 8.549740491085801e-09
1929.0 8.545954526428921e-09
1930.0 8.542168561772045e-09
1931.0 8.538382597115168e-09
1932.0 8.534596632458288e-09
1933.0 8.53081066780141e-09
1934.0 8.527024703144536e-09
1935.0 8.523238738487658e-09
1936.0 8.51945277383078e-09
1937.0 8.515666809173902e-09
1938.0 8.511880844517023e-09
1939.0 8.508094879860145e-09
1940.0 8.504308915203269e-09
1941.0 8.500522950546391e-09
1942.0 8.496736985889514e-09
1943.0 8.492951021232636e-09
1944.0 8.489165056575758e-09
1945.0 8.48537909191888e-09
1946.0 8.481593127262002e-09
1947.0 8.477807162605125e-09
1948.0 8.474021197948248e-09
1949.0 8.470235233291369e-09
1950.0 8.466449268634493e-09
1951.0 8.462663303977615e-09
1952.0 8.458877339320737e-09
1953.0 8.455091374663858e-09
1954.0 8.451305410006982e-09
1955.0 8.447519445350104e-09
1956.0 8.443733480693228e-09
1957.0 8.43994751603635e-09
1958.0 8.436161551379472e-09
1959.0 8.432375586722594e-09
1960.0 8.428589622065717e-09
1961.0 8.42480365740884e-09
1962.0 8.421017692751963e-09
1963.0 8.417231728095083e-09
1964.0 8.413445763438205e-09
1965.0 8.40965979878133e-09
1966.0 8.405873834124452e-09
1967.0 8.402087869467574e-09
1968.0 8.398301904810696e-09
1969.0 8.39451594015382e-09
1970.0 8.390729975496942e-09
1971.0 8.386944010840064e-09
1972.0 8.383158046183185e-09
1973.0 8.379372081526307e-09
1974.0 8.375586116869431e-09
1975.0 8.371800152212553e-09
1976.0 8.368014187555675e-09
1977.0 8.364228222898797e-09
1978.0 8.36044225824192e-09
1979.0 8.356656293585042e-09
1980.0 8.352870328928164e-09
1981.0 8.349084364271286e-09
1982.0 8.345298399614409e-09
1983.0 8.341512434957532e-09
1984.0 8.337726470300655e-09
1985.0 8.333940505643777e-09
1986.0 8.330154540986897e-09
1987.0 8.326734134639433e-09
1988.0 8.323369650736178e-09
1989.0 8.320005166832924e-09
1990.0 8.316640682929666e-09
1991.0 8.313276199026409e-09
1992.0 8.309911715123152e-09
1993.0 8.306547231219895e-09
1994.0 8.303182747316637e-09
1995.0 8.299818263413381e-09
1996.0 8.296453779510125e-09
1997.0 8.293089295606869e-09
1998.0 8.289724811703611e-09
1999.0 8.286360327800355e-09
2000.0 8.2829958438971e-09
2001.0 8.279631359993842e-09
2002.0 8.276266876090584e-09
2003.0 8.272902392187328e-09
2004.0 8.269537908284072e-09
2005.0 8.266173424380816e-09
2006.0 8.26280894047756e-09
2007.0 8.259444456574304e-09
2008.0 8.256079972671046e-09
2009.0 8.25271548876779e-09
2010.0 8.249351004864533e-09
2011.0 8.245986520961275e-09
2012.0 8.24262203705802e-09
2013.0 8.239257553154763e-09
2014.0 8.235893069251507e-09
2015.0 8.23252858534825e-09
2016.0 8.229164101444993e-09
2017.0 8.225799617541737e-09
2018.0 8.222435133638478e-09
2019.0 8.219070649735224e-09
2020.0 8.215706165831966e-09
2021.0 8.21234168192871e-09
2022.0 8.208977198025454e-09
2023.0 8.205612714122198e-09
2024.0 8.202248230218942e-09
2025.0 8.198883746315683e-09
2026.0 8.195519262412427e-09
2027.0 8.192154778509172e-09
2028.0 8.188790294605915e-09
2029.0 8.185425810702659e-09
2030.0 8.182061326799401e-09
2031.0 8.178696842896145e-09
2032.0 8.175332358992887e-09
2033.0 8.17196787508963e-09
2034.0 8.168603391186374e-09
2035.0 8.165238907283116e-09
2036.0 8.161874423379862e-09
2037.0 8.158509939476606e-09
2038.0 8.15514545557335e-09
2039.0 8.151780971670092e-09
2040.0 8.148416487766836e-09
2041.0 8.145052003863578e-09
2042.0 8.14168751996032e-09
2043.0 8.138323036057064e-09
2044.0 8.13495855215381e-09
2045.0 8.131594068250552e-09
2046.0 8.128229584347295e-09
2047.0 8.124865100444039e-09
2048.0 8.121500616540783e-09
2049.0 8.118136132637525e-09
2050.0 8.114771648734269e-09
2051.0 8.111407164831015e-09
2052.0 8.108042680927755e-09
2053.0 8.1046781970245e-09
2054.0 8.101313713121243e-09
2055.0 8.097949229217987e-09
2056.0 8.094584745314728e-09
2057.0 8.091220261411474e-09
2058.0 8.087855777508218e-09
2059.0 8.08449129360496e-09
2060.0 8.081126809701704e-09
2061.0 8.077762325798446e-09
2062.0 8.07439784189519e-09
2063.0 8.071033357991933e-09
2064.0 8.067668874088677e-09
2065.0 8.06430439018542e-09
2066.0 8.060939906282163e-09
2067.0 8.057575422378905e-09
2068.0 8.05421093847565e-09
2069.0 8.050846454572395e-09
2070.0 8.047481970669137e-09
2071.0 8.044117486765881e-09
2072.0 8.040753002862624e-09
2073.0 8.037388518959366e-09
2074.0 8.03402403505611e-09
2075.0 8.030659551152854e-09
2076.0 8.0272950672496e-09
2077.0 8.023930583346342e-09
2078.0 8.020566099443084e-09
2079.0 8.017201615539828e-09
2080.0 8.01383713163657e-09
2081.0 8.010472647733315e-09
2082.0 8.007108163830057e-09
2083.0 8.0037436799268e-09
2084.0 8.000379196023545e-09
2085.0 7.997014712120289e-09
2086.0 7.993650228217033e-09
2087.0 7.990285744313775e-09
2088.0 7.98692126041052e-09
2089.0 7.983556776507263e-09
2090.0 7.980192292604006e-09
2091.0 7.976827808700748e-09
2092.0 7.973463324797493e-09
2093.0 7.970098840894237e-09
2094.0 7.96673435699098e-09
2095.0 7.963369873087722e-09
2096.0 7.960005389184466e-09
2097.0 7.956640905281208e-09
2098.0 7.953276421377952e-09
2099.0 7.949911937474695e-09
2100.0 7.946547453571439e-09
2101.0 7.943182969668183e-09
2102.0 7.939818485764927e-09
2103.0 7.93645400186167e-09
2104.0 7.933089517958411e-09
2105.0 7.929725034055155e-09
2106.0 7.926360550151901e-09
2107.0 7.922996066248645e-09
2108.0 7.919631582345387e-09
2109.0 7.91626709844213e-09
2110.0 7.912902614538874e-09
2111.0 7.909538130635618e-09
2112.0 7.90617364673236e-09
2113.0 7.902809162829104e-09
2114.0 7.899444678925846e-09
2115.0 7.89608019502259e-09
2116.0 7.892715711119334e-09
2117.0 7.889351227216078e-09
2118.0 7.88598674331282e-09
2119.0 7.882622259409565e-09
2120.0 7.879257775506309e-09
2121.0 7.875893291603051e-09
2122.0 7.872528807699793e-09
2123.0 7.869164323796537e-09
2124.0 7.865799839893281e-09
2125.0 7.862435355990025e-09
2126.0 7.85907087208677e-09
2127.0 7.855706388183512e-09
2128.0 7.852341904280256e-09
2129.0 7.848977420376998e-09
2130.0 7.845612936473742e-09
2131.0 7.842248452570484e-09
2132.0 7.838883968667228e-09
2133.0 7.835519484763974e-09
2134.0 7.832155000860716e-09
2135.0 7.828790516957457e-09
2136.0 7.825426033054203e-09
2137.0 7.822061549150947e-09
2138.0 7.818697065247687e-09
2139.0 7.815332581344433e-09
2140.0 7.812294197133245e-09
2141.0 7.80929756749543e-09
2142.0 7.806300937857614e-09
2143.0 7.8033043082198e-09
2144.0 7.800307678581985e-09
2145.0 7.79731104894417e-09
2146.0 7.794314419306355e-09
2147.0 7.791317789668541e-09
2148.0 7.788321160030725e-09
2149.0 7.78532453039291e-09
2150.0 7.782327900755094e-09
2151.0 7.779331271117281e-09
2152.0 7.776334641479467e-09
2153.0 7.77333801184165e-09
2154.0 7.770341382203837e-09
2155.0 7.767344752566021e-09
2156.0 7.764348122928205e-09
2157.0 7.761351493290393e-09
2158.0 7.758354863652577e-09
2159.0 7.755358234014761e-09
2160.0 7.752361604376948e-09
2161.0 7.749364974739133e-09
2162.0 7.746368345101318e-09
2163.0 7.743371715463503e-09
2164.0 7.740375085825688e-09
2165.0 7.737378456187873e-09
2166.0 7.734381826550058e-09
2167.0 7.731385196912244e-09
2168.0 7.728388567274428e-09
2169.0 7.725391937636614e-09
2170.0 7.7223953079988e-09
2171.0 7.719398678360983e-09
2172.0 7.71640204872317e-09
2173.0 7.713405419085354e-09
2174.0 7.710408789447538e-09
2175.0 7.707412159809724e-09
2176.0 7.70441553017191e-09
2177.0 7.701418900534094e-09
2178.0 7.69842227089628e-09
2179.0 7.695425641258466e-09
2180.0 7.692429011620652e-09
2181.0 7.689432381982834e-09
2182.0 7.686435752345022e-09
2183.0 7.683439122707204e-09
2184.0 7.680442493069393e-09
2185.0 7.677445863431576e-09
2186.0 7.67444923379376e-09
2187.0 7.671452604155949e-09
2188.0 7.668455974518131e-09
2189.0 7.665459344880316e-09
2190.0 7.662462715242503e-09
2191.0 7.659466085604687e-09
2192.0 7.656469455966871e-09
2193.0 7.653472826329059e-09
2194.0 7.650476196691243e-09
2195.0 7.647479567053427e-09
2196.0 7.644482937415611e-09
2197.0 7.641486307777799e-09
2198.0 7.638489678139983e-09
2199.0 7.635493048502167e-09
2200.0 7.632496418864355e-09
2201.0 7.629499789226539e-09
2202.0 7.626503159588725e-09
2203.0 7.62350652995091e-09
2204.0 7.620509900313095e-09
2205.0 7.61751327067528e-09
2206.0 7.614516641037466e-09
2207.0 7.611520011399649e-09
2208.0 7.608523381761835e-09
2209.0 7.60552675212402e-09
2210.0 7.602530122486205e-09
2211.0 7.59953349284839e-09
2212.0 7.596536863210576e-09
2213.0 7.59354023357276e-09
2214.0 7.590543603934946e-09
2215.0 7.587546974297132e-09
2216.0 7.584550344659316e-09
2217.0 7.5815537150215e-09
2218.0 7.578557085383686e-09
2219.0 7.575560455745872e-09
2220.0 7.572563826108056e-09
2221.0 7.569567196470242e-09
2222.0 7.566570566832426e-09
2223.0 7.563573937194615e-09
2224.0 7.560577307556798e-09
2225.0 7.557580677918982e-09
2226.0 7.55458404828117e-09
2227.0 7.551587418643354e-09
2228.0 7.548590789005538e-09
2229.0 7.545594159367724e-09
2230.0 7.54259752972991e-09
2231.0 7.539600900092094e-09
2232.0 7.536604270454278e-09
2233.0 7.533607640816465e-09
2234.0 7.530611011178648e-09
2235.0 7.527614381540833e-09
2236.0 7.524617751903021e-09
2237.0 7.521621122265205e-09
2238.0 7.51862449262739e-09
2239.0 7.515627862989577e-09
2240.0 7.512631233351761e-09
2241.0 7.509634603713945e-09
2242.0 7.50663797407613e-09
2243.0 7.503641344438317e-09
2244.0 7.500644714800501e-09
2245.0 7.497648085162687e-09
2246.0 7.494651455524871e-09
2247.0 7.491654825887057e-09
2248.0 7.48865819624924e-09
2249.0 7.485661566611427e-09
2250.0 7.482664936973612e-09
2251.0 7.479668307335797e-09
2252.0 7.476671677697982e-09
2253.0 7.473675048060168e-09
2254.0 7.470678418422352e-09
2255.0 7.467681788784538e-09
2256.0 7.464685159146722e-09
2257.0 7.461688529508908e-09
2258.0 7.458691899871094e-09
2259.0 7.455695270233278e-09
2260.0 7.452698640595464e-09
2261.0 7.449702010957647e-09
2262.0 7.446705381319834e-09
2263.0 7.44370875168202e-09
2264.0 7.440712122044203e-09
2265.0 7.437715492406389e-09
2266.0 7.434718862768576e-09
2267.0 7.431722233130759e-09
2268.0 7.428725603492945e-09
2269.0 7.4257289738551306e-09
2270.0 7.4227323442173156e-09
2271.0 7.419735714579499e-09
2272.0 7.416739084941686e-09
2273.0 7.413742455303872e-09
2274.0 7.410745825666055e-09
2275.0 7.4077491960282405e-09
2276.0 7.404752566390427e-09
2277.0 7.401755936752611e-09
2278.0 7.398759307114796e-09
2279.0 7.395762677476982e-09
2280.0 7.392766047839167e-09
2281.0 7.389769418201352e-09
2282.0 7.386772788563538e-09
2283.0 7.383776158925723e-09
2284.0 7.380779529287908e-09
2285.0 7.377782899650091e-09
2286.0 7.374786270012279e-09
2287.0 7.371789640374463e-09
2288.0 7.368793010736648e-09
2289.0 7.365796381098834e-09
2290.0 7.362799751461019e-09
2291.0 7.359803121823204e-09
2292.0 7.3568064921853895e-09
2293.0 7.3538098625475745e-09
2294.0 7.3508132329097595e-09
2295.0 7.347816603271944e-09
2296.0 7.34481997363413e-09
2297.0 7.3418233439963144e-09
2298.0 7.3388267143584994e-09
2299.0 7.335830084720685e-09
2300.0 7.3328334550828694e-09
2301.0 7.329836825445055e-09
2302.0 7.326840195807241e-09
2303.0 7.323843566169424e-09
2304.0 7.320885985676978e-09
2305.0 7.318208395446349e-09
2306.0 7.315530805215718e-09
2307.0 7.312853214985089e-09
2308.0 7.31017562475446e-09
2309.0 7.307498034523829e-09
2310.0 7.3048204442932005e-09
2311.0 7.302142854062571e-09
2312.0 7.299465263831941e-09
2313.0 7.296787673601311e-09
2314.0 7.294110083370682e-09
2315.0 7.2914324931400525e-09
2316.0 7.288754902909423e-09
2317.0 7.286077312678792e-09
2318.0 7.283399722448162e-09
2319.0 7.280722132217533e-09
2320.0 7.278044541986903e-09
2321.0 7.275366951756275e-09
2322.0 7.272689361525646e-09
2323.0 7.270011771295013e-09
2324.0 7.267334181064385e-09
2325.0 7.264656590833755e-09
2326.0 7.261979000603125e-09
2327.0 7.259301410372497e-09
2328.0 7.256623820141867e-09
2329.0 7.253946229911237e-09
2330.0 7.251268639680607e-09
2331.0 7.2485910494499774e-09
2332.0 7.245913459219349e-09
2333.0 7.243235868988718e-09
2334.0 7.240558278758089e-09
2335.0 7.2378806885274574e-09
2336.0 7.235203098296829e-09
2337.0 7.2325255080662016e-09
2338.0 7.2298479178355695e-09
2339.0 7.227170327604939e-09
2340.0 7.2244927373743095e-09
2341.0 7.221815147143681e-09
2342.0 7.219137556913051e-09
2343.0 7.216459966682422e-09
2344.0 7.213782376451793e-09
2345.0 7.211104786221162e-09
2346.0 7.208427195990533e-09
2347.0 7.2057496057599015e-09
2348.0 7.203072015529273e-09
2349.0 7.200394425298644e-09
2350.0 7.197716835068014e-09
2351.0 7.195039244837385e-09
2352.0 7.192361654606754e-09
2353.0 7.189684064376125e-09
2354.0 7.187006474145496e-09
2355.0 7.184328883914865e-09
2356.0 7.181651293684235e-09
2357.0 7.178973703453606e-09
2358.0 7.176296113222977e-09
2359.0 7.173618522992348e-09
2360.0 7.170940932761718e-09
2361.0 7.168263342531088e-09
2362.0 7.165585752300457e-09
2363.0 7.162908162069828e-09
2364.0 7.160230571839196e-09
2365.0 7.15755298160857e-09
2366.0 7.15487539137794e-09
2367.0 7.1521978011473106e-09
2368.0 7.14952021091668e-09
2369.0 7.1468426206860506e-09
2370.0 7.14416503045542e-09
2371.0 7.141487440224792e-09
2372.0 7.138809849994161e-09
2373.0 7.1361322597635306e-09
2374.0 7.133454669532901e-09
2375.0 7.130777079302272e-09
2376.0 7.1280994890716434e-09
2377.0 7.125421898841014e-09
2378.0 7.122744308610384e-09
2379.0 7.120066718379754e-09
2380.0 7.1173891281491234e-09
2381.0 7.114711537918495e-09
2382.0 7.112033947687866e-09
2383.0 7.1093563574572355e-09
2384.0 7.106678767226606e-09
2385.0 7.104001176995976e-09
2386.0 7.101323586765346e-09
2387.0 7.098645996534716e-09
2388.0 7.095968406304087e-09
2389.0 7.093290816073456e-09
2390.0 7.090613225842827e-09
2391.0 7.087935635612197e-09
2392.0 7.085258045381569e-09
2393.0 7.08258045515094e-09
2394.0 7.07990286492031e-09
2395.0 7.07722527468968e-09
2396.0 7.07454768445905e-09
2397.0 7.07187009422842e-09
2398.0 7.06919250399779e-09
2399.0 7.066514913767161e-09
2400.0 7.063837323536532e-09
2401.0 7.061159733305902e-09
2402.0 7.058482143075272e-09
2403.0 7.055804552844643e-09
2404.0 7.053126962614013e-09
2405.0 7.050449372383382e-09
2406.0 7.0477717821527525e-09
2407.0 7.045094191922123e-09
2408.0 7.0424166016914925e-09
2409.0 7.039739011460865e-09
2410.0 7.037061421230236e-09
2411.0 7.034383830999607e-09
2412.0 7.031706240768976e-09
2413.0 7.0290286505383445e-09
2414.0 7.026351060307716e-09
2415.0 7.023673470077086e-09
2416.0 7.020995879846457e-09
2417.0 7.018318289615828e-09
2418.0 7.015640699385197e-09
2419.0 7.012963109154568e-09
2420.0 7.010285518923939e-09
2421.0 7.0076079286933094e-09
2422.0 7.004930338462679e-09
2423.0 7.002252748232049e-09
2424.0 6.999575158001418e-09
2425.0 6.996897567770791e-09
2426.0 6.994219977540161e-09
2427.0 6.991542387309531e-09
2428.0 6.9888647970789015e-09
2429.0 6.986187206848273e-09
2430.0 6.983509616617643e-09
2431.0 6.980832026387012e-09
2432.0 6.9781544361563815e-09
2433.0 6.975476845925753e-09
2434.0 6.972799255695123e-09
2435.0 6.9701216654644935e-09
2436.0 6.967444075233863e-09
2437.0 6.9647664850032335e-09
2438.0 6.962088894772605e-09
2439.0 6.959411304541975e-09
2440.0 6.956733714311346e-09
2441.0 6.954056124080714e-09
2442.0 6.9513785338500864e-09
2443.0 6.948700943619457e-09
2444.0 6.946023353388826e-09
2445.0 6.943345763158197e-09
2446.0 6.940668172927567e-09
2447.0 6.9379905826969385e-09
2448.0 6.935312992466309e-09
2449.0 6.932635402235678e-09
2450.0 6.929957812005049e-09
2451.0 6.927280221774419e-09
2452.0 6.924602631543791e-09
2453.0 6.921925041313159e-09
2454.0 6.91924745108253e-09
2455.0 6.916569860851901e-09
2456.0 6.9138922706212705e-09
2457.0 6.911214680390641e-09
2458.0 6.908537090160012e-09
2459.0 6.9058594999293826e-09
2460.0 6.903181909698753e-09
2461.0 6.9005043194681226e-09
2462.0 6.897826729237494e-09
2463.0 6.895149139006864e-09
2464.0 6.892471548776235e-09
2465.0 6.889793958545604e-09
2466.0 6.887116368314975e-09
2467.0 6.884438778084345e-09
2468.0 6.881761187853715e-09
2469.0 6.879083597623086e-09
2470.0 6.8764060073924554e-09
2471.0 6.873728417161825e-09
2472.0 6.871050826931196e-09
2473.0 6.868373236700567e-09
2474.0 6.865695646469938e-09
2475.0 6.863018056239308e-09
2476.0 6.860340466008678e-09
2477.0 6.85766287577805e-09
2478.0 6.854985285547419e-09
2479.0 6.8523076953167875e-09
2480.0 6.84963010508616e-09
2481.0 6.84695251485553e-09
2482.0 6.844432037835446e-09
2483.0 6.841989847022821e-09
2484.0 6.8395476562101975e-09
2485.0 6.837105465397573e-09
2486.0 6.83466327458495e-09
2487.0 6.832221083772326e-09
2488.0 6.829778892959701e-09
2489.0 6.827336702147077e-09
2490.0 6.824894511334452e-09
2491.0 6.822452320521829e-09
2492.0 6.820010129709206e-09
2493.0 6.817567938896581e-09
2494.0 6.8151257480839566e-09
2495.0 6.8126835572713316e-09
2496.0 6.810241366458708e-09
2497.0 6.807799175646086e-09
2498.0 6.805356984833461e-09
2499.0 6.8029147940208365e-09
2500.0 6.800472603208214e-09
2501.0 6.798030412395588e-09
2502.0 6.795588221582964e-09
2503.0 6.7931460307703415e-09
2504.0 6.7907038399577165e-09
2505.0 6.7882616491450915e-09
2506.0 6.785819458332468e-09
2507.0 6.783377267519844e-09
2508.0 6.780935076707221e-09
2509.0 6.778492885894596e-09
2510.0 6.776050695081974e-09
2511.0 6.773608504269347e-09
2512.0 6.771166313456725e-09
2513.0 6.768724122644101e-09
2514.0 6.766281931831477e-09
2515.0 6.763839741018852e-09
2516.0 6.761397550206227e-09
2517.0 6.758955359393605e-09
2518.0 6.756513168580981e-09
2519.0 6.754070977768357e-09
2520.0 6.751628786955732e-09
2521.0 6.749186596143109e-09
2522.0 6.746744405330485e-09
2523.0 6.744302214517861e-09
2524.0 6.741860023705237e-09
2525.0 6.739417832892614e-09
2526.0 6.736975642079989e-09
2527.0 6.734533451267363e-09
2528.0 6.73209126045474e-09
2529.0 6.729649069642117e-09
2530.0 6.727206878829493e-09
2531.0 6.724764688016868e-09
2532.0 6.722322497204243e-09
2533.0 6.7198803063916195e-09
2534.0 6.717438115578997e-09
2535.0 6.714995924766373e-09
2536.0 6.712553733953748e-09
2537.0 6.7101115431411244e-09
2538.0 6.7076693523284994e-09
2539.0 6.705227161515875e-09
2540.0 6.702784970703253e-09
2541.0 6.700342779890628e-09
2542.0 6.697900589078003e-09
2543.0 6.695458398265379e-09
2544.0 6.693016207452757e-09
2545.0 6.690574016640133e-09
2546.0 6.6881318258275085e-09
2547.0 6.685689635014885e-09
2548.0 6.6832474442022585e-09
2549.0 6.680805253389636e-09
2550.0 6.678363062577013e-09
2551.0 6.6759208717643884e-09
2552.0 6.673478680951763e-09
2553.0 6.67103649013914e-09
2554.0 6.668594299326516e-09
2555.0 6.6661521085138926e-09
2556.0 6.663709917701268e-09
2557.0 6.661267726888645e-09
2558.0 6.65882553607602e-09
2559.0 6.656383345263396e-09
2560.0 6.6539411544507725e-09
2561.0 6.651498963638148e-09
2562.0 6.649056772825525e-09
2563.0 6.6466145820129e-09
2564.0 6.644172391200275e-09
2565.0 6.641730200387652e-09
2566.0 6.639288009575028e-09
2567.0 6.636845818762404e-09
2568.0 6.634403627949779e-09
2569.0 6.631961437137154e-09
2570.0 6.629519246324531e-09
2571.0 6.627077055511908e-09
2572.0 6.624634864699284e-09
2573.0 6.622192673886659e-09
2574.0 6.619750483074034e-09
2575.0 6.617308292261411e-09
2576.0 6.614866101448788e-09
2577.0 6.612423910636164e-09
2578.0 6.609981719823539e-09
2579.0 6.607539529010914e-09
2580.0 6.605097338198291e-09
2581.0 6.602655147385668e-09
2582.0 6.600212956573044e-09
2583.0 6.5977707657604206e-09
2584.0 6.595328574947796e-09
2585.0 6.592886384135171e-09
2586.0 6.590444193322547e-09
2587.0 6.588002002509924e-09
2588.0 6.5855598116973e-09
2589.0 6.583117620884675e-09
2590.0 6.580675430072051e-09
2591.0 6.578233239259427e-09
2592.0 6.575791048446804e-09
2593.0 6.57334885763418e-09
2594.0 6.570906666821555e-09
2595.0 6.56846447600893e-09
2596.0 6.566022285196307e-09
2597.0 6.563580094383684e-09
2598.0 6.5611379035710596e-09
2599.0 6.5586957127584346e-09
2600.0 6.5562535219458096e-09
2601.0 6.553811331133186e-09
2602.0 6.551369140320564e-09
2603.0 6.5489269495079395e-09
2604.0 6.546484758695315e-09
2605.0 6.544042567882692e-09
2606.0 6.541600377070065e-09
2607.0 6.539158186257442e-09
2608.0 6.5367159954448195e-09
2609.0 6.534273804632195e-09
2610.0 6.53183161381957e-09
2611.0 6.529389423006945e-09
2612.0 6.526947232194322e-09
2613.0 6.524505041381699e-09
2614.0 6.522062850569077e-09
2615.0 6.51962065975645e-09
2616.0 6.517178468943825e-09
2617.0 6.514736278131203e-09
2618.0 6.512294087318579e-09
2619.0 6.509851896505955e-09
2620.0 6.507409705693332e-09
2621.0 6.504967514880707e-09
2622.0 6.502525324068083e-09
2623.0 6.500083133255459e-09
2624.0 6.497640942442835e-09
2625.0 6.495198751630211e-09
2626.0 6.492756560817586e-09
2627.0 6.490314370004963e-09
2628.0 6.4878721791923384e-09
2629.0 6.485429988379715e-09
2630.0 6.482987797567091e-09
2631.0 6.480545606754466e-09
2632.0 6.478103415941843e-09
2633.0 6.475661225129218e-09
2634.0 6.473219034316595e-09
2635.0 6.47077684350397e-09
2636.0 6.4683346526913475e-09
2637.0 6.465892461878723e-09
2638.0 6.4634502710660975e-09
2639.0 6.461008080253475e-09
2640.0 6.458565889440851e-09
2641.0 6.4561236986282274e-09
2642.0 6.453681507815603e-09
2643.0 6.4512393170029774e-09
2644.0 6.448797126190353e-09
2645.0 6.446354935377731e-09
2646.0 6.443912744565108e-09
2647.0 6.4414705537524815e-09
2648.0 6.439028362939859e-09
2649.0 6.436586172127234e-09
2650.0 6.434143981314611e-09
2651.0 6.431701790501988e-09
2652.0 6.4292595996893615e-09
2653.0 6.426817408876738e-09
2654.0 6.424375218064114e-09
2655.0 6.421933027251491e-09
2656.0 6.4194908364388664e-09
2657.0 6.4170486456262414e-09
2658.0 6.414606454813618e-09
2659.0 6.412164264000994e-09
2660.0 6.4097220731883706e-09
2661.0 6.407279882375746e-09
2662.0 6.404837691563121e-09
2663.0 6.402395500750497e-09
2664.0 6.399953309937875e-09
2665.0 6.39751111912525e-09
2666.0 6.395068928312626e-09
2667.0 6.392626737500002e-09
2668.0 6.390184546687379e-09
2669.0 6.387742355874755e-09
2670.0 6.38530016506213e-09
2671.0 6.382857974249506e-09
2672.0 6.380415783436882e-09
2673.0 6.378099022077597e-09
2674.0 6.375887360509191e-09
2675.0 6.373675698940786e-09
2676.0 6.371464037372379e-09
2677.0 6.3692523758039745e-09
2678.0 6.367040714235569e-09
2679.0 6.364829052667162e-09
2680.0 6.3626173910987575e-09
2681.0 6.360405729530351e-09
2682.0 6.358194067961946e-09
2683.0 6.355982406393541e-09
2684.0 6.353770744825135e-09
2685.0 6.351559083256729e-09
2686.0 6.349347421688322e-09
2687.0 6.347135760119918e-09
2688.0 6.3449240985515105e-09
2689.0 6.3427124369831065e-09
2690.0 6.340500775414702e-09
2691.0 6.3382891138462935e-09
2692.0 6.336077452277889e-09
2693.0 6.333865790709484e-09
2694.0 6.331654129141078e-09
2695.0 6.329442467572673e-09
2696.0 6.327230806004267e-09
2697.0 6.325019144435862e-09
2698.0 6.3228074828674555e-09
2699.0 6.3205958212990514e-09
2700.0 6.318384159730645e-09
2701.0 6.316172498162239e-09
2702.0 6.313960836593834e-09
2703.0 6.311749175025427e-09
2704.0 6.309537513457022e-09
2705.0 6.307325851888615e-09
2706.0 6.305114190320211e-09
2707.0 6.302902528751806e-09
2708.0 6.300690867183398e-09
2709.0 6.298479205614994e-09
2710.0 6.296267544046588e-09
2711.0 6.2940558824781826e-09
2712.0 6.291844220909778e-09
2713.0 6.2896325593413704e-09
2714.0 6.287420897772965e-09
2715.0 6.28520923620456e-09
2716.0 6.282997574636155e-09
2717.0 6.2807859130677486e-09
2718.0 6.278574251499343e-09
2719.0 6.276362589930938e-09
2720.0 6.2741509283625316e-09
2721.0 6.271939266794127e-09
2722.0 6.26972760522572e-09
2723.0 6.267515943657315e-09
2724.0 6.26530428208891e-09
2725.0 6.263092620520504e-09
2726.0 6.260880958952098e-09
2727.0 6.258669297383691e-09
2728.0 6.256457635815287e-09
2729.0 6.2542459742468805e-09
2730.0 6.252034312678476e-09
2731.0 6.249822651110071e-09
2732.0 6.247610989541664e-09
2733.0 6.24539932797326e-09
2734.0 6.243187666404853e-09
2735.0 6.240976004836447e-09
2736.0 6.2387643432680425e-09
2737.0 6.236552681699636e-09
2738.0 6.234341020131231e-09
2739.0 6.232129358562825e-09
2740.0 6.22991769699442e-09
2741.0 6.227706035426012e-09
2742.0 6.225494373857608e-09
2743.0 6.223282712289203e-09
2744.0 6.2210710507207955e-09
2745.0 6.2188593891523915e-09
2746.0 6.216647727583987e-09
2747.0 6.214436066015581e-09
2748.0 6.2122244044471745e-09
2749.0 6.210012742878769e-09
2750.0 6.207801081310362e-09
2751.0 6.205589419741957e-09
2752.0 6.203377758173552e-09
2753.0 6.201166096605145e-09
2754.0 6.1989544350367405e-09
2755.0 6.196742773468336e-09
2756.0 6.194531111899929e-09
2757.0 6.1923194503315234e-09
2758.0 6.190107788763118e-09
2759.0 6.187896127194712e-09
2760.0 6.185684465626307e-09
2761.0 6.183472804057901e-09
2762.0 6.181261142489496e-09
2763.0 6.179049480921088e-09
2764.0 6.176837819352685e-09
2765.0 6.174626157784278e-09
2766.0 6.1724144962158724e-09
2767.0 6.1702028346474676e-09
2768.0 6.167991173079061e-09
2769.0 6.165779511510656e-09
2770.0 6.16356784994225e-09
2771.0 6.161356188373845e-09
2772.0 6.159144526805439e-09
2773.0 6.1569328652370336e-09
2774.0 6.154721203668628e-09
2775.0 6.152509542100221e-09
2776.0 6.1502978805318166e-09
2777.0 6.148086218963409e-09
2778.0 6.145874557395005e-09
2779.0 6.1436628958266e-09
2780.0 6.141451234258192e-09
2781.0 6.139239572689788e-09
2782.0 6.1370279111213825e-09
2783.0 6.134816249552977e-09
2784.0 6.132604587984572e-09
2785.0 6.1303929264161655e-09
2786.0 6.128181264847761e-09
2787.0 6.125969603279354e-09
2788.0 6.123757941710949e-09
2789.0 6.121546280142543e-09
2790.0 6.119334618574137e-09
2791.0 6.117122957005732e-09
2792.0 6.114911295437326e-09
2793.0 6.112699633868921e-09
2794.0 6.1104879723005145e-09
2795.0 6.10827631073211e-09
2796.0 6.106064649163704e-09
2797.0 6.103852987595298e-09
2798.0 6.101641326026893e-09
2799.0 6.099429664458485e-09
2800.0 6.097218002890081e-09
2801.0 6.095006341321674e-09
2802.0 6.092794679753268e-09
2803.0 6.090583018184865e-09
2804.0 6.088371356616459e-09
2805.0 6.086159695048053e-09
2806.0 6.083948033479647e-09
2807.0 6.081736371911242e-09
2808.0 6.079524710342837e-09
2809.0 6.07731304877443e-09
2810.0 6.0751013872060255e-09
2811.0 6.072889725637619e-09
2812.0 6.070678064069214e-09
2813.0 6.068466402500806e-09
2814.0 6.066254740932402e-09
2815.0 6.064043079363997e-09
2816.0 6.06183141779559e-09
2817.0 6.059619756227186e-09
2818.0 6.057408094658779e-09
2819.0 6.0551964330903744e-09
2820.0 6.0529847715219704e-09
2821.0 6.050773109953563e-09
2822.0 6.0485614483851574e-09
2823.0 6.046349786816751e-09
2824.0 6.044138125248346e-09
2825.0 6.04192646367994e-09
2826.0 6.039714802111535e-09
2827.0 6.03750314054313e-09
2828.0 6.035291478974723e-09
2829.0 6.033079817406318e-09
2830.0 6.030868155837912e-09
2831.0 6.028656494269506e-09
2832.0 6.0264448327011016e-09
2833.0 6.024233171132695e-09
2834.0 6.02202150956429e-09
2835.0 6.019809847995882e-09
2836.0 6.017598186427479e-09
2837.0 6.015386524859072e-09
2838.0 6.013174863290667e-09
2839.0 6.010963201722262e-09
2840.0 6.008751540153855e-09
2841.0 6.0065398785854505e-09
2842.0 6.004328217017044e-09
2843.0 6.002116555448639e-09
2844.0 5.9999048938802335e-09
2845.0 5.997693232311828e-09
2846.0 5.995481570743422e-09
2847.0 5.993269909175016e-09
2848.0 5.991058247606611e-09
2849.0 5.9888465860382035e-09
2850.0 5.9866349244697995e-09
2851.0 5.984423262901395e-09
2852.0 5.9822116013329865e-09
2853.0 5.9799999397645825e-09
2854.0 5.977788278196177e-09
2855.0 5.975576616627771e-09
2856.0 5.973364955059365e-09
2857.0 5.9711532934909615e-09
2858.0 5.968941631922555e-09
2859.0 5.9667299703541485e-09
2860.0 5.964518308785744e-09
2861.0 5.962306647217337e-09
2862.0 5.9600949856489315e-09
2863.0 5.957883324080527e-09
2864.0 5.95567166251212e-09
2865.0 5.953460000943715e-09
2866.0 5.951248339375309e-09
2867.0 5.949036677806904e-09
2868.0 5.946825016238498e-09
2869.0 5.944613354670093e-09
2870.0 5.942401693101687e-09
2871.0 5.94019003153328e-09
2872.0 5.937978369964876e-09
2873.0 5.935766708396469e-09
2874.0 5.933555046828064e-09
2875.0 5.9313433852596594e-09
2876.0 5.929131723691253e-09
2877.0 5.926920062122847e-09
2878.0 5.924708400554442e-09
2879.0 5.922653440683952e-09
2880.0 5.920665773220113e-09
2881.0 5.918678105756271e-09
2882.0 5.916690438292434e-09
2883.0 5.914702770828595e-09
2884.0 5.912715103364754e-09
2885.0 5.910727435900915e-09
2886.0 5.908739768437075e-09
2887.0 5.906752100973236e-09
2888.0 5.904764433509395e-09
2889.0 5.902776766045556e-09
2890.0 5.900789098581717e-09
2891.0 5.898801431117876e-09
2892.0 5.896813763654037e-09
2893.0 5.894826096190197e-09
2894.0 5.892838428726358e-09
2895.0 5.890850761262519e-09
2896.0 5.888863093798678e-09
2897.0 5.886875426334838e-09
2898.0 5.884887758871e-09
2899.0 5.88290009140716e-09
2900.0 5.8809124239433194e-09
2901.0 5.87892475647948e-09
2902.0 5.876937089015641e-09
2903.0 5.874949421551802e-09
2904.0 5.8729617540879614e-09
2905.0 5.8709740866241215e-09
2906.0 5.8689864191602824e-09
2907.0 5.866998751696443e-09
2908.0 5.865011084232605e-09
2909.0 5.863023416768763e-09
2910.0 5.861035749304924e-09
2911.0 5.8590480818410845e-09
2912.0 5.8570604143772454e-09
2913.0 5.8550727469134055e-09
2914.0 5.853085079449564e-09
2915.0 5.851097411985725e-09
2916.0 5.849109744521886e-09
2917.0 5.847122077058047e-09
2918.0 5.845134409594207e-09
2919.0 5.843146742130366e-09
2920.0 5.8411590746665286e-09
2921.0 5.839171407202688e-09
2922.0 5.837183739738848e-09
2923.0 5.83519607227501e-09
2924.0 5.833208404811168e-09
2925.0 5.831220737347331e-09
2926.0 5.82923306988349e-09
2927.0 5.827245402419649e-09
2928.0 5.825257734955812e-09
2929.0 5.823270067491971e-09
2930.0 5.821282400028132e-09
2931.0 5.81929473256429e-09
2932.0 5.817307065100453e-09
2933.0 5.815319397636614e-09
2934.0 5.813331730172773e-09
2935.0 5.811344062708934e-09
2936.0 5.8093563952450924e-09
2937.0 5.807368727781255e-09
2938.0 5.805381060317417e-09
2939.0 5.803393392853575e-09
2940.0 5.801405725389736e-09
2941.0 5.799418057925895e-09
2942.0 5.797430390462056e-09
2943.0 5.795442722998216e-09
2944.0 5.793455055534377e-09
2945.0 5.791467388070538e-09
2946.0 5.7894797206066974e-09
2947.0 5.78749205314286e-09
2948.0 5.785504385679019e-09
2949.0 5.783516718215179e-09
2950.0 5.78152905075134e-09
2951.0 5.7795413832874995e-09
2952.0 5.7775537158236604e-09
2953.0 5.775566048359821e-09
2954.0 5.773578380895981e-09
2955.0 5.7715907134321415e-09
2956.0 5.7696030459683016e-09
2957.0 5.7676153785044625e-09
2958.0 5.765627711040623e-09
2959.0 5.763640043576783e-09
2960.0 5.761652376112943e-09
2961.0 5.759664708649104e-09
2962.0 5.7576770411852646e-09
2963.0 5.755689373721425e-09
2964.0 5.753701706257585e-09
2965.0 5.751714038793744e-09
2966.0 5.749726371329905e-09
2967.0 5.747738703866066e-09
2968.0 5.745751036402228e-09
2969.0 5.743763368938385e-09
2970.0 5.741775701474546e-09
2971.0 5.739788034010707e-09
2972.0 5.737800366546868e-09
2973.0 5.735812699083028e-09
2974.0 5.733825031619187e-09
2975.0 5.73183736415535e-09
2976.0 5.729849696691509e-09
2977.0 5.727862029227668e-09
2978.0 5.725874361763831e-09
2979.0 5.72388669429999e-09
2980.0 5.721899026836151e-09
2981.0 5.719911359372311e-09
2982.0 5.7179236919084704e-09
2983.0 5.715936024444633e-09
2984.0 5.713948356980792e-09
2985.0 5.711960689516952e-09
2986.0 5.709973022053112e-09
2987.0 5.707985354589274e-09
2988.0 5.705997687125434e-09
2989.0 5.704010019661595e-09
2990.0 5.702022352197755e-09
2991.0 5.700034684733914e-09
2992.0 5.6980470172700754e-09
2993.0 5.6960593498062355e-09
2994.0 5.694071682342395e-09
2995.0 5.692084014878557e-09
2996.0 5.690096347414718e-09
2997.0 5.688108679950877e-09
2998.0 5.686121012487038e-09
2999.0 5.6841333450231985e-09
3000.0 5.682145677559359e-09
3001.0 5.680158010095519e-09
3002.0 5.6781703426316796e-09
3003.0 5.6761826751678405e-09
3004.0 5.674195007704e-09
3005.0 5.672207340240161e-09
3006.0 5.670219672776321e-09
3007.0 5.668232005312482e-09
3008.0 5.6662443378486426e-09
3009.0 5.664256670384802e-09
3010.0 5.662269002920962e-09
3011.0 5.660281335457123e-09
3012.0 5.658293667993284e-09
3013.0 5.656306000529444e-09
3014.0 5.654318333065604e-09
3015.0 5.652330665601763e-09
3016.0 5.650342998137926e-09
3017.0 5.648355330674085e-09
3018.0 5.646367663210246e-09
3019.0 5.644379995746404e-09
3020.0 5.642392328282565e-09
3021.0 5.640404660818728e-09
3022.0 5.638416993354887e-09
3023.0 5.636429325891047e-09
3024.0 5.6344416584272064e-09
3025.0 5.632453990963369e-09
3026.0 5.630466323499529e-09
3027.0 5.628478656035689e-09
3028.0 5.6264909885718484e-09
3029.0 5.624503321108009e-09
3030.0 5.62251565364417e-09
3031.0 5.62052798618033e-09
3032.0 5.6185403187164896e-09
3033.0 5.616552651252652e-09
3034.0 5.614564983788811e-09
3035.0 5.612577316324972e-09
3036.0 5.610589648861133e-09
3037.0 5.608601981397292e-09
3038.0 5.606614313933454e-09
3039.0 5.604626646469614e-09
3040.0 5.602638979005773e-09
3041.0 5.600651311541935e-09
3042.0 5.5986636440780946e-09
3043.0 5.5966759766142555e-09
3044.0 5.5946883091504156e-09
3045.0 5.5927006416865765e-09
3046.0 5.590712974222737e-09
3047.0 5.588725306758897e-09
3048.0 5.5867376392950576e-09
3049.0 5.584749971831216e-09
3050.0 5.5827623043673786e-09
3051.0 5.580774636903539e-09
3052.0 5.578786969439699e-09
3053.0 5.57679930197586e-09
3054.0 5.574811634512019e-09
3055.0 5.57282396704818e-09
3056.0 5.570836299584341e-09
3057.0 5.568848632120501e-09
3058.0 5.566860964656662e-09
3059.0 5.564873297192821e-09
3060.0 5.562885629728982e-09
3061.0 5.560897962265142e-09
3062.0 5.558910294801303e-09
3063.0 5.556922627337464e-09
3064.0 5.554934959873623e-09
3065.0 5.552947292409782e-09
3066.0 5.550959624945945e-09
3067.0 5.548971957482104e-09
3068.0 5.546984290018265e-09
3069.0 5.5449966225544235e-09
3070.0 5.543008955090586e-09
3071.0 5.541021287626747e-09
3072.0 5.539033620162906e-09
3073.0 5.537045952699067e-09
3074.0 5.5350582852352256e-09
3075.0 5.533070617771388e-09
3076.0 5.53108295030755e-09
3077.0 5.529095282843708e-09
3078.0 5.5271076153798676e-09
3079.0 5.5251199479160285e-09
3080.0 5.523132280452189e-09
3081.0 5.52114461298835e-09
3082.0 5.51915694552451e-09
3083.0 5.51716927806067e-09
3084.0 5.5151816105968306e-09
3085.0 5.513193943132993e-09
3086.0 5.5112062756691516e-09
3087.0 5.509218608205311e-09
3088.0 5.507230940741473e-09
3089.0 5.505243273277633e-09
3090.0 5.5032556058137936e-09
3091.0 5.5012679383499545e-09
3092.0 5.499280270886113e-09
3093.0 5.497292603422275e-09
3094.0 5.495304935958435e-09
3095.0 5.493317268494594e-09
3096.0 5.4913296010307566e-09
3097.0 5.489341933566917e-09
3098.0 5.487354266103076e-09
3099.0 5.485366598639237e-09
3100.0 5.483378931175398e-09
