2.0 3.953718507966856e-06
3.0 4.992418449900872e-06
4.0 5.8057747716310815e-06
5.0 6.430490142112963e-06
6.0 6.900993808100696e-06
7.0 7.241533640137275e-06
8.0 7.464784254804004e-06
9.0 7.598290416181398e-06
10.0 7.653171578870258e-06
11.0 7.647750860680166e-06
12.0 7.589764949783118e-06
13.0 7.493581290765653e-06
14.0 7.368839512887442e-06
15.0 7.222936281166111e-06
16.0 7.064383101363395e-06
17.0 6.893632639129271e-06
18.0 6.718063454095129e-06
19.0 6.5414575634380646e-06
20.0 6.3651726782818424e-06
21.0 6.191352811305258e-06
22.0 6.020436272568109e-06
23.0 5.852315790410664e-06
24.0 5.691718334639556e-06
25.0 5.533068456961049e-06
26.0 5.383047480582401e-06
27.0 5.234615403639892e-06
28.0 5.095103711848299e-06
29.0 4.956461193162084e-06
30.0 4.827399487566924e-06
31.0 4.6983377819717655e-06
32.0 4.578260412501337e-06
33.0 4.459696005388755e-06
34.0 4.345893565886085e-06
35.0 4.2377489663170665e-06
36.0 4.1296043667480506e-06
37.0 4.0296463470146876e-06
38.0 3.930875193264524e-06
39.0 3.832959578555271e-06
40.0 3.7436162657633203e-06
41.0 3.654272952971368e-06
42.0 3.565768881310578e-06
43.0 3.485374500625429e-06
44.0 3.404980119940281e-06
45.0 3.3245857392551343e-06
46.0 3.251144704909401e-06
47.0 3.1787798091919185e-06
48.0 3.106414913474434e-06
49.0 3.037072093231872e-06
50.0 2.9724650172767883e-06
51.0 2.9078579413217043e-06
52.0 2.8432508653666216e-06
53.0 2.78327797425185e-06
54.0 2.7258516961929093e-06
55.0 2.668425418133967e-06
56.0 2.6109991400750254e-06
57.0 2.5577239760211053e-06
58.0 2.507072050740934e-06
59.0 2.4564201254607626e-06
60.0 2.4057682001805906e-06
61.0 2.356741506993621e-06
62.0 2.312118511899142e-06
63.0 2.2674955168046637e-06
64.0 2.222872521710185e-06
65.0 2.1782495266157066e-06
66.0 2.136967537014229e-06
67.0 2.0979896304507633e-06
68.0 2.059011723887298e-06
69.0 2.020033817323831e-06
70.0 1.9810559107603666e-06
71.0 1.9449269507935898e-06
72.0 1.9110932751034215e-06
73.0 1.8772595994132524e-06
74.0 1.8434259237230836e-06
75.0 1.8095922480329145e-06
76.0 1.7763365352118026e-06
77.0 1.7470276190932173e-06
78.0 1.717718702974632e-06
79.0 1.688409786856047e-06
80.0 1.6591008707374617e-06
81.0 1.6297919546188767e-06
82.0 1.601662792781605e-06
83.0 1.5765121598730106e-06
84.0 1.5513615269644174e-06
85.0 1.526210894055823e-06
86.0 1.501060261147229e-06
87.0 1.475909628238635e-06
88.0 1.4507589953300408e-06
89.0 1.4291235814837878e-06
90.0 1.4075252621418573e-06
91.0 1.3859269427999265e-06
92.0 1.3643286234579956e-06
93.0 1.3427303041160652e-06
94.0 1.3211319847741342e-06
95.0 1.3002389743218221e-06
96.0 1.281989707854743e-06
97.0 1.263740441387664e-06
98.0 1.2454911749205852e-06
99.0 1.2272419084535064e-06
100.0 1.208992641986427e-06
101.0 1.1907433755193479e-06
102.0 1.1724941090522688e-06
103.0 1.1567124591535244e-06
104.0 1.1411763628952276e-06
105.0 1.1256402666369307e-06
106.0 1.110104170378634e-06
107.0 1.0945680741203372e-06
108.0 1.0790319778620407e-06
109.0 1.0634958816037438e-06
110.0 1.0480685366257447e-06
111.0 1.0348951528534867e-06
112.0 1.0217217690812298e-06
113.0 1.0085483853089718e-06
114.0 9.953750015367145e-07
115.0 9.822016177644567e-07
116.0 9.690282339921993e-07
117.0 9.558548502199418e-07
118.0 9.426814664476843e-07
119.0 9.308199331551443e-07
120.0 9.199205887624344e-07
121.0 9.09021244369725e-07
122.0 8.981218999770154e-07
123.0 8.872225555843062e-07
124.0 8.76323211191597e-07
125.0 8.65423866798887e-07
126.0 8.545245224061777e-07
127.0 8.436251780134681e-07
128.0 8.335007709064375e-07
129.0 8.24303079800698e-07
130.0 8.151053886949589e-07
131.0 8.059076975892196e-07
132.0 7.967100064834803e-07
133.0 7.875123153777411e-07
134.0 7.783146242720017e-07
135.0 7.691169331662624e-07
136.0 7.599192420605233e-07
137.0 7.507215509547837e-07
138.0 7.424911688831191e-07
139.0 7.348256133765181e-07
140.0 7.27160057869917e-07
141.0 7.194945023633158e-07
142.0 7.118289468567146e-07
143.0 7.041633913501137e-07
144.0 6.964978358435126e-07
145.0 6.888322803369113e-07
146.0 6.811667248303102e-07
147.0 6.735011693237091e-07
148.0 6.659034659413151e-07
149.0 6.595789023958475e-07
150.0 6.5325433885038e-07
151.0 6.469297753049125e-07
152.0 6.406052117594448e-07
153.0 6.342806482139772e-07
154.0 6.279560846685097e-07
155.0 6.216315211230421e-07
156.0 6.153069575775745e-07
157.0 6.089823940321071e-07
158.0 6.026578304866395e-07
159.0 5.963332669411719e-07
160.0 5.907140783113981e-07
161.0 5.854666311622855e-07
162.0 5.802191840131729e-07
163.0 5.749717368640604e-07
164.0 5.697242897149478e-07
165.0 5.644768425658354e-07
166.0 5.592293954167227e-07
167.0 5.539819482676103e-07
168.0 5.487345011184975e-07
169.0 5.434870539693851e-07
170.0 5.382396068202725e-07
171.0 5.329921596711601e-07
172.0 5.281058808801234e-07
173.0 5.238053912888172e-07
174.0 5.195049016975113e-07
175.0 5.152044121062054e-07
176.0 5.109039225148995e-07
177.0 5.066034329235936e-07
178.0 5.023029433322875e-07
179.0 4.980024537409815e-07
180.0 4.937019641496756e-07
181.0 4.894014745583697e-07
182.0 4.851009849670636e-07
183.0 4.808004953757577e-07
184.0 4.765000057844517e-07
185.0 4.7232149847821386e-07
186.0 4.687713645227247e-07
187.0 4.652212305672356e-07
188.0 4.6167109661174655e-07
189.0 4.5812096265625754e-07
190.0 4.545708287007684e-07
191.0 4.5102069474527925e-07
192.0 4.474705607897903e-07
193.0 4.4392042683430117e-07
194.0 4.403702928788121e-07
195.0 4.3682015892332294e-07
196.0 4.332700249678339e-07
197.0 4.2971989101234486e-07
198.0 4.2616975705685574e-07
199.0 4.2261962310136657e-07
200.0 4.196671929405308e-07
201.0 4.167628345774257e-07
202.0 4.138584762143208e-07
203.0 4.1095411785121577e-07
204.0 4.080497594881108e-07
205.0 4.0514540112500585e-07
206.0 4.022410427619008e-07
207.0 3.9933668439879573e-07
208.0 3.9643232603569077e-07
209.0 3.9352796767258576e-07
210.0 3.906236093094809e-07
211.0 3.877192509463759e-07
212.0 3.8481489258327094e-07
213.0 3.8191053422016603e-07
214.0 3.790061758570609e-07
215.0 3.7642316234270854e-07
216.0 3.740616572309817e-07
217.0 3.7170015211925477e-07
218.0 3.693386470075279e-07
219.0 3.6697714189580095e-07
220.0 3.646156367840741e-07
221.0 3.6225413167234713e-07
222.0 3.598926265606202e-07
223.0 3.5753112144889336e-07
224.0 3.551696163371664e-07
225.0 3.528081112254394e-07
226.0 3.504466061137126e-07
227.0 3.480851010019856e-07
228.0 3.4572359589025875e-07
229.0 3.4336209077853184e-07
230.0 3.41000585666805e-07
231.0 3.3867142939096367e-07
232.0 3.3672847278070385e-07
233.0 3.3478551617044403e-07
234.0 3.328425595601842e-07
235.0 3.308996029499244e-07
236.0 3.289566463396646e-07
237.0 3.270136897294048e-07
238.0 3.2507073311914503e-07
239.0 3.2312777650888515e-07
240.0 3.211848198986254e-07
241.0 3.1924186328836556e-07
242.0 3.1729890667810574e-07
243.0 3.15355950067846e-07
244.0 3.1341299345758615e-07
245.0 3.1147003684732633e-07
246.0 3.095270802370665e-07
247.0 3.075841236268067e-07
248.0 3.0564116701654687e-07
249.0 3.0380562363973246e-07
250.0 3.0223230873310414e-07
251.0 3.006589938264759e-07
252.0 2.990856789198476e-07
253.0 2.9751236401321924e-07
254.0 2.9593904910659103e-07
255.0 2.943657341999627e-07
256.0 2.927924192933344e-07
257.0 2.912191043867062e-07
258.0 2.8964578948007787e-07
259.0 2.880724745734496e-07
260.0 2.8649915966682134e-07
261.0 2.849258447601931e-07
262.0 2.833525298535648e-07
263.0 2.817792149469365e-07
264.0 2.8020590004030823e-07
265.0 2.7863258513367996e-07
266.0 2.770592702270517e-07
267.0 2.7548595532042344e-07
268.0 2.7395281351057884e-07
269.0 2.726795767866924e-07
270.0 2.7140634006280604e-07
271.0 2.7013310333891967e-07
272.0 2.688598666150333e-07
273.0 2.675866298911469e-07
274.0 2.663133931672605e-07
275.0 2.650401564433742e-07
276.0 2.6376691971948776e-07
277.0 2.624936829956014e-07
278.0 2.612204462717151e-07
279.0 2.599472095478286e-07
280.0 2.5867397282394223e-07
281.0 2.574007361000559e-07
282.0 2.5612749937616954e-07
283.0 2.5485426265228317e-07
284.0 2.5358102592839675e-07
285.0 2.523077892045104e-07
286.0 2.5103455248062406e-07
287.0 2.4976131575673763e-07
288.0 2.484880790328513e-07
289.0 2.473315400457017e-07
290.0 2.462909414441296e-07
291.0 2.452503428425575e-07
292.0 2.4420974424098533e-07
293.0 2.431691456394132e-07
294.0 2.4212854703784107e-07
295.0 2.41087948436269e-07
296.0 2.400473498346968e-07
297.0 2.390067512331247e-07
298.0 2.3796615263155247e-07
299.0 2.3692555402998042e-07
300.0 2.3588495542840827e-07
301.0 2.348443568268361e-07
302.0 2.3380375822526395e-07
303.0 2.3276315962369188e-07
304.0 2.3172256102211972e-07
305.0 2.3068196242054762e-07
306.0 2.296413638189755e-07
307.0 2.286007652174033e-07
308.0 2.2756016661583123e-07
309.0 2.2651956801425905e-07
310.0 2.254789694126869e-07
311.0 2.2449335859178746e-07
312.0 2.2364901034602276e-07
313.0 2.22804662100258e-07
314.0 2.2196031385449333e-07
315.0 2.2111596560872858e-07
316.0 2.2027161736296388e-07
317.0 2.1942726911719915e-07
318.0 2.185829208714344e-07
319.0 2.177385726256697e-07
320.0 2.1689422437990497e-07
321.0 2.1604987613414027e-07
322.0 2.1520552788837555e-07
323.0 2.143611796426108e-07
324.0 2.1351683139684607e-07
325.0 2.1267248315108137e-07
326.0 2.1182813490531664e-07
327.0 2.109837866595519e-07
328.0 2.101394384137872e-07
329.0 2.0929509016802246e-07
330.0 2.084507419222577e-07
331.0 2.0760639367649296e-07
332.0 2.0676204543072828e-07
333.0 2.0591769718496358e-07
334.0 2.0507334893919878e-07
335.0 2.042841619361771e-07
336.0 2.035987057022918e-07
337.0 2.0291324946840664e-07
338.0 2.0222779323452142e-07
339.0 2.015423370006362e-07
340.0 2.0085688076675095e-07
341.0 2.0017142453286573e-07
342.0 1.9948596829898056e-07
343.0 1.9880051206509531e-07
344.0 1.981150558312101e-07
345.0 1.9742959959732487e-07
346.0 1.9674414336343968e-07
347.0 1.960586871295544e-07
348.0 1.9537323089566915e-07
349.0 1.9468777466178399e-07
350.0 1.9400231842789877e-07
351.0 1.9331686219401354e-07
352.0 1.926314059601283e-07
353.0 1.9194594972624308e-07
354.0 1.9126049349235793e-07
355.0 1.9057503725847266e-07
356.0 1.8988958102458744e-07
357.0 1.8920412479070222e-07
358.0 1.88518668556817e-07
359.0 1.8783321232293183e-07
360.0 1.8714775608904658e-07
361.0 1.8653587813489056e-07
362.0 1.8597934768908035e-07
363.0 1.8542281724327014e-07
364.0 1.8486628679745993e-07
365.0 1.843097563516497e-07
366.0 1.8375322590583952e-07
367.0 1.8319669546002929e-07
368.0 1.826401650142191e-07
369.0 1.8208363456840887e-07
370.0 1.815271041225987e-07
371.0 1.8097057367678846e-07
372.0 1.8041404323097822e-07
373.0 1.7985751278516804e-07
374.0 1.7930098233935775e-07
375.0 1.7874445189354757e-07
376.0 1.781879214477374e-07
377.0 1.7763139100192719e-07
378.0 1.7707486055611695e-07
379.0 1.765183301103067e-07
380.0 1.759617996644965e-07
381.0 1.7540526921868633e-07
382.0 1.7484873877287612e-07
383.0 1.742922083270659e-07
384.0 1.737356778812557e-07
385.0 1.7317914743544542e-07
386.0 1.7262261698963524e-07
387.0 1.7206608654382506e-07
388.0 1.7150955609801485e-07
389.0 1.7103488947905202e-07
390.0 1.7057957229888713e-07
391.0 1.7012425511872225e-07
392.0 1.6966893793855734e-07
393.0 1.6921362075839243e-07
394.0 1.6875830357822751e-07
395.0 1.6830298639806263e-07
396.0 1.6784766921789772e-07
397.0 1.6739235203773283e-07
398.0 1.6693703485756792e-07
399.0 1.6648171767740303e-07
400.0 1.660264004972381e-07
401.0 1.6557108331707318e-07
402.0 1.6511576613690827e-07
403.0 1.646604489567434e-07
404.0 1.6420513177657847e-07
405.0 1.6374981459641361e-07
406.0 1.6329449741624868e-07
407.0 1.628391802360838e-07
408.0 1.6238386305591885e-07
409.0 1.6192854587575397e-07
410.0 1.6147322869558905e-07
411.0 1.6101791151542417e-07
412.0 1.6056259433525928e-07
413.0 1.6010727715509437e-07
414.0 1.596519599749294e-07
415.0 1.5919664279476455e-07
416.0 1.5874132561459963e-07
417.0 1.5828600843443475e-07
418.0 1.5783069125426984e-07
419.0 1.5744967460675506e-07
420.0 1.570761318543266e-07
421.0 1.5670258910189808e-07
422.0 1.5632904634946955e-07
423.0 1.5595550359704107e-07
424.0 1.555819608446125e-07
425.0 1.5520841809218405e-07
426.0 1.548348753397555e-07
427.0 1.5446133258732702e-07
428.0 1.540877898348985e-07
429.0 1.5371424708247e-07
430.0 1.5334070433004153e-07
431.0 1.52967161577613e-07
432.0 1.5259361882518443e-07
433.0 1.5222007607275595e-07
434.0 1.5184653332032745e-07
435.0 1.5147299056789892e-07
436.0 1.5109944781547044e-07
437.0 1.5072590506304193e-07
438.0 1.503523623106134e-07
439.0 1.499788195581849e-07
440.0 1.496052768057564e-07
441.0 1.492317340533279e-07
442.0 1.4885819130089938e-07
443.0 1.484846485484709e-07
444.0 1.4811110579604236e-07
445.0 1.4773756304361386e-07
446.0 1.4736402029118533e-07
447.0 1.4699047753875685e-07
448.0 1.4661693478632831e-07
449.0 1.462433920338998e-07
450.0 1.4586984928147133e-07
451.0 1.4554549683644665e-07
452.0 1.4524169461985183e-07
453.0 1.4493789240325698e-07
454.0 1.4463409018666216e-07
455.0 1.4433028797006732e-07
456.0 1.4402648575347253e-07
457.0 1.437226835368777e-07
458.0 1.4341888132028292e-07
459.0 1.431150791036881e-07
460.0 1.4281127688709328e-07
461.0 1.4250747467049846e-07
462.0 1.4220367245390362e-07
463.0 1.4189987023730883e-07
464.0 1.41596068020714e-07
465.0 1.412922658041192e-07
466.0 1.4098846358752434e-07
467.0 1.4068466137092955e-07
468.0 1.4038085915433473e-07
469.0 1.4007705693773991e-07
470.0 1.3977325472114507e-07
471.0 1.3946945250455025e-07
472.0 1.3916565028795546e-07
473.0 1.3886184807136064e-07
474.0 1.385580458547658e-07
475.0 1.3825424363817098e-07
476.0 1.3795044142157616e-07
477.0 1.3764663920498137e-07
478.0 1.3734283698838652e-07
479.0 1.370390347717917e-07
480.0 1.3673523255519688e-07
481.0 1.364314303386021e-07
482.0 1.3612762812200725e-07
483.0 1.3582382590541246e-07
484.0 1.3552002368881764e-07
485.0 1.3521730974197944e-07
486.0 1.3496383760968405e-07
487.0 1.3471036547738864e-07
488.0 1.3445689334509322e-07
489.0 1.3420342121279783e-07
490.0 1.339499490805024e-07
491.0 1.33696476948207e-07
492.0 1.3344300481591155e-07
493.0 1.3318953268361616e-07
494.0 1.3293606055132075e-07
495.0 1.3268258841902533e-07
496.0 1.3242911628672992e-07
497.0 1.321756441544345e-07
498.0 1.319221720221391e-07
499.0 1.3166869988984367e-07
500.0 1.3141522775754828e-07
501.0 1.3116175562525286e-07
502.0 1.3090828349295744e-07
503.0 1.3065481136066205e-07
504.0 1.3040133922836664e-07
505.0 1.3014786709607122e-07
506.0 1.298943949637758e-07
507.0 1.296409228314804e-07
508.0 1.2938745069918497e-07
509.0 1.2913397856688958e-07
510.0 1.2888050643459416e-07
511.0 1.2862703430229875e-07
512.0 1.2837356217000333e-07
513.0 1.2812009003770792e-07
514.0 1.2786661790541253e-07
515.0 1.2761314577311708e-07
516.0 1.273596736408217e-07
517.0 1.2710620150852625e-07
518.0 1.2685272937623086e-07
519.0 1.2659925724393544e-07
520.0 1.2634578511164003e-07
521.0 1.2609231297934464e-07
522.0 1.258388408470492e-07
523.0 1.256139482157407e-07
524.0 1.2540336135591405e-07
525.0 1.2519277449608737e-07
526.0 1.249821876362607e-07
527.0 1.2477160077643403e-07
528.0 1.2456101391660738e-07
529.0 1.243504270567807e-07
530.0 1.2413984019695406e-07
531.0 1.239292533371274e-07
532.0 1.2371866647730071e-07
533.0 1.2350807961747407e-07
534.0 1.232974927576474e-07
535.0 1.2308690589782075e-07
536.0 1.2287631903799405e-07
537.0 1.226657321781674e-07
538.0 1.2245514531834073e-07
539.0 1.2224455845851405e-07
540.0 1.2203397159868738e-07
541.0 1.2182338473886073e-07
542.0 1.2161279787903406e-07
543.0 1.214022110192074e-07
544.0 1.2119162415938074e-07
545.0 1.2098103729955407e-07
546.0 1.2077045043972742e-07
547.0 1.2055986357990075e-07
548.0 1.2034927672007407e-07
549.0 1.201386898602474e-07
550.0 1.1992810300042075e-07
551.0 1.1971751614059408e-07
552.0 1.195069292807674e-07
553.0 1.1929634242094073e-07
554.0 1.1908575556111409e-07
555.0 1.1887516870128743e-07
556.0 1.1866458184146074e-07
557.0 1.1845399498163408e-07
558.0 1.1824340812180742e-07
559.0 1.1803282126198076e-07
560.0 1.178222344021541e-07
561.0 1.1761164754232743e-07
562.0 1.1740106068250077e-07
563.0 1.1720536983772224e-07
564.0 1.1702910974455263e-07
565.0 1.1685284965138304e-07
566.0 1.1667658955821345e-07
567.0 1.1650032946504389e-07
568.0 1.1632406937187429e-07
569.0 1.1614780927870471e-07
570.0 1.1597154918553514e-07
571.0 1.1579528909236554e-07
572.0 1.1561902899919595e-07
573.0 1.1544276890602636e-07
574.0 1.1526650881285677e-07
575.0 1.1509024871968717e-07
576.0 1.1491398862651761e-07
577.0 1.1473772853334802e-07
578.0 1.1456146844017843e-07
579.0 1.1438520834700882e-07
580.0 1.1420894825383924e-07
581.0 1.1403268816066966e-07
582.0 1.1385642806750007e-07
583.0 1.1368016797433048e-07
584.0 1.1350390788116091e-07
585.0 1.1332764778799132e-07
586.0 1.1315138769482173e-07
587.0 1.1297512760165214e-07
588.0 1.1279886750848254e-07
589.0 1.1262260741531298e-07
590.0 1.1244634732214339e-07
591.0 1.122700872289738e-07
592.0 1.120938271358042e-07
593.0 1.1191756704263461e-07
594.0 1.1174130694946502e-07
595.0 1.1156504685629541e-07
596.0 1.1138878676312585e-07
597.0 1.1121252666995626e-07
598.0 1.1103626657678666e-07
599.0 1.108600064836171e-07
600.0 1.106837463904475e-07
601.0 1.1050748629727791e-07
602.0 1.1033122620410832e-07
603.0 1.1015496611093876e-07
604.0 1.0997870601776916e-07
605.0 1.0980244592459957e-07
606.0 1.096288699778933e-07
607.0 1.0947877306514064e-07
608.0 1.0932867615238795e-07
609.0 1.0917857923963529e-07
610.0 1.0902848232688262e-07
611.0 1.0887838541412993e-07
612.0 1.0872828850137726e-07
613.0 1.0857819158862457e-07
614.0 1.0842809467587187e-07
615.0 1.0827799776311921e-07
616.0 1.0812790085036653e-07
617.0 1.0797780393761385e-07
618.0 1.0782770702486118e-07
619.0 1.0767761011210851e-07
620.0 1.0752751319935582e-07
621.0 1.0737741628660315e-07
622.0 1.0722731937385046e-07
623.0 1.0707722246109776e-07
624.0 1.069271255483451e-07
625.0 1.0677702863559243e-07
626.0 1.0662693172283977e-07
627.0 1.0647683481008708e-07
628.0 1.063267378973344e-07
629.0 1.0617664098458172e-07
630.0 1.0602654407182902e-07
631.0 1.0587644715907636e-07
632.0 1.0572635024632368e-07
633.0 1.0557625333357101e-07
634.0 1.0542615642081835e-07
635.0 1.0527605950806566e-07
636.0 1.0512596259531296e-07
637.0 1.049758656825603e-07
638.0 1.048257687698076e-07
639.0 1.0467567185705494e-07
640.0 1.0452557494430226e-07
641.0 1.0437547803154958e-07
642.0 1.0422538111879691e-07
643.0 1.0407528420604424e-07
644.0 1.0392518729329155e-07
645.0 1.0377509038053888e-07
646.0 1.0362499346778618e-07
647.0 1.0347489655503352e-07
648.0 1.0332479964228083e-07
649.0 1.0317470272952816e-07
650.0 1.030246058167755e-07
651.0 1.0287450890402281e-07
652.0 1.0272441199127013e-07
653.0 1.0258375348392667e-07
654.0 1.0245542096747141e-07
655.0 1.0232708845101614e-07
656.0 1.0219875593456088e-07
657.0 1.0207042341810561e-07
658.0 1.0194209090165032e-07
659.0 1.0181375838519507e-07
660.0 1.0168542586873981e-07
661.0 1.0155709335228454e-07
662.0 1.0142876083582929e-07
663.0 1.0130042831937402e-07
664.0 1.0117209580291876e-07
665.0 1.0104376328646347e-07
666.0 1.0091543077000822e-07
667.0 1.0078709825355296e-07
668.0 1.0065876573709769e-07
669.0 1.0053043322064242e-07
670.0 1.0040210070418716e-07
671.0 1.0027376818773188e-07
672.0 1.0014543567127662e-07
673.0 1.0001710315482136e-07
674.0 9.988877063836609e-08
675.0 9.976043812191082e-08
676.0 9.963210560545556e-08
677.0 9.950377308900028e-08
678.0 9.937544057254502e-08
679.0 9.924710805608976e-08
680.0 9.911877553963449e-08
681.0 9.899044302317922e-08
682.0 9.886211050672397e-08
683.0 9.873377799026868e-08
684.0 9.860544547381342e-08
685.0 9.847711295735817e-08
686.0 9.83487804409029e-08
687.0 9.822044792444762e-08
688.0 9.809211540799237e-08
689.0 9.796378289153707e-08
690.0 9.783545037508183e-08
691.0 9.770711785862657e-08
692.0 9.75787853421713e-08
693.0 9.745045282571603e-08
694.0 9.732212030926077e-08
695.0 9.719378779280547e-08
696.0 9.706545527635023e-08
697.0 9.693712275989497e-08
698.0 9.68087902434397e-08
699.0 9.668045772698443e-08
700.0 9.655212521052917e-08
701.0 9.642379269407388e-08
702.0 9.629546017761863e-08
703.0 9.617003684645964e-08
704.0 9.605880884207086e-08
705.0 9.594758083768209e-08
706.0 9.58363528332933e-08
707.0 9.57251248289045e-08
708.0 9.561389682451572e-08
709.0 9.550266882012695e-08
710.0 9.539144081573818e-08
711.0 9.528021281134939e-08
712.0 9.516898480696062e-08
713.0 9.505775680257182e-08
714.0 9.494652879818305e-08
715.0 9.483530079379424e-08
716.0 9.472407278940549e-08
717.0 9.461284478501671e-08
718.0 9.450161678062791e-08
719.0 9.439038877623914e-08
720.0 9.427916077185035e-08
721.0 9.416793276746158e-08
722.0 9.40567047630728e-08
723.0 9.394547675868403e-08
724.0 9.383424875429523e-08
725.0 9.372302074990644e-08
726.0 9.361179274551767e-08
727.0 9.350056474112889e-08
728.0 9.33893367367401e-08
729.0 9.32781087323513e-08
730.0 9.316688072796255e-08
731.0 9.305565272357374e-08
732.0 9.294442471918499e-08
733.0 9.283319671479622e-08
734.0 9.272196871040741e-08
735.0 9.261074070601864e-08
736.0 9.249951270162985e-08
737.0 9.238828469724108e-08
738.0 9.227705669285227e-08
739.0 9.216582868846351e-08
740.0 9.205460068407473e-08
741.0 9.194337267968594e-08
742.0 9.183214467529717e-08
743.0 9.172091667090837e-08
744.0 9.16096886665196e-08
745.0 9.14984606621308e-08
746.0 9.138723265774204e-08
747.0 9.127600465335326e-08
748.0 9.116477664896449e-08
749.0 9.105354864457569e-08
750.0 9.094232064018691e-08
751.0 9.083109263579813e-08
752.0 9.071986463140936e-08
753.0 9.060863662702058e-08
754.0 9.049740862263178e-08
755.0 9.038618061824301e-08
756.0 9.027495261385422e-08
757.0 9.01642302141418e-08
758.0 9.00674574136549e-08
759.0 8.997068461316806e-08
760.0 8.987391181268119e-08
761.0 8.977713901219428e-08
762.0 8.968036621170741e-08
763.0 8.958359341122054e-08
764.0 8.948682061073363e-08
765.0 8.939004781024678e-08
766.0 8.929327500975989e-08
767.0 8.919650220927301e-08
768.0 8.909972940878613e-08
769.0 8.900295660829926e-08
770.0 8.890618380781239e-08
771.0 8.880941100732549e-08
772.0 8.871263820683862e-08
773.0 8.861586540635175e-08
774.0 8.851909260586487e-08
775.0 8.8422319805378e-08
776.0 8.832554700489113e-08
777.0 8.822877420440426e-08
778.0 8.813200140391736e-08
779.0 8.80352286034305e-08
780.0 8.793845580294362e-08
781.0 8.784168300245671e-08
782.0 8.774491020196986e-08
783.0 8.764813740148299e-08
784.0 8.75513646009961e-08
785.0 8.745459180050924e-08
786.0 8.735781900002235e-08
787.0 8.726104619953547e-08
788.0 8.716427339904859e-08
789.0 8.706750059856172e-08
790.0 8.697072779807485e-08
791.0 8.687395499758795e-08
792.0 8.677718219710107e-08
793.0 8.668040939661421e-08
794.0 8.658363659612732e-08
795.0 8.648686379564045e-08
796.0 8.639009099515358e-08
797.0 8.629331819466669e-08
798.0 8.619654539417982e-08
799.0 8.609977259369294e-08
800.0 8.600299979320607e-08
801.0 8.590622699271919e-08
802.0 8.58094541922323e-08
803.0 8.571268139174543e-08
804.0 8.561590859125855e-08
805.0 8.551913579077167e-08
806.0 8.542236299028479e-08
807.0 8.532559018979793e-08
808.0 8.522881738931103e-08
809.0 8.513204458882415e-08
810.0 8.50352717883373e-08
811.0 8.493849898785041e-08
812.0 8.484172618736353e-08
813.0 8.474495338687666e-08
814.0 8.464818058638977e-08
815.0 8.45514077859029e-08
816.0 8.446264910622042e-08
817.0 8.437685239313209e-08
818.0 8.429105568004375e-08
819.0 8.420525896695541e-08
820.0 8.411946225386707e-08
821.0 8.403366554077873e-08
822.0 8.394786882769041e-08
823.0 8.386207211460206e-08
824.0 8.377627540151373e-08
825.0 8.36904786884254e-08
826.0 8.360468197533706e-08
827.0 8.351888526224872e-08
828.0 8.34330885491604e-08
829.0 8.334729183607205e-08
830.0 8.326149512298372e-08
831.0 8.317569840989537e-08
832.0 8.308990169680704e-08
833.0 8.30041049837187e-08
834.0 8.291830827063037e-08
835.0 8.283251155754202e-08
836.0 8.27467148444537e-08
837.0 8.266091813136536e-08
838.0 8.257512141827703e-08
839.0 8.248932470518868e-08
840.0 8.240352799210036e-08
841.0 8.2317731279012e-08
842.0 8.223193456592368e-08
843.0 8.214613785283534e-08
844.0 8.2060341139747e-08
845.0 8.197454442665867e-08
846.0 8.188874771357034e-08
847.0 8.180295100048199e-08
848.0 8.171715428739367e-08
849.0 8.163135757430533e-08
850.0 8.154556086121699e-08
851.0 8.145976414812865e-08
852.0 8.137396743504033e-08
853.0 8.128817072195198e-08
854.0 8.120237400886365e-08
855.0 8.111657729577531e-08
856.0 8.103078058268698e-08
857.0 8.094498386959864e-08
858.0 8.08591871565103e-08
859.0 8.077339044342196e-08
860.0 8.068759373033364e-08
861.0 8.06017970172453e-08
862.0 8.051600030415696e-08
863.0 8.043020359106862e-08
864.0 8.034440687798029e-08
865.0 8.025861016489194e-08
866.0 8.017281345180361e-08
867.0 8.008701673871529e-08
868.0 8.000122002562694e-08
869.0 7.99154233125386e-08
870.0 7.982962659945026e-08
871.0 7.974382988636192e-08
872.0 7.96580331732736e-08
873.0 7.957223646018527e-08
874.0 7.948643974709692e-08
875.0 7.94006430340086e-08
876.0 7.931484632092026e-08
877.0 7.922904960783191e-08
878.0 7.914325289474357e-08
879.0 7.906622060032405e-08
880.0 7.89898035078415e-08
881.0 7.891338641535895e-08
882.0 7.88369693228764e-08
883.0 7.876055223039384e-08
884.0 7.868413513791129e-08
885.0 7.860771804542874e-08
886.0 7.853130095294619e-08
887.0 7.845488386046364e-08
888.0 7.83784667679811e-08
889.0 7.830204967549853e-08
890.0 7.822563258301598e-08
891.0 7.814921549053344e-08
892.0 7.807279839805089e-08
893.0 7.799638130556832e-08
894.0 7.791996421308578e-08
895.0 7.784354712060324e-08
896.0 7.776713002812068e-08
897.0 7.769071293563813e-08
898.0 7.761429584315557e-08
899.0 7.753787875067302e-08
900.0 7.746146165819047e-08
901.0 7.738504456570792e-08
902.0 7.730862747322536e-08
903.0 7.723221038074281e-08
904.0 7.715579328826026e-08
905.0 7.707937619577772e-08
906.0 7.700295910329517e-08
907.0 7.69265420108126e-08
908.0 7.685012491833006e-08
909.0 7.677370782584751e-08
910.0 7.669729073336496e-08
911.0 7.662087364088241e-08
912.0 7.654445654839985e-08
913.0 7.64680394559173e-08
914.0 7.639162236343475e-08
915.0 7.631520527095222e-08
916.0 7.623878817846965e-08
917.0 7.61623710859871e-08
918.0 7.608595399350454e-08
919.0 7.600953690102201e-08
920.0 7.593311980853945e-08
921.0 7.58567027160569e-08
922.0 7.578028562357435e-08
923.0 7.57038685310918e-08
924.0 7.562745143860924e-08
925.0 7.555103434612669e-08
926.0 7.547461725364414e-08
927.0 7.539820016116158e-08
928.0 7.532178306867903e-08
929.0 7.524536597619648e-08
930.0 7.516894888371393e-08
931.0 7.509253179123139e-08
932.0 7.501611469874882e-08
933.0 7.493969760626627e-08
934.0 7.486328051378373e-08
935.0 7.478686342130119e-08
936.0 7.471044632881862e-08
937.0 7.463402923633607e-08
938.0 7.455761214385352e-08
939.0 7.448119505137098e-08
940.0 7.440477795888843e-08
941.0 7.432836086640586e-08
942.0 7.425194377392331e-08
943.0 7.417552668144078e-08
944.0 7.409910958895823e-08
945.0 7.402269249647566e-08
946.0 7.394890347215079e-08
947.0 7.388119235350111e-08
948.0 7.381348123485142e-08
949.0 7.374577011620175e-08
950.0 7.367805899755207e-08
951.0 7.361034787890239e-08
952.0 7.35426367602527e-08
953.0 7.347492564160302e-08
954.0 7.340721452295335e-08
955.0 7.333950340430367e-08
956.0 7.3271792285654e-08
957.0 7.32040811670043e-08
958.0 7.313637004835463e-08
959.0 7.306865892970496e-08
960.0 7.300094781105526e-08
961.0 7.293323669240559e-08
962.0 7.286552557375592e-08
963.0 7.279781445510624e-08
964.0 7.273010333645654e-08
965.0 7.266239221780687e-08
966.0 7.259468109915717e-08
967.0 7.25269699805075e-08
968.0 7.245925886185783e-08
969.0 7.239154774320814e-08
970.0 7.232383662455848e-08
971.0 7.22561255059088e-08
972.0 7.218841438725911e-08
973.0 7.212070326860943e-08
974.0 7.205299214995975e-08
975.0 7.198528103131006e-08
976.0 7.191756991266039e-08
977.0 7.184985879401071e-08
978.0 7.178214767536103e-08
979.0 7.171443655671134e-08
980.0 7.164672543806167e-08
981.0 7.157901431941199e-08
982.0 7.15113032007623e-08
983.0 7.144359208211263e-08
984.0 7.137588096346295e-08
985.0 7.130816984481328e-08
986.0 7.124045872616358e-08
987.0 7.117274760751391e-08
988.0 7.110503648886422e-08
989.0 7.103732537021455e-08
990.0 7.096961425156488e-08
991.0 7.090190313291519e-08
992.0 7.083419201426552e-08
993.0 7.076648089561584e-08
994.0 7.069876977696616e-08
995.0 7.063105865831647e-08
996.0 7.05633475396668e-08
997.0 7.04956364210171e-08
998.0 7.042792530236744e-08
999.0 7.036021418371775e-08
1000.0 7.029250306506807e-08
1001.0 7.022479194641837e-08
1002.0 7.015708082776871e-08
1003.0 7.008936970911903e-08
1004.0 7.002165859046935e-08
1005.0 6.995394747181968e-08
1006.0 6.988623635317e-08
1007.0 6.981852523452032e-08
1008.0 6.975081411587063e-08
1009.0 6.968310299722094e-08
1010.0 6.961539187857126e-08
1011.0 6.954768075992159e-08
1012.0 6.94799696412719e-08
1013.0 6.941225852262222e-08
1014.0 6.934454740397255e-08
1015.0 6.927683628532287e-08
1016.0 6.92091251666732e-08
1017.0 6.91414140480235e-08
1018.0 6.907370292937383e-08
1019.0 6.900892619679857e-08
1020.0 6.894759463244358e-08
1021.0 6.888626306808856e-08
1022.0 6.882493150373356e-08
1023.0 6.876359993937856e-08
1024.0 6.870226837502355e-08
1025.0 6.864093681066856e-08
1026.0 6.857960524631355e-08
1027.0 6.851827368195854e-08
1028.0 6.845694211760354e-08
1029.0 6.839561055324852e-08
1030.0 6.833427898889352e-08
1031.0 6.827294742453851e-08
1032.0 6.821161586018351e-08
1033.0 6.815028429582849e-08
1034.0 6.808895273147349e-08
1035.0 6.80276211671185e-08
1036.0 6.796628960276347e-08
1037.0 6.790495803840848e-08
1038.0 6.784362647405348e-08
1039.0 6.778229490969848e-08
1040.0 6.772096334534347e-08
1041.0 6.765963178098846e-08
1042.0 6.759830021663344e-08
1043.0 6.753696865227844e-08
1044.0 6.747563708792344e-08
1045.0 6.741430552356845e-08
1046.0 6.735297395921342e-08
1047.0 6.729164239485843e-08
1048.0 6.723031083050343e-08
1049.0 6.716897926614841e-08
1050.0 6.71076477017934e-08
1051.0 6.70463161374384e-08
1052.0 6.69849845730834e-08
1053.0 6.692365300872838e-08
1054.0 6.686232144437338e-08
1055.0 6.680098988001839e-08
1056.0 6.673965831566336e-08
1057.0 6.667832675130838e-08
1058.0 6.661699518695337e-08
1059.0 6.655566362259836e-08
1060.0 6.649433205824335e-08
1061.0 6.643300049388835e-08
1062.0 6.637166892953334e-08
1063.0 6.631033736517833e-08
1064.0 6.624900580082333e-08
1065.0 6.618767423646834e-08
1066.0 6.612634267211331e-08
1067.0 6.606501110775832e-08
1068.0 6.600367954340331e-08
1069.0 6.59423479790483e-08
1070.0 6.588101641469331e-08
1071.0 6.58196848503383e-08
1072.0 6.575835328598329e-08
1073.0 6.569702172162827e-08
1074.0 6.563569015727327e-08
1075.0 6.557435859291828e-08
1076.0 6.551302702856328e-08
1077.0 6.545169546420826e-08
1078.0 6.539036389985326e-08
1079.0 6.532903233549825e-08
1080.0 6.526770077114324e-08
1081.0 6.520636920678824e-08
1082.0 6.514503764243324e-08
1083.0 6.508370607807822e-08
1084.0 6.502237451372322e-08
1085.0 6.496104294936823e-08
1086.0 6.48997113850132e-08
1087.0 6.483837982065821e-08
1088.0 6.47770482563032e-08
1089.0 6.47157166919482e-08
1090.0 6.46543851275932e-08
1091.0 6.459305356323819e-08
1092.0 6.453172199888318e-08
1093.0 6.447039043452817e-08
1094.0 6.440905887017316e-08
1095.0 6.434772730581817e-08
1096.0 6.428639574146316e-08
1097.0 6.422510992380806e-08
1098.0 6.416991417200387e-08
1099.0 6.411471842019966e-08
1100.0 6.405952266839546e-08
1101.0 6.400432691659128e-08
1102.0 6.39491311647871e-08
1103.0 6.38939354129829e-08
1104.0 6.38387396611787e-08
1105.0 6.378354390937451e-08
1106.0 6.37283481575703e-08
1107.0 6.367315240576612e-08
1108.0 6.36179566539619e-08
1109.0 6.356276090215772e-08
1110.0 6.350756515035352e-08
1111.0 6.345236939854934e-08
1112.0 6.339717364674514e-08
1113.0 6.334197789494094e-08
1114.0 6.328678214313673e-08
1115.0 6.323158639133254e-08
1116.0 6.317639063952837e-08
1117.0 6.312119488772416e-08
1118.0 6.306599913591996e-08
1119.0 6.301080338411578e-08
1120.0 6.295560763231158e-08
1121.0 6.290041188050735e-08
1122.0 6.28452161287032e-08
1123.0 6.279002037689898e-08
1124.0 6.273482462509479e-08
1125.0 6.26796288732906e-08
1126.0 6.26244331214864e-08
1127.0 6.256923736968222e-08
1128.0 6.251404161787802e-08
1129.0 6.245884586607382e-08
1130.0 6.240365011426961e-08
1131.0 6.234845436246544e-08
1132.0 6.229325861066123e-08
1133.0 6.223806285885703e-08
1134.0 6.218286710705284e-08
1135.0 6.212767135524866e-08
1136.0 6.207247560344445e-08
1137.0 6.201727985164026e-08
1138.0 6.196208409983606e-08
1139.0 6.190688834803187e-08
1140.0 6.185169259622767e-08
1141.0 6.179649684442348e-08
1142.0 6.174130109261928e-08
1143.0 6.168610534081509e-08
1144.0 6.16309095890109e-08
1145.0 6.157571383720669e-08
1146.0 6.15205180854025e-08
1147.0 6.14653223335983e-08
1148.0 6.141012658179412e-08
1149.0 6.135493082998991e-08
1150.0 6.129973507818572e-08
1151.0 6.124453932638154e-08
1152.0 6.118934357457734e-08
1153.0 6.113414782277314e-08
1154.0 6.107895207096893e-08
1155.0 6.102375631916475e-08
1156.0 6.096856056736055e-08
1157.0 6.091336481555636e-08
1158.0 6.085816906375217e-08
1159.0 6.080297331194797e-08
1160.0 6.074777756014376e-08
1161.0 6.069258180833957e-08
1162.0 6.063738605653537e-08
1163.0 6.058219030473119e-08
1164.0 6.052699455292699e-08
1165.0 6.047179880112279e-08
1166.0 6.04166030493186e-08
1167.0 6.036140729751441e-08
1168.0 6.030621154571021e-08
1169.0 6.025101579390601e-08
1170.0 6.019582004210181e-08
1171.0 6.014062429029763e-08
1172.0 6.008542853849343e-08
1173.0 6.003023278668924e-08
1174.0 5.997503703488505e-08
1175.0 5.991984128308086e-08
1176.0 5.986464553127664e-08
1177.0 5.980944977947247e-08
1178.0 5.975425402766827e-08
1179.0 5.969905827586406e-08
1180.0 5.964386252405987e-08
1181.0 5.958866677225568e-08
1182.0 5.953642421053264e-08
1183.0 5.948699437446367e-08
1184.0 5.9437564538394694e-08
1185.0 5.938813470232571e-08
1186.0 5.9338704866256735e-08
1187.0 5.928927503018774e-08
1188.0 5.9239845194118756e-08
1189.0 5.91904153580498e-08
1190.0 5.91409855219808e-08
1191.0 5.9091555685911833e-08
1192.0 5.904212584984286e-08
1193.0 5.8992696013773874e-08
1194.0 5.89432661777049e-08
1195.0 5.8893836341635915e-08
1196.0 5.884440650556694e-08
1197.0 5.879497666949796e-08
1198.0 5.874554683342897e-08
1199.0 5.8696116997359996e-08
1200.0 5.864668716129102e-08
1201.0 5.859725732522204e-08
1202.0 5.854782748915306e-08
1203.0 5.849839765308408e-08
1204.0 5.844896781701509e-08
1205.0 5.8399537980946125e-08
1206.0 5.8350108144877135e-08
1207.0 5.830067830880816e-08
1208.0 5.8251248472739196e-08
1209.0 5.82018186366702e-08
1210.0 5.8152388800601216e-08
1211.0 5.810295896453225e-08
1212.0 5.8053529128463264e-08
1213.0 5.800409929239429e-08
1214.0 5.79546694563253e-08
1215.0 5.790523962025632e-08
1216.0 5.785580978418734e-08
1217.0 5.7806379948118355e-08
1218.0 5.775695011204938e-08
1219.0 5.770752027598041e-08
1220.0 5.7658090439911426e-08
1221.0 5.760866060384245e-08
1222.0 5.755923076777346e-08
1223.0 5.7509800931704484e-08
1224.0 5.74603710956355e-08
1225.0 5.741094125956652e-08
1226.0 5.736151142349755e-08
1227.0 5.731208158742857e-08
1228.0 5.726265175135959e-08
1229.0 5.721322191529061e-08
1230.0 5.716379207922162e-08
1231.0 5.711436224315266e-08
1232.0 5.7064932407083664e-08
1233.0 5.701550257101468e-08
1234.0 5.696607273494571e-08
1235.0 5.691664289887673e-08
1236.0 5.686721306280776e-08
1237.0 5.6817783226738775e-08
1238.0 5.6768353390669786e-08
1239.0 5.6718923554600816e-08
1240.0 5.666949371853184e-08
1241.0 5.6620063882462844e-08
1242.0 5.6570634046393874e-08
1243.0 5.65212042103249e-08
1244.0 5.64717743742559e-08
1245.0 5.642234453818694e-08
1246.0 5.6372914702117955e-08
1247.0 5.6323484866048966e-08
1248.0 5.627405502998e-08
1249.0 5.622462519391101e-08
1250.0 5.6175195357842036e-08
1251.0 5.6125765521773054e-08
1252.0 5.607633568570408e-08
1253.0 5.6026905849635094e-08
1254.0 5.597747601356612e-08
1255.0 5.592804617749713e-08
1256.0 5.5878616341428165e-08
1257.0 5.5829186505359176e-08
1258.0 5.57797566692902e-08
1259.0 5.5730326833221216e-08
1260.0 5.568089699715223e-08
1261.0 5.563146716108326e-08
1262.0 5.558203732501427e-08
1263.0 5.5532607488945304e-08
1264.0 5.548317765287633e-08
1265.0 5.543374781680734e-08
1266.0 5.538431798073836e-08
1267.0 5.533488814466938e-08
1268.0 5.5285458308600396e-08
1269.0 5.5236028472531426e-08
1270.0 5.518659863646243e-08
1271.0 5.513716880039347e-08
1272.0 5.508773896432449e-08
1273.0 5.50407402265795e-08
1274.0 5.499608942009533e-08
1275.0 5.4951438613611195e-08
1276.0 5.490678780712704e-08
1277.0 5.486213700064289e-08
1278.0 5.4817486194158735e-08
1279.0 5.4772835387674566e-08
1280.0 5.4728184581190424e-08
1281.0 5.4683533774706275e-08
1282.0 5.4638882968222126e-08
1283.0 5.4594232161737964e-08
1284.0 5.454958135525382e-08
1285.0 5.4504930548769666e-08
1286.0 5.4460279742285523e-08
1287.0 5.441562893580136e-08
1288.0 5.437097812931722e-08
1289.0 5.432632732283305e-08
1290.0 5.42816765163489e-08
1291.0 5.423702570986475e-08
1292.0 5.4192374903380596e-08
1293.0 5.4147724096896454e-08
1294.0 5.410307329041229e-08
1295.0 5.405842248392815e-08
1296.0 5.4013771677444e-08
1297.0 5.3969120870959845e-08
1298.0 5.392447006447569e-08
1299.0 5.387981925799153e-08
1300.0 5.3835168451507385e-08
1301.0 5.379051764502322e-08
1302.0 5.374586683853909e-08
1303.0 5.3701216032054925e-08
1304.0 5.3656565225570776e-08
1305.0 5.361191441908661e-08
1306.0 5.356726361260247e-08
1307.0 5.35226128061183e-08
1308.0 5.347796199963416e-08
1309.0 5.343331119315001e-08
1310.0 5.338866038666586e-08
1311.0 5.3344009580181706e-08
1312.0 5.329935877369755e-08
1313.0 5.32547079672134e-08
1314.0 5.321005716072923e-08
1315.0 5.316540635424509e-08
1316.0 5.312075554776094e-08
1317.0 5.3076104741276786e-08
1318.0 5.303145393479264e-08
1319.0 5.298680312830849e-08
1320.0 5.294215232182433e-08
1321.0 5.2897501515340183e-08
1322.0 5.285285070885603e-08
1323.0 5.280819990237188e-08
1324.0 5.2763549095887717e-08
1325.0 5.271889828940358e-08
1326.0 5.267424748291942e-08
1327.0 5.262959667643526e-08
1328.0 5.2584945869951114e-08
1329.0 5.254029506346696e-08
1330.0 5.2495644256982816e-08
1331.0 5.2450993450498654e-08
1332.0 5.240634264401451e-08
1333.0 5.236169183753034e-08
1334.0 5.2317041031046194e-08
1335.0 5.227239022456204e-08
1336.0 5.222773941807789e-08
1337.0 5.218308861159375e-08
1338.0 5.2138437805109585e-08
1339.0 5.209378699862544e-08
1340.0 5.204913619214129e-08
1341.0 5.200448538565714e-08
1342.0 5.195983457917297e-08
1343.0 5.191518377268882e-08
1344.0 5.187053296620468e-08
1345.0 5.182588215972052e-08
1346.0 5.178123135323637e-08
1347.0 5.1736580546752224e-08
1348.0 5.169192974026807e-08
1349.0 5.164727893378392e-08
1350.0 5.1602628127299764e-08
1351.0 5.1557977320815595e-08
1352.0 5.151332651433145e-08
1353.0 5.146867570784729e-08
1354.0 5.1424024901363155e-08
1355.0 5.1379374094879e-08
1356.0 5.133472328839485e-08
1357.0 5.1290072481910695e-08
1358.0 5.1245421675426546e-08
1359.0 5.120077086894239e-08
1360.0 5.115612006245824e-08
1361.0 5.111146925597408e-08
1362.0 5.106681844948993e-08
1363.0 5.1022167643005774e-08
1364.0 5.0977516836521625e-08
1365.0 5.0932866030037476e-08
1366.0 5.088821522355332e-08
1367.0 5.084356441706918e-08
1368.0 5.0798913610585016e-08
1369.0 5.0754262804100874e-08
1370.0 5.0709611997616705e-08
1371.0 5.0667260419867194e-08
1372.0 5.062724771106102e-08
1373.0 5.0587235002254855e-08
1374.0 5.05472222934487e-08
1375.0 5.050720958464253e-08
1376.0 5.046719687583637e-08
1377.0 5.04271841670302e-08
1378.0 5.038717145822403e-08
1379.0 5.034715874941786e-08
1380.0 5.030714604061172e-08
1381.0 5.026713333180554e-08
1382.0 5.022712062299938e-08
1383.0 5.0187107914193206e-08
1384.0 5.014709520538704e-08
1385.0 5.010708249658089e-08
1386.0 5.0067069787774714e-08
1387.0 5.0027057078968554e-08
1388.0 4.998704437016239e-08
1389.0 4.9947031661356215e-08
1390.0 4.9907018952550056e-08
1391.0 4.9867006243743896e-08
1392.0 4.982699353493772e-08
1393.0 4.9786980826131564e-08
1394.0 4.974696811732539e-08
1395.0 4.970695540851923e-08
1396.0 4.966694269971305e-08
1397.0 4.96269299909069e-08
1398.0 4.958691728210072e-08
1399.0 4.954690457329457e-08
1400.0 4.950689186448841e-08
1401.0 4.946687915568223e-08
1402.0 4.942686644687607e-08
1403.0 4.93868537380699e-08
1404.0 4.934684102926375e-08
1405.0 4.9306828320457575e-08
1406.0 4.926681561165141e-08
1407.0 4.922680290284525e-08
1408.0 4.918679019403908e-08
1409.0 4.9146777485232904e-08
1410.0 4.910676477642676e-08
1411.0 4.9066752067620585e-08
1412.0 4.9026739358814425e-08
1413.0 4.8986726650008246e-08
1414.0 4.8946713941202086e-08
1415.0 4.8906701232395926e-08
1416.0 4.886668852358976e-08
1417.0 4.88266758147836e-08
1418.0 4.878666310597742e-08
1419.0 4.8746650397171275e-08
1420.0 4.87066376883651e-08
1421.0 4.866662497955894e-08
1422.0 4.862661227075277e-08
1423.0 4.858659956194661e-08
1424.0 4.854658685314044e-08
1425.0 4.850657414433428e-08
1426.0 4.846656143552811e-08
1427.0 4.842654872672195e-08
1428.0 4.838653601791578e-08
1429.0 4.834652330910962e-08
1430.0 4.8306510600303446e-08
1431.0 4.8266497891497287e-08
1432.0 4.8226485182691114e-08
1433.0 4.818647247388495e-08
1434.0 4.814645976507881e-08
1435.0 4.810644705627263e-08
1436.0 4.806643434746646e-08
1437.0 4.8026421638660296e-08
1438.0 4.798640892985412e-08
1439.0 4.7946396221047957e-08
1440.0 4.7906383512241804e-08
1441.0 4.786637080343563e-08
1442.0 4.782635809462947e-08
1443.0 4.7786345385823305e-08
1444.0 4.774633267701713e-08
1445.0 4.770631996821096e-08
1446.0 4.766630725940481e-08
1447.0 4.762629455059864e-08
1448.0 4.758628184179248e-08
1449.0 4.754626913298632e-08
1450.0 4.750625642418014e-08
1451.0 4.746624371537399e-08
1452.0 4.7426231006567816e-08
1453.0 4.7386218297761656e-08
1454.0 4.734620558895549e-08
1455.0 4.730619288014932e-08
1456.0 4.726618017134316e-08
1457.0 4.7226167462537e-08
1458.0 4.7186154753730825e-08
1459.0 4.7146142044924665e-08
1460.0 4.710612933611849e-08
1461.0 4.706611662731233e-08
1462.0 4.702610391850615e-08
1463.0 4.6986091209699994e-08
1464.0 4.694607850089384e-08
1465.0 4.6906065792087674e-08
1466.0 4.6866053083281515e-08
1467.0 4.6826040374475335e-08
1468.0 4.678602766566917e-08
1469.0 4.6746014956863e-08
1470.0 4.670600224805685e-08
1471.0 4.666598953925068e-08
1472.0 4.662597683044452e-08
1473.0 4.658596412163835e-08
1474.0 4.654595141283218e-08
1475.0 4.650593870402602e-08
1476.0 4.646592599521986e-08
1477.0 4.64299188680186e-08
1478.0 4.6394197758021655e-08
1479.0 4.635847664802472e-08
1480.0 4.632275553802777e-08
1481.0 4.6287034428030816e-08
1482.0 4.625131331803387e-08
1483.0 4.6215592208036934e-08
1484.0 4.6179871098039977e-08
1485.0 4.6144149988043046e-08
1486.0 4.610842887804609e-08
1487.0 4.607270776804915e-08
1488.0 4.6036986658052193e-08
1489.0 4.600126554805525e-08
1490.0 4.5965544438058305e-08
1491.0 4.592982332806135e-08
1492.0 4.589410221806441e-08
1493.0 4.5858381108067466e-08
1494.0 4.5822659998070515e-08
1495.0 4.578693888807357e-08
1496.0 4.575121777807663e-08
1497.0 4.5715496668079676e-08
1498.0 4.567977555808273e-08
1499.0 4.564405444808579e-08
1500.0 4.5608333338088824e-08
1501.0 4.5572612228091893e-08
1502.0 4.553689111809495e-08
1503.0 4.5501170008097985e-08
1504.0 4.546544889810105e-08
1505.0 4.542972778810411e-08
1506.0 4.539400667810715e-08
1507.0 4.53582855681102e-08
1508.0 4.5322564458113265e-08
1509.0 4.5286843348116314e-08
1510.0 4.525112223811936e-08
1511.0 4.521540112812242e-08
1512.0 4.5179680018125475e-08
1513.0 4.514395890812853e-08
1514.0 4.510823779813158e-08
1515.0 4.5072516688134636e-08
1516.0 4.503679557813769e-08
1517.0 4.500107446814074e-08
1518.0 4.49653533581438e-08
1519.0 4.492963224814685e-08
1520.0 4.489391113814991e-08
1521.0 4.485819002815295e-08
1522.0 4.482246891815602e-08
1523.0 4.478674780815907e-08
1524.0 4.475102669816211e-08
1525.0 4.471530558816517e-08
1526.0 4.467958447816823e-08
1527.0 4.464386336817127e-08
1528.0 4.460814225817432e-08
1529.0 4.457242114817738e-08
1530.0 4.4536700038180434e-08
1531.0 4.450097892818349e-08
1532.0 4.446525781818654e-08
1533.0 4.4429536708189595e-08
1534.0 4.439381559819265e-08
1535.0 4.43580944881957e-08
1536.0 4.432237337819874e-08
1537.0 4.428665226820181e-08
1538.0 4.4250931158204855e-08
1539.0 4.421521004820792e-08
1540.0 4.417948893821096e-08
1541.0 4.4143767828214016e-08
1542.0 4.410804671821707e-08
1543.0 4.407232560822012e-08
1544.0 4.403660449822318e-08
1545.0 4.400088338822623e-08
1546.0 4.396516227822929e-08
1547.0 4.392944116823234e-08
1548.0 4.3893720058235394e-08
1549.0 4.385799894823844e-08
1550.0 4.3822277838241505e-08
1551.0 4.3786556728244555e-08
1552.0 4.375083561824761e-08
1553.0 4.371511450825065e-08
1554.0 4.367939339825372e-08
1555.0 4.364367228825677e-08
1556.0 4.360795117825982e-08
1557.0 4.357223006826287e-08
1558.0 4.3536508958265926e-08
1559.0 4.3500787848268975e-08
1560.0 4.346506673827203e-08
1561.0 4.3429345628275074e-08
1562.0 4.3393624518278136e-08
1563.0 4.335790340828119e-08
1564.0 4.332218229828425e-08
1565.0 4.328646118828729e-08
1566.0 4.325074007829035e-08
1567.0 4.32150189682934e-08
1568.0 4.317929785829645e-08
1569.0 4.314357674829951e-08
1570.0 4.3107855638302563e-08
1571.0 4.307213452830562e-08
1572.0 4.303641341830867e-08
1573.0 4.300069230831172e-08
1574.0 4.296497119831478e-08
1575.0 4.292925008831783e-08
1576.0 4.2893528978320885e-08
1577.0 4.2857807868323935e-08
1578.0 4.2822086758327e-08
1579.0 4.2786365648330046e-08
1580.0 4.2750644538333096e-08
1581.0 4.271492342833615e-08
1582.0 4.26792023183392e-08
1583.0 4.264348120834225e-08
1584.0 4.260776009834531e-08
1585.0 4.257203898834837e-08
1586.0 4.253631787835141e-08
1587.0 4.250059676835447e-08
1588.0 4.246487565835753e-08
1589.0 4.242915454836058e-08
1590.0 4.2394397830015096e-08
1591.0 4.236269342366177e-08
1592.0 4.2330989017308434e-08
1593.0 4.22992846109551e-08
1594.0 4.226758020460177e-08
1595.0 4.223587579824844e-08
1596.0 4.2204171391895116e-08
1597.0 4.2172466985541785e-08
1598.0 4.2140762579188454e-08
1599.0 4.210905817283512e-08
1600.0 4.20773537664818e-08
1601.0 4.2045649360128474e-08
1602.0 4.2013944953775136e-08
1603.0 4.198224054742181e-08
1604.0 4.195053614106848e-08
1605.0 4.191883173471515e-08
1606.0 4.188712732836182e-08
1607.0 4.1855422922008494e-08
1608.0 4.182371851565516e-08
1609.0 4.179201410930183e-08
1610.0 4.1760309702948494e-08
1611.0 4.1728605296595177e-08
1612.0 4.169690089024184e-08
1613.0 4.166519648388852e-08
1614.0 4.163349207753519e-08
1615.0 4.1601787671181846e-08
1616.0 4.157008326482853e-08
1617.0 4.15383788584752e-08
1618.0 4.1506674452121866e-08
1619.0 4.1474970045768535e-08
1620.0 4.1443265639415204e-08
1621.0 4.141156123306188e-08
1622.0 4.137985682670855e-08
1623.0 4.1348152420355224e-08
1624.0 4.13164480140019e-08
1625.0 4.128474360764856e-08
1626.0 4.1253039201295224e-08
1627.0 4.12213347949419e-08
1628.0 4.118963038858857e-08
1629.0 4.1157925982235244e-08
1630.0 4.112622157588191e-08
1631.0 4.109451716952858e-08
1632.0 4.106281276317525e-08
1633.0 4.103110835682191e-08
1634.0 4.099940395046859e-08
1635.0 4.0967699544115264e-08
1636.0 4.093599513776194e-08
1637.0 4.090429073140861e-08
1638.0 4.087258632505527e-08
1639.0 4.084088191870195e-08
1640.0 4.0809177512348616e-08
1641.0 4.0777473105995285e-08
1642.0 4.074576869964196e-08
1643.0 4.071406429328862e-08
1644.0 4.06823598869353e-08
1645.0 4.0650655480581974e-08
1646.0 4.061895107422865e-08
1647.0 4.058724666787531e-08
1648.0 4.0555542261521974e-08
1649.0 4.052383785516865e-08
1650.0 4.0492133448815325e-08
1651.0 4.0460429042461994e-08
1652.0 4.042872463610867e-08
1653.0 4.039702022975533e-08
1654.0 4.036531582340201e-08
1655.0 4.033361141704867e-08
1656.0 4.030190701069534e-08
1657.0 4.0270202604342014e-08
1658.0 4.023849819798868e-08
1659.0 4.020679379163535e-08
1660.0 4.017508938528202e-08
1661.0 4.01433849789287e-08
1662.0 4.011168057257536e-08
1663.0 4.007997616622204e-08
1664.0 4.004827175986871e-08
1665.0 4.001656735351538e-08
1666.0 3.998486294716204e-08
1667.0 3.995315854080872e-08
1668.0 3.992145413445539e-08
1669.0 3.988974972810206e-08
1670.0 3.985804532174874e-08
1671.0 3.982634091539539e-08
1672.0 3.9794636509042075e-08
1673.0 3.9762932102688744e-08
1674.0 3.9731227696335406e-08
1675.0 3.969952328998209e-08
1676.0 3.9667818883628744e-08
1677.0 3.9636114477275426e-08
1678.0 3.9604410070922095e-08
1679.0 3.9572705664568764e-08
1680.0 3.954100125821543e-08
1681.0 3.95092968518621e-08
1682.0 3.947759244550878e-08
1683.0 3.9445888039155447e-08
1684.0 3.941418363280212e-08
1685.0 3.9382479226448785e-08
1686.0 3.935077482009546e-08
1687.0 3.931907041374213e-08
1688.0 3.92873660073888e-08
1689.0 3.925566160103547e-08
1690.0 3.922395719468214e-08
1691.0 3.919225278832881e-08
1692.0 3.916054838197548e-08
1693.0 3.9128843975622156e-08
1694.0 3.909713956926881e-08
1695.0 3.906543516291549e-08
1696.0 3.903373075656217e-08
1697.0 3.900202635020883e-08
1698.0 3.897032194385551e-08
1699.0 3.893861753750217e-08
1700.0 3.8906913131148845e-08
1701.0 3.8875208724795514e-08
1702.0 3.884350431844218e-08
1703.0 3.881179991208886e-08
1704.0 3.878009550573552e-08
1705.0 3.8748391099382197e-08
1706.0 3.8716686693028865e-08
1707.0 3.8684982286675534e-08
1708.0 3.865327788032221e-08
1709.0 3.862157347396887e-08
1710.0 3.8589869067615555e-08
1711.0 3.8558164661262223e-08
1712.0 3.852646025490889e-08
1713.0 3.849772137270636e-08
1714.0 3.8469772349664213e-08
1715.0 3.844182332662207e-08
1716.0 3.841387430357992e-08
1717.0 3.8385925280537785e-08
1718.0 3.835797625749563e-08
1719.0 3.8330027234453484e-08
1720.0 3.830207821141134e-08
1721.0 3.827412918836919e-08
1722.0 3.824618016532705e-08
1723.0 3.821823114228491e-08
1724.0 3.819028211924276e-08
1725.0 3.8162333096200614e-08
1726.0 3.813438407315847e-08
1727.0 3.8106435050116326e-08
1728.0 3.807848602707418e-08
1729.0 3.805053700403203e-08
1730.0 3.8022587980989884e-08
1731.0 3.799463895794774e-08
1732.0 3.79666899349056e-08
1733.0 3.793874091186345e-08
1734.0 3.791079188882131e-08
1735.0 3.788284286577916e-08
1736.0 3.785489384273703e-08
1737.0 3.7826944819694873e-08
1738.0 3.779899579665272e-08
1739.0 3.7771046773610586e-08
1740.0 3.774309775056843e-08
1741.0 3.771514872752628e-08
1742.0 3.768719970448414e-08
1743.0 3.7659250681442e-08
1744.0 3.763130165839985e-08
1745.0 3.76033526353577e-08
1746.0 3.757540361231556e-08
1747.0 3.754745458927342e-08
1748.0 3.7519505566231274e-08
1749.0 3.7491556543189126e-08
1750.0 3.746360752014698e-08
1751.0 3.7435658497104825e-08
1752.0 3.740770947406269e-08
1753.0 3.7379760451020544e-08
1754.0 3.7351811427978404e-08
1755.0 3.732386240493625e-08
1756.0 3.7295913381894116e-08
1757.0 3.726796435885196e-08
1758.0 3.724001533580982e-08
1759.0 3.7212066312767674e-08
1760.0 3.718411728972552e-08
1761.0 3.715616826668338e-08
1762.0 3.712821924364124e-08
1763.0 3.710027022059909e-08
1764.0 3.7072321197556944e-08
1765.0 3.7044372174514804e-08
1766.0 3.7016423151472657e-08
1767.0 3.69884741284305e-08
1768.0 3.696052510538836e-08
1769.0 3.6932576082346215e-08
1770.0 3.690462705930407e-08
1771.0 3.687667803626193e-08
1772.0 3.6848729013219786e-08
1773.0 3.682077999017764e-08
1774.0 3.679283096713549e-08
1775.0 3.676488194409335e-08
1776.0 3.6736932921051204e-08
1777.0 3.670898389800906e-08
1778.0 3.6681034874966916e-08
1779.0 3.665308585192476e-08
1780.0 3.662513682888261e-08
1781.0 3.659718780584047e-08
1782.0 3.656923878279833e-08
1783.0 3.6541289759756187e-08
1784.0 3.651334073671403e-08
1785.0 3.648539171367189e-08
1786.0 3.645744269062975e-08
1787.0 3.64294936675876e-08
1788.0 3.640154464454546e-08
1789.0 3.63735956215033e-08
1790.0 3.634564659846116e-08
1791.0 3.6317697575419015e-08
1792.0 3.6289748552376875e-08
1793.0 3.626179952933473e-08
1794.0 3.623385050629258e-08
1795.0 3.620590148325044e-08
1796.0 3.617795246020829e-08
1797.0 3.615000343716615e-08
1798.0 3.6122054414124e-08
1799.0 3.609410539108185e-08
1800.0 3.6066156368039704e-08
1801.0 3.603820734499757e-08
1802.0 3.601025832195542e-08
1803.0 3.5982309298913275e-08
1804.0 3.595436027587113e-08
1805.0 3.592641125282899e-08
1806.0 3.5898462229786833e-08
1807.0 3.587051320674469e-08
1808.0 3.5842564183702546e-08
1809.0 3.58146151606604e-08
1810.0 3.578666613761826e-08
1811.0 3.575871711457612e-08
1812.0 3.573076809153397e-08
1813.0 3.570281906849182e-08
1814.0 3.567487004544968e-08
1815.0 3.564692102240753e-08
1816.0 3.561897199936539e-08
1817.0 3.559102297632324e-08
1818.0 3.556307395328109e-08
1819.0 3.5535124930238946e-08
1820.0 3.55071759071968e-08
1821.0 3.547922688415466e-08
1822.0 3.545127786111251e-08
1823.0 3.542332883807037e-08
1824.0 3.539537981502822e-08
1825.0 3.5367430791986076e-08
1826.0 3.533948176894393e-08
1827.0 3.531153274590179e-08
1828.0 3.528358372285963e-08
1829.0 3.5255634699817493e-08
1830.0 3.5227685676775346e-08
1831.0 3.51997366537332e-08
1832.0 3.517178763069106e-08
1833.0 3.514383860764892e-08
1834.0 3.511588958460677e-08
1835.0 3.508794056156462e-08
1836.0 3.5059991538522476e-08
1837.0 3.503204251548033e-08
1838.0 3.500409349243818e-08
1839.0 3.4976144469396034e-08
1840.0 3.49481954463539e-08
1841.0 3.4920246423311746e-08
1842.0 3.48922974002696e-08
1843.0 3.486434837722746e-08
1844.0 3.483639935418532e-08
1845.0 3.481147007456196e-08
1846.0 3.4786848332831105e-08
1847.0 3.476222659110025e-08
1848.0 3.47376048493694e-08
1849.0 3.4712983107638544e-08
1850.0 3.468836136590769e-08
1851.0 3.466373962417684e-08
1852.0 3.463911788244599e-08
1853.0 3.461449614071513e-08
1854.0 3.458987439898428e-08
1855.0 3.456525265725343e-08
1856.0 3.4540630915522575e-08
1857.0 3.4516009173791714e-08
1858.0 3.449138743206087e-08
1859.0 3.446676569033001e-08
1860.0 3.444214394859916e-08
1861.0 3.4417522206868306e-08
1862.0 3.439290046513745e-08
1863.0 3.436827872340659e-08
1864.0 3.4343656981675745e-08
1865.0 3.4319035239944885e-08
1866.0 3.429441349821404e-08
1867.0 3.4269791756483184e-08
1868.0 3.424517001475234e-08
1869.0 3.422054827302148e-08
1870.0 3.419592653129062e-08
1871.0 3.417130478955977e-08
1872.0 3.414668304782892e-08
1873.0 3.412206130609807e-08
1874.0 3.409743956436721e-08
1875.0 3.407281782263636e-08
1876.0 3.40481960809055e-08
1877.0 3.402357433917466e-08
1878.0 3.39989525974438e-08
1879.0 3.3974330855712953e-08
1880.0 3.394970911398209e-08
1881.0 3.392508737225124e-08
1882.0 3.390046563052039e-08
1883.0 3.387584388878953e-08
1884.0 3.385122214705868e-08
1885.0 3.382660040532783e-08
1886.0 3.380197866359698e-08
1887.0 3.377735692186612e-08
1888.0 3.3752735180135264e-08
1889.0 3.3728113438404417e-08
1890.0 3.3703491696673556e-08
1891.0 3.36788699549427e-08
1892.0 3.365424821321185e-08
1893.0 3.3629626471481e-08
1894.0 3.360500472975014e-08
1895.0 3.3580382988019295e-08
1896.0 3.3555761246288434e-08
1897.0 3.353113950455759e-08
1898.0 3.3506517762826734e-08
1899.0 3.3481896021095887e-08
1900.0 3.345727427936502e-08
1901.0 3.343265253763417e-08
1902.0 3.340803079590332e-08
1903.0 3.338340905417247e-08
1904.0 3.335878731244162e-08
1905.0 3.3334165570710764e-08
1906.0 3.330954382897991e-08
1907.0 3.328492208724906e-08
1908.0 3.3260300345518203e-08
1909.0 3.323567860378735e-08
1910.0 3.3211056862056496e-08
1911.0 3.318643512032564e-08
1912.0 3.316181337859479e-08
1913.0 3.3137191636863935e-08
1914.0 3.311256989513308e-08
1915.0 3.308794815340223e-08
1916.0 3.306332641167138e-08
1917.0 3.303870466994052e-08
1918.0 3.3014082928209667e-08
1919.0 3.298946118647881e-08
1920.0 3.2964839444747966e-08
1921.0 3.29402177030171e-08
1922.0 3.291559596128625e-08
1923.0 3.28909742195554e-08
1924.0 3.286635247782456e-08
1925.0 3.284173073609369e-08
1926.0 3.281710899436284e-08
1927.0 3.2792487252631984e-08
1928.0 3.2767865510901136e-08
1929.0 3.274324376917028e-08
1930.0 3.271862202743943e-08
1931.0 3.2694000285708575e-08
1932.0 3.266937854397772e-08
1933.0 3.2644756802246875e-08
1934.0 3.262013506051601e-08
1935.0 3.259551331878517e-08
1936.0 3.257089157705431e-08
1937.0 3.254626983532346e-08
1938.0 3.25216480935926e-08
1939.0 3.2497026351861746e-08
1940.0 3.24724046101309e-08
1941.0 3.2447782868400045e-08
1942.0 3.242316112666919e-08
1943.0 3.239853938493834e-08
1944.0 3.2373917643207484e-08
1945.0 3.2349295901476624e-08
1946.0 3.232467415974577e-08
1947.0 3.230005241801492e-08
1948.0 3.227543067628406e-08
1949.0 3.2250808934553216e-08
1950.0 3.222618719282236e-08
1951.0 3.220156545109151e-08
1952.0 3.217694370936065e-08
1953.0 3.215232196762981e-08
1954.0 3.212770022589895e-08
1955.0 3.21030784841681e-08
1956.0 3.207845674243724e-08
1957.0 3.205383500070639e-08
1958.0 3.202921325897554e-08
1959.0 3.200459151724468e-08
1960.0 3.197996977551383e-08
1961.0 3.195534803378297e-08
1962.0 3.1930726292052125e-08
1963.0 3.190610455032127e-08
1964.0 3.188148280859042e-08
1965.0 3.1856861066859564e-08
1966.0 3.183223932512871e-08
1967.0 3.1807617583397856e-08
1968.0 3.1782995841667e-08
1969.0 3.175837409993615e-08
1970.0 3.1733752358205295e-08
1971.0 3.170913061647445e-08
1972.0 3.168450887474359e-08
1973.0 3.1659887133012734e-08
1974.0 3.163526539128188e-08
1975.0 3.161064364955102e-08
1976.0 3.158602190782018e-08
1977.0 3.156140016608931e-08
1978.0 3.153677842435847e-08
1979.0 3.151215668262761e-08
1980.0 3.148753494089677e-08
1981.0 3.1462913199165905e-08
1982.0 3.1438291457435064e-08
1983.0 3.14136697157042e-08
1984.0 3.138904797397335e-08
1985.0 3.136442623224249e-08
1986.0 3.133980449051164e-08
1987.0 3.13180039294081e-08
1988.0 3.129663494737734e-08
1989.0 3.127526596534659e-08
1990.0 3.125389698331584e-08
1991.0 3.123252800128508e-08
1992.0 3.121115901925434e-08
1993.0 3.118979003722358e-08
1994.0 3.116842105519282e-08
1995.0 3.114705207316208e-08
1996.0 3.1125683091131334e-08
1997.0 3.1104314109100576e-08
1998.0 3.1082945127069825e-08
1999.0 3.1061576145039074e-08
2000.0 3.1040207163008316e-08
2001.0 3.101883818097757e-08
2002.0 3.099746919894682e-08
2003.0 3.097610021691606e-08
2004.0 3.095473123488532e-08
2005.0 3.093336225285456e-08
2006.0 3.09119932708238e-08
2007.0 3.089062428879305e-08
2008.0 3.086925530676231e-08
2009.0 3.0847886324731557e-08
2010.0 3.0826517342700806e-08
2011.0 3.0805148360670055e-08
2012.0 3.0783779378639303e-08
2013.0 3.076241039660855e-08
2014.0 3.0741041414577795e-08
2015.0 3.071967243254704e-08
2016.0 3.0698303450516286e-08
2017.0 3.067693446848554e-08
2018.0 3.0655565486454784e-08
2019.0 3.063419650442403e-08
2020.0 3.061282752239329e-08
2021.0 3.059145854036253e-08
2022.0 3.0570089558331786e-08
2023.0 3.054872057630103e-08
2024.0 3.052735159427027e-08
2025.0 3.050598261223952e-08
2026.0 3.048461363020877e-08
2027.0 3.0463244648178024e-08
2028.0 3.044187566614728e-08
2029.0 3.0420506684116516e-08
2030.0 3.039913770208577e-08
2031.0 3.0377768720055014e-08
2032.0 3.035639973802426e-08
2033.0 3.033503075599352e-08
2034.0 3.031366177396276e-08
2035.0 3.029229279193201e-08
2036.0 3.027092380990126e-08
2037.0 3.02495548278705e-08
2038.0 3.022818584583975e-08
2039.0 3.0206816863809e-08
2040.0 3.018544788177825e-08
2041.0 3.01640788997475e-08
2042.0 3.014270991771675e-08
2043.0 3.0121340935685994e-08
2044.0 3.0099971953655243e-08
2045.0 3.007860297162449e-08
2046.0 3.005723398959374e-08
2047.0 3.003586500756299e-08
2048.0 3.0014496025532226e-08
2049.0 2.999312704350148e-08
2050.0 2.997175806147073e-08
2051.0 2.995038907943998e-08
2052.0 2.992902009740923e-08
2053.0 2.9907651115378484e-08
2054.0 2.988628213334772e-08
2055.0 2.9864913151316975e-08
2056.0 2.9843544169286224e-08
2057.0 2.982217518725547e-08
2058.0 2.9800806205224712e-08
2059.0 2.977943722319396e-08
2060.0 2.9758068241163217e-08
2061.0 2.973669925913247e-08
2062.0 2.9715330277101714e-08
2063.0 2.9693961295070957e-08
2064.0 2.9672592313040202e-08
2065.0 2.965122333100945e-08
2066.0 2.962985434897871e-08
2067.0 2.9608485366947956e-08
2068.0 2.9587116384917198e-08
2069.0 2.956574740288645e-08
2070.0 2.95443784208557e-08
2071.0 2.9523009438824948e-08
2072.0 2.9501640456794187e-08
2073.0 2.9480271474763436e-08
2074.0 2.945890249273269e-08
2075.0 2.943753351070194e-08
2076.0 2.9416164528671183e-08
2077.0 2.9394795546640442e-08
2078.0 2.937342656460968e-08
2079.0 2.935205758257893e-08
2080.0 2.933068860054818e-08
2081.0 2.9309319618517425e-08
2082.0 2.9287950636486674e-08
2083.0 2.9266581654455922e-08
2084.0 2.924521267242517e-08
2085.0 2.922384369039442e-08
2086.0 2.9202474708363673e-08
2087.0 2.918110572633292e-08
2088.0 2.9159736744302164e-08
2089.0 2.913836776227141e-08
2090.0 2.9116998780240662e-08
2091.0 2.909562979820991e-08
2092.0 2.9074260816179163e-08
2093.0 2.9052891834148405e-08
2094.0 2.9031522852117654e-08
2095.0 2.9010153870086903e-08
2096.0 2.8988784888056152e-08
2097.0 2.8967415906025398e-08
2098.0 2.8946046923994643e-08
2099.0 2.8924677941963902e-08
2100.0 2.8903308959933145e-08
2101.0 2.8881939977902394e-08
2102.0 2.8860570995871643e-08
2103.0 2.8839202013840885e-08
2104.0 2.8817833031810137e-08
2105.0 2.8796464049779376e-08
2106.0 2.8775095067748632e-08
2107.0 2.8753726085717884e-08
2108.0 2.8732357103687126e-08
2109.0 2.8710988121656375e-08
2110.0 2.8689619139625634e-08
2111.0 2.8668250157594873e-08
2112.0 2.8646881175564122e-08
2113.0 2.862551219353337e-08
2114.0 2.860414321150262e-08
2115.0 2.8582774229471866e-08
2116.0 2.8561405247441118e-08
2117.0 2.8540036265410363e-08
2118.0 2.8518667283379612e-08
2119.0 2.849729830134886e-08
2120.0 2.847592931931811e-08
2121.0 2.8454560337287356e-08
2122.0 2.8433191355256598e-08
2123.0 2.8411822373225854e-08
2124.0 2.8390453391195103e-08
2125.0 2.8369084409164352e-08
2126.0 2.83477154271336e-08
2127.0 2.8326346445102846e-08
2128.0 2.8304977463072095e-08
2129.0 2.8283608481041344e-08
2130.0 2.8262239499010593e-08
2131.0 2.8240870516979842e-08
2132.0 2.8219501534949088e-08
2133.0 2.8198132552918337e-08
2134.0 2.817676357088758e-08
2135.0 2.8155394588856835e-08
2136.0 2.8134025606826084e-08
2137.0 2.811265662479533e-08
2138.0 2.8091287642764578e-08
2139.0 2.8069918660733827e-08
2140.0 2.8051185574244114e-08
2141.0 2.8032789994033777e-08
2142.0 2.8014394413823434e-08
2143.0 2.799599883361309e-08
2144.0 2.7977603253402757e-08
2145.0 2.795920767319241e-08
2146.0 2.7940812092982077e-08
2147.0 2.792241651277174e-08
2148.0 2.7904020932561397e-08
2149.0 2.7885625352351057e-08
2150.0 2.786722977214072e-08
2151.0 2.7848834191930374e-08
2152.0 2.783043861172004e-08
2153.0 2.7812043031509693e-08
2154.0 2.779364745129936e-08
2155.0 2.7775251871089017e-08
2156.0 2.7756856290878677e-08
2157.0 2.7738460710668337e-08
2158.0 2.7720065130457996e-08
2159.0 2.770166955024766e-08
2160.0 2.768327397003732e-08
2161.0 2.766487838982698e-08
2162.0 2.7646482809616636e-08
2163.0 2.7628087229406303e-08
2164.0 2.7609691649195966e-08
2165.0 2.7591296068985623e-08
2166.0 2.7572900488775283e-08
2167.0 2.7554504908564946e-08
2168.0 2.7536109328354603e-08
2169.0 2.7517713748144266e-08
2170.0 2.7499318167933916e-08
2171.0 2.7480922587723586e-08
2172.0 2.7462527007513242e-08
2173.0 2.7444131427302902e-08
2174.0 2.7425735847092566e-08
2175.0 2.740734026688223e-08
2176.0 2.738894468667188e-08
2177.0 2.7370549106461542e-08
2178.0 2.735215352625121e-08
2179.0 2.7333757946040865e-08
2180.0 2.7315362365830522e-08
2181.0 2.729696678562019e-08
2182.0 2.727857120540985e-08
2183.0 2.726017562519951e-08
2184.0 2.7241780044989165e-08
2185.0 2.7223384464778828e-08
2186.0 2.720498888456849e-08
2187.0 2.718659330435815e-08
2188.0 2.7168197724147808e-08
2189.0 2.714980214393747e-08
2190.0 2.7131406563727135e-08
2191.0 2.7113010983516785e-08
2192.0 2.709461540330645e-08
2193.0 2.7076219823096105e-08
2194.0 2.705782424288577e-08
2195.0 2.7039428662675434e-08
2196.0 2.7021033082465084e-08
2197.0 2.7002637502254754e-08
2198.0 2.6984241922044414e-08
2199.0 2.6965846341834068e-08
2200.0 2.6947450761623734e-08
2201.0 2.692905518141339e-08
2202.0 2.6910659601203054e-08
2203.0 2.689226402099271e-08
2204.0 2.6873868440782377e-08
2205.0 2.6855472860572034e-08
2206.0 2.6837077280361697e-08
2207.0 2.6818681700151354e-08
2208.0 2.6800286119941017e-08
2209.0 2.6781890539730677e-08
2210.0 2.676349495952033e-08
2211.0 2.6745099379309997e-08
2212.0 2.672670379909966e-08
2213.0 2.6708308218889317e-08
2214.0 2.6689912638678977e-08
2215.0 2.667151705846864e-08
2216.0 2.6653121478258297e-08
2217.0 2.663472589804796e-08
2218.0 2.6616330317837617e-08
2219.0 2.659793473762728e-08
2220.0 2.6579539157416936e-08
2221.0 2.6561143577206603e-08
2222.0 2.6542747996996256e-08
2223.0 2.6524352416785923e-08
2224.0 2.6505956836575583e-08
2225.0 2.648756125636524e-08
2226.0 2.64691656761549e-08
2227.0 2.645077009594456e-08
2228.0 2.6432374515734216e-08
2229.0 2.6413978935523886e-08
2230.0 2.6395583355313543e-08
2231.0 2.6377187775103202e-08
2232.0 2.635879219489286e-08
2233.0 2.6340396614682522e-08
2234.0 2.6322001034472186e-08
2235.0 2.6303605454261846e-08
2236.0 2.6285209874051502e-08
2237.0 2.6266814293841162e-08
2238.0 2.624841871363083e-08
2239.0 2.623002313342048e-08
2240.0 2.621162755321015e-08
2241.0 2.619323197299981e-08
2242.0 2.6174836392789465e-08
2243.0 2.615644081257913e-08
2244.0 2.6138045232368785e-08
2245.0 2.611964965215845e-08
2246.0 2.6101254071948108e-08
2247.0 2.608285849173776e-08
2248.0 2.6064462911527428e-08
2249.0 2.604606733131709e-08
2250.0 2.6027671751106748e-08
2251.0 2.6009276170896405e-08
2252.0 2.5990880590686068e-08
2253.0 2.5972485010475728e-08
2254.0 2.595408943026539e-08
2255.0 2.5935693850055048e-08
2256.0 2.5917298269844704e-08
2257.0 2.589890268963437e-08
2258.0 2.5880507109424034e-08
2259.0 2.586211152921369e-08
2260.0 2.5843715949003354e-08
2261.0 2.5825320368793014e-08
2262.0 2.5806924788582674e-08
2263.0 2.5788529208372334e-08
2264.0 2.577013362816199e-08
2265.0 2.5751738047951654e-08
2266.0 2.573334246774131e-08
2267.0 2.5714946887530974e-08
2268.0 2.569655130732063e-08
2269.0 2.5678155727110297e-08
2270.0 2.565976014689995e-08
2271.0 2.564136456668961e-08
2272.0 2.5622968986479277e-08
2273.0 2.5604573406268937e-08
2274.0 2.5586177826058593e-08
2275.0 2.5567782245848253e-08
2276.0 2.5549386665637917e-08
2277.0 2.553099108542758e-08
2278.0 2.5512595505217237e-08
2279.0 2.5494199925006897e-08
2280.0 2.547580434479656e-08
2281.0 2.5457408764586216e-08
2282.0 2.543901318437588e-08
2283.0 2.542061760416554e-08
2284.0 2.54022220239552e-08
2285.0 2.5383826443744856e-08
2286.0 2.5365430863534523e-08
2287.0 2.5347035283324176e-08
2288.0 2.5328639703113843e-08
2289.0 2.5310244122903503e-08
2290.0 2.5291848542693156e-08
2291.0 2.5273452962482822e-08
2292.0 2.5255057382272486e-08
2293.0 2.5236661802062136e-08
2294.0 2.5218266221851802e-08
2295.0 2.5199870641641462e-08
2296.0 2.5181475061431122e-08
2297.0 2.516307948122078e-08
2298.0 2.514468390101045e-08
2299.0 2.5126288320800105e-08
2300.0 2.5107892740589765e-08
2301.0 2.5089497160379422e-08
2302.0 2.5071101580169085e-08
2303.0 2.5052705999958742e-08
2304.0 2.503461598954602e-08
2305.0 2.501871697631993e-08
2306.0 2.5002817963093835e-08
2307.0 2.4986918949867738e-08
2308.0 2.4971019936641637e-08
2309.0 2.495512092341555e-08
2310.0 2.493922191018945e-08
2311.0 2.4923322896963353e-08
2312.0 2.490742388373726e-08
2313.0 2.489152487051116e-08
2314.0 2.4875625857285064e-08
2315.0 2.485972684405897e-08
2316.0 2.484382783083287e-08
2317.0 2.4827928817606774e-08
2318.0 2.4812029804380676e-08
2319.0 2.479613079115458e-08
2320.0 2.4780231777928487e-08
2321.0 2.4764332764702393e-08
2322.0 2.4748433751476295e-08
2323.0 2.4732534738250197e-08
2324.0 2.4716635725024106e-08
2325.0 2.4700736711798002e-08
2326.0 2.468483769857191e-08
2327.0 2.4668938685345813e-08
2328.0 2.465303967211972e-08
2329.0 2.463714065889362e-08
2330.0 2.4621241645667523e-08
2331.0 2.4605342632441432e-08
2332.0 2.4589443619215328e-08
2333.0 2.457354460598924e-08
2334.0 2.455764559276314e-08
2335.0 2.4541746579537045e-08
2336.0 2.4525847566310954e-08
2337.0 2.4509948553084856e-08
2338.0 2.4494049539858758e-08
2339.0 2.4478150526632664e-08
2340.0 2.4462251513406566e-08
2341.0 2.4446352500180465e-08
2342.0 2.4430453486954377e-08
2343.0 2.441455447372828e-08
2344.0 2.4398655460502182e-08
2345.0 2.4382756447276088e-08
2346.0 2.4366857434049987e-08
2347.0 2.4350958420823892e-08
2348.0 2.43350594075978e-08
2349.0 2.4319160394371703e-08
2350.0 2.43032613811456e-08
2351.0 2.4287362367919508e-08
2352.0 2.427146335469341e-08
2353.0 2.4255564341467316e-08
2354.0 2.423966532824122e-08
2355.0 2.4223766315015124e-08
2356.0 2.4207867301789026e-08
2357.0 2.4191968288562935e-08
2358.0 2.4176069275336837e-08
2359.0 2.416017026211074e-08
2360.0 2.4144271248884642e-08
2361.0 2.4128372235658547e-08
2362.0 2.411247322243245e-08
2363.0 2.409657420920636e-08
2364.0 2.408067519598026e-08
2365.0 2.4064776182754163e-08
2366.0 2.404887716952807e-08
2367.0 2.4032978156301968e-08
2368.0 2.4017079143075873e-08
2369.0 2.4001180129849782e-08
2370.0 2.3985281116623685e-08
2371.0 2.3969382103397587e-08
2372.0 2.3953483090171493e-08
2373.0 2.3937584076945395e-08
2374.0 2.3921685063719294e-08
2375.0 2.3905786050493206e-08
2376.0 2.3889887037267102e-08
2377.0 2.387398802404101e-08
2378.0 2.3858089010814916e-08
2379.0 2.3842189997588815e-08
2380.0 2.382629098436272e-08
2381.0 2.381039197113663e-08
2382.0 2.3794492957910532e-08
2383.0 2.3778593944684428e-08
2384.0 2.376269493145834e-08
2385.0 2.374679591823224e-08
2386.0 2.3730896905006144e-08
2387.0 2.371499789178005e-08
2388.0 2.3699098878553952e-08
2389.0 2.3683199865327855e-08
2390.0 2.3667300852101764e-08
2391.0 2.3651401838875666e-08
2392.0 2.3635502825649568e-08
2393.0 2.361960381242347e-08
2394.0 2.3603704799197376e-08
2395.0 2.358780578597128e-08
2396.0 2.357190677274518e-08
2397.0 2.355600775951909e-08
2398.0 2.3540108746292992e-08
2399.0 2.3524209733066888e-08
2400.0 2.3508310719840796e-08
2401.0 2.3492411706614702e-08
2402.0 2.34765126933886e-08
2403.0 2.3460613680162513e-08
2404.0 2.3444714666936416e-08
2405.0 2.3428815653710318e-08
2406.0 2.3412916640484223e-08
2407.0 2.3397017627258126e-08
2408.0 2.3381118614032028e-08
2409.0 2.336521960080593e-08
2410.0 2.3349320587579833e-08
2411.0 2.333342157435374e-08
2412.0 2.3317522561127647e-08
2413.0 2.330162354790155e-08
2414.0 2.3285724534675452e-08
2415.0 2.326982552144936e-08
2416.0 2.3253926508223263e-08
2417.0 2.3238027494997165e-08
2418.0 2.3222128481771067e-08
2419.0 2.3206229468544973e-08
2420.0 2.3190330455318875e-08
2421.0 2.3174431442092778e-08
2422.0 2.3158532428866687e-08
2423.0 2.3142633415640582e-08
2424.0 2.3126734402414494e-08
2425.0 2.311083538918839e-08
2426.0 2.30949363759623e-08
2427.0 2.3079037362736205e-08
2428.0 2.3063138349510107e-08
2429.0 2.304723933628401e-08
2430.0 2.3031340323057918e-08
2431.0 2.301544130983182e-08
2432.0 2.2999542296605716e-08
2433.0 2.298364328337963e-08
2434.0 2.296774427015353e-08
2435.0 2.2951845256927433e-08
2436.0 2.2935946243701342e-08
2437.0 2.2920047230475244e-08
2438.0 2.2904148217249146e-08
2439.0 2.2888249204023052e-08
2440.0 2.2872350190796954e-08
2441.0 2.2856451177570857e-08
2442.0 2.284055216434476e-08
2443.0 2.282465315111866e-08
2444.0 2.280875413789257e-08
2445.0 2.2792855124666476e-08
2446.0 2.2776956111440378e-08
2447.0 2.276105709821428e-08
2448.0 2.274515808498819e-08
2449.0 2.2729259071762085e-08
2450.0 2.2713360058535994e-08
2451.0 2.2697461045309896e-08
2452.0 2.2681562032083808e-08
2453.0 2.2665663018857704e-08
2454.0 2.2649764005631613e-08
2455.0 2.2633864992405515e-08
2456.0 2.2617965979179417e-08
2457.0 2.2602066965953323e-08
2458.0 2.2586167952727222e-08
2459.0 2.2570268939501128e-08
2460.0 2.2554369926275033e-08
2461.0 2.2538470913048936e-08
2462.0 2.2522571899822838e-08
2463.0 2.2506672886596747e-08
2464.0 2.249077387337065e-08
2465.0 2.2474874860144545e-08
2466.0 2.2458975846918457e-08
2467.0 2.244307683369236e-08
2468.0 2.242717782046626e-08
2469.0 2.241127880724017e-08
2470.0 2.2395379794014066e-08
2471.0 2.2379480780787975e-08
2472.0 2.236358176756188e-08
2473.0 2.2347682754335783e-08
2474.0 2.2331783741109682e-08
2475.0 2.2315884727883594e-08
2476.0 2.229998571465749e-08
2477.0 2.22840867014314e-08
2478.0 2.2268187688205304e-08
2479.0 2.2252288674979207e-08
2480.0 2.223638966175311e-08
2481.0 2.2220490648527018e-08
2482.0 2.2206192504517002e-08
2483.0 2.2192692039958217e-08
2484.0 2.2179191575399438e-08
2485.0 2.2165691110840646e-08
2486.0 2.2152190646281867e-08
2487.0 2.213869018172308e-08
2488.0 2.21251897171643e-08
2489.0 2.2111689252605514e-08
2490.0 2.2098188788046728e-08
2491.0 2.2084688323487943e-08
2492.0 2.207118785892916e-08
2493.0 2.205768739437037e-08
2494.0 2.2044186929811593e-08
2495.0 2.2030686465252808e-08
2496.0 2.2017186000694022e-08
2497.0 2.2003685536135237e-08
2498.0 2.1990185071576448e-08
2499.0 2.1976684607017672e-08
2500.0 2.196318414245888e-08
2501.0 2.19496836779001e-08
2502.0 2.1936183213341316e-08
2503.0 2.192268274878253e-08
2504.0 2.1909182284223745e-08
2505.0 2.189568181966496e-08
2506.0 2.1882181355106177e-08
2507.0 2.186868089054739e-08
2508.0 2.1855180425988613e-08
2509.0 2.1841679961429827e-08
2510.0 2.1828179496871035e-08
2511.0 2.1814679032312256e-08
2512.0 2.180117856775347e-08
2513.0 2.1787678103194685e-08
2514.0 2.1774177638635903e-08
2515.0 2.1760677174077118e-08
2516.0 2.1747176709518332e-08
2517.0 2.1733676244959547e-08
2518.0 2.1720175780400768e-08
2519.0 2.170667531584198e-08
2520.0 2.1693174851283193e-08
2521.0 2.1679674386724408e-08
2522.0 2.1666173922165622e-08
2523.0 2.1652673457606844e-08
2524.0 2.1639172993048058e-08
2525.0 2.162567252848927e-08
2526.0 2.161217206393049e-08
2527.0 2.1598671599371698e-08
2528.0 2.158517113481292e-08
2529.0 2.1571670670254137e-08
2530.0 2.1558170205695352e-08
2531.0 2.154466974113657e-08
2532.0 2.1531169276577784e-08
2533.0 2.1517668812018995e-08
2534.0 2.1504168347460213e-08
2535.0 2.149066788290143e-08
2536.0 2.1477167418342645e-08
2537.0 2.146366695378386e-08
2538.0 2.1450166489225075e-08
2539.0 2.143666602466629e-08
2540.0 2.1423165560107507e-08
2541.0 2.140966509554872e-08
2542.0 2.1396164630989936e-08
2543.0 2.1382664166431154e-08
2544.0 2.1369163701872365e-08
2545.0 2.1355663237313583e-08
2546.0 2.13421627727548e-08
2547.0 2.1328662308196015e-08
2548.0 2.131516184363723e-08
2549.0 2.1301661379078444e-08
2550.0 2.128816091451966e-08
2551.0 2.1274660449960876e-08
2552.0 2.1261159985402098e-08
2553.0 2.1247659520843305e-08
2554.0 2.1234159056284527e-08
2555.0 2.1220658591725738e-08
2556.0 2.1207158127166952e-08
2557.0 2.1193657662608173e-08
2558.0 2.1180157198049388e-08
2559.0 2.1166656733490602e-08
2560.0 2.1153156268931817e-08
2561.0 2.1139655804373028e-08
2562.0 2.112615533981425e-08
2563.0 2.1112654875255464e-08
2564.0 2.1099154410696678e-08
2565.0 2.1085653946137893e-08
2566.0 2.107215348157911e-08
2567.0 2.105865301702033e-08
2568.0 2.104515255246154e-08
2569.0 2.103165208790276e-08
2570.0 2.101815162334397e-08
2571.0 2.100465115878519e-08
2572.0 2.0991150694226404e-08
2573.0 2.0977650229667615e-08
2574.0 2.0964149765108837e-08
2575.0 2.095064930055005e-08
2576.0 2.0937148835991266e-08
2577.0 2.092364837143248e-08
2578.0 2.0910147906873695e-08
2579.0 2.0896647442314912e-08
2580.0 2.0883146977756127e-08
2581.0 2.086964651319734e-08
2582.0 2.085614604863856e-08
2583.0 2.0842645584079774e-08
2584.0 2.0829145119520992e-08
2585.0 2.0815644654962206e-08
2586.0 2.0802144190403424e-08
2587.0 2.078864372584464e-08
2588.0 2.0775143261285853e-08
2589.0 2.0761642796727068e-08
2590.0 2.0748142332168282e-08
2591.0 2.07346418676095e-08
2592.0 2.0721141403050714e-08
2593.0 2.070764093849193e-08
2594.0 2.0694140473933143e-08
2595.0 2.0680640009374358e-08
2596.0 2.0667139544815576e-08
2597.0 2.065363908025679e-08
2598.0 2.0640138615698005e-08
2599.0 2.0626638151139223e-08
2600.0 2.0613137686580437e-08
2601.0 2.0599637222021658e-08
2602.0 2.0586136757462873e-08
2603.0 2.0572636292904087e-08
2604.0 2.0559135828345305e-08
2605.0 2.054563536378652e-08
2606.0 2.0532134899227734e-08
2607.0 2.051863443466895e-08
2608.0 2.0505133970110166e-08
2609.0 2.049163350555138e-08
2610.0 2.0478133040992595e-08
2611.0 2.046463257643381e-08
2612.0 2.0451132111875024e-08
2613.0 2.0437631647316242e-08
2614.0 2.0424131182757457e-08
2615.0 2.0410630718198675e-08
2616.0 2.039713025363989e-08
2617.0 2.03836297890811e-08
2618.0 2.037012932452232e-08
2619.0 2.0356628859963536e-08
2620.0 2.034312839540475e-08
2621.0 2.0329627930845968e-08
2622.0 2.0316127466287183e-08
2623.0 2.0302627001728397e-08
2624.0 2.0289126537169612e-08
2625.0 2.027562607261083e-08
2626.0 2.0262125608052044e-08
2627.0 2.024862514349326e-08
2628.0 2.0235124678934473e-08
2629.0 2.0221624214375694e-08
2630.0 2.0208123749816905e-08
2631.0 2.019462328525812e-08
2632.0 2.0181122820699338e-08
2633.0 2.0167622356140552e-08
2634.0 2.0154121891581764e-08
2635.0 2.0140621427022985e-08
2636.0 2.01271209624642e-08
2637.0 2.0113620497905414e-08
2638.0 2.010012003334663e-08
2639.0 2.0086619568787846e-08
2640.0 2.007311910422906e-08
2641.0 2.0059618639670275e-08
2642.0 2.0046118175111496e-08
2643.0 2.0032617710552707e-08
2644.0 2.0019117245993922e-08
2645.0 2.0005616781435136e-08
2646.0 1.999211631687635e-08
2647.0 1.9978615852317572e-08
2648.0 1.9965115387758783e-08
2649.0 1.9951614923200004e-08
2650.0 1.993811445864122e-08
2651.0 1.9924613994082427e-08
2652.0 1.991111352952365e-08
2653.0 1.9897613064964866e-08
2654.0 1.9884112600406084e-08
2655.0 1.9870612135847295e-08
2656.0 1.9857111671288513e-08
2657.0 1.9843611206729727e-08
2658.0 1.983011074217094e-08
2659.0 1.981661027761216e-08
2660.0 1.9803109813053374e-08
2661.0 1.978960934849459e-08
2662.0 1.9776108883935803e-08
2663.0 1.9762608419377017e-08
2664.0 1.9749107954818235e-08
2665.0 1.973560749025945e-08
2666.0 1.9722107025700668e-08
2667.0 1.9708606561141882e-08
2668.0 1.96951060965831e-08
2669.0 1.968160563202431e-08
2670.0 1.966810516746553e-08
2671.0 1.9654604702906747e-08
2672.0 1.9641104238347965e-08
2673.0 1.9628762110246027e-08
2674.0 1.961739057490475e-08
2675.0 1.9606019039563483e-08
2676.0 1.9594647504222207e-08
2677.0 1.9583275968880932e-08
2678.0 1.957190443353966e-08
2679.0 1.9560532898198385e-08
2680.0 1.954916136285711e-08
2681.0 1.9537789827515837e-08
2682.0 1.9526418292174565e-08
2683.0 1.951504675683329e-08
2684.0 1.9503675221492018e-08
2685.0 1.9492303686150743e-08
2686.0 1.9480932150809467e-08
2687.0 1.94695606154682e-08
2688.0 1.945818908012692e-08
2689.0 1.9446817544785648e-08
2690.0 1.9435446009444376e-08
2691.0 1.94240744741031e-08
2692.0 1.9412702938761825e-08
2693.0 1.9401331403420553e-08
2694.0 1.9389959868079278e-08
2695.0 1.9378588332738006e-08
2696.0 1.9367216797396734e-08
2697.0 1.935584526205546e-08
2698.0 1.9344473726714183e-08
2699.0 1.933310219137291e-08
2700.0 1.9321730656031636e-08
2701.0 1.9310359120690364e-08
2702.0 1.929898758534909e-08
2703.0 1.9287616050007816e-08
2704.0 1.927624451466654e-08
2705.0 1.926487297932527e-08
2706.0 1.9253501443983994e-08
2707.0 1.9242129908642722e-08
2708.0 1.9230758373301446e-08
2709.0 1.921938683796017e-08
2710.0 1.92080153026189e-08
2711.0 1.9196643767277627e-08
2712.0 1.9185272231936352e-08
2713.0 1.917390069659508e-08
2714.0 1.9162529161253804e-08
2715.0 1.915115762591253e-08
2716.0 1.9139786090571257e-08
2717.0 1.9128414555229985e-08
2718.0 1.911704301988871e-08
2719.0 1.9105671484547438e-08
2720.0 1.9094299949206162e-08
2721.0 1.9082928413864887e-08
2722.0 1.9071556878523615e-08
2723.0 1.906018534318234e-08
2724.0 1.9048813807841068e-08
2725.0 1.9037442272499796e-08
2726.0 1.902607073715852e-08
2727.0 1.9014699201817245e-08
2728.0 1.9003327666475973e-08
2729.0 1.8991956131134698e-08
2730.0 1.8980584595793422e-08
2731.0 1.8969213060452154e-08
2732.0 1.8957841525110878e-08
2733.0 1.8946469989769603e-08
2734.0 1.893509845442833e-08
2735.0 1.8923726919087056e-08
2736.0 1.891235538374578e-08
2737.0 1.8900983848404508e-08
2738.0 1.8889612313063236e-08
2739.0 1.887824077772196e-08
2740.0 1.886686924238069e-08
2741.0 1.8855497707039413e-08
2742.0 1.8844126171698138e-08
2743.0 1.8832754636356866e-08
2744.0 1.882138310101559e-08
2745.0 1.881001156567432e-08
2746.0 1.8798640030333047e-08
2747.0 1.8787268494991775e-08
2748.0 1.8775896959650496e-08
2749.0 1.8764525424309224e-08
2750.0 1.875315388896795e-08
2751.0 1.8741782353626677e-08
2752.0 1.8730410818285405e-08
2753.0 1.871903928294413e-08
2754.0 1.8707667747602854e-08
2755.0 1.8696296212261582e-08
2756.0 1.8684924676920307e-08
2757.0 1.8673553141579035e-08
2758.0 1.866218160623776e-08
2759.0 1.8650810070896487e-08
2760.0 1.8639438535555212e-08
2761.0 1.862806700021394e-08
2762.0 1.8616695464872665e-08
2763.0 1.8605323929531393e-08
2764.0 1.8593952394190117e-08
2765.0 1.8582580858848842e-08
2766.0 1.857120932350757e-08
2767.0 1.85598377881663e-08
2768.0 1.8548466252825023e-08
2769.0 1.853709471748375e-08
2770.0 1.8525723182142475e-08
2771.0 1.85143516468012e-08
2772.0 1.8502980111459928e-08
2773.0 1.8491608576118656e-08
2774.0 1.848023704077738e-08
2775.0 1.846886550543611e-08
2776.0 1.8457493970094833e-08
2777.0 1.8446122434753558e-08
2778.0 1.8434750899412286e-08
2779.0 1.842337936407101e-08
2780.0 1.841200782872974e-08
2781.0 1.8400636293388466e-08
2782.0 1.838926475804719e-08
2783.0 1.8377893222705916e-08
2784.0 1.8366521687364644e-08
2785.0 1.835515015202337e-08
2786.0 1.8343778616682093e-08
2787.0 1.8332407081340824e-08
2788.0 1.832103554599955e-08
2789.0 1.8309664010658274e-08
2790.0 1.8298292475317002e-08
2791.0 1.8286920939975726e-08
2792.0 1.827554940463445e-08
2793.0 1.826417786929318e-08
2794.0 1.8252806333951907e-08
2795.0 1.8241434798610632e-08
2796.0 1.823006326326936e-08
2797.0 1.8218691727928084e-08
2798.0 1.820732019258681e-08
2799.0 1.8195948657245537e-08
2800.0 1.8184577121904262e-08
2801.0 1.817320558656299e-08
2802.0 1.8161834051221718e-08
2803.0 1.8150462515880442e-08
2804.0 1.8139090980539167e-08
2805.0 1.8127719445197895e-08
2806.0 1.811634790985662e-08
2807.0 1.8104976374515348e-08
2808.0 1.8093604839174076e-08
2809.0 1.80822333038328e-08
2810.0 1.8070861768491525e-08
2811.0 1.8059490233150253e-08
2812.0 1.8048118697808978e-08
2813.0 1.8036747162467706e-08
2814.0 1.802537562712643e-08
2815.0 1.8014004091785158e-08
2816.0 1.8002632556443883e-08
2817.0 1.799126102110261e-08
2818.0 1.7979889485761336e-08
2819.0 1.7968517950420063e-08
2820.0 1.7957146415078788e-08
2821.0 1.7945774879737513e-08
2822.0 1.793440334439624e-08
2823.0 1.792303180905497e-08
2824.0 1.7911660273713693e-08
2825.0 1.790028873837242e-08
2826.0 1.7888917203031146e-08
2827.0 1.7877545667689874e-08
2828.0 1.78661741323486e-08
2829.0 1.7854802597007327e-08
2830.0 1.784343106166605e-08
2831.0 1.783205952632478e-08
2832.0 1.7820687990983504e-08
2833.0 1.780931645564223e-08
2834.0 1.7797944920300957e-08
2835.0 1.778657338495968e-08
2836.0 1.777520184961841e-08
2837.0 1.7763830314277137e-08
2838.0 1.775245877893586e-08
2839.0 1.7741087243594587e-08
2840.0 1.772971570825331e-08
2841.0 1.771834417291204e-08
2842.0 1.7706972637570764e-08
2843.0 1.7695601102229495e-08
2844.0 1.7684229566888223e-08
2845.0 1.7672858031546945e-08
2846.0 1.766148649620567e-08
2847.0 1.76501149608644e-08
2848.0 1.7638743425523125e-08
2849.0 1.762737189018185e-08
2850.0 1.7616000354840575e-08
2851.0 1.7604628819499303e-08
2852.0 1.759325728415803e-08
2853.0 1.7581885748816755e-08
2854.0 1.757051421347548e-08
2855.0 1.7559142678134208e-08
2856.0 1.7547771142792936e-08
2857.0 1.753639960745166e-08
2858.0 1.7525028072110385e-08
2859.0 1.7513656536769113e-08
2860.0 1.7502285001427838e-08
2861.0 1.7490913466086562e-08
2862.0 1.747954193074529e-08
2863.0 1.746817039540402e-08
2864.0 1.7456798860062746e-08
2865.0 1.744542732472147e-08
2866.0 1.7434055789380196e-08
2867.0 1.7422684254038924e-08
2868.0 1.7411312718697645e-08
2869.0 1.7399941183356376e-08
2870.0 1.73885696480151e-08
2871.0 1.737719811267383e-08
2872.0 1.7365826577332557e-08
2873.0 1.7354455041991282e-08
2874.0 1.7343083506650003e-08
2875.0 1.7331711971308734e-08
2876.0 1.7320340435967462e-08
2877.0 1.7308968900626187e-08
2878.0 1.7297597365284912e-08
2879.0 1.7287468240802068e-08
2880.0 1.727787264478652e-08
2881.0 1.7268277048770968e-08
2882.0 1.7258681452755416e-08
2883.0 1.7249085856739864e-08
2884.0 1.7239490260724312e-08
2885.0 1.722989466470876e-08
2886.0 1.7220299068693208e-08
2887.0 1.7210703472677663e-08
2888.0 1.720110787666211e-08
2889.0 1.7191512280646556e-08
2890.0 1.7181916684631007e-08
2891.0 1.7172321088615455e-08
2892.0 1.7162725492599906e-08
2893.0 1.7153129896584354e-08
2894.0 1.7143534300568802e-08
2895.0 1.7133938704553254e-08
2896.0 1.71243431085377e-08
2897.0 1.711474751252215e-08
2898.0 1.71051519165066e-08
2899.0 1.709555632049105e-08
2900.0 1.7085960724475494e-08
2901.0 1.707636512845995e-08
2902.0 1.70667695324444e-08
2903.0 1.705717393642884e-08
2904.0 1.7047578340413293e-08
2905.0 1.703798274439774e-08
2906.0 1.702838714838219e-08
2907.0 1.701879155236664e-08
2908.0 1.7009195956351092e-08
2909.0 1.6999600360335537e-08
2910.0 1.6990004764319988e-08
2911.0 1.6980409168304436e-08
2912.0 1.6970813572288887e-08
2913.0 1.6961217976273335e-08
2914.0 1.6951622380257783e-08
2915.0 1.6942026784242235e-08
2916.0 1.6932431188226683e-08
2917.0 1.692283559221113e-08
2918.0 1.691323999619558e-08
2919.0 1.6903644400180027e-08
2920.0 1.6894048804164482e-08
2921.0 1.688445320814893e-08
2922.0 1.687485761213338e-08
2923.0 1.6865262016117826e-08
2924.0 1.6855666420102274e-08
2925.0 1.6846070824086722e-08
2926.0 1.683647522807117e-08
2927.0 1.682687963205562e-08
2928.0 1.681728403604007e-08
2929.0 1.6807688440024518e-08
2930.0 1.6798092844008966e-08
2931.0 1.6788497247993417e-08
2932.0 1.677890165197787e-08
2933.0 1.6769306055962316e-08
2934.0 1.6759710459946768e-08
2935.0 1.6750114863931213e-08
2936.0 1.674051926791566e-08
2937.0 1.6730923671900115e-08
2938.0 1.672132807588456e-08
2939.0 1.6711732479869008e-08
2940.0 1.670213688385346e-08
2941.0 1.6692541287837904e-08
2942.0 1.6682945691822356e-08
2943.0 1.6673350095806807e-08
2944.0 1.6663754499791255e-08
2945.0 1.6654158903775703e-08
2946.0 1.664456330776015e-08
2947.0 1.6634967711744606e-08
2948.0 1.662537211572905e-08
2949.0 1.66157765197135e-08
2950.0 1.6606180923697947e-08
2951.0 1.6596585327682398e-08
2952.0 1.6586989731666846e-08
2953.0 1.6577394135651297e-08
2954.0 1.6567798539635742e-08
2955.0 1.6558202943620197e-08
2956.0 1.6548607347604645e-08
2957.0 1.6539011751589093e-08
2958.0 1.652941615557354e-08
2959.0 1.6519820559557992e-08
2960.0 1.651022496354244e-08
2961.0 1.6500629367526892e-08
2962.0 1.649103377151134e-08
2963.0 1.6481438175495785e-08
2964.0 1.6471842579480236e-08
2965.0 1.6462246983464684e-08
2966.0 1.6452651387449136e-08
2967.0 1.644305579143358e-08
2968.0 1.643346019541803e-08
2969.0 1.642386459940248e-08
2970.0 1.6414269003386928e-08
2971.0 1.640467340737138e-08
2972.0 1.6395077811355827e-08
2973.0 1.638548221534028e-08
2974.0 1.6375886619324727e-08
2975.0 1.6366291023309178e-08
2976.0 1.6356695427293626e-08
2977.0 1.6347099831278074e-08
2978.0 1.6337504235262522e-08
2979.0 1.632790863924697e-08
2980.0 1.6318313043231418e-08
2981.0 1.6308717447215866e-08
2982.0 1.629912185120032e-08
2983.0 1.628952625518477e-08
2984.0 1.6279930659169214e-08
2985.0 1.6270335063153665e-08
2986.0 1.6260739467138113e-08
2987.0 1.6251143871122565e-08
2988.0 1.6241548275107013e-08
2989.0 1.623195267909146e-08
2990.0 1.6222357083075912e-08
2991.0 1.6212761487060357e-08
2992.0 1.6203165891044808e-08
2993.0 1.619357029502926e-08
2994.0 1.6183974699013708e-08
2995.0 1.6174379102998152e-08
2996.0 1.6164783506982607e-08
2997.0 1.615518791096706e-08
2998.0 1.6145592314951503e-08
2999.0 1.613599671893595e-08
3000.0 1.61264011229204e-08
3001.0 1.6116805526904847e-08
3002.0 1.61072099308893e-08
3003.0 1.609761433487375e-08
3004.0 1.6088018738858195e-08
3005.0 1.6078423142842646e-08
3006.0 1.6068827546827094e-08
3007.0 1.6059231950811546e-08
3008.0 1.6049636354795994e-08
3009.0 1.6040040758780442e-08
3010.0 1.6030445162764893e-08
3011.0 1.602084956674934e-08
3012.0 1.601125397073379e-08
3013.0 1.6001658374718237e-08
3014.0 1.5992062778702685e-08
3015.0 1.5982467182687137e-08
3016.0 1.5972871586671588e-08
3017.0 1.596327599065604e-08
3018.0 1.5953680394640484e-08
3019.0 1.5944084798624932e-08
3020.0 1.593448920260938e-08
3021.0 1.5924893606593832e-08
3022.0 1.591529801057828e-08
3023.0 1.5905702414562728e-08
3024.0 1.5896106818547176e-08
3025.0 1.5886511222531624e-08
3026.0 1.5876915626516075e-08
3027.0 1.5867320030500527e-08
3028.0 1.5857724434484975e-08
3029.0 1.5848128838469426e-08
3030.0 1.583853324245387e-08
3031.0 1.5828937646438322e-08
3032.0 1.5819342050422774e-08
3033.0 1.5809746454407218e-08
3034.0 1.5800150858391666e-08
3035.0 1.5790555262376118e-08
3036.0 1.578095966636057e-08
3037.0 1.5771364070345014e-08
3038.0 1.5761768474329465e-08
3039.0 1.5752172878313913e-08
3040.0 1.574257728229836e-08
3041.0 1.573298168628281e-08
3042.0 1.5723386090267257e-08
3043.0 1.571379049425171e-08
3044.0 1.5704194898236157e-08
3045.0 1.5694599302220605e-08
3046.0 1.5685003706205056e-08
3047.0 1.5675408110189504e-08
3048.0 1.5665812514173956e-08
3049.0 1.56562169181584e-08
3050.0 1.5646621322142855e-08
3051.0 1.5637025726127303e-08
3052.0 1.562743013011175e-08
3053.0 1.56178345340962e-08
3054.0 1.5608238938080647e-08
3055.0 1.55986433420651e-08
3056.0 1.558904774604955e-08
3057.0 1.5579452150033998e-08
3058.0 1.5569856554018443e-08
3059.0 1.5560260958002894e-08
3060.0 1.5550665361987342e-08
3061.0 1.5541069765971794e-08
3062.0 1.553147416995624e-08
3063.0 1.552187857394069e-08
3064.0 1.5512282977925138e-08
3065.0 1.5502687381909586e-08
3066.0 1.5493091785894037e-08
3067.0 1.5483496189878485e-08
3068.0 1.5473900593862937e-08
3069.0 1.5464304997847385e-08
3070.0 1.5454709401831836e-08
3071.0 1.5445113805816284e-08
3072.0 1.5435518209800732e-08
3073.0 1.5425922613785177e-08
3074.0 1.541632701776963e-08
3075.0 1.5406731421754077e-08
3076.0 1.5397135825738525e-08
3077.0 1.538754022972298e-08
3078.0 1.5377944633707427e-08
3079.0 1.5368349037691872e-08
3080.0 1.5358753441676323e-08
3081.0 1.534915784566077e-08
3082.0 1.5339562249645223e-08
3083.0 1.532996665362967e-08
3084.0 1.532037105761412e-08
3085.0 1.531077546159857e-08
3086.0 1.530117986558302e-08
3087.0 1.5291584269567466e-08
3088.0 1.5281988673551918e-08
3089.0 1.5272393077536366e-08
3090.0 1.5262797481520817e-08
3091.0 1.5253201885505265e-08
3092.0 1.5243606289489717e-08
3093.0 1.523401069347416e-08
3094.0 1.522441509745861e-08
3095.0 1.5214819501443058e-08
3096.0 1.5205223905427506e-08
3097.0 1.5195628309411957e-08
3098.0 1.518603271339641e-08
3099.0 1.5176437117380853e-08
3100.0 1.5166841521365304e-08
