2.0 2.9295217200501567e-06
3.0 3.701115365947889e-06
4.0 4.306286679101157e-06
5.0 4.772023577118211e-06
6.0 5.123674989719184e-06
7.0 5.379136292319292e-06
8.0 5.547743086476108e-06
9.0 5.649820924026381e-06
10.0 5.693454869307064e-06
11.0 5.692197134209186e-06
12.0 5.65163287442813e-06
13.0 5.5824133108261946e-06
14.0 5.491686030198536e-06
15.0 5.38489787544555e-06
16.0 5.2684319406570575e-06
17.0 5.142585186032585e-06
18.0 5.0129082848406504e-06
19.0 4.882264552777128e-06
20.0 4.751702136177154e-06
21.0 4.62279155593021e-06
22.0 4.495947796916699e-06
23.0 4.371094494590211e-06
24.0 4.251724510445583e-06
25.0 4.133778533415631e-06
26.0 4.0221801726165535e-06
27.0 3.911753575119959e-06
28.0 3.807905480784818e-06
29.0 3.7047012827698798e-06
30.0 3.6085946931090455e-06
31.0 3.5124881034482113e-06
32.0 3.4230472963846734e-06
33.0 3.3347290072251057e-06
34.0 3.2499405115738107e-06
35.0 3.1693458719720808e-06
36.0 3.0887512323703517e-06
37.0 3.0142409619193197e-06
38.0 2.9406127852020783e-06
39.0 2.8676208635759636e-06
40.0 2.801004069766067e-06
41.0 2.73438727595617e-06
42.0 2.6683931330343333e-06
43.0 2.6084157427481863e-06
44.0 2.5484383524620393e-06
45.0 2.4884609621758928e-06
46.0 2.4336578604825124e-06
47.0 2.3796555605263937e-06
48.0 2.325653260570274e-06
49.0 2.2739003618415877e-06
50.0 2.225672387987036e-06
51.0 2.177444414132484e-06
52.0 2.1292164402779325e-06
53.0 2.0844309603686317e-06
54.0 2.0415372263278433e-06
55.0 1.9986434922870557e-06
56.0 1.955749758246268e-06
57.0 1.915949681166176e-06
58.0 1.8781045975847351e-06
59.0 1.840259514003294e-06
60.0 1.8024144304218522e-06
61.0 1.7657805157790099e-06
62.0 1.732428361548667e-06
63.0 1.6990762073183238e-06
64.0 1.6657240530879808e-06
65.0 1.6323718988576382e-06
66.0 1.6015070816658945e-06
67.0 1.5723576256408597e-06
68.0 1.5432081696158247e-06
69.0 1.5140587135907897e-06
70.0 1.4849092575657549e-06
71.0 1.457885633491535e-06
72.0 1.4325747086504584e-06
73.0 1.4072637838093818e-06
74.0 1.381952858968305e-06
75.0 1.3566419341272283e-06
76.0 1.3317624295213177e-06
77.0 1.3098290103003343e-06
78.0 1.2878955910793509e-06
79.0 1.2659621718583677e-06
80.0 1.2440287526373846e-06
81.0 1.222095333416401e-06
82.0 1.2010420507274479e-06
83.0 1.1822108511988289e-06
84.0 1.1633796516702099e-06
85.0 1.1445484521415909e-06
86.0 1.1257172526129719e-06
87.0 1.106886053084353e-06
88.0 1.0880548535557341e-06
89.0 1.0718500846031106e-06
90.0 1.0556730311750745e-06
91.0 1.0394959777470389e-06
92.0 1.023318924319003e-06
93.0 1.0071418708909674e-06
94.0 9.909648174629315e-07
95.0 9.753150093722832e-07
96.0 9.61641500900111e-07
97.0 9.479679924279387e-07
98.0 9.342944839557661e-07
99.0 9.206209754835938e-07
100.0 9.069474670114214e-07
101.0 8.93273958539249e-07
102.0 8.796004500670768e-07
103.0 8.677721108385061e-07
104.0 8.561273852356597e-07
105.0 8.44482659632813e-07
106.0 8.328379340299663e-07
107.0 8.211932084271196e-07
108.0 8.095484828242734e-07
109.0 7.979037572214267e-07
110.0 7.863403606307743e-07
111.0 7.764625758130147e-07
112.0 7.66584790995255e-07
113.0 7.567070061774955e-07
114.0 7.468292213597357e-07
115.0 7.369514365419764e-07
116.0 7.270736517242166e-07
117.0 7.17195866906457e-07
118.0 7.073180820886973e-07
119.0 6.984229001341282e-07
120.0 6.902484173617613e-07
121.0 6.820739345893943e-07
122.0 6.73899451817027e-07
123.0 6.657249690446601e-07
124.0 6.575504862722933e-07
125.0 6.493760034999262e-07
126.0 6.412015207275592e-07
127.0 6.33027037955192e-07
128.0 6.254328420762553e-07
129.0 6.185325877064186e-07
130.0 6.116323333365814e-07
131.0 6.047320789667449e-07
132.0 5.978318245969078e-07
133.0 5.909315702270709e-07
134.0 5.840313158572338e-07
135.0 5.771310614873969e-07
136.0 5.7023080711756e-07
137.0 5.633305527477229e-07
138.0 5.571542861198141e-07
139.0 5.514007670265773e-07
140.0 5.456472479333405e-07
141.0 5.398937288401038e-07
142.0 5.34140209746867e-07
143.0 5.283866906536302e-07
144.0 5.226331715603934e-07
145.0 5.168796524671567e-07
146.0 5.111261333739198e-07
147.0 5.053726142806829e-07
148.0 4.996700345258583e-07
149.0 4.949232524230144e-07
150.0 4.901764703201707e-07
151.0 4.854296882173271e-07
152.0 4.806829061144832e-07
153.0 4.7593612401163927e-07
154.0 4.711893419087955e-07
155.0 4.664425598059519e-07
156.0 4.6169577770310807e-07
157.0 4.569489956002642e-07
158.0 4.5220221349742044e-07
159.0 4.474554313945766e-07
160.0 4.4323711449085586e-07
161.0 4.392973054149996e-07
162.0 4.353574963391433e-07
163.0 4.31417687263287e-07
164.0 4.2747787818743086e-07
165.0 4.2353806911157444e-07
166.0 4.1959826003571823e-07
167.0 4.156584509598619e-07
168.0 4.117186418840057e-07
169.0 4.0777883280814944e-07
170.0 4.0383902373229307e-07
171.0 3.998992146564368e-07
172.0 3.962301419708237e-07
173.0 3.93000184312406e-07
174.0 3.897702266539883e-07
175.0 3.8654026899557064e-07
176.0 3.833103113371529e-07
177.0 3.800803536787352e-07
178.0 3.7685039602031756e-07
179.0 3.7362043836189984e-07
180.0 3.703904807034821e-07
181.0 3.6716052304506443e-07
182.0 3.639305653866467e-07
183.0 3.6070060772822903e-07
184.0 3.5747065006981125e-07
185.0 3.543323399457014e-07
186.0 3.5166613827724833e-07
187.0 3.4899993660879513e-07
188.0 3.463337349403419e-07
189.0 3.4366753327188874e-07
190.0 3.4100133160343554e-07
191.0 3.383351299349823e-07
192.0 3.356689282665291e-07
193.0 3.330027265980759e-07
194.0 3.3033652492962286e-07
195.0 3.2767032326116956e-07
196.0 3.2500412159271637e-07
197.0 3.223379199242631e-07
198.0 3.1967171825580997e-07
199.0 3.1700551658735683e-07
200.0 3.1478771566379267e-07
201.0 3.1260597847297315e-07
202.0 3.104242412821534e-07
203.0 3.0824250409133375e-07
204.0 3.0606076690051413e-07
205.0 3.0387902970969446e-07
206.0 3.0169729251887484e-07
207.0 2.9951555532805517e-07
208.0 2.9733381813723555e-07
209.0 2.95152080946416e-07
210.0 2.929703437555963e-07
211.0 2.9078860656477663e-07
212.0 2.88606869373957e-07
213.0 2.864251321831373e-07
214.0 2.842433949923177e-07
215.0 2.823026317966847e-07
216.0 2.8052797602413695e-07
217.0 2.787533202515892e-07
218.0 2.7697866447904155e-07
219.0 2.7520400870649394e-07
220.0 2.734293529339462e-07
221.0 2.716546971613986e-07
222.0 2.6988004138885093e-07
223.0 2.6810538561630316e-07
224.0 2.663307298437556e-07
225.0 2.6455607407120787e-07
226.0 2.627814182986601e-07
227.0 2.610067625261125e-07
228.0 2.5923210675356486e-07
229.0 2.574574509810171e-07
230.0 2.5568279520846947e-07
231.0 2.539324687287593e-07
232.0 2.524725998343214e-07
233.0 2.5101273093988345e-07
234.0 2.495528620454455e-07
235.0 2.4809299315100755e-07
236.0 2.466331242565696e-07
237.0 2.451732553621317e-07
238.0 2.4371338646769375e-07
239.0 2.4225351757325574e-07
240.0 2.407936486788178e-07
241.0 2.393337797843799e-07
242.0 2.378739108899419e-07
243.0 2.3641404199550396e-07
244.0 2.3495417310106603e-07
245.0 2.3349430420662808e-07
246.0 2.320344353121901e-07
247.0 2.3057456641775215e-07
248.0 2.2911469752331422e-07
249.0 2.277355224173491e-07
250.0 2.2655334546539197e-07
251.0 2.2537116851343488e-07
252.0 2.2418899156147775e-07
253.0 2.2300681460952056e-07
254.0 2.2182463765756353e-07
255.0 2.206424607056064e-07
256.0 2.1946028375364923e-07
257.0 2.1827810680169213e-07
258.0 2.17095929849735e-07
259.0 2.1591375289777785e-07
260.0 2.1473157594582072e-07
261.0 2.1354939899386358e-07
262.0 2.1236722204190653e-07
263.0 2.1118504508994942e-07
264.0 2.1000286813799228e-07
265.0 2.088206911860351e-07
266.0 2.0763851423407804e-07
267.0 2.0645633728212088e-07
268.0 2.0530428660241587e-07
269.0 2.043471417678201e-07
270.0 2.033899969332243e-07
271.0 2.0243285209862853e-07
272.0 2.014757072640328e-07
273.0 2.0051856242943705e-07
274.0 1.995614175948413e-07
275.0 1.9860427276024553e-07
276.0 1.9764712792564976e-07
277.0 1.9668998309105396e-07
278.0 1.9573283825645822e-07
279.0 1.9477569342186245e-07
280.0 1.938185485872667e-07
281.0 1.92861403752671e-07
282.0 1.9190425891807517e-07
283.0 1.9094711408347942e-07
284.0 1.8998996924888365e-07
285.0 1.8903282441428788e-07
286.0 1.8807567957969214e-07
287.0 1.8711853474509637e-07
288.0 1.861613899105006e-07
289.0 1.8529209359885966e-07
290.0 1.8451007568617126e-07
291.0 1.8372805777348286e-07
292.0 1.8294603986079446e-07
293.0 1.821640219481061e-07
294.0 1.813820040354177e-07
295.0 1.805999861227293e-07
296.0 1.7981796821004092e-07
297.0 1.7903595029735252e-07
298.0 1.7825393238466413e-07
299.0 1.7747191447197573e-07
300.0 1.7668989655928735e-07
301.0 1.7590787864659898e-07
302.0 1.7512586073391056e-07
303.0 1.743438428212222e-07
304.0 1.7356182490853379e-07
305.0 1.7277980699584541e-07
306.0 1.7199778908315704e-07
307.0 1.7121577117046864e-07
308.0 1.7043375325778027e-07
309.0 1.6965173534509187e-07
310.0 1.6886971743240347e-07
311.0 1.681290541760698e-07
312.0 1.6749463025471216e-07
313.0 1.6686020633335453e-07
314.0 1.6622578241199696e-07
315.0 1.6559135849063927e-07
316.0 1.6495693456928164e-07
317.0 1.6432251064792401e-07
318.0 1.6368808672656638e-07
319.0 1.6305366280520875e-07
320.0 1.6241923888385112e-07
321.0 1.617848149624935e-07
322.0 1.6115039104113586e-07
323.0 1.6051596711977823e-07
324.0 1.598815431984206e-07
325.0 1.59247119277063e-07
326.0 1.5861269535570534e-07
327.0 1.579782714343477e-07
328.0 1.5734384751299008e-07
329.0 1.5670942359163245e-07
330.0 1.5607499967027482e-07
331.0 1.554405757489172e-07
332.0 1.5480615182755956e-07
333.0 1.5417172790620193e-07
334.0 1.535373039848443e-07
335.0 1.5294426955510907e-07
336.0 1.5242906810350613e-07
337.0 1.519138666519032e-07
338.0 1.5139866520030023e-07
339.0 1.508834637486973e-07
340.0 1.5036826229709436e-07
341.0 1.498530608454914e-07
342.0 1.4933785939388848e-07
343.0 1.4882265794228552e-07
344.0 1.483074564906826e-07
345.0 1.4779225503907964e-07
346.0 1.4727705358747668e-07
347.0 1.4676185213587377e-07
348.0 1.462466506842708e-07
349.0 1.4573144923266784e-07
350.0 1.4521624778106487e-07
351.0 1.4470104632946196e-07
352.0 1.4418584487785903e-07
353.0 1.436706434262561e-07
354.0 1.4315544197465315e-07
355.0 1.4264024052305019e-07
356.0 1.4212503907144725e-07
357.0 1.416098376198443e-07
358.0 1.410946361682414e-07
359.0 1.4057943471663844e-07
360.0 1.4006423326503545e-07
361.0 1.3960443596328708e-07
362.0 1.3918631511358068e-07
363.0 1.3876819426387427e-07
364.0 1.3835007341416782e-07
365.0 1.379319525644614e-07
366.0 1.3751383171475503e-07
367.0 1.3709571086504858e-07
368.0 1.3667759001534215e-07
369.0 1.3625946916563574e-07
370.0 1.3584134831592934e-07
371.0 1.354232274662229e-07
372.0 1.3500510661651648e-07
373.0 1.3458698576681007e-07
374.0 1.3416886491710364e-07
375.0 1.3375074406739724e-07
376.0 1.3333262321769078e-07
377.0 1.3291450236798437e-07
378.0 1.32496381518278e-07
379.0 1.3207826066857157e-07
380.0 1.3166013981886513e-07
381.0 1.3124201896915873e-07
382.0 1.3082389811945227e-07
383.0 1.304057772697459e-07
384.0 1.2998765642003946e-07
385.0 1.2956953557033303e-07
386.0 1.2915141472062663e-07
387.0 1.287332938709202e-07
388.0 1.283151730212138e-07
389.0 1.2795868856577097e-07
390.0 1.2761677256729448e-07
391.0 1.2727485656881797e-07
392.0 1.2693294057034152e-07
393.0 1.2659102457186496e-07
394.0 1.2624910857338847e-07
395.0 1.25907192574912e-07
396.0 1.2556527657643548e-07
397.0 1.2522336057795897e-07
398.0 1.2488144457948246e-07
399.0 1.24539528581006e-07
400.0 1.2419761258252947e-07
401.0 1.2385569658405294e-07
402.0 1.2351378058557648e-07
403.0 1.2317186458709995e-07
404.0 1.228299485886235e-07
405.0 1.2248803259014698e-07
406.0 1.2214611659167047e-07
407.0 1.2180420059319402e-07
408.0 1.2146228459471745e-07
409.0 1.21120368596241e-07
410.0 1.2077845259776446e-07
411.0 1.2043653659928798e-07
412.0 1.200946206008115e-07
413.0 1.19752704602335e-07
414.0 1.1941078860385848e-07
415.0 1.1906887260538198e-07
416.0 1.1872695660690549e-07
417.0 1.1838504060842896e-07
418.0 1.1804312460995247e-07
419.0 1.1775698753530511e-07
420.0 1.1747646126598917e-07
421.0 1.1719593499667327e-07
422.0 1.1691540872735733e-07
423.0 1.1663488245804144e-07
424.0 1.1635435618872547e-07
425.0 1.1607382991940957e-07
426.0 1.1579330365009366e-07
427.0 1.1551277738077774e-07
428.0 1.152322511114618e-07
429.0 1.1495172484214587e-07
430.0 1.1467119857282996e-07
431.0 1.1439067230351404e-07
432.0 1.141101460341981e-07
433.0 1.1382961976488217e-07
434.0 1.1354909349556626e-07
435.0 1.1326856722625032e-07
436.0 1.129880409569344e-07
437.0 1.1270751468761848e-07
438.0 1.1242698841830254e-07
439.0 1.1214646214898662e-07
440.0 1.1186593587967071e-07
441.0 1.1158540961035478e-07
442.0 1.1130488334103887e-07
443.0 1.1102435707172293e-07
444.0 1.1074383080240701e-07
445.0 1.1046330453309108e-07
446.0 1.1018277826377516e-07
447.0 1.0990225199445923e-07
448.0 1.096217257251433e-07
449.0 1.0934119945582739e-07
450.0 1.0906067318651146e-07
451.0 1.088171997002033e-07
452.0 1.0858920575031116e-07
453.0 1.08361211800419e-07
454.0 1.0813321785052688e-07
455.0 1.079052239006347e-07
456.0 1.0767722995074254e-07
457.0 1.0744923600085039e-07
458.0 1.0722124205095828e-07
459.0 1.0699324810106612e-07
460.0 1.0676525415117397e-07
461.0 1.065372602012818e-07
462.0 1.0630926625138965e-07
463.0 1.060812723014975e-07
464.0 1.0585327835160538e-07
465.0 1.0562528440171322e-07
466.0 1.0539729045182105e-07
467.0 1.0516929650192889e-07
468.0 1.0494130255203675e-07
469.0 1.047133086021446e-07
470.0 1.0448531465225245e-07
471.0 1.042573207023603e-07
472.0 1.0402932675246814e-07
473.0 1.0380133280257599e-07
474.0 1.0357333885268385e-07
475.0 1.0334534490279169e-07
476.0 1.0311735095289954e-07
477.0 1.0288935700300738e-07
478.0 1.0266136305311523e-07
479.0 1.024333691032231e-07
480.0 1.0220537515333094e-07
481.0 1.019773812034388e-07
482.0 1.0174938725354663e-07
483.0 1.015213933036545e-07
484.0 1.0129339935376233e-07
485.0 1.010662252136886e-07
486.0 1.0087614566600968e-07
487.0 1.0068606611833076e-07
488.0 1.0049598657065182e-07
489.0 1.0030590702297292e-07
490.0 1.00115827475294e-07
491.0 9.992574792761504e-08
492.0 9.973566837993613e-08
493.0 9.954558883225718e-08
494.0 9.935550928457829e-08
495.0 9.916542973689935e-08
496.0 9.897535018922042e-08
497.0 9.878527064154152e-08
498.0 9.859519109386256e-08
499.0 9.840511154618367e-08
500.0 9.821503199850474e-08
501.0 9.80249524508258e-08
502.0 9.783487290314686e-08
503.0 9.764479335546794e-08
504.0 9.745471380778904e-08
505.0 9.726463426011011e-08
506.0 9.707455471243116e-08
507.0 9.688447516475223e-08
508.0 9.669439561707332e-08
509.0 9.65043160693944e-08
510.0 9.631423652171549e-08
511.0 9.612415697403653e-08
512.0 9.593407742635763e-08
513.0 9.574399787867868e-08
514.0 9.555391833099978e-08
515.0 9.536383878332085e-08
516.0 9.517375923564191e-08
517.0 9.498367968796299e-08
518.0 9.479360014028406e-08
519.0 9.460352059260516e-08
520.0 9.441344104492622e-08
521.0 9.422336149724731e-08
522.0 9.403328194956836e-08
523.0 9.386467961564847e-08
524.0 9.370682792822316e-08
525.0 9.354897624079787e-08
526.0 9.33911245533726e-08
527.0 9.323327286594728e-08
528.0 9.3075421178522e-08
529.0 9.291756949109672e-08
530.0 9.275971780367142e-08
531.0 9.260186611624613e-08
532.0 9.244401442882082e-08
533.0 9.228616274139554e-08
534.0 9.212831105397025e-08
535.0 9.197045936654495e-08
536.0 9.181260767911966e-08
537.0 9.165475599169438e-08
538.0 9.149690430426907e-08
539.0 9.133905261684379e-08
540.0 9.118120092941851e-08
541.0 9.102334924199321e-08
542.0 9.086549755456792e-08
543.0 9.070764586714261e-08
544.0 9.054979417971733e-08
545.0 9.039194249229205e-08
546.0 9.023409080486674e-08
547.0 9.007623911744145e-08
548.0 8.991838743001617e-08
549.0 8.976053574259086e-08
550.0 8.960268405516558e-08
551.0 8.94448323677403e-08
552.0 8.9286980680315e-08
553.0 8.912912899288971e-08
554.0 8.897127730546442e-08
555.0 8.881342561803912e-08
556.0 8.865557393061384e-08
557.0 8.849772224318853e-08
558.0 8.833987055576324e-08
559.0 8.818201886833796e-08
560.0 8.802416718091265e-08
561.0 8.786631549348736e-08
562.0 8.770846380606209e-08
563.0 8.756182707534532e-08
564.0 8.742981942746753e-08
565.0 8.72978117795897e-08
566.0 8.716580413171192e-08
567.0 8.703379648383411e-08
568.0 8.69017888359563e-08
569.0 8.676978118807849e-08
570.0 8.663777354020067e-08
571.0 8.650576589232286e-08
572.0 8.637375824444508e-08
573.0 8.624175059656727e-08
574.0 8.610974294868947e-08
575.0 8.597773530081165e-08
576.0 8.584572765293384e-08
577.0 8.571372000505604e-08
578.0 8.558171235717824e-08
579.0 8.544970470930043e-08
580.0 8.531769706142263e-08
581.0 8.518568941354481e-08
582.0 8.505368176566698e-08
583.0 8.492167411778923e-08
584.0 8.478966646991138e-08
585.0 8.465765882203358e-08
586.0 8.452565117415577e-08
587.0 8.439364352627795e-08
588.0 8.426163587840016e-08
589.0 8.412962823052235e-08
590.0 8.399762058264454e-08
591.0 8.386561293476675e-08
592.0 8.373360528688893e-08
593.0 8.360159763901114e-08
594.0 8.346958999113333e-08
595.0 8.333758234325552e-08
596.0 8.32055746953777e-08
597.0 8.307356704749991e-08
598.0 8.294155939962209e-08
599.0 8.280955175174428e-08
600.0 8.267754410386647e-08
601.0 8.254553645598867e-08
602.0 8.241352880811086e-08
603.0 8.228152116023306e-08
604.0 8.214951351235526e-08
605.0 8.201750586447745e-08
606.0 8.188752034006481e-08
607.0 8.177522293593361e-08
608.0 8.166292553180245e-08
609.0 8.155062812767125e-08
610.0 8.143833072354012e-08
611.0 8.132603331940892e-08
612.0 8.121373591527775e-08
613.0 8.110143851114658e-08
614.0 8.09891411070154e-08
615.0 8.087684370288425e-08
616.0 8.076454629875305e-08
617.0 8.065224889462186e-08
618.0 8.053995149049069e-08
619.0 8.042765408635952e-08
620.0 8.031535668222834e-08
621.0 8.020305927809716e-08
622.0 8.009076187396599e-08
623.0 7.997846446983482e-08
624.0 7.986616706570364e-08
625.0 7.975386966157248e-08
626.0 7.96415722574413e-08
627.0 7.952927485331013e-08
628.0 7.941697744917895e-08
629.0 7.930468004504778e-08
630.0 7.91923826409166e-08
631.0 7.908008523678543e-08
632.0 7.896778783265426e-08
633.0 7.885549042852308e-08
634.0 7.874319302439189e-08
635.0 7.863089562026073e-08
636.0 7.851859821612955e-08
637.0 7.840630081199836e-08
638.0 7.829400340786719e-08
639.0 7.818170600373603e-08
640.0 7.806940859960486e-08
641.0 7.795711119547366e-08
642.0 7.78448137913425e-08
643.0 7.773251638721135e-08
644.0 7.762021898308016e-08
645.0 7.750792157894899e-08
646.0 7.739562417481782e-08
647.0 7.728332677068665e-08
648.0 7.717102936655546e-08
649.0 7.705873196242429e-08
650.0 7.69464345582931e-08
651.0 7.683413715416195e-08
652.0 7.672183975003076e-08
653.0 7.661663498631625e-08
654.0 7.652069278522311e-08
655.0 7.642475058412998e-08
656.0 7.632880838303684e-08
657.0 7.62328661819437e-08
658.0 7.613692398085056e-08
659.0 7.604098177975743e-08
660.0 7.594503957866427e-08
661.0 7.584909737757116e-08
662.0 7.575315517647801e-08
663.0 7.565721297538487e-08
664.0 7.556127077429175e-08
665.0 7.546532857319862e-08
666.0 7.536938637210547e-08
667.0 7.527344417101234e-08
668.0 7.517750196991918e-08
669.0 7.508155976882605e-08
670.0 7.49856175677329e-08
671.0 7.488967536663978e-08
672.0 7.479373316554665e-08
673.0 7.469779096445352e-08
674.0 7.460184876336036e-08
675.0 7.450590656226724e-08
676.0 7.440996436117409e-08
677.0 7.431402216008096e-08
678.0 7.421807995898783e-08
679.0 7.412213775789468e-08
680.0 7.402619555680155e-08
681.0 7.393025335570841e-08
682.0 7.383431115461528e-08
683.0 7.373836895352215e-08
684.0 7.364242675242899e-08
685.0 7.354648455133586e-08
686.0 7.345054235024273e-08
687.0 7.335460014914959e-08
688.0 7.325865794805643e-08
689.0 7.316271574696331e-08
690.0 7.306677354587017e-08
691.0 7.297083134477705e-08
692.0 7.287488914368391e-08
693.0 7.277894694259077e-08
694.0 7.268300474149764e-08
695.0 7.258706254040449e-08
696.0 7.249112033931135e-08
697.0 7.239517813821822e-08
698.0 7.229923593712509e-08
699.0 7.220329373603195e-08
700.0 7.210735153493881e-08
701.0 7.201140933384566e-08
702.0 7.191546713275255e-08
703.0 7.182171268709325e-08
704.0 7.173863336182484e-08
705.0 7.16555540365564e-08
706.0 7.157247471128798e-08
707.0 7.148939538601956e-08
708.0 7.140631606075111e-08
709.0 7.13232367354827e-08
710.0 7.124015741021427e-08
711.0 7.115707808494585e-08
712.0 7.107399875967743e-08
713.0 7.0990919434409e-08
714.0 7.090784010914057e-08
715.0 7.082476078387215e-08
716.0 7.074168145860373e-08
717.0 7.06586021333353e-08
718.0 7.057552280806689e-08
719.0 7.049244348279847e-08
720.0 7.040936415753004e-08
721.0 7.032628483226162e-08
722.0 7.02432055069932e-08
723.0 7.016012618172477e-08
724.0 7.007704685645634e-08
725.0 6.999396753118792e-08
726.0 6.991088820591948e-08
727.0 6.982780888065106e-08
728.0 6.974472955538263e-08
729.0 6.966165023011421e-08
730.0 6.95785709048458e-08
731.0 6.949549157957737e-08
732.0 6.941241225430895e-08
733.0 6.932933292904052e-08
734.0 6.92462536037721e-08
735.0 6.916317427850366e-08
736.0 6.908009495323524e-08
737.0 6.899701562796681e-08
738.0 6.891393630269839e-08
739.0 6.883085697742997e-08
740.0 6.874777765216154e-08
741.0 6.866469832689313e-08
742.0 6.85816190016247e-08
743.0 6.849853967635628e-08
744.0 6.841546035108783e-08
745.0 6.833238102581942e-08
746.0 6.8249301700551e-08
747.0 6.816622237528257e-08
748.0 6.808314305001415e-08
749.0 6.800006372474573e-08
750.0 6.79169843994773e-08
751.0 6.783390507420888e-08
752.0 6.775082574894045e-08
753.0 6.766774642367202e-08
754.0 6.75846670984036e-08
755.0 6.75015877731352e-08
756.0 6.741850844786674e-08
757.0 6.733580922578055e-08
758.0 6.72635970250857e-08
759.0 6.719138482439084e-08
760.0 6.711917262369598e-08
761.0 6.704696042300114e-08
762.0 6.697474822230627e-08
763.0 6.690253602161141e-08
764.0 6.683032382091656e-08
765.0 6.67581116202217e-08
766.0 6.668589941952685e-08
767.0 6.661368721883199e-08
768.0 6.654147501813714e-08
769.0 6.646926281744227e-08
770.0 6.639705061674742e-08
771.0 6.632483841605257e-08
772.0 6.62526262153577e-08
773.0 6.618041401466285e-08
774.0 6.6108201813968e-08
775.0 6.603598961327315e-08
776.0 6.596377741257829e-08
777.0 6.589156521188341e-08
778.0 6.581935301118855e-08
779.0 6.574714081049371e-08
780.0 6.567492860979887e-08
781.0 6.560271640910401e-08
782.0 6.553050420840914e-08
783.0 6.54582920077143e-08
784.0 6.538607980701941e-08
785.0 6.531386760632459e-08
786.0 6.524165540562971e-08
787.0 6.516944320493484e-08
788.0 6.509723100424e-08
789.0 6.502501880354515e-08
790.0 6.49528066028503e-08
791.0 6.488059440215543e-08
792.0 6.480838220146057e-08
793.0 6.473617000076572e-08
794.0 6.466395780007087e-08
795.0 6.4591745599376e-08
796.0 6.451953339868116e-08
797.0 6.44473211979863e-08
798.0 6.437510899729143e-08
799.0 6.430289679659658e-08
800.0 6.423068459590173e-08
801.0 6.415847239520686e-08
802.0 6.4086260194512e-08
803.0 6.401404799381716e-08
804.0 6.39418357931223e-08
805.0 6.386962359242744e-08
806.0 6.379741139173259e-08
807.0 6.372519919103772e-08
808.0 6.365298699034287e-08
809.0 6.358077478964802e-08
810.0 6.350856258895315e-08
811.0 6.343635038825832e-08
812.0 6.336413818756345e-08
813.0 6.329192598686859e-08
814.0 6.321971378617373e-08
815.0 6.314750158547888e-08
816.0 6.308130369902945e-08
817.0 6.30173286637594e-08
818.0 6.295335362848933e-08
819.0 6.288937859321928e-08
820.0 6.282540355794923e-08
821.0 6.276142852267916e-08
822.0 6.26974534874091e-08
823.0 6.263347845213907e-08
824.0 6.256950341686902e-08
825.0 6.250552838159896e-08
826.0 6.244155334632889e-08
827.0 6.237757831105884e-08
828.0 6.231360327578878e-08
829.0 6.224962824051873e-08
830.0 6.218565320524867e-08
831.0 6.212167816997862e-08
832.0 6.205770313470857e-08
833.0 6.19937280994385e-08
834.0 6.192975306416845e-08
835.0 6.186577802889839e-08
836.0 6.180180299362834e-08
837.0 6.173782795835826e-08
838.0 6.167385292308821e-08
839.0 6.160987788781815e-08
840.0 6.154590285254811e-08
841.0 6.148192781727806e-08
842.0 6.1417952782008e-08
843.0 6.135397774673795e-08
844.0 6.129000271146787e-08
845.0 6.122602767619782e-08
846.0 6.116205264092777e-08
847.0 6.109807760565772e-08
848.0 6.103410257038767e-08
849.0 6.097012753511761e-08
850.0 6.090615249984756e-08
851.0 6.084217746457748e-08
852.0 6.077820242930743e-08
853.0 6.071422739403738e-08
854.0 6.065025235876733e-08
855.0 6.058627732349727e-08
856.0 6.052230228822722e-08
857.0 6.045832725295717e-08
858.0 6.03943522176871e-08
859.0 6.033037718241706e-08
860.0 6.0266402147147e-08
861.0 6.020242711187694e-08
862.0 6.013845207660688e-08
863.0 6.007447704133683e-08
864.0 6.001050200606678e-08
865.0 5.994652697079673e-08
866.0 5.988255193552665e-08
867.0 5.98185769002566e-08
868.0 5.975460186498655e-08
869.0 5.969062682971649e-08
870.0 5.962665179444644e-08
871.0 5.95626767591764e-08
872.0 5.9498701723906335e-08
873.0 5.9434726688636285e-08
874.0 5.937075165336621e-08
875.0 5.930677661809617e-08
876.0 5.924280158282611e-08
877.0 5.917882654755606e-08
878.0 5.911485151228601e-08
879.0 5.905743900384216e-08
880.0 5.900048713966554e-08
881.0 5.89435352754889e-08
882.0 5.888658341131226e-08
883.0 5.882963154713562e-08
884.0 5.877267968295898e-08
885.0 5.871572781878234e-08
886.0 5.865877595460569e-08
887.0 5.860182409042906e-08
888.0 5.8544872226252424e-08
889.0 5.848792036207578e-08
890.0 5.843096849789914e-08
891.0 5.8374016633722505e-08
892.0 5.831706476954586e-08
893.0 5.8260112905369214e-08
894.0 5.820316104119257e-08
895.0 5.8146209177015943e-08
896.0 5.808925731283931e-08
897.0 5.8032305448662666e-08
898.0 5.7975353584486024e-08
899.0 5.791840172030939e-08
900.0 5.7861449856132733e-08
901.0 5.78044979919561e-08
902.0 5.774754612777947e-08
903.0 5.769059426360283e-08
904.0 5.763364239942619e-08
905.0 5.757669053524955e-08
906.0 5.751973867107291e-08
907.0 5.7462786806896285e-08
908.0 5.740583494271962e-08
909.0 5.734888307854299e-08
910.0 5.729193121436635e-08
911.0 5.723497935018971e-08
912.0 5.7178027486013075e-08
913.0 5.7121075621836433e-08
914.0 5.706412375765979e-08
915.0 5.700717189348314e-08
916.0 5.69502200293065e-08
917.0 5.689326816512987e-08
918.0 5.6836316300953236e-08
919.0 5.6779364436776594e-08
920.0 5.6722412572599966e-08
921.0 5.666546070842332e-08
922.0 5.660850884424666e-08
923.0 5.6551556980070026e-08
924.0 5.64946051158934e-08
925.0 5.6437653251716755e-08
926.0 5.638070138754012e-08
927.0 5.632374952336348e-08
928.0 5.626679765918684e-08
929.0 5.6209845795010214e-08
930.0 5.6152893930833545e-08
931.0 5.609594206665691e-08
932.0 5.603899020248028e-08
933.0 5.598203833830364e-08
934.0 5.5925086474127004e-08
935.0 5.586813460995036e-08
936.0 5.5811182745773726e-08
937.0 5.575423088159707e-08
938.0 5.569727901742044e-08
939.0 5.564032715324381e-08
940.0 5.5583375289067165e-08
941.0 5.552642342489052e-08
942.0 5.54694715607139e-08
943.0 5.5412519696537245e-08
944.0 5.5355567832360597e-08
945.0 5.5298615968183955e-08
946.0 5.524363186016591e-08
947.0 5.519319856118555e-08
948.0 5.514276526220517e-08
949.0 5.5092331963224815e-08
950.0 5.504189866424446e-08
951.0 5.499146536526409e-08
952.0 5.4941032066283735e-08
953.0 5.489059876730336e-08
954.0 5.4840165468323004e-08
955.0 5.478973216934265e-08
956.0 5.473929887036228e-08
957.0 5.468886557138191e-08
958.0 5.4638432272401555e-08
959.0 5.4587998973421187e-08
960.0 5.453756567444082e-08
961.0 5.4487132375460456e-08
962.0 5.44366990764801e-08
963.0 5.4386265777499744e-08
964.0 5.433583247851937e-08
965.0 5.428539917953901e-08
966.0 5.4234965880558645e-08
967.0 5.418453258157829e-08
968.0 5.413409928259792e-08
969.0 5.408366598361756e-08
970.0 5.4033232684637196e-08
971.0 5.3982799385656834e-08
972.0 5.393236608667647e-08
973.0 5.388193278769611e-08
974.0 5.383149948871575e-08
975.0 5.378106618973537e-08
976.0 5.373063289075501e-08
977.0 5.368019959177465e-08
978.0 5.3629766292794285e-08
979.0 5.3579332993813936e-08
980.0 5.352889969483356e-08
981.0 5.34784663958532e-08
982.0 5.342803309687285e-08
983.0 5.3377599797892474e-08
984.0 5.3327166498912125e-08
985.0 5.327673319993174e-08
986.0 5.322629990095138e-08
987.0 5.3175866601971025e-08
988.0 5.3125433302990657e-08
989.0 5.30750000040103e-08
990.0 5.302456670502993e-08
991.0 5.297413340604957e-08
992.0 5.29237001070692e-08
993.0 5.2873266808088846e-08
994.0 5.282283350910848e-08
995.0 5.277240021012812e-08
996.0 5.272196691114775e-08
997.0 5.267153361216739e-08
998.0 5.262110031318702e-08
999.0 5.257066701420668e-08
1000.0 5.252023371522631e-08
1001.0 5.2469800416245935e-08
1002.0 5.241936711726557e-08
1003.0 5.236893381828521e-08
1004.0 5.2318500519304855e-08
1005.0 5.226806722032447e-08
1006.0 5.2217633921344124e-08
1007.0 5.216720062236376e-08
1008.0 5.21167673233834e-08
1009.0 5.206633402440303e-08
1010.0 5.201590072542266e-08
1011.0 5.196546742644231e-08
1012.0 5.191503412746195e-08
1013.0 5.186460082848158e-08
1014.0 5.1814167529501227e-08
1015.0 5.176373423052085e-08
1016.0 5.17133009315405e-08
1017.0 5.166286763256013e-08
1018.0 5.1612434333579765e-08
1019.0 5.156419391204537e-08
1020.0 5.151852807732269e-08
1021.0 5.14728622426e-08
1022.0 5.142719640787731e-08
1023.0 5.138153057315463e-08
1024.0 5.1335864738431955e-08
1025.0 5.1290198903709273e-08
1026.0 5.1244533068986585e-08
1027.0 5.11988672342639e-08
1028.0 5.1153201399541215e-08
1029.0 5.110753556481854e-08
1030.0 5.106186973009585e-08
1031.0 5.101620389537317e-08
1032.0 5.097053806065049e-08
1033.0 5.09248722259278e-08
1034.0 5.0879206391205126e-08
1035.0 5.0833540556482444e-08
1036.0 5.0787874721759756e-08
1037.0 5.0742208887037075e-08
1038.0 5.0696543052314387e-08
1039.0 5.065087721759171e-08
1040.0 5.0605211382869023e-08
1041.0 5.055954554814635e-08
1042.0 5.051387971342366e-08
1043.0 5.046821387870097e-08
1044.0 5.0422548043978284e-08
1045.0 5.03768822092556e-08
1046.0 5.033121637453294e-08
1047.0 5.028555053981025e-08
1048.0 5.023988470508757e-08
1049.0 5.019421887036488e-08
1050.0 5.014855303564219e-08
1051.0 5.0102887200919526e-08
1052.0 5.005722136619684e-08
1053.0 5.001155553147415e-08
1054.0 4.996588969675147e-08
1055.0 4.992022386202878e-08
1056.0 4.987455802730609e-08
1057.0 4.9828892192583424e-08
1058.0 4.9783226357860735e-08
1059.0 4.9737560523138054e-08
1060.0 4.9691894688415366e-08
1061.0 4.964622885369268e-08
1062.0 4.960056301897e-08
1063.0 4.955489718424733e-08
1064.0 4.950923134952464e-08
1065.0 4.946356551480195e-08
1066.0 4.941789968007926e-08
1067.0 4.937223384535659e-08
1068.0 4.932656801063391e-08
1069.0 4.9280902175911225e-08
1070.0 4.923523634118854e-08
1071.0 4.9189570506465855e-08
1072.0 4.9143904671743174e-08
1073.0 4.9098238837020486e-08
1074.0 4.9052573002297804e-08
1075.0 4.900690716757512e-08
1076.0 4.896124133285244e-08
1077.0 4.891557549812976e-08
1078.0 4.886990966340707e-08
1079.0 4.8824243828684396e-08
1080.0 4.8778577993961715e-08
1081.0 4.8732912159239026e-08
1082.0 4.868724632451635e-08
1083.0 4.864158048979366e-08
1084.0 4.859591465507098e-08
1085.0 4.85502488203483e-08
1086.0 4.850458298562561e-08
1087.0 4.8458917150902944e-08
1088.0 4.841325131618025e-08
1089.0 4.8367585481457574e-08
1090.0 4.8321919646734886e-08
1091.0 4.82762538120122e-08
1092.0 4.823058797728951e-08
1093.0 4.818492214256684e-08
1094.0 4.813925630784416e-08
1095.0 4.809359047312147e-08
1096.0 4.804792463839878e-08
1097.0 4.800229283007724e-08
1098.0 4.7961190813500914e-08
1099.0 4.7920088796924586e-08
1100.0 4.7878986780348264e-08
1101.0 4.7837884763771935e-08
1102.0 4.77967827471956e-08
1103.0 4.7755680730619285e-08
1104.0 4.7714578714042956e-08
1105.0 4.767347669746663e-08
1106.0 4.763237468089031e-08
1107.0 4.759127266431397e-08
1108.0 4.7550170647737656e-08
1109.0 4.7509068631161314e-08
1110.0 4.746796661458499e-08
1111.0 4.7426864598008664e-08
1112.0 4.738576258143234e-08
1113.0 4.734466056485601e-08
1114.0 4.7303558548279685e-08
1115.0 4.726245653170336e-08
1116.0 4.722135451512703e-08
1117.0 4.7180252498550706e-08
1118.0 4.7139150481974384e-08
1119.0 4.709804846539805e-08
1120.0 4.7056946448821734e-08
1121.0 4.701584443224539e-08
1122.0 4.6974742415669063e-08
1123.0 4.693364039909274e-08
1124.0 4.689253838251641e-08
1125.0 4.685143636594008e-08
1126.0 4.681033434936376e-08
1127.0 4.6769232332787434e-08
1128.0 4.6728130316211106e-08
1129.0 4.668702829963479e-08
1130.0 4.664592628305845e-08
1131.0 4.660482426648212e-08
1132.0 4.656372224990579e-08
1133.0 4.652262023332947e-08
1134.0 4.6481518216753135e-08
1135.0 4.6440416200176826e-08
1136.0 4.639931418360049e-08
1137.0 4.635821216702416e-08
1138.0 4.631711015044784e-08
1139.0 4.6276008133871505e-08
1140.0 4.6234906117295184e-08
1141.0 4.6193804100718855e-08
1142.0 4.6152702084142527e-08
1143.0 4.6111600067566185e-08
1144.0 4.607049805098987e-08
1145.0 4.602939603441354e-08
1146.0 4.598829401783722e-08
1147.0 4.59471920012609e-08
1148.0 4.5906089984684556e-08
1149.0 4.586498796810824e-08
1150.0 4.582388595153191e-08
1151.0 4.5782783934955583e-08
1152.0 4.574168191837927e-08
1153.0 4.5700579901802926e-08
1154.0 4.56594778852266e-08
1155.0 4.5618375868650276e-08
1156.0 4.557727385207395e-08
1157.0 4.553617183549761e-08
1158.0 4.54950698189213e-08
1159.0 4.545396780234496e-08
1160.0 4.541286578576864e-08
1161.0 4.537176376919232e-08
1162.0 4.533066175261598e-08
1163.0 4.528955973603966e-08
1164.0 4.524845771946333e-08
1165.0 4.5207355702887004e-08
1166.0 4.516625368631066e-08
1167.0 4.512515166973435e-08
1168.0 4.508404965315802e-08
1169.0 4.504294763658169e-08
1170.0 4.5001845620005375e-08
1171.0 4.496074360342904e-08
1172.0 4.491964158685271e-08
1173.0 4.487853957027639e-08
1174.0 4.483743755370006e-08
1175.0 4.479633553712374e-08
1176.0 4.475523352054741e-08
1177.0 4.471413150397108e-08
1178.0 4.467302948739475e-08
1179.0 4.463192747081842e-08
1180.0 4.459082545424209e-08
1181.0 4.454972343766576e-08
1182.0 4.451082247405031e-08
1183.0 4.4474017873336914e-08
1184.0 4.443721327262352e-08
1185.0 4.440040867191012e-08
1186.0 4.436360407119673e-08
1187.0 4.432679947048334e-08
1188.0 4.428999486976994e-08
1189.0 4.425319026905654e-08
1190.0 4.421638566834316e-08
1191.0 4.417958106762976e-08
1192.0 4.4142776466916366e-08
1193.0 4.410597186620297e-08
1194.0 4.406916726548958e-08
1195.0 4.403236266477619e-08
1196.0 4.39955580640628e-08
1197.0 4.395875346334941e-08
1198.0 4.3921948862636007e-08
1199.0 4.388514426192261e-08
1200.0 4.384833966120922e-08
1201.0 4.381153506049583e-08
1202.0 4.3774730459782434e-08
1203.0 4.373792585906903e-08
1204.0 4.370112125835564e-08
1205.0 4.366431665764225e-08
1206.0 4.362751205692886e-08
1207.0 4.359070745621547e-08
1208.0 4.355390285550207e-08
1209.0 4.351709825478867e-08
1210.0 4.348029365407529e-08
1211.0 4.34434890533619e-08
1212.0 4.3406684452648496e-08
1213.0 4.33698798519351e-08
1214.0 4.33330752512217e-08
1215.0 4.329627065050831e-08
1216.0 4.325946604979492e-08
1217.0 4.322266144908153e-08
1218.0 4.3185856848368137e-08
1219.0 4.314905224765474e-08
1220.0 4.311224764694135e-08
1221.0 4.3075443046227954e-08
1222.0 4.3038638445514564e-08
1223.0 4.300183384480116e-08
1224.0 4.296502924408777e-08
1225.0 4.292822464337438e-08
1226.0 4.2891420042660985e-08
1227.0 4.2854615441947595e-08
1228.0 4.281781084123419e-08
1229.0 4.27810062405208e-08
1230.0 4.274420163980742e-08
1231.0 4.270739703909402e-08
1232.0 4.2670592438380626e-08
1233.0 4.263378783766723e-08
1234.0 4.259698323695383e-08
1235.0 4.256017863624044e-08
1236.0 4.252337403552705e-08
1237.0 4.2486569434813657e-08
1238.0 4.2449764834100253e-08
1239.0 4.241296023338687e-08
1240.0 4.2376155632673474e-08
1241.0 4.2339351031960084e-08
1242.0 4.2302546431246694e-08
1243.0 4.226574183053329e-08
1244.0 4.2228937229819894e-08
1245.0 4.219213262910651e-08
1246.0 4.2155328028393115e-08
1247.0 4.211852342767972e-08
1248.0 4.208171882696632e-08
1249.0 4.204491422625293e-08
1250.0 4.200810962553954e-08
1251.0 4.1971305024826146e-08
1252.0 4.193450042411274e-08
1253.0 4.189769582339936e-08
1254.0 4.186089122268596e-08
1255.0 4.182408662197257e-08
1256.0 4.178728202125918e-08
1257.0 4.1750477420545787e-08
1258.0 4.171367281983239e-08
1259.0 4.1676868219119e-08
1260.0 4.1640063618405604e-08
1261.0 4.160325901769221e-08
1262.0 4.156645441697881e-08
1263.0 4.1529649816265414e-08
1264.0 4.1492845215552025e-08
1265.0 4.145604061483864e-08
1266.0 4.1419236014125245e-08
1267.0 4.138243141341185e-08
1268.0 4.134562681269845e-08
1269.0 4.130882221198506e-08
1270.0 4.1272017611271666e-08
1271.0 4.1235213010558276e-08
1272.0 4.119840840984488e-08
1273.0 4.116341140509956e-08
1274.0 4.1130160159066875e-08
1275.0 4.1096908913034196e-08
1276.0 4.1063657667001504e-08
1277.0 4.103040642096883e-08
1278.0 4.0997155174936146e-08
1279.0 4.0963903928903474e-08
1280.0 4.0930652682870795e-08
1281.0 4.089740143683811e-08
1282.0 4.086415019080543e-08
1283.0 4.083089894477274e-08
1284.0 4.079764769874007e-08
1285.0 4.076439645270738e-08
1286.0 4.07311452066747e-08
1287.0 4.069789396064203e-08
1288.0 4.0664642714609344e-08
1289.0 4.0631391468576665e-08
1290.0 4.0598140222543986e-08
1291.0 4.05648889765113e-08
1292.0 4.0531637730478615e-08
1293.0 4.0498386484445936e-08
1294.0 4.0465135238413264e-08
1295.0 4.043188399238058e-08
1296.0 4.03986327463479e-08
1297.0 4.036538150031521e-08
1298.0 4.033213025428254e-08
1299.0 4.0298879008249856e-08
1300.0 4.026562776221717e-08
1301.0 4.02323765161845e-08
1302.0 4.019912527015181e-08
1303.0 4.016587402411913e-08
1304.0 4.013262277808644e-08
1305.0 4.009937153205377e-08
1306.0 4.0066120286021084e-08
1307.0 4.0032869039988405e-08
1308.0 3.9999617793955727e-08
1309.0 3.996636654792305e-08
1310.0 3.993311530189036e-08
1311.0 3.989986405585768e-08
1312.0 3.9866612809825004e-08
1313.0 3.983336156379232e-08
1314.0 3.980011031775964e-08
1315.0 3.976685907172696e-08
1316.0 3.973360782569428e-08
1317.0 3.97003565796616e-08
1318.0 3.966710533362892e-08
1319.0 3.963385408759624e-08
1320.0 3.960060284156355e-08
1321.0 3.9567351595530875e-08
1322.0 3.9534100349498196e-08
1323.0 3.950084910346552e-08
1324.0 3.946759785743283e-08
1325.0 3.9434346611400146e-08
1326.0 3.9401095365367474e-08
1327.0 3.936784411933478e-08
1328.0 3.933459287330211e-08
1329.0 3.930134162726943e-08
1330.0 3.926809038123675e-08
1331.0 3.9234839135204066e-08
1332.0 3.920158788917138e-08
1333.0 3.916833664313871e-08
1334.0 3.9135085397106016e-08
1335.0 3.9101834151073344e-08
1336.0 3.9068582905040665e-08
1337.0 3.903533165900798e-08
1338.0 3.90020804129753e-08
1339.0 3.8968829166942615e-08
1340.0 3.893557792090994e-08
1341.0 3.890232667487725e-08
1342.0 3.886907542884457e-08
1343.0 3.883582418281189e-08
1344.0 3.8802572936779214e-08
1345.0 3.8769321690746535e-08
1346.0 3.873607044471385e-08
1347.0 3.870281919868118e-08
1348.0 3.8669567952648485e-08
1349.0 3.8636316706615806e-08
1350.0 3.860306546058313e-08
1351.0 3.8569814214550455e-08
1352.0 3.853656296851777e-08
1353.0 3.8503311722485084e-08
1354.0 3.8470060476452405e-08
1355.0 3.843680923041972e-08
1356.0 3.840355798438704e-08
1357.0 3.837030673835436e-08
1358.0 3.8337055492321683e-08
1359.0 3.8303804246289e-08
1360.0 3.827055300025632e-08
1361.0 3.823730175422364e-08
1362.0 3.8204050508190955e-08
1363.0 3.8170799262158276e-08
1364.0 3.81375480161256e-08
1365.0 3.810429677009292e-08
1366.0 3.807104552406023e-08
1367.0 3.8037794278027554e-08
1368.0 3.800454303199488e-08
1369.0 3.7971291785962196e-08
1370.0 3.793804053992951e-08
1371.0 3.790649371283255e-08
1372.0 3.787668068996969e-08
1373.0 3.784686766710682e-08
1374.0 3.781705464424396e-08
1375.0 3.77872416213811e-08
1376.0 3.775742859851823e-08
1377.0 3.772761557565537e-08
1378.0 3.76978025527925e-08
1379.0 3.7667989529929636e-08
1380.0 3.763817650706677e-08
1381.0 3.7608363484203904e-08
1382.0 3.757855046134104e-08
1383.0 3.754873743847818e-08
1384.0 3.751892441561531e-08
1385.0 3.748911139275245e-08
1386.0 3.745929836988958e-08
1387.0 3.742948534702672e-08
1388.0 3.739967232416385e-08
1389.0 3.736985930130099e-08
1390.0 3.7340046278438117e-08
1391.0 3.7310233255575264e-08
1392.0 3.728042023271239e-08
1393.0 3.725060720984953e-08
1394.0 3.7220794186986666e-08
1395.0 3.71909811641238e-08
1396.0 3.7161168141260934e-08
1397.0 3.713135511839807e-08
1398.0 3.71015420955352e-08
1399.0 3.707172907267234e-08
1400.0 3.704191604980947e-08
1401.0 3.701210302694661e-08
1402.0 3.698229000408375e-08
1403.0 3.695247698122088e-08
1404.0 3.692266395835802e-08
1405.0 3.6892850935495146e-08
1406.0 3.6863037912632287e-08
1407.0 3.6833224889769414e-08
1408.0 3.6803411866906554e-08
1409.0 3.677359884404368e-08
1410.0 3.674378582118083e-08
1411.0 3.671397279831795e-08
1412.0 3.66841597754551e-08
1413.0 3.6654346752592224e-08
1414.0 3.6624533729729365e-08
1415.0 3.6594720706866505e-08
1416.0 3.656490768400363e-08
1417.0 3.6535094661140773e-08
1418.0 3.650528163827791e-08
1419.0 3.647546861541504e-08
1420.0 3.6445655592552175e-08
1421.0 3.6415842569689316e-08
1422.0 3.638602954682644e-08
1423.0 3.6356216523963584e-08
1424.0 3.632640350110071e-08
1425.0 3.629659047823785e-08
1426.0 3.6266777455374986e-08
1427.0 3.623696443251212e-08
1428.0 3.6207151409649254e-08
1429.0 3.6177338386786394e-08
1430.0 3.614752536392352e-08
1431.0 3.611771234106066e-08
1432.0 3.608789931819779e-08
1433.0 3.605808629533493e-08
1434.0 3.602827327247207e-08
1435.0 3.59984602496092e-08
1436.0 3.596864722674634e-08
1437.0 3.593883420388347e-08
1438.0 3.5909021181020606e-08
1439.0 3.587920815815775e-08
1440.0 3.5849395135294874e-08
1441.0 3.5819582112432015e-08
1442.0 3.578976908956915e-08
1443.0 3.575995606670628e-08
1444.0 3.573014304384342e-08
1445.0 3.570033002098055e-08
1446.0 3.5670516998117685e-08
1447.0 3.564070397525482e-08
1448.0 3.561089095239196e-08
1449.0 3.558107792952909e-08
1450.0 3.555126490666623e-08
1451.0 3.5521451883803355e-08
1452.0 3.54916388609405e-08
1453.0 3.546182583807763e-08
1454.0 3.543201281521477e-08
1455.0 3.54021997923519e-08
1456.0 3.5372386769489044e-08
1457.0 3.5342573746626165e-08
1458.0 3.531276072376331e-08
1459.0 3.528294770090043e-08
1460.0 3.525313467803758e-08
1461.0 3.5223321655174714e-08
1462.0 3.519350863231185e-08
1463.0 3.516369560944899e-08
1464.0 3.513388258658612e-08
1465.0 3.5104069563723257e-08
1466.0 3.5074256540860384e-08
1467.0 3.5044443517997525e-08
1468.0 3.501463049513465e-08
1469.0 3.49848174722718e-08
1470.0 3.495500444940892e-08
1471.0 3.492519142654607e-08
1472.0 3.4895378403683194e-08
1473.0 3.4865565380820335e-08
1474.0 3.483575235795747e-08
1475.0 3.480593933509461e-08
1476.0 3.477612631223174e-08
1477.0 3.474928920835057e-08
1478.0 3.4722664598961175e-08
1479.0 3.4696039989571775e-08
1480.0 3.4669415380182375e-08
1481.0 3.4642790770792975e-08
1482.0 3.461616616140357e-08
1483.0 3.458954155201417e-08
1484.0 3.4562916942624774e-08
1485.0 3.4536292333235374e-08
1486.0 3.4509667723845974e-08
1487.0 3.4483043114456573e-08
1488.0 3.445641850506717e-08
1489.0 3.4429793895677766e-08
1490.0 3.440316928628837e-08
1491.0 3.437654467689897e-08
1492.0 3.4349920067509566e-08
1493.0 3.432329545812017e-08
1494.0 3.429667084873077e-08
1495.0 3.427004623934137e-08
1496.0 3.4243421629951965e-08
1497.0 3.421679702056257e-08
1498.0 3.419017241117317e-08
1499.0 3.4163547801783764e-08
1500.0 3.413692319239437e-08
1501.0 3.4110298583004964e-08
1502.0 3.4083673973615564e-08
1503.0 3.4057049364226163e-08
1504.0 3.403042475483676e-08
1505.0 3.400380014544736e-08
1506.0 3.397717553605796e-08
1507.0 3.395055092666856e-08
1508.0 3.392392631727916e-08
1509.0 3.389730170788976e-08
1510.0 3.387067709850036e-08
1511.0 3.384405248911097e-08
1512.0 3.381742787972156e-08
1513.0 3.3790803270332155e-08
1514.0 3.376417866094276e-08
1515.0 3.373755405155336e-08
1516.0 3.371092944216396e-08
1517.0 3.368430483277456e-08
1518.0 3.365768022338516e-08
1519.0 3.3631055613995753e-08
1520.0 3.360443100460635e-08
1521.0 3.3577806395216966e-08
1522.0 3.355118178582756e-08
1523.0 3.352455717643816e-08
1524.0 3.349793256704876e-08
1525.0 3.347130795765935e-08
1526.0 3.344468334826995e-08
1527.0 3.341805873888056e-08
1528.0 3.339143412949116e-08
1529.0 3.336480952010176e-08
1530.0 3.333818491071236e-08
1531.0 3.331156030132295e-08
1532.0 3.328493569193355e-08
1533.0 3.325831108254416e-08
1534.0 3.323168647315475e-08
1535.0 3.3205061863765357e-08
1536.0 3.3178437254375956e-08
1537.0 3.3151812644986556e-08
1538.0 3.312518803559715e-08
1539.0 3.3098563426207756e-08
1540.0 3.3071938816818356e-08
1541.0 3.304531420742895e-08
1542.0 3.301868959803956e-08
1543.0 3.299206498865015e-08
1544.0 3.296544037926075e-08
1545.0 3.293881576987135e-08
1546.0 3.2912191160481954e-08
1547.0 3.2885566551092554e-08
1548.0 3.285894194170315e-08
1549.0 3.2832317332313754e-08
1550.0 3.280569272292435e-08
1551.0 3.277906811353495e-08
1552.0 3.2752443504145546e-08
1553.0 3.272581889475615e-08
1554.0 3.2699194285366746e-08
1555.0 3.2672569675977346e-08
1556.0 3.2645945066587946e-08
1557.0 3.2619320457198545e-08
1558.0 3.2592695847809145e-08
1559.0 3.2566071238419745e-08
1560.0 3.2539446629030345e-08
1561.0 3.2512822019640945e-08
1562.0 3.2486197410251544e-08
1563.0 3.2459572800862144e-08
1564.0 3.2432948191472744e-08
1565.0 3.2406323582083344e-08
1566.0 3.2379698972693944e-08
1567.0 3.2353074363304543e-08
1568.0 3.2326449753915137e-08
1569.0 3.2299825144525736e-08
1570.0 3.227320053513634e-08
1571.0 3.224657592574694e-08
1572.0 3.221995131635754e-08
1573.0 3.2193326706968135e-08
1574.0 3.2166702097578735e-08
1575.0 3.2140077488189335e-08
1576.0 3.211345287879994e-08
1577.0 3.208682826941054e-08
1578.0 3.206020366002114e-08
1579.0 3.203357905063174e-08
1580.0 3.2006954441242334e-08
1581.0 3.198032983185294e-08
1582.0 3.195370522246354e-08
1583.0 3.1927080613074133e-08
1584.0 3.190045600368474e-08
1585.0 3.187383139429534e-08
1586.0 3.1847206784905926e-08
1587.0 3.182058217551653e-08
1588.0 3.179395756612714e-08
1589.0 3.176733295673774e-08
1590.0 3.1741424466884814e-08
1591.0 3.1717782504583955e-08
1592.0 3.169414054228308e-08
1593.0 3.1670498579982224e-08
1594.0 3.164685661768136e-08
1595.0 3.162321465538049e-08
1596.0 3.159957269307962e-08
1597.0 3.157593073077876e-08
1598.0 3.1552288768477903e-08
1599.0 3.152864680617704e-08
1600.0 3.150500484387617e-08
1601.0 3.148136288157531e-08
1602.0 3.1457720919274435e-08
1603.0 3.1434078956973576e-08
1604.0 3.141043699467271e-08
1605.0 3.1386795032371845e-08
1606.0 3.1363153070070986e-08
1607.0 3.133951110777012e-08
1608.0 3.1315869145469255e-08
1609.0 3.129222718316838e-08
1610.0 3.1268585220867524e-08
1611.0 3.1244943258566665e-08
1612.0 3.12213012962658e-08
1613.0 3.119765933396492e-08
1614.0 3.117401737166407e-08
1615.0 3.11503754093632e-08
1616.0 3.1126733447062344e-08
1617.0 3.110309148476147e-08
1618.0 3.107944952246061e-08
1619.0 3.105580756015975e-08
1620.0 3.103216559785888e-08
1621.0 3.100852363555801e-08
1622.0 3.098488167325715e-08
1623.0 3.0961239710956286e-08
1624.0 3.0937597748655427e-08
1625.0 3.0913955786354555e-08
1626.0 3.0890313824053696e-08
1627.0 3.0866671861752824e-08
1628.0 3.0843029899451965e-08
1629.0 3.08193879371511e-08
1630.0 3.0795745974850234e-08
1631.0 3.0772104012549375e-08
1632.0 3.0748462050248516e-08
1633.0 3.072482008794764e-08
1634.0 3.070117812564677e-08
1635.0 3.067753616334591e-08
1636.0 3.0653894201045054e-08
1637.0 3.063025223874419e-08
1638.0 3.0606610276443316e-08
1639.0 3.058296831414246e-08
1640.0 3.055932635184159e-08
1641.0 3.0535684389540726e-08
1642.0 3.051204242723986e-08
1643.0 3.0488400464938995e-08
1644.0 3.0464758502638136e-08
1645.0 3.044111654033727e-08
1646.0 3.0417474578036405e-08
1647.0 3.039383261573553e-08
1648.0 3.0370190653434674e-08
1649.0 3.0346548691133815e-08
1650.0 3.032290672883294e-08
1651.0 3.0299264766532084e-08
1652.0 3.027562280423122e-08
1653.0 3.0251980841930353e-08
1654.0 3.022833887962949e-08
1655.0 3.020469691732862e-08
1656.0 3.018105495502776e-08
1657.0 3.01574129927269e-08
1658.0 3.013377103042603e-08
1659.0 3.011012906812517e-08
1660.0 3.0086487105824295e-08
1661.0 3.0062845143523436e-08
1662.0 3.003920318122258e-08
1663.0 3.0015561218921705e-08
1664.0 2.9991919256620846e-08
1665.0 2.996827729431998e-08
1666.0 2.994463533201911e-08
1667.0 2.992099336971825e-08
1668.0 2.9897351407417384e-08
1669.0 2.9873709445116525e-08
1670.0 2.985006748281566e-08
1671.0 2.982642552051479e-08
1672.0 2.980278355821393e-08
1673.0 2.9779141595913063e-08
1674.0 2.97554996336122e-08
1675.0 2.9731857671311335e-08
1676.0 2.9708215709010467e-08
1677.0 2.9684573746709608e-08
1678.0 2.9660931784408735e-08
1679.0 2.9637289822107873e-08
1680.0 2.9613647859807014e-08
1681.0 2.9590005897506146e-08
1682.0 2.9566363935205287e-08
1683.0 2.9542721972904418e-08
1684.0 2.951908001060356e-08
1685.0 2.949543804830269e-08
1686.0 2.9471796086001825e-08
1687.0 2.9448154123700962e-08
1688.0 2.9424512161400097e-08
1689.0 2.9400870199099228e-08
1690.0 2.937722823679837e-08
1691.0 2.9353586274497494e-08
1692.0 2.9329944312196635e-08
1693.0 2.9306302349895773e-08
1694.0 2.9282660387594907e-08
1695.0 2.9259018425294045e-08
1696.0 2.923537646299318e-08
1697.0 2.9211734500692317e-08
1698.0 2.9188092538391445e-08
1699.0 2.9164450576090583e-08
1700.0 2.9140808613789724e-08
1701.0 2.9117166651488855e-08
1702.0 2.9093524689187996e-08
1703.0 2.9069882726887128e-08
1704.0 2.9046240764586255e-08
1705.0 2.9022598802285397e-08
1706.0 2.8998956839984534e-08
1707.0 2.8975314877683675e-08
1708.0 2.8951672915382807e-08
1709.0 2.8928030953081948e-08
1710.0 2.890438899078108e-08
1711.0 2.8880747028480207e-08
1712.0 2.8857105066179345e-08
1713.0 2.883566211523827e-08
1714.0 2.881480486489445e-08
1715.0 2.8793947614550633e-08
1716.0 2.8773090364206814e-08
1717.0 2.8752233113862996e-08
1718.0 2.8731375863519184e-08
1719.0 2.871051861317536e-08
1720.0 2.8689661362831548e-08
1721.0 2.8668804112487723e-08
1722.0 2.8647946862143918e-08
1723.0 2.86270896118001e-08
1724.0 2.860623236145628e-08
1725.0 2.8585375111112463e-08
1726.0 2.8564517860768645e-08
1727.0 2.8543660610424833e-08
1728.0 2.8522803360081008e-08
1729.0 2.8501946109737197e-08
1730.0 2.8481088859393372e-08
1731.0 2.8460231609049557e-08
1732.0 2.8439374358705745e-08
1733.0 2.8418517108361927e-08
1734.0 2.839765985801811e-08
1735.0 2.837680260767429e-08
1736.0 2.8355945357330472e-08
1737.0 2.8335088106986654e-08
1738.0 2.8314230856642842e-08
1739.0 2.8293373606299017e-08
1740.0 2.8272516355955206e-08
1741.0 2.825165910561138e-08
1742.0 2.8230801855267576e-08
1743.0 2.8209944604923758e-08
1744.0 2.818908735457994e-08
1745.0 2.816823010423612e-08
1746.0 2.8147372853892303e-08
1747.0 2.8126515603548488e-08
1748.0 2.8105658353204663e-08
1749.0 2.808480110286085e-08
1750.0 2.8063943852517026e-08
1751.0 2.804308660217322e-08
1752.0 2.8022229351829403e-08
1753.0 2.8001372101485585e-08
1754.0 2.7980514851141767e-08
1755.0 2.7959657600797948e-08
1756.0 2.7938800350454137e-08
1757.0 2.7917943100110312e-08
1758.0 2.78970858497665e-08
1759.0 2.7876228599422675e-08
1760.0 2.7855371349078864e-08
1761.0 2.783451409873505e-08
1762.0 2.781365684839123e-08
1763.0 2.779279959804741e-08
1764.0 2.7771942347703594e-08
1765.0 2.7751085097359776e-08
1766.0 2.7730227847015964e-08
1767.0 2.7709370596672146e-08
1768.0 2.7688513346328327e-08
1769.0 2.766765609598451e-08
1770.0 2.764679884564069e-08
1771.0 2.762594159529688e-08
1772.0 2.760508434495306e-08
1773.0 2.758422709460924e-08
1774.0 2.7563369844265428e-08
1775.0 2.754251259392161e-08
1776.0 2.752165534357779e-08
1777.0 2.7500798093233973e-08
1778.0 2.7479940842890155e-08
1779.0 2.7459083592546336e-08
1780.0 2.743822634220252e-08
1781.0 2.74173690918587e-08
1782.0 2.7396511841514885e-08
1783.0 2.737565459117107e-08
1784.0 2.735479734082725e-08
1785.0 2.7333940090483434e-08
1786.0 2.731308284013962e-08
1787.0 2.72922255897958e-08
1788.0 2.7271368339451985e-08
1789.0 2.7250511089108164e-08
1790.0 2.722965383876435e-08
1791.0 2.7208796588420534e-08
1792.0 2.718793933807672e-08
1793.0 2.7167082087732897e-08
1794.0 2.714622483738908e-08
1795.0 2.7125367587045264e-08
1796.0 2.7104510336701446e-08
1797.0 2.708365308635763e-08
1798.0 2.706279583601381e-08
1799.0 2.7041938585669994e-08
1800.0 2.702108133532618e-08
1801.0 2.7000224084982358e-08
1802.0 2.6979366834638543e-08
1803.0 2.695850958429473e-08
1804.0 2.693765233395091e-08
1805.0 2.6916795083607095e-08
1806.0 2.6895937833263273e-08
1807.0 2.6875080582919458e-08
1808.0 2.6854223332575643e-08
1809.0 2.6833366082231825e-08
1810.0 2.6812508831888003e-08
1811.0 2.679165158154419e-08
1812.0 2.6770794331200373e-08
1813.0 2.6749937080856555e-08
1814.0 2.672907983051274e-08
1815.0 2.670822258016892e-08
1816.0 2.6687365329825104e-08
1817.0 2.666650807948129e-08
1818.0 2.6645650829137467e-08
1819.0 2.6624793578793652e-08
1820.0 2.6603936328449837e-08
1821.0 2.6583079078106016e-08
1822.0 2.65622218277622e-08
1823.0 2.6541364577418386e-08
1824.0 2.6520507327074568e-08
1825.0 2.649965007673075e-08
1826.0 2.647879282638693e-08
1827.0 2.6457935576043113e-08
1828.0 2.6437078325699298e-08
1829.0 2.6416221075355483e-08
1830.0 2.639536382501166e-08
1831.0 2.637450657466785e-08
1832.0 2.6353649324324028e-08
1833.0 2.6332792073980213e-08
1834.0 2.6311934823636398e-08
1835.0 2.6291077573292577e-08
1836.0 2.627022032294876e-08
1837.0 2.6249363072604947e-08
1838.0 2.6228505822261125e-08
1839.0 2.620764857191731e-08
1840.0 2.6186791321573495e-08
1841.0 2.6165934071229674e-08
1842.0 2.614507682088586e-08
1843.0 2.6124219570542044e-08
1844.0 2.6103362320198222e-08
1845.0 2.6084749568711282e-08
1846.0 2.6066365402356403e-08
1847.0 2.604798123600152e-08
1848.0 2.602959706964664e-08
1849.0 2.6011212903291762e-08
1850.0 2.5992828736936877e-08
1851.0 2.5974444570582e-08
1852.0 2.5956060404227118e-08
1853.0 2.5937676237872232e-08
1854.0 2.5919292071517357e-08
1855.0 2.5900907905162474e-08
1856.0 2.588252373880759e-08
1857.0 2.5864139572452706e-08
1858.0 2.5845755406097833e-08
1859.0 2.582737123974295e-08
1860.0 2.5808987073388068e-08
1861.0 2.579060290703319e-08
1862.0 2.5772218740678303e-08
1863.0 2.5753834574323427e-08
1864.0 2.5735450407968545e-08
1865.0 2.5717066241613662e-08
1866.0 2.569868207525878e-08
1867.0 2.56802979089039e-08
1868.0 2.5661913742549018e-08
1869.0 2.564352957619414e-08
1870.0 2.562514540983926e-08
1871.0 2.5606761243484374e-08
1872.0 2.5588377077129495e-08
1873.0 2.556999291077461e-08
1874.0 2.555160874441973e-08
1875.0 2.553322457806485e-08
1876.0 2.5514840411709972e-08
1877.0 2.549645624535509e-08
1878.0 2.547807207900021e-08
1879.0 2.5459687912645328e-08
1880.0 2.5441303746290448e-08
1881.0 2.5422919579935566e-08
1882.0 2.5404535413580687e-08
1883.0 2.53861512472258e-08
1884.0 2.5367767080870925e-08
1885.0 2.5349382914516043e-08
1886.0 2.5330998748161157e-08
1887.0 2.5312614581806278e-08
1888.0 2.52942304154514e-08
1889.0 2.527584624909652e-08
1890.0 2.5257462082741637e-08
1891.0 2.5239077916386758e-08
1892.0 2.5220693750031872e-08
1893.0 2.5202309583676993e-08
1894.0 2.5183925417322113e-08
1895.0 2.5165541250967228e-08
1896.0 2.514715708461235e-08
1897.0 2.512877291825747e-08
1898.0 2.511038875190259e-08
1899.0 2.5092004585547708e-08
1900.0 2.5073620419192825e-08
1901.0 2.5055236252837946e-08
1902.0 2.5036852086483063e-08
1903.0 2.5018467920128184e-08
1904.0 2.50000837537733e-08
1905.0 2.498169958741842e-08
1906.0 2.496331542106354e-08
1907.0 2.4944931254708654e-08
1908.0 2.4926547088353775e-08
1909.0 2.4908162921998896e-08
1910.0 2.4889778755644017e-08
1911.0 2.4871394589289134e-08
1912.0 2.4853010422934255e-08
1913.0 2.483462625657937e-08
1914.0 2.4816242090224487e-08
1915.0 2.479785792386961e-08
1916.0 2.477947375751473e-08
1917.0 2.4761089591159846e-08
1918.0 2.4742705424804967e-08
1919.0 2.4724321258450088e-08
1920.0 2.4705937092095202e-08
1921.0 2.4687552925740323e-08
1922.0 2.4669168759385443e-08
1923.0 2.465078459303056e-08
1924.0 2.4632400426675682e-08
1925.0 2.46140162603208e-08
1926.0 2.4595632093965917e-08
1927.0 2.4577247927611034e-08
1928.0 2.4558863761256152e-08
1929.0 2.4540479594901273e-08
1930.0 2.4522095428546393e-08
1931.0 2.4503711262191514e-08
1932.0 2.448532709583663e-08
1933.0 2.4466942929481753e-08
1934.0 2.4448558763126867e-08
1935.0 2.443017459677199e-08
1936.0 2.441179043041711e-08
1937.0 2.4393406264062223e-08
1938.0 2.4375022097707344e-08
1939.0 2.4356637931352464e-08
1940.0 2.4338253764997582e-08
1941.0 2.43198695986427e-08
1942.0 2.430148543228782e-08
1943.0 2.428310126593294e-08
1944.0 2.4264717099578055e-08
1945.0 2.4246332933223176e-08
1946.0 2.4227948766868294e-08
1947.0 2.4209564600513414e-08
1948.0 2.4191180434158532e-08
1949.0 2.4172796267803653e-08
1950.0 2.415441210144877e-08
1951.0 2.413602793509389e-08
1952.0 2.4117643768739012e-08
1953.0 2.409925960238413e-08
1954.0 2.4080875436029247e-08
1955.0 2.406249126967436e-08
1956.0 2.4044107103319482e-08
1957.0 2.4025722936964606e-08
1958.0 2.400733877060972e-08
1959.0 2.398895460425484e-08
1960.0 2.3970570437899962e-08
1961.0 2.395218627154508e-08
1962.0 2.3933802105190197e-08
1963.0 2.391541793883531e-08
1964.0 2.389703377248044e-08
1965.0 2.387864960612556e-08
1966.0 2.3860265439770677e-08
1967.0 2.384188127341579e-08
1968.0 2.382349710706091e-08
1969.0 2.380511294070603e-08
1970.0 2.378672877435115e-08
1971.0 2.3768344607996268e-08
1972.0 2.374996044164139e-08
1973.0 2.373157627528651e-08
1974.0 2.3713192108931624e-08
1975.0 2.3694807942576744e-08
1976.0 2.367642377622186e-08
1977.0 2.365803960986698e-08
1978.0 2.3639655443512104e-08
1979.0 2.362127127715722e-08
1980.0 2.360288711080234e-08
1981.0 2.358450294444746e-08
1982.0 2.3566118778092577e-08
1983.0 2.3547734611737694e-08
1984.0 2.3529350445382815e-08
1985.0 2.3510966279027936e-08
1986.0 2.349258211267305e-08
1987.0 2.3476296573479812e-08
1988.0 2.3460332078446527e-08
1989.0 2.3444367583413248e-08
1990.0 2.3428403088379966e-08
1991.0 2.3412438593346678e-08
1992.0 2.33964740983134e-08
1993.0 2.3380509603280114e-08
1994.0 2.3364545108246832e-08
1995.0 2.3348580613213547e-08
1996.0 2.3332616118180265e-08
1997.0 2.3316651623146983e-08
1998.0 2.3300687128113698e-08
1999.0 2.3284722633080412e-08
2000.0 2.3268758138047134e-08
2001.0 2.325279364301385e-08
2002.0 2.3236829147980563e-08
2003.0 2.3220864652947285e-08
2004.0 2.3204900157914e-08
2005.0 2.3188935662880714e-08
2006.0 2.3172971167847436e-08
2007.0 2.315700667281415e-08
2008.0 2.3141042177780865e-08
2009.0 2.312507768274758e-08
2010.0 2.3109113187714298e-08
2011.0 2.3093148692681016e-08
2012.0 2.307718419764773e-08
2013.0 2.3061219702614446e-08
2014.0 2.3045255207581164e-08
2015.0 2.3029290712547886e-08
2016.0 2.3013326217514597e-08
2017.0 2.2997361722481312e-08
2018.0 2.2981397227448036e-08
2019.0 2.296543273241475e-08
2020.0 2.2949468237381463e-08
2021.0 2.2933503742348184e-08
2022.0 2.2917539247314902e-08
2023.0 2.2901574752281617e-08
2024.0 2.2885610257248332e-08
2025.0 2.286964576221505e-08
2026.0 2.2853681267181768e-08
2027.0 2.2837716772148483e-08
2028.0 2.2821752277115198e-08
2029.0 2.2805787782081916e-08
2030.0 2.2789823287048637e-08
2031.0 2.277385879201535e-08
2032.0 2.2757894296982063e-08
2033.0 2.2741929801948785e-08
2034.0 2.2725965306915503e-08
2035.0 2.2710000811882214e-08
2036.0 2.2694036316848936e-08
2037.0 2.267807182181565e-08
2038.0 2.266210732678237e-08
2039.0 2.2646142831749083e-08
2040.0 2.26301783367158e-08
2041.0 2.2614213841682516e-08
2042.0 2.2598249346649234e-08
2043.0 2.258228485161595e-08
2044.0 2.2566320356582667e-08
2045.0 2.2550355861549382e-08
2046.0 2.25343913665161e-08
2047.0 2.2518426871482815e-08
2048.0 2.2502462376449536e-08
2049.0 2.2486497881416248e-08
2050.0 2.2470533386382973e-08
2051.0 2.2454568891349687e-08
2052.0 2.2438604396316402e-08
2053.0 2.2422639901283117e-08
2054.0 2.240667540624984e-08
2055.0 2.2390710911216553e-08
2056.0 2.2374746416183268e-08
2057.0 2.2358781921149983e-08
2058.0 2.2342817426116704e-08
2059.0 2.2326852931083422e-08
2060.0 2.2310888436050134e-08
2061.0 2.229492394101685e-08
2062.0 2.227895944598357e-08
2063.0 2.2262994950950288e-08
2064.0 2.2247030455917e-08
2065.0 2.223106596088372e-08
2066.0 2.221510146585044e-08
2067.0 2.2199136970817154e-08
2068.0 2.2183172475783872e-08
2069.0 2.2167207980750587e-08
2070.0 2.2151243485717305e-08
2071.0 2.213527899068402e-08
2072.0 2.2119314495650734e-08
2073.0 2.2103350000617452e-08
2074.0 2.2087385505584167e-08
2075.0 2.2071421010550885e-08
2076.0 2.20554565155176e-08
2077.0 2.203949202048432e-08
2078.0 2.202352752545104e-08
2079.0 2.200756303041775e-08
2080.0 2.1991598535384473e-08
2081.0 2.1975634040351187e-08
2082.0 2.1959669545317905e-08
2083.0 2.1943705050284624e-08
2084.0 2.1927740555251338e-08
2085.0 2.1911776060218053e-08
2086.0 2.189581156518477e-08
2087.0 2.187984707015149e-08
2088.0 2.1863882575118207e-08
2089.0 2.184791808008492e-08
2090.0 2.1831953585051637e-08
2091.0 2.1815989090018355e-08
2092.0 2.1800024594985073e-08
2093.0 2.1784060099951785e-08
2094.0 2.1768095604918513e-08
2095.0 2.1752131109885224e-08
2096.0 2.173616661485194e-08
2097.0 2.1720202119818654e-08
2098.0 2.170423762478538e-08
2099.0 2.168827312975209e-08
2100.0 2.1672308634718805e-08
2101.0 2.165634413968552e-08
2102.0 2.1640379644652244e-08
2103.0 2.1624415149618952e-08
2104.0 2.1608450654585677e-08
2105.0 2.159248615955239e-08
2106.0 2.157652166451911e-08
2107.0 2.1560557169485825e-08
2108.0 2.1544592674452536e-08
2109.0 2.1528628179419258e-08
2110.0 2.1512663684385976e-08
2111.0 2.149669918935269e-08
2112.0 2.148073469431941e-08
2113.0 2.1464770199286123e-08
2114.0 2.144880570425284e-08
2115.0 2.1432841209219556e-08
2116.0 2.1416876714186274e-08
2117.0 2.140091221915299e-08
2118.0 2.1384947724119707e-08
2119.0 2.1368983229086422e-08
2120.0 2.135301873405314e-08
2121.0 2.1337054239019858e-08
2122.0 2.1321089743986573e-08
2123.0 2.1305125248953288e-08
2124.0 2.128916075392001e-08
2125.0 2.1273196258886724e-08
2126.0 2.125723176385344e-08
2127.0 2.124126726882016e-08
2128.0 2.1225302773786875e-08
2129.0 2.120933827875359e-08
2130.0 2.1193373783720308e-08
2131.0 2.1177409288687026e-08
2132.0 2.116144479365374e-08
2133.0 2.1145480298620456e-08
2134.0 2.1129515803587174e-08
2135.0 2.1113551308553895e-08
2136.0 2.109758681352061e-08
2137.0 2.1081622318487325e-08
2138.0 2.1065657823454046e-08
2139.0 2.104969332842076e-08
2140.0 2.1035687655980262e-08
2141.0 2.1021932795802607e-08
2142.0 2.1008177935624946e-08
2143.0 2.099442307544728e-08
2144.0 2.0980668215269623e-08
2145.0 2.0966913355091965e-08
2146.0 2.0953158494914307e-08
2147.0 2.0939403634736645e-08
2148.0 2.0925648774558987e-08
2149.0 2.0911893914381326e-08
2150.0 2.0898139054203667e-08
2151.0 2.0884384194026006e-08
2152.0 2.0870629333848345e-08
2153.0 2.0856874473670686e-08
2154.0 2.084311961349302e-08
2155.0 2.082936475331537e-08
2156.0 2.0815609893137705e-08
2157.0 2.0801855032960044e-08
2158.0 2.0788100172782392e-08
2159.0 2.0774345312604728e-08
2160.0 2.0760590452427066e-08
2161.0 2.0746835592249405e-08
2162.0 2.0733080732071746e-08
2163.0 2.071932587189409e-08
2164.0 2.0705571011716427e-08
2165.0 2.069181615153877e-08
2166.0 2.067806129136111e-08
2167.0 2.066430643118345e-08
2168.0 2.0650551571005788e-08
2169.0 2.0636796710828123e-08
2170.0 2.0623041850650468e-08
2171.0 2.0609286990472803e-08
2172.0 2.0595532130295142e-08
2173.0 2.0581777270117487e-08
2174.0 2.0568022409939826e-08
2175.0 2.0554267549762167e-08
2176.0 2.0540512689584506e-08
2177.0 2.0526757829406848e-08
2178.0 2.051300296922919e-08
2179.0 2.0499248109051528e-08
2180.0 2.0485493248873867e-08
2181.0 2.047173838869621e-08
2182.0 2.0457983528518547e-08
2183.0 2.044422866834089e-08
2184.0 2.043047380816323e-08
2185.0 2.0416718947985566e-08
2186.0 2.0402964087807905e-08
2187.0 2.038920922763025e-08
2188.0 2.0375454367452588e-08
2189.0 2.0361699507274927e-08
2190.0 2.034794464709727e-08
2191.0 2.0334189786919607e-08
2192.0 2.032043492674195e-08
2193.0 2.0306680066564288e-08
2194.0 2.029292520638663e-08
2195.0 2.0279170346208968e-08
2196.0 2.026541548603131e-08
2197.0 2.025166062585365e-08
2198.0 2.0237905765675987e-08
2199.0 2.022415090549833e-08
2200.0 2.021039604532067e-08
2201.0 2.0196641185143006e-08
2202.0 2.0182886324965348e-08
2203.0 2.0169131464787686e-08
2204.0 2.015537660461003e-08
2205.0 2.0141621744432363e-08
2206.0 2.0127866884254705e-08
2207.0 2.011411202407705e-08
2208.0 2.0100357163899386e-08
2209.0 2.0086602303721728e-08
2210.0 2.007284744354407e-08
2211.0 2.0059092583366408e-08
2212.0 2.004533772318875e-08
2213.0 2.003158286301109e-08
2214.0 2.001782800283343e-08
2215.0 2.000407314265577e-08
2216.0 1.9990318282478114e-08
2217.0 1.997656342230045e-08
2218.0 1.9962808562122788e-08
2219.0 1.994905370194513e-08
2220.0 1.9935298841767468e-08
2221.0 1.992154398158981e-08
2222.0 1.9907789121412145e-08
2223.0 1.9894034261234487e-08
2224.0 1.988027940105683e-08
2225.0 1.9866524540879167e-08
2226.0 1.985276968070151e-08
2227.0 1.983901482052385e-08
2228.0 1.982525996034619e-08
2229.0 1.981150510016853e-08
2230.0 1.9797750239990873e-08
2231.0 1.978399537981321e-08
2232.0 1.977024051963555e-08
2233.0 1.9756485659457892e-08
2234.0 1.9742730799280228e-08
2235.0 1.9728975939102566e-08
2236.0 1.971522107892491e-08
2237.0 1.9701466218747246e-08
2238.0 1.9687711358569585e-08
2239.0 1.9673956498391927e-08
2240.0 1.966020163821427e-08
2241.0 1.964644677803661e-08
2242.0 1.963269191785895e-08
2243.0 1.961893705768129e-08
2244.0 1.960518219750363e-08
2245.0 1.9591427337325975e-08
2246.0 1.9577672477148313e-08
2247.0 1.9563917616970652e-08
2248.0 1.955016275679299e-08
2249.0 1.9536407896615332e-08
2250.0 1.9522653036437667e-08
2251.0 1.950889817626001e-08
2252.0 1.9495143316082348e-08
2253.0 1.9481388455904693e-08
2254.0 1.9467633595727028e-08
2255.0 1.9453878735549367e-08
2256.0 1.9440123875371712e-08
2257.0 1.942636901519405e-08
2258.0 1.9412614155016392e-08
2259.0 1.9398859294838734e-08
2260.0 1.938510443466107e-08
2261.0 1.937134957448341e-08
2262.0 1.9357594714305753e-08
2263.0 1.9343839854128088e-08
2264.0 1.9330084993950427e-08
2265.0 1.9316330133772772e-08
2266.0 1.930257527359511e-08
2267.0 1.9288820413417446e-08
2268.0 1.927506555323979e-08
2269.0 1.926131069306213e-08
2270.0 1.924755583288447e-08
2271.0 1.923380097270681e-08
2272.0 1.9220046112529152e-08
2273.0 1.920629125235149e-08
2274.0 1.9192536392173832e-08
2275.0 1.917878153199617e-08
2276.0 1.9165026671818513e-08
2277.0 1.915127181164085e-08
2278.0 1.913751695146319e-08
2279.0 1.9123762091285528e-08
2280.0 1.911000723110787e-08
2281.0 1.909625237093021e-08
2282.0 1.9082497510752554e-08
2283.0 1.906874265057489e-08
2284.0 1.9054987790397227e-08
2285.0 1.904123293021957e-08
2286.0 1.9027478070041908e-08
2287.0 1.901372320986425e-08
2288.0 1.899996834968659e-08
2289.0 1.898621348950893e-08
2290.0 1.8972458629331272e-08
2291.0 1.8958703769153607e-08
2292.0 1.8944948908975952e-08
2293.0 1.8931194048798288e-08
2294.0 1.8917439188620633e-08
2295.0 1.890368432844297e-08
2296.0 1.8889929468265307e-08
2297.0 1.8876174608087652e-08
2298.0 1.886241974790999e-08
2299.0 1.8848664887732332e-08
2300.0 1.883491002755467e-08
2301.0 1.882115516737701e-08
2302.0 1.880740030719935e-08
2303.0 1.879364544702169e-08
2304.0 1.878011837416282e-08
2305.0 1.8768224582402075e-08
2306.0 1.875633079064133e-08
2307.0 1.8744436998880582e-08
2308.0 1.8732543207119838e-08
2309.0 1.872064941535909e-08
2310.0 1.8708755623598348e-08
2311.0 1.86968618318376e-08
2312.0 1.8684968040076856e-08
2313.0 1.8673074248316108e-08
2314.0 1.8661180456555366e-08
2315.0 1.8649286664794615e-08
2316.0 1.8637392873033874e-08
2317.0 1.862549908127313e-08
2318.0 1.8613605289512384e-08
2319.0 1.8601711497751643e-08
2320.0 1.858981770599089e-08
2321.0 1.8577923914230143e-08
2322.0 1.8566030122469402e-08
2323.0 1.8554136330708654e-08
2324.0 1.8542242538947913e-08
2325.0 1.853034874718717e-08
2326.0 1.8518454955426423e-08
2327.0 1.850656116366568e-08
2328.0 1.8494667371904927e-08
2329.0 1.8482773580144186e-08
2330.0 1.8470879788383438e-08
2331.0 1.8458985996622697e-08
2332.0 1.844709220486195e-08
2333.0 1.84351984131012e-08
2334.0 1.8423304621340456e-08
2335.0 1.841141082957971e-08
2336.0 1.8399517037818963e-08
2337.0 1.8387623246058222e-08
2338.0 1.8375729454297477e-08
2339.0 1.8363835662536732e-08
2340.0 1.8351941870775984e-08
2341.0 1.834004807901524e-08
2342.0 1.8328154287254492e-08
2343.0 1.831626049549375e-08
2344.0 1.8304366703733006e-08
2345.0 1.8292472911972258e-08
2346.0 1.8280579120211513e-08
2347.0 1.8268685328450768e-08
2348.0 1.8256791536690024e-08
2349.0 1.824489774492928e-08
2350.0 1.8233003953168534e-08
2351.0 1.8221110161407786e-08
2352.0 1.820921636964704e-08
2353.0 1.8197322577886293e-08
2354.0 1.818542878612555e-08
2355.0 1.81735349943648e-08
2356.0 1.816164120260406e-08
2357.0 1.814974741084331e-08
2358.0 1.8137853619082567e-08
2359.0 1.812595982732182e-08
2360.0 1.811406603556108e-08
2361.0 1.8102172243800333e-08
2362.0 1.8090278452039588e-08
2363.0 1.807838466027884e-08
2364.0 1.80664908685181e-08
2365.0 1.8054597076757347e-08
2366.0 1.8042703284996606e-08
2367.0 1.803080949323586e-08
2368.0 1.8018915701475116e-08
2369.0 1.800702190971437e-08
2370.0 1.7995128117953627e-08
2371.0 1.7983234326192876e-08
2372.0 1.7971340534432134e-08
2373.0 1.795944674267139e-08
2374.0 1.7947552950910642e-08
2375.0 1.7935659159149897e-08
2376.0 1.7923765367389152e-08
2377.0 1.79118715756284e-08
2378.0 1.789997778386766e-08
2379.0 1.7888083992106915e-08
2380.0 1.7876190200346167e-08
2381.0 1.7864296408585426e-08
2382.0 1.785240261682468e-08
2383.0 1.7840508825063933e-08
2384.0 1.7828615033303188e-08
2385.0 1.7816721241542443e-08
2386.0 1.7804827449781695e-08
2387.0 1.7792933658020954e-08
2388.0 1.778103986626021e-08
2389.0 1.7769146074499465e-08
2390.0 1.7757252282738717e-08
2391.0 1.7745358490977972e-08
2392.0 1.7733464699217224e-08
2393.0 1.7721570907456483e-08
2394.0 1.7709677115695738e-08
2395.0 1.7697783323934993e-08
2396.0 1.7685889532174245e-08
2397.0 1.7673995740413497e-08
2398.0 1.7662101948652753e-08
2399.0 1.7650208156892008e-08
2400.0 1.7638314365131263e-08
2401.0 1.7626420573370515e-08
2402.0 1.761452678160977e-08
2403.0 1.7602632989849026e-08
2404.0 1.759073919808828e-08
2405.0 1.7578845406327536e-08
2406.0 1.7566951614566792e-08
2407.0 1.7555057822806044e-08
2408.0 1.75431640310453e-08
2409.0 1.753127023928455e-08
2410.0 1.7519376447523806e-08
2411.0 1.7507482655763065e-08
2412.0 1.749558886400232e-08
2413.0 1.7483695072241572e-08
2414.0 1.747180128048083e-08
2415.0 1.745990748872008e-08
2416.0 1.7448013696959338e-08
2417.0 1.7436119905198594e-08
2418.0 1.7424226113437846e-08
2419.0 1.7412332321677098e-08
2420.0 1.7400438529916356e-08
2421.0 1.7388544738155605e-08
2422.0 1.7376650946394863e-08
2423.0 1.736475715463412e-08
2424.0 1.7352863362873374e-08
2425.0 1.734096957111263e-08
2426.0 1.7329075779351885e-08
2427.0 1.7317181987591137e-08
2428.0 1.7305288195830392e-08
2429.0 1.7293394404069647e-08
2430.0 1.72815006123089e-08
2431.0 1.7269606820548158e-08
2432.0 1.7257713028787417e-08
2433.0 1.7245819237026665e-08
2434.0 1.7233925445265917e-08
2435.0 1.7222031653505176e-08
2436.0 1.7210137861744428e-08
2437.0 1.7198244069983686e-08
2438.0 1.718635027822294e-08
2439.0 1.7174456486462194e-08
2440.0 1.7162562694701446e-08
2441.0 1.71506689029407e-08
2442.0 1.7138775111179953e-08
2443.0 1.712688131941921e-08
2444.0 1.7114987527658467e-08
2445.0 1.7103093735897722e-08
2446.0 1.7091199944136974e-08
2447.0 1.707930615237623e-08
2448.0 1.706741236061548e-08
2449.0 1.705551856885474e-08
2450.0 1.7043624777093996e-08
2451.0 1.7031730985333248e-08
2452.0 1.7019837193572503e-08
2453.0 1.7007943401811758e-08
2454.0 1.699604961005101e-08
2455.0 1.698415581829027e-08
2456.0 1.6972262026529524e-08
2457.0 1.6960368234768776e-08
2458.0 1.694847444300803e-08
2459.0 1.6936580651247283e-08
2460.0 1.692468685948654e-08
2461.0 1.6912793067725794e-08
2462.0 1.690089927596505e-08
2463.0 1.68890054842043e-08
2464.0 1.687711169244356e-08
2465.0 1.686521790068281e-08
2466.0 1.6853324108922067e-08
2467.0 1.6841430317161323e-08
2468.0 1.6829536525400578e-08
2469.0 1.681764273363983e-08
2470.0 1.680574894187909e-08
2471.0 1.6793855150118337e-08
2472.0 1.6781961358357596e-08
2473.0 1.677006756659685e-08
2474.0 1.6758173774836106e-08
2475.0 1.6746279983075362e-08
2476.0 1.6734386191314617e-08
2477.0 1.6722492399553866e-08
2478.0 1.6710598607793124e-08
2479.0 1.669870481603238e-08
2480.0 1.6686811024271635e-08
2481.0 1.6674917232510887e-08
2482.0 1.666421755163538e-08
2483.0 1.6654112871092237e-08
2484.0 1.6644008190549087e-08
2485.0 1.6633903510005943e-08
2486.0 1.6623798829462796e-08
2487.0 1.661369414891965e-08
2488.0 1.6603589468376502e-08
2489.0 1.659348478783336e-08
2490.0 1.6583380107290215e-08
2491.0 1.6573275426747064e-08
2492.0 1.656317074620392e-08
2493.0 1.655306606566077e-08
2494.0 1.654296138511763e-08
2495.0 1.653285670457448e-08
2496.0 1.6522752024031333e-08
2497.0 1.651264734348819e-08
2498.0 1.650254266294504e-08
2499.0 1.6492437982401895e-08
2500.0 1.648233330185875e-08
2501.0 1.6472228621315604e-08
2502.0 1.6462123940772457e-08
2503.0 1.6452019260229314e-08
2504.0 1.644191457968617e-08
2505.0 1.643180989914302e-08
2506.0 1.6421705218599876e-08
2507.0 1.641160053805673e-08
2508.0 1.6401495857513582e-08
2509.0 1.6391391176970438e-08
2510.0 1.6381286496427288e-08
2511.0 1.6371181815884144e-08
2512.0 1.6361077135340997e-08
2513.0 1.635097245479785e-08
2514.0 1.6340867774254706e-08
2515.0 1.633076309371156e-08
2516.0 1.6320658413168416e-08
2517.0 1.631055373262527e-08
2518.0 1.630044905208212e-08
2519.0 1.6290344371538975e-08
2520.0 1.628023969099583e-08
2521.0 1.6270135010452687e-08
2522.0 1.6260030329909537e-08
2523.0 1.6249925649366393e-08
2524.0 1.6239820968823246e-08
2525.0 1.62297162882801e-08
2526.0 1.621961160773695e-08
2527.0 1.6209506927193805e-08
2528.0 1.619940224665066e-08
2529.0 1.6189297566107514e-08
2530.0 1.6179192885564367e-08
2531.0 1.616908820502122e-08
2532.0 1.6158983524478073e-08
2533.0 1.614887884393493e-08
2534.0 1.6138774163391786e-08
2535.0 1.612866948284864e-08
2536.0 1.6118564802305492e-08
2537.0 1.6108460121762348e-08
2538.0 1.60983554412192e-08
2539.0 1.6088250760676054e-08
2540.0 1.607814608013291e-08
2541.0 1.6068041399589763e-08
2542.0 1.6057936719046616e-08
2543.0 1.6047832038503466e-08
2544.0 1.6037727357960326e-08
2545.0 1.602762267741718e-08
2546.0 1.601751799687403e-08
2547.0 1.6007413316330885e-08
2548.0 1.599730863578774e-08
2549.0 1.5987203955244594e-08
2550.0 1.5977099274701444e-08
2551.0 1.5966994594158303e-08
2552.0 1.5956889913615156e-08
2553.0 1.594678523307201e-08
2554.0 1.5936680552528865e-08
2555.0 1.592657587198572e-08
2556.0 1.591647119144257e-08
2557.0 1.5906366510899428e-08
2558.0 1.589626183035628e-08
2559.0 1.588615714981313e-08
2560.0 1.5876052469269983e-08
2561.0 1.5865947788726843e-08
2562.0 1.5855843108183696e-08
2563.0 1.584573842764055e-08
2564.0 1.5835633747097402e-08
2565.0 1.5825529066554255e-08
2566.0 1.5815424386011108e-08
2567.0 1.5805319705467964e-08
2568.0 1.579521502492482e-08
2569.0 1.5785110344381673e-08
2570.0 1.5775005663838526e-08
2571.0 1.5764900983295383e-08
2572.0 1.5754796302752232e-08
2573.0 1.574469162220909e-08
2574.0 1.5734586941665942e-08
2575.0 1.5724482261122798e-08
2576.0 1.571437758057965e-08
2577.0 1.5704272900036504e-08
2578.0 1.569416821949336e-08
2579.0 1.568406353895021e-08
2580.0 1.5673958858407063e-08
2581.0 1.5663854177863923e-08
2582.0 1.5653749497320776e-08
2583.0 1.5643644816777625e-08
2584.0 1.563354013623448e-08
2585.0 1.5623435455691338e-08
2586.0 1.561333077514819e-08
2587.0 1.560322609460504e-08
2588.0 1.5593121414061897e-08
2589.0 1.558301673351875e-08
2590.0 1.5572912052975606e-08
2591.0 1.556280737243246e-08
2592.0 1.5552702691889315e-08
2593.0 1.554259801134617e-08
2594.0 1.553249333080302e-08
2595.0 1.5522388650259878e-08
2596.0 1.5512283969716724e-08
2597.0 1.550217928917358e-08
2598.0 1.5492074608630433e-08
2599.0 1.548196992808729e-08
2600.0 1.5471865247544143e-08
2601.0 1.5461760567001e-08
2602.0 1.5451655886457855e-08
2603.0 1.5441551205914705e-08
2604.0 1.543144652537156e-08
2605.0 1.5421341844828417e-08
2606.0 1.5411237164285267e-08
2607.0 1.5401132483742123e-08
2608.0 1.5391027803198976e-08
2609.0 1.5380923122655833e-08
2610.0 1.537081844211269e-08
2611.0 1.536071376156954e-08
2612.0 1.5350609081026395e-08
2613.0 1.534050440048324e-08
2614.0 1.53303997199401e-08
2615.0 1.5320295039396954e-08
2616.0 1.5310190358853807e-08
2617.0 1.530008567831066e-08
2618.0 1.5289980997767516e-08
2619.0 1.5279876317224372e-08
2620.0 1.526977163668122e-08
2621.0 1.525966695613808e-08
2622.0 1.524956227559493e-08
2623.0 1.5239457595051784e-08
2624.0 1.522935291450864e-08
2625.0 1.5219248233965494e-08
2626.0 1.5209143553422347e-08
2627.0 1.51990388728792e-08
2628.0 1.5188934192336056e-08
2629.0 1.5178829511792912e-08
2630.0 1.516872483124976e-08
2631.0 1.5158620150706618e-08
2632.0 1.5148515470163468e-08
2633.0 1.5138410789620324e-08
2634.0 1.5128306109077177e-08
2635.0 1.5118201428534033e-08
2636.0 1.510809674799089e-08
2637.0 1.509799206744774e-08
2638.0 1.5087887386904596e-08
2639.0 1.507778270636145e-08
2640.0 1.5067678025818302e-08
2641.0 1.5057573345275158e-08
2642.0 1.504746866473201e-08
2643.0 1.5037363984188864e-08
2644.0 1.5027259303645717e-08
2645.0 1.5017154623102573e-08
2646.0 1.5007049942559423e-08
2647.0 1.499694526201628e-08
2648.0 1.4986840581473135e-08
2649.0 1.497673590092999e-08
2650.0 1.4966631220386838e-08
2651.0 1.4956526539843694e-08
2652.0 1.494642185930055e-08
2653.0 1.4936317178757404e-08
2654.0 1.4926212498214257e-08
2655.0 1.491610781767111e-08
2656.0 1.4906003137127966e-08
2657.0 1.489589845658482e-08
2658.0 1.4885793776041672e-08
2659.0 1.4875689095498528e-08
2660.0 1.4865584414955383e-08
2661.0 1.4855479734412234e-08
2662.0 1.484537505386909e-08
2663.0 1.4835270373325939e-08
2664.0 1.4825165692782798e-08
2665.0 1.4815061012239653e-08
2666.0 1.4804956331696502e-08
2667.0 1.4794851651153357e-08
2668.0 1.4784746970610212e-08
2669.0 1.4774642290067068e-08
2670.0 1.476453760952392e-08
2671.0 1.4754432928980774e-08
2672.0 1.474432824843763e-08
2673.0 1.4735086636772913e-08
2674.0 1.4726568207392923e-08
2675.0 1.471804977801294e-08
2676.0 1.4709531348632956e-08
2677.0 1.4701012919252969e-08
2678.0 1.4692494489872989e-08
2679.0 1.4683976060492999e-08
2680.0 1.4675457631113015e-08
2681.0 1.4666939201733025e-08
2682.0 1.465842077235304e-08
2683.0 1.4649902342973053e-08
2684.0 1.4641383913593072e-08
2685.0 1.4632865484213086e-08
2686.0 1.4624347054833099e-08
2687.0 1.4615828625453115e-08
2688.0 1.4607310196073131e-08
2689.0 1.4598791766693143e-08
2690.0 1.4590273337313156e-08
2691.0 1.4581754907933172e-08
2692.0 1.4573236478553185e-08
2693.0 1.4564718049173199e-08
2694.0 1.4556199619793215e-08
2695.0 1.4547681190413228e-08
2696.0 1.4539162761033244e-08
2697.0 1.453064433165326e-08
2698.0 1.4522125902273272e-08
2699.0 1.4513607472893289e-08
2700.0 1.4505089043513299e-08
2701.0 1.4496570614133318e-08
2702.0 1.4488052184753331e-08
2703.0 1.4479533755373344e-08
2704.0 1.4471015325993358e-08
2705.0 1.4462496896613374e-08
2706.0 1.4453978467233389e-08
2707.0 1.4445460037853402e-08
2708.0 1.4436941608473418e-08
2709.0 1.4428423179093431e-08
2710.0 1.4419904749713448e-08
2711.0 1.4411386320333458e-08
2712.0 1.4402867890953477e-08
2713.0 1.4394349461573487e-08
2714.0 1.4385831032193505e-08
2715.0 1.4377312602813518e-08
2716.0 1.4368794173433531e-08
2717.0 1.4360275744053548e-08
2718.0 1.4351757314673561e-08
2719.0 1.4343238885293577e-08
2720.0 1.433472045591359e-08
2721.0 1.4326202026533607e-08
2722.0 1.4317683597153617e-08
2723.0 1.4309165167773635e-08
2724.0 1.4300646738393648e-08
2725.0 1.429212830901366e-08
2726.0 1.4283609879633677e-08
2727.0 1.427509145025369e-08
2728.0 1.4266573020873707e-08
2729.0 1.4258054591493717e-08
2730.0 1.4249536162113735e-08
2731.0 1.4241017732733746e-08
2732.0 1.4232499303353764e-08
2733.0 1.4223980873973777e-08
2734.0 1.4215462444593794e-08
2735.0 1.4206944015213807e-08
2736.0 1.419842558583382e-08
2737.0 1.4189907156453836e-08
2738.0 1.418138872707385e-08
2739.0 1.4172870297693864e-08
2740.0 1.4164351868313876e-08
2741.0 1.4155833438933894e-08
2742.0 1.4147315009553907e-08
2743.0 1.4138796580173923e-08
2744.0 1.4130278150793936e-08
2745.0 1.412175972141395e-08
2746.0 1.4113241292033966e-08
2747.0 1.410472286265398e-08
2748.0 1.4096204433273994e-08
2749.0 1.408768600389401e-08
2750.0 1.4079167574514023e-08
2751.0 1.4070649145134036e-08
2752.0 1.4062130715754053e-08
2753.0 1.4053612286374066e-08
2754.0 1.4045093856994079e-08
2755.0 1.4036575427614095e-08
2756.0 1.402805699823411e-08
2757.0 1.4019538568854123e-08
2758.0 1.401102013947414e-08
2759.0 1.4002501710094153e-08
2760.0 1.3993983280714169e-08
2761.0 1.3985464851334182e-08
2762.0 1.3976946421954198e-08
2763.0 1.3968427992574208e-08
2764.0 1.3959909563194223e-08
2765.0 1.395139113381424e-08
2766.0 1.3942872704434253e-08
2767.0 1.3934354275054269e-08
2768.0 1.3925835845674282e-08
2769.0 1.3917317416294298e-08
2770.0 1.3908798986914312e-08
2771.0 1.3900280557534328e-08
2772.0 1.3891762128154338e-08
2773.0 1.3883243698774352e-08
2774.0 1.3874725269394369e-08
2775.0 1.3866206840014382e-08
2776.0 1.3857688410634398e-08
2777.0 1.3849169981254412e-08
2778.0 1.3840651551874431e-08
2779.0 1.3832133122494441e-08
2780.0 1.3823614693114456e-08
2781.0 1.3815096263734467e-08
2782.0 1.3806577834354482e-08
2783.0 1.3798059404974497e-08
2784.0 1.3789540975594513e-08
2785.0 1.3781022546214528e-08
2786.0 1.3772504116834543e-08
2787.0 1.3763985687454556e-08
2788.0 1.3755467258074572e-08
2789.0 1.3746948828694587e-08
2790.0 1.3738430399314598e-08
2791.0 1.3729911969934611e-08
2792.0 1.372139354055463e-08
2793.0 1.3712875111174644e-08
2794.0 1.3704356681794657e-08
2795.0 1.3695838252414672e-08
2796.0 1.3687319823034687e-08
2797.0 1.3678801393654702e-08
2798.0 1.3670282964274713e-08
2799.0 1.3661764534894728e-08
2800.0 1.3653246105514744e-08
2801.0 1.3644727676134759e-08
2802.0 1.3636209246754772e-08
2803.0 1.3627690817374787e-08
2804.0 1.3619172387994802e-08
2805.0 1.3610653958614815e-08
2806.0 1.3602135529234831e-08
2807.0 1.3593617099854846e-08
2808.0 1.3585098670474857e-08
2809.0 1.357658024109487e-08
2810.0 1.3568061811714888e-08
2811.0 1.3559543382334903e-08
2812.0 1.3551024952954918e-08
2813.0 1.3542506523574931e-08
2814.0 1.3533988094194944e-08
2815.0 1.352546966481496e-08
2816.0 1.3516951235434977e-08
2817.0 1.350843280605499e-08
2818.0 1.3499914376675003e-08
2819.0 1.3491395947295018e-08
2820.0 1.3482877517915031e-08
2821.0 1.3474359088535046e-08
2822.0 1.3465840659155059e-08
2823.0 1.3457322229775074e-08
2824.0 1.344880380039509e-08
2825.0 1.3440285371015105e-08
2826.0 1.343176694163512e-08
2827.0 1.3423248512255133e-08
2828.0 1.341473008287515e-08
2829.0 1.3406211653495164e-08
2830.0 1.3397693224115175e-08
2831.0 1.3389174794735188e-08
2832.0 1.3380656365355203e-08
2833.0 1.3372137935975218e-08
2834.0 1.3363619506595234e-08
2835.0 1.3355101077215249e-08
2836.0 1.3346582647835264e-08
2837.0 1.3338064218455279e-08
2838.0 1.3329545789075292e-08
2839.0 1.3321027359695308e-08
2840.0 1.3312508930315321e-08
2841.0 1.3303990500935336e-08
2842.0 1.3295472071555347e-08
2843.0 1.3286953642175364e-08
2844.0 1.3278435212795379e-08
2845.0 1.3269916783415392e-08
2846.0 1.3261398354035408e-08
2847.0 1.3252879924655423e-08
2848.0 1.3244361495275434e-08
2849.0 1.3235843065895447e-08
2850.0 1.3227324636515465e-08
2851.0 1.321880620713548e-08
2852.0 1.3210287777755495e-08
2853.0 1.3201769348375508e-08
2854.0 1.3193250918995524e-08
2855.0 1.3184732489615536e-08
2856.0 1.3176214060235549e-08
2857.0 1.3167695630855567e-08
2858.0 1.315917720147558e-08
2859.0 1.3150658772095595e-08
2860.0 1.3142140342715606e-08
2861.0 1.3133621913335624e-08
2862.0 1.3125103483955638e-08
2863.0 1.3116585054575652e-08
2864.0 1.3108066625195665e-08
2865.0 1.3099548195815682e-08
2866.0 1.3091029766435697e-08
2867.0 1.308251133705571e-08
2868.0 1.3073992907675724e-08
2869.0 1.306547447829574e-08
2870.0 1.3056956048915754e-08
2871.0 1.3048437619535767e-08
2872.0 1.303991919015578e-08
2873.0 1.3031400760775795e-08
2874.0 1.3022882331395811e-08
2875.0 1.3014363902015826e-08
2876.0 1.300584547263584e-08
2877.0 1.2997327043255856e-08
2878.0 1.2988808613875869e-08
2879.0 1.2981219324908562e-08
2880.0 1.2974029036688e-08
2881.0 1.296683874846744e-08
2882.0 1.2959648460246878e-08
2883.0 1.2952458172026313e-08
2884.0 1.2945267883805756e-08
2885.0 1.2938077595585193e-08
2886.0 1.2930887307364631e-08
2887.0 1.292369701914407e-08
2888.0 1.2916506730923508e-08
2889.0 1.2909316442702946e-08
2890.0 1.2902126154482386e-08
2891.0 1.2894935866261824e-08
2892.0 1.2887745578041259e-08
2893.0 1.2880555289820702e-08
2894.0 1.2873365001600139e-08
2895.0 1.2866174713379577e-08
2896.0 1.2858984425159015e-08
2897.0 1.2851794136938452e-08
2898.0 1.284460384871789e-08
2899.0 1.283741356049733e-08
2900.0 1.2830223272276765e-08
2901.0 1.2823032984056204e-08
2902.0 1.2815842695835643e-08
2903.0 1.2808652407615083e-08
2904.0 1.280146211939452e-08
2905.0 1.2794271831173962e-08
2906.0 1.2787081542953398e-08
2907.0 1.2779891254732836e-08
2908.0 1.2772700966512273e-08
2909.0 1.2765510678291715e-08
2910.0 1.275832039007115e-08
2911.0 1.2751130101850593e-08
2912.0 1.2743939813630028e-08
2913.0 1.2736749525409468e-08
2914.0 1.2729559237188903e-08
2915.0 1.2722368948968343e-08
2916.0 1.2715178660747781e-08
2917.0 1.270798837252722e-08
2918.0 1.2700798084306659e-08
2919.0 1.2693607796086096e-08
2920.0 1.2686417507865536e-08
2921.0 1.2679227219644974e-08
2922.0 1.267203693142441e-08
2923.0 1.2664846643203849e-08
2924.0 1.2657656354983289e-08
2925.0 1.2650466066762727e-08
2926.0 1.2643275778542164e-08
2927.0 1.2636085490321605e-08
2928.0 1.262889520210104e-08
2929.0 1.262170491388048e-08
2930.0 1.2614514625659917e-08
2931.0 1.2607324337439358e-08
2932.0 1.2600134049218793e-08
2933.0 1.2592943760998233e-08
2934.0 1.2585753472777673e-08
2935.0 1.257856318455711e-08
2936.0 1.257137289633655e-08
2937.0 1.2564182608115985e-08
2938.0 1.2556992319895426e-08
2939.0 1.2549802031674866e-08
2940.0 1.2542611743454304e-08
2941.0 1.253542145523374e-08
2942.0 1.252823116701318e-08
2943.0 1.2521040878792618e-08
2944.0 1.2513850590572054e-08
2945.0 1.2506660302351494e-08
2946.0 1.2499470014130929e-08
2947.0 1.249227972591037e-08
2948.0 1.248508943768981e-08
2949.0 1.2477899149469249e-08
2950.0 1.2470708861248686e-08
2951.0 1.2463518573028125e-08
2952.0 1.2456328284807564e-08
2953.0 1.2449137996587e-08
2954.0 1.244194770836644e-08
2955.0 1.2434757420145875e-08
2956.0 1.2427567131925317e-08
2957.0 1.2420376843704757e-08
2958.0 1.2413186555484193e-08
2959.0 1.2405996267263628e-08
2960.0 1.239880597904307e-08
2961.0 1.2391615690822507e-08
2962.0 1.2384425402601945e-08
2963.0 1.2377235114381385e-08
2964.0 1.2370044826160821e-08
2965.0 1.2362854537940261e-08
2966.0 1.2355664249719701e-08
2967.0 1.234847396149914e-08
2968.0 1.2341283673278578e-08
2969.0 1.2334093385058016e-08
2970.0 1.2326903096837453e-08
2971.0 1.2319712808616891e-08
2972.0 1.231252252039633e-08
2973.0 1.2305332232175766e-08
2974.0 1.2298141943955206e-08
2975.0 1.2290951655734647e-08
2976.0 1.2283761367514084e-08
2977.0 1.2276571079293522e-08
2978.0 1.226938079107296e-08
2979.0 1.2262190502852397e-08
2980.0 1.2255000214631835e-08
2981.0 1.2247809926411275e-08
2982.0 1.2240619638190712e-08
2983.0 1.2233429349970155e-08
2984.0 1.2226239061749593e-08
2985.0 1.221904877352903e-08
2986.0 1.2211858485308468e-08
2987.0 1.2204668197087905e-08
2988.0 1.2197477908867343e-08
2989.0 1.2190287620646783e-08
2990.0 1.2183097332426221e-08
2991.0 1.2175907044205656e-08
2992.0 1.21687167559851e-08
2993.0 1.2161526467764538e-08
2994.0 1.2154336179543974e-08
2995.0 1.2147145891323413e-08
2996.0 1.213995560310285e-08
2997.0 1.213276531488229e-08
2998.0 1.212557502666173e-08
2999.0 1.2118384738441167e-08
3000.0 1.2111194450220602e-08
3001.0 1.2104004162000046e-08
3002.0 1.2096813873779482e-08
3003.0 1.208962358555892e-08
3004.0 1.208243329733836e-08
3005.0 1.2075243009117795e-08
3006.0 1.2068052720897234e-08
3007.0 1.2060862432676674e-08
3008.0 1.2053672144456112e-08
3009.0 1.2046481856235547e-08
3010.0 1.203929156801499e-08
3011.0 1.2032101279794427e-08
3012.0 1.2024910991573865e-08
3013.0 1.2017720703353303e-08
3014.0 1.2010530415132742e-08
3015.0 1.200334012691218e-08
3016.0 1.199614983869162e-08
3017.0 1.1988959550471058e-08
3018.0 1.1981769262250495e-08
3019.0 1.1974578974029936e-08
3020.0 1.1967388685809373e-08
3021.0 1.1960198397588811e-08
3022.0 1.195300810936825e-08
3023.0 1.1945817821147686e-08
3024.0 1.1938627532927124e-08
3025.0 1.1931437244706564e-08
3026.0 1.1924246956486002e-08
3027.0 1.1917056668265439e-08
3028.0 1.190986638004488e-08
3029.0 1.1902676091824317e-08
3030.0 1.1895485803603757e-08
3031.0 1.1888295515383194e-08
3032.0 1.1881105227162632e-08
3033.0 1.187391493894207e-08
3034.0 1.186672465072151e-08
3035.0 1.1859534362500949e-08
3036.0 1.1852344074280385e-08
3037.0 1.1845153786059823e-08
3038.0 1.1837963497839263e-08
3039.0 1.1830773209618698e-08
3040.0 1.1823582921398137e-08
3041.0 1.1816392633177577e-08
3042.0 1.1809202344957017e-08
3043.0 1.1802012056736453e-08
3044.0 1.1794821768515893e-08
3045.0 1.178763148029533e-08
3046.0 1.178044119207477e-08
3047.0 1.1773250903854206e-08
3048.0 1.1766060615633648e-08
3049.0 1.1758870327413083e-08
3050.0 1.1751680039192523e-08
3051.0 1.1744489750971961e-08
3052.0 1.1737299462751398e-08
3053.0 1.1730109174530838e-08
3054.0 1.1722918886310272e-08
3055.0 1.1715728598089714e-08
3056.0 1.1708538309869154e-08
3057.0 1.1701348021648592e-08
3058.0 1.1694157733428027e-08
3059.0 1.1686967445207467e-08
3060.0 1.1679777156986907e-08
3061.0 1.1672586868766344e-08
3062.0 1.1665396580545784e-08
3063.0 1.1658206292325219e-08
3064.0 1.165101600410466e-08
3065.0 1.16438257158841e-08
3066.0 1.1636635427663538e-08
3067.0 1.1629445139442973e-08
3068.0 1.1622254851222413e-08
3069.0 1.161506456300185e-08
3070.0 1.1607874274781288e-08
3071.0 1.1600683986560728e-08
3072.0 1.1593493698340163e-08
3073.0 1.1586303410119605e-08
3074.0 1.1579113121899045e-08
3075.0 1.1571922833678481e-08
3076.0 1.1564732545457921e-08
3077.0 1.155754225723736e-08
3078.0 1.1550351969016796e-08
3079.0 1.1543161680796234e-08
3080.0 1.1535971392575674e-08
3081.0 1.1528781104355109e-08
3082.0 1.1521590816134549e-08
3083.0 1.151440052791399e-08
3084.0 1.1507210239693427e-08
3085.0 1.1500019951472866e-08
3086.0 1.1492829663252304e-08
3087.0 1.148563937503174e-08
3088.0 1.1478449086811179e-08
3089.0 1.1471258798590619e-08
3090.0 1.1464068510370055e-08
3091.0 1.1456878222149497e-08
3092.0 1.1449687933928935e-08
3093.0 1.1442497645708373e-08
3094.0 1.1435307357487812e-08
3095.0 1.142811706926725e-08
3096.0 1.1420926781046687e-08
3097.0 1.1413736492826125e-08
3098.0 1.1406546204605565e-08
3099.0 1.1399355916385e-08
3100.0 1.1392165628164443e-08
