2.0 4.72642552091154e-08
3.0 6.38120431823644e-08
4.0 7.939040154412797e-08
5.0 9.398454987290067e-08
6.0 1.076560647551059e-07
7.0 1.2030225212104633e-07
8.0 1.3203953882744473e-07
9.0 1.4295179296077098e-07
10.0 1.5306030921593607e-07
11.0 1.6230197938336324e-07
12.0 1.7108411421973955e-07
13.0 1.7889145203108516e-07
14.0 1.8607070002704933e-07
15.0 1.929674294947482e-07
16.0 1.9917920712992387e-07
17.0 2.0447330141993372e-07
18.0 2.0959419237945337e-07
19.0 2.1437486079203696e-07
20.0 2.1877650995191706e-07
21.0 2.2216619834322726e-07
22.0 2.2540792194414854e-07
23.0 2.2850714773165973e-07
24.0 2.3120300907065728e-07
25.0 2.3375221818230186e-07
26.0 2.3528881240383147e-07
27.0 2.3676616615167574e-07
28.0 2.379109325564973e-07
29.0 2.3902846100938604e-07
30.0 2.3984574808936886e-07
31.0 2.406630351693518e-07
32.0 2.406402582858686e-07
33.0 2.4047601461649714e-07
34.0 2.400976997778013e-07
35.0 2.3946504040977116e-07
36.0 2.3883238104174113e-07
37.0 2.3804993973632686e-07
38.0 2.3724578349134728e-07
39.0 2.3638594950932966e-07
40.0 2.3496823757068062e-07
41.0 2.335505256320315e-07
42.0 2.320967861461444e-07
43.0 2.3029490800991748e-07
44.0 2.284930298736905e-07
45.0 2.2669115173746362e-07
46.0 2.2485015463358245e-07
47.0 2.2300310326026967e-07
48.0 2.2115605188695692e-07
49.0 2.1926208101627214e-07
50.0 2.172945849330322e-07
51.0 2.1532708884979222e-07
52.0 2.1335959276655238e-07
53.0 2.1133058945398752e-07
54.0 2.0926778621357688e-07
55.0 2.0720498297316623e-07
56.0 2.0514217973275564e-07
57.0 2.0308776667605842e-07
58.0 2.0103865567929242e-07
59.0 1.989895446825264e-07
60.0 1.9694043368576044e-07
61.0 1.9492586841300641e-07
62.0 1.9300490757962542e-07
63.0 1.9108394674624443e-07
64.0 1.8916298591286346e-07
65.0 1.8724202507948246e-07
66.0 1.854031331944806e-07
67.0 1.8362083914276698e-07
68.0 1.8183854509105338e-07
69.0 1.800562510393397e-07
70.0 1.7827395698762604e-07
71.0 1.7651190391940122e-07
72.0 1.7476615821587e-07
73.0 1.7302041251233877e-07
74.0 1.712746668088076e-07
75.0 1.6952892110527636e-07
76.0 1.6780127475676403e-07
77.0 1.6619722540475526e-07
78.0 1.6459317605274657e-07
79.0 1.6298912670073785e-07
80.0 1.6138507734872913e-07
81.0 1.5978102799672038e-07
82.0 1.5823226106083343e-07
83.0 1.568230657953137e-07
84.0 1.5541387052979388e-07
85.0 1.5400467526427411e-07
86.0 1.5259547999875435e-07
87.0 1.5118628473323459e-07
88.0 1.4977708946771487e-07
89.0 1.4841071509680813e-07
90.0 1.47044792595282e-07
91.0 1.4567887009375593e-07
92.0 1.4431294759222976e-07
93.0 1.4294702509070368e-07
94.0 1.415811025891775e-07
95.0 1.4023772237413494e-07
96.0 1.3897883851973845e-07
97.0 1.3771995466534193e-07
98.0 1.3646107081094546e-07
99.0 1.3520218695654894e-07
100.0 1.3394330310215245e-07
101.0 1.3268441924775596e-07
102.0 1.3142553539335946e-07
103.0 1.3033079941495005e-07
104.0 1.2925239786589956e-07
105.0 1.281739963168491e-07
106.0 1.270955947677986e-07
107.0 1.260171932187481e-07
108.0 1.2493879166969761e-07
109.0 1.2386039012064715e-07
110.0 1.2278415387953238e-07
111.0 1.21752795455692e-07
112.0 1.207214370318516e-07
113.0 1.1969007860801118e-07
114.0 1.186587201841708e-07
115.0 1.176273617603304e-07
116.0 1.1659600333649e-07
117.0 1.1556464491264961e-07
118.0 1.145332864888092e-07
119.0 1.1354588873347118e-07
120.0 1.1259073433811667e-07
121.0 1.1163557994276214e-07
122.0 1.1068042554740762e-07
123.0 1.0972527115205314e-07
124.0 1.0877011675669863e-07
125.0 1.0781496236134412e-07
126.0 1.0685980796598963e-07
127.0 1.0590465357063509e-07
128.0 1.0502245061242073e-07
129.0 1.0422748731264631e-07
130.0 1.0343252401287189e-07
131.0 1.0263756071309744e-07
132.0 1.0184259741332302e-07
133.0 1.0104763411354862e-07
134.0 1.0025267081377418e-07
135.0 9.945770751399977e-08
136.0 9.866274421422535e-08
137.0 9.786778091445092e-08
138.0 9.710416679477189e-08
139.0 9.635885794164892e-08
140.0 9.561354908852598e-08
141.0 9.486824023540305e-08
142.0 9.412293138228008e-08
143.0 9.337762252915711e-08
144.0 9.263231367603416e-08
145.0 9.18870048229112e-08
146.0 9.114169596978829e-08
147.0 9.039638711666531e-08
148.0 8.965370642907543e-08
149.0 8.89603391900659e-08
150.0 8.826697195105638e-08
151.0 8.757360471204688e-08
152.0 8.688023747303735e-08
153.0 8.618687023402783e-08
154.0 8.549350299501832e-08
155.0 8.48001357560088e-08
156.0 8.41067685169993e-08
157.0 8.341340127798977e-08
158.0 8.272003403898026e-08
159.0 8.202666679997074e-08
160.0 8.142085772499776e-08
161.0 8.086119290724e-08
162.0 8.030152808948224e-08
163.0 7.974186327172446e-08
164.0 7.91821984539667e-08
165.0 7.86225336362089e-08
166.0 7.806286881845117e-08
167.0 7.750320400069336e-08
168.0 7.69435391829356e-08
169.0 7.638387436517783e-08
170.0 7.582420954742006e-08
171.0 7.526454472966228e-08
172.0 7.472416719148469e-08
173.0 7.421507223888697e-08
174.0 7.370597728628928e-08
175.0 7.319688233369155e-08
176.0 7.268778738109385e-08
177.0 7.217869242849615e-08
178.0 7.166959747589842e-08
179.0 7.11605025233007e-08
180.0 7.0651407570703e-08
181.0 7.014231261810529e-08
182.0 6.963321766550758e-08
183.0 6.912412271290987e-08
184.0 6.861502776031214e-08
185.0 6.811128653273935e-08
186.0 6.763512421247275e-08
187.0 6.715896189220614e-08
188.0 6.668279957193956e-08
189.0 6.620663725167296e-08
190.0 6.573047493140635e-08
191.0 6.525431261113977e-08
192.0 6.477815029087317e-08
193.0 6.430198797060657e-08
194.0 6.382582565033996e-08
195.0 6.334966333007336e-08
196.0 6.287350100980676e-08
197.0 6.239733868954015e-08
198.0 6.192117636927356e-08
199.0 6.144501404900696e-08
200.0 6.106148372896427e-08
201.0 6.068540356536699e-08
202.0 6.030932340176972e-08
203.0 5.993324323817242e-08
204.0 5.955716307457516e-08
205.0 5.918108291097786e-08
206.0 5.880500274738059e-08
207.0 5.8428922583783295e-08
208.0 5.805284242018602e-08
209.0 5.767676225658874e-08
210.0 5.7300682092991455e-08
211.0 5.692460192939417e-08
212.0 5.6548521765796904e-08
213.0 5.61724416021996e-08
214.0 5.579636143860233e-08
215.0 5.5448480603971975e-08
216.0 5.512003804052852e-08
217.0 5.479159547708507e-08
218.0 5.4463152913641625e-08
219.0 5.413471035019818e-08
220.0 5.3806267786754736e-08
221.0 5.347782522331128e-08
222.0 5.3149382659867847e-08
223.0 5.282094009642439e-08
224.0 5.2492497532980944e-08
225.0 5.2164054969537496e-08
226.0 5.1835612406094055e-08
227.0 5.150716984265061e-08
228.0 5.117872727920715e-08
229.0 5.08502847157637e-08
230.0 5.0521842152320264e-08
231.0 5.019489129713902e-08
232.0 4.9885749343460296e-08
233.0 4.957660738978158e-08
234.0 4.9267465436102854e-08
235.0 4.8958323482424135e-08
236.0 4.864918152874542e-08
237.0 4.8340039575066706e-08
238.0 4.803089762138798e-08
239.0 4.7721755667709256e-08
240.0 4.7412613714030545e-08
241.0 4.7103471760351814e-08
242.0 4.6794329806673096e-08
243.0 4.648518785299438e-08
244.0 4.617604589931566e-08
245.0 4.586690394563694e-08
246.0 4.555776199195822e-08
247.0 4.52486200382795e-08
248.0 4.4939478084600774e-08
249.0 4.465017389727978e-08
250.0 4.4409299749322056e-08
251.0 4.4168425601364344e-08
252.0 4.3927551453406626e-08
253.0 4.3686677305448914e-08
254.0 4.3445803157491196e-08
255.0 4.320492900953348e-08
256.0 4.2964054861575766e-08
257.0 4.2723180713618054e-08
258.0 4.248230656566034e-08
259.0 4.224143241770262e-08
260.0 4.200055826974489e-08
261.0 4.1759684121787175e-08
262.0 4.151880997382946e-08
263.0 4.127793582587175e-08
264.0 4.1037061677914026e-08
265.0 4.079618752995632e-08
266.0 4.055531338199861e-08
267.0 4.031443923404089e-08
268.0 4.007890532379062e-08
269.0 3.987792077745583e-08
270.0 3.967693623112104e-08
271.0 3.947595168478625e-08
272.0 3.927496713845146e-08
273.0 3.907398259211667e-08
274.0 3.8872998045781885e-08
275.0 3.867201349944709e-08
276.0 3.8471028953112306e-08
277.0 3.8270044406777506e-08
278.0 3.806905986044273e-08
279.0 3.786807531410795e-08
280.0 3.766709076777315e-08
281.0 3.746610622143836e-08
282.0 3.726512167510357e-08
283.0 3.7064137128768775e-08
284.0 3.686315258243398e-08
285.0 3.66621680360992e-08
286.0 3.6461183489764416e-08
287.0 3.626019894342963e-08
288.0 3.605921439709484e-08
289.0 3.586381635203248e-08
290.0 3.5673968552670405e-08
291.0 3.548412075330832e-08
292.0 3.5294272953946246e-08
293.0 3.5104425154584156e-08
294.0 3.491457735522208e-08
295.0 3.472472955585999e-08
296.0 3.4534881756497926e-08
297.0 3.434503395713583e-08
298.0 3.4155186157773753e-08
299.0 3.396533835841167e-08
300.0 3.377549055904959e-08
301.0 3.358564275968751e-08
302.0 3.3395794960325434e-08
303.0 3.320594716096335e-08
304.0 3.301609936160127e-08
305.0 3.2826251562239185e-08
306.0 3.26364037628771e-08
307.0 3.244655596351502e-08
308.0 3.225670816415294e-08
309.0 3.206686036479086e-08
310.0 3.1877012565428776e-08
311.0 3.169884339294234e-08
312.0 3.1550676393417024e-08
313.0 3.1402509393891714e-08
314.0 3.125434239436641e-08
315.0 3.110617539484109e-08
316.0 3.095800839531578e-08
317.0 3.080984139579048e-08
318.0 3.066167439626517e-08
319.0 3.051350739673985e-08
320.0 3.0365340397214536e-08
321.0 3.021717339768923e-08
322.0 3.0069006398163915e-08
323.0 2.9920839398638605e-08
324.0 2.9772672399113298e-08
325.0 2.962450539958798e-08
326.0 2.9476338400062675e-08
327.0 2.9328171400537368e-08
328.0 2.918000440101205e-08
329.0 2.9031837401486737e-08
330.0 2.8883670401961427e-08
331.0 2.8735503402436114e-08
332.0 2.8587336402910803e-08
333.0 2.8439169403385497e-08
334.0 2.829100240386018e-08
335.0 2.8153485337041096e-08
336.0 2.8035995478746233e-08
337.0 2.7918505620451357e-08
338.0 2.7801015762156504e-08
339.0 2.7683525903861637e-08
340.0 2.7566036045566774e-08
341.0 2.7448546187271908e-08
342.0 2.733105632897705e-08
343.0 2.7213566470682182e-08
344.0 2.7096076612387315e-08
345.0 2.697858675409246e-08
346.0 2.686109689579759e-08
347.0 2.674360703750273e-08
348.0 2.6626117179207863e-08
349.0 2.6508627320912997e-08
350.0 2.639113746261814e-08
351.0 2.627364760432327e-08
352.0 2.6156157746028404e-08
353.0 2.603866788773354e-08
354.0 2.5921178029438678e-08
355.0 2.5803688171143815e-08
356.0 2.568619831284895e-08
357.0 2.5568708454554085e-08
358.0 2.5451218596259222e-08
359.0 2.5333728737964352e-08
360.0 2.5216238879669496e-08
361.0 2.5102393242040527e-08
362.0 2.4991288882604818e-08
363.0 2.4880184523169113e-08
364.0 2.4769080163733408e-08
365.0 2.465797580429771e-08
366.0 2.4546871444861998e-08
367.0 2.44357670854263e-08
368.0 2.4324662725990595e-08
369.0 2.4213558366554883e-08
370.0 2.4102454007119182e-08
371.0 2.3991349647683477e-08
372.0 2.3880245288247772e-08
373.0 2.3769140928812067e-08
374.0 2.3658036569376362e-08
375.0 2.3546932209940667e-08
376.0 2.3435827850504955e-08
377.0 2.332472349106925e-08
378.0 2.3213619131633545e-08
379.0 2.310251477219784e-08
380.0 2.2991410412762135e-08
381.0 2.288030605332643e-08
382.0 2.2769201693890725e-08
383.0 2.2658097334455024e-08
384.0 2.254699297501932e-08
385.0 2.2435888615583614e-08
386.0 2.232478425614791e-08
387.0 2.2213679896712207e-08
388.0 2.21025755372765e-08
389.0 2.2010517513133763e-08
390.0 2.1922961305156574e-08
391.0 2.1835405097179382e-08
392.0 2.1747848889202187e-08
393.0 2.1660292681224998e-08
394.0 2.1572736473247805e-08
395.0 2.148518026527061e-08
396.0 2.139762405729342e-08
397.0 2.131006784931623e-08
398.0 2.122251164133904e-08
399.0 2.1134955433361848e-08
400.0 2.1047399225384652e-08
401.0 2.095984301740746e-08
402.0 2.087228680943027e-08
403.0 2.0784730601453076e-08
404.0 2.0697174393475887e-08
405.0 2.0609618185498695e-08
406.0 2.05220619775215e-08
407.0 2.043450576954431e-08
408.0 2.0346949561567115e-08
409.0 2.025939335358993e-08
410.0 2.0171837145612734e-08
411.0 2.008428093763554e-08
412.0 1.999672472965835e-08
413.0 1.990916852168116e-08
414.0 1.9821612313703962e-08
415.0 1.9734056105726776e-08
416.0 1.9646499897749584e-08
417.0 1.9558943689772392e-08
418.0 1.9471387481795196e-08
419.0 1.940319082129676e-08
420.0 1.9336941538853536e-08
421.0 1.9270692256410302e-08
422.0 1.9204442973967074e-08
423.0 1.9138193691523853e-08
424.0 1.9071944409080622e-08
425.0 1.9005695126637398e-08
426.0 1.8939445844194167e-08
427.0 1.887319656175094e-08
428.0 1.8806947279307715e-08
429.0 1.874069799686448e-08
430.0 1.8674448714421257e-08
431.0 1.8608199431978033e-08
432.0 1.8541950149534805e-08
433.0 1.8475700867091577e-08
434.0 1.8409451584648346e-08
435.0 1.8343202302205122e-08
436.0 1.8276953019761894e-08
437.0 1.821070373731866e-08
438.0 1.8144454454875436e-08
439.0 1.807820517243221e-08
440.0 1.8011955889988984e-08
441.0 1.7945706607545756e-08
442.0 1.787945732510253e-08
443.0 1.78132080426593e-08
444.0 1.7746958760216077e-08
445.0 1.7680709477772843e-08
446.0 1.7614460195329615e-08
447.0 1.7548210912886397e-08
448.0 1.7481961630443163e-08
449.0 1.741571234799994e-08
450.0 1.7349463065556708e-08
451.0 1.7285959427631357e-08
452.0 1.7223602837264922e-08
453.0 1.7161246246898484e-08
454.0 1.7098889656532045e-08
455.0 1.7036533066165604e-08
456.0 1.6974176475799172e-08
457.0 1.6911819885432734e-08
458.0 1.6849463295066296e-08
459.0 1.6787106704699858e-08
460.0 1.6724750114333423e-08
461.0 1.666239352396698e-08
462.0 1.660003693360055e-08
463.0 1.6537680343234105e-08
464.0 1.6475323752867667e-08
465.0 1.641296716250123e-08
466.0 1.635061057213479e-08
467.0 1.6288253981768352e-08
468.0 1.622589739140191e-08
469.0 1.616354080103548e-08
470.0 1.6101184210669037e-08
471.0 1.60388276203026e-08
472.0 1.5976471029936164e-08
473.0 1.5914114439569723e-08
474.0 1.5851757849203288e-08
475.0 1.578940125883685e-08
476.0 1.5727044668470408e-08
477.0 1.5664688078103973e-08
478.0 1.5602331487737535e-08
479.0 1.5539974897371097e-08
480.0 1.547761830700466e-08
481.0 1.541526171663822e-08
482.0 1.5352905126271785e-08
483.0 1.5290548535905347e-08
484.0 1.5228191945538906e-08
485.0 1.5166102572789647e-08
486.0 1.5116104209890785e-08
487.0 1.5066105846991923e-08
488.0 1.5016107484093065e-08
489.0 1.4966109121194203e-08
490.0 1.4916110758295342e-08
491.0 1.4866112395396482e-08
492.0 1.4816114032497623e-08
493.0 1.4766115669598758e-08
494.0 1.4716117306699898e-08
495.0 1.4666118943801038e-08
496.0 1.4616120580902175e-08
497.0 1.4566122218003317e-08
498.0 1.4516123855104453e-08
499.0 1.4466125492205593e-08
500.0 1.4416127129306733e-08
501.0 1.4366128766407873e-08
502.0 1.4316130403509009e-08
503.0 1.426613204061015e-08
504.0 1.421613367771129e-08
505.0 1.4166135314812427e-08
506.0 1.4116136951913567e-08
507.0 1.4066138589014705e-08
508.0 1.4016140226115845e-08
509.0 1.3966141863216985e-08
510.0 1.3916143500318123e-08
511.0 1.3866145137419259e-08
512.0 1.3816146774520402e-08
513.0 1.3766148411621542e-08
514.0 1.3716150048722677e-08
515.0 1.3666151685823817e-08
516.0 1.3616153322924955e-08
517.0 1.3566154960026095e-08
518.0 1.3516156597127235e-08
519.0 1.3466158234228374e-08
520.0 1.3416159871329514e-08
521.0 1.336616150843065e-08
522.0 1.3316163145531792e-08
523.0 1.3275293285220053e-08
524.0 1.3238992793423275e-08
525.0 1.3202692301626492e-08
526.0 1.3166391809829714e-08
527.0 1.3130091318032936e-08
528.0 1.3093790826236153e-08
529.0 1.3057490334439375e-08
530.0 1.3021189842642594e-08
531.0 1.298488935084581e-08
532.0 1.2948588859049033e-08
533.0 1.2912288367252255e-08
534.0 1.2875987875455472e-08
535.0 1.2839687383658694e-08
536.0 1.280338689186191e-08
537.0 1.2767086400065133e-08
538.0 1.2730785908268353e-08
539.0 1.2694485416471572e-08
540.0 1.2658184924674792e-08
541.0 1.2621884432878012e-08
542.0 1.2585583941081231e-08
543.0 1.2549283449284451e-08
544.0 1.2512982957487672e-08
545.0 1.2476682465690892e-08
546.0 1.244038197389411e-08
547.0 1.240408148209733e-08
548.0 1.236778099030055e-08
549.0 1.233148049850377e-08
550.0 1.2295180006706989e-08
551.0 1.225887951491021e-08
552.0 1.222257902311343e-08
553.0 1.218627853131665e-08
554.0 1.2149978039519868e-08
555.0 1.211367754772309e-08
556.0 1.2077377055926309e-08
557.0 1.2041076564129529e-08
558.0 1.2004776072332746e-08
559.0 1.1968475580535968e-08
560.0 1.1932175088739183e-08
561.0 1.1895874596942407e-08
562.0 1.1859574105145629e-08
563.0 1.1824365588942276e-08
564.0 1.1790581474261774e-08
565.0 1.1756797359581277e-08
566.0 1.1723013244900776e-08
567.0 1.1689229130220278e-08
568.0 1.1655445015539778e-08
569.0 1.1621660900859276e-08
570.0 1.1587876786178778e-08
571.0 1.1554092671498276e-08
572.0 1.1520308556817778e-08
573.0 1.1486524442137278e-08
574.0 1.1452740327456776e-08
575.0 1.1418956212776278e-08
576.0 1.1385172098095777e-08
577.0 1.1351387983415278e-08
578.0 1.1317603868734778e-08
579.0 1.1283819754054277e-08
580.0 1.1250035639373779e-08
581.0 1.1216251524693277e-08
582.0 1.1182467410012779e-08
583.0 1.1148683295332279e-08
584.0 1.1114899180651777e-08
585.0 1.1081115065971279e-08
586.0 1.1047330951290777e-08
587.0 1.101354683661028e-08
588.0 1.097976272192978e-08
589.0 1.094597860724928e-08
590.0 1.0912194492568781e-08
591.0 1.087841037788828e-08
592.0 1.0844626263207781e-08
593.0 1.0810842148527283e-08
594.0 1.077705803384678e-08
595.0 1.0743273919166281e-08
596.0 1.070948980448578e-08
597.0 1.067570568980528e-08
598.0 1.0641921575124778e-08
599.0 1.060813746044428e-08
600.0 1.0574353345763782e-08
601.0 1.054056923108328e-08
602.0 1.050678511640278e-08
603.0 1.0473001001722279e-08
604.0 1.043921688704178e-08
605.0 1.040543277236128e-08
606.0 1.0372268385086059e-08
607.0 1.0344524939249427e-08
608.0 1.0316781493412806e-08
609.0 1.0289038047576177e-08
610.0 1.0261294601739552e-08
611.0 1.0233551155902927e-08
612.0 1.0205807710066302e-08
613.0 1.0178064264229675e-08
614.0 1.015032081839305e-08
615.0 1.0122577372556425e-08
616.0 1.00948339267198e-08
617.0 1.0067090480883174e-08
618.0 1.0039347035046549e-08
619.0 1.0011603589209924e-08
620.0 9.983860143373297e-09
621.0 9.956116697536672e-09
622.0 9.928373251700047e-09
623.0 9.900629805863422e-09
624.0 9.872886360026793e-09
625.0 9.845142914190168e-09
626.0 9.817399468353543e-09
627.0 9.789656022516917e-09
628.0 9.761912576680292e-09
629.0 9.734169130843666e-09
630.0 9.706425685007041e-09
631.0 9.678682239170416e-09
632.0 9.65093879333379e-09
633.0 9.623195347497165e-09
634.0 9.595451901660538e-09
635.0 9.567708455823911e-09
636.0 9.539965009987286e-09
637.0 9.512221564150663e-09
638.0 9.484478118314033e-09
639.0 9.45673467247741e-09
640.0 9.428991226640784e-09
641.0 9.401247780804158e-09
642.0 9.373504334967533e-09
643.0 9.345760889130908e-09
644.0 9.318017443294281e-09
645.0 9.290273997457658e-09
646.0 9.262530551621032e-09
647.0 9.234787105784406e-09
648.0 9.20704365994778e-09
649.0 9.179300214111154e-09
650.0 9.151556768274529e-09
651.0 9.123813322437902e-09
652.0 9.096069876601277e-09
653.0 9.071930106463476e-09
654.0 9.052496520463962e-09
655.0 9.033062934464448e-09
656.0 9.013629348464934e-09
657.0 8.994195762465418e-09
658.0 8.974762176465905e-09
659.0 8.95532859046639e-09
660.0 8.935895004466877e-09
661.0 8.916461418467363e-09
662.0 8.897027832467849e-09
663.0 8.877594246468335e-09
664.0 8.85816066046882e-09
665.0 8.838727074469307e-09
666.0 8.819293488469792e-09
667.0 8.799859902470278e-09
668.0 8.780426316470764e-09
669.0 8.76099273047125e-09
670.0 8.741559144471734e-09
671.0 8.72212555847222e-09
672.0 8.702691972472706e-09
673.0 8.683258386473192e-09
674.0 8.663824800473678e-09
675.0 8.644391214474165e-09
676.0 8.624957628474651e-09
677.0 8.605524042475137e-09
678.0 8.586090456475623e-09
679.0 8.566656870476109e-09
680.0 8.547223284476595e-09
681.0 8.52778969847708e-09
682.0 8.508356112477565e-09
683.0 8.48892252647805e-09
684.0 8.469488940478537e-09
685.0 8.450055354479022e-09
686.0 8.430621768479508e-09
687.0 8.411188182479994e-09
688.0 8.39175459648048e-09
689.0 8.372321010480966e-09
690.0 8.352887424481453e-09
691.0 8.33345383848194e-09
692.0 8.314020252482425e-09
693.0 8.294586666482911e-09
694.0 8.275153080483395e-09
695.0 8.255719494483881e-09
696.0 8.236285908484367e-09
697.0 8.216852322484853e-09
698.0 8.197418736485339e-09
699.0 8.177985150485825e-09
700.0 8.15855156448631e-09
701.0 8.139117978486796e-09
702.0 8.119684392487282e-09
703.0 8.100527743814944e-09
704.0 8.082722406748369e-09
705.0 8.064917069681792e-09
706.0 8.047111732615215e-09
707.0 8.029306395548637e-09
708.0 8.01150105848206e-09
709.0 7.993695721415484e-09
710.0 7.975890384348905e-09
711.0 7.95808504728233e-09
712.0 7.940279710215752e-09
713.0 7.922474373149177e-09
714.0 7.9046690360826e-09
715.0 7.886863699016023e-09
716.0 7.869058361949445e-09
717.0 7.85125302488287e-09
718.0 7.833447687816291e-09
719.0 7.815642350749715e-09
720.0 7.797837013683138e-09
721.0 7.780031676616561e-09
722.0 7.762226339549985e-09
723.0 7.744421002483406e-09
724.0 7.72661566541683e-09
725.0 7.708810328350253e-09
726.0 7.691004991283678e-09
727.0 7.6731996542171e-09
728.0 7.655394317150523e-09
729.0 7.637588980083946e-09
730.0 7.61978364301737e-09
731.0 7.601978305950792e-09
732.0 7.584172968884214e-09
733.0 7.566367631817639e-09
734.0 7.54856229475106e-09
735.0 7.530756957684486e-09
736.0 7.512951620617907e-09
737.0 7.495146283551332e-09
738.0 7.477340946484754e-09
739.0 7.459535609418177e-09
740.0 7.4417302723516e-09
741.0 7.423924935285024e-09
742.0 7.406119598218447e-09
743.0 7.388314261151869e-09
744.0 7.370508924085293e-09
745.0 7.3527035870187175e-09
746.0 7.334898249952139e-09
747.0 7.3170929128855624e-09
748.0 7.299287575818984e-09
749.0 7.281482238752408e-09
750.0 7.263676901685832e-09
751.0 7.245871564619255e-09
752.0 7.228066227552676e-09
753.0 7.2102608904861e-09
754.0 7.192455553419524e-09
755.0 7.174650216352947e-09
756.0 7.15684487928637e-09
757.0 7.13913913170106e-09
758.0 7.124181051247334e-09
759.0 7.109222970793605e-09
760.0 7.094264890339878e-09
761.0 7.0793068098861494e-09
762.0 7.064348729432423e-09
763.0 7.049390648978695e-09
764.0 7.034432568524966e-09
765.0 7.019474488071239e-09
766.0 7.0045164076175114e-09
767.0 6.989558327163784e-09
768.0 6.974600246710057e-09
769.0 6.959642166256328e-09
770.0 6.944684085802602e-09
771.0 6.9297260053488735e-09
772.0 6.914767924895147e-09
773.0 6.899809844441419e-09
774.0 6.8848517639876895e-09
775.0 6.869893683533964e-09
776.0 6.854935603080236e-09
777.0 6.839977522626507e-09
778.0 6.825019442172779e-09
779.0 6.810061361719052e-09
780.0 6.795103281265325e-09
781.0 6.780145200811596e-09
782.0 6.765187120357869e-09
783.0 6.750229039904141e-09
784.0 6.7352709594504135e-09
785.0 6.720312878996686e-09
786.0 6.7053547985429595e-09
787.0 6.690396718089232e-09
788.0 6.675438637635503e-09
789.0 6.6604805571817755e-09
790.0 6.645522476728048e-09
791.0 6.63056439627432e-09
792.0 6.615606315820592e-09
793.0 6.600648235366864e-09
794.0 6.585690154913137e-09
795.0 6.570732074459409e-09
796.0 6.555773994005682e-09
797.0 6.540815913551953e-09
798.0 6.525857833098226e-09
799.0 6.510899752644499e-09
800.0 6.4959416721907705e-09
801.0 6.480983591737042e-09
802.0 6.466025511283316e-09
803.0 6.451067430829588e-09
804.0 6.436109350375861e-09
805.0 6.421151269922132e-09
806.0 6.406193189468405e-09
807.0 6.391235109014678e-09
808.0 6.376277028560949e-09
809.0 6.36131894810722e-09
810.0 6.346360867653494e-09
811.0 6.331402787199766e-09
812.0 6.31644470674604e-09
813.0 6.301486626292311e-09
814.0 6.286528545838582e-09
815.0 6.271570465384856e-09
816.0 6.260027720592342e-09
817.0 6.249747261505678e-09
818.0 6.239466802419012e-09
819.0 6.229186343332348e-09
820.0 6.218905884245684e-09
821.0 6.2086254251590185e-09
822.0 6.198344966072355e-09
823.0 6.188064506985689e-09
824.0 6.177784047899024e-09
825.0 6.16750358881236e-09
826.0 6.157223129725695e-09
827.0 6.1469426706390326e-09
828.0 6.136662211552365e-09
829.0 6.126381752465702e-09
830.0 6.116101293379036e-09
831.0 6.105820834292373e-09
832.0 6.0955403752057065e-09
833.0 6.085259916119043e-09
834.0 6.074979457032378e-09
835.0 6.064698997945713e-09
836.0 6.0544185388590495e-09
837.0 6.044138079772383e-09
838.0 6.03385762068572e-09
839.0 6.023577161599055e-09
840.0 6.013296702512391e-09
841.0 6.003016243425724e-09
842.0 5.992735784339061e-09
843.0 5.982455325252397e-09
844.0 5.972174866165732e-09
845.0 5.961894407079067e-09
846.0 5.951613947992401e-09
847.0 5.9413334889057375e-09
848.0 5.931053029819072e-09
849.0 5.9207725707324086e-09
850.0 5.910492111645742e-09
851.0 5.900211652559079e-09
852.0 5.889931193472414e-09
853.0 5.87965073438575e-09
854.0 5.869370275299085e-09
855.0 5.8590898162124185e-09
856.0 5.848809357125755e-09
857.0 5.8385288980390895e-09
858.0 5.828248438952426e-09
859.0 5.81796797986576e-09
860.0 5.8076875207790965e-09
861.0 5.797407061692432e-09
862.0 5.787126602605768e-09
863.0 5.776846143519103e-09
864.0 5.766565684432436e-09
865.0 5.756285225345773e-09
866.0 5.746004766259107e-09
867.0 5.735724307172444e-09
868.0 5.72544384808578e-09
869.0 5.715163388999114e-09
870.0 5.7048829299124494e-09
871.0 5.694602470825785e-09
872.0 5.6843220117391205e-09
873.0 5.6740415526524564e-09
874.0 5.663761093565791e-09
875.0 5.653480634479125e-09
876.0 5.643200175392462e-09
877.0 5.632919716305797e-09
878.0 5.622639257219132e-09
879.0 5.6133888465403835e-09
880.0 5.604210738178499e-09
881.0 5.5950326298166155e-09
882.0 5.585854521454731e-09
883.0 5.5766764130928475e-09
884.0 5.567498304730963e-09
885.0 5.5583201963690795e-09
886.0 5.549142088007195e-09
887.0 5.5399639796453115e-09
888.0 5.530785871283428e-09
889.0 5.5216077629215435e-09
890.0 5.512429654559659e-09
891.0 5.5032515461977755e-09
892.0 5.494073437835892e-09
893.0 5.4848953294740075e-09
894.0 5.475717221112124e-09
895.0 5.46653911275024e-09
896.0 5.457361004388356e-09
897.0 5.448182896026472e-09
898.0 5.439004787664588e-09
899.0 5.429826679302704e-09
900.0 5.420648570940819e-09
901.0 5.411470462578937e-09
902.0 5.402292354217053e-09
903.0 5.393114245855168e-09
904.0 5.383936137493285e-09
905.0 5.3747580291314e-09
906.0 5.365579920769517e-09
907.0 5.3564018124076314e-09
908.0 5.347223704045749e-09
909.0 5.338045595683865e-09
910.0 5.328867487321981e-09
911.0 5.319689378960097e-09
912.0 5.310511270598212e-09
913.0 5.301333162236329e-09
914.0 5.292155053874444e-09
915.0 5.282976945512561e-09
916.0 5.2737988371506775e-09
917.0 5.264620728788792e-09
918.0 5.2554426204269095e-09
919.0 5.246264512065024e-09
920.0 5.2370864037031414e-09
921.0 5.227908295341256e-09
922.0 5.2187301869793734e-09
923.0 5.209552078617489e-09
924.0 5.200373970255605e-09
925.0 5.191195861893723e-09
926.0 5.182017753531837e-09
927.0 5.172839645169954e-09
928.0 5.1636615368080694e-09
929.0 5.154483428446185e-09
930.0 5.1453053200843014e-09
931.0 5.136127211722417e-09
932.0 5.126949103360534e-09
933.0 5.117770994998649e-09
934.0 5.108592886636765e-09
935.0 5.099414778274882e-09
936.0 5.090236669912998e-09
937.0 5.081058561551114e-09
938.0 5.071880453189229e-09
939.0 5.062702344827347e-09
940.0 5.053524236465462e-09
941.0 5.044346128103578e-09
942.0 5.035168019741694e-09
943.0 5.02598991137981e-09
944.0 5.016811803017926e-09
945.0 5.007633694656042e-09
946.0 4.998835835137166e-09
947.0 4.990917373130928e-09
948.0 4.982998911124692e-09
949.0 4.9750804491184545e-09
950.0 4.967161987112216e-09
951.0 4.95924352510598e-09
952.0 4.9513250630997436e-09
953.0 4.943406601093505e-09
954.0 4.9354881390872685e-09
955.0 4.927569677081032e-09
956.0 4.9196512150747935e-09
957.0 4.911732753068556e-09
958.0 4.90381429106232e-09
959.0 4.8958958290560825e-09
960.0 4.887977367049844e-09
961.0 4.880058905043608e-09
962.0 4.872140443037371e-09
963.0 4.8642219810311324e-09
964.0 4.8563035190248966e-09
965.0 4.848385057018659e-09
966.0 4.840466595012421e-09
967.0 4.832548133006185e-09
968.0 4.824629670999947e-09
969.0 4.816711208993709e-09
970.0 4.808792746987472e-09
971.0 4.8008742849812356e-09
972.0 4.792955822974998e-09
973.0 4.785037360968761e-09
974.0 4.777118898962524e-09
975.0 4.769200436956287e-09
976.0 4.76128197495005e-09
977.0 4.753363512943812e-09
978.0 4.745445050937575e-09
979.0 4.737526588931338e-09
980.0 4.7296081269250995e-09
981.0 4.721689664918864e-09
982.0 4.713771202912626e-09
983.0 4.705852740906388e-09
984.0 4.697934278900152e-09
985.0 4.690015816893915e-09
986.0 4.682097354887676e-09
987.0 4.67417889288144e-09
988.0 4.6662604308752034e-09
989.0 4.658341968868965e-09
990.0 4.6504235068627276e-09
991.0 4.642505044856492e-09
992.0 4.634586582850253e-09
993.0 4.626668120844017e-09
994.0 4.618749658837779e-09
995.0 4.610831196831542e-09
996.0 4.602912734825305e-09
997.0 4.594994272819067e-09
998.0 4.58707581081283e-09
999.0 4.579157348806593e-09
1000.0 4.571238886800355e-09
1001.0 4.563320424794119e-09
1002.0 4.555401962787881e-09
1003.0 4.547483500781643e-09
1004.0 4.539565038775407e-09
1005.0 4.53164657676917e-09
1006.0 4.523728114762931e-09
1007.0 4.5158096527566954e-09
1008.0 4.507891190750459e-09
1009.0 4.49997272874422e-09
1010.0 4.492054266737983e-09
1011.0 4.484135804731746e-09
1012.0 4.476217342725509e-09
1013.0 4.468298880719271e-09
1014.0 4.460380418713035e-09
1015.0 4.452461956706797e-09
1016.0 4.44454349470056e-09
1017.0 4.4366250326943235e-09
1018.0 4.428706570688085e-09
1019.0 4.421954766477069e-09
1020.0 4.416572697623996e-09
1021.0 4.411190628770922e-09
1022.0 4.405808559917849e-09
1023.0 4.400426491064774e-09
1024.0 4.395044422211702e-09
1025.0 4.3896623533586286e-09
1026.0 4.3842802845055545e-09
1027.0 4.378898215652482e-09
1028.0 4.3735161467994095e-09
1029.0 4.3681340779463346e-09
1030.0 4.362752009093262e-09
1031.0 4.357369940240189e-09
1032.0 4.351987871387115e-09
1033.0 4.346605802534042e-09
1034.0 4.341223733680969e-09
1035.0 4.3358416648278965e-09
1036.0 4.330459595974822e-09
1037.0 4.325077527121748e-09
1038.0 4.3196954582686766e-09
1039.0 4.3143133894156024e-09
1040.0 4.308931320562528e-09
1041.0 4.303549251709454e-09
1042.0 4.298167182856382e-09
1043.0 4.292785114003309e-09
1044.0 4.287403045150235e-09
1045.0 4.282020976297163e-09
1046.0 4.276638907444089e-09
1047.0 4.271256838591015e-09
1048.0 4.265874769737943e-09
1049.0 4.2604927008848695e-09
1050.0 4.255110632031795e-09
1051.0 4.249728563178723e-09
1052.0 4.24434649432565e-09
1053.0 4.2389644254725755e-09
1054.0 4.233582356619501e-09
1055.0 4.22820028776643e-09
1056.0 4.222818218913356e-09
1057.0 4.2174361500602815e-09
1058.0 4.21205408120721e-09
1059.0 4.206672012354135e-09
1060.0 4.2012899435010624e-09
1061.0 4.195907874647989e-09
1062.0 4.190525805794916e-09
1063.0 4.1851437369418425e-09
1064.0 4.179761668088769e-09
1065.0 4.174379599235696e-09
1066.0 4.168997530382623e-09
1067.0 4.163615461529549e-09
1068.0 4.158233392676476e-09
1069.0 4.152851323823403e-09
1070.0 4.1474692549703295e-09
1071.0 4.142087186117256e-09
1072.0 4.136705117264183e-09
1073.0 4.13132304841111e-09
1074.0 4.125940979558036e-09
1075.0 4.120558910704963e-09
1076.0 4.115176841851888e-09
1077.0 4.1097947729988164e-09
1078.0 4.104412704145742e-09
1079.0 4.099030635292668e-09
1080.0 4.0936485664395965e-09
1081.0 4.088266497586523e-09
1082.0 4.082884428733448e-09
1083.0 4.077502359880376e-09
1084.0 4.0721202910273025e-09
1085.0 4.066738222174229e-09
1086.0 4.061356153321156e-09
1087.0 4.055974084468083e-09
1088.0 4.050592015615009e-09
1089.0 4.045209946761937e-09
1090.0 4.039827877908863e-09
1091.0 4.0344458090557895e-09
1092.0 4.029063740202716e-09
1093.0 4.023681671349644e-09
1094.0 4.0182996024965696e-09
1095.0 4.012917533643496e-09
1096.0 4.007535464790423e-09
1097.0 4.002158690153573e-09
1098.0 3.997486712266993e-09
1099.0 3.992814734380413e-09
1100.0 3.9881427564938326e-09
1101.0 3.9834707786072535e-09
1102.0 3.978798800720673e-09
1103.0 3.974126822834092e-09
1104.0 3.969454844947514e-09
1105.0 3.964782867060933e-09
1106.0 3.9601108891743525e-09
1107.0 3.955438911287773e-09
1108.0 3.9507669334011936e-09
1109.0 3.946094955514613e-09
1110.0 3.941422977628033e-09
1111.0 3.936750999741453e-09
1112.0 3.932079021854872e-09
1113.0 3.9274070439682925e-09
1114.0 3.922735066081713e-09
1115.0 3.918063088195133e-09
1116.0 3.913391110308553e-09
1117.0 3.908719132421973e-09
1118.0 3.904047154535392e-09
1119.0 3.899375176648813e-09
1120.0 3.8947031987622326e-09
1121.0 3.890031220875653e-09
1122.0 3.885359242989073e-09
1123.0 3.880687265102493e-09
1124.0 3.876015287215912e-09
1125.0 3.871343309329332e-09
1126.0 3.866671331442753e-09
1127.0 3.861999353556172e-09
1128.0 3.857327375669593e-09
1129.0 3.852655397783013e-09
1130.0 3.847983419896432e-09
1131.0 3.843311442009852e-09
1132.0 3.838639464123273e-09
1133.0 3.8339674862366925e-09
1134.0 3.829295508350113e-09
1135.0 3.824623530463533e-09
1136.0 3.819951552576952e-09
1137.0 3.815279574690372e-09
1138.0 3.8106075968037915e-09
1139.0 3.8059356189172124e-09
1140.0 3.8012636410306326e-09
1141.0 3.796591663144052e-09
1142.0 3.791919685257472e-09
1143.0 3.787247707370891e-09
1144.0 3.782575729484312e-09
1145.0 3.777903751597732e-09
1146.0 3.773231773711152e-09
1147.0 3.768559795824572e-09
1148.0 3.763887817937992e-09
1149.0 3.759215840051411e-09
1150.0 3.754543862164832e-09
1151.0 3.749871884278252e-09
1152.0 3.7451999063916716e-09
1153.0 3.740527928505092e-09
1154.0 3.735855950618513e-09
1155.0 3.731183972731932e-09
1156.0 3.726511994845352e-09
1157.0 3.721840016958772e-09
1158.0 3.7171680390721915e-09
1159.0 3.712496061185611e-09
1160.0 3.707824083299032e-09
1161.0 3.703152105412452e-09
1162.0 3.698480127525871e-09
1163.0 3.6938081496392917e-09
1164.0 3.689136171752711e-09
1165.0 3.684464193866131e-09
1166.0 3.6797922159795516e-09
1167.0 3.675120238092971e-09
1168.0 3.670448260206391e-09
1169.0 3.665776282319811e-09
1170.0 3.661104304433231e-09
1171.0 3.656432326546651e-09
1172.0 3.651760348660071e-09
1173.0 3.647088370773491e-09
1174.0 3.6424163928869114e-09
1175.0 3.637744415000331e-09
1176.0 3.633072437113751e-09
1177.0 3.628400459227171e-09
1178.0 3.623728481340591e-09
1179.0 3.6190565034540108e-09
1180.0 3.614384525567431e-09
1181.0 3.609712547680851e-09
1182.0 3.6053197564881107e-09
1183.0 3.60119287285785e-09
1184.0 3.5970659892275924e-09
1185.0 3.5929391055973334e-09
1186.0 3.5888122219670732e-09
1187.0 3.584685338336815e-09
1188.0 3.5805584547065566e-09
1189.0 3.5764315710762972e-09
1190.0 3.5723046874460383e-09
1191.0 3.5681778038157797e-09
1192.0 3.5640509201855204e-09
1193.0 3.559924036555262e-09
1194.0 3.555797152925003e-09
1195.0 3.5516702692947435e-09
1196.0 3.547543385664485e-09
1197.0 3.5434165020342256e-09
1198.0 3.5392896184039666e-09
1199.0 3.535162734773708e-09
1200.0 3.5310358511434487e-09
1201.0 3.5269089675131894e-09
1202.0 3.522782083882931e-09
1203.0 3.518655200252672e-09
1204.0 3.5145283166224133e-09
1205.0 3.510401432992155e-09
1206.0 3.5062745493618954e-09
1207.0 3.5021476657316365e-09
1208.0 3.498020782101378e-09
1209.0 3.4938938984711186e-09
1210.0 3.4897670148408592e-09
1211.0 3.4856401312106007e-09
1212.0 3.4815132475803417e-09
1213.0 3.4773863639500824e-09
1214.0 3.473259480319824e-09
1215.0 3.469132596689565e-09
1216.0 3.4650057130593063e-09
1217.0 3.460878829429047e-09
1218.0 3.4567519457987884e-09
1219.0 3.452625062168529e-09
1220.0 3.44849817853827e-09
1221.0 3.4443712949080107e-09
1222.0 3.4402444112777514e-09
1223.0 3.436117527647493e-09
1224.0 3.431990644017234e-09
1225.0 3.4278637603869745e-09
1226.0 3.423736876756716e-09
1227.0 3.419609993126457e-09
1228.0 3.4154831094961985e-09
1229.0 3.411356225865939e-09
1230.0 3.4072293422356806e-09
1231.0 3.4031024586054212e-09
1232.0 3.3989755749751623e-09
1233.0 3.3948486913449037e-09
1234.0 3.3907218077146444e-09
1235.0 3.386594924084385e-09
1236.0 3.3824680404541265e-09
1237.0 3.3783411568238675e-09
1238.0 3.374214273193608e-09
1239.0 3.3700873895633496e-09
1240.0 3.3659605059330906e-09
1241.0 3.3618336223028313e-09
1242.0 3.3577067386725727e-09
1243.0 3.3535798550423134e-09
1244.0 3.3494529714120544e-09
1245.0 3.345326087781796e-09
1246.0 3.3411992041515365e-09
1247.0 3.3370723205212776e-09
1248.0 3.332945436891019e-09
1249.0 3.3288185532607605e-09
1250.0 3.3246916696305007e-09
1251.0 3.3205647860002418e-09
1252.0 3.316437902369983e-09
1253.0 3.312311018739724e-09
1254.0 3.308184135109465e-09
1255.0 3.3040572514792064e-09
1256.0 3.299930367848947e-09
1257.0 3.295803484218688e-09
1258.0 3.2916766005884295e-09
1259.0 3.28754971695817e-09
1260.0 3.2834228333279116e-09
1261.0 3.2792959496976527e-09
1262.0 3.2751690660673933e-09
1263.0 3.2710421824371347e-09
1264.0 3.2669152988068754e-09
1265.0 3.262788415176616e-09
1266.0 3.258661531546357e-09
1267.0 3.2545346479160985e-09
1268.0 3.250407764285839e-09
1269.0 3.2462808806555802e-09
1270.0 3.2421539970253217e-09
1271.0 3.2380271133950623e-09
1272.0 3.2339002297648038e-09
1273.0 3.2304340541077996e-09
1274.0 3.2276059838245598e-09
1275.0 3.2247779135413195e-09
1276.0 3.22194984325808e-09
1277.0 3.2191217729748407e-09
1278.0 3.216293702691601e-09
1279.0 3.213465632408361e-09
1280.0 3.210637562125121e-09
1281.0 3.207809491841881e-09
1282.0 3.2049814215586415e-09
1283.0 3.202153351275402e-09
1284.0 3.1993252809921614e-09
1285.0 3.1964972107089224e-09
1286.0 3.1936691404256825e-09
1287.0 3.190841070142442e-09
1288.0 3.188012999859203e-09
1289.0 3.1851849295759634e-09
1290.0 3.1823568592927228e-09
1291.0 3.1795287890094838e-09
1292.0 3.1767007187262435e-09
1293.0 3.1738726484430032e-09
1294.0 3.1710445781597642e-09
1295.0 3.168216507876524e-09
1296.0 3.165388437593284e-09
1297.0 3.1625603673100447e-09
1298.0 3.159732297026805e-09
1299.0 3.1569042267435646e-09
1300.0 3.1540761564603256e-09
1301.0 3.1512480861770854e-09
1302.0 3.1484200158938455e-09
1303.0 3.1455919456106057e-09
1304.0 3.1427638753273662e-09
1305.0 3.139935805044126e-09
1306.0 3.1371077347608866e-09
1307.0 3.1342796644776463e-09
1308.0 3.131451594194407e-09
1309.0 3.128623523911167e-09
1310.0 3.1257954536279272e-09
1311.0 3.1229673833446874e-09
1312.0 3.120139313061448e-09
1313.0 3.1173112427782077e-09
1314.0 3.114483172494968e-09
1315.0 3.1116551022117284e-09
1316.0 3.1088270319284886e-09
1317.0 3.1059989616452483e-09
1318.0 3.1031708913620093e-09
1319.0 3.100342821078769e-09
1320.0 3.0975147507955292e-09
1321.0 3.09468668051229e-09
1322.0 3.09185861022905e-09
1323.0 3.0890305399458097e-09
1324.0 3.0862024696625707e-09
1325.0 3.08337439937933e-09
1326.0 3.08054632909609e-09
1327.0 3.077718258812851e-09
1328.0 3.0748901885296113e-09
1329.0 3.072062118246371e-09
1330.0 3.069234047963132e-09
1331.0 3.066405977679892e-09
1332.0 3.0635779073966516e-09
1333.0 3.0607498371134125e-09
1334.0 3.0579217668301723e-09
1335.0 3.0550936965469324e-09
1336.0 3.0522656262636934e-09
1337.0 3.049437555980453e-09
1338.0 3.046609485697213e-09
1339.0 3.043781415413974e-09
1340.0 3.0409533451307337e-09
1341.0 3.038125274847494e-09
1342.0 3.0352972045642536e-09
1343.0 3.0324691342810146e-09
1344.0 3.0296410639977743e-09
1345.0 3.0268129937145345e-09
1346.0 3.023984923431295e-09
1347.0 3.021156853148055e-09
1348.0 3.018328782864815e-09
1349.0 3.015500712581576e-09
1350.0 3.0126726422983357e-09
1351.0 3.009844572015096e-09
1352.0 3.0070165017318564e-09
1353.0 3.004188431448616e-09
1354.0 3.0013603611653763e-09
1355.0 2.9985322908821373e-09
1356.0 2.9957042205988966e-09
1357.0 2.9928761503156572e-09
1358.0 2.9900480800324178e-09
1359.0 2.9872200097491775e-09
1360.0 2.984391939465938e-09
1361.0 2.9815638691826987e-09
1362.0 2.978735798899458e-09
1363.0 2.975907728616219e-09
1364.0 2.9730796583329787e-09
1365.0 2.9702515880497385e-09
1366.0 2.9674235177664995e-09
1367.0 2.9645954474832596e-09
1368.0 2.9617673772000194e-09
1369.0 2.9589393069167804e-09
1370.0 2.95611123663354e-09
1371.0 2.9535071629684475e-09
1372.0 2.9511309477698526e-09
1373.0 2.9487547325712574e-09
1374.0 2.9463785173726626e-09
1375.0 2.9440023021740685e-09
1376.0 2.9416260869754737e-09
1377.0 2.939249871776879e-09
1378.0 2.936873656578284e-09
1379.0 2.934497441379689e-09
1380.0 2.932121226181094e-09
1381.0 2.9297450109825e-09
1382.0 2.927368795783905e-09
1383.0 2.9249925805853107e-09
1384.0 2.922616365386716e-09
1385.0 2.9202401501881206e-09
1386.0 2.917863934989526e-09
1387.0 2.9154877197909313e-09
1388.0 2.913111504592336e-09
1389.0 2.910735289393742e-09
1390.0 2.9083590741951477e-09
1391.0 2.905982858996553e-09
1392.0 2.903606643797957e-09
1393.0 2.901230428599363e-09
1394.0 2.8988542134007687e-09
1395.0 2.896477998202174e-09
1396.0 2.8941017830035787e-09
1397.0 2.8917255678049842e-09
1398.0 2.8893493526063894e-09
1399.0 2.8869731374077946e-09
1400.0 2.8845969222091997e-09
1401.0 2.8822207070106057e-09
1402.0 2.8798444918120105e-09
1403.0 2.8774682766134156e-09
1404.0 2.875092061414821e-09
1405.0 2.872715846216226e-09
1406.0 2.8703396310176315e-09
1407.0 2.8679634158190367e-09
1408.0 2.865587200620442e-09
1409.0 2.8632109854218475e-09
1410.0 2.860834770223253e-09
1411.0 2.8584585550246574e-09
1412.0 2.856082339826063e-09
1413.0 2.853706124627468e-09
1414.0 2.851329909428874e-09
1415.0 2.848953694230279e-09
1416.0 2.8465774790316844e-09
1417.0 2.844201263833089e-09
1418.0 2.8418250486344944e-09
1419.0 2.839448833435899e-09
1420.0 2.8370726182373055e-09
1421.0 2.83469640303871e-09
1422.0 2.8323201878401154e-09
1423.0 2.82994397264152e-09
1424.0 2.8275677574429258e-09
1425.0 2.8251915422443313e-09
1426.0 2.822815327045737e-09
1427.0 2.8204391118471412e-09
1428.0 2.818062896648547e-09
1429.0 2.8156866814499524e-09
1430.0 2.8133104662513576e-09
1431.0 2.8109342510527627e-09
1432.0 2.8085580358541683e-09
1433.0 2.8061818206555735e-09
1434.0 2.803805605456979e-09
1435.0 2.801429390258384e-09
1436.0 2.799053175059789e-09
1437.0 2.7966769598611946e-09
1438.0 2.7943007446626e-09
1439.0 2.791924529464005e-09
1440.0 2.7895483142654105e-09
1441.0 2.7871720990668156e-09
1442.0 2.7847958838682208e-09
1443.0 2.782419668669626e-09
1444.0 2.7800434534710315e-09
1445.0 2.7776672382724367e-09
1446.0 2.7752910230738423e-09
1447.0 2.772914807875247e-09
1448.0 2.7705385926766518e-09
1449.0 2.768162377478057e-09
1450.0 2.7657861622794633e-09
1451.0 2.763409947080868e-09
1452.0 2.7610337318822737e-09
1453.0 2.758657516683679e-09
1454.0 2.756281301485083e-09
1455.0 2.753905086286489e-09
1456.0 2.7515288710878943e-09
1457.0 2.7491526558892995e-09
1458.0 2.7467764406907047e-09
1459.0 2.7444002254921102e-09
1460.0 2.742024010293515e-09
1461.0 2.7396477950949206e-09
1462.0 2.7372715798963257e-09
1463.0 2.734895364697731e-09
1464.0 2.732519149499137e-09
1465.0 2.730142934300542e-09
1466.0 2.7277667191019472e-09
1467.0 2.725390503903352e-09
1468.0 2.7230142887047576e-09
1469.0 2.720638073506163e-09
1470.0 2.7182618583075683e-09
1471.0 2.7158856431089735e-09
1472.0 2.7135094279103786e-09
1473.0 2.711133212711784e-09
1474.0 2.7087569975131885e-09
1475.0 2.7063807823145945e-09
1476.0 2.7040045671159997e-09
1477.0 2.7018391470044853e-09
1478.0 2.6996887786451085e-09
1479.0 2.697538410285732e-09
1480.0 2.6953880419263553e-09
1481.0 2.693237673566979e-09
1482.0 2.691087305207603e-09
1483.0 2.688936936848226e-09
1484.0 2.6867865684888496e-09
1485.0 2.6846362001294728e-09
1486.0 2.682485831770097e-09
1487.0 2.6803354634107208e-09
1488.0 2.678185095051344e-09
1489.0 2.676034726691967e-09
1490.0 2.6738843583325903e-09
1491.0 2.6717339899732147e-09
1492.0 2.6695836216138383e-09
1493.0 2.667433253254462e-09
1494.0 2.665282884895085e-09
1495.0 2.6631325165357086e-09
1496.0 2.660982148176332e-09
1497.0 2.6588317798169558e-09
1498.0 2.6566814114575793e-09
1499.0 2.654531043098203e-09
1500.0 2.652380674738826e-09
1501.0 2.6502303063794497e-09
1502.0 2.6480799380200733e-09
1503.0 2.645929569660697e-09
1504.0 2.6437792013013204e-09
1505.0 2.6416288329419436e-09
1506.0 2.639478464582567e-09
1507.0 2.637328096223191e-09
1508.0 2.6351777278638144e-09
1509.0 2.633027359504438e-09
1510.0 2.6308769911450615e-09
1511.0 2.6287266227856847e-09
1512.0 2.6265762544263083e-09
1513.0 2.6244258860669323e-09
1514.0 2.6222755177075554e-09
1515.0 2.620125149348179e-09
1516.0 2.6179747809888026e-09
1517.0 2.6158244126294266e-09
1518.0 2.6136740442700498e-09
1519.0 2.6115236759106734e-09
1520.0 2.609373307551297e-09
1521.0 2.60722293919192e-09
1522.0 2.6050725708325437e-09
1523.0 2.6029222024731673e-09
1524.0 2.6007718341137904e-09
1525.0 2.5986214657544144e-09
1526.0 2.596471097395038e-09
1527.0 2.5943207290356608e-09
1528.0 2.592170360676285e-09
1529.0 2.5900199923169088e-09
1530.0 2.587869623957532e-09
1531.0 2.5857192555981555e-09
1532.0 2.583568887238779e-09
1533.0 2.581418518879403e-09
1534.0 2.5792681505200263e-09
1535.0 2.5771177821606494e-09
1536.0 2.5749674138012726e-09
1537.0 2.572817045441896e-09
1538.0 2.5706666770825206e-09
1539.0 2.5685163087231434e-09
1540.0 2.5663659403637674e-09
1541.0 2.564215572004391e-09
1542.0 2.562065203645014e-09
1543.0 2.559914835285638e-09
1544.0 2.5577644669262617e-09
1545.0 2.5556140985668845e-09
1546.0 2.5534637302075085e-09
1547.0 2.551313361848132e-09
1548.0 2.5491629934887556e-09
1549.0 2.547012625129379e-09
1550.0 2.5448622567700028e-09
1551.0 2.5427118884106264e-09
1552.0 2.540561520051249e-09
1553.0 2.538411151691873e-09
1554.0 2.536260783332497e-09
1555.0 2.53411041497312e-09
1556.0 2.531960046613744e-09
1557.0 2.5298096782543675e-09
1558.0 2.5276593098949902e-09
1559.0 2.5255089415356146e-09
1560.0 2.523358573176238e-09
1561.0 2.521208204816861e-09
1562.0 2.519057836457485e-09
1563.0 2.5169074680981085e-09
1564.0 2.514757099738732e-09
1565.0 2.5126067313793557e-09
1566.0 2.5104563630199793e-09
1567.0 2.5083059946606025e-09
1568.0 2.5061556263012265e-09
1569.0 2.50400525794185e-09
1570.0 2.501854889582473e-09
1571.0 2.4997045212230964e-09
1572.0 2.4975541528637204e-09
1573.0 2.4954037845043435e-09
1574.0 2.4932534161449675e-09
1575.0 2.491103047785591e-09
1576.0 2.4889526794262143e-09
1577.0 2.486802311066838e-09
1578.0 2.4846519427074615e-09
1579.0 2.482501574348085e-09
1580.0 2.4803512059887086e-09
1581.0 2.4782008376293322e-09
1582.0 2.476050469269955e-09
1583.0 2.4739001009105786e-09
1584.0 2.471749732551203e-09
1585.0 2.4695993641918265e-09
1586.0 2.4674489958324493e-09
1587.0 2.4652986274730733e-09
1588.0 2.4631482591136965e-09
1589.0 2.46099789075432e-09
1590.0 2.459000783076281e-09
1591.0 2.4574887474277053e-09
1592.0 2.4559767117791287e-09
1593.0 2.454464676130553e-09
1594.0 2.452952640481976e-09
1595.0 2.4514406048334e-09
1596.0 2.449928569184823e-09
1597.0 2.4484165335362473e-09
1598.0 2.446904497887671e-09
1599.0 2.445392462239095e-09
1600.0 2.4438804265905188e-09
1601.0 2.4423683909419418e-09
1602.0 2.440856355293366e-09
1603.0 2.4393443196447902e-09
1604.0 2.4378322839962136e-09
1605.0 2.436320248347637e-09
1606.0 2.434808212699061e-09
1607.0 2.4332961770504847e-09
1608.0 2.431784141401908e-09
1609.0 2.430272105753332e-09
1610.0 2.428760070104756e-09
1611.0 2.427248034456179e-09
1612.0 2.4257359988076033e-09
1613.0 2.4242239631590267e-09
1614.0 2.422711927510451e-09
1615.0 2.4211998918618748e-09
1616.0 2.419687856213298e-09
1617.0 2.4181758205647216e-09
1618.0 2.416663784916145e-09
1619.0 2.4151517492675692e-09
1620.0 2.4136397136189935e-09
1621.0 2.412127677970417e-09
1622.0 2.4106156423218407e-09
1623.0 2.409103606673264e-09
1624.0 2.407591571024688e-09
1625.0 2.406079535376112e-09
1626.0 2.404567499727535e-09
1627.0 2.4030554640789593e-09
1628.0 2.4015434284303827e-09
1629.0 2.400031392781806e-09
1630.0 2.39851935713323e-09
1631.0 2.397007321484654e-09
1632.0 2.395495285836078e-09
1633.0 2.393983250187501e-09
1634.0 2.3924712145389252e-09
1635.0 2.3909591788903486e-09
1636.0 2.389447143241773e-09
1637.0 2.387935107593196e-09
1638.0 2.38642307194462e-09
1639.0 2.3849110362960435e-09
1640.0 2.3833990006474673e-09
1641.0 2.381886964998891e-09
1642.0 2.380374929350315e-09
1643.0 2.3788628937017388e-09
1644.0 2.3773508580531626e-09
1645.0 2.375838822404586e-09
1646.0 2.3743267867560098e-09
1647.0 2.3728147511074336e-09
1648.0 2.371302715458857e-09
1649.0 2.3697906798102812e-09
1650.0 2.3682786441617046e-09
1651.0 2.3667666085131285e-09
1652.0 2.365254572864552e-09
1653.0 2.363742537215976e-09
1654.0 2.362230501567399e-09
1655.0 2.3607184659188233e-09
1656.0 2.359206430270247e-09
1657.0 2.357694394621671e-09
1658.0 2.3561823589730948e-09
1659.0 2.354670323324518e-09
1660.0 2.353158287675942e-09
1661.0 2.351646252027365e-09
1662.0 2.350134216378789e-09
1663.0 2.3486221807302134e-09
1664.0 2.347110145081637e-09
1665.0 2.3455981094330602e-09
1666.0 2.3440860737844845e-09
1667.0 2.3425740381359075e-09
1668.0 2.341062002487332e-09
1669.0 2.339549966838755e-09
1670.0 2.3380379311901793e-09
1671.0 2.3365258955416027e-09
1672.0 2.3350138598930265e-09
1673.0 2.3335018242444504e-09
1674.0 2.331989788595874e-09
1675.0 2.330477752947298e-09
1676.0 2.328965717298721e-09
1677.0 2.327453681650145e-09
1678.0 2.325941646001569e-09
1679.0 2.324429610352993e-09
1680.0 2.3229175747044167e-09
1681.0 2.32140553905584e-09
1682.0 2.3198935034072635e-09
1683.0 2.3183814677586873e-09
1684.0 2.316869432110111e-09
1685.0 2.3153573964615353e-09
1686.0 2.3138453608129587e-09
1687.0 2.3123333251643825e-09
1688.0 2.3108212895158055e-09
1689.0 2.3093092538672293e-09
1690.0 2.307797218218654e-09
1691.0 2.3062851825700774e-09
1692.0 2.3047731469215012e-09
1693.0 2.3032611112729246e-09
1694.0 2.3017490756243484e-09
1695.0 2.300237039975772e-09
1696.0 2.298725004327196e-09
1697.0 2.2972129686786195e-09
1698.0 2.2957009330300433e-09
1699.0 2.294188897381467e-09
1700.0 2.29267686173289e-09
1701.0 2.2911648260843147e-09
1702.0 2.2896527904357386e-09
1703.0 2.288140754787162e-09
1704.0 2.2866287191385854e-09
1705.0 2.285116683490009e-09
1706.0 2.2836046478414334e-09
1707.0 2.2820926121928572e-09
1708.0 2.2805805765442802e-09
1709.0 2.2790685408957044e-09
1710.0 2.2775565052471274e-09
1711.0 2.2760444695985517e-09
1712.0 2.274532433949975e-09
1713.0 2.2732363789538526e-09
1714.0 2.271997849807505e-09
1715.0 2.270759320661157e-09
1716.0 2.2695207915148107e-09
1717.0 2.2682822623684626e-09
1718.0 2.267043733222116e-09
1719.0 2.2658052040757685e-09
1720.0 2.264566674929421e-09
1721.0 2.2633281457830743e-09
1722.0 2.2620896166367266e-09
1723.0 2.2608510874903793e-09
1724.0 2.259612558344032e-09
1725.0 2.2583740291976847e-09
1726.0 2.2571355000513375e-09
1727.0 2.25589697090499e-09
1728.0 2.254658441758643e-09
1729.0 2.2534199126122956e-09
1730.0 2.252181383465948e-09
1731.0 2.2509428543196014e-09
1732.0 2.2497043251732537e-09
1733.0 2.248465796026907e-09
1734.0 2.2472272668805596e-09
1735.0 2.245988737734212e-09
1736.0 2.2447502085878646e-09
1737.0 2.2435116794415173e-09
1738.0 2.2422731502951704e-09
1739.0 2.241034621148823e-09
1740.0 2.2397960920024754e-09
1741.0 2.238557562856128e-09
1742.0 2.237319033709781e-09
1743.0 2.236080504563434e-09
1744.0 2.2348419754170863e-09
1745.0 2.233603446270739e-09
1746.0 2.232364917124392e-09
1747.0 2.231126387978045e-09
1748.0 2.2298878588316976e-09
1749.0 2.2286493296853503e-09
1750.0 2.2274108005390026e-09
1751.0 2.2261722713926557e-09
1752.0 2.2249337422463084e-09
1753.0 2.2236952130999607e-09
1754.0 2.2224566839536134e-09
1755.0 2.221218154807266e-09
1756.0 2.2199796256609193e-09
1757.0 2.218741096514572e-09
1758.0 2.2175025673682243e-09
1759.0 2.2162640382218774e-09
1760.0 2.2150255090755293e-09
1761.0 2.213786979929183e-09
1762.0 2.212548450782835e-09
1763.0 2.211309921636488e-09
1764.0 2.210071392490141e-09
1765.0 2.2088328633437937e-09
1766.0 2.2075943341974464e-09
1767.0 2.2063558050510987e-09
1768.0 2.2051172759047514e-09
1769.0 2.2038787467584046e-09
1770.0 2.2026402176120573e-09
1771.0 2.2014016884657096e-09
1772.0 2.2001631593193623e-09
1773.0 2.198924630173015e-09
1774.0 2.197686101026668e-09
1775.0 2.196447571880321e-09
1776.0 2.1952090427339736e-09
1777.0 2.1939705135876263e-09
1778.0 2.1927319844412786e-09
1779.0 2.1914934552949317e-09
1780.0 2.190254926148584e-09
1781.0 2.189016397002237e-09
1782.0 2.18777786785589e-09
1783.0 2.1865393387095426e-09
1784.0 2.185300809563195e-09
1785.0 2.1840622804168476e-09
1786.0 2.1828237512705007e-09
1787.0 2.1815852221241534e-09
1788.0 2.180346692977806e-09
1789.0 2.179108163831459e-09
1790.0 2.1778696346851115e-09
1791.0 2.176631105538764e-09
1792.0 2.175392576392417e-09
1793.0 2.1741540472460697e-09
1794.0 2.172915518099723e-09
1795.0 2.171676988953375e-09
1796.0 2.170438459807028e-09
1797.0 2.1691999306606805e-09
1798.0 2.167961401514333e-09
1799.0 2.166722872367986e-09
1800.0 2.1654843432216387e-09
1801.0 2.164245814075292e-09
1802.0 2.1630072849289437e-09
1803.0 2.1617687557825964e-09
1804.0 2.16053022663625e-09
1805.0 2.1592916974899023e-09
1806.0 2.158053168343555e-09
1807.0 2.1568146391972077e-09
1808.0 2.1555761100508604e-09
1809.0 2.1543375809045127e-09
1810.0 2.153099051758166e-09
1811.0 2.1518605226118185e-09
1812.0 2.1506219934654712e-09
1813.0 2.149383464319124e-09
1814.0 2.1481449351727767e-09
1815.0 2.1469064060264294e-09
1816.0 2.1456678768800817e-09
1817.0 2.144429347733735e-09
1818.0 2.1431908185873875e-09
1819.0 2.1419522894410407e-09
1820.0 2.140713760294693e-09
1821.0 2.1394752311483457e-09
1822.0 2.138236702001998e-09
1823.0 2.136998172855651e-09
1824.0 2.1357596437093042e-09
1825.0 2.1345211145629565e-09
1826.0 2.1332825854166092e-09
1827.0 2.132044056270262e-09
1828.0 2.1308055271239147e-09
1829.0 2.129566997977568e-09
1830.0 2.12832846883122e-09
1831.0 2.127089939684873e-09
1832.0 2.125851410538526e-09
1833.0 2.124612881392178e-09
1834.0 2.1233743522458314e-09
1835.0 2.122135823099484e-09
1836.0 2.1208972939531364e-09
1837.0 2.1196587648067895e-09
1838.0 2.118420235660442e-09
1839.0 2.117181706514095e-09
1840.0 2.115943177367747e-09
1841.0 2.1147046482214e-09
1842.0 2.113466119075053e-09
1843.0 2.112227589928705e-09
1844.0 2.1109890607823585e-09
1845.0 2.109834866687107e-09
1846.0 2.1086892614751737e-09
1847.0 2.107543656263242e-09
1848.0 2.1063980510513096e-09
1849.0 2.1052524458393774e-09
1850.0 2.104106840627445e-09
1851.0 2.102961235415513e-09
1852.0 2.10181563020358e-09
1853.0 2.1006700249916475e-09
1854.0 2.0995244197797152e-09
1855.0 2.0983788145677834e-09
1856.0 2.0972332093558515e-09
1857.0 2.096087604143919e-09
1858.0 2.0949419989319866e-09
1859.0 2.0937963937200535e-09
1860.0 2.0926507885081217e-09
1861.0 2.0915051832961894e-09
1862.0 2.090359578084257e-09
1863.0 2.0892139728723245e-09
1864.0 2.0880683676603926e-09
1865.0 2.08692276244846e-09
1866.0 2.085777157236528e-09
1867.0 2.0846315520245954e-09
1868.0 2.083485946812663e-09
1869.0 2.082340341600731e-09
1870.0 2.0811947363887986e-09
1871.0 2.080049131176866e-09
1872.0 2.078903525964934e-09
1873.0 2.0777579207530014e-09
1874.0 2.076612315541069e-09
1875.0 2.075466710329137e-09
1876.0 2.0743211051172042e-09
1877.0 2.0731754999052716e-09
1878.0 2.0720298946933397e-09
1879.0 2.0708842894814075e-09
1880.0 2.069738684269475e-09
1881.0 2.0685930790575425e-09
1882.0 2.0674474738456107e-09
1883.0 2.0663018686336784e-09
1884.0 2.0651562634217457e-09
1885.0 2.064010658209814e-09
1886.0 2.062865052997881e-09
1887.0 2.061719447785949e-09
1888.0 2.0605738425740167e-09
1889.0 2.059428237362084e-09
1890.0 2.0582826321501518e-09
1891.0 2.05713702693822e-09
1892.0 2.055991421726287e-09
1893.0 2.054845816514355e-09
1894.0 2.0537002113024227e-09
1895.0 2.0525546060904905e-09
1896.0 2.0514090008785578e-09
1897.0 2.050263395666626e-09
1898.0 2.0491177904546933e-09
1899.0 2.047972185242761e-09
1900.0 2.0468265800308287e-09
1901.0 2.0456809748188965e-09
1902.0 2.044535369606964e-09
1903.0 2.0433897643950315e-09
1904.0 2.0422441591830993e-09
1905.0 2.0410985539711666e-09
1906.0 2.0399529487592343e-09
1907.0 2.0388073435473017e-09
1908.0 2.03766173833537e-09
1909.0 2.036516133123438e-09
1910.0 2.0353705279115053e-09
1911.0 2.034224922699573e-09
1912.0 2.0330793174876404e-09
1913.0 2.031933712275708e-09
1914.0 2.0307881070637762e-09
1915.0 2.0296425018518436e-09
1916.0 2.0284968966399113e-09
1917.0 2.027351291427979e-09
1918.0 2.0262056862160464e-09
1919.0 2.025060081004114e-09
1920.0 2.0239144757921823e-09
1921.0 2.0227688705802496e-09
1922.0 2.0216232653683173e-09
1923.0 2.020477660156385e-09
1924.0 2.0193320549444524e-09
1925.0 2.0181864497325205e-09
1926.0 2.0170408445205883e-09
1927.0 2.0158952393086556e-09
1928.0 2.0147496340967233e-09
1929.0 2.0136040288847907e-09
1930.0 2.012458423672859e-09
1931.0 2.011312818460926e-09
1932.0 2.010167213248994e-09
1933.0 2.0090216080370616e-09
1934.0 2.0078760028251294e-09
1935.0 2.0067303976131967e-09
1936.0 2.005584792401265e-09
1937.0 2.004439187189332e-09
1938.0 2.0032935819774e-09
1939.0 2.0021479767654676e-09
1940.0 2.0010023715535354e-09
1941.0 1.999856766341603e-09
1942.0 1.998711161129671e-09
1943.0 1.997565555917738e-09
1944.0 1.996419950705806e-09
1945.0 1.995274345493874e-09
1946.0 1.9941287402819414e-09
1947.0 1.9929831350700096e-09
1948.0 1.991837529858077e-09
1949.0 1.9906919246461446e-09
1950.0 1.989546319434212e-09
1951.0 1.9884007142222797e-09
1952.0 1.9872551090103474e-09
1953.0 1.986109503798415e-09
1954.0 1.984963898586483e-09
1955.0 1.9838182933745502e-09
1956.0 1.9826726881626184e-09
1957.0 1.9815270829506857e-09
1958.0 1.980381477738754e-09
1959.0 1.979235872526821e-09
1960.0 1.978090267314889e-09
1961.0 1.9769446621029562e-09
1962.0 1.975799056891024e-09
1963.0 1.9746534516790917e-09
1964.0 1.97350784646716e-09
1965.0 1.9723622412552268e-09
1966.0 1.971216636043295e-09
1967.0 1.9700710308313627e-09
1968.0 1.9689254256194304e-09
1969.0 1.967779820407498e-09
1970.0 1.9666342151955655e-09
1971.0 1.9654886099836332e-09
1972.0 1.9643430047717005e-09
1973.0 1.9631973995597687e-09
1974.0 1.962051794347836e-09
1975.0 1.960906189135904e-09
1976.0 1.9597605839239715e-09
1977.0 1.9586149787120392e-09
1978.0 1.957469373500107e-09
1979.0 1.9563237682881747e-09
1980.0 1.9551781630762424e-09
1981.0 1.9540325578643098e-09
1982.0 1.9528869526523775e-09
1983.0 1.9517413474404452e-09
1984.0 1.9505957422285126e-09
1985.0 1.9494501370165807e-09
1986.0 1.948304531804649e-09
1987.0 1.9474194933984354e-09
1988.0 1.946574316027467e-09
1989.0 1.9457291386564978e-09
1990.0 1.9448839612855287e-09
1991.0 1.94403878391456e-09
1992.0 1.9431936065435914e-09
1993.0 1.9423484291726224e-09
1994.0 1.9415032518016533e-09
1995.0 1.940658074430685e-09
1996.0 1.939812897059716e-09
1997.0 1.9389677196887474e-09
1998.0 1.9381225423177788e-09
1999.0 1.9372773649468097e-09
2000.0 1.936432187575841e-09
2001.0 1.935587010204872e-09
2002.0 1.9347418328339034e-09
2003.0 1.9338966554629343e-09
2004.0 1.933051478091966e-09
2005.0 1.9322063007209966e-09
2006.0 1.9313611233500284e-09
2007.0 1.9305159459790593e-09
2008.0 1.9296707686080907e-09
2009.0 1.9288255912371217e-09
2010.0 1.9279804138661526e-09
2011.0 1.9271352364951844e-09
2012.0 1.9262900591242153e-09
2013.0 1.9254448817532463e-09
2014.0 1.9245997043822776e-09
2015.0 1.9237545270113094e-09
2016.0 1.9229093496403404e-09
2017.0 1.9220641722693713e-09
2018.0 1.9212189948984027e-09
2019.0 1.9203738175274336e-09
2020.0 1.919528640156465e-09
2021.0 1.9186834627854963e-09
2022.0 1.9178382854145273e-09
2023.0 1.9169931080435586e-09
2024.0 1.91614793067259e-09
2025.0 1.915302753301621e-09
2026.0 1.914457575930652e-09
2027.0 1.9136123985596832e-09
2028.0 1.912767221188714e-09
2029.0 1.911922043817746e-09
2030.0 1.9110768664467765e-09
2031.0 1.9102316890758083e-09
2032.0 1.9093865117048396e-09
2033.0 1.9085413343338706e-09
2034.0 1.9076961569629015e-09
2035.0 1.906850979591933e-09
2036.0 1.906005802220964e-09
2037.0 1.905160624849995e-09
2038.0 1.904315447479026e-09
2039.0 1.9034702701080575e-09
2040.0 1.902625092737089e-09
2041.0 1.90177991536612e-09
2042.0 1.900934737995151e-09
2043.0 1.900089560624182e-09
2044.0 1.899244383253213e-09
2045.0 1.898399205882245e-09
2046.0 1.897554028511276e-09
2047.0 1.896708851140307e-09
2048.0 1.8958636737693385e-09
2049.0 1.89501849639837e-09
2050.0 1.894173319027401e-09
2051.0 1.8933281416564318e-09
2052.0 1.8924829642854627e-09
2053.0 1.891637786914494e-09
2054.0 1.890792609543526e-09
2055.0 1.8899474321725564e-09
2056.0 1.889102254801588e-09
2057.0 1.888257077430619e-09
2058.0 1.8874119000596505e-09
2059.0 1.8865667226886814e-09
2060.0 1.8857215453177128e-09
2061.0 1.8848763679467433e-09
2062.0 1.884031190575775e-09
2063.0 1.8831860132048064e-09
2064.0 1.8823408358338374e-09
2065.0 1.881495658462869e-09
2066.0 1.8806504810919e-09
2067.0 1.879805303720931e-09
2068.0 1.878960126349962e-09
2069.0 1.8781149489789938e-09
2070.0 1.8772697716080243e-09
2071.0 1.876424594237056e-09
2072.0 1.8755794168660874e-09
2073.0 1.8747342394951184e-09
2074.0 1.8738890621241497e-09
2075.0 1.8730438847531807e-09
2076.0 1.8721987073822116e-09
2077.0 1.871353530011243e-09
2078.0 1.870508352640274e-09
2079.0 1.8696631752693053e-09
2080.0 1.8688179978983367e-09
2081.0 1.867972820527368e-09
2082.0 1.867127643156399e-09
2083.0 1.8662824657854303e-09
2084.0 1.8654372884144613e-09
2085.0 1.8645921110434926e-09
2086.0 1.863746933672524e-09
2087.0 1.862901756301555e-09
2088.0 1.862056578930586e-09
2089.0 1.8612114015596177e-09
2090.0 1.8603662241886486e-09
2091.0 1.8595210468176796e-09
2092.0 1.8586758694467111e-09
2093.0 1.8578306920757419e-09
2094.0 1.856985514704773e-09
2095.0 1.8561403373338044e-09
2096.0 1.8552951599628362e-09
2097.0 1.854449982591867e-09
2098.0 1.8536048052208983e-09
2099.0 1.8527596278499294e-09
2100.0 1.8519144504789606e-09
2101.0 1.8510692731079917e-09
2102.0 1.8502240957370227e-09
2103.0 1.849378918366054e-09
2104.0 1.8485337409950852e-09
2105.0 1.8476885636241163e-09
2106.0 1.846843386253148e-09
2107.0 1.845998208882179e-09
2108.0 1.8451530315112102e-09
2109.0 1.8443078541402414e-09
2110.0 1.8434626767692723e-09
2111.0 1.8426174993983033e-09
2112.0 1.841772322027335e-09
2113.0 1.840927144656366e-09
2114.0 1.8400819672853971e-09
2115.0 1.839236789914429e-09
2116.0 1.83839161254346e-09
2117.0 1.837546435172491e-09
2118.0 1.836701257801522e-09
2119.0 1.8358560804305533e-09
2120.0 1.8350109030595845e-09
2121.0 1.8341657256886158e-09
2122.0 1.8333205483176468e-09
2123.0 1.8324753709466781e-09
2124.0 1.8316301935757097e-09
2125.0 1.8307850162047404e-09
2126.0 1.8299398388337716e-09
2127.0 1.8290946614628025e-09
2128.0 1.828249484091834e-09
2129.0 1.827404306720865e-09
2130.0 1.8265591293498964e-09
2131.0 1.8257139519789274e-09
2132.0 1.824868774607959e-09
2133.0 1.82402359723699e-09
2134.0 1.8231784198660212e-09
2135.0 1.8223332424950524e-09
2136.0 1.8214880651240836e-09
2137.0 1.8206428877531147e-09
2138.0 1.8197977103821457e-09
2139.0 1.8189525330111774e-09
2140.0 1.8182483054227364e-09
2141.0 1.8175621253767495e-09
2142.0 1.8168759453307619e-09
2143.0 1.8161897652847745e-09
2144.0 1.8155035852387875e-09
2145.0 1.8148174051928004e-09
2146.0 1.814131225146813e-09
2147.0 1.8134450451008254e-09
2148.0 1.812758865054838e-09
2149.0 1.812072685008851e-09
2150.0 1.8113865049628637e-09
2151.0 1.8107003249168765e-09
2152.0 1.8100141448708889e-09
2153.0 1.809327964824902e-09
2154.0 1.8086417847789147e-09
2155.0 1.8079556047329274e-09
2156.0 1.8072694246869398e-09
2157.0 1.8065832446409528e-09
2158.0 1.8058970645949654e-09
2159.0 1.8052108845489785e-09
2160.0 1.804524704502991e-09
2161.0 1.8038385244570035e-09
2162.0 1.8031523444110163e-09
2163.0 1.802466164365029e-09
2164.0 1.801779984319042e-09
2165.0 1.8010938042730546e-09
2166.0 1.800407624227067e-09
2167.0 1.7997214441810798e-09
2168.0 1.7990352641350924e-09
2169.0 1.7983490840891055e-09
2170.0 1.7976629040431183e-09
2171.0 1.7969767239971305e-09
2172.0 1.7962905439511437e-09
2173.0 1.7956043639051563e-09
2174.0 1.794918183859169e-09
2175.0 1.7942320038131816e-09
2176.0 1.7935458237671944e-09
2177.0 1.792859643721207e-09
2178.0 1.7921734636752198e-09
2179.0 1.7914872836292325e-09
2180.0 1.7908011035832449e-09
2181.0 1.7901149235372575e-09
2182.0 1.7894287434912707e-09
2183.0 1.7887425634452831e-09
2184.0 1.788056383399296e-09
2185.0 1.787370203353309e-09
2186.0 1.7866840233073214e-09
2187.0 1.7859978432613342e-09
2188.0 1.785311663215347e-09
2189.0 1.7846254831693599e-09
2190.0 1.7839393031233723e-09
2191.0 1.783253123077385e-09
2192.0 1.782566943031398e-09
2193.0 1.7818807629854106e-09
2194.0 1.7811945829394232e-09
2195.0 1.7805084028934364e-09
2196.0 1.7798222228474484e-09
2197.0 1.7791360428014614e-09
2198.0 1.778449862755474e-09
2199.0 1.7777636827094865e-09
2200.0 1.7770775026634993e-09
2201.0 1.7763913226175123e-09
2202.0 1.775705142571525e-09
2203.0 1.775018962525538e-09
2204.0 1.7743327824795502e-09
2205.0 1.7736466024335632e-09
2206.0 1.7729604223875758e-09
2207.0 1.7722742423415885e-09
2208.0 1.771588062295601e-09
2209.0 1.7709018822496139e-09
2210.0 1.7702157022036267e-09
2211.0 1.7695295221576393e-09
2212.0 1.768843342111652e-09
2213.0 1.768157162065665e-09
2214.0 1.7674709820196776e-09
2215.0 1.7667848019736902e-09
2216.0 1.7660986219277028e-09
2217.0 1.7654124418817155e-09
2218.0 1.7647262618357285e-09
2219.0 1.764040081789741e-09
2220.0 1.763353901743754e-09
2221.0 1.7626677216977663e-09
2222.0 1.7619815416517794e-09
2223.0 1.7612953616057918e-09
2224.0 1.7606091815598044e-09
2225.0 1.7599230015138174e-09
2226.0 1.7592368214678303e-09
2227.0 1.7585506414218427e-09
2228.0 1.757864461375856e-09
2229.0 1.7571782813298683e-09
2230.0 1.756492101283881e-09
2231.0 1.7558059212378936e-09
2232.0 1.7551197411919064e-09
2233.0 1.7544335611459188e-09
2234.0 1.7537473810999318e-09
2235.0 1.7530612010539444e-09
2236.0 1.7523750210079575e-09
2237.0 1.75168884096197e-09
2238.0 1.7510026609159827e-09
2239.0 1.7503164808699953e-09
2240.0 1.749630300824008e-09
2241.0 1.748944120778021e-09
2242.0 1.7482579407320336e-09
2243.0 1.7475717606860462e-09
2244.0 1.7468855806400588e-09
2245.0 1.7461994005940719e-09
2246.0 1.7455132205480845e-09
2247.0 1.7448270405020973e-09
2248.0 1.7441408604561097e-09
2249.0 1.7434546804101223e-09
2250.0 1.742768500364135e-09
2251.0 1.7420823203181484e-09
2252.0 1.7413961402721604e-09
2253.0 1.7407099602261734e-09
2254.0 1.7400237801801862e-09
2255.0 1.7393376001341989e-09
2256.0 1.7386514200882115e-09
2257.0 1.7379652400422243e-09
2258.0 1.737279059996237e-09
2259.0 1.7365928799502497e-09
2260.0 1.7359066999042624e-09
2261.0 1.7352205198582754e-09
2262.0 1.7345343398122878e-09
2263.0 1.7338481597663004e-09
2264.0 1.7331619797203137e-09
2265.0 1.7324757996743259e-09
2266.0 1.7317896196283389e-09
2267.0 1.7311034395823513e-09
2268.0 1.730417259536364e-09
2269.0 1.729731079490377e-09
2270.0 1.7290448994443898e-09
2271.0 1.7283587193984022e-09
2272.0 1.7276725393524148e-09
2273.0 1.7269863593064274e-09
2274.0 1.7263001792604405e-09
2275.0 1.725613999214453e-09
2276.0 1.7249278191684657e-09
2277.0 1.7242416391224783e-09
2278.0 1.7235554590764913e-09
2279.0 1.7228692790305042e-09
2280.0 1.7221830989845168e-09
2281.0 1.7214969189385292e-09
2282.0 1.7208107388925422e-09
2283.0 1.7201245588465544e-09
2284.0 1.7194383788005679e-09
2285.0 1.7187521987545805e-09
2286.0 1.718066018708593e-09
2287.0 1.7173798386626057e-09
2288.0 1.7166936586166183e-09
2289.0 1.7160074785706314e-09
2290.0 1.7153212985246438e-09
2291.0 1.7146351184786564e-09
2292.0 1.7139489384326692e-09
2293.0 1.7132627583866819e-09
2294.0 1.7125765783406949e-09
2295.0 1.7118903982947075e-09
2296.0 1.71120421824872e-09
2297.0 1.7105180382027331e-09
2298.0 1.7098318581567458e-09
2299.0 1.7091456781107584e-09
2300.0 1.7084594980647708e-09
2301.0 1.7077733180187838e-09
2302.0 1.7070871379727964e-09
2303.0 1.7064009579268093e-09
2304.0 1.7057195507444673e-09
2305.0 1.7050723659587791e-09
2306.0 1.7044251811730907e-09
2307.0 1.7037779963874023e-09
2308.0 1.7031308116017138e-09
2309.0 1.7024836268160256e-09
2310.0 1.7018364420303374e-09
2311.0 1.701189257244649e-09
2312.0 1.7005420724589608e-09
2313.0 1.6998948876732723e-09
2314.0 1.699247702887584e-09
2315.0 1.6986005181018957e-09
2316.0 1.6979533333162075e-09
2317.0 1.6973061485305186e-09
2318.0 1.6966589637448306e-09
2319.0 1.696011778959142e-09
2320.0 1.6953645941734538e-09
2321.0 1.6947174093877653e-09
2322.0 1.694070224602077e-09
2323.0 1.6934230398163885e-09
2324.0 1.6927758550307007e-09
2325.0 1.692128670245012e-09
2326.0 1.6914814854593236e-09
2327.0 1.6908343006736354e-09
2328.0 1.6901871158879468e-09
2329.0 1.6895399311022585e-09
2330.0 1.6888927463165699e-09
2331.0 1.6882455615308817e-09
2332.0 1.6875983767451932e-09
2333.0 1.686951191959505e-09
2334.0 1.6863040071738168e-09
2335.0 1.6856568223881284e-09
2336.0 1.68500963760244e-09
2337.0 1.6843624528167513e-09
2338.0 1.6837152680310637e-09
2339.0 1.683068083245375e-09
2340.0 1.6824208984596867e-09
2341.0 1.6817737136739982e-09
2342.0 1.68112652888831e-09
2343.0 1.6804793441026214e-09
2344.0 1.6798321593169334e-09
2345.0 1.6791849745312445e-09
2346.0 1.6785377897455563e-09
2347.0 1.6778906049598679e-09
2348.0 1.6772434201741792e-09
2349.0 1.6765962353884914e-09
2350.0 1.6759490506028026e-09
2351.0 1.6753018658171146e-09
2352.0 1.6746546810314262e-09
2353.0 1.6740074962457381e-09
2354.0 1.6733603114600493e-09
2355.0 1.6727131266743613e-09
2356.0 1.6720659418886724e-09
2357.0 1.6714187571029844e-09
2358.0 1.670771572317296e-09
2359.0 1.6701243875316076e-09
2360.0 1.6694772027459194e-09
2361.0 1.668830017960231e-09
2362.0 1.6681828331745427e-09
2363.0 1.6675356483888543e-09
2364.0 1.666888463603166e-09
2365.0 1.6662412788174776e-09
2366.0 1.6655940940317892e-09
2367.0 1.664946909246101e-09
2368.0 1.6642997244604128e-09
2369.0 1.6636525396747243e-09
2370.0 1.6630053548890357e-09
2371.0 1.6623581701033475e-09
2372.0 1.6617109853176593e-09
2373.0 1.6610638005319708e-09
2374.0 1.6604166157462822e-09
2375.0 1.6597694309605942e-09
2376.0 1.6591222461749056e-09
2377.0 1.6584750613892173e-09
2378.0 1.6578278766035291e-09
2379.0 1.6571806918178407e-09
2380.0 1.6565335070321523e-09
2381.0 1.655886322246464e-09
2382.0 1.6552391374607758e-09
2383.0 1.6545919526750874e-09
2384.0 1.653944767889399e-09
2385.0 1.6532975831037107e-09
2386.0 1.6526503983180223e-09
2387.0 1.6520032135323337e-09
2388.0 1.6513560287466457e-09
2389.0 1.6507088439609568e-09
2390.0 1.6500616591752686e-09
2391.0 1.6494144743895804e-09
2392.0 1.648767289603892e-09
2393.0 1.6481201048182037e-09
2394.0 1.6474729200325153e-09
2395.0 1.6468257352468269e-09
2396.0 1.6461785504611389e-09
2397.0 1.6455313656754504e-09
2398.0 1.644884180889762e-09
2399.0 1.6442369961040736e-09
2400.0 1.6435898113183852e-09
2401.0 1.642942626532697e-09
2402.0 1.6422954417470083e-09
2403.0 1.6416482569613199e-09
2404.0 1.6410010721756317e-09
2405.0 1.6403538873899434e-09
2406.0 1.639706702604255e-09
2407.0 1.6390595178185664e-09
2408.0 1.6384123330328784e-09
2409.0 1.63776514824719e-09
2410.0 1.6371179634615015e-09
2411.0 1.6364707786758135e-09
2412.0 1.635823593890125e-09
2413.0 1.6351764091044364e-09
2414.0 1.6345292243187482e-09
2415.0 1.63388203953306e-09
2416.0 1.6332348547473716e-09
2417.0 1.6325876699616831e-09
2418.0 1.631940485175995e-09
2419.0 1.6312933003903065e-09
2420.0 1.6306461156046179e-09
2421.0 1.6299989308189298e-09
2422.0 1.629351746033241e-09
2423.0 1.6287045612475532e-09
2424.0 1.6280573764618646e-09
2425.0 1.6274101916761763e-09
2426.0 1.626763006890488e-09
2427.0 1.6261158221048e-09
2428.0 1.625468637319111e-09
2429.0 1.6248214525334226e-09
2430.0 1.6241742677477346e-09
2431.0 1.623527082962046e-09
2432.0 1.6228798981763578e-09
2433.0 1.6222327133906693e-09
2434.0 1.6215855286049811e-09
2435.0 1.6209383438192927e-09
2436.0 1.6202911590336047e-09
2437.0 1.619643974247916e-09
2438.0 1.6189967894622278e-09
2439.0 1.6183496046765392e-09
2440.0 1.6177024198908512e-09
2441.0 1.6170552351051627e-09
2442.0 1.6164080503194743e-09
2443.0 1.6157608655337859e-09
2444.0 1.6151136807480975e-09
2445.0 1.6144664959624095e-09
2446.0 1.6138193111767206e-09
2447.0 1.6131721263910322e-09
2448.0 1.612524941605344e-09
2449.0 1.6118777568196557e-09
2450.0 1.6112305720339673e-09
2451.0 1.6105833872482795e-09
2452.0 1.6099362024625907e-09
2453.0 1.6092890176769022e-09
2454.0 1.608641832891214e-09
2455.0 1.6079946481055258e-09
2456.0 1.6073474633198378e-09
2457.0 1.606700278534149e-09
2458.0 1.6060530937484605e-09
2459.0 1.605405908962772e-09
2460.0 1.6047587241770837e-09
2461.0 1.6041115393913952e-09
2462.0 1.6034643546057068e-09
2463.0 1.6028171698200188e-09
2464.0 1.6021699850343302e-09
2465.0 1.601522800248642e-09
2466.0 1.6008756154629537e-09
2467.0 1.6002284306772653e-09
2468.0 1.5995812458915769e-09
2469.0 1.5989340611058889e-09
2470.0 1.5982868763202002e-09
2471.0 1.597639691534512e-09
2472.0 1.5969925067488234e-09
2473.0 1.5963453219631354e-09
2474.0 1.595698137177447e-09
2475.0 1.5950509523917585e-09
2476.0 1.59440376760607e-09
2477.0 1.5937565828203816e-09
2478.0 1.5931093980346934e-09
2479.0 1.5924622132490052e-09
2480.0 1.591815028463317e-09
2481.0 1.5911678436776286e-09
2482.0 1.5906112506950014e-09
2483.0 1.5900997977019658e-09
2484.0 1.5895883447089305e-09
2485.0 1.5890768917158948e-09
2486.0 1.5885654387228596e-09
2487.0 1.5880539857298241e-09
2488.0 1.5875425327367885e-09
2489.0 1.5870310797437532e-09
2490.0 1.5865196267507175e-09
2491.0 1.5860081737576819e-09
2492.0 1.5854967207646468e-09
2493.0 1.584985267771611e-09
2494.0 1.5844738147785755e-09
2495.0 1.5839623617855402e-09
2496.0 1.5834509087925046e-09
2497.0 1.5829394557994693e-09
2498.0 1.5824280028064336e-09
2499.0 1.5819165498133984e-09
2500.0 1.5814050968203627e-09
2501.0 1.5808936438273273e-09
2502.0 1.5803821908342918e-09
2503.0 1.5798707378412563e-09
2504.0 1.5793592848482209e-09
2505.0 1.5788478318551854e-09
2506.0 1.57833637886215e-09
2507.0 1.577824925869114e-09
2508.0 1.577313472876079e-09
2509.0 1.5768020198830432e-09
2510.0 1.5762905668900081e-09
2511.0 1.5757791138969722e-09
2512.0 1.5752676609039374e-09
2513.0 1.5747562079109015e-09
2514.0 1.5742447549178656e-09
2515.0 1.5737333019248306e-09
2516.0 1.5732218489317947e-09
2517.0 1.5727103959387597e-09
2518.0 1.572198942945724e-09
2519.0 1.5716874899526887e-09
2520.0 1.571176036959653e-09
2521.0 1.5706645839666174e-09
2522.0 1.5701531309735822e-09
2523.0 1.5696416779805465e-09
2524.0 1.5691302249875112e-09
2525.0 1.5686187719944754e-09
2526.0 1.5681073190014403e-09
2527.0 1.5675958660084044e-09
2528.0 1.5670844130153692e-09
2529.0 1.5665729600223335e-09
2530.0 1.5660615070292983e-09
2531.0 1.5655500540362628e-09
2532.0 1.5650386010432273e-09
2533.0 1.5645271480501919e-09
2534.0 1.5640156950571562e-09
2535.0 1.5635042420641205e-09
2536.0 1.5629927890710853e-09
2537.0 1.5624813360780496e-09
2538.0 1.5619698830850144e-09
2539.0 1.5614584300919787e-09
2540.0 1.5609469770989432e-09
2541.0 1.560435524105908e-09
2542.0 1.5599240711128723e-09
2543.0 1.5594126181198369e-09
2544.0 1.5589011651268014e-09
2545.0 1.558389712133766e-09
2546.0 1.5578782591407305e-09
2547.0 1.557366806147695e-09
2548.0 1.5568553531546595e-09
2549.0 1.556343900161624e-09
2550.0 1.5558324471685886e-09
2551.0 1.5553209941755532e-09
2552.0 1.5548095411825177e-09
2553.0 1.5542980881894825e-09
2554.0 1.5537866351964466e-09
2555.0 1.553275182203411e-09
2556.0 1.5527637292103757e-09
2557.0 1.55225227621734e-09
2558.0 1.5517408232243047e-09
2559.0 1.551229370231269e-09
2560.0 1.5507179172382338e-09
2561.0 1.5502064642451983e-09
2562.0 1.5496950112521629e-09
2563.0 1.5491835582591272e-09
2564.0 1.548672105266092e-09
2565.0 1.5481606522730563e-09
2566.0 1.547649199280021e-09
2567.0 1.5471377462869854e-09
2568.0 1.54662629329395e-09
2569.0 1.5461148403009145e-09
2570.0 1.5456033873078786e-09
2571.0 1.5450919343148437e-09
2572.0 1.5445804813218077e-09
2573.0 1.5440690283287728e-09
2574.0 1.543557575335737e-09
2575.0 1.5430461223427015e-09
2576.0 1.542534669349666e-09
2577.0 1.5420232163566301e-09
2578.0 1.541511763363595e-09
2579.0 1.5410003103705592e-09
2580.0 1.5404888573775242e-09
2581.0 1.5399774043844883e-09
2582.0 1.5394659513914533e-09
2583.0 1.5389544983984174e-09
2584.0 1.538443045405382e-09
2585.0 1.5379315924123465e-09
2586.0 1.537420139419311e-09
2587.0 1.5369086864262755e-09
2588.0 1.53639723343324e-09
2589.0 1.5358857804402048e-09
2590.0 1.5353743274471692e-09
2591.0 1.5348628744541337e-09
2592.0 1.5343514214610984e-09
2593.0 1.5338399684680628e-09
2594.0 1.5333285154750275e-09
2595.0 1.5328170624819916e-09
2596.0 1.5323056094889564e-09
2597.0 1.5317941564959207e-09
2598.0 1.531282703502885e-09
2599.0 1.5307712505098498e-09
2600.0 1.5302597975168143e-09
2601.0 1.5297483445237789e-09
2602.0 1.5292368915307434e-09
2603.0 1.528725438537708e-09
2604.0 1.5282139855446725e-09
2605.0 1.527702532551637e-09
2606.0 1.5271910795586014e-09
2607.0 1.526679626565566e-09
2608.0 1.5261681735725304e-09
2609.0 1.525656720579495e-09
2610.0 1.5251452675864595e-09
2611.0 1.524633814593424e-09
2612.0 1.5241223616003888e-09
2613.0 1.5236109086073531e-09
2614.0 1.5230994556143179e-09
2615.0 1.522588002621282e-09
2616.0 1.5220765496282465e-09
2617.0 1.521565096635211e-09
2618.0 1.5210536436421754e-09
2619.0 1.5205421906491402e-09
2620.0 1.520030737656105e-09
2621.0 1.5195192846630692e-09
2622.0 1.5190078316700338e-09
2623.0 1.5184963786769983e-09
2624.0 1.5179849256839629e-09
2625.0 1.5174734726909274e-09
2626.0 1.5169620196978915e-09
2627.0 1.5164505667048567e-09
2628.0 1.5159391137118208e-09
2629.0 1.5154276607187853e-09
2630.0 1.5149162077257499e-09
2631.0 1.5144047547327144e-09
2632.0 1.513893301739679e-09
2633.0 1.5133818487466433e-09
2634.0 1.512870395753608e-09
2635.0 1.5123589427605724e-09
2636.0 1.5118474897675371e-09
2637.0 1.5113360367745014e-09
2638.0 1.5108245837814662e-09
2639.0 1.5103131307884305e-09
2640.0 1.5098016777953949e-09
2641.0 1.5092902248023596e-09
2642.0 1.508778771809324e-09
2643.0 1.5082673188162887e-09
2644.0 1.5077558658232528e-09
2645.0 1.5072444128302178e-09
2646.0 1.5067329598371819e-09
2647.0 1.5062215068441464e-09
2648.0 1.5057100538511112e-09
2649.0 1.5051986008580755e-09
2650.0 1.5046871478650402e-09
2651.0 1.5041756948720046e-09
2652.0 1.5036642418789693e-09
2653.0 1.5031527888859339e-09
2654.0 1.5026413358928984e-09
2655.0 1.502129882899863e-09
2656.0 1.501618429906827e-09
2657.0 1.501106976913792e-09
2658.0 1.5005955239207561e-09
2659.0 1.500084070927721e-09
2660.0 1.4995726179346852e-09
2661.0 1.4990611649416502e-09
2662.0 1.4985497119486143e-09
2663.0 1.4980382589555788e-09
2664.0 1.4975268059625434e-09
2665.0 1.497015352969508e-09
2666.0 1.4965038999764725e-09
2667.0 1.495992446983437e-09
2668.0 1.4954809939904017e-09
2669.0 1.4949695409973659e-09
2670.0 1.4944580880043302e-09
2671.0 1.493946635011295e-09
2672.0 1.4934351820182593e-09
2673.0 1.4929723768610091e-09
2674.0 1.492550334676343e-09
2675.0 1.4921282924916766e-09
2676.0 1.4917062503070108e-09
2677.0 1.491284208122345e-09
2678.0 1.4908621659376787e-09
2679.0 1.4904401237530125e-09
2680.0 1.4900180815683464e-09
2681.0 1.4895960393836802e-09
2682.0 1.4891739971990142e-09
2683.0 1.4887519550143482e-09
2684.0 1.4883299128296823e-09
2685.0 1.4879078706450161e-09
2686.0 1.4874858284603501e-09
2687.0 1.4870637862756842e-09
2688.0 1.4866417440910182e-09
2689.0 1.4862197019063518e-09
2690.0 1.4857976597216859e-09
2691.0 1.4853756175370195e-09
2692.0 1.4849535753523537e-09
2693.0 1.4845315331676878e-09
2694.0 1.4841094909830218e-09
2695.0 1.4836874487983554e-09
2696.0 1.4832654066136897e-09
2697.0 1.482843364429023e-09
2698.0 1.4824213222443575e-09
2699.0 1.4819992800596912e-09
2700.0 1.4815772378750252e-09
2701.0 1.4811551956903592e-09
2702.0 1.4807331535056933e-09
2703.0 1.4803111113210269e-09
2704.0 1.479889069136361e-09
2705.0 1.4794670269516952e-09
2706.0 1.4790449847670288e-09
2707.0 1.4786229425823626e-09
2708.0 1.4782009003976967e-09
2709.0 1.4777788582130309e-09
2710.0 1.4773568160283647e-09
2711.0 1.4769347738436983e-09
2712.0 1.4765127316590326e-09
2713.0 1.4760906894743666e-09
2714.0 1.4756686472897002e-09
2715.0 1.4752466051050343e-09
2716.0 1.4748245629203683e-09
2717.0 1.474402520735702e-09
2718.0 1.4739804785510362e-09
2719.0 1.4735584363663702e-09
2720.0 1.4731363941817038e-09
2721.0 1.4727143519970379e-09
2722.0 1.4722923098123721e-09
2723.0 1.471870267627706e-09
2724.0 1.4714482254430398e-09
2725.0 1.4710261832583734e-09
2726.0 1.4706041410737074e-09
2727.0 1.4701820988890417e-09
2728.0 1.4697600567043755e-09
2729.0 1.4693380145197093e-09
2730.0 1.4689159723350434e-09
2731.0 1.4684939301503774e-09
2732.0 1.468071887965711e-09
2733.0 1.4676498457810453e-09
2734.0 1.467227803596379e-09
2735.0 1.466805761411713e-09
2736.0 1.4663837192270467e-09
2737.0 1.465961677042381e-09
2738.0 1.4655396348577152e-09
2739.0 1.4651175926730489e-09
2740.0 1.4646955504883827e-09
2741.0 1.4642735083037167e-09
2742.0 1.4638514661190503e-09
2743.0 1.4634294239343844e-09
2744.0 1.4630073817497186e-09
2745.0 1.4625853395650524e-09
2746.0 1.4621632973803863e-09
2747.0 1.46174125519572e-09
2748.0 1.4613192130110543e-09
2749.0 1.460897170826388e-09
2750.0 1.460475128641722e-09
2751.0 1.460053086457056e-09
2752.0 1.4596310442723899e-09
2753.0 1.459209002087724e-09
2754.0 1.458786959903058e-09
2755.0 1.458364917718392e-09
2756.0 1.4579428755337256e-09
2757.0 1.4575208333490598e-09
2758.0 1.4570987911643932e-09
2759.0 1.4566767489797275e-09
2760.0 1.4562547067950615e-09
2761.0 1.4558326646103951e-09
2762.0 1.4554106224257292e-09
2763.0 1.4549885802410636e-09
2764.0 1.454566538056397e-09
2765.0 1.4541444958717313e-09
2766.0 1.4537224536870653e-09
2767.0 1.453300411502399e-09
2768.0 1.4528783693177328e-09
2769.0 1.452456327133067e-09
2770.0 1.452034284948401e-09
2771.0 1.4516122427637349e-09
2772.0 1.4511902005790687e-09
2773.0 1.4507681583944027e-09
2774.0 1.450346116209737e-09
2775.0 1.4499240740250702e-09
2776.0 1.4495020318404044e-09
2777.0 1.4490799896557385e-09
2778.0 1.448657947471072e-09
2779.0 1.4482359052864063e-09
2780.0 1.4478138631017404e-09
2781.0 1.4473918209170742e-09
2782.0 1.446969778732408e-09
2783.0 1.446547736547742e-09
2784.0 1.4461256943630757e-09
2785.0 1.44570365217841e-09
2786.0 1.445281609993744e-09
2787.0 1.4448595678090778e-09
2788.0 1.4444375256244116e-09
2789.0 1.4440154834397459e-09
2790.0 1.4435934412550795e-09
2791.0 1.4431713990704135e-09
2792.0 1.4427493568857471e-09
2793.0 1.4423273147010814e-09
2794.0 1.4419052725164154e-09
2795.0 1.4414832303317492e-09
2796.0 1.441061188147083e-09
2797.0 1.4406391459624171e-09
2798.0 1.4402171037777511e-09
2799.0 1.4397950615930852e-09
2800.0 1.439373019408419e-09
2801.0 1.4389509772237528e-09
2802.0 1.438528935039087e-09
2803.0 1.438106892854421e-09
2804.0 1.4376848506697545e-09
2805.0 1.4372628084850888e-09
2806.0 1.4368407663004226e-09
2807.0 1.4364187241157564e-09
2808.0 1.4359966819310905e-09
2809.0 1.4355746397464243e-09
2810.0 1.4351525975617581e-09
2811.0 1.4347305553770924e-09
2812.0 1.4343085131924262e-09
2813.0 1.43388647100776e-09
2814.0 1.433464428823094e-09
2815.0 1.433042386638428e-09
2816.0 1.4326203444537621e-09
2817.0 1.4321983022690958e-09
2818.0 1.4317762600844296e-09
2819.0 1.4313542178997636e-09
2820.0 1.4309321757150977e-09
2821.0 1.4305101335304317e-09
2822.0 1.4300880913457655e-09
2823.0 1.4296660491610993e-09
2824.0 1.4292440069764336e-09
2825.0 1.4288219647917676e-09
2826.0 1.4283999226071012e-09
2827.0 1.4279778804224353e-09
2828.0 1.427555838237769e-09
2829.0 1.427133796053103e-09
2830.0 1.4267117538684372e-09
2831.0 1.4262897116837714e-09
2832.0 1.425867669499105e-09
2833.0 1.4254456273144389e-09
2834.0 1.4250235851297731e-09
2835.0 1.4246015429451065e-09
2836.0 1.4241795007604406e-09
2837.0 1.4237574585757746e-09
2838.0 1.4233354163911086e-09
2839.0 1.4229133742064425e-09
2840.0 1.4224913320217763e-09
2841.0 1.4220692898371105e-09
2842.0 1.4216472476524446e-09
2843.0 1.4212252054677782e-09
2844.0 1.4208031632831122e-09
2845.0 1.4203811210984458e-09
2846.0 1.41995907891378e-09
2847.0 1.4195370367291141e-09
2848.0 1.419114994544448e-09
2849.0 1.4186929523597818e-09
2850.0 1.418270910175116e-09
2851.0 1.4178488679904499e-09
2852.0 1.4174268258057837e-09
2853.0 1.4170047836211177e-09
2854.0 1.4165827414364513e-09
2855.0 1.4161606992517854e-09
2856.0 1.4157386570671196e-09
2857.0 1.4153166148824532e-09
2858.0 1.4148945726977875e-09
2859.0 1.4144725305131215e-09
2860.0 1.4140504883284553e-09
2861.0 1.413628446143789e-09
2862.0 1.413206403959123e-09
2863.0 1.4127843617744572e-09
2864.0 1.412362319589791e-09
2865.0 1.4119402774051247e-09
2866.0 1.411518235220459e-09
2867.0 1.4110961930357932e-09
2868.0 1.4106741508511268e-09
2869.0 1.4102521086664606e-09
2870.0 1.4098300664817947e-09
2871.0 1.4094080242971283e-09
2872.0 1.4089859821124625e-09
2873.0 1.4085639399277966e-09
2874.0 1.4081418977431304e-09
2875.0 1.4077198555584642e-09
2876.0 1.4072978133737983e-09
2877.0 1.4068757711891323e-09
2878.0 1.4064537290044661e-09
2879.0 1.4060441205774854e-09
2880.0 1.4056398515787905e-09
2881.0 1.4052355825800962e-09
2882.0 1.4048313135814022e-09
2883.0 1.4044270445827073e-09
2884.0 1.4040227755840128e-09
2885.0 1.403618506585318e-09
2886.0 1.4032142375866237e-09
2887.0 1.402809968587929e-09
2888.0 1.4024056995892347e-09
2889.0 1.40200143059054e-09
2890.0 1.4015971615918458e-09
2891.0 1.4011928925931509e-09
2892.0 1.4007886235944566e-09
2893.0 1.4003843545957617e-09
2894.0 1.3999800855970675e-09
2895.0 1.3995758165983726e-09
2896.0 1.3991715475996785e-09
2897.0 1.3987672786009838e-09
2898.0 1.3983630096022894e-09
2899.0 1.3979587406035945e-09
2900.0 1.3975544716049002e-09
2901.0 1.3971502026062058e-09
2902.0 1.3967459336075109e-09
2903.0 1.3963416646088164e-09
2904.0 1.3959373956101221e-09
2905.0 1.3955331266114277e-09
2906.0 1.395128857612733e-09
2907.0 1.3947245886140383e-09
2908.0 1.394320319615344e-09
2909.0 1.3939160506166496e-09
2910.0 1.3935117816179545e-09
2911.0 1.39310751261926e-09
2912.0 1.3927032436205661e-09
2913.0 1.3922989746218713e-09
2914.0 1.3918947056231766e-09
2915.0 1.391490436624482e-09
2916.0 1.3910861676257876e-09
2917.0 1.3906818986270932e-09
2918.0 1.3902776296283987e-09
2919.0 1.3898733606297038e-09
2920.0 1.3894690916310095e-09
2921.0 1.3890648226323149e-09
2922.0 1.3886605536336206e-09
2923.0 1.3882562846349257e-09
2924.0 1.3878520156362314e-09
2925.0 1.3874477466375368e-09
2926.0 1.3870434776388425e-09
2927.0 1.3866392086401476e-09
2928.0 1.3862349396414531e-09
2929.0 1.3858306706427585e-09
2930.0 1.3854264016440642e-09
2931.0 1.3850221326453697e-09
2932.0 1.3846178636466753e-09
2933.0 1.3842135946479804e-09
2934.0 1.3838093256492861e-09
2935.0 1.3834050566505916e-09
2936.0 1.383000787651897e-09
2937.0 1.3825965186532023e-09
2938.0 1.382192249654508e-09
2939.0 1.3817879806558133e-09
2940.0 1.381383711657119e-09
2941.0 1.380979442658424e-09
2942.0 1.38057517365973e-09
2943.0 1.3801709046610352e-09
2944.0 1.3797666356623406e-09
2945.0 1.3793623666636459e-09
2946.0 1.3789580976649516e-09
2947.0 1.3785538286662571e-09
2948.0 1.3781495596675627e-09
2949.0 1.3777452906688678e-09
2950.0 1.3773410216701735e-09
2951.0 1.376936752671479e-09
2952.0 1.3765324836727846e-09
2953.0 1.3761282146740897e-09
2954.0 1.3757239456753954e-09
2955.0 1.375319676676701e-09
2956.0 1.3749154076780065e-09
2957.0 1.3745111386793114e-09
2958.0 1.3741068696806171e-09
2959.0 1.3737026006819224e-09
2960.0 1.3732983316832282e-09
2961.0 1.3728940626845335e-09
2962.0 1.3724897936858392e-09
2963.0 1.3720855246871446e-09
2964.0 1.37168125568845e-09
2965.0 1.3712769866897556e-09
2966.0 1.370872717691061e-09
2967.0 1.3704684486923663e-09
2968.0 1.370064179693672e-09
2969.0 1.3696599106949773e-09
2970.0 1.369255641696283e-09
2971.0 1.368851372697588e-09
2972.0 1.368447103698894e-09
2973.0 1.3680428347001994e-09
2974.0 1.3676385657015045e-09
2975.0 1.3672342967028099e-09
2976.0 1.3668300277041156e-09
2977.0 1.3664257587054211e-09
2978.0 1.3660214897067267e-09
2979.0 1.3656172207080318e-09
2980.0 1.3652129517093375e-09
2981.0 1.364808682710643e-09
2982.0 1.3644044137119486e-09
2983.0 1.3640001447132537e-09
2984.0 1.3635958757145594e-09
2985.0 1.363191606715865e-09
2986.0 1.3627873377171703e-09
2987.0 1.3623830687184754e-09
2988.0 1.3619787997197811e-09
2989.0 1.3615745307210866e-09
2990.0 1.3611702617223922e-09
2991.0 1.3607659927236975e-09
2992.0 1.3603617237250032e-09
2993.0 1.3599574547263085e-09
2994.0 1.3595531857276139e-09
2995.0 1.3591489167289196e-09
2996.0 1.358744647730225e-09
2997.0 1.3583403787315304e-09
2998.0 1.3579361097328362e-09
2999.0 1.3575318407341413e-09
3000.0 1.3571275717354468e-09
3001.0 1.3567233027367521e-09
3002.0 1.3563190337380579e-09
3003.0 1.3559147647393634e-09
3004.0 1.3555104957406685e-09
3005.0 1.3551062267419738e-09
3006.0 1.3547019577432796e-09
3007.0 1.3542976887445851e-09
3008.0 1.3538934197458904e-09
3009.0 1.3534891507471957e-09
3010.0 1.3530848817485015e-09
3011.0 1.352680612749807e-09
3012.0 1.3522763437511125e-09
3013.0 1.3518720747524177e-09
3014.0 1.3514678057537234e-09
3015.0 1.351063536755029e-09
3016.0 1.3506592677563342e-09
3017.0 1.3502549987576394e-09
3018.0 1.3498507297589453e-09
3019.0 1.3494464607602504e-09
3020.0 1.3490421917615561e-09
3021.0 1.3486379227628613e-09
3022.0 1.348233653764167e-09
3023.0 1.3478293847654725e-09
3024.0 1.3474251157667778e-09
3025.0 1.3470208467680836e-09
3026.0 1.3466165777693889e-09
3027.0 1.3462123087706944e-09
3028.0 1.345808039772e-09
3029.0 1.3454037707733053e-09
3030.0 1.3449995017746108e-09
3031.0 1.3445952327759163e-09
3032.0 1.3441909637772219e-09
3033.0 1.343786694778527e-09
3034.0 1.3433824257798325e-09
3035.0 1.342978156781138e-09
3036.0 1.3425738877824436e-09
3037.0 1.342169618783749e-09
3038.0 1.3417653497850544e-09
3039.0 1.3413610807863597e-09
3040.0 1.3409568117876655e-09
3041.0 1.3405525427889708e-09
3042.0 1.3401482737902765e-09
3043.0 1.3397440047915818e-09
3044.0 1.3393397357928874e-09
3045.0 1.3389354667941929e-09
3046.0 1.3385311977954982e-09
3047.0 1.3381269287968033e-09
3048.0 1.3377226597981089e-09
3049.0 1.3373183907994144e-09
3050.0 1.3369141218007201e-09
3051.0 1.3365098528020252e-09
3052.0 1.336105583803331e-09
3053.0 1.3357013148046365e-09
3054.0 1.3352970458059418e-09
3055.0 1.3348927768072476e-09
3056.0 1.3344885078085529e-09
3057.0 1.3340842388098584e-09
3058.0 1.333679969811164e-09
3059.0 1.3332757008124697e-09
3060.0 1.3328714318137748e-09
3061.0 1.3324671628150803e-09
3062.0 1.3320628938163858e-09
3063.0 1.3316586248176912e-09
3064.0 1.3312543558189965e-09
3065.0 1.330850086820302e-09
3066.0 1.3304458178216073e-09
3067.0 1.330041548822913e-09
3068.0 1.3296372798242184e-09
3069.0 1.329233010825524e-09
3070.0 1.3288287418268294e-09
3071.0 1.3284244728281348e-09
3072.0 1.3280202038294405e-09
3073.0 1.3276159348307458e-09
3074.0 1.3272116658320511e-09
3075.0 1.3268073968333569e-09
3076.0 1.3264031278346624e-09
3077.0 1.3259988588359677e-09
3078.0 1.3255945898372733e-09
3079.0 1.3251903208385784e-09
3080.0 1.3247860518398843e-09
3081.0 1.3243817828411892e-09
3082.0 1.323977513842495e-09
3083.0 1.3235732448438005e-09
3084.0 1.323168975845106e-09
3085.0 1.3227647068464115e-09
3086.0 1.3223604378477169e-09
3087.0 1.3219561688490224e-09
3088.0 1.3215518998503277e-09
3089.0 1.3211476308516334e-09
3090.0 1.3207433618529388e-09
3091.0 1.3203390928542443e-09
3092.0 1.3199348238555498e-09
3093.0 1.3195305548568551e-09
3094.0 1.3191262858581607e-09
3095.0 1.318722016859466e-09
3096.0 1.3183177478607713e-09
3097.0 1.317913478862077e-09
3098.0 1.3175092098633824e-09
3099.0 1.3171049408646877e-09
3100.0 1.3167006718659934e-09
