2.0 1.135093495470389e-07
3.0 1.5270519507723313e-07
4.0 1.8917637104022e-07
5.0 2.2294775973163762e-07
6.0 2.54054397241291e-07
7.0 2.826903670053887e-07
8.0 3.0898018394088974e-07
9.0 3.329624620011095e-07
10.0 3.5497079379754026e-07
11.0 3.75187405247509e-07
12.0 3.931690042721557e-07
13.0 4.098974557508684e-07
14.0 4.249428494199248e-07
15.0 4.3831642392267587e-07
16.0 4.506807079332078e-07
17.0 4.6170876079997674e-07
18.0 4.7115873061708133e-07
19.0 4.79572961642497e-07
20.0 4.872232989498076e-07
21.0 4.937386839911108e-07
22.0 4.99259337467875e-07
23.0 5.038220125465077e-07
24.0 5.071177153632819e-07
25.0 5.101253606167796e-07
26.0 5.121999330285439e-07
27.0 5.140090095317443e-07
28.0 5.143275412550059e-07
29.0 5.145230574026599e-07
30.0 5.133625844730024e-07
31.0 5.122021115433449e-07
32.0 5.104049216693835e-07
33.0 5.085005086510563e-07
34.0 5.060949839069262e-07
35.0 5.030940729347229e-07
36.0 5.000931619625196e-07
37.0 4.961672757633502e-07
38.0 4.921072894082883e-07
39.0 4.880109577357152e-07
40.0 4.835504544472518e-07
41.0 4.790899511587885e-07
42.0 4.746082359914047e-07
43.0 4.699215478112964e-07
44.0 4.652348596311879e-07
45.0 4.605481714510795e-07
46.0 4.556551080509436e-07
47.0 4.5073010487169375e-07
48.0 4.4580510169244373e-07
49.0 4.408624112372845e-07
50.0 4.3589200393105934e-07
51.0 4.309215966248342e-07
52.0 4.259511893186091e-07
53.0 4.211337753786402e-07
54.0 4.1640043553527907e-07
55.0 4.116670956919179e-07
56.0 4.0693375584855683e-07
57.0 4.023821835557577e-07
58.0 3.979454767390371e-07
59.0 3.9350876992231667e-07
60.0 3.8907206310559605e-07
61.0 3.846857039630903e-07
62.0 3.8043576592488605e-07
63.0 3.7618582788668175e-07
64.0 3.719358898484775e-07
65.0 3.676859518102731e-07
66.0 3.636030571195576e-07
67.0 3.5963536180351167e-07
68.0 3.5566766648746567e-07
69.0 3.5169997117141983e-07
70.0 3.4773227585537384e-07
71.0 3.4398070537952804e-07
72.0 3.4040325819124153e-07
73.0 3.368258110029549e-07
74.0 3.3324836381466844e-07
75.0 3.2967091662638187e-07
76.0 3.2612394629713607e-07
77.0 3.2278509654657447e-07
78.0 3.1944624679601293e-07
79.0 3.1610739704545134e-07
80.0 3.127685472948898e-07
81.0 3.0942969754432815e-07
82.0 3.0615704793277425e-07
83.0 3.0305153399704704e-07
84.0 2.9994602006131984e-07
85.0 2.9684050612559247e-07
86.0 2.9373499218986527e-07
87.0 2.90629478254138e-07
88.0 2.875239643184107e-07
89.0 2.8475551436436636e-07
90.0 2.819906212928671e-07
91.0 2.7922572822136794e-07
92.0 2.764608351498687e-07
93.0 2.7369594207836947e-07
94.0 2.709310490068703e-07
95.0 2.6821497261899635e-07
96.0 2.6568187820627186e-07
97.0 2.6314878379354737e-07
98.0 2.60615689380823e-07
99.0 2.5808259496809866e-07
100.0 2.555495005553742e-07
101.0 2.5301640614264984e-07
102.0 2.5048331172992545e-07
103.0 2.4811641807549086e-07
104.0 2.4576606313366145e-07
105.0 2.43415708191832e-07
106.0 2.4106535325000257e-07
107.0 2.387149983081731e-07
108.0 2.3636464336634364e-07
109.0 2.3401428842451413e-07
110.0 2.3167740773999325e-07
111.0 2.2961979230335373e-07
112.0 2.275621768667142e-07
113.0 2.2550456143007463e-07
114.0 2.2344694599343514e-07
115.0 2.213893305567956e-07
116.0 2.1933171512015606e-07
117.0 2.1727409968351652e-07
118.0 2.15216484246877e-07
119.0 2.1328153630020126e-07
120.0 2.1143655996159974e-07
121.0 2.0959158362299828e-07
122.0 2.0774660728439686e-07
123.0 2.0590163094579537e-07
124.0 2.0405665460719388e-07
125.0 2.0221167826859246e-07
126.0 2.00366701929991e-07
127.0 1.9852172559138953e-07
128.0 1.9674232337293165e-07
129.0 1.950413385793813e-07
130.0 1.9334035378583087e-07
131.0 1.9163936899228054e-07
132.0 1.899383841987302e-07
133.0 1.882373994051798e-07
134.0 1.865364146116294e-07
135.0 1.84835429818079e-07
136.0 1.8313444502452865e-07
137.0 1.8143346023097824e-07
138.0 1.798814437856297e-07
139.0 1.784164122411287e-07
140.0 1.7695138069662767e-07
141.0 1.754863491521267e-07
142.0 1.740213176076258e-07
143.0 1.7255628606312474e-07
144.0 1.7109125451862382e-07
145.0 1.6962622297412283e-07
146.0 1.6816119142962183e-07
147.0 1.6669615988512092e-07
148.0 1.652407642095359e-07
149.0 1.6396617066393135e-07
150.0 1.626915771183268e-07
151.0 1.6141698357272232e-07
152.0 1.6014239002711775e-07
153.0 1.5886779648151326e-07
154.0 1.5759320293590872e-07
155.0 1.5631860939030423e-07
156.0 1.5504401584469966e-07
157.0 1.5376942229909517e-07
158.0 1.5249482875349065e-07
159.0 1.5122023520788606e-07
160.0 1.5001629498114893e-07
161.0 1.4884958994492537e-07
162.0 1.4768288490870188e-07
163.0 1.4651617987247837e-07
164.0 1.453494748362549e-07
165.0 1.4418276980003138e-07
166.0 1.430160647638078e-07
167.0 1.4184935972758428e-07
168.0 1.4068265469136076e-07
169.0 1.3951594965513725e-07
170.0 1.3834924461891374e-07
171.0 1.371825395826902e-07
172.0 1.3608349280201855e-07
173.0 1.3509418286425882e-07
174.0 1.3410487292649915e-07
175.0 1.331155629887394e-07
176.0 1.321262530509797e-07
177.0 1.3113694311321998e-07
178.0 1.3014763317546028e-07
179.0 1.2915832323770056e-07
180.0 1.2816901329994083e-07
181.0 1.2717970336218114e-07
182.0 1.261903934244214e-07
183.0 1.2520108348666172e-07
184.0 1.2421177354890196e-07
185.0 1.2324751250304614e-07
186.0 1.2241228704731251e-07
187.0 1.2157706159157884e-07
188.0 1.207418361358452e-07
189.0 1.1990661068011156e-07
190.0 1.1907138522437789e-07
191.0 1.1823615976864421e-07
192.0 1.174009343129106e-07
193.0 1.1656570885717692e-07
194.0 1.1573048340144328e-07
195.0 1.1489525794570964e-07
196.0 1.1406003248997595e-07
197.0 1.1322480703424231e-07
198.0 1.1238958157850866e-07
199.0 1.11554356122775e-07
200.0 1.1079266503136222e-07
201.0 1.1003688812205686e-07
202.0 1.0928111121275155e-07
203.0 1.0852533430344624e-07
204.0 1.0776955739414091e-07
205.0 1.0701378048483557e-07
206.0 1.0625800357553024e-07
207.0 1.0550222666622492e-07
208.0 1.047464497569196e-07
209.0 1.0399067284761429e-07
210.0 1.0323489593830897e-07
211.0 1.0247911902900363e-07
212.0 1.0172334211969829e-07
213.0 1.0096756521039298e-07
214.0 1.0021178830108764e-07
215.0 9.952699891608747e-08
216.0 9.88911424241341e-08
217.0 9.825528593218074e-08
218.0 9.761942944022738e-08
219.0 9.698357294827402e-08
220.0 9.634771645632062e-08
221.0 9.571185996436728e-08
222.0 9.507600347241392e-08
223.0 9.444014698046055e-08
224.0 9.380429048850718e-08
225.0 9.316843399655384e-08
226.0 9.253257750460046e-08
227.0 9.189672101264713e-08
228.0 9.126086452069375e-08
229.0 9.062500802874038e-08
230.0 8.998915153678702e-08
231.0 8.936220922363817e-08
232.0 8.884168968518825e-08
233.0 8.832117014673829e-08
234.0 8.780065060828835e-08
235.0 8.728013106983843e-08
236.0 8.675961153138851e-08
237.0 8.623909199293859e-08
238.0 8.571857245448867e-08
239.0 8.51980529160387e-08
240.0 8.467753337758876e-08
241.0 8.415701383913885e-08
242.0 8.363649430068891e-08
243.0 8.311597476223897e-08
244.0 8.259545522378903e-08
245.0 8.20749356853391e-08
246.0 8.15544161468892e-08
247.0 8.103389660843925e-08
248.0 8.05133770699893e-08
249.0 8.0009144940267e-08
250.0 7.954467534386524e-08
251.0 7.908020574746348e-08
252.0 7.861573615106171e-08
253.0 7.815126655465996e-08
254.0 7.768679695825821e-08
255.0 7.722232736185643e-08
256.0 7.675785776545469e-08
257.0 7.629338816905294e-08
258.0 7.582891857265117e-08
259.0 7.536444897624942e-08
260.0 7.489997937984764e-08
261.0 7.44355097834459e-08
262.0 7.397104018704415e-08
263.0 7.350657059064239e-08
264.0 7.304210099424063e-08
265.0 7.257763139783886e-08
266.0 7.21131618014371e-08
267.0 7.164869220503535e-08
268.0 7.119434475015222e-08
269.0 7.080548380918276e-08
270.0 7.041662286821329e-08
271.0 7.002776192724386e-08
272.0 6.96389009862744e-08
273.0 6.925004004530493e-08
274.0 6.886117910433548e-08
275.0 6.847231816336603e-08
276.0 6.808345722239658e-08
277.0 6.769459628142715e-08
278.0 6.730573534045768e-08
279.0 6.691687439948822e-08
280.0 6.652801345851875e-08
281.0 6.613915251754931e-08
282.0 6.575029157657984e-08
283.0 6.53614306356104e-08
284.0 6.497256969464095e-08
285.0 6.458370875367148e-08
286.0 6.419484781270204e-08
287.0 6.380598687173258e-08
288.0 6.341712593076313e-08
289.0 6.306746924938594e-08
290.0 6.275676239771844e-08
291.0 6.244605554605092e-08
292.0 6.21353486943834e-08
293.0 6.182464184271588e-08
294.0 6.151393499104838e-08
295.0 6.120322813938087e-08
296.0 6.089252128771335e-08
297.0 6.058181443604584e-08
298.0 6.027110758437832e-08
299.0 5.996040073271081e-08
300.0 5.96496938810433e-08
301.0 5.9338987029375796e-08
302.0 5.902828017770826e-08
303.0 5.871757332604076e-08
304.0 5.840686647437324e-08
305.0 5.809615962270573e-08
306.0 5.778545277103822e-08
307.0 5.7474745919370704e-08
308.0 5.7164039067703195e-08
309.0 5.685333221603567e-08
310.0 5.654262536436816e-08
311.0 5.624276979220149e-08
312.0 5.597079095313894e-08
313.0 5.5698812114076353e-08
314.0 5.542683327501378e-08
315.0 5.515485443595121e-08
316.0 5.488287559688864e-08
317.0 5.461089675782605e-08
318.0 5.433891791876349e-08
319.0 5.406693907970091e-08
320.0 5.3794960240638335e-08
321.0 5.352298140157575e-08
322.0 5.325100256251319e-08
323.0 5.297902372345061e-08
324.0 5.270704488438804e-08
325.0 5.243506604532545e-08
326.0 5.2163087206262885e-08
327.0 5.18911083672003e-08
328.0 5.1619129528137734e-08
329.0 5.134715068907515e-08
330.0 5.107517185001259e-08
331.0 5.080319301095001e-08
332.0 5.0531214171887436e-08
333.0 5.025923533282486e-08
334.0 4.998725649376228e-08
335.0 4.973037294965182e-08
336.0 4.950187612197233e-08
337.0 4.927337929429281e-08
338.0 4.9044882466613314e-08
339.0 4.8816385638933806e-08
340.0 4.85878888112543e-08
341.0 4.835939198357479e-08
342.0 4.81308951558953e-08
343.0 4.790239832821579e-08
344.0 4.7673901500536285e-08
345.0 4.744540467285679e-08
346.0 4.7216907845177275e-08
347.0 4.698841101749779e-08
348.0 4.6759914189818286e-08
349.0 4.653141736213878e-08
350.0 4.6302920534459276e-08
351.0 4.6074423706779775e-08
352.0 4.584592687910027e-08
353.0 4.561743005142077e-08
354.0 4.538893322374127e-08
355.0 4.516043639606176e-08
356.0 4.4931939568382254e-08
357.0 4.470344274070275e-08
358.0 4.447494591302325e-08
359.0 4.424644908534375e-08
360.0 4.401795225766425e-08
361.0 4.3817918063523933e-08
362.0 4.363929420750446e-08
363.0 4.346067035148499e-08
364.0 4.328204649546553e-08
365.0 4.3103422639446064e-08
366.0 4.2924798783426594e-08
367.0 4.274617492740712e-08
368.0 4.256755107138766e-08
369.0 4.238892721536818e-08
370.0 4.2210303359348725e-08
371.0 4.203167950332926e-08
372.0 4.1853055647309783e-08
373.0 4.167443179129032e-08
374.0 4.1495807935270855e-08
375.0 4.131718407925138e-08
376.0 4.1138560223231914e-08
377.0 4.095993636721245e-08
378.0 4.078131251119299e-08
379.0 4.060268865517352e-08
380.0 4.042406479915404e-08
381.0 4.0245440943134594e-08
382.0 4.006681708711511e-08
383.0 3.988819323109565e-08
384.0 3.970956937507618e-08
385.0 3.9530945519056725e-08
386.0 3.935232166303724e-08
387.0 3.917369780701778e-08
388.0 3.8995073950998313e-08
389.0 3.8836947283689445e-08
390.0 3.868366535811522e-08
391.0 3.853038343254098e-08
392.0 3.837710150696675e-08
393.0 3.8223819581392527e-08
394.0 3.807053765581829e-08
395.0 3.791725573024405e-08
396.0 3.776397380466981e-08
397.0 3.761069187909559e-08
398.0 3.745740995352135e-08
399.0 3.730412802794712e-08
400.0 3.715084610237289e-08
401.0 3.699756417679866e-08
402.0 3.684428225122443e-08
403.0 3.6691000325650195e-08
404.0 3.653771840007596e-08
405.0 3.638443647450172e-08
406.0 3.6231154548927495e-08
407.0 3.6077872623353264e-08
408.0 3.5924590697779026e-08
409.0 3.5771308772204795e-08
410.0 3.5618026846630564e-08
411.0 3.546474492105634e-08
412.0 3.5311462995482095e-08
413.0 3.5158181069907864e-08
414.0 3.5004899144333626e-08
415.0 3.48516172187594e-08
416.0 3.469833529318516e-08
417.0 3.454505336761093e-08
418.0 3.43917714420367e-08
419.0 3.426053528837123e-08
420.0 3.413151672023929e-08
421.0 3.4002498152107367e-08
422.0 3.3873479583975456e-08
423.0 3.3744461015843545e-08
424.0 3.3615442447711615e-08
425.0 3.3486423879579704e-08
426.0 3.3357405311447773e-08
427.0 3.3228386743315856e-08
428.0 3.309936817518394e-08
429.0 3.297034960705201e-08
430.0 3.28413310389201e-08
431.0 3.271231247078818e-08
432.0 3.2583293902656256e-08
433.0 3.245427533452433e-08
434.0 3.2325256766392415e-08
435.0 3.21962381982605e-08
436.0 3.2067219630128574e-08
437.0 3.193820106199665e-08
438.0 3.180918249386474e-08
439.0 3.1680163925732815e-08
440.0 3.15511453576009e-08
441.0 3.1422126789468974e-08
442.0 3.129310822133706e-08
443.0 3.116408965320513e-08
444.0 3.103507108507322e-08
445.0 3.090605251694129e-08
446.0 3.077703394880938e-08
447.0 3.064801538067746e-08
448.0 3.051899681254554e-08
449.0 3.0389978244413616e-08
450.0 3.026095967628169e-08
451.0 3.015262254190466e-08
452.0 3.0052925487461066e-08
453.0 2.9953228433017474e-08
454.0 2.985353137857388e-08
455.0 2.9753834324130286e-08
456.0 2.965413726968669e-08
457.0 2.95544402152431e-08
458.0 2.9454743160799506e-08
459.0 2.935504610635592e-08
460.0 2.925534905191232e-08
461.0 2.9155651997468723e-08
462.0 2.9055954943025137e-08
463.0 2.8956257888581545e-08
464.0 2.8856560834137953e-08
465.0 2.8756863779694354e-08
466.0 2.8657166725250762e-08
467.0 2.8557469670807163e-08
468.0 2.8457772616363577e-08
469.0 2.835807556191999e-08
470.0 2.825837850747639e-08
471.0 2.81586814530328e-08
472.0 2.8058984398589202e-08
473.0 2.7959287344145613e-08
474.0 2.7859590289702018e-08
475.0 2.7759893235258432e-08
476.0 2.7660196180814833e-08
477.0 2.7560499126371235e-08
478.0 2.7460802071927642e-08
479.0 2.7361105017484053e-08
480.0 2.7261407963040458e-08
481.0 2.716171090859687e-08
482.0 2.7062013854153274e-08
483.0 2.6962316799709675e-08
484.0 2.686261974526609e-08
485.0 2.6763275458289397e-08
486.0 2.6679893123830225e-08
487.0 2.6596510789371046e-08
488.0 2.6513128454911877e-08
489.0 2.6429746120452708e-08
490.0 2.6346363785993533e-08
491.0 2.626298145153436e-08
492.0 2.6179599117075188e-08
493.0 2.6096216782616012e-08
494.0 2.6012834448156837e-08
495.0 2.5929452113697668e-08
496.0 2.58460697792385e-08
497.0 2.5762687444779323e-08
498.0 2.567930511032015e-08
499.0 2.5595922775860975e-08
500.0 2.5512540441401803e-08
501.0 2.5429158106942628e-08
502.0 2.5345775772483452e-08
503.0 2.526239343802428e-08
504.0 2.517901110356511e-08
505.0 2.5095628769105938e-08
506.0 2.5012246434646766e-08
507.0 2.4928864100187594e-08
508.0 2.4845481765728418e-08
509.0 2.476209943126925e-08
510.0 2.467871709681007e-08
511.0 2.4595334762350898e-08
512.0 2.4511952427891726e-08
513.0 2.4428570093432557e-08
514.0 2.434518775897338e-08
515.0 2.4261805424514205e-08
516.0 2.4178423090055033e-08
517.0 2.4095040755595864e-08
518.0 2.401165842113669e-08
519.0 2.3928276086677516e-08
520.0 2.384489375221834e-08
521.0 2.3761511417759172e-08
522.0 2.3678129083299996e-08
523.0 2.3603073833902113e-08
524.0 2.353218679500067e-08
525.0 2.3461299756099226e-08
526.0 2.339041271719778e-08
527.0 2.331952567829634e-08
528.0 2.3248638639394893e-08
529.0 2.3177751600493457e-08
530.0 2.310686456159201e-08
531.0 2.3035977522690563e-08
532.0 2.2965090483789118e-08
533.0 2.289420344488768e-08
534.0 2.2823316405986237e-08
535.0 2.2752429367084788e-08
536.0 2.268154232818335e-08
537.0 2.26106552892819e-08
538.0 2.2539768250380455e-08
539.0 2.246888121147901e-08
540.0 2.239799417257757e-08
541.0 2.232710713367613e-08
542.0 2.225622009477468e-08
543.0 2.2185333055873238e-08
544.0 2.2114446016971796e-08
545.0 2.2043558978070357e-08
546.0 2.197267193916891e-08
547.0 2.1901784900267466e-08
548.0 2.183089786136602e-08
549.0 2.1760010822464575e-08
550.0 2.1689123783563133e-08
551.0 2.161823674466169e-08
552.0 2.1547349705760246e-08
553.0 2.14764626668588e-08
554.0 2.140557562795736e-08
555.0 2.1334688589055916e-08
556.0 2.1263801550154474e-08
557.0 2.119291451125303e-08
558.0 2.1122027472351587e-08
559.0 2.105114043345014e-08
560.0 2.0980253394548696e-08
561.0 2.0909366355647254e-08
562.0 2.083847931674581e-08
563.0 2.077484579111578e-08
564.0 2.07206739379004e-08
565.0 2.0666502084685023e-08
566.0 2.061233023146965e-08
567.0 2.055815837825427e-08
568.0 2.0503986525038893e-08
569.0 2.044981467182352e-08
570.0 2.0395642818608144e-08
571.0 2.0341470965392766e-08
572.0 2.028729911217739e-08
573.0 2.0233127258962017e-08
574.0 2.017895540574664e-08
575.0 2.0124783552531258e-08
576.0 2.0070611699315884e-08
577.0 2.0016439846100513e-08
578.0 1.9962267992885135e-08
579.0 1.9908096139669757e-08
580.0 1.9853924286454382e-08
581.0 1.9799752433239005e-08
582.0 1.9745580580023624e-08
583.0 1.9691408726808256e-08
584.0 1.963723687359288e-08
585.0 1.9583065020377497e-08
586.0 1.9528893167162122e-08
587.0 1.947472131394675e-08
588.0 1.9420549460731377e-08
589.0 1.9366377607515995e-08
590.0 1.931220575430062e-08
591.0 1.925803390108524e-08
592.0 1.9203862047869862e-08
593.0 1.914969019465449e-08
594.0 1.9095518341439116e-08
595.0 1.904134648822374e-08
596.0 1.898717463500836e-08
597.0 1.893300278179299e-08
598.0 1.8878830928577612e-08
599.0 1.882465907536223e-08
600.0 1.8770487222146856e-08
601.0 1.871631536893148e-08
602.0 1.8662143515716107e-08
603.0 1.860797166250073e-08
604.0 1.8553799809285355e-08
605.0 1.8499627956069977e-08
606.0 1.8446467791990204e-08
607.0 1.840215717613358e-08
608.0 1.835784656027696e-08
609.0 1.8313535944420327e-08
610.0 1.8269225328563705e-08
611.0 1.8224914712707076e-08
612.0 1.818060409685045e-08
613.0 1.813629348099383e-08
614.0 1.8091982865137203e-08
615.0 1.8047672249280577e-08
616.0 1.8003361633423952e-08
617.0 1.7959051017567323e-08
618.0 1.79147404017107e-08
619.0 1.787042978585408e-08
620.0 1.7826119169997453e-08
621.0 1.7781808554140824e-08
622.0 1.77374979382842e-08
623.0 1.7693187322427573e-08
624.0 1.7648876706570944e-08
625.0 1.760456609071433e-08
626.0 1.75602554748577e-08
627.0 1.7515944859001074e-08
628.0 1.7471634243144445e-08
629.0 1.742732362728782e-08
630.0 1.73830130114312e-08
631.0 1.7338702395574572e-08
632.0 1.7294391779717947e-08
633.0 1.725008116386132e-08
634.0 1.7205770548004696e-08
635.0 1.7161459932148073e-08
636.0 1.7117149316291448e-08
637.0 1.707283870043482e-08
638.0 1.7028528084578197e-08
639.0 1.698421746872157e-08
640.0 1.6939906852864942e-08
641.0 1.689559623700832e-08
642.0 1.6851285621151695e-08
643.0 1.6806975005295072e-08
644.0 1.6762664389438444e-08
645.0 1.6718353773581818e-08
646.0 1.6674043157725193e-08
647.0 1.6629732541868564e-08
648.0 1.6585421926011945e-08
649.0 1.6541111310155316e-08
650.0 1.649680069429869e-08
651.0 1.6452490078442068e-08
652.0 1.640817946258544e-08
653.0 1.636666784773208e-08
654.0 1.6328811560168282e-08
655.0 1.6290955272604484e-08
656.0 1.625309898504068e-08
657.0 1.6215242697476877e-08
658.0 1.617738640991308e-08
659.0 1.6139530122349277e-08
660.0 1.6101673834785475e-08
661.0 1.6063817547221677e-08
662.0 1.6025961259657872e-08
663.0 1.598810497209407e-08
664.0 1.5950248684530272e-08
665.0 1.591239239696647e-08
666.0 1.5874536109402672e-08
667.0 1.583667982183887e-08
668.0 1.579882353427507e-08
669.0 1.576096724671127e-08
670.0 1.5723110959147466e-08
671.0 1.5685254671583667e-08
672.0 1.5647398384019862e-08
673.0 1.5609542096456064e-08
674.0 1.5571685808892262e-08
675.0 1.5533829521328464e-08
676.0 1.549597323376466e-08
677.0 1.545811694620086e-08
678.0 1.542026065863706e-08
679.0 1.5382404371073257e-08
680.0 1.5344548083509456e-08
681.0 1.5306691795945654e-08
682.0 1.5268835508381856e-08
683.0 1.5230979220818054e-08
684.0 1.5193122933254252e-08
685.0 1.5155266645690454e-08
686.0 1.5117410358126652e-08
687.0 1.507955407056285e-08
688.0 1.504169778299905e-08
689.0 1.5003841495435247e-08
690.0 1.496598520787145e-08
691.0 1.4928128920307647e-08
692.0 1.4890272632743846e-08
693.0 1.4852416345180046e-08
694.0 1.4814560057616247e-08
695.0 1.4776703770052443e-08
696.0 1.4738847482488643e-08
697.0 1.4700991194924844e-08
698.0 1.466313490736104e-08
699.0 1.462527861979724e-08
700.0 1.4587422332233441e-08
701.0 1.4549566044669638e-08
702.0 1.4511709757105836e-08
703.0 1.447537055493439e-08
704.0 1.444643394857227e-08
705.0 1.4417497342210159e-08
706.0 1.4388560735848042e-08
707.0 1.4359624129485928e-08
708.0 1.4330687523123815e-08
709.0 1.43017509167617e-08
710.0 1.4272814310399586e-08
711.0 1.424387770403747e-08
712.0 1.4214941097675356e-08
713.0 1.4186004491313239e-08
714.0 1.4157067884951125e-08
715.0 1.4128131278589009e-08
716.0 1.4099194672226893e-08
717.0 1.4070258065864778e-08
718.0 1.4041321459502663e-08
719.0 1.4012384853140551e-08
720.0 1.3983448246778436e-08
721.0 1.3954511640416324e-08
722.0 1.3925575034054209e-08
723.0 1.3896638427692089e-08
724.0 1.3867701821329977e-08
725.0 1.3838765214967863e-08
726.0 1.3809828608605746e-08
727.0 1.3780892002243633e-08
728.0 1.3751955395881516e-08
729.0 1.3723018789519403e-08
730.0 1.3694082183157286e-08
731.0 1.3665145576795172e-08
732.0 1.3636208970433059e-08
733.0 1.3607272364070942e-08
734.0 1.3578335757708828e-08
735.0 1.3549399151346713e-08
736.0 1.35204625449846e-08
737.0 1.3491525938622486e-08
738.0 1.346258933226037e-08
739.0 1.3433652725898256e-08
740.0 1.340471611953614e-08
741.0 1.3375779513174025e-08
742.0 1.334684290681191e-08
743.0 1.3317906300449795e-08
744.0 1.3288969694087681e-08
745.0 1.3260033087725564e-08
746.0 1.3231096481363451e-08
747.0 1.3202159875001334e-08
748.0 1.3173223268639222e-08
749.0 1.3144286662277104e-08
750.0 1.311535005591499e-08
751.0 1.3086413449552878e-08
752.0 1.3057476843190761e-08
753.0 1.3028540236828648e-08
754.0 1.2999603630466533e-08
755.0 1.2970667024104417e-08
756.0 1.2941730417742304e-08
757.0 1.2912998635103346e-08
758.0 1.288991792529583e-08
759.0 1.2866837215488316e-08
760.0 1.2843756505680804e-08
761.0 1.2820675795873289e-08
762.0 1.2797595086065773e-08
763.0 1.2774514376258258e-08
764.0 1.2751433666450743e-08
765.0 1.2728352956643227e-08
766.0 1.2705272246835715e-08
767.0 1.26821915370282e-08
768.0 1.2659110827220684e-08
769.0 1.2636030117413169e-08
770.0 1.2612949407605653e-08
771.0 1.2589868697798138e-08
772.0 1.2566787987990627e-08
773.0 1.2543707278183112e-08
774.0 1.2520626568375598e-08
775.0 1.2497545858568081e-08
776.0 1.2474465148760566e-08
777.0 1.2451384438953054e-08
778.0 1.2428303729145538e-08
779.0 1.2405223019338023e-08
780.0 1.2382142309530509e-08
781.0 1.2359061599722992e-08
782.0 1.2335980889915476e-08
783.0 1.2312900180107964e-08
784.0 1.2289819470300449e-08
785.0 1.2266738760492935e-08
786.0 1.224365805068542e-08
787.0 1.2220577340877903e-08
788.0 1.2197496631070392e-08
789.0 1.2174415921262877e-08
790.0 1.2151335211455363e-08
791.0 1.2128254501647848e-08
792.0 1.2105173791840332e-08
793.0 1.2082093082032815e-08
794.0 1.2059012372225301e-08
795.0 1.2035931662417787e-08
796.0 1.2012850952610272e-08
797.0 1.1989770242802758e-08
798.0 1.1966689532995243e-08
799.0 1.1943608823187727e-08
800.0 1.1920528113380214e-08
801.0 1.1897447403572698e-08
802.0 1.1874366693765186e-08
803.0 1.185128598395767e-08
804.0 1.1828205274150155e-08
805.0 1.180512456434264e-08
806.0 1.1782043854535126e-08
807.0 1.175896314472761e-08
808.0 1.1735882434920097e-08
809.0 1.1712801725112581e-08
810.0 1.1689721015305066e-08
811.0 1.166664030549755e-08
812.0 1.1643559595690035e-08
813.0 1.1620478885882523e-08
814.0 1.1597398176075008e-08
815.0 1.1574317466267492e-08
816.0 1.1553569967785023e-08
817.0 1.1533684808936626e-08
818.0 1.1513799650088228e-08
819.0 1.1493914491239832e-08
820.0 1.1474029332391433e-08
821.0 1.145414417354304e-08
822.0 1.1434259014694642e-08
823.0 1.1414373855846246e-08
824.0 1.1394488696997848e-08
825.0 1.137460353814945e-08
826.0 1.1354718379301054e-08
827.0 1.1334833220452656e-08
828.0 1.1314948061604259e-08
829.0 1.1295062902755863e-08
830.0 1.1275177743907467e-08
831.0 1.125529258505907e-08
832.0 1.1235407426210672e-08
833.0 1.1215522267362275e-08
834.0 1.1195637108513879e-08
835.0 1.1175751949665483e-08
836.0 1.1155866790817082e-08
837.0 1.1135981631968688e-08
838.0 1.111609647312029e-08
839.0 1.1096211314271893e-08
840.0 1.1076326155423497e-08
841.0 1.1056440996575098e-08
842.0 1.1036555837726704e-08
843.0 1.1016670678878307e-08
844.0 1.099678552002991e-08
845.0 1.0976900361181512e-08
846.0 1.0957015202333114e-08
847.0 1.0937130043484718e-08
848.0 1.0917244884636323e-08
849.0 1.0897359725787923e-08
850.0 1.0877474566939528e-08
851.0 1.0857589408091132e-08
852.0 1.0837704249242734e-08
853.0 1.0817819090394337e-08
854.0 1.079793393154594e-08
855.0 1.0778048772697542e-08
856.0 1.0758163613849146e-08
857.0 1.0738278455000747e-08
858.0 1.0718393296152351e-08
859.0 1.0698508137303955e-08
860.0 1.0678622978455558e-08
861.0 1.0658737819607162e-08
862.0 1.0638852660758763e-08
863.0 1.0618967501910369e-08
864.0 1.059908234306197e-08
865.0 1.057919718421357e-08
866.0 1.0559312025365176e-08
867.0 1.0539426866516777e-08
868.0 1.0519541707668383e-08
869.0 1.0499656548819986e-08
870.0 1.0479771389971587e-08
871.0 1.0459886231123192e-08
872.0 1.0440001072274795e-08
873.0 1.0420115913426396e-08
874.0 1.0400230754578e-08
875.0 1.0380345595729604e-08
876.0 1.0360460436881207e-08
877.0 1.0340575278032811e-08
878.0 1.0320690119184412e-08
879.0 1.0305175371737376e-08
880.0 1.0289967397125037e-08
881.0 1.0274759422512699e-08
882.0 1.0259551447900362e-08
883.0 1.0244343473288024e-08
884.0 1.0229135498675684e-08
885.0 1.0213927524063347e-08
886.0 1.0198719549451007e-08
887.0 1.0183511574838671e-08
888.0 1.0168303600226333e-08
889.0 1.0153095625613994e-08
890.0 1.0137887651001659e-08
891.0 1.012267967638932e-08
892.0 1.0107471701776983e-08
893.0 1.0092263727164643e-08
894.0 1.0077055752552306e-08
895.0 1.0061847777939965e-08
896.0 1.004663980332763e-08
897.0 1.0031431828715291e-08
898.0 1.0016223854102953e-08
899.0 1.0001015879490616e-08
900.0 9.985807904878279e-09
901.0 9.970599930265938e-09
902.0 9.955391955653601e-09
903.0 9.940183981041261e-09
904.0 9.924976006428926e-09
905.0 9.909768031816589e-09
906.0 9.89456005720425e-09
907.0 9.879352082591911e-09
908.0 9.864144107979574e-09
909.0 9.848936133367239e-09
910.0 9.833728158754897e-09
911.0 9.81852018414256e-09
912.0 9.803312209530221e-09
913.0 9.788104234917884e-09
914.0 9.772896260305546e-09
915.0 9.757688285693207e-09
916.0 9.742480311080872e-09
917.0 9.727272336468533e-09
918.0 9.712064361856196e-09
919.0 9.696856387243855e-09
920.0 9.681648412631518e-09
921.0 9.666440438019178e-09
922.0 9.651232463406843e-09
923.0 9.636024488794504e-09
924.0 9.620816514182165e-09
925.0 9.605608539569828e-09
926.0 9.590400564957491e-09
927.0 9.575192590345151e-09
928.0 9.559984615732814e-09
929.0 9.544776641120474e-09
930.0 9.52956866650814e-09
931.0 9.514360691895801e-09
932.0 9.499152717283463e-09
933.0 9.483944742671124e-09
934.0 9.468736768058787e-09
935.0 9.45352879344645e-09
936.0 9.43832081883411e-09
937.0 9.423112844221773e-09
938.0 9.407904869609432e-09
939.0 9.392696894997097e-09
940.0 9.377488920384758e-09
941.0 9.362280945772421e-09
942.0 9.347072971160083e-09
943.0 9.331864996547746e-09
944.0 9.316657021935409e-09
945.0 9.301449047323068e-09
946.0 9.287229544951093e-09
947.0 9.275296071966115e-09
948.0 9.263362598981138e-09
949.0 9.25142912599616e-09
950.0 9.239495653011183e-09
951.0 9.227562180026203e-09
952.0 9.215628707041228e-09
953.0 9.20369523405625e-09
954.0 9.191761761071275e-09
955.0 9.179828288086293e-09
956.0 9.167894815101316e-09
957.0 9.155961342116341e-09
958.0 9.144027869131365e-09
959.0 9.132094396146385e-09
960.0 9.120160923161408e-09
961.0 9.108227450176431e-09
962.0 9.096293977191454e-09
963.0 9.084360504206474e-09
964.0 9.072427031221498e-09
965.0 9.060493558236521e-09
966.0 9.048560085251544e-09
967.0 9.036626612266564e-09
968.0 9.024693139281588e-09
969.0 9.012759666296611e-09
970.0 9.000826193311634e-09
971.0 8.988892720326656e-09
972.0 8.976959247341677e-09
973.0 8.9650257743567e-09
974.0 8.953092301371724e-09
975.0 8.941158828386746e-09
976.0 8.929225355401767e-09
977.0 8.91729188241679e-09
978.0 8.905358409431816e-09
979.0 8.893424936446837e-09
980.0 8.881491463461859e-09
981.0 8.869557990476882e-09
982.0 8.857624517491905e-09
983.0 8.845691044506929e-09
984.0 8.833757571521949e-09
985.0 8.821824098536972e-09
986.0 8.809890625551995e-09
987.0 8.797957152567019e-09
988.0 8.78602367958204e-09
989.0 8.774090206597062e-09
990.0 8.762156733612085e-09
991.0 8.750223260627108e-09
992.0 8.73828978764213e-09
993.0 8.726356314657152e-09
994.0 8.714422841672175e-09
995.0 8.702489368687198e-09
996.0 8.69055589570222e-09
997.0 8.678622422717242e-09
998.0 8.666688949732265e-09
999.0 8.654755476747288e-09
1000.0 8.64282200376231e-09
1001.0 8.630888530777331e-09
1002.0 8.618955057792356e-09
1003.0 8.60702158480738e-09
1004.0 8.595088111822401e-09
1005.0 8.583154638837425e-09
1006.0 8.571221165852446e-09
1007.0 8.55928769286747e-09
1008.0 8.547354219882491e-09
1009.0 8.535420746897514e-09
1010.0 8.523487273912536e-09
1011.0 8.51155380092756e-09
1012.0 8.499620327942581e-09
1013.0 8.487686854957604e-09
1014.0 8.475753381972626e-09
1015.0 8.46381990898765e-09
1016.0 8.451886436002671e-09
1017.0 8.439952963017694e-09
1018.0 8.428019490032716e-09
1019.0 8.416829229147397e-09
1020.0 8.406511549661282e-09
1021.0 8.396193870175171e-09
1022.0 8.385876190689058e-09
1023.0 8.375558511202947e-09
1024.0 8.365240831716836e-09
1025.0 8.354923152230725e-09
1026.0 8.344605472744609e-09
1027.0 8.334287793258497e-09
1028.0 8.323970113772385e-09
1029.0 8.313652434286275e-09
1030.0 8.303334754800164e-09
1031.0 8.29301707531405e-09
1032.0 8.282699395827936e-09
1033.0 8.272381716341822e-09
1034.0 8.262064036855712e-09
1035.0 8.251746357369601e-09
1036.0 8.241428677883488e-09
1037.0 8.231110998397376e-09
1038.0 8.220793318911263e-09
1039.0 8.210475639425148e-09
1040.0 8.200157959939039e-09
1041.0 8.189840280452926e-09
1042.0 8.179522600966815e-09
1043.0 8.169204921480702e-09
1044.0 8.158887241994589e-09
1045.0 8.148569562508478e-09
1046.0 8.138251883022365e-09
1047.0 8.127934203536256e-09
1048.0 8.117616524050141e-09
1049.0 8.107298844564028e-09
1050.0 8.096981165077917e-09
1051.0 8.086663485591804e-09
1052.0 8.076345806105691e-09
1053.0 8.06602812661958e-09
1054.0 8.055710447133467e-09
1055.0 8.045392767647356e-09
1056.0 8.035075088161243e-09
1057.0 8.02475740867513e-09
1058.0 8.01443972918902e-09
1059.0 8.004122049702907e-09
1060.0 7.993804370216794e-09
1061.0 7.983486690730683e-09
1062.0 7.973169011244571e-09
1063.0 7.962851331758459e-09
1064.0 7.952533652272346e-09
1065.0 7.942215972786235e-09
1066.0 7.931898293300122e-09
1067.0 7.921580613814009e-09
1068.0 7.911262934327898e-09
1069.0 7.900945254841785e-09
1070.0 7.890627575355674e-09
1071.0 7.880309895869561e-09
1072.0 7.869992216383446e-09
1073.0 7.859674536897337e-09
1074.0 7.849356857411224e-09
1075.0 7.839039177925111e-09
1076.0 7.828721498438998e-09
1077.0 7.818403818952887e-09
1078.0 7.808086139466774e-09
1079.0 7.797768459980662e-09
1080.0 7.78745078049455e-09
1081.0 7.777133101008438e-09
1082.0 7.766815421522325e-09
1083.0 7.756497742036214e-09
1084.0 7.7461800625501e-09
1085.0 7.735862383063988e-09
1086.0 7.725544703577877e-09
1087.0 7.715227024091764e-09
1088.0 7.704909344605653e-09
1089.0 7.69459166511954e-09
1090.0 7.684273985633429e-09
1091.0 7.673956306147316e-09
1092.0 7.663638626661205e-09
1093.0 7.653320947175092e-09
1094.0 7.64300326768898e-09
1095.0 7.632685588202868e-09
1096.0 7.622367908716755e-09
1097.0 7.612067475104228e-09
1098.0 7.604062912144767e-09
1099.0 7.596058349185302e-09
1100.0 7.58805378622584e-09
1101.0 7.580049223266377e-09
1102.0 7.572044660306915e-09
1103.0 7.564040097347454e-09
1104.0 7.55603553438799e-09
1105.0 7.548030971428527e-09
1106.0 7.540026408469064e-09
1107.0 7.532021845509602e-09
1108.0 7.52401728255014e-09
1109.0 7.516012719590676e-09
1110.0 7.508008156631214e-09
1111.0 7.500003593671751e-09
1112.0 7.491999030712288e-09
1113.0 7.483994467752825e-09
1114.0 7.475989904793363e-09
1115.0 7.4679853418339e-09
1116.0 7.459980778874437e-09
1117.0 7.451976215914975e-09
1118.0 7.443971652955512e-09
1119.0 7.435967089996048e-09
1120.0 7.427962527036586e-09
1121.0 7.419957964077123e-09
1122.0 7.4119534011176605e-09
1123.0 7.403948838158199e-09
1124.0 7.395944275198736e-09
1125.0 7.387939712239272e-09
1126.0 7.37993514927981e-09
1127.0 7.3719305863203476e-09
1128.0 7.3639260233608835e-09
1129.0 7.355921460401422e-09
1130.0 7.3479168974419595e-09
1131.0 7.3399123344824954e-09
1132.0 7.331907771523033e-09
1133.0 7.323903208563571e-09
1134.0 7.315898645604108e-09
1135.0 7.307894082644644e-09
1136.0 7.2998895196851825e-09
1137.0 7.29188495672572e-09
1138.0 7.283880393766256e-09
1139.0 7.2758758308067945e-09
1140.0 7.267871267847331e-09
1141.0 7.259866704887869e-09
1142.0 7.251862141928407e-09
1143.0 7.243857578968944e-09
1144.0 7.235853016009481e-09
1145.0 7.227848453050018e-09
1146.0 7.219843890090555e-09
1147.0 7.211839327131092e-09
1148.0 7.20383476417163e-09
1149.0 7.195830201212168e-09
1150.0 7.1878256382527054e-09
1151.0 7.179821075293241e-09
1152.0 7.171816512333779e-09
1153.0 7.1638119493743166e-09
1154.0 7.1558073864148525e-09
1155.0 7.147802823455391e-09
1156.0 7.1397982604959285e-09
1157.0 7.1317936975364644e-09
1158.0 7.123789134577002e-09
1159.0 7.11578457161754e-09
1160.0 7.107780008658077e-09
1161.0 7.099775445698616e-09
1162.0 7.091770882739152e-09
1163.0 7.083766319779689e-09
1164.0 7.075761756820227e-09
1165.0 7.067757193860764e-09
1166.0 7.0597526309013e-09
1167.0 7.051748067941839e-09
1168.0 7.043743504982376e-09
1169.0 7.035738942022912e-09
1170.0 7.02773437906345e-09
1171.0 7.019729816103987e-09
1172.0 7.011725253144525e-09
1173.0 7.003720690185061e-09
1174.0 6.995716127225599e-09
1175.0 6.987711564266137e-09
1176.0 6.979707001306673e-09
1177.0 6.97170243834721e-09
1178.0 6.963697875387748e-09
1179.0 6.9556933124282855e-09
1180.0 6.947688749468824e-09
1181.0 6.939684186509361e-09
1182.0 6.9326070510729786e-09
1183.0 6.9264132313442686e-09
1184.0 6.920219411615558e-09
1185.0 6.914025591886845e-09
1186.0 6.9078317721581344e-09
1187.0 6.901637952429425e-09
1188.0 6.895444132700714e-09
1189.0 6.8892503129720044e-09
1190.0 6.8830564932432944e-09
1191.0 6.876862673514583e-09
1192.0 6.87066885378587e-09
1193.0 6.86447503405716e-09
1194.0 6.858281214328452e-09
1195.0 6.852087394599739e-09
1196.0 6.845893574871029e-09
1197.0 6.839699755142318e-09
1198.0 6.833505935413609e-09
1199.0 6.827312115684897e-09
1200.0 6.821118295956185e-09
1201.0 6.8149244762274745e-09
1202.0 6.8087306564987645e-09
1203.0 6.802536836770056e-09
1204.0 6.796343017041344e-09
1205.0 6.790149197312633e-09
1206.0 6.783955377583922e-09
1207.0 6.77776155785521e-09
1208.0 6.7715677381264995e-09
1209.0 6.76537391839779e-09
1210.0 6.759180098669079e-09
1211.0 6.752986278940369e-09
1212.0 6.746792459211658e-09
1213.0 6.740598639482947e-09
1214.0 6.734404819754237e-09
1215.0 6.728211000025526e-09
1216.0 6.7220171802968145e-09
1217.0 6.715823360568104e-09
1218.0 6.7096295408393945e-09
1219.0 6.703435721110683e-09
1220.0 6.697241901381972e-09
1221.0 6.691048081653262e-09
1222.0 6.684854261924551e-09
1223.0 6.6786604421958395e-09
1224.0 6.67246662246713e-09
1225.0 6.666272802738419e-09
1226.0 6.660078983009708e-09
1227.0 6.653885163280998e-09
1228.0 6.647691343552287e-09
1229.0 6.641497523823576e-09
1230.0 6.635303704094866e-09
1231.0 6.629109884366155e-09
1232.0 6.6229160646374445e-09
1233.0 6.616722244908733e-09
1234.0 6.610528425180024e-09
1235.0 6.604334605451312e-09
1236.0 6.598140785722602e-09
1237.0 6.591946965993891e-09
1238.0 6.58575314626518e-09
1239.0 6.57955932653647e-09
1240.0 6.573365506807759e-09
1241.0 6.567171687079048e-09
1242.0 6.560977867350337e-09
1243.0 6.554784047621627e-09
1244.0 6.548590227892916e-09
1245.0 6.542396408164206e-09
1246.0 6.536202588435495e-09
1247.0 6.5300087687067846e-09
1248.0 6.523814948978073e-09
1249.0 6.517621129249363e-09
1250.0 6.511427309520651e-09
1251.0 6.505233489791941e-09
1252.0 6.499039670063231e-09
1253.0 6.49284585033452e-09
1254.0 6.486652030605809e-09
1255.0 6.4804582108770996e-09
1256.0 6.474264391148389e-09
1257.0 6.468070571419677e-09
1258.0 6.461876751690967e-09
1259.0 6.455682931962256e-09
1260.0 6.4494891122335454e-09
1261.0 6.4432952925048354e-09
1262.0 6.437101472776125e-09
1263.0 6.430907653047413e-09
1264.0 6.424713833318702e-09
1265.0 6.418520013589993e-09
1266.0 6.412326193861281e-09
1267.0 6.406132374132571e-09
1268.0 6.3999385544038604e-09
1269.0 6.39374473467515e-09
1270.0 6.387550914946439e-09
1271.0 6.381357095217728e-09
1272.0 6.375163275489018e-09
1273.0 6.36937691675271e-09
1274.0 6.363984079904099e-09
1275.0 6.358591243055489e-09
1276.0 6.353198406206878e-09
1277.0 6.347805569358266e-09
1278.0 6.342412732509656e-09
1279.0 6.337019895661047e-09
1280.0 6.331627058812435e-09
1281.0 6.326234221963825e-09
1282.0 6.320841385115215e-09
1283.0 6.315448548266605e-09
1284.0 6.310055711417994e-09
1285.0 6.3046628745693835e-09
1286.0 6.299270037720773e-09
1287.0 6.2938772008721616e-09
1288.0 6.2884843640235514e-09
1289.0 6.283091527174941e-09
1290.0 6.2776986903263295e-09
1291.0 6.272305853477719e-09
1292.0 6.266913016629108e-09
1293.0 6.261520179780498e-09
1294.0 6.256127342931887e-09
1295.0 6.250734506083277e-09
1296.0 6.245341669234667e-09
1297.0 6.239948832386056e-09
1298.0 6.234555995537446e-09
1299.0 6.229163158688836e-09
1300.0 6.2237703218402255e-09
1301.0 6.218377484991614e-09
1302.0 6.2129846481430035e-09
1303.0 6.207591811294393e-09
1304.0 6.202198974445782e-09
1305.0 6.196806137597171e-09
1306.0 6.1914133007485604e-09
1307.0 6.1860204638999495e-09
1308.0 6.18062762705134e-09
1309.0 6.175234790202729e-09
1310.0 6.169841953354118e-09
1311.0 6.164449116505507e-09
1312.0 6.159056279656898e-09
1313.0 6.153663442808288e-09
1314.0 6.148270605959675e-09
1315.0 6.142877769111066e-09
1316.0 6.137484932262456e-09
1317.0 6.132092095413845e-09
1318.0 6.1266992585652345e-09
1319.0 6.121306421716623e-09
1320.0 6.115913584868013e-09
1321.0 6.110520748019402e-09
1322.0 6.105127911170792e-09
1323.0 6.099735074322181e-09
1324.0 6.09434223747357e-09
1325.0 6.0889494006249585e-09
1326.0 6.083556563776349e-09
1327.0 6.07816372692774e-09
1328.0 6.072770890079129e-09
1329.0 6.067378053230517e-09
1330.0 6.061985216381908e-09
1331.0 6.056592379533296e-09
1332.0 6.051199542684687e-09
1333.0 6.0458067058360765e-09
1334.0 6.040413868987465e-09
1335.0 6.0350210321388545e-09
1336.0 6.029628195290244e-09
1337.0 6.024235358441634e-09
1338.0 6.018842521593022e-09
1339.0 6.013449684744412e-09
1340.0 6.0080568478958004e-09
1341.0 6.002664011047191e-09
1342.0 5.997271174198582e-09
1343.0 5.991878337349969e-09
1344.0 5.98648550050136e-09
1345.0 5.981092663652748e-09
1346.0 5.975699826804139e-09
1347.0 5.9703069899555286e-09
1348.0 5.964914153106917e-09
1349.0 5.959521316258307e-09
1350.0 5.9541284794096965e-09
1351.0 5.9487356425610855e-09
1352.0 5.943342805712475e-09
1353.0 5.937949968863864e-09
1354.0 5.932557132015255e-09
1355.0 5.927164295166642e-09
1356.0 5.921771458318034e-09
1357.0 5.916378621469421e-09
1358.0 5.910985784620811e-09
1359.0 5.9055929477722e-09
1360.0 5.90020011092359e-09
1361.0 5.894807274074981e-09
1362.0 5.889414437226368e-09
1363.0 5.884021600377759e-09
1364.0 5.8786287635291486e-09
1365.0 5.8732359266805376e-09
1366.0 5.8678430898319274e-09
1367.0 5.862450252983316e-09
1368.0 5.8570574161347055e-09
1369.0 5.851664579286095e-09
1370.0 5.846271742437485e-09
1371.0 5.84144178189924e-09
1372.0 5.8371844020274756e-09
1373.0 5.8329270221557125e-09
1374.0 5.828669642283948e-09
1375.0 5.824412262412184e-09
1376.0 5.820154882540418e-09
1377.0 5.815897502668655e-09
1378.0 5.811640122796891e-09
1379.0 5.8073827429251274e-09
1380.0 5.803125363053363e-09
1381.0 5.798867983181599e-09
1382.0 5.794610603309835e-09
1383.0 5.790353223438072e-09
1384.0 5.786095843566307e-09
1385.0 5.781838463694543e-09
1386.0 5.777581083822778e-09
1387.0 5.7733237039510146e-09
1388.0 5.769066324079251e-09
1389.0 5.764808944207487e-09
1390.0 5.760551564335721e-09
1391.0 5.756294184463959e-09
1392.0 5.752036804592194e-09
1393.0 5.74777942472043e-09
1394.0 5.743522044848665e-09
1395.0 5.739264664976902e-09
1396.0 5.735007285105138e-09
1397.0 5.730749905233374e-09
1398.0 5.726492525361611e-09
1399.0 5.722235145489846e-09
1400.0 5.717977765618082e-09
1401.0 5.7137203857463175e-09
1402.0 5.709463005874554e-09
1403.0 5.70520562600279e-09
1404.0 5.700948246131026e-09
1405.0 5.696690866259263e-09
1406.0 5.692433486387497e-09
1407.0 5.688176106515733e-09
1408.0 5.683918726643969e-09
1409.0 5.6796613467722046e-09
1410.0 5.675403966900441e-09
1411.0 5.671146587028677e-09
1412.0 5.666889207156914e-09
1413.0 5.662631827285149e-09
1414.0 5.658374447413385e-09
1415.0 5.6541170675416195e-09
1416.0 5.6498596876698564e-09
1417.0 5.6456023077980925e-09
1418.0 5.641344927926329e-09
1419.0 5.637087548054563e-09
1420.0 5.6328301681828e-09
1421.0 5.628572788311036e-09
1422.0 5.624315408439272e-09
1423.0 5.620058028567509e-09
1424.0 5.6158006486957436e-09
1425.0 5.61154326882398e-09
1426.0 5.607285888952216e-09
1427.0 5.603028509080453e-09
1428.0 5.598771129208688e-09
1429.0 5.594513749336924e-09
1430.0 5.59025636946516e-09
1431.0 5.585998989593396e-09
1432.0 5.5817416097216315e-09
1433.0 5.577484229849868e-09
1434.0 5.573226849978103e-09
1435.0 5.568969470106339e-09
1436.0 5.564712090234575e-09
1437.0 5.560454710362812e-09
1438.0 5.5561973304910465e-09
1439.0 5.5519399506192826e-09
1440.0 5.547682570747519e-09
1441.0 5.543425190875756e-09
1442.0 5.539167811003991e-09
1443.0 5.534910431132227e-09
1444.0 5.530653051260461e-09
1445.0 5.526395671388698e-09
1446.0 5.522138291516935e-09
1447.0 5.5178809116451705e-09
1448.0 5.5136235317734074e-09
1449.0 5.509366151901642e-09
1450.0 5.505108772029878e-09
1451.0 5.500851392158114e-09
1452.0 5.496594012286351e-09
1453.0 5.4923366324145855e-09
1454.0 5.4880792525428216e-09
1455.0 5.4838218726710585e-09
1456.0 5.4795644927992946e-09
1457.0 5.47530711292753e-09
1458.0 5.471049733055766e-09
1459.0 5.466792353184002e-09
1460.0 5.462534973312238e-09
1461.0 5.458277593440473e-09
1462.0 5.45402021356871e-09
1463.0 5.449762833696945e-09
1464.0 5.445505453825181e-09
1465.0 5.441248073953417e-09
1466.0 5.436990694081653e-09
1467.0 5.432733314209888e-09
1468.0 5.4284759343381244e-09
1469.0 5.4242185544663605e-09
1470.0 5.4199611745945975e-09
1471.0 5.4157037947228336e-09
1472.0 5.411446414851069e-09
1473.0 5.407189034979306e-09
1474.0 5.40293165510754e-09
1475.0 5.398674275235776e-09
1476.0 5.394416895364012e-09
1477.0 5.391037619656318e-09
1478.0 5.387721044680469e-09
1479.0 5.384404469704619e-09
1480.0 5.381087894728768e-09
1481.0 5.3777713197529185e-09
1482.0 5.374454744777066e-09
1483.0 5.371138169801216e-09
1484.0 5.367821594825367e-09
1485.0 5.364505019849516e-09
1486.0 5.361188444873665e-09
1487.0 5.357871869897816e-09
1488.0 5.354555294921965e-09
1489.0 5.351238719946116e-09
1490.0 5.347922144970266e-09
1491.0 5.3446055699944154e-09
1492.0 5.341288995018565e-09
1493.0 5.337972420042716e-09
1494.0 5.334655845066865e-09
1495.0 5.331339270091014e-09
1496.0 5.328022695115165e-09
1497.0 5.324706120139314e-09
1498.0 5.321389545163464e-09
1499.0 5.318072970187614e-09
1500.0 5.314756395211764e-09
1501.0 5.311439820235912e-09
1502.0 5.308123245260063e-09
1503.0 5.304806670284212e-09
1504.0 5.301490095308362e-09
1505.0 5.298173520332513e-09
1506.0 5.2948569453566625e-09
1507.0 5.291540370380812e-09
1508.0 5.288223795404962e-09
1509.0 5.284907220429111e-09
1510.0 5.28159064545326e-09
1511.0 5.278274070477411e-09
1512.0 5.274957495501561e-09
1513.0 5.271640920525711e-09
1514.0 5.2683243455498605e-09
1515.0 5.2650077705740096e-09
1516.0 5.26169119559816e-09
1517.0 5.258374620622309e-09
1518.0 5.255058045646459e-09
1519.0 5.251741470670609e-09
1520.0 5.248424895694759e-09
1521.0 5.245108320718908e-09
1522.0 5.241791745743059e-09
1523.0 5.2384751707672084e-09
1524.0 5.2351585957913575e-09
1525.0 5.231842020815508e-09
1526.0 5.228525445839658e-09
1527.0 5.225208870863808e-09
1528.0 5.221892295887958e-09
1529.0 5.218575720912108e-09
1530.0 5.215259145936256e-09
1531.0 5.211942570960407e-09
1532.0 5.2086259959845555e-09
1533.0 5.205309421008706e-09
1534.0 5.201992846032856e-09
1535.0 5.198676271057005e-09
1536.0 5.195359696081156e-09
1537.0 5.192043121105305e-09
1538.0 5.188726546129454e-09
1539.0 5.1854099711536045e-09
1540.0 5.182093396177754e-09
1541.0 5.1787768212019034e-09
1542.0 5.175460246226054e-09
1543.0 5.172143671250203e-09
1544.0 5.168827096274354e-09
1545.0 5.165510521298503e-09
1546.0 5.1621939463226536e-09
1547.0 5.1588773713468034e-09
1548.0 5.155560796370953e-09
1549.0 5.152244221395103e-09
1550.0 5.148927646419253e-09
1551.0 5.145611071443403e-09
1552.0 5.142294496467552e-09
1553.0 5.138977921491702e-09
1554.0 5.1356613465158524e-09
1555.0 5.132344771540001e-09
1556.0 5.1290281965641505e-09
1557.0 5.1257116215883e-09
1558.0 5.122395046612449e-09
1559.0 5.119078471636599e-09
1560.0 5.11576189666075e-09
1561.0 5.112445321684899e-09
1562.0 5.10912874670905e-09
1563.0 5.1058121717331995e-09
1564.0 5.102495596757349e-09
1565.0 5.099179021781498e-09
1566.0 5.095862446805649e-09
1567.0 5.092545871829799e-09
1568.0 5.089229296853949e-09
1569.0 5.085912721878099e-09
1570.0 5.0825961469022485e-09
1571.0 5.079279571926398e-09
1572.0 5.0759629969505474e-09
1573.0 5.072646421974698e-09
1574.0 5.069329846998848e-09
1575.0 5.066013272022997e-09
1576.0 5.062696697047147e-09
1577.0 5.059380122071297e-09
1578.0 5.056063547095445e-09
1579.0 5.052746972119596e-09
1580.0 5.0494303971437455e-09
1581.0 5.046113822167895e-09
1582.0 5.042797247192045e-09
1583.0 5.039480672216195e-09
1584.0 5.036164097240345e-09
1585.0 5.032847522264494e-09
1586.0 5.029530947288645e-09
1587.0 5.026214372312794e-09
1588.0 5.022897797336944e-09
1589.0 5.019581222361094e-09
1590.0 5.016363358274172e-09
1591.0 5.013457915421479e-09
1592.0 5.0105524725687865e-09
1593.0 5.0076470297160955e-09
1594.0 5.0047415868634036e-09
1595.0 5.001836144010711e-09
1596.0 4.998930701158018e-09
1597.0 4.996025258305327e-09
1598.0 4.993119815452634e-09
1599.0 4.990214372599942e-09
1600.0 4.987308929747251e-09
1601.0 4.984403486894558e-09
1602.0 4.981498044041866e-09
1603.0 4.978592601189173e-09
1604.0 4.9756871583364814e-09
1605.0 4.97278171548379e-09
1606.0 4.969876272631098e-09
1607.0 4.966970829778406e-09
1608.0 4.964065386925714e-09
1609.0 4.961159944073021e-09
1610.0 4.958254501220329e-09
1611.0 4.9553490583676374e-09
1612.0 4.952443615514944e-09
1613.0 4.949538172662252e-09
1614.0 4.94663272980956e-09
1615.0 4.9437272869568674e-09
1616.0 4.940821844104176e-09
1617.0 4.937916401251483e-09
1618.0 4.935010958398791e-09
1619.0 4.932105515546101e-09
1620.0 4.929200072693407e-09
1621.0 4.926294629840715e-09
1622.0 4.923389186988023e-09
1623.0 4.92048374413533e-09
1624.0 4.917578301282639e-09
1625.0 4.914672858429947e-09
1626.0 4.9117674155772534e-09
1627.0 4.9088619727245615e-09
1628.0 4.905956529871871e-09
1629.0 4.903051087019179e-09
1630.0 4.900145644166487e-09
1631.0 4.897240201313794e-09
1632.0 4.894334758461101e-09
1633.0 4.89142931560841e-09
1634.0 4.8885238727557175e-09
1635.0 4.885618429903026e-09
1636.0 4.882712987050334e-09
1637.0 4.879807544197641e-09
1638.0 4.876902101344949e-09
1639.0 4.873996658492257e-09
1640.0 4.871091215639564e-09
1641.0 4.868185772786873e-09
1642.0 4.865280329934181e-09
1643.0 4.862374887081488e-09
1644.0 4.859469444228796e-09
1645.0 4.8565640013761035e-09
1646.0 4.853658558523412e-09
1647.0 4.850753115670719e-09
1648.0 4.847847672818027e-09
1649.0 4.844942229965335e-09
1650.0 4.842036787112643e-09
1651.0 4.8391313442599506e-09
1652.0 4.8362259014072595e-09
1653.0 4.833320458554566e-09
1654.0 4.830415015701873e-09
1655.0 4.827509572849183e-09
1656.0 4.824604129996491e-09
1657.0 4.8216986871437985e-09
1658.0 4.818793244291106e-09
1659.0 4.815887801438413e-09
1660.0 4.812982358585722e-09
1661.0 4.810076915733029e-09
1662.0 4.807171472880337e-09
1663.0 4.804266030027645e-09
1664.0 4.801360587174954e-09
1665.0 4.798455144322261e-09
1666.0 4.795549701469569e-09
1667.0 4.792644258616877e-09
1668.0 4.789738815764184e-09
1669.0 4.7868333729114926e-09
1670.0 4.783927930058801e-09
1671.0 4.781022487206108e-09
1672.0 4.778117044353416e-09
1673.0 4.775211601500723e-09
1674.0 4.7723061586480315e-09
1675.0 4.769400715795339e-09
1676.0 4.766495272942647e-09
1677.0 4.763589830089956e-09
1678.0 4.760684387237264e-09
1679.0 4.757778944384571e-09
1680.0 4.754873501531879e-09
1681.0 4.7519680586791875e-09
1682.0 4.749062615826495e-09
1683.0 4.746157172973803e-09
1684.0 4.74325173012111e-09
1685.0 4.740346287268418e-09
1686.0 4.7374408444157264e-09
1687.0 4.734535401563034e-09
1688.0 4.731629958710342e-09
1689.0 4.728724515857649e-09
1690.0 4.725819073004956e-09
1691.0 4.722913630152265e-09
1692.0 4.7200081872995735e-09
1693.0 4.717102744446881e-09
1694.0 4.714197301594188e-09
1695.0 4.711291858741497e-09
1696.0 4.708386415888804e-09
1697.0 4.705480973036112e-09
1698.0 4.70257553018342e-09
1699.0 4.699670087330727e-09
1700.0 4.696764644478037e-09
1701.0 4.693859201625344e-09
1702.0 4.6909537587726505e-09
1703.0 4.68804831591996e-09
1704.0 4.685142873067267e-09
1705.0 4.682237430214576e-09
1706.0 4.679331987361884e-09
1707.0 4.676426544509191e-09
1708.0 4.673521101656499e-09
1709.0 4.670615658803807e-09
1710.0 4.667710215951115e-09
1711.0 4.664804773098423e-09
1712.0 4.661899330245731e-09
1713.0 4.6594069345138435e-09
1714.0 4.657024552740857e-09
1715.0 4.654642170967869e-09
1716.0 4.6522597891948814e-09
1717.0 4.649877407421894e-09
1718.0 4.6474950256489046e-09
1719.0 4.645112643875918e-09
1720.0 4.642730262102931e-09
1721.0 4.640347880329943e-09
1722.0 4.637965498556956e-09
1723.0 4.6355831167839665e-09
1724.0 4.63320073501098e-09
1725.0 4.630818353237992e-09
1726.0 4.628435971465005e-09
1727.0 4.626053589692017e-09
1728.0 4.6236712079190285e-09
1729.0 4.6212888261460425e-09
1730.0 4.618906444373054e-09
1731.0 4.616524062600067e-09
1732.0 4.614141680827079e-09
1733.0 4.611759299054091e-09
1734.0 4.6093769172811045e-09
1735.0 4.606994535508116e-09
1736.0 4.604612153735129e-09
1737.0 4.602229771962141e-09
1738.0 4.599847390189153e-09
1739.0 4.5974650084161664e-09
1740.0 4.595082626643179e-09
1741.0 4.59270024487019e-09
1742.0 4.590317863097203e-09
1743.0 4.587935481324215e-09
1744.0 4.585553099551228e-09
1745.0 4.583170717778241e-09
1746.0 4.5807883360052515e-09
1747.0 4.578405954232265e-09
1748.0 4.576023572459277e-09
1749.0 4.57364119068629e-09
1750.0 4.571258808913303e-09
1751.0 4.568876427140314e-09
1752.0 4.566494045367327e-09
1753.0 4.564111663594339e-09
1754.0 4.561729281821352e-09
1755.0 4.559346900048364e-09
1756.0 4.556964518275376e-09
1757.0 4.554582136502388e-09
1758.0 4.552199754729401e-09
1759.0 4.549817372956413e-09
1760.0 4.547434991183426e-09
1761.0 4.545052609410438e-09
1762.0 4.54267022763745e-09
1763.0 4.540287845864462e-09
1764.0 4.5379054640914745e-09
1765.0 4.535523082318488e-09
1766.0 4.5331407005455e-09
1767.0 4.5307583187725125e-09
1768.0 4.528375936999525e-09
1769.0 4.5259935552265365e-09
1770.0 4.523611173453549e-09
1771.0 4.521228791680562e-09
1772.0 4.5188464099075745e-09
1773.0 4.516464028134585e-09
1774.0 4.514081646361598e-09
1775.0 4.511699264588612e-09
1776.0 4.509316882815624e-09
1777.0 4.506934501042636e-09
1778.0 4.504552119269648e-09
1779.0 4.50216973749666e-09
1780.0 4.499787355723673e-09
1781.0 4.497404973950686e-09
1782.0 4.495022592177698e-09
1783.0 4.49264021040471e-09
1784.0 4.4902578286317215e-09
1785.0 4.4878754468587355e-09
1786.0 4.485493065085748e-09
1787.0 4.48311068331276e-09
1788.0 4.480728301539772e-09
1789.0 4.4783459197667834e-09
1790.0 4.4759635379937975e-09
1791.0 4.473581156220809e-09
1792.0 4.4711987744478214e-09
1793.0 4.468816392674834e-09
1794.0 4.466434010901845e-09
1795.0 4.4640516291288594e-09
1796.0 4.461669247355871e-09
1797.0 4.459286865582883e-09
1798.0 4.456904483809896e-09
1799.0 4.454522102036908e-09
1800.0 4.452139720263921e-09
1801.0 4.449757338490934e-09
1802.0 4.4473749567179445e-09
1803.0 4.444992574944958e-09
1804.0 4.44261019317197e-09
1805.0 4.440227811398983e-09
1806.0 4.437845429625995e-09
1807.0 4.4354630478530064e-09
1808.0 4.433080666080019e-09
1809.0 4.430698284307032e-09
1810.0 4.428315902534045e-09
1811.0 4.425933520761057e-09
1812.0 4.423551138988069e-09
1813.0 4.421168757215082e-09
1814.0 4.418786375442094e-09
1815.0 4.4164039936691056e-09
1816.0 4.414021611896119e-09
1817.0 4.411639230123131e-09
1818.0 4.409256848350143e-09
1819.0 4.406874466577156e-09
1820.0 4.404492084804168e-09
1821.0 4.40210970303118e-09
1822.0 4.399727321258193e-09
1823.0 4.397344939485205e-09
1824.0 4.394962557712218e-09
1825.0 4.3925801759392295e-09
1826.0 4.390197794166243e-09
1827.0 4.387815412393255e-09
1828.0 4.3854330306202675e-09
1829.0 4.383050648847279e-09
1830.0 4.380668267074291e-09
1831.0 4.378285885301305e-09
1832.0 4.375903503528317e-09
1833.0 4.373521121755329e-09
1834.0 4.37113873998234e-09
1835.0 4.368756358209354e-09
1836.0 4.3663739764363666e-09
1837.0 4.363991594663379e-09
1838.0 4.361609212890391e-09
1839.0 4.359226831117403e-09
1840.0 4.356844449344416e-09
1841.0 4.354462067571428e-09
1842.0 4.352079685798441e-09
1843.0 4.3496973040254525e-09
1844.0 4.347314922252465e-09
1845.0 4.345374908689373e-09
1846.0 4.3434799469628504e-09
1847.0 4.341584985236326e-09
1848.0 4.339690023509803e-09
1849.0 4.3377950617832785e-09
1850.0 4.335900100056756e-09
1851.0 4.334005138330232e-09
1852.0 4.332110176603708e-09
1853.0 4.330215214877184e-09
1854.0 4.328320253150662e-09
1855.0 4.3264252914241364e-09
1856.0 4.324530329697614e-09
1857.0 4.322635367971089e-09
1858.0 4.320740406244567e-09
1859.0 4.318845444518043e-09
1860.0 4.31695048279152e-09
1861.0 4.315055521064996e-09
1862.0 4.313160559338472e-09
1863.0 4.3112655976119486e-09
1864.0 4.309370635885425e-09
1865.0 4.307475674158901e-09
1866.0 4.3055807124323775e-09
1867.0 4.303685750705854e-09
1868.0 4.30179078897933e-09
1869.0 4.299895827252807e-09
1870.0 4.298000865526284e-09
1871.0 4.29610590379976e-09
1872.0 4.294210942073236e-09
1873.0 4.2923159803467125e-09
1874.0 4.29042101862019e-09
1875.0 4.288526056893665e-09
1876.0 4.286631095167142e-09
1877.0 4.284736133440618e-09
1878.0 4.282841171714095e-09
1879.0 4.2809462099875704e-09
1880.0 4.279051248261047e-09
1881.0 4.277156286534525e-09
1882.0 4.275261324807999e-09
1883.0 4.273366363081478e-09
1884.0 4.271471401354954e-09
1885.0 4.26957643962843e-09
1886.0 4.267681477901906e-09
1887.0 4.265786516175383e-09
1888.0 4.263891554448859e-09
1889.0 4.261996592722335e-09
1890.0 4.2601016309958115e-09
1891.0 4.258206669269289e-09
1892.0 4.256311707542764e-09
1893.0 4.254416745816241e-09
1894.0 4.252521784089718e-09
1895.0 4.250626822363193e-09
1896.0 4.24873186063667e-09
1897.0 4.246836898910146e-09
1898.0 4.244941937183623e-09
1899.0 4.2430469754571e-09
1900.0 4.2411520137305755e-09
1901.0 4.239257052004053e-09
1902.0 4.237362090277528e-09
1903.0 4.235467128551005e-09
1904.0 4.233572166824482e-09
1905.0 4.231677205097957e-09
1906.0 4.229782243371433e-09
1907.0 4.2278872816449105e-09
1908.0 4.225992319918386e-09
1909.0 4.224097358191864e-09
1910.0 4.2222023964653395e-09
1911.0 4.220307434738817e-09
1912.0 4.218412473012292e-09
1913.0 4.216517511285769e-09
1914.0 4.2146225495592456e-09
1915.0 4.212727587832722e-09
1916.0 4.210832626106198e-09
1917.0 4.2089376643796745e-09
1918.0 4.207042702653151e-09
1919.0 4.205147740926627e-09
1920.0 4.2032527792001034e-09
1921.0 4.20135781747358e-09
1922.0 4.199462855747057e-09
1923.0 4.197567894020533e-09
1924.0 4.1956729322940095e-09
1925.0 4.193777970567486e-09
1926.0 4.191883008840962e-09
1927.0 4.189988047114439e-09
1928.0 4.188093085387915e-09
1929.0 4.186198123661392e-09
1930.0 4.184303161934867e-09
1931.0 4.182408200208344e-09
1932.0 4.18051323848182e-09
1933.0 4.178618276755297e-09
1934.0 4.176723315028774e-09
1935.0 4.174828353302249e-09
1936.0 4.172933391575727e-09
1937.0 4.171038429849203e-09
1938.0 4.1691434681226796e-09
1939.0 4.167248506396156e-09
1940.0 4.165353544669632e-09
1941.0 4.1634585829431085e-09
1942.0 4.161563621216586e-09
1943.0 4.159668659490061e-09
1944.0 4.157773697763538e-09
1945.0 4.155878736037014e-09
1946.0 4.15398377431049e-09
1947.0 4.152088812583967e-09
1948.0 4.150193850857443e-09
1949.0 4.14829888913092e-09
1950.0 4.146403927404396e-09
1951.0 4.1445089656778725e-09
1952.0 4.14261400395135e-09
1953.0 4.140719042224825e-09
1954.0 4.138824080498302e-09
1955.0 4.136929118771778e-09
1956.0 4.135034157045255e-09
1957.0 4.13313919531873e-09
1958.0 4.1312442335922075e-09
1959.0 4.129349271865683e-09
1960.0 4.12745431013916e-09
1961.0 4.125559348412636e-09
1962.0 4.1236643866861136e-09
1963.0 4.121769424959589e-09
1964.0 4.119874463233066e-09
1965.0 4.117979501506542e-09
1966.0 4.116084539780019e-09
1967.0 4.114189578053495e-09
1968.0 4.1122946163269715e-09
1969.0 4.110399654600448e-09
1970.0 4.108504692873924e-09
1971.0 4.1066097311474e-09
1972.0 4.104714769420877e-09
1973.0 4.102819807694352e-09
1974.0 4.10092484596783e-09
1975.0 4.0990298842413065e-09
1976.0 4.097134922514782e-09
1977.0 4.095239960788258e-09
1978.0 4.0933449990617354e-09
1979.0 4.091450037335212e-09
1980.0 4.089555075608688e-09
1981.0 4.087660113882164e-09
1982.0 4.085765152155641e-09
1983.0 4.083870190429118e-09
1984.0 4.081975228702594e-09
1985.0 4.080080266976071e-09
1986.0 4.078185305249547e-09
1987.0 4.0764717461510635e-09
1988.0 4.074785937696141e-09
1989.0 4.07310012924122e-09
1990.0 4.071414320786298e-09
1991.0 4.069728512331377e-09
1992.0 4.068042703876455e-09
1993.0 4.066356895421533e-09
1994.0 4.064671086966611e-09
1995.0 4.06298527851169e-09
1996.0 4.061299470056768e-09
1997.0 4.059613661601847e-09
1998.0 4.057927853146924e-09
1999.0 4.056242044692003e-09
2000.0 4.054556236237081e-09
2001.0 4.052870427782159e-09
2002.0 4.051184619327237e-09
2003.0 4.049498810872315e-09
2004.0 4.047813002417394e-09
2005.0 4.046127193962472e-09
2006.0 4.044441385507551e-09
2007.0 4.042755577052629e-09
2008.0 4.041069768597707e-09
2009.0 4.039383960142785e-09
2010.0 4.037698151687864e-09
2011.0 4.036012343232942e-09
2012.0 4.03432653477802e-09
2013.0 4.032640726323098e-09
2014.0 4.030954917868177e-09
2015.0 4.029269109413256e-09
2016.0 4.0275833009583335e-09
2017.0 4.025897492503412e-09
2018.0 4.024211684048491e-09
2019.0 4.02252587559357e-09
2020.0 4.020840067138647e-09
2021.0 4.019154258683725e-09
2022.0 4.017468450228803e-09
2023.0 4.015782641773882e-09
2024.0 4.0140968333189615e-09
2025.0 4.0124110248640385e-09
2026.0 4.010725216409118e-09
2027.0 4.009039407954195e-09
2028.0 4.007353599499275e-09
2029.0 4.005667791044352e-09
2030.0 4.003981982589431e-09
2031.0 4.002296174134508e-09
2032.0 4.000610365679588e-09
2033.0 3.998924557224665e-09
2034.0 3.997238748769744e-09
2035.0 3.995552940314822e-09
2036.0 3.993867131859901e-09
2037.0 3.992181323404979e-09
2038.0 3.9904955149500575e-09
2039.0 3.988809706495135e-09
2040.0 3.987123898040213e-09
2041.0 3.985438089585292e-09
2042.0 3.98375228113037e-09
2043.0 3.9820664726754486e-09
2044.0 3.9803806642205264e-09
2045.0 3.978694855765605e-09
2046.0 3.977009047310683e-09
2047.0 3.975323238855762e-09
2048.0 3.97363743040084e-09
2049.0 3.971951621945918e-09
2050.0 3.970265813490996e-09
2051.0 3.968580005036075e-09
2052.0 3.966894196581153e-09
2053.0 3.9652083881262315e-09
2054.0 3.963522579671309e-09
2055.0 3.961836771216388e-09
2056.0 3.960150962761467e-09
2057.0 3.958465154306545e-09
2058.0 3.956779345851623e-09
2059.0 3.955093537396701e-09
2060.0 3.95340772894178e-09
2061.0 3.951721920486858e-09
2062.0 3.9500361120319365e-09
2063.0 3.948350303577014e-09
2064.0 3.946664495122093e-09
2065.0 3.944978686667172e-09
2066.0 3.94329287821225e-09
2067.0 3.941607069757328e-09
2068.0 3.939921261302406e-09
2069.0 3.938235452847485e-09
2070.0 3.936549644392563e-09
2071.0 3.9348638359376415e-09
2072.0 3.9331780274827186e-09
2073.0 3.931492219027798e-09
2074.0 3.929806410572875e-09
2075.0 3.928120602117955e-09
2076.0 3.926434793663032e-09
2077.0 3.924748985208111e-09
2078.0 3.923063176753188e-09
2079.0 3.921377368298268e-09
2080.0 3.919691559843345e-09
2081.0 3.918005751388424e-09
2082.0 3.9163199429335015e-09
2083.0 3.914634134478581e-09
2084.0 3.912948326023658e-09
2085.0 3.9112625175687376e-09
2086.0 3.909576709113815e-09
2087.0 3.907890900658894e-09
2088.0 3.906205092203971e-09
2089.0 3.904519283749051e-09
2090.0 3.902833475294128e-09
2091.0 3.9011476668392065e-09
2092.0 3.899461858384284e-09
2093.0 3.897776049929364e-09
2094.0 3.896090241474442e-09
2095.0 3.894404433019521e-09
2096.0 3.892718624564598e-09
2097.0 3.891032816109678e-09
2098.0 3.889347007654755e-09
2099.0 3.8876611991998344e-09
2100.0 3.885975390744912e-09
2101.0 3.884289582289991e-09
2102.0 3.882603773835069e-09
2103.0 3.880917965380148e-09
2104.0 3.8792321569252255e-09
2105.0 3.877546348470304e-09
2106.0 3.875860540015382e-09
2107.0 3.874174731560461e-09
2108.0 3.872488923105539e-09
2109.0 3.870803114650617e-09
2110.0 3.869117306195695e-09
2111.0 3.867431497740773e-09
2112.0 3.865745689285852e-09
2113.0 3.8640598808309305e-09
2114.0 3.862374072376008e-09
2115.0 3.860688263921086e-09
2116.0 3.859002455466165e-09
2117.0 3.857316647011243e-09
2118.0 3.8556308385563215e-09
2119.0 3.8539450301013994e-09
2120.0 3.852259221646478e-09
2121.0 3.850573413191556e-09
2122.0 3.848887604736635e-09
2123.0 3.8472017962817126e-09
2124.0 3.845515987826792e-09
2125.0 3.84383017937187e-09
2126.0 3.842144370916949e-09
2127.0 3.8404585624620266e-09
2128.0 3.838772754007105e-09
2129.0 3.837086945552183e-09
2130.0 3.835401137097262e-09
2131.0 3.83371532864234e-09
2132.0 3.8320295201874184e-09
2133.0 3.830343711732496e-09
2134.0 3.828657903277575e-09
2135.0 3.826972094822653e-09
2136.0 3.825286286367732e-09
2137.0 3.8236004779128095e-09
2138.0 3.821914669457888e-09
2139.0 3.820228861002966e-09
2140.0 3.818759751445275e-09
2141.0 3.8173183885252655e-09
2142.0 3.815877025605259e-09
2143.0 3.814435662685249e-09
2144.0 3.812994299765241e-09
2145.0 3.811552936845233e-09
2146.0 3.810111573925224e-09
2147.0 3.808670211005215e-09
2148.0 3.807228848085207e-09
2149.0 3.8057874851651985e-09
2150.0 3.80434612224519e-09
2151.0 3.802904759325182e-09
2152.0 3.801463396405173e-09
2153.0 3.800022033485165e-09
2154.0 3.798580670565156e-09
2155.0 3.797139307645147e-09
2156.0 3.79569794472514e-09
2157.0 3.794256581805131e-09
2158.0 3.792815218885123e-09
2159.0 3.791373855965115e-09
2160.0 3.789932493045106e-09
2161.0 3.7884911301250965e-09
2162.0 3.787049767205088e-09
2163.0 3.785608404285081e-09
2164.0 3.784167041365072e-09
2165.0 3.782725678445064e-09
2166.0 3.781284315525055e-09
2167.0 3.779842952605047e-09
2168.0 3.778401589685038e-09
2169.0 3.776960226765029e-09
2170.0 3.775518863845021e-09
2171.0 3.774077500925013e-09
2172.0 3.772636138005004e-09
2173.0 3.771194775084997e-09
2174.0 3.769753412164988e-09
2175.0 3.768312049244979e-09
2176.0 3.76687068632497e-09
2177.0 3.765429323404963e-09
2178.0 3.763987960484953e-09
2179.0 3.7625465975649455e-09
2180.0 3.761105234644937e-09
2181.0 3.759663871724929e-09
2182.0 3.75822250880492e-09
2183.0 3.756781145884911e-09
2184.0 3.755339782964903e-09
2185.0 3.753898420044895e-09
2186.0 3.752457057124886e-09
2187.0 3.751015694204878e-09
2188.0 3.7495743312848695e-09
2189.0 3.7481329683648605e-09
2190.0 3.7466916054448516e-09
2191.0 3.745250242524844e-09
2192.0 3.743808879604835e-09
2193.0 3.742367516684827e-09
2194.0 3.740926153764819e-09
2195.0 3.739484790844811e-09
2196.0 3.738043427924802e-09
2197.0 3.736602065004793e-09
2198.0 3.7351607020847855e-09
2199.0 3.7337193391647765e-09
2200.0 3.7322779762447675e-09
2201.0 3.730836613324759e-09
2202.0 3.729395250404751e-09
2203.0 3.727953887484743e-09
2204.0 3.726512524564734e-09
2205.0 3.7250711616447263e-09
2206.0 3.723629798724717e-09
2207.0 3.7221884358047087e-09
2208.0 3.7207470728847005e-09
2209.0 3.7193057099646924e-09
2210.0 3.7178643470446834e-09
2211.0 3.716422984124675e-09
2212.0 3.7149816212046667e-09
2213.0 3.7135402582846585e-09
2214.0 3.7120988953646495e-09
2215.0 3.7106575324446414e-09
2216.0 3.709216169524633e-09
2217.0 3.7077748066046246e-09
2218.0 3.7063334436846152e-09
2219.0 3.7048920807646083e-09
2220.0 3.7034507178445985e-09
2221.0 3.7020093549245903e-09
2222.0 3.700567992004582e-09
2223.0 3.699126629084574e-09
2224.0 3.697685266164565e-09
2225.0 3.6962439032445564e-09
2226.0 3.694802540324549e-09
2227.0 3.69336117740454e-09
2228.0 3.691919814484531e-09
2229.0 3.690478451564523e-09
2230.0 3.6890370886445152e-09
2231.0 3.6875957257245062e-09
2232.0 3.6861543628044973e-09
2233.0 3.684712999884489e-09
2234.0 3.6832716369644805e-09
2235.0 3.6818302740444724e-09
2236.0 3.680388911124464e-09
2237.0 3.6789475482044552e-09
2238.0 3.6775061852844475e-09
2239.0 3.6760648223644385e-09
2240.0 3.6746234594444303e-09
2241.0 3.673182096524421e-09
2242.0 3.671740733604413e-09
2243.0 3.6702993706844054e-09
2244.0 3.6688580077643973e-09
2245.0 3.667416644844388e-09
2246.0 3.6659752819243793e-09
2247.0 3.664533919004371e-09
2248.0 3.663092556084362e-09
2249.0 3.661651193164354e-09
2250.0 3.660209830244346e-09
2251.0 3.6587684673243373e-09
2252.0 3.657327104404329e-09
2253.0 3.65588574148432e-09
2254.0 3.6544443785643128e-09
2255.0 3.6530030156443034e-09
2256.0 3.6515616527242952e-09
2257.0 3.650120289804287e-09
2258.0 3.648678926884279e-09
2259.0 3.64723756396427e-09
2260.0 3.6457962010442613e-09
2261.0 3.644354838124253e-09
2262.0 3.6429134752042438e-09
2263.0 3.6414721122842356e-09
2264.0 3.640030749364228e-09
2265.0 3.638589386444219e-09
2266.0 3.6371480235242107e-09
2267.0 3.6357066606042017e-09
2268.0 3.6342652976841936e-09
2269.0 3.632823934764185e-09
2270.0 3.631382571844177e-09
2271.0 3.6299412089241687e-09
2272.0 3.6284998460041605e-09
2273.0 3.6270584830841515e-09
2274.0 3.625617120164143e-09
2275.0 3.624175757244135e-09
2276.0 3.622734394324126e-09
2277.0 3.6212930314041177e-09
2278.0 3.6198516684841095e-09
2279.0 3.618410305564101e-09
2280.0 3.6169689426440928e-09
2281.0 3.6155275797240838e-09
2282.0 3.6140862168040756e-09
2283.0 3.612644853884067e-09
2284.0 3.611203490964059e-09
2285.0 3.6097621280440507e-09
2286.0 3.6083207651240413e-09
2287.0 3.606879402204033e-09
2288.0 3.6054380392840246e-09
2289.0 3.6039966763640164e-09
2290.0 3.602555313444007e-09
2291.0 3.6011139505239993e-09
2292.0 3.5996725876039915e-09
2293.0 3.5982312246839825e-09
2294.0 3.5967898617639744e-09
2295.0 3.5953484988439654e-09
2296.0 3.593907135923957e-09
2297.0 3.5924657730039487e-09
2298.0 3.5910244100839405e-09
2299.0 3.5895830471639323e-09
2300.0 3.5881416842439238e-09
2301.0 3.5867003213239156e-09
2302.0 3.5852589584039066e-09
2303.0 3.5838175954838985e-09
2304.0 3.582405746134323e-09
2305.0 3.5812055150477116e-09
2306.0 3.5800052839611e-09
2307.0 3.5788050528744887e-09
2308.0 3.577604821787877e-09
2309.0 3.5764045907012644e-09
2310.0 3.575204359614654e-09
2311.0 3.574004128528042e-09
2312.0 3.57280389744143e-09
2313.0 3.571603666354818e-09
2314.0 3.5704034352682072e-09
2315.0 3.5692032041815947e-09
2316.0 3.5680029730949834e-09
2317.0 3.566802742008372e-09
2318.0 3.56560251092176e-09
2319.0 3.5644022798351487e-09
2320.0 3.563202048748538e-09
2321.0 3.5620018176619258e-09
2322.0 3.560801586575314e-09
2323.0 3.5596013554887015e-09
2324.0 3.558401124402091e-09
2325.0 3.55720089331548e-09
2326.0 3.5560006622288677e-09
2327.0 3.5548004311422556e-09
2328.0 3.5536002000556443e-09
2329.0 3.552399968969033e-09
2330.0 3.5511997378824205e-09
2331.0 3.5499995067958096e-09
2332.0 3.548799275709197e-09
2333.0 3.547599044622586e-09
2334.0 3.5463988135359746e-09
2335.0 3.5451985824493633e-09
2336.0 3.543998351362751e-09
2337.0 3.54279812027614e-09
2338.0 3.5415978891895274e-09
2339.0 3.540397658102917e-09
2340.0 3.539197427016305e-09
2341.0 3.537997195929693e-09
2342.0 3.5367969648430814e-09
2343.0 3.53559673375647e-09
2344.0 3.534396502669859e-09
2345.0 3.5331962715832467e-09
2346.0 3.5319960404966346e-09
2347.0 3.530795809410023e-09
2348.0 3.5295955783234117e-09
2349.0 3.5283953472368004e-09
2350.0 3.527195116150188e-09
2351.0 3.5259948850635766e-09
2352.0 3.524794653976965e-09
2353.0 3.523594422890353e-09
2354.0 3.522394191803742e-09
2355.0 3.5211939607171298e-09
2356.0 3.519993729630519e-09
2357.0 3.5187934985439064e-09
2358.0 3.517593267457295e-09
2359.0 3.5163930363706834e-09
2360.0 3.5151928052840717e-09
2361.0 3.5139925741974605e-09
2362.0 3.5127923431108488e-09
2363.0 3.5115921120242375e-09
2364.0 3.5103918809376258e-09
2365.0 3.5091916498510145e-09
2366.0 3.507991418764403e-09
2367.0 3.5067911876777915e-09
2368.0 3.50559095659118e-09
2369.0 3.5043907255045673e-09
2370.0 3.503190494417957e-09
2371.0 3.5019902633313447e-09
2372.0 3.500790032244733e-09
2373.0 3.4995898011581214e-09
2374.0 3.49838957007151e-09
2375.0 3.4971893389848976e-09
2376.0 3.4959891078982863e-09
2377.0 3.4947888768116746e-09
2378.0 3.493588645725063e-09
2379.0 3.4923884146384516e-09
2380.0 3.4911881835518403e-09
2381.0 3.4899879524652286e-09
2382.0 3.488787721378617e-09
2383.0 3.4875874902920044e-09
2384.0 3.486387259205394e-09
2385.0 3.485187028118782e-09
2386.0 3.4839867970321706e-09
2387.0 3.4827865659455593e-09
2388.0 3.481586334858947e-09
2389.0 3.480386103772336e-09
2390.0 3.4791858726857234e-09
2391.0 3.4779856415991125e-09
2392.0 3.4767854105125e-09
2393.0 3.4755851794258887e-09
2394.0 3.4743849483392774e-09
2395.0 3.473184717252666e-09
2396.0 3.471984486166054e-09
2397.0 3.4707842550794428e-09
2398.0 3.4695840239928302e-09
2399.0 3.4683837929062198e-09
2400.0 3.4671835618196077e-09
2401.0 3.4659833307329956e-09
2402.0 3.4647830996463843e-09
2403.0 3.463582868559773e-09
2404.0 3.4623826374731617e-09
2405.0 3.4611824063865496e-09
2406.0 3.4599821752999375e-09
2407.0 3.458781944213326e-09
2408.0 3.4575817131267145e-09
2409.0 3.4563814820401032e-09
2410.0 3.4551812509534907e-09
2411.0 3.453981019866879e-09
2412.0 3.4527807887802677e-09
2413.0 3.451580557693656e-09
2414.0 3.450380326607044e-09
2415.0 3.449180095520433e-09
2416.0 3.4479798644338214e-09
2417.0 3.4467796333472093e-09
2418.0 3.445579402260598e-09
2419.0 3.4443791711739863e-09
2420.0 3.4431789400873746e-09
2421.0 3.4419787090007633e-09
2422.0 3.4407784779141516e-09
2423.0 3.4395782468275403e-09
2424.0 3.4383780157409286e-09
2425.0 3.437177784654317e-09
2426.0 3.4359775535677057e-09
2427.0 3.4347773224810944e-09
2428.0 3.4335770913944823e-09
2429.0 3.432376860307871e-09
2430.0 3.4311766292212597e-09
2431.0 3.429976398134647e-09
2432.0 3.428776167048036e-09
2433.0 3.4275759359614242e-09
2434.0 3.4263757048748125e-09
2435.0 3.4251754737882004e-09
2436.0 3.423975242701589e-09
2437.0 3.422775011614977e-09
2438.0 3.4215747805283657e-09
2439.0 3.4203745494417545e-09
2440.0 3.4191743183551428e-09
2441.0 3.4179740872685315e-09
2442.0 3.41677385618192e-09
2443.0 3.415573625095308e-09
2444.0 3.414373394008697e-09
2445.0 3.4131731629220855e-09
2446.0 3.411972931835473e-09
2447.0 3.410772700748862e-09
2448.0 3.40957246966225e-09
2449.0 3.4083722385756383e-09
2450.0 3.4071720074890262e-09
2451.0 3.4059717764024154e-09
2452.0 3.404771545315803e-09
2453.0 3.4035713142291916e-09
2454.0 3.4023710831425803e-09
2455.0 3.4011708520559686e-09
2456.0 3.399970620969357e-09
2457.0 3.3987703898827456e-09
2458.0 3.397570158796133e-09
2459.0 3.3963699277095226e-09
2460.0 3.3951696966229105e-09
2461.0 3.3939694655362984e-09
2462.0 3.392769234449687e-09
2463.0 3.391569003363076e-09
2464.0 3.390368772276464e-09
2465.0 3.3891685411898525e-09
2466.0 3.3879683101032404e-09
2467.0 3.3867680790166287e-09
2468.0 3.3855678479300174e-09
2469.0 3.384367616843406e-09
2470.0 3.3831673857567936e-09
2471.0 3.3819671546701827e-09
2472.0 3.3807669235835706e-09
2473.0 3.379566692496959e-09
2474.0 3.378366461410347e-09
2475.0 3.377166230323736e-09
2476.0 3.3759659992371242e-09
2477.0 3.374765768150512e-09
2478.0 3.373565537063901e-09
2479.0 3.372365305977289e-09
2480.0 3.3711650748906775e-09
2481.0 3.369964843804066e-09
2482.0 3.368839594624248e-09
2483.0 3.3677517073511125e-09
2484.0 3.3666638200779763e-09
2485.0 3.365575932804841e-09
2486.0 3.3644880455317056e-09
2487.0 3.36340015825857e-09
2488.0 3.3623122709854345e-09
2489.0 3.3612243837122987e-09
2490.0 3.360136496439163e-09
2491.0 3.359048609166028e-09
2492.0 3.357960721892892e-09
2493.0 3.356872834619756e-09
2494.0 3.3557849473466206e-09
2495.0 3.354697060073485e-09
2496.0 3.3536091728003494e-09
2497.0 3.3525212855272137e-09
2498.0 3.3514333982540787e-09
2499.0 3.350345510980943e-09
2500.0 3.3492576237078063e-09
2501.0 3.3481697364346718e-09
2502.0 3.3470818491615364e-09
2503.0 3.3459939618883998e-09
2504.0 3.3449060746152644e-09
2505.0 3.343818187342128e-09
2506.0 3.3427303000689937e-09
2507.0 3.341642412795858e-09
2508.0 3.340554525522722e-09
2509.0 3.339466638249586e-09
2510.0 3.33837875097645e-09
2511.0 3.337290863703316e-09
2512.0 3.33620297643018e-09
2513.0 3.335115089157044e-09
2514.0 3.3340272018839087e-09
2515.0 3.332939314610772e-09
2516.0 3.331851427337637e-09
2517.0 3.3307635400645017e-09
2518.0 3.329675652791366e-09
2519.0 3.3285877655182297e-09
2520.0 3.3274998782450944e-09
2521.0 3.32641199097196e-09
2522.0 3.3253241036988236e-09
2523.0 3.324236216425688e-09
2524.0 3.323148329152552e-09
2525.0 3.3220604418794163e-09
2526.0 3.3209725546062813e-09
2527.0 3.319884667333146e-09
2528.0 3.3187967800600098e-09
2529.0 3.317708892786874e-09
2530.0 3.3166210055137378e-09
2531.0 3.315533118240603e-09
2532.0 3.314445230967467e-09
2533.0 3.313357343694332e-09
2534.0 3.3122694564211963e-09
2535.0 3.31118156914806e-09
2536.0 3.3100936818749243e-09
2537.0 3.3090057946017898e-09
2538.0 3.3079179073286536e-09
2539.0 3.3068300200555174e-09
2540.0 3.3057421327823816e-09
2541.0 3.304654245509247e-09
2542.0 3.3035663582361113e-09
2543.0 3.302478470962975e-09
2544.0 3.30139058368984e-09
2545.0 3.300302696416704e-09
2546.0 3.299214809143568e-09
2547.0 3.298126921870433e-09
2548.0 3.297039034597298e-09
2549.0 3.2959511473241616e-09
2550.0 3.2948632600510263e-09
2551.0 3.29377537277789e-09
2552.0 3.292687485504755e-09
2553.0 3.291599598231619e-09
2554.0 3.2905117109584836e-09
2555.0 3.2894238236853478e-09
2556.0 3.2883359364122124e-09
2557.0 3.287248049139077e-09
2558.0 3.2861601618659412e-09
2559.0 3.285072274592805e-09
2560.0 3.2839843873196705e-09
2561.0 3.2828965000465343e-09
2562.0 3.281808612773399e-09
2563.0 3.280720725500263e-09
2564.0 3.2796328382271274e-09
2565.0 3.2785449509539916e-09
2566.0 3.2774570636808562e-09
2567.0 3.2763691764077213e-09
2568.0 3.2752812891345855e-09
2569.0 3.2741934018614493e-09
2570.0 3.273105514588314e-09
2571.0 3.272017627315178e-09
2572.0 3.2709297400420428e-09
2573.0 3.269841852768907e-09
2574.0 3.268753965495771e-09
2575.0 3.267666078222636e-09
2576.0 3.2665781909495005e-09
2577.0 3.2654903036763647e-09
2578.0 3.2644024164032285e-09
2579.0 3.263314529130093e-09
2580.0 3.2622266418569578e-09
2581.0 3.2611387545838224e-09
2582.0 3.2600508673106866e-09
2583.0 3.2589629800375512e-09
2584.0 3.257875092764415e-09
2585.0 3.2567872054912797e-09
2586.0 3.2556993182181443e-09
2587.0 3.254611430945008e-09
2588.0 3.2535235436718727e-09
2589.0 3.2524356563987374e-09
2590.0 3.2513477691256016e-09
2591.0 3.2502598818524662e-09
2592.0 3.2491719945793304e-09
2593.0 3.2480841073061946e-09
2594.0 3.246996220033059e-09
2595.0 3.245908332759924e-09
2596.0 3.2448204454867885e-09
2597.0 3.2437325582136523e-09
2598.0 3.2426446709405174e-09
2599.0 3.241556783667381e-09
2600.0 3.2404688963942454e-09
2601.0 3.2393810091211096e-09
2602.0 3.2382931218479747e-09
2603.0 3.237205234574839e-09
2604.0 3.2361173473017027e-09
2605.0 3.235029460028567e-09
2606.0 3.2339415727554324e-09
2607.0 3.232853685482296e-09
2608.0 3.231765798209161e-09
2609.0 3.230677910936025e-09
2610.0 3.2295900236628896e-09
2611.0 3.228502136389754e-09
2612.0 3.2274142491166177e-09
2613.0 3.226326361843482e-09
2614.0 3.2252384745703465e-09
2615.0 3.2241505872972107e-09
2616.0 3.2230627000240758e-09
2617.0 3.22197481275094e-09
2618.0 3.2208869254778046e-09
2619.0 3.219799038204669e-09
2620.0 3.2187111509315326e-09
2621.0 3.2176232636583977e-09
2622.0 3.2165353763852615e-09
2623.0 3.215447489112126e-09
2624.0 3.2143596018389903e-09
2625.0 3.213271714565855e-09
2626.0 3.2121838272927196e-09
2627.0 3.211095940019584e-09
2628.0 3.2100080527464476e-09
2629.0 3.208920165473313e-09
2630.0 3.2078322782001765e-09
2631.0 3.2067443909270415e-09
2632.0 3.2056565036539057e-09
2633.0 3.20456861638077e-09
2634.0 3.203480729107634e-09
2635.0 3.202392841834499e-09
2636.0 3.2013049545613626e-09
2637.0 3.200217067288228e-09
2638.0 3.199129180015092e-09
2639.0 3.1980412927419565e-09
2640.0 3.1969534054688207e-09
2641.0 3.1958655181956854e-09
2642.0 3.1947776309225496e-09
2643.0 3.1936897436494138e-09
2644.0 3.1926018563762784e-09
2645.0 3.191513969103143e-09
2646.0 3.190426081830007e-09
2647.0 3.189338194556872e-09
2648.0 3.1882503072837357e-09
2649.0 3.1871624200106007e-09
2650.0 3.186074532737465e-09
2651.0 3.184986645464329e-09
2652.0 3.183898758191194e-09
2653.0 3.1828108709180576e-09
2654.0 3.181722983644922e-09
2655.0 3.180635096371787e-09
2656.0 3.1795472090986507e-09
2657.0 3.178459321825516e-09
2658.0 3.1773714345523795e-09
2659.0 3.176283547279244e-09
2660.0 3.1751956600061088e-09
2661.0 3.174107772732973e-09
2662.0 3.1730198854598372e-09
2663.0 3.171931998186701e-09
2664.0 3.1708441109135665e-09
2665.0 3.169756223640431e-09
2666.0 3.168668336367295e-09
2667.0 3.167580449094159e-09
2668.0 3.1664925618210234e-09
2669.0 3.165404674547888e-09
2670.0 3.1643167872747526e-09
2671.0 3.1632289000016164e-09
2672.0 3.162141012728481e-09
2673.0 3.1611178154240825e-09
2674.0 3.160148823109063e-09
2675.0 3.159179830794044e-09
2676.0 3.1582108384790254e-09
2677.0 3.1572418461640065e-09
2678.0 3.1562728538489876e-09
2679.0 3.1553038615339683e-09
2680.0 3.1543348692189498e-09
2681.0 3.1533658769039296e-09
2682.0 3.152396884588911e-09
2683.0 3.1514278922738923e-09
2684.0 3.1504588999588734e-09
2685.0 3.149489907643855e-09
2686.0 3.1485209153288364e-09
2687.0 3.147551923013817e-09
2688.0 3.1465829306987978e-09
2689.0 3.1456139383837793e-09
2690.0 3.1446449460687608e-09
2691.0 3.143675953753742e-09
2692.0 3.1427069614387234e-09
2693.0 3.141737969123704e-09
2694.0 3.140768976808685e-09
2695.0 3.139799984493666e-09
2696.0 3.1388309921786474e-09
2697.0 3.1378619998636285e-09
2698.0 3.1368930075486096e-09
2699.0 3.1359240152335907e-09
2700.0 3.1349550229185714e-09
2701.0 3.1339860306035525e-09
2702.0 3.133017038288533e-09
2703.0 3.1320480459735143e-09
2704.0 3.1310790536584958e-09
2705.0 3.1301100613434765e-09
2706.0 3.129141069028458e-09
2707.0 3.128172076713439e-09
2708.0 3.1272030843984206e-09
2709.0 3.1262340920834017e-09
2710.0 3.125265099768383e-09
2711.0 3.1242961074533635e-09
2712.0 3.123327115138345e-09
2713.0 3.122358122823326e-09
2714.0 3.1213891305083068e-09
2715.0 3.1204201381932883e-09
2716.0 3.1194511458782694e-09
2717.0 3.1184821535632505e-09
2718.0 3.1175131612482316e-09
2719.0 3.1165441689332123e-09
2720.0 3.115575176618194e-09
2721.0 3.1146061843031745e-09
2722.0 3.1136371919881556e-09
2723.0 3.1126681996731363e-09
2724.0 3.1116992073581182e-09
2725.0 3.1107302150430997e-09
2726.0 3.10976122272808e-09
2727.0 3.1087922304130607e-09
2728.0 3.107823238098042e-09
2729.0 3.1068542457830233e-09
2730.0 3.105885253468005e-09
2731.0 3.1049162611529863e-09
2732.0 3.103947268837967e-09
2733.0 3.1029782765229477e-09
2734.0 3.102009284207929e-09
2735.0 3.1010402918929103e-09
2736.0 3.1000712995778914e-09
2737.0 3.099102307262872e-09
2738.0 3.0981333149478536e-09
2739.0 3.097164322632834e-09
2740.0 3.0961953303178154e-09
2741.0 3.0952263380027965e-09
2742.0 3.0942573456877776e-09
2743.0 3.093288353372759e-09
2744.0 3.0923193610577402e-09
2745.0 3.0913503687427213e-09
2746.0 3.090381376427702e-09
2747.0 3.089412384112683e-09
2748.0 3.0884433917976642e-09
2749.0 3.0874743994826457e-09
2750.0 3.0865054071676272e-09
2751.0 3.085536414852608e-09
2752.0 3.084567422537589e-09
2753.0 3.0835984302225697e-09
2754.0 3.0826294379075512e-09
2755.0 3.0816604455925323e-09
2756.0 3.0806914532775134e-09
2757.0 3.0797224609624945e-09
2758.0 3.0787534686474752e-09
2759.0 3.0777844763324563e-09
2760.0 3.0768154840174374e-09
2761.0 3.0758464917024185e-09
2762.0 3.0748774993874e-09
2763.0 3.0739085070723807e-09
2764.0 3.0729395147573622e-09
2765.0 3.0719705224423433e-09
2766.0 3.0710015301273236e-09
2767.0 3.0700325378123047e-09
2768.0 3.0690635454972862e-09
2769.0 3.0680945531822673e-09
2770.0 3.0671255608672497e-09
2771.0 3.0661565685522303e-09
2772.0 3.0651875762372106e-09
2773.0 3.064218583922192e-09
2774.0 3.0632495916071732e-09
2775.0 3.0622805992921543e-09
2776.0 3.061311606977135e-09
2777.0 3.0603426146621165e-09
2778.0 3.059373622347097e-09
2779.0 3.0584046300320783e-09
2780.0 3.0574356377170594e-09
2781.0 3.0564666454020405e-09
2782.0 3.055497653087022e-09
2783.0 3.0545286607720036e-09
2784.0 3.0535596684569842e-09
2785.0 3.052590676141965e-09
2786.0 3.0516216838269464e-09
2787.0 3.0506526915119275e-09
2788.0 3.049683699196908e-09
2789.0 3.0487147068818893e-09
2790.0 3.047745714566871e-09
2791.0 3.046776722251852e-09
2792.0 3.0458077299368326e-09
2793.0 3.044838737621814e-09
2794.0 3.0438697453067952e-09
2795.0 3.0429007529917763e-09
2796.0 3.0419317606767574e-09
2797.0 3.040962768361738e-09
2798.0 3.0399937760467192e-09
2799.0 3.0390247837317003e-09
2800.0 3.0380557914166814e-09
2801.0 3.037086799101663e-09
2802.0 3.0361178067866436e-09
2803.0 3.035148814471625e-09
2804.0 3.0341798221566063e-09
2805.0 3.0332108298415874e-09
2806.0 3.0322418375265685e-09
2807.0 3.0312728452115487e-09
2808.0 3.0303038528965307e-09
2809.0 3.0293348605815113e-09
2810.0 3.0283658682664933e-09
2811.0 3.0273968759514735e-09
2812.0 3.026427883636455e-09
2813.0 3.025458891321436e-09
2814.0 3.0244898990064173e-09
2815.0 3.0235209066913984e-09
2816.0 3.022551914376379e-09
2817.0 3.0215829220613606e-09
2818.0 3.0206139297463412e-09
2819.0 3.0196449374313223e-09
2820.0 3.0186759451163034e-09
2821.0 3.017706952801285e-09
2822.0 3.0167379604862665e-09
2823.0 3.015768968171247e-09
2824.0 3.014799975856228e-09
2825.0 3.0138309835412094e-09
2826.0 3.0128619912261905e-09
2827.0 3.0118929989111716e-09
2828.0 3.0109240065961527e-09
2829.0 3.009955014281134e-09
2830.0 3.0089860219661145e-09
2831.0 3.0080170296510956e-09
2832.0 3.007048037336077e-09
2833.0 3.006079045021058e-09
2834.0 3.005110052706039e-09
2835.0 3.0041410603910204e-09
2836.0 3.0031720680760006e-09
2837.0 3.002203075760982e-09
2838.0 3.0012340834459633e-09
2839.0 3.0002650911309444e-09
2840.0 2.999296098815926e-09
2841.0 2.9983271065009066e-09
2842.0 2.997358114185888e-09
2843.0 2.996389121870869e-09
2844.0 2.9954201295558503e-09
2845.0 2.9944511372408314e-09
2846.0 2.993482144925812e-09
2847.0 2.9925131526107936e-09
2848.0 2.9915441602957747e-09
2849.0 2.990575167980756e-09
2850.0 2.989606175665737e-09
2851.0 2.9886371833507184e-09
2852.0 2.9876681910356995e-09
2853.0 2.98669919872068e-09
2854.0 2.9857302064056613e-09
2855.0 2.984761214090642e-09
2856.0 2.983792221775623e-09
2857.0 2.982823229460604e-09
2858.0 2.9818542371455853e-09
2859.0 2.9808852448305668e-09
2860.0 2.9799162525155475e-09
2861.0 2.978947260200529e-09
2862.0 2.97797826788551e-09
2863.0 2.9770092755704908e-09
2864.0 2.976040283255472e-09
2865.0 2.9750712909404534e-09
2866.0 2.9741022986254345e-09
2867.0 2.9731333063104156e-09
2868.0 2.972164313995397e-09
2869.0 2.9711953216803778e-09
2870.0 2.970226329365359e-09
2871.0 2.969257337050339e-09
2872.0 2.9682883447353215e-09
2873.0 2.9673193524203026e-09
2874.0 2.9663503601052833e-09
2875.0 2.9653813677902636e-09
2876.0 2.964412375475245e-09
2877.0 2.963443383160226e-09
2878.0 2.9624743908452073e-09
2879.0 2.9615949937087714e-09
2880.0 2.9607540714278803e-09
2881.0 2.9599131491469896e-09
2882.0 2.959072226866098e-09
2883.0 2.958231304585207e-09
2884.0 2.957390382304316e-09
2885.0 2.9565494600234247e-09
2886.0 2.9557085377425344e-09
2887.0 2.954867615461643e-09
2888.0 2.954026693180752e-09
2889.0 2.9531857708998606e-09
2890.0 2.9523448486189695e-09
2891.0 2.951503926338079e-09
2892.0 2.950663004057188e-09
2893.0 2.9498220817762966e-09
2894.0 2.948981159495406e-09
2895.0 2.9481402372145143e-09
2896.0 2.947299314933624e-09
2897.0 2.9464583926527325e-09
2898.0 2.9456174703718418e-09
2899.0 2.9447765480909503e-09
2900.0 2.943935625810059e-09
2901.0 2.9430947035291684e-09
2902.0 2.9422537812482773e-09
2903.0 2.9414128589673866e-09
2904.0 2.9405719366864947e-09
2905.0 2.9397310144056044e-09
2906.0 2.9388900921247132e-09
2907.0 2.9380491698438225e-09
2908.0 2.937208247562931e-09
2909.0 2.93636732528204e-09
2910.0 2.9355264030011488e-09
2911.0 2.934685480720258e-09
2912.0 2.9338445584393674e-09
2913.0 2.933003636158476e-09
2914.0 2.9321627138775843e-09
2915.0 2.931321791596693e-09
2916.0 2.930480869315803e-09
2917.0 2.9296399470349118e-09
2918.0 2.928799024754021e-09
2919.0 2.9279581024731295e-09
2920.0 2.927117180192239e-09
2921.0 2.9262762579113477e-09
2922.0 2.925435335630456e-09
2923.0 2.9245944133495655e-09
2924.0 2.9237534910686743e-09
2925.0 2.9229125687877832e-09
2926.0 2.922071646506893e-09
2927.0 2.9212307242260014e-09
2928.0 2.9203898019451103e-09
2929.0 2.9195488796642196e-09
2930.0 2.9187079573833276e-09
2931.0 2.9178670351024373e-09
2932.0 2.917026112821546e-09
2933.0 2.916185190540655e-09
2934.0 2.915344268259764e-09
2935.0 2.9145033459788724e-09
2936.0 2.913662423697982e-09
2937.0 2.9128215014170906e-09
2938.0 2.9119805791362003e-09
2939.0 2.9111396568553084e-09
2940.0 2.9102987345744177e-09
2941.0 2.909457812293526e-09
2942.0 2.908616890012636e-09
2943.0 2.9077759677317447e-09
2944.0 2.9069350454508536e-09
2945.0 2.906094123169963e-09
2946.0 2.905253200889071e-09
2947.0 2.9044122786081807e-09
2948.0 2.9035713563272895e-09
2949.0 2.9027304340463984e-09
2950.0 2.9018895117655073e-09
2951.0 2.901048589484616e-09
2952.0 2.900207667203725e-09
2953.0 2.899366744922834e-09
2954.0 2.8985258226419436e-09
2955.0 2.8976849003610525e-09
2956.0 2.8968439780801614e-09
2957.0 2.8960030557992707e-09
2958.0 2.8951621335183788e-09
2959.0 2.894321211237488e-09
2960.0 2.8934802889565973e-09
2961.0 2.892639366675706e-09
2962.0 2.891798444394815e-09
2963.0 2.8909575221139236e-09
2964.0 2.890116599833033e-09
2965.0 2.8892756775521413e-09
2966.0 2.8884347552712506e-09
2967.0 2.8875938329903595e-09
2968.0 2.8867529107094684e-09
2969.0 2.8859119884285777e-09
2970.0 2.8850710661476866e-09
2971.0 2.884230143866796e-09
2972.0 2.883389221585904e-09
2973.0 2.8825482993050136e-09
2974.0 2.8817073770241225e-09
2975.0 2.8808664547432318e-09
2976.0 2.8800255324623403e-09
2977.0 2.879184610181449e-09
2978.0 2.878343687900558e-09
2979.0 2.8775027656196673e-09
2980.0 2.8766618433387766e-09
2981.0 2.875820921057885e-09
2982.0 2.874979998776993e-09
2983.0 2.8741390764961024e-09
2984.0 2.873298154215212e-09
2985.0 2.872457231934321e-09
2986.0 2.8716163096534303e-09
2987.0 2.8707753873725388e-09
2988.0 2.869934465091648e-09
2989.0 2.869093542810757e-09
2990.0 2.8682526205298662e-09
2991.0 2.8674116982489747e-09
2992.0 2.866570775968084e-09
2993.0 2.8657298536871925e-09
2994.0 2.8648889314063018e-09
2995.0 2.8640480091254106e-09
2996.0 2.8632070868445195e-09
2997.0 2.862366164563629e-09
2998.0 2.861525242282737e-09
2999.0 2.8606843200018466e-09
3000.0 2.8598433977209555e-09
3001.0 2.8590024754400648e-09
3002.0 2.8581615531591732e-09
3003.0 2.857320630878282e-09
3004.0 2.8564797085973914e-09
3005.0 2.8556387863165007e-09
3006.0 2.8547978640356096e-09
3007.0 2.8539569417547176e-09
3008.0 2.853116019473827e-09
3009.0 2.8522750971929354e-09
3010.0 2.851434174912045e-09
3011.0 2.850593252631154e-09
3012.0 2.849752330350263e-09
3013.0 2.8489114080693717e-09
3014.0 2.8480704857884806e-09
3015.0 2.84722956350759e-09
3016.0 2.846388641226699e-09
3017.0 2.8455477189458077e-09
3018.0 2.8447067966649166e-09
3019.0 2.8438658743840254e-09
3020.0 2.843024952103135e-09
3021.0 2.842184029822243e-09
3022.0 2.841343107541353e-09
3023.0 2.8405021852604618e-09
3024.0 2.8396612629795702e-09
3025.0 2.83882034069868e-09
3026.0 2.837979418417788e-09
3027.0 2.8371384961368977e-09
3028.0 2.836297573856006e-09
3029.0 2.835456651575115e-09
3030.0 2.8346157292942244e-09
3031.0 2.8337748070133324e-09
3032.0 2.832933884732442e-09
3033.0 2.832092962451551e-09
3034.0 2.83125204017066e-09
3035.0 2.8304111178897683e-09
3036.0 2.8295701956088776e-09
3037.0 2.828729273327987e-09
3038.0 2.827888351047096e-09
3039.0 2.8270474287662047e-09
3040.0 2.8262065064853136e-09
3041.0 2.825365584204423e-09
3042.0 2.8245246619235318e-09
3043.0 2.8236837396426406e-09
3044.0 2.8228428173617495e-09
3045.0 2.8220018950808584e-09
3046.0 2.821160972799967e-09
3047.0 2.8203200505190766e-09
3048.0 2.819479128238186e-09
3049.0 2.8186382059572947e-09
3050.0 2.8177972836764024e-09
3051.0 2.816956361395512e-09
3052.0 2.8161154391146214e-09
3053.0 2.8152745168337303e-09
3054.0 2.814433594552839e-09
3055.0 2.813592672271948e-09
3056.0 2.8127517499910573e-09
3057.0 2.811910827710166e-09
3058.0 2.811069905429275e-09
3059.0 2.8102289831483835e-09
3060.0 2.8093880608674933e-09
3061.0 2.8085471385866013e-09
3062.0 2.807706216305711e-09
3063.0 2.80686529402482e-09
3064.0 2.806024371743929e-09
3065.0 2.8051834494630377e-09
3066.0 2.804342527182146e-09
3067.0 2.803501604901256e-09
3068.0 2.8026606826203647e-09
3069.0 2.8018197603394736e-09
3070.0 2.8009788380585825e-09
3071.0 2.8001379157776914e-09
3072.0 2.7992969934968006e-09
3073.0 2.7984560712159095e-09
3074.0 2.797615148935019e-09
3075.0 2.7967742266541277e-09
3076.0 2.7959333043732358e-09
3077.0 2.7950923820923446e-09
3078.0 2.7942514598114543e-09
3079.0 2.7934105375305632e-09
3080.0 2.792569615249672e-09
3081.0 2.791728692968781e-09
3082.0 2.79088777068789e-09
3083.0 2.790046848406999e-09
3084.0 2.789205926126108e-09
3085.0 2.788365003845217e-09
3086.0 2.7875240815643262e-09
3087.0 2.7866831592834343e-09
3088.0 2.785842237002544e-09
3089.0 2.7850013147216524e-09
3090.0 2.784160392440762e-09
3091.0 2.7833194701598706e-09
3092.0 2.7824785478789795e-09
3093.0 2.7816376255980892e-09
3094.0 2.7807967033171973e-09
3095.0 2.7799557810363066e-09
3096.0 2.7791148587554154e-09
3097.0 2.7782739364745243e-09
3098.0 2.777433014193633e-09
3099.0 2.7765920919127425e-09
3100.0 2.7757511696318514e-09
