2.0 1.9943419642892802e-07
3.0 2.664078309389184e-07
4.0 3.275484306878948e-07
5.0 3.8302600664635335e-07
6.0 4.3313079001855947e-07
7.0 4.783363523385064e-07
8.0 5.188314736803105e-07
9.0 5.551467395623395e-07
10.0 5.875852937836722e-07
11.0 6.167553296282214e-07
12.0 6.420904074742456e-07
13.0 6.647076214425552e-07
14.0 6.845588538168745e-07
15.0 7.016622976241782e-07
16.0 7.165685577939355e-07
17.0 7.290569550526831e-07
18.0 7.391676157563234e-07
19.0 7.473999228893542e-07
20.0 7.541059750546586e-07
21.0 7.586553555192404e-07
22.0 7.61782311783315e-07
23.0 7.635393993253715e-07
24.0 7.631688301754517e-07
25.0 7.622943783238469e-07
26.0 7.595906936421193e-07
27.0 7.566012409276431e-07
28.0 7.520074318530597e-07
29.0 7.472694476881279e-07
30.0 7.409422351123394e-07
31.0 7.346150225365511e-07
32.0 7.272475709858455e-07
33.0 7.197049431738827e-07
34.0 7.118659598245731e-07
35.0 7.036748673617389e-07
36.0 6.954837748989047e-07
37.0 6.869467488131487e-07
38.0 6.783595703001602e-07
39.0 6.697512080727448e-07
40.0 6.609305899608921e-07
41.0 6.521099718490394e-07
42.0 6.433094702198557e-07
43.0 6.347033566537783e-07
44.0 6.260972430877006e-07
45.0 6.17491129521623e-07
46.0 6.092663874123648e-07
47.0 6.011006684750242e-07
48.0 5.929349495376832e-07
49.0 5.849205909611108e-07
50.0 5.771434216836826e-07
51.0 5.693662524062543e-07
52.0 5.615890831288262e-07
53.0 5.541251424131719e-07
54.0 5.468333294766976e-07
55.0 5.395415165402231e-07
56.0 5.32249703603749e-07
57.0 5.253174076032496e-07
58.0 5.186123033313147e-07
59.0 5.119071990593797e-07
60.0 5.052020947874446e-07
61.0 4.986322409942175e-07
62.0 4.924288593360073e-07
63.0 4.862254776777971e-07
64.0 4.800220960195869e-07
65.0 4.738187143613768e-07
66.0 4.678914473701777e-07
67.0 4.6215459943759416e-07
68.0 4.5641775150501073e-07
69.0 4.50680903572427e-07
70.0 4.449440556398435e-07
71.0 4.3950430776646375e-07
72.0 4.343039217313375e-07
73.0 4.291035356962112e-07
74.0 4.23903149661085e-07
75.0 4.187027636259587e-07
76.0 4.135594473957709e-07
77.0 4.088058498309243e-07
78.0 4.0405225226607744e-07
79.0 3.9929865470123075e-07
80.0 3.9454505713638407e-07
81.0 3.897914595715372e-07
82.0 3.851513150004181e-07
83.0 3.80797605519398e-07
84.0 3.7644389603837784e-07
85.0 3.7209018655735777e-07
86.0 3.6773647707633775e-07
87.0 3.6338276759531767e-07
88.0 3.5902905811429754e-07
89.0 3.551208253208789e-07
90.0 3.5121729343987e-07
91.0 3.473137615588612e-07
92.0 3.434102296778524e-07
93.0 3.3950669779684363e-07
94.0 3.3560316591583485e-07
95.0 3.317846118850783e-07
96.0 3.2828458450808925e-07
97.0 3.247845571311003e-07
98.0 3.212845297541112e-07
99.0 3.1778450237712215e-07
100.0 3.1428447500013316e-07
101.0 3.1078444762314405e-07
102.0 3.0728442024615506e-07
103.0 3.0408327695164843e-07
104.0 3.0091187574733e-07
105.0 2.977404745430116e-07
106.0 2.9456907333869327e-07
107.0 2.913976721343748e-07
108.0 2.882262709300564e-07
109.0 2.8505486972573805e-07
110.0 2.8190088481286965e-07
111.0 2.7910786710120504e-07
112.0 2.763148493895403e-07
113.0 2.7352183167787555e-07
114.0 2.707288139662107e-07
115.0 2.6793579625454605e-07
116.0 2.651427785428814e-07
117.0 2.6234976083121656e-07
118.0 2.5955674311955184e-07
119.0 2.5695618132745257e-07
120.0 2.54496778114304e-07
121.0 2.5203737490115547e-07
122.0 2.4957797168800684e-07
123.0 2.471185684748582e-07
124.0 2.4465916526170963e-07
125.0 2.421997620485611e-07
126.0 2.397403588354125e-07
127.0 2.3728095562226395e-07
128.0 2.3494418605993028e-07
129.0 2.3275406909595171e-07
130.0 2.305639521319732e-07
131.0 2.2837383516799465e-07
132.0 2.2618371820401608e-07
133.0 2.2399360124003754e-07
134.0 2.21803484276059e-07
135.0 2.1961336731208048e-07
136.0 2.1742325034810194e-07
137.0 2.152331333841234e-07
138.0 2.1322597317721797e-07
139.0 2.1132564422383383e-07
140.0 2.0942531527044972e-07
141.0 2.075249863170656e-07
142.0 2.0562465736368153e-07
143.0 2.0372432841029742e-07
144.0 2.018239994569133e-07
145.0 1.999236705035292e-07
146.0 1.980233415501451e-07
147.0 1.9612301259676098e-07
148.0 1.9423607593149674e-07
149.0 1.926004247744209e-07
150.0 1.9096477361734507e-07
151.0 1.8932912246026932e-07
152.0 1.8769347130319348e-07
153.0 1.8605782014611765e-07
154.0 1.8442216898904182e-07
155.0 1.8278651783196598e-07
156.0 1.8115086667489015e-07
157.0 1.7951521551781434e-07
158.0 1.7787956436073848e-07
159.0 1.7624391320366267e-07
160.0 1.7474232217782776e-07
161.0 1.7331138253266476e-07
162.0 1.718804428875018e-07
163.0 1.7044950324233882e-07
164.0 1.6901856359717585e-07
165.0 1.6758762395201287e-07
166.0 1.6615668430684988e-07
167.0 1.647257446616869e-07
168.0 1.6329480501652396e-07
169.0 1.618638653713609e-07
170.0 1.60432925726198e-07
171.0 1.5900198608103497e-07
172.0 1.5764930552067166e-07
173.0 1.564235555887297e-07
174.0 1.5519780565678772e-07
175.0 1.5397205572484576e-07
176.0 1.527463057929038e-07
177.0 1.515205558609618e-07
178.0 1.5029480592901982e-07
179.0 1.4906905599707786e-07
180.0 1.4784330606513586e-07
181.0 1.4661755613319395e-07
182.0 1.4539180620125195e-07
183.0 1.4416605626930996e-07
184.0 1.4294030633736794e-07
185.0 1.4174552635836194e-07
186.0 1.4071028342268992e-07
187.0 1.3967504048701798e-07
188.0 1.3863979755134596e-07
189.0 1.37604554615674e-07
190.0 1.3656931168000194e-07
191.0 1.3553406874433e-07
192.0 1.3449882580865803e-07
193.0 1.33463582872986e-07
194.0 1.3242833993731402e-07
195.0 1.3139309700164205e-07
196.0 1.3035785406597003e-07
197.0 1.2932261113029806e-07
198.0 1.282873681946261e-07
199.0 1.272521252589541e-07
200.0 1.263520589261907e-07
201.0 1.254628645041816e-07
202.0 1.2457367008217255e-07
203.0 1.236844756601634e-07
204.0 1.2279528123815435e-07
205.0 1.2190608681614526e-07
206.0 1.2101689239413622e-07
207.0 1.201276979721271e-07
208.0 1.19238503550118e-07
209.0 1.1834930912810891e-07
210.0 1.174601147060998e-07
211.0 1.1657092028409073e-07
212.0 1.1568172586208165e-07
213.0 1.1479253144007255e-07
214.0 1.1390333701806344e-07
215.0 1.1309568037064891e-07
216.0 1.1234422908104283e-07
217.0 1.115927777914368e-07
218.0 1.1084132650183077e-07
219.0 1.1008987521222473e-07
220.0 1.093384239226187e-07
221.0 1.0858697263301263e-07
222.0 1.078355213434066e-07
223.0 1.0708407005380057e-07
224.0 1.0633261876419451e-07
225.0 1.0558116747458844e-07
226.0 1.0482971618498244e-07
227.0 1.0407826489537638e-07
228.0 1.0332681360577035e-07
229.0 1.0257536231616429e-07
230.0 1.0182391102655822e-07
231.0 1.010821550233262e-07
232.0 1.0045614712208466e-07
233.0 9.983013922084308e-08
234.0 9.920413131960151e-08
235.0 9.857812341835992e-08
236.0 9.795211551711835e-08
237.0 9.73261076158768e-08
238.0 9.670009971463521e-08
239.0 9.607409181339363e-08
240.0 9.544808391215206e-08
241.0 9.48220760109105e-08
242.0 9.419606810966892e-08
243.0 9.357006020842738e-08
244.0 9.29440523071858e-08
245.0 9.231804440594421e-08
246.0 9.169203650470265e-08
247.0 9.106602860346108e-08
248.0 9.04400207022195e-08
249.0 8.984282817136955e-08
250.0 8.931598275002627e-08
251.0 8.878913732868297e-08
252.0 8.82622919073397e-08
253.0 8.77354464859964e-08
254.0 8.720860106465313e-08
255.0 8.668175564330982e-08
256.0 8.615491022196654e-08
257.0 8.562806480062326e-08
258.0 8.510121937927994e-08
259.0 8.457437395793668e-08
260.0 8.40475285365934e-08
261.0 8.35206831152501e-08
262.0 8.299383769390682e-08
263.0 8.246699227256351e-08
264.0 8.194014685122022e-08
265.0 8.141330142987695e-08
266.0 8.088645600853363e-08
267.0 8.035961058719036e-08
268.0 7.984408851011168e-08
269.0 7.940182428468122e-08
270.0 7.895956005925077e-08
271.0 7.85172958338203e-08
272.0 7.807503160838987e-08
273.0 7.76327673829594e-08
274.0 7.719050315752894e-08
275.0 7.674823893209849e-08
276.0 7.630597470666803e-08
277.0 7.586371048123758e-08
278.0 7.542144625580713e-08
279.0 7.497918203037666e-08
280.0 7.45369178049462e-08
281.0 7.409465357951575e-08
282.0 7.36523893540853e-08
283.0 7.321012512865482e-08
284.0 7.276786090322436e-08
285.0 7.232559667779392e-08
286.0 7.188333245236346e-08
287.0 7.144106822693298e-08
288.0 7.099880400150255e-08
289.0 7.059681045403645e-08
290.0 7.023482623375362e-08
291.0 6.987284201347079e-08
292.0 6.951085779318798e-08
293.0 6.914887357290514e-08
294.0 6.878688935262232e-08
295.0 6.842490513233947e-08
296.0 6.806292091205667e-08
297.0 6.770093669177382e-08
298.0 6.733895247149099e-08
299.0 6.697696825120817e-08
300.0 6.661498403092534e-08
301.0 6.625299981064251e-08
302.0 6.589101559035968e-08
303.0 6.552903137007684e-08
304.0 6.516704714979401e-08
305.0 6.48050629295112e-08
306.0 6.444307870922836e-08
307.0 6.408109448894552e-08
308.0 6.37191102686627e-08
309.0 6.335712604837986e-08
310.0 6.299514182809705e-08
311.0 6.265035527127564e-08
312.0 6.234974918868218e-08
313.0 6.204914310608874e-08
314.0 6.174853702349526e-08
315.0 6.144793094090182e-08
316.0 6.114732485830837e-08
317.0 6.08467187757149e-08
318.0 6.054611269312144e-08
319.0 6.024550661052801e-08
320.0 5.994490052793453e-08
321.0 5.964429444534108e-08
322.0 5.9343688362747615e-08
323.0 5.904308228015418e-08
324.0 5.874247619756073e-08
325.0 5.844187011496727e-08
326.0 5.8141264032373827e-08
327.0 5.784065794978036e-08
328.0 5.75400518671869e-08
329.0 5.723944578459345e-08
330.0 5.693883970199999e-08
331.0 5.663823361940653e-08
332.0 5.633762753681308e-08
333.0 5.6037021454219616e-08
334.0 5.573641537162617e-08
335.0 5.545333674218371e-08
336.0 5.5203218504965016e-08
337.0 5.49531002677463e-08
338.0 5.4702982030527614e-08
339.0 5.44528637933089e-08
340.0 5.42027455560902e-08
341.0 5.3952627318871486e-08
342.0 5.3702509081652785e-08
343.0 5.3452390844434084e-08
344.0 5.320227260721538e-08
345.0 5.295215436999667e-08
346.0 5.270203613277798e-08
347.0 5.245191789555927e-08
348.0 5.220179965834056e-08
349.0 5.195168142112187e-08
350.0 5.1701563183903166e-08
351.0 5.145144494668445e-08
352.0 5.120132670946576e-08
353.0 5.0951208472247044e-08
354.0 5.070109023502835e-08
355.0 5.045097199780964e-08
356.0 5.020085376059093e-08
357.0 4.9950735523372235e-08
358.0 4.9700617286153534e-08
359.0 4.945049904893483e-08
360.0 4.9200380811716126e-08
361.0 4.897685583597362e-08
362.0 4.877333500774464e-08
363.0 4.856981417951568e-08
364.0 4.8366293351286714e-08
365.0 4.8162772523057734e-08
366.0 4.795925169482878e-08
367.0 4.7755730866599806e-08
368.0 4.755221003837083e-08
369.0 4.7348689210141866e-08
370.0 4.71451683819129e-08
371.0 4.694164755368392e-08
372.0 4.673812672545495e-08
373.0 4.653460589722598e-08
374.0 4.633108506899702e-08
375.0 4.6127564240768044e-08
376.0 4.5924043412539084e-08
377.0 4.572052258431011e-08
378.0 4.5517001756081144e-08
379.0 4.531348092785217e-08
380.0 4.5109960099623197e-08
381.0 4.490643927139422e-08
382.0 4.470291844316527e-08
383.0 4.449939761493628e-08
384.0 4.429587678670733e-08
385.0 4.4092355958478355e-08
386.0 4.388883513024939e-08
387.0 4.368531430202041e-08
388.0 4.348179347379144e-08
389.0 4.330857466951595e-08
390.0 4.314251809037112e-08
391.0 4.2976461511226284e-08
392.0 4.281040493208147e-08
393.0 4.2644348352936626e-08
394.0 4.2478291773791803e-08
395.0 4.231223519464699e-08
396.0 4.2146178615502145e-08
397.0 4.198012203635732e-08
398.0 4.181406545721248e-08
399.0 4.1648008878067665e-08
400.0 4.148195229892284e-08
401.0 4.1315895719778007e-08
402.0 4.114983914063317e-08
403.0 4.098378256148835e-08
404.0 4.0817725982343526e-08
405.0 4.065166940319869e-08
406.0 4.048561282405386e-08
407.0 4.031955624490904e-08
408.0 4.01534996657642e-08
409.0 3.998744308661938e-08
410.0 3.982138650747455e-08
411.0 3.9655329928329716e-08
412.0 3.9489273349184894e-08
413.0 3.932321677004006e-08
414.0 3.9157160190895236e-08
415.0 3.89911036117504e-08
416.0 3.8825047032605584e-08
417.0 3.865899045346074e-08
418.0 3.849293387431592e-08
419.0 3.8353160728931736e-08
420.0 3.8216031435743873e-08
421.0 3.8078902142556e-08
422.0 3.794177284936811e-08
423.0 3.780464355618024e-08
424.0 3.766751426299236e-08
425.0 3.7530384969804486e-08
426.0 3.739325567661661e-08
427.0 3.7256126383428734e-08
428.0 3.711899709024086e-08
429.0 3.698186779705299e-08
430.0 3.684473850386511e-08
431.0 3.670760921067724e-08
432.0 3.657047991748935e-08
433.0 3.6433350624301476e-08
434.0 3.62962213311136e-08
435.0 3.615909203792572e-08
436.0 3.602196274473785e-08
437.0 3.588483345154997e-08
438.0 3.574770415836209e-08
439.0 3.561057486517422e-08
440.0 3.547344557198633e-08
441.0 3.533631627879847e-08
442.0 3.519918698561059e-08
443.0 3.506205769242271e-08
444.0 3.492492839923483e-08
445.0 3.478779910604696e-08
446.0 3.465066981285909e-08
447.0 3.45135405196712e-08
448.0 3.437641122648333e-08
449.0 3.423928193329546e-08
450.0 3.4102152640107575e-08
451.0 3.3983596537884105e-08
452.0 3.387279975527327e-08
453.0 3.376200297266244e-08
454.0 3.365120619005161e-08
455.0 3.354040940744077e-08
456.0 3.342961262482994e-08
457.0 3.33188158422191e-08
458.0 3.320801905960826e-08
459.0 3.309722227699743e-08
460.0 3.29864254943866e-08
461.0 3.2875628711775765e-08
462.0 3.276483192916491e-08
463.0 3.265403514655409e-08
464.0 3.2543238363943256e-08
465.0 3.243244158133242e-08
466.0 3.232164479872157e-08
467.0 3.2210848016110746e-08
468.0 3.210005123349992e-08
469.0 3.1989254450889076e-08
470.0 3.187845766827823e-08
471.0 3.1767660885667405e-08
472.0 3.165686410305658e-08
473.0 3.154606732044574e-08
474.0 3.143527053783489e-08
475.0 3.1324473755224064e-08
476.0 3.121367697261323e-08
477.0 3.110288019000239e-08
478.0 3.0992083407391554e-08
479.0 3.0881286624780716e-08
480.0 3.077048984216989e-08
481.0 3.065969305955905e-08
482.0 3.0548896276948206e-08
483.0 3.043809949433738e-08
484.0 3.032730271172654e-08
485.0 3.021696735295222e-08
486.0 3.012751040860014e-08
487.0 3.003805346424808e-08
488.0 2.9948596519895994e-08
489.0 2.985913957554393e-08
490.0 2.976968263119185e-08
491.0 2.968022568683978e-08
492.0 2.9590768742487703e-08
493.0 2.9501311798135635e-08
494.0 2.9411854853783557e-08
495.0 2.932239790943149e-08
496.0 2.9232940965079415e-08
497.0 2.9143484020727337e-08
498.0 2.905402707637527e-08
499.0 2.8964570132023197e-08
500.0 2.887511318767113e-08
501.0 2.8785656243319052e-08
502.0 2.8696199298966977e-08
503.0 2.8606742354614916e-08
504.0 2.8517285410262838e-08
505.0 2.8427828465910763e-08
506.0 2.8338371521558692e-08
507.0 2.824891457720661e-08
508.0 2.815945763285455e-08
509.0 2.807000068850247e-08
510.0 2.79805437441504e-08
511.0 2.789108679979833e-08
512.0 2.7801629855446255e-08
513.0 2.7712172911094184e-08
514.0 2.762271596674211e-08
515.0 2.7533259022390038e-08
516.0 2.744380207803797e-08
517.0 2.7354345133685892e-08
518.0 2.726488818933382e-08
519.0 2.717543124498175e-08
520.0 2.7085974300629678e-08
521.0 2.69965173562776e-08
522.0 2.6907060411925532e-08
523.0 2.682819165395084e-08
524.0 2.6754622924650258e-08
525.0 2.668105419534967e-08
526.0 2.6607485466049075e-08
527.0 2.653391673674849e-08
528.0 2.64603480074479e-08
529.0 2.638677927814732e-08
530.0 2.6313210548846734e-08
531.0 2.6239641819546136e-08
532.0 2.6166073090245548e-08
533.0 2.6092504360944963e-08
534.0 2.601893563164438e-08
535.0 2.5945366902343788e-08
536.0 2.58717981730432e-08
537.0 2.5798229443742612e-08
538.0 2.5724660714442027e-08
539.0 2.5651091985141433e-08
540.0 2.5577523255840845e-08
541.0 2.550395452654026e-08
542.0 2.543038579723967e-08
543.0 2.535681706793908e-08
544.0 2.5283248338638493e-08
545.0 2.5209679609337902e-08
546.0 2.513611088003732e-08
547.0 2.5062542150736733e-08
548.0 2.4988973421436142e-08
549.0 2.4915404692135554e-08
550.0 2.4841835962834963e-08
551.0 2.4768267233534375e-08
552.0 2.4694698504233787e-08
553.0 2.46211297749332e-08
554.0 2.4547561045632608e-08
555.0 2.4473992316332023e-08
556.0 2.4400423587031435e-08
557.0 2.432685485773085e-08
558.0 2.425328612843026e-08
559.0 2.4179717399129675e-08
560.0 2.410614866982908e-08
561.0 2.4032579940528496e-08
562.0 2.39590112112279e-08
563.0 2.389177505644259e-08
564.0 2.383279927747281e-08
565.0 2.3773823498503038e-08
566.0 2.3714847719533262e-08
567.0 2.3655871940563485e-08
568.0 2.3596896161593706e-08
569.0 2.3537920382623933e-08
570.0 2.3478944603654153e-08
571.0 2.3419968824684377e-08
572.0 2.3360993045714597e-08
573.0 2.330201726674482e-08
574.0 2.3243041487775048e-08
575.0 2.318406570880527e-08
576.0 2.3125089929835492e-08
577.0 2.306611415086572e-08
578.0 2.300713837189594e-08
579.0 2.2948162592926167e-08
580.0 2.288918681395639e-08
581.0 2.283021103498661e-08
582.0 2.2771235256016838e-08
583.0 2.271225947704706e-08
584.0 2.2653283698077292e-08
585.0 2.259430791910751e-08
586.0 2.2535332140137733e-08
587.0 2.2476356361167957e-08
588.0 2.241738058219818e-08
589.0 2.2358404803228404e-08
590.0 2.229942902425863e-08
591.0 2.224045324528885e-08
592.0 2.2181477466319075e-08
593.0 2.2122501687349296e-08
594.0 2.2063525908379523e-08
595.0 2.2004550129409746e-08
596.0 2.194557435043997e-08
597.0 2.1886598571470194e-08
598.0 2.1827622792500417e-08
599.0 2.1768647013530644e-08
600.0 2.1709671234560865e-08
601.0 2.165069545559109e-08
602.0 2.1591719676621312e-08
603.0 2.1532743897651536e-08
604.0 2.147376811868176e-08
605.0 2.1414792339711983e-08
606.0 2.1357013553447736e-08
607.0 2.13097052212959e-08
608.0 2.1262396889144066e-08
609.0 2.121508855699223e-08
610.0 2.116778022484039e-08
611.0 2.1120471892688557e-08
612.0 2.1073163560536714e-08
613.0 2.1025855228384884e-08
614.0 2.0978546896233044e-08
615.0 2.0931238564081208e-08
616.0 2.0883930231929378e-08
617.0 2.083662189977753e-08
618.0 2.0789313567625702e-08
619.0 2.0742005235473862e-08
620.0 2.0694696903322026e-08
621.0 2.0647388571170192e-08
622.0 2.0600080239018353e-08
623.0 2.0552771906866523e-08
624.0 2.050546357471468e-08
625.0 2.0458155242562843e-08
626.0 2.0410846910411007e-08
627.0 2.036353857825917e-08
628.0 2.031623024610734e-08
629.0 2.0268921913955497e-08
630.0 2.0221613581803664e-08
631.0 2.0174305249651825e-08
632.0 2.0126996917499988e-08
633.0 2.0079688585348155e-08
634.0 2.0032380253196312e-08
635.0 1.9985071921044485e-08
636.0 1.993776358889264e-08
637.0 1.9890455256740802e-08
638.0 1.984314692458897e-08
639.0 1.9795838592437133e-08
640.0 1.9748530260285296e-08
641.0 1.9701221928133457e-08
642.0 1.9653913595981627e-08
643.0 1.9606605263829787e-08
644.0 1.9559296931677954e-08
645.0 1.9511988599526117e-08
646.0 1.946468026737428e-08
647.0 1.9417371935222448e-08
648.0 1.9370063603070605e-08
649.0 1.9322755270918765e-08
650.0 1.9275446938766932e-08
651.0 1.92281386066151e-08
652.0 1.918083027446326e-08
653.0 1.913727135043715e-08
654.0 1.9098608928350706e-08
655.0 1.905994650626427e-08
656.0 1.9021284084177836e-08
657.0 1.8982621662091403e-08
658.0 1.894395924000496e-08
659.0 1.8905296817918524e-08
660.0 1.886663439583208e-08
661.0 1.8827971973745647e-08
662.0 1.8789309551659207e-08
663.0 1.875064712957277e-08
664.0 1.8711984707486334e-08
665.0 1.8673322285399895e-08
666.0 1.8634659863313458e-08
667.0 1.8595997441227018e-08
668.0 1.8557335019140585e-08
669.0 1.8518672597054145e-08
670.0 1.848001017496771e-08
671.0 1.8441347752881276e-08
672.0 1.8402685330794836e-08
673.0 1.8364022908708393e-08
674.0 1.8325360486621956e-08
675.0 1.8286698064535523e-08
676.0 1.8248035642449083e-08
677.0 1.8209373220362643e-08
678.0 1.8170710798276203e-08
679.0 1.813204837618977e-08
680.0 1.8093385954103334e-08
681.0 1.805472353201689e-08
682.0 1.8016061109930454e-08
683.0 1.7977398687844024e-08
684.0 1.7938736265757588e-08
685.0 1.7900073843671145e-08
686.0 1.7861411421584708e-08
687.0 1.7822748999498268e-08
688.0 1.778408657741183e-08
689.0 1.7745424155325395e-08
690.0 1.7706761733238955e-08
691.0 1.7668099311152522e-08
692.0 1.7629436889066082e-08
693.0 1.7590774466979643e-08
694.0 1.7552112044893206e-08
695.0 1.751344962280677e-08
696.0 1.747478720072033e-08
697.0 1.7436124778633893e-08
698.0 1.7397462356547457e-08
699.0 1.7358799934461017e-08
700.0 1.732013751237458e-08
701.0 1.728147509028814e-08
702.0 1.7242812668201704e-08
703.0 1.7205432321112403e-08
704.0 1.7174307840073156e-08
705.0 1.7143183359033906e-08
706.0 1.7112058877994655e-08
707.0 1.7080934396955404e-08
708.0 1.7049809915916154e-08
709.0 1.7018685434876903e-08
710.0 1.6987560953837656e-08
711.0 1.6956436472798405e-08
712.0 1.6925311991759158e-08
713.0 1.6894187510719908e-08
714.0 1.686306302968066e-08
715.0 1.683193854864141e-08
716.0 1.6800814067602156e-08
717.0 1.6769689586562912e-08
718.0 1.673856510552366e-08
719.0 1.6707440624484414e-08
720.0 1.667631614344516e-08
721.0 1.6645191662405916e-08
722.0 1.6614067181366662e-08
723.0 1.658294270032741e-08
724.0 1.6551818219288158e-08
725.0 1.652069373824891e-08
726.0 1.6489569257209663e-08
727.0 1.6458444776170413e-08
728.0 1.642732029513117e-08
729.0 1.6396195814091915e-08
730.0 1.6365071333052664e-08
731.0 1.6333946852013417e-08
732.0 1.6302822370974163e-08
733.0 1.6271697889934916e-08
734.0 1.6240573408895665e-08
735.0 1.620944892785642e-08
736.0 1.6178324446817164e-08
737.0 1.614719996577792e-08
738.0 1.6116075484738666e-08
739.0 1.6084951003699422e-08
740.0 1.6053826522660168e-08
741.0 1.6022702041620918e-08
742.0 1.599157756058167e-08
743.0 1.5960453079542416e-08
744.0 1.5929328598503172e-08
745.0 1.5898204117463922e-08
746.0 1.5867079636424675e-08
747.0 1.5835955155385424e-08
748.0 1.5804830674346173e-08
749.0 1.5773706193306926e-08
750.0 1.5742581712267672e-08
751.0 1.5711457231228425e-08
752.0 1.568033275018917e-08
753.0 1.5649208269149924e-08
754.0 1.5618083788110673e-08
755.0 1.5586959307071426e-08
756.0 1.555583482603218e-08
757.0 1.5524934259065153e-08
758.0 1.5500211466384336e-08
759.0 1.5475488673703518e-08
760.0 1.54507658810227e-08
761.0 1.542604308834188e-08
762.0 1.540132029566107e-08
763.0 1.5376597502980244e-08
764.0 1.5351874710299423e-08
765.0 1.5327151917618612e-08
766.0 1.530242912493779e-08
767.0 1.527770633225697e-08
768.0 1.5252983539576156e-08
769.0 1.5228260746895335e-08
770.0 1.520353795421452e-08
771.0 1.51788151615337e-08
772.0 1.5154092368852882e-08
773.0 1.5129369576172065e-08
774.0 1.5104646783491244e-08
775.0 1.507992399081043e-08
776.0 1.5055201198129612e-08
777.0 1.503047840544879e-08
778.0 1.5005755612767976e-08
779.0 1.4981032820087156e-08
780.0 1.4956310027406338e-08
781.0 1.493158723472552e-08
782.0 1.4906864442044703e-08
783.0 1.488214164936388e-08
784.0 1.4857418856683067e-08
785.0 1.4832696064002248e-08
786.0 1.4807973271321434e-08
787.0 1.4783250478640608e-08
788.0 1.4758527685959795e-08
789.0 1.4733804893278976e-08
790.0 1.4709082100598158e-08
791.0 1.4684359307917339e-08
792.0 1.465963651523652e-08
793.0 1.4634913722555704e-08
794.0 1.4610190929874885e-08
795.0 1.4585468137194064e-08
796.0 1.4560745344513251e-08
797.0 1.4536022551832432e-08
798.0 1.4511299759151616e-08
799.0 1.4486576966470795e-08
800.0 1.4461854173789979e-08
801.0 1.4437131381109166e-08
802.0 1.4412408588428344e-08
803.0 1.4387685795747526e-08
804.0 1.436296300306671e-08
805.0 1.4338240210385887e-08
806.0 1.4313517417705068e-08
807.0 1.4288794625024254e-08
808.0 1.4264071832343431e-08
809.0 1.4239349039662619e-08
810.0 1.42146262469818e-08
811.0 1.4189903454300982e-08
812.0 1.4165180661620162e-08
813.0 1.4140457868939346e-08
814.0 1.4115735076258527e-08
815.0 1.409101228357771e-08
816.0 1.4069570238379215e-08
817.0 1.4049340735976583e-08
818.0 1.4029111233573946e-08
819.0 1.4008881731171309e-08
820.0 1.3988652228768674e-08
821.0 1.3968422726366035e-08
822.0 1.39481932239634e-08
823.0 1.3927963721560764e-08
824.0 1.3907734219158129e-08
825.0 1.3887504716755494e-08
826.0 1.3867275214352862e-08
827.0 1.3847045711950223e-08
828.0 1.3826816209547588e-08
829.0 1.3806586707144953e-08
830.0 1.3786357204742317e-08
831.0 1.3766127702339679e-08
832.0 1.3745898199937047e-08
833.0 1.372566869753441e-08
834.0 1.3705439195131773e-08
835.0 1.3685209692729139e-08
836.0 1.3664980190326504e-08
837.0 1.3644750687923867e-08
838.0 1.362452118552123e-08
839.0 1.3604291683118595e-08
840.0 1.3584062180715958e-08
841.0 1.3563832678313322e-08
842.0 1.3543603175910689e-08
843.0 1.352337367350805e-08
844.0 1.3503144171105418e-08
845.0 1.3482914668702783e-08
846.0 1.3462685166300144e-08
847.0 1.3442455663897509e-08
848.0 1.3422226161494872e-08
849.0 1.3401996659092235e-08
850.0 1.3381767156689601e-08
851.0 1.3361537654286964e-08
852.0 1.3341308151884329e-08
853.0 1.3321078649481697e-08
854.0 1.3300849147079058e-08
855.0 1.3280619644676426e-08
856.0 1.3260390142273788e-08
857.0 1.3240160639871149e-08
858.0 1.3219931137468514e-08
859.0 1.3199701635065882e-08
860.0 1.3179472132663245e-08
861.0 1.3159242630260608e-08
862.0 1.3139013127857974e-08
863.0 1.3118783625455339e-08
864.0 1.3098554123052702e-08
865.0 1.3078324620650065e-08
866.0 1.3058095118247431e-08
867.0 1.3037865615844793e-08
868.0 1.3017636113442159e-08
869.0 1.2997406611039524e-08
870.0 1.2977177108636887e-08
871.0 1.2956947606234253e-08
872.0 1.2936718103831618e-08
873.0 1.291648860142898e-08
874.0 1.2896259099026344e-08
875.0 1.287602959662371e-08
876.0 1.285580009422107e-08
877.0 1.283557059181844e-08
878.0 1.28153410894158e-08
879.0 1.2798785885641492e-08
880.0 1.278248859237084e-08
881.0 1.2766191299100193e-08
882.0 1.2749894005829545e-08
883.0 1.2733596712558895e-08
884.0 1.2717299419288249e-08
885.0 1.2701002126017598e-08
886.0 1.2684704832746951e-08
887.0 1.2668407539476304e-08
888.0 1.2652110246205654e-08
889.0 1.2635812952935004e-08
890.0 1.261951565966436e-08
891.0 1.2603218366393712e-08
892.0 1.2586921073123064e-08
893.0 1.257062377985241e-08
894.0 1.2554326486581767e-08
895.0 1.2538029193311117e-08
896.0 1.2521731900040469e-08
897.0 1.250543460676982e-08
898.0 1.248913731349917e-08
899.0 1.2472840020228524e-08
900.0 1.2456542726957876e-08
901.0 1.2440245433687226e-08
902.0 1.242394814041658e-08
903.0 1.240765084714593e-08
904.0 1.2391353553875283e-08
905.0 1.2375056260604633e-08
906.0 1.2358758967333985e-08
907.0 1.2342461674063339e-08
908.0 1.232616438079269e-08
909.0 1.230986708752204e-08
910.0 1.2293569794251393e-08
911.0 1.2277272500980746e-08
912.0 1.2260975207710094e-08
913.0 1.2244677914439448e-08
914.0 1.22283806211688e-08
915.0 1.2212083327898154e-08
916.0 1.2195786034627501e-08
917.0 1.2179488741356855e-08
918.0 1.2163191448086205e-08
919.0 1.2146894154815559e-08
920.0 1.2130596861544911e-08
921.0 1.2114299568274262e-08
922.0 1.2098002275003612e-08
923.0 1.2081704981732967e-08
924.0 1.2065407688462316e-08
925.0 1.2049110395191672e-08
926.0 1.2032813101921017e-08
927.0 1.2016515808650374e-08
928.0 1.2000218515379725e-08
929.0 1.1983921222109077e-08
930.0 1.1967623928838427e-08
931.0 1.195132663556778e-08
932.0 1.1935029342297131e-08
933.0 1.1918732049026482e-08
934.0 1.1902434755755834e-08
935.0 1.1886137462485188e-08
936.0 1.186984016921454e-08
937.0 1.1853542875943888e-08
938.0 1.183724558267324e-08
939.0 1.1820948289402593e-08
940.0 1.1804650996131946e-08
941.0 1.1788353702861297e-08
942.0 1.1772056409590647e-08
943.0 1.1755759116320001e-08
944.0 1.1739461823049353e-08
945.0 1.1723164529778704e-08
946.0 1.1707848282924811e-08
947.0 1.1694800891833518e-08
948.0 1.1681753500742228e-08
949.0 1.1668706109650937e-08
950.0 1.1655658718559642e-08
951.0 1.1642611327468353e-08
952.0 1.1629563936377056e-08
953.0 1.1616516545285767e-08
954.0 1.1603469154194474e-08
955.0 1.1590421763103179e-08
956.0 1.157737437201189e-08
957.0 1.1564326980920598e-08
958.0 1.1551279589829303e-08
959.0 1.153823219873801e-08
960.0 1.1525184807646719e-08
961.0 1.1512137416555426e-08
962.0 1.1499090025464133e-08
963.0 1.1486042634372843e-08
964.0 1.1472995243281552e-08
965.0 1.1459947852190259e-08
966.0 1.1446900461098968e-08
967.0 1.1433853070007676e-08
968.0 1.1420805678916383e-08
969.0 1.1407758287825089e-08
970.0 1.1394710896733797e-08
971.0 1.1381663505642506e-08
972.0 1.1368616114551211e-08
973.0 1.135556872345992e-08
974.0 1.1342521332368627e-08
975.0 1.1329473941277337e-08
976.0 1.1316426550186044e-08
977.0 1.1303379159094751e-08
978.0 1.1290331768003458e-08
979.0 1.1277284376912167e-08
980.0 1.1264236985820874e-08
981.0 1.1251189594729584e-08
982.0 1.123814220363829e-08
983.0 1.1225094812546998e-08
984.0 1.1212047421455705e-08
985.0 1.1199000030364415e-08
986.0 1.1185952639273121e-08
987.0 1.117290524818183e-08
988.0 1.115985785709054e-08
989.0 1.1146810465999245e-08
990.0 1.1133763074907952e-08
991.0 1.112071568381666e-08
992.0 1.1107668292725368e-08
993.0 1.1094620901634078e-08
994.0 1.1081573510542783e-08
995.0 1.1068526119451492e-08
996.0 1.1055478728360199e-08
997.0 1.1042431337268908e-08
998.0 1.1029383946177618e-08
999.0 1.101633655508632e-08
1000.0 1.100328916399503e-08
1001.0 1.0990241772903736e-08
1002.0 1.0977194381812446e-08
1003.0 1.0964146990721151e-08
1004.0 1.0951099599629862e-08
1005.0 1.0938052208538567e-08
1006.0 1.0925004817447276e-08
1007.0 1.0911957426355984e-08
1008.0 1.0898910035264691e-08
1009.0 1.0885862644173398e-08
1010.0 1.0872815253082109e-08
1011.0 1.0859767861990814e-08
1012.0 1.0846720470899524e-08
1013.0 1.083367307980823e-08
1014.0 1.0820625688716938e-08
1015.0 1.0807578297625645e-08
1016.0 1.0794530906534356e-08
1017.0 1.0781483515443061e-08
1018.0 1.076843612435177e-08
1019.0 1.0756470212713635e-08
1020.0 1.0745774031284255e-08
1021.0 1.0735077849854875e-08
1022.0 1.0724381668425502e-08
1023.0 1.0713685486996122e-08
1024.0 1.0702989305566743e-08
1025.0 1.0692293124137368e-08
1026.0 1.068159694270799e-08
1027.0 1.0670900761278613e-08
1028.0 1.0660204579849235e-08
1029.0 1.0649508398419857e-08
1030.0 1.0638812216990478e-08
1031.0 1.0628116035561102e-08
1032.0 1.0617419854131725e-08
1033.0 1.0606723672702348e-08
1034.0 1.059602749127297e-08
1035.0 1.0585331309843593e-08
1036.0 1.0574635128414216e-08
1037.0 1.0563938946984838e-08
1038.0 1.0553242765555461e-08
1039.0 1.0542546584126085e-08
1040.0 1.0531850402696703e-08
1041.0 1.0521154221267326e-08
1042.0 1.051045803983795e-08
1043.0 1.0499761858408571e-08
1044.0 1.0489065676979196e-08
1045.0 1.0478369495549818e-08
1046.0 1.046767331412044e-08
1047.0 1.0456977132691063e-08
1048.0 1.0446280951261686e-08
1049.0 1.0435584769832308e-08
1050.0 1.0424888588402933e-08
1051.0 1.0414192406973554e-08
1052.0 1.0403496225544178e-08
1053.0 1.03928000441148e-08
1054.0 1.0382103862685421e-08
1055.0 1.0371407681256044e-08
1056.0 1.0360711499826666e-08
1057.0 1.035001531839729e-08
1058.0 1.0339319136967913e-08
1059.0 1.0328622955538534e-08
1060.0 1.0317926774109157e-08
1061.0 1.030723059267978e-08
1062.0 1.02965344112504e-08
1063.0 1.0285838229821024e-08
1064.0 1.0275142048391647e-08
1065.0 1.026444586696227e-08
1066.0 1.025374968553289e-08
1067.0 1.0243053504103514e-08
1068.0 1.0232357322674137e-08
1069.0 1.0221661141244757e-08
1070.0 1.0210964959815382e-08
1071.0 1.0200268778386006e-08
1072.0 1.0189572596956627e-08
1073.0 1.017887641552725e-08
1074.0 1.016818023409787e-08
1075.0 1.0157484052668494e-08
1076.0 1.0146787871239115e-08
1077.0 1.0136091689809739e-08
1078.0 1.0125395508380362e-08
1079.0 1.0114699326950984e-08
1080.0 1.0104003145521607e-08
1081.0 1.009330696409223e-08
1082.0 1.0082610782662852e-08
1083.0 1.0071914601233477e-08
1084.0 1.0061218419804099e-08
1085.0 1.005052223837472e-08
1086.0 1.0039826056945343e-08
1087.0 1.0029129875515965e-08
1088.0 1.0018433694086587e-08
1089.0 1.000773751265721e-08
1090.0 9.997041331227833e-09
1091.0 9.986345149798457e-09
1092.0 9.975648968369078e-09
1093.0 9.964952786939702e-09
1094.0 9.954256605510323e-09
1095.0 9.943560424080943e-09
1096.0 9.932864242651567e-09
1097.0 9.922182847763883e-09
1098.0 9.91346992301282e-09
1099.0 9.904756998261753e-09
1100.0 9.896044073510686e-09
1101.0 9.887331148759621e-09
1102.0 9.878618224008556e-09
1103.0 9.869905299257491e-09
1104.0 9.861192374506426e-09
1105.0 9.852479449755362e-09
1106.0 9.843766525004297e-09
1107.0 9.83505360025323e-09
1108.0 9.826340675502165e-09
1109.0 9.8176277507511e-09
1110.0 9.808914826000035e-09
1111.0 9.800201901248968e-09
1112.0 9.791488976497905e-09
1113.0 9.782776051746838e-09
1114.0 9.774063126995771e-09
1115.0 9.765350202244708e-09
1116.0 9.756637277493643e-09
1117.0 9.747924352742577e-09
1118.0 9.739211427991516e-09
1119.0 9.730498503240447e-09
1120.0 9.721785578489382e-09
1121.0 9.713072653738317e-09
1122.0 9.70435972898725e-09
1123.0 9.695646804236187e-09
1124.0 9.686933879485122e-09
1125.0 9.678220954734055e-09
1126.0 9.66950802998299e-09
1127.0 9.660795105231926e-09
1128.0 9.652082180480858e-09
1129.0 9.643369255729794e-09
1130.0 9.634656330978729e-09
1131.0 9.625943406227664e-09
1132.0 9.617230481476597e-09
1133.0 9.608517556725534e-09
1134.0 9.599804631974469e-09
1135.0 9.591091707223403e-09
1136.0 9.582378782472337e-09
1137.0 9.573665857721273e-09
1138.0 9.564952932970208e-09
1139.0 9.556240008219141e-09
1140.0 9.547527083468076e-09
1141.0 9.538814158717011e-09
1142.0 9.530101233965944e-09
1143.0 9.521388309214879e-09
1144.0 9.512675384463816e-09
1145.0 9.50396245971275e-09
1146.0 9.495249534961684e-09
1147.0 9.486536610210619e-09
1148.0 9.477823685459553e-09
1149.0 9.469110760708488e-09
1150.0 9.460397835957425e-09
1151.0 9.451684911206356e-09
1152.0 9.442971986455291e-09
1153.0 9.434259061704224e-09
1154.0 9.42554613695316e-09
1155.0 9.416833212202096e-09
1156.0 9.408120287451029e-09
1157.0 9.399407362699964e-09
1158.0 9.3906944379489e-09
1159.0 9.381981513197835e-09
1160.0 9.373268588446769e-09
1161.0 9.364555663695705e-09
1162.0 9.355842738944642e-09
1163.0 9.347129814193575e-09
1164.0 9.338416889442508e-09
1165.0 9.329703964691445e-09
1166.0 9.320991039940378e-09
1167.0 9.312278115189311e-09
1168.0 9.303565190438248e-09
1169.0 9.294852265687182e-09
1170.0 9.286139340936117e-09
1171.0 9.27742641618505e-09
1172.0 9.268713491433987e-09
1173.0 9.260000566682922e-09
1174.0 9.251287641931857e-09
1175.0 9.242574717180792e-09
1176.0 9.233861792429727e-09
1177.0 9.225148867678661e-09
1178.0 9.216435942927595e-09
1179.0 9.20772301817653e-09
1180.0 9.199010093425464e-09
1181.0 9.1902971686744e-09
1182.0 9.182421408181454e-09
1183.0 9.17534299337936e-09
1184.0 9.168264578577263e-09
1185.0 9.161186163775167e-09
1186.0 9.154107748973071e-09
1187.0 9.147029334170975e-09
1188.0 9.139950919368878e-09
1189.0 9.132872504566782e-09
1190.0 9.125794089764686e-09
1191.0 9.11871567496259e-09
1192.0 9.111637260160496e-09
1193.0 9.104558845358399e-09
1194.0 9.0974804305563e-09
1195.0 9.090402015754204e-09
1196.0 9.08332360095211e-09
1197.0 9.076245186150012e-09
1198.0 9.069166771347916e-09
1199.0 9.062088356545819e-09
1200.0 9.055009941743723e-09
1201.0 9.047931526941626e-09
1202.0 9.040853112139531e-09
1203.0 9.033774697337434e-09
1204.0 9.026696282535338e-09
1205.0 9.01961786773324e-09
1206.0 9.012539452931143e-09
1207.0 9.005461038129047e-09
1208.0 8.998382623326952e-09
1209.0 8.991304208524856e-09
1210.0 8.98422579372276e-09
1211.0 8.977147378920666e-09
1212.0 8.970068964118567e-09
1213.0 8.962990549316471e-09
1214.0 8.955912134514375e-09
1215.0 8.94883371971228e-09
1216.0 8.941755304910182e-09
1217.0 8.934676890108086e-09
1218.0 8.92759847530599e-09
1219.0 8.920520060503894e-09
1220.0 8.913441645701799e-09
1221.0 8.906363230899701e-09
1222.0 8.899284816097605e-09
1223.0 8.892206401295508e-09
1224.0 8.885127986493412e-09
1225.0 8.878049571691316e-09
1226.0 8.870971156889219e-09
1227.0 8.863892742087123e-09
1228.0 8.856814327285027e-09
1229.0 8.849735912482931e-09
1230.0 8.842657497680836e-09
1231.0 8.83557908287874e-09
1232.0 8.828500668076642e-09
1233.0 8.821422253274545e-09
1234.0 8.814343838472447e-09
1235.0 8.807265423670352e-09
1236.0 8.800187008868256e-09
1237.0 8.793108594066158e-09
1238.0 8.786030179264062e-09
1239.0 8.778951764461968e-09
1240.0 8.771873349659871e-09
1241.0 8.764794934857777e-09
1242.0 8.75771652005568e-09
1243.0 8.75063810525358e-09
1244.0 8.743559690451486e-09
1245.0 8.73648127564939e-09
1246.0 8.729402860847294e-09
1247.0 8.722324446045199e-09
1248.0 8.715246031243101e-09
1249.0 8.708167616441005e-09
1250.0 8.70108920163891e-09
1251.0 8.694010786836814e-09
1252.0 8.686932372034718e-09
1253.0 8.67985395723262e-09
1254.0 8.672775542430523e-09
1255.0 8.665697127628427e-09
1256.0 8.658618712826331e-09
1257.0 8.651540298024235e-09
1258.0 8.64446188322214e-09
1259.0 8.637383468420042e-09
1260.0 8.630305053617946e-09
1261.0 8.62322663881585e-09
1262.0 8.616148224013751e-09
1263.0 8.609069809211656e-09
1264.0 8.60199139440956e-09
1265.0 8.594912979607462e-09
1266.0 8.587834564805367e-09
1267.0 8.580756150003274e-09
1268.0 8.573677735201177e-09
1269.0 8.56659932039908e-09
1270.0 8.559520905596983e-09
1271.0 8.552442490794887e-09
1272.0 8.54536407599279e-09
1273.0 8.538897769694182e-09
1274.0 8.533022631871228e-09
1275.0 8.527147494048273e-09
1276.0 8.521272356225319e-09
1277.0 8.515397218402363e-09
1278.0 8.509522080579409e-09
1279.0 8.503646942756453e-09
1280.0 8.497771804933498e-09
1281.0 8.491896667110542e-09
1282.0 8.486021529287588e-09
1283.0 8.480146391464635e-09
1284.0 8.47427125364168e-09
1285.0 8.468396115818726e-09
1286.0 8.462520977995772e-09
1287.0 8.456645840172818e-09
1288.0 8.450770702349863e-09
1289.0 8.444895564526909e-09
1290.0 8.439020426703953e-09
1291.0 8.433145288880999e-09
1292.0 8.427270151058043e-09
1293.0 8.421395013235088e-09
1294.0 8.415519875412134e-09
1295.0 8.40964473758918e-09
1296.0 8.403769599766225e-09
1297.0 8.397894461943271e-09
1298.0 8.392019324120318e-09
1299.0 8.386144186297362e-09
1300.0 8.380269048474408e-09
1301.0 8.374393910651452e-09
1302.0 8.368518772828497e-09
1303.0 8.362643635005543e-09
1304.0 8.356768497182589e-09
1305.0 8.350893359359634e-09
1306.0 8.345018221536678e-09
1307.0 8.339143083713724e-09
1308.0 8.33326794589077e-09
1309.0 8.327392808067815e-09
1310.0 8.321517670244861e-09
1311.0 8.315642532421905e-09
1312.0 8.309767394598952e-09
1313.0 8.303892256775996e-09
1314.0 8.298017118953042e-09
1315.0 8.292141981130088e-09
1316.0 8.286266843307133e-09
1317.0 8.280391705484179e-09
1318.0 8.274516567661224e-09
1319.0 8.26864142983827e-09
1320.0 8.262766292015316e-09
1321.0 8.25689115419236e-09
1322.0 8.251016016369405e-09
1323.0 8.245140878546451e-09
1324.0 8.239265740723495e-09
1325.0 8.23339060290054e-09
1326.0 8.227515465077586e-09
1327.0 8.221640327254632e-09
1328.0 8.215765189431678e-09
1329.0 8.209890051608723e-09
1330.0 8.204014913785769e-09
1331.0 8.198139775962815e-09
1332.0 8.19226463813986e-09
1333.0 8.186389500316906e-09
1334.0 8.180514362493952e-09
1335.0 8.174639224670995e-09
1336.0 8.16876408684804e-09
1337.0 8.162888949025085e-09
1338.0 8.15701381120213e-09
1339.0 8.151138673379176e-09
1340.0 8.145263535556222e-09
1341.0 8.139388397733268e-09
1342.0 8.133513259910313e-09
1343.0 8.127638122087359e-09
1344.0 8.121762984264405e-09
1345.0 8.11588784644145e-09
1346.0 8.110012708618496e-09
1347.0 8.10413757079554e-09
1348.0 8.098262432972584e-09
1349.0 8.09238729514963e-09
1350.0 8.086512157326679e-09
1351.0 8.080637019503721e-09
1352.0 8.074761881680767e-09
1353.0 8.068886743857812e-09
1354.0 8.063011606034858e-09
1355.0 8.057136468211903e-09
1356.0 8.051261330388949e-09
1357.0 8.045386192565995e-09
1358.0 8.039511054743039e-09
1359.0 8.033635916920084e-09
1360.0 8.02776077909713e-09
1361.0 8.021885641274174e-09
1362.0 8.016010503451223e-09
1363.0 8.010135365628265e-09
1364.0 8.004260227805311e-09
1365.0 7.998385089982357e-09
1366.0 7.992509952159402e-09
1367.0 7.986634814336448e-09
1368.0 7.980759676513494e-09
1369.0 7.97488453869054e-09
1370.0 7.969009400867583e-09
1371.0 7.963608152045873e-09
1372.0 7.95868896238205e-09
1373.0 7.953769772718229e-09
1374.0 7.948850583054407e-09
1375.0 7.943931393390582e-09
1376.0 7.939012203726761e-09
1377.0 7.93409301406294e-09
1378.0 7.929173824399117e-09
1379.0 7.924254634735293e-09
1380.0 7.919335445071472e-09
1381.0 7.914416255407649e-09
1382.0 7.909497065743828e-09
1383.0 7.904577876080004e-09
1384.0 7.899658686416182e-09
1385.0 7.89473949675236e-09
1386.0 7.889820307088538e-09
1387.0 7.884901117424716e-09
1388.0 7.879981927760894e-09
1389.0 7.875062738097068e-09
1390.0 7.870143548433248e-09
1391.0 7.865224358769426e-09
1392.0 7.860305169105602e-09
1393.0 7.855385979441781e-09
1394.0 7.850466789777956e-09
1395.0 7.845547600114137e-09
1396.0 7.840628410450315e-09
1397.0 7.835709220786491e-09
1398.0 7.830790031122667e-09
1399.0 7.825870841458847e-09
1400.0 7.820951651795025e-09
1401.0 7.816032462131202e-09
1402.0 7.811113272467379e-09
1403.0 7.806194082803557e-09
1404.0 7.801274893139734e-09
1405.0 7.796355703475912e-09
1406.0 7.79143651381209e-09
1407.0 7.786517324148268e-09
1408.0 7.781598134484446e-09
1409.0 7.776678944820624e-09
1410.0 7.7717597551568e-09
1411.0 7.766840565492976e-09
1412.0 7.761921375829156e-09
1413.0 7.757002186165332e-09
1414.0 7.752082996501511e-09
1415.0 7.747163806837689e-09
1416.0 7.742244617173865e-09
1417.0 7.737325427510043e-09
1418.0 7.732406237846221e-09
1419.0 7.7274870481824e-09
1420.0 7.722567858518575e-09
1421.0 7.717648668854753e-09
1422.0 7.712729479190932e-09
1423.0 7.707810289527109e-09
1424.0 7.702891099863286e-09
1425.0 7.697971910199464e-09
1426.0 7.69305272053564e-09
1427.0 7.68813353087182e-09
1428.0 7.683214341207998e-09
1429.0 7.678295151544174e-09
1430.0 7.673375961880352e-09
1431.0 7.668456772216531e-09
1432.0 7.663537582552706e-09
1433.0 7.658618392888886e-09
1434.0 7.653699203225063e-09
1435.0 7.648780013561241e-09
1436.0 7.643860823897417e-09
1437.0 7.638941634233595e-09
1438.0 7.634022444569771e-09
1439.0 7.629103254905951e-09
1440.0 7.624184065242129e-09
1441.0 7.619264875578307e-09
1442.0 7.614345685914483e-09
1443.0 7.60942649625066e-09
1444.0 7.60450730658684e-09
1445.0 7.599588116923015e-09
1446.0 7.594668927259194e-09
1447.0 7.589749737595372e-09
1448.0 7.584830547931548e-09
1449.0 7.579911358267728e-09
1450.0 7.574992168603906e-09
1451.0 7.570072978940082e-09
1452.0 7.56515378927626e-09
1453.0 7.560234599612438e-09
1454.0 7.555315409948615e-09
1455.0 7.550396220284792e-09
1456.0 7.54547703062097e-09
1457.0 7.540557840957146e-09
1458.0 7.535638651293327e-09
1459.0 7.530719461629503e-09
1460.0 7.525800271965681e-09
1461.0 7.520881082301857e-09
1462.0 7.515961892638037e-09
1463.0 7.511042702974215e-09
1464.0 7.506123513310389e-09
1465.0 7.501204323646569e-09
1466.0 7.496285133982746e-09
1467.0 7.491365944318924e-09
1468.0 7.486446754655102e-09
1469.0 7.48152756499128e-09
1470.0 7.476608375327456e-09
1471.0 7.471689185663636e-09
1472.0 7.466769995999812e-09
1473.0 7.46185080633599e-09
1474.0 7.456931616672166e-09
1475.0 7.452012427008344e-09
1476.0 7.447093237344521e-09
1477.0 7.442938182532516e-09
1478.0 7.4388376905120275e-09
1479.0 7.434737198491541e-09
1480.0 7.430636706471054e-09
1481.0 7.426536214450566e-09
1482.0 7.42243572243008e-09
1483.0 7.418335230409592e-09
1484.0 7.4142347383891054e-09
1485.0 7.410134246368617e-09
1486.0 7.406033754348131e-09
1487.0 7.401933262327642e-09
1488.0 7.397832770307155e-09
1489.0 7.393732278286668e-09
1490.0 7.38963178626618e-09
1491.0 7.3855312942456935e-09
1492.0 7.381430802225205e-09
1493.0 7.377330310204719e-09
1494.0 7.373229818184231e-09
1495.0 7.369129326163745e-09
1496.0 7.365028834143256e-09
1497.0 7.36092834212277e-09
1498.0 7.3568278501022816e-09
1499.0 7.352727358081795e-09
1500.0 7.348626866061306e-09
1501.0 7.344526374040818e-09
1502.0 7.340425882020331e-09
1503.0 7.3363253899998445e-09
1504.0 7.332224897979356e-09
1505.0 7.32812440595887e-09
1506.0 7.324023913938382e-09
1507.0 7.319923421917896e-09
1508.0 7.315822929897407e-09
1509.0 7.311722437876921e-09
1510.0 7.3076219458564325e-09
1511.0 7.303521453835946e-09
1512.0 7.299420961815459e-09
1513.0 7.295320469794972e-09
1514.0 7.291219977774484e-09
1515.0 7.287119485753997e-09
1516.0 7.283018993733509e-09
1517.0 7.278918501713022e-09
1518.0 7.274818009692534e-09
1519.0 7.270717517672047e-09
1520.0 7.26661702565156e-09
1521.0 7.262516533631073e-09
1522.0 7.258416041610585e-09
1523.0 7.2543155495900986e-09
1524.0 7.25021505756961e-09
1525.0 7.246114565549124e-09
1526.0 7.242014073528636e-09
1527.0 7.237913581508146e-09
1528.0 7.2338130894876615e-09
1529.0 7.2297125974671716e-09
1530.0 7.225612105446687e-09
1531.0 7.2215116134261976e-09
1532.0 7.217411121405711e-09
1533.0 7.213310629385224e-09
1534.0 7.209210137364736e-09
1535.0 7.2051096453442495e-09
1536.0 7.201009153323761e-09
1537.0 7.196908661303275e-09
1538.0 7.192808169282787e-09
1539.0 7.188707677262301e-09
1540.0 7.1846071852418124e-09
1541.0 7.180506693221326e-09
1542.0 7.176406201200838e-09
1543.0 7.172305709180351e-09
1544.0 7.168205217159863e-09
1545.0 7.164104725139377e-09
1546.0 7.160004233118889e-09
1547.0 7.155903741098402e-09
1548.0 7.151803249077914e-09
1549.0 7.147702757057427e-09
1550.0 7.143602265036939e-09
1551.0 7.1395017730164525e-09
1552.0 7.135401280995965e-09
1553.0 7.131300788975475e-09
1554.0 7.12720029695499e-09
1555.0 7.1230998049345e-09
1556.0 7.118999312914015e-09
1557.0 7.114898820893526e-09
1558.0 7.110798328873041e-09
1559.0 7.1066978368525515e-09
1560.0 7.1025973448320665e-09
1561.0 7.098496852811577e-09
1562.0 7.09439636079109e-09
1563.0 7.090295868770603e-09
1564.0 7.086195376750116e-09
1565.0 7.0820948847296294e-09
1566.0 7.077994392709141e-09
1567.0 7.073893900688655e-09
1568.0 7.069793408668166e-09
1569.0 7.06569291664768e-09
1570.0 7.061592424627192e-09
1571.0 7.057491932606706e-09
1572.0 7.0533914405862175e-09
1573.0 7.049290948565731e-09
1574.0 7.045190456545243e-09
1575.0 7.041089964524756e-09
1576.0 7.036989472504269e-09
1577.0 7.032888980483782e-09
1578.0 7.028788488463294e-09
1579.0 7.024687996442806e-09
1580.0 7.020587504422319e-09
1581.0 7.0164870124018316e-09
1582.0 7.012386520381344e-09
1583.0 7.0082860283608576e-09
1584.0 7.00418553634037e-09
1585.0 7.000085044319881e-09
1586.0 6.9959845522993945e-09
1587.0 6.991884060278906e-09
1588.0 6.98778356825842e-09
1589.0 6.983683076237932e-09
1590.0 6.979725357050162e-09
1591.0 6.97621951571595e-09
1592.0 6.972713674381736e-09
1593.0 6.969207833047527e-09
1594.0 6.965701991713314e-09
1595.0 6.962196150379101e-09
1596.0 6.958690309044891e-09
1597.0 6.955184467710678e-09
1598.0 6.9516786263764655e-09
1599.0 6.948172785042256e-09
1600.0 6.944666943708043e-09
1601.0 6.9411611023738305e-09
1602.0 6.9376552610396186e-09
1603.0 6.9341494197054075e-09
1604.0 6.930643578371197e-09
1605.0 6.927137737036984e-09
1606.0 6.923631895702772e-09
1607.0 6.920126054368559e-09
1608.0 6.9166202130343495e-09
1609.0 6.913114371700137e-09
1610.0 6.909608530365924e-09
1611.0 6.906102689031713e-09
1612.0 6.902596847697501e-09
1613.0 6.89909100636329e-09
1614.0 6.895585165029077e-09
1615.0 6.892079323694866e-09
1616.0 6.888573482360654e-09
1617.0 6.885067641026441e-09
1618.0 6.88156179969223e-09
1619.0 6.87805595835802e-09
1620.0 6.874550117023806e-09
1621.0 6.8710442756895944e-09
1622.0 6.867538434355383e-09
1623.0 6.8640325930211706e-09
1624.0 6.8605267516869595e-09
1625.0 6.857020910352748e-09
1626.0 6.853515069018536e-09
1627.0 6.850009227684324e-09
1628.0 6.8465033863501126e-09
1629.0 6.8429975450159015e-09
1630.0 6.839491703681689e-09
1631.0 6.835985862347478e-09
1632.0 6.832480021013266e-09
1633.0 6.828974179679053e-09
1634.0 6.825468338344841e-09
1635.0 6.821962497010631e-09
1636.0 6.818456655676419e-09
1637.0 6.814950814342206e-09
1638.0 6.811444973007993e-09
1639.0 6.807939131673782e-09
1640.0 6.80443329033957e-09
1641.0 6.80092744900536e-09
1642.0 6.797421607671147e-09
1643.0 6.793915766336934e-09
1644.0 6.790409925002724e-09
1645.0 6.7869040836685115e-09
1646.0 6.783398242334299e-09
1647.0 6.7798924010000884e-09
1648.0 6.776386559665876e-09
1649.0 6.772880718331663e-09
1650.0 6.7693748769974535e-09
1651.0 6.7658690356632415e-09
1652.0 6.762363194329028e-09
1653.0 6.758857352994818e-09
1654.0 6.755351511660605e-09
1655.0 6.751845670326391e-09
1656.0 6.7483398289921794e-09
1657.0 6.74483398765797e-09
1658.0 6.741328146323757e-09
1659.0 6.737822304989544e-09
1660.0 6.734316463655334e-09
1661.0 6.7308106223211214e-09
1662.0 6.727304780986909e-09
1663.0 6.7237989396526984e-09
1664.0 6.720293098318486e-09
1665.0 6.716787256984273e-09
1666.0 6.7132814156500635e-09
1667.0 6.709775574315851e-09
1668.0 6.7062697329816404e-09
1669.0 6.702763891647428e-09
1670.0 6.699258050313216e-09
1671.0 6.695752208979002e-09
1672.0 6.692246367644793e-09
1673.0 6.68874052631058e-09
1674.0 6.685234684976368e-09
1675.0 6.681728843642155e-09
1676.0 6.678223002307944e-09
1677.0 6.674717160973733e-09
1678.0 6.67121131963952e-09
1679.0 6.667705478305308e-09
1680.0 6.664199636971097e-09
1681.0 6.6606937956368845e-09
1682.0 6.6571879543026734e-09
1683.0 6.653682112968462e-09
1684.0 6.6501762716342496e-09
1685.0 6.646670430300038e-09
1686.0 6.6431645889658266e-09
1687.0 6.639658747631615e-09
1688.0 6.636152906297403e-09
1689.0 6.632647064963192e-09
1690.0 6.62914122362898e-09
1691.0 6.625635382294767e-09
1692.0 6.622129540960556e-09
1693.0 6.618623699626345e-09
1694.0 6.615117858292132e-09
1695.0 6.61161201695792e-09
1696.0 6.608106175623709e-09
1697.0 6.604600334289496e-09
1698.0 6.601094492955285e-09
1699.0 6.597588651621074e-09
1700.0 6.594082810286861e-09
1701.0 6.590576968952649e-09
1702.0 6.587071127618438e-09
1703.0 6.5835652862842254e-09
1704.0 6.580059444950014e-09
1705.0 6.576553603615802e-09
1706.0 6.57304776228159e-09
1707.0 6.5695419209473786e-09
1708.0 6.5660360796131675e-09
1709.0 6.562530238278955e-09
1710.0 6.559024396944743e-09
1711.0 6.555518555610532e-09
1712.0 6.552012714276319e-09
1713.0 6.548882435526469e-09
1714.0 6.5458521868328476e-09
1715.0 6.542821938139227e-09
1716.0 6.539791689445608e-09
1717.0 6.536761440751988e-09
1718.0 6.533731192058366e-09
1719.0 6.5307009433647456e-09
1720.0 6.527670694671124e-09
1721.0 6.5246404459775035e-09
1722.0 6.521610197283883e-09
1723.0 6.518579948590263e-09
1724.0 6.515549699896643e-09
1725.0 6.5125194512030225e-09
1726.0 6.509489202509402e-09
1727.0 6.506458953815781e-09
1728.0 6.503428705122161e-09
1729.0 6.500398456428541e-09
1730.0 6.497368207734919e-09
1731.0 6.494337959041299e-09
1732.0 6.491307710347678e-09
1733.0 6.488277461654058e-09
1734.0 6.485247212960438e-09
1735.0 6.482216964266818e-09
1736.0 6.4791867155731975e-09
1737.0 6.4761564668795764e-09
1738.0 6.473126218185955e-09
1739.0 6.470095969492336e-09
1740.0 6.467065720798714e-09
1741.0 6.464035472105093e-09
1742.0 6.461005223411473e-09
1743.0 6.4579749747178525e-09
1744.0 6.454944726024232e-09
1745.0 6.451914477330612e-09
1746.0 6.448884228636991e-09
1747.0 6.445853979943371e-09
1748.0 6.4428237312497505e-09
1749.0 6.439793482556129e-09
1750.0 6.4367632338625084e-09
1751.0 6.433732985168888e-09
1752.0 6.430702736475268e-09
1753.0 6.427672487781648e-09
1754.0 6.4246422390880275e-09
1755.0 6.4216119903944064e-09
1756.0 6.418581741700786e-09
1757.0 6.415551493007166e-09
1758.0 6.412521244313546e-09
1759.0 6.4094909956199255e-09
1760.0 6.406460746926303e-09
1761.0 6.403430498232684e-09
1762.0 6.400400249539063e-09
1763.0 6.397370000845443e-09
1764.0 6.394339752151823e-09
1765.0 6.391309503458202e-09
1766.0 6.388279254764581e-09
1767.0 6.385249006070961e-09
1768.0 6.382218757377339e-09
1769.0 6.379188508683719e-09
1770.0 6.376158259990099e-09
1771.0 6.3731280112964786e-09
1772.0 6.370097762602858e-09
1773.0 6.367067513909238e-09
1774.0 6.364037265215617e-09
1775.0 6.361007016521996e-09
1776.0 6.357976767828376e-09
1777.0 6.354946519134755e-09
1778.0 6.351916270441134e-09
1779.0 6.348886021747513e-09
1780.0 6.345855773053893e-09
1781.0 6.342825524360273e-09
1782.0 6.339795275666653e-09
1783.0 6.3367650269730324e-09
1784.0 6.333734778279411e-09
1785.0 6.330704529585791e-09
1786.0 6.327674280892171e-09
1787.0 6.324644032198549e-09
1788.0 6.321613783504929e-09
1789.0 6.3185835348113086e-09
1790.0 6.315553286117688e-09
1791.0 6.312523037424068e-09
1792.0 6.309492788730448e-09
1793.0 6.306462540036827e-09
1794.0 6.3034322913432066e-09
1795.0 6.300402042649586e-09
1796.0 6.2973717939559644e-09
1797.0 6.294341545262344e-09
1798.0 6.291311296568724e-09
1799.0 6.288281047875104e-09
1800.0 6.2852507991814835e-09
1801.0 6.282220550487863e-09
1802.0 6.279190301794243e-09
1803.0 6.276160053100622e-09
1804.0 6.273129804407002e-09
1805.0 6.2700995557133815e-09
1806.0 6.2670693070197605e-09
1807.0 6.26403905832614e-09
1808.0 6.26100880963252e-09
1809.0 6.257978560938899e-09
1810.0 6.254948312245279e-09
1811.0 6.251918063551658e-09
1812.0 6.2488878148580366e-09
1813.0 6.245857566164416e-09
1814.0 6.242827317470796e-09
1815.0 6.239797068777174e-09
1816.0 6.236766820083554e-09
1817.0 6.233736571389934e-09
1818.0 6.2307063226963135e-09
1819.0 6.227676074002693e-09
1820.0 6.224645825309073e-09
1821.0 6.221615576615452e-09
1822.0 6.218585327921832e-09
1823.0 6.2155550792282115e-09
1824.0 6.21252483053459e-09
1825.0 6.209494581840969e-09
1826.0 6.206464333147349e-09
1827.0 6.203434084453729e-09
1828.0 6.200403835760109e-09
1829.0 6.1973735870664885e-09
1830.0 6.194343338372868e-09
1831.0 6.191313089679246e-09
1832.0 6.188282840985627e-09
1833.0 6.185252592292007e-09
1834.0 6.182222343598385e-09
1835.0 6.179192094904765e-09
1836.0 6.176161846211144e-09
1837.0 6.173131597517524e-09
1838.0 6.170101348823904e-09
1839.0 6.167071100130284e-09
1840.0 6.164040851436663e-09
1841.0 6.161010602743042e-09
1842.0 6.157980354049422e-09
1843.0 6.1549501053558e-09
1844.0 6.15191985666218e-09
1845.0 6.149251514140263e-09
1846.0 6.1466200290084945e-09
1847.0 6.143988543876724e-09
1848.0 6.141357058744957e-09
1849.0 6.138725573613185e-09
1850.0 6.136094088481415e-09
1851.0 6.133462603349647e-09
1852.0 6.130831118217876e-09
1853.0 6.1281996330861064e-09
1854.0 6.125568147954338e-09
1855.0 6.1229366628225685e-09
1856.0 6.1203051776907975e-09
1857.0 6.117673692559029e-09
1858.0 6.1150422074272596e-09
1859.0 6.1124107222954885e-09
1860.0 6.10977923716372e-09
1861.0 6.107147752031951e-09
1862.0 6.1045162669001804e-09
1863.0 6.101884781768412e-09
1864.0 6.099253296636642e-09
1865.0 6.096621811504874e-09
1866.0 6.093990326373103e-09
1867.0 6.091358841241333e-09
1868.0 6.088727356109565e-09
1869.0 6.086095870977794e-09
1870.0 6.083464385846024e-09
1871.0 6.080832900714256e-09
1872.0 6.078201415582485e-09
1873.0 6.075569930450716e-09
1874.0 6.072938445318947e-09
1875.0 6.070306960187176e-09
1876.0 6.067675475055406e-09
1877.0 6.065043989923638e-09
1878.0 6.062412504791867e-09
1879.0 6.059781019660097e-09
1880.0 6.057149534528328e-09
1881.0 6.054518049396559e-09
1882.0 6.05188656426479e-09
1883.0 6.04925507913302e-09
1884.0 6.046623594001251e-09
1885.0 6.0439921088694815e-09
1886.0 6.041360623737711e-09
1887.0 6.038729138605942e-09
1888.0 6.0360976534741726e-09
1889.0 6.033466168342402e-09
1890.0 6.030834683210633e-09
1891.0 6.028203198078864e-09
1892.0 6.0255717129470934e-09
1893.0 6.022940227815324e-09
1894.0 6.020308742683555e-09
1895.0 6.0176772575517845e-09
1896.0 6.015045772420015e-09
1897.0 6.012414287288246e-09
1898.0 6.0097828021564755e-09
1899.0 6.007151317024706e-09
1900.0 6.004519831892938e-09
1901.0 6.001888346761167e-09
1902.0 5.999256861629398e-09
1903.0 5.996625376497628e-09
1904.0 5.9939938913658585e-09
1905.0 5.991362406234089e-09
1906.0 5.988730921102319e-09
1907.0 5.9860994359705495e-09
1908.0 5.98346795083878e-09
1909.0 5.98083646570701e-09
1910.0 5.9782049805752406e-09
1911.0 5.975573495443471e-09
1912.0 5.972942010311701e-09
1913.0 5.970310525179932e-09
1914.0 5.967679040048162e-09
1915.0 5.965047554916393e-09
1916.0 5.962416069784623e-09
1917.0 5.959784584652853e-09
1918.0 5.957153099521083e-09
1919.0 5.954521614389314e-09
1920.0 5.9518901292575435e-09
1921.0 5.949258644125774e-09
1922.0 5.946627158994006e-09
1923.0 5.9439956738622354e-09
1924.0 5.941364188730466e-09
1925.0 5.938732703598697e-09
1926.0 5.936101218466928e-09
1927.0 5.933469733335157e-09
1928.0 5.930838248203388e-09
1929.0 5.928206763071619e-09
1930.0 5.925575277939848e-09
1931.0 5.922943792808079e-09
1932.0 5.920312307676311e-09
1933.0 5.917680822544541e-09
1934.0 5.91504933741277e-09
1935.0 5.912417852281001e-09
1936.0 5.909786367149231e-09
1937.0 5.907154882017461e-09
1938.0 5.904523396885692e-09
1939.0 5.901891911753922e-09
1940.0 5.899260426622151e-09
1941.0 5.896628941490383e-09
1942.0 5.893997456358613e-09
1943.0 5.891365971226843e-09
1944.0 5.888734486095075e-09
1945.0 5.886103000963305e-09
1946.0 5.883471515831537e-09
1947.0 5.880840030699766e-09
1948.0 5.878208545567996e-09
1949.0 5.875577060436228e-09
1950.0 5.872945575304457e-09
1951.0 5.870314090172687e-09
1952.0 5.8676826050409195e-09
1953.0 5.8650511199091484e-09
1954.0 5.862419634777378e-09
1955.0 5.85978814964561e-09
1956.0 5.857156664513839e-09
1957.0 5.854525179382071e-09
1958.0 5.851893694250301e-09
1959.0 5.849262209118532e-09
1960.0 5.846630723986762e-09
1961.0 5.843999238854992e-09
1962.0 5.8413677537232224e-09
1963.0 5.838736268591453e-09
1964.0 5.836104783459684e-09
1965.0 5.833473298327914e-09
1966.0 5.830841813196145e-09
1967.0 5.828210328064375e-09
1968.0 5.825578842932605e-09
1969.0 5.822947357800836e-09
1970.0 5.820315872669066e-09
1971.0 5.817684387537296e-09
1972.0 5.815052902405527e-09
1973.0 5.812421417273757e-09
1974.0 5.809789932141988e-09
1975.0 5.807158447010217e-09
1976.0 5.804526961878448e-09
1977.0 5.8018954767466785e-09
1978.0 5.799263991614908e-09
1979.0 5.796632506483139e-09
1980.0 5.7940010213513696e-09
1981.0 5.791369536219599e-09
1982.0 5.78873805108783e-09
1983.0 5.786106565956061e-09
1984.0 5.783475080824291e-09
1985.0 5.780843595692522e-09
1986.0 5.7782121105607525e-09
1987.0 5.775845122755542e-09
1988.0 5.773518597269492e-09
1989.0 5.771192071783443e-09
1990.0 5.768865546297395e-09
1991.0 5.7665390208113455e-09
1992.0 5.7642124953252966e-09
1993.0 5.7618859698392485e-09
1994.0 5.759559444353199e-09
1995.0 5.757232918867149e-09
1996.0 5.7549063933811e-09
1997.0 5.752579867895051e-09
1998.0 5.750253342409003e-09
1999.0 5.747926816922953e-09
2000.0 5.745600291436904e-09
2001.0 5.7432737659508556e-09
2002.0 5.740947240464805e-09
2003.0 5.738620714978757e-09
2004.0 5.736294189492709e-09
2005.0 5.733967664006658e-09
2006.0 5.73164113852061e-09
2007.0 5.7293146130345605e-09
2008.0 5.7269880875485116e-09
2009.0 5.724661562062463e-09
2010.0 5.722335036576414e-09
2011.0 5.720008511090365e-09
2012.0 5.717681985604315e-09
2013.0 5.715355460118266e-09
2014.0 5.713028934632217e-09
2015.0 5.710702409146168e-09
2016.0 5.708375883660119e-09
2017.0 5.706049358174071e-09
2018.0 5.703722832688023e-09
2019.0 5.701396307201972e-09
2020.0 5.699069781715923e-09
2021.0 5.696743256229875e-09
2022.0 5.694416730743826e-09
2023.0 5.692090205257776e-09
2024.0 5.689763679771728e-09
2025.0 5.6874371542856785e-09
2026.0 5.6851106287996296e-09
2027.0 5.682784103313581e-09
2028.0 5.680457577827532e-09
2029.0 5.678131052341481e-09
2030.0 5.675804526855432e-09
2031.0 5.673478001369384e-09
2032.0 5.671151475883336e-09
2033.0 5.668824950397286e-09
2034.0 5.6664984249112375e-09
2035.0 5.6641718994251886e-09
2036.0 5.661845373939138e-09
2037.0 5.659518848453089e-09
2038.0 5.657192322967042e-09
2039.0 5.654865797480993e-09
2040.0 5.652539271994942e-09
2041.0 5.650212746508894e-09
2042.0 5.6478862210228445e-09
2043.0 5.645559695536796e-09
2044.0 5.643233170050747e-09
2045.0 5.640906644564699e-09
2046.0 5.63858011907865e-09
2047.0 5.636253593592599e-09
2048.0 5.63392706810655e-09
2049.0 5.631600542620501e-09
2050.0 5.6292740171344524e-09
2051.0 5.6269474916484035e-09
2052.0 5.6246209661623555e-09
2053.0 5.6222944406763065e-09
2054.0 5.619967915190256e-09
2055.0 5.617641389704208e-09
2056.0 5.615314864218159e-09
2057.0 5.612988338732109e-09
2058.0 5.61066181324606e-09
2059.0 5.6083352877600114e-09
2060.0 5.606008762273962e-09
2061.0 5.603682236787914e-09
2062.0 5.601355711301865e-09
2063.0 5.599029185815816e-09
2064.0 5.596702660329766e-09
2065.0 5.594376134843717e-09
2066.0 5.592049609357668e-09
2067.0 5.589723083871619e-09
2068.0 5.5873965583855704e-09
2069.0 5.5850700328995215e-09
2070.0 5.582743507413473e-09
2071.0 5.580416981927422e-09
2072.0 5.578090456441375e-09
2073.0 5.575763930955326e-09
2074.0 5.573437405469276e-09
2075.0 5.571110879983227e-09
2076.0 5.5687843544971775e-09
2077.0 5.566457829011129e-09
2078.0 5.56413130352508e-09
2079.0 5.561804778039032e-09
2080.0 5.559478252552983e-09
2081.0 5.557151727066932e-09
2082.0 5.554825201580883e-09
2083.0 5.552498676094834e-09
2084.0 5.550172150608786e-09
2085.0 5.5478456251227365e-09
2086.0 5.5455190996366884e-09
2087.0 5.5431925741506395e-09
2088.0 5.540866048664589e-09
2089.0 5.538539523178541e-09
2090.0 5.536212997692492e-09
2091.0 5.533886472206442e-09
2092.0 5.531559946720393e-09
2093.0 5.5292334212343444e-09
2094.0 5.5269068957482955e-09
2095.0 5.524580370262247e-09
2096.0 5.522253844776198e-09
2097.0 5.519927319290149e-09
2098.0 5.517600793804098e-09
2099.0 5.51527426831805e-09
2100.0 5.512947742832001e-09
2101.0 5.510621217345952e-09
2102.0 5.5082946918599034e-09
2103.0 5.505968166373855e-09
2104.0 5.503641640887806e-09
2105.0 5.501315115401755e-09
2106.0 5.498988589915707e-09
2107.0 5.496662064429659e-09
2108.0 5.49433553894361e-09
2109.0 5.49200901345756e-09
2110.0 5.489682487971511e-09
2111.0 5.487355962485462e-09
2112.0 5.485029436999413e-09
2113.0 5.482702911513364e-09
2114.0 5.480376386027316e-09
2115.0 5.478049860541267e-09
2116.0 5.475723335055216e-09
2117.0 5.473396809569167e-09
2118.0 5.471070284083118e-09
2119.0 5.46874375859707e-09
2120.0 5.466417233111021e-09
2121.0 5.4640907076249725e-09
2122.0 5.461764182138922e-09
2123.0 5.459437656652874e-09
2124.0 5.457111131166825e-09
2125.0 5.454784605680776e-09
2126.0 5.452458080194726e-09
2127.0 5.450131554708677e-09
2128.0 5.4478050292226285e-09
2129.0 5.44547850373658e-09
2130.0 5.443151978250531e-09
2131.0 5.440825452764482e-09
2132.0 5.438498927278433e-09
2133.0 5.436172401792382e-09
2134.0 5.433845876306334e-09
2135.0 5.431519350820285e-09
2136.0 5.429192825334236e-09
2137.0 5.4268662998481875e-09
2138.0 5.424539774362139e-09
2139.0 5.42221324887609e-09
2140.0 5.420110966081877e-09
2141.0 5.418037395850594e-09
2142.0 5.41596382561931e-09
2143.0 5.413890255388027e-09
2144.0 5.411816685156744e-09
2145.0 5.40974311492546e-09
2146.0 5.4076695446941766e-09
2147.0 5.405595974462893e-09
2148.0 5.40352240423161e-09
2149.0 5.401448834000327e-09
2150.0 5.399375263769043e-09
2151.0 5.3973016935377595e-09
2152.0 5.395228123306476e-09
2153.0 5.393154553075192e-09
2154.0 5.391080982843909e-09
2155.0 5.389007412612625e-09
2156.0 5.3869338423813424e-09
2157.0 5.384860272150059e-09
2158.0 5.382786701918775e-09
2159.0 5.380713131687494e-09
2160.0 5.378639561456209e-09
2161.0 5.376565991224925e-09
2162.0 5.3744924209936434e-09
2163.0 5.372418850762359e-09
2164.0 5.370345280531076e-09
2165.0 5.368271710299792e-09
2166.0 5.36619814006851e-09
2167.0 5.3641245698372255e-09
2168.0 5.3620509996059436e-09
2169.0 5.35997742937466e-09
2170.0 5.3579038591433764e-09
2171.0 5.355830288912092e-09
2172.0 5.353756718680811e-09
2173.0 5.3516831484495265e-09
2174.0 5.349609578218243e-09
2175.0 5.3475360079869585e-09
2176.0 5.3454624377556766e-09
2177.0 5.343388867524393e-09
2178.0 5.3413152972931094e-09
2179.0 5.339241727061827e-09
2180.0 5.337168156830543e-09
2181.0 5.33509458659926e-09
2182.0 5.333021016367977e-09
2183.0 5.330947446136693e-09
2184.0 5.3288738759054096e-09
2185.0 5.326800305674127e-09
2186.0 5.324726735442843e-09
2187.0 5.32265316521156e-09
2188.0 5.320579594980277e-09
2189.0 5.318506024748993e-09
2190.0 5.31643245451771e-09
2191.0 5.314358884286427e-09
2192.0 5.312285314055143e-09
2193.0 5.31021174382386e-09
2194.0 5.308138173592577e-09
2195.0 5.3060646033612935e-09
2196.0 5.30399103313001e-09
2197.0 5.301917462898726e-09
2198.0 5.299843892667443e-09
2199.0 5.29777032243616e-09
2200.0 5.2956967522048764e-09
2201.0 5.293623181973594e-09
2202.0 5.29154961174231e-09
2203.0 5.2894760415110265e-09
2204.0 5.287402471279743e-09
2205.0 5.285328901048459e-09
2206.0 5.2832553308171766e-09
2207.0 5.281181760585893e-09
2208.0 5.2791081903546094e-09
2209.0 5.277034620123326e-09
2210.0 5.274961049892043e-09
2211.0 5.27288747966076e-09
2212.0 5.270813909429476e-09
2213.0 5.268740339198192e-09
2214.0 5.2666667689669096e-09
2215.0 5.264593198735626e-09
2216.0 5.2625196285043424e-09
2217.0 5.26044605827306e-09
2218.0 5.258372488041776e-09
2219.0 5.2562989178104925e-09
2220.0 5.25422534757921e-09
2221.0 5.252151777347925e-09
2222.0 5.250078207116642e-09
2223.0 5.248004636885358e-09
2224.0 5.245931066654076e-09
2225.0 5.243857496422792e-09
2226.0 5.241783926191508e-09
2227.0 5.239710355960226e-09
2228.0 5.237636785728943e-09
2229.0 5.235563215497658e-09
2230.0 5.233489645266376e-09
2231.0 5.231416075035093e-09
2232.0 5.229342504803809e-09
2233.0 5.2272689345725265e-09
2234.0 5.225195364341243e-09
2235.0 5.223121794109959e-09
2236.0 5.221048223878676e-09
2237.0 5.218974653647393e-09
2238.0 5.2169010834161094e-09
2239.0 5.214827513184826e-09
2240.0 5.212753942953543e-09
2241.0 5.21068037272226e-09
2242.0 5.208606802490976e-09
2243.0 5.206533232259693e-09
2244.0 5.2044596620284096e-09
2245.0 5.202386091797126e-09
2246.0 5.200312521565843e-09
2247.0 5.19823895133456e-09
2248.0 5.196165381103276e-09
2249.0 5.194091810871993e-09
2250.0 5.19201824064071e-09
2251.0 5.189944670409426e-09
2252.0 5.1878711001781426e-09
2253.0 5.18579752994686e-09
2254.0 5.183723959715576e-09
2255.0 5.181650389484293e-09
2256.0 5.17957681925301e-09
2257.0 5.177503249021726e-09
2258.0 5.175429678790443e-09
2259.0 5.17335610855916e-09
2260.0 5.171282538327876e-09
2261.0 5.169208968096593e-09
2262.0 5.167135397865309e-09
2263.0 5.1650618276340265e-09
2264.0 5.162988257402743e-09
2265.0 5.160914687171459e-09
2266.0 5.158841116940176e-09
2267.0 5.156767546708893e-09
2268.0 5.154693976477609e-09
2269.0 5.152620406246326e-09
2270.0 5.150546836015042e-09
2271.0 5.148473265783759e-09
2272.0 5.146399695552476e-09
2273.0 5.144326125321192e-09
2274.0 5.142252555089909e-09
2275.0 5.140178984858627e-09
2276.0 5.1381054146273424e-09
2277.0 5.136031844396059e-09
2278.0 5.133958274164777e-09
2279.0 5.1318847039334925e-09
2280.0 5.12981113370221e-09
2281.0 5.127737563470925e-09
2282.0 5.125663993239643e-09
2283.0 5.123590423008359e-09
2284.0 5.121516852777076e-09
2285.0 5.119443282545793e-09
2286.0 5.117369712314509e-09
2287.0 5.1152961420832255e-09
2288.0 5.113222571851943e-09
2289.0 5.111149001620659e-09
2290.0 5.1090754313893756e-09
2291.0 5.107001861158093e-09
2292.0 5.104928290926809e-09
2293.0 5.102854720695526e-09
2294.0 5.100781150464242e-09
2295.0 5.098707580232959e-09
2296.0 5.096634010001676e-09
2297.0 5.094560439770392e-09
2298.0 5.092486869539109e-09
2299.0 5.090413299307826e-09
2300.0 5.088339729076542e-09
2301.0 5.086266158845259e-09
2302.0 5.084192588613976e-09
2303.0 5.082119018382692e-09
2304.0 5.0800722126209e-09
2305.0 5.0782173135128744e-09
2306.0 5.076362414404849e-09
2307.0 5.074507515296822e-09
2308.0 5.072652616188797e-09
2309.0 5.0707977170807705e-09
2310.0 5.068942817972744e-09
2311.0 5.067087918864719e-09
2312.0 5.065233019756692e-09
2313.0 5.0633781206486674e-09
2314.0 5.061523221540642e-09
2315.0 5.059668322432615e-09
2316.0 5.0578134233245905e-09
2317.0 5.055958524216564e-09
2318.0 5.054103625108538e-09
2319.0 5.052248726000513e-09
2320.0 5.050393826892487e-09
2321.0 5.0485389277844604e-09
2322.0 5.046684028676436e-09
2323.0 5.04482912956841e-09
2324.0 5.0429742304603835e-09
2325.0 5.041119331352358e-09
2326.0 5.039264432244332e-09
2327.0 5.037409533136306e-09
2328.0 5.035554634028281e-09
2329.0 5.033699734920255e-09
2330.0 5.031844835812229e-09
2331.0 5.029989936704204e-09
2332.0 5.028135037596177e-09
2333.0 5.026280138488152e-09
2334.0 5.024425239380126e-09
2335.0 5.0225703402721005e-09
2336.0 5.020715441164074e-09
2337.0 5.018860542056049e-09
2338.0 5.0170056429480236e-09
2339.0 5.015150743839997e-09
2340.0 5.013295844731972e-09
2341.0 5.011440945623946e-09
2342.0 5.00958604651592e-09
2343.0 5.007731147407894e-09
2344.0 5.005876248299869e-09
2345.0 5.004021349191843e-09
2346.0 5.002166450083817e-09
2347.0 5.000311550975792e-09
2348.0 4.998456651867766e-09
2349.0 4.99660175275974e-09
2350.0 4.994746853651714e-09
2351.0 4.992891954543688e-09
2352.0 4.991037055435663e-09
2353.0 4.989182156327636e-09
2354.0 4.987327257219611e-09
2355.0 4.985472358111586e-09
2356.0 4.983617459003559e-09
2357.0 4.9817625598955335e-09
2358.0 4.979907660787508e-09
2359.0 4.978052761679481e-09
2360.0 4.976197862571457e-09
2361.0 4.974342963463431e-09
2362.0 4.972488064355404e-09
2363.0 4.97063316524738e-09
2364.0 4.9687782661393535e-09
2365.0 4.9669233670313265e-09
2366.0 4.965068467923302e-09
2367.0 4.963213568815276e-09
2368.0 4.96135866970725e-09
2369.0 4.959503770599225e-09
2370.0 4.957648871491199e-09
2371.0 4.955793972383173e-09
2372.0 4.953939073275147e-09
2373.0 4.952084174167121e-09
2374.0 4.950229275059095e-09
2375.0 4.94837437595107e-09
2376.0 4.9465194768430434e-09
2377.0 4.944664577735018e-09
2378.0 4.942809678626993e-09
2379.0 4.940954779518967e-09
2380.0 4.939099880410941e-09
2381.0 4.937244981302915e-09
2382.0 4.93539008219489e-09
2383.0 4.9335351830868634e-09
2384.0 4.931680283978838e-09
2385.0 4.929825384870813e-09
2386.0 4.9279704857627865e-09
2387.0 4.926115586654761e-09
2388.0 4.924260687546735e-09
2389.0 4.922405788438708e-09
2390.0 4.920550889330683e-09
2391.0 4.918695990222659e-09
2392.0 4.916841091114632e-09
2393.0 4.9149861920066066e-09
2394.0 4.9131312928985796e-09
2395.0 4.911276393790555e-09
2396.0 4.909421494682529e-09
2397.0 4.907566595574502e-09
2398.0 4.905711696466477e-09
2399.0 4.903856797358452e-09
2400.0 4.902001898250425e-09
2401.0 4.9001469991424e-09
2402.0 4.898292100034373e-09
2403.0 4.896437200926349e-09
2404.0 4.894582301818323e-09
2405.0 4.8927274027102965e-09
2406.0 4.89087250360227e-09
2407.0 4.889017604494246e-09
2408.0 4.8871627053862196e-09
2409.0 4.885307806278193e-09
2410.0 4.883452907170169e-09
2411.0 4.881598008062143e-09
2412.0 4.8797431089541165e-09
2413.0 4.877888209846091e-09
2414.0 4.876033310738065e-09
2415.0 4.874178411630039e-09
2416.0 4.872323512522013e-09
2417.0 4.870468613413988e-09
2418.0 4.868613714305963e-09
2419.0 4.8667588151979365e-09
2420.0 4.86490391608991e-09
2421.0 4.863049016981884e-09
2422.0 4.861194117873859e-09
2423.0 4.8593392187658334e-09
2424.0 4.857484319657807e-09
2425.0 4.855629420549782e-09
2426.0 4.8537745214417565e-09
2427.0 4.85191962233373e-09
2428.0 4.850064723225704e-09
2429.0 4.848209824117679e-09
2430.0 4.846354925009653e-09
2431.0 4.844500025901627e-09
2432.0 4.842645126793602e-09
2433.0 4.840790227685576e-09
2434.0 4.83893532857755e-09
2435.0 4.837080429469523e-09
2436.0 4.835225530361498e-09
2437.0 4.833370631253473e-09
2438.0 4.831515732145446e-09
2439.0 4.829660833037421e-09
2440.0 4.827805933929396e-09
2441.0 4.825951034821369e-09
2442.0 4.824096135713344e-09
2443.0 4.822241236605319e-09
2444.0 4.820386337497292e-09
2445.0 4.8185314383892665e-09
2446.0 4.81667653928124e-09
2447.0 4.814821640173214e-09
2448.0 4.8129667410651896e-09
2449.0 4.811111841957163e-09
2450.0 4.809256942849137e-09
2451.0 4.807402043741113e-09
2452.0 4.805547144633086e-09
2453.0 4.8036922455250595e-09
2454.0 4.801837346417034e-09
2455.0 4.799982447309009e-09
2456.0 4.7981275482009826e-09
2457.0 4.796272649092957e-09
2458.0 4.794417749984932e-09
2459.0 4.792562850876906e-09
2460.0 4.7907079517688795e-09
2461.0 4.788853052660855e-09
2462.0 4.786998153552828e-09
2463.0 4.7851432544448026e-09
2464.0 4.783288355336777e-09
2465.0 4.781433456228751e-09
2466.0 4.779578557120726e-09
2467.0 4.7777236580127e-09
2468.0 4.775868758904673e-09
2469.0 4.774013859796648e-09
2470.0 4.772158960688623e-09
2471.0 4.770304061580596e-09
2472.0 4.768449162472571e-09
2473.0 4.766594263364546e-09
2474.0 4.7647393642565195e-09
2475.0 4.762884465148494e-09
2476.0 4.761029566040467e-09
2477.0 4.759174666932442e-09
2478.0 4.7573197678244164e-09
2479.0 4.7554648687163894e-09
2480.0 4.753609969608365e-09
2481.0 4.7517550705003395e-09
2482.0 4.750013118199881e-09
2483.0 4.7483274449174564e-09
2484.0 4.746641771635031e-09
2485.0 4.744956098352606e-09
2486.0 4.743270425070181e-09
2487.0 4.741584751787755e-09
2488.0 4.739899078505331e-09
2489.0 4.738213405222907e-09
2490.0 4.73652773194048e-09
2491.0 4.734842058658055e-09
2492.0 4.73315638537563e-09
2493.0 4.731470712093204e-09
2494.0 4.729785038810779e-09
2495.0 4.728099365528353e-09
2496.0 4.726413692245929e-09
2497.0 4.724728018963503e-09
2498.0 4.723042345681077e-09
2499.0 4.721356672398652e-09
2500.0 4.719670999116228e-09
2501.0 4.7179853258338025e-09
2502.0 4.716299652551378e-09
2503.0 4.714613979268951e-09
2504.0 4.712928305986527e-09
2505.0 4.711242632704101e-09
2506.0 4.7095569594216756e-09
2507.0 4.707871286139251e-09
2508.0 4.706185612856826e-09
2509.0 4.7044999395744e-09
2510.0 4.702814266291975e-09
2511.0 4.7011285930095494e-09
2512.0 4.699442919727125e-09
2513.0 4.6977572464447e-09
2514.0 4.696071573162274e-09
2515.0 4.694385899879849e-09
2516.0 4.692700226597424e-09
2517.0 4.691014553314998e-09
2518.0 4.6893288800325735e-09
2519.0 4.687643206750147e-09
2520.0 4.685957533467723e-09
2521.0 4.684271860185298e-09
2522.0 4.682586186902872e-09
2523.0 4.680900513620447e-09
2524.0 4.6792148403380225e-09
2525.0 4.677529167055597e-09
2526.0 4.675843493773172e-09
2527.0 4.674157820490745e-09
2528.0 4.672472147208321e-09
2529.0 4.6707864739258955e-09
2530.0 4.66910080064347e-09
2531.0 4.667415127361045e-09
2532.0 4.66572945407862e-09
2533.0 4.664043780796194e-09
2534.0 4.662358107513769e-09
2535.0 4.660672434231344e-09
2536.0 4.6589867609489196e-09
2537.0 4.657301087666494e-09
2538.0 4.655615414384068e-09
2539.0 4.653929741101643e-09
2540.0 4.652244067819218e-09
2541.0 4.650558394536793e-09
2542.0 4.648872721254368e-09
2543.0 4.647187047971941e-09
2544.0 4.645501374689517e-09
2545.0 4.643815701407091e-09
2546.0 4.6421300281246665e-09
2547.0 4.6404443548422416e-09
2548.0 4.638758681559817e-09
2549.0 4.637073008277391e-09
2550.0 4.635387334994966e-09
2551.0 4.6337016617125395e-09
2552.0 4.6320159884301154e-09
2553.0 4.630330315147689e-09
2554.0 4.628644641865264e-09
2555.0 4.626958968582839e-09
2556.0 4.625273295300414e-09
2557.0 4.6235876220179885e-09
2558.0 4.621901948735564e-09
2559.0 4.620216275453138e-09
2560.0 4.618530602170713e-09
2561.0 4.616844928888288e-09
2562.0 4.615159255605862e-09
2563.0 4.6134735823234374e-09
2564.0 4.611787909041011e-09
2565.0 4.610102235758587e-09
2566.0 4.608416562476162e-09
2567.0 4.606730889193735e-09
2568.0 4.6050452159113105e-09
2569.0 4.6033595426288864e-09
2570.0 4.601673869346461e-09
2571.0 4.599988196064036e-09
2572.0 4.598302522781609e-09
2573.0 4.596616849499185e-09
2574.0 4.59493117621676e-09
2575.0 4.593245502934334e-09
2576.0 4.591559829651909e-09
2577.0 4.589874156369484e-09
2578.0 4.588188483087058e-09
2579.0 4.586502809804633e-09
2580.0 4.584817136522208e-09
2581.0 4.5831314632397835e-09
2582.0 4.581445789957358e-09
2583.0 4.579760116674932e-09
2584.0 4.578074443392507e-09
2585.0 4.576388770110082e-09
2586.0 4.5747030968276566e-09
2587.0 4.573017423545232e-09
2588.0 4.571331750262805e-09
2589.0 4.569646076980381e-09
2590.0 4.567960403697956e-09
2591.0 4.56627473041553e-09
2592.0 4.5645890571331055e-09
2593.0 4.56290338385068e-09
2594.0 4.561217710568255e-09
2595.0 4.55953203728583e-09
2596.0 4.5578463640034035e-09
2597.0 4.556160690720979e-09
2598.0 4.554475017438553e-09
2599.0 4.552789344156129e-09
2600.0 4.551103670873703e-09
2601.0 4.549417997591278e-09
2602.0 4.5477323243088524e-09
2603.0 4.5460466510264275e-09
2604.0 4.544360977744003e-09
2605.0 4.542675304461578e-09
2606.0 4.540989631179152e-09
2607.0 4.539303957896727e-09
2608.0 4.537618284614301e-09
2609.0 4.535932611331876e-09
2610.0 4.534246938049451e-09
2611.0 4.532561264767026e-09
2612.0 4.5308755914846e-09
2613.0 4.529189918202175e-09
2614.0 4.527504244919749e-09
2615.0 4.525818571637325e-09
2616.0 4.5241328983549e-09
2617.0 4.522447225072475e-09
2618.0 4.520761551790049e-09
2619.0 4.519075878507624e-09
2620.0 4.5173902052251985e-09
2621.0 4.515704531942774e-09
2622.0 4.514018858660349e-09
2623.0 4.512333185377923e-09
2624.0 4.510647512095497e-09
2625.0 4.5089618388130715e-09
2626.0 4.507276165530647e-09
2627.0 4.505590492248222e-09
2628.0 4.503904818965797e-09
2629.0 4.502219145683372e-09
2630.0 4.500533472400945e-09
2631.0 4.498847799118521e-09
2632.0 4.497162125836096e-09
2633.0 4.4954764525536715e-09
2634.0 4.493790779271245e-09
2635.0 4.49210510598882e-09
2636.0 4.490419432706394e-09
2637.0 4.4887337594239695e-09
2638.0 4.487048086141544e-09
2639.0 4.48536241285912e-09
2640.0 4.483676739576694e-09
2641.0 4.481991066294268e-09
2642.0 4.480305393011843e-09
2643.0 4.4786197197294184e-09
2644.0 4.476934046446993e-09
2645.0 4.475248373164568e-09
2646.0 4.473562699882141e-09
2647.0 4.471877026599717e-09
2648.0 4.4701913533172915e-09
2649.0 4.468505680034866e-09
2650.0 4.466820006752441e-09
2651.0 4.465134333470017e-09
2652.0 4.463448660187591e-09
2653.0 4.461762986905166e-09
2654.0 4.46007731362274e-09
2655.0 4.4583916403403156e-09
2656.0 4.45670596705789e-09
2657.0 4.455020293775464e-09
2658.0 4.453334620493039e-09
2659.0 4.4516489472106135e-09
2660.0 4.449963273928189e-09
2661.0 4.448277600645764e-09
2662.0 4.446591927363338e-09
2663.0 4.444906254080914e-09
2664.0 4.443220580798488e-09
2665.0 4.4415349075160625e-09
2666.0 4.4398492342336376e-09
2667.0 4.438163560951213e-09
2668.0 4.436477887668787e-09
2669.0 4.434792214386362e-09
2670.0 4.4331065411039355e-09
2671.0 4.4314208678215114e-09
2672.0 4.429735194539086e-09
2673.0 4.428135237074341e-09
2674.0 4.426607102568823e-09
2675.0 4.4250789680633054e-09
2676.0 4.423550833557788e-09
2677.0 4.422022699052271e-09
2678.0 4.420494564546754e-09
2679.0 4.418966430041237e-09
2680.0 4.417438295535718e-09
2681.0 4.415910161030201e-09
2682.0 4.414382026524684e-09
2683.0 4.4128538920191655e-09
2684.0 4.411325757513649e-09
2685.0 4.409797623008132e-09
2686.0 4.408269488502615e-09
2687.0 4.406741353997097e-09
2688.0 4.405213219491579e-09
2689.0 4.403685084986062e-09
2690.0 4.402156950480545e-09
2691.0 4.4006288159750265e-09
2692.0 4.399100681469511e-09
2693.0 4.397572546963992e-09
2694.0 4.396044412458475e-09
2695.0 4.394516277952958e-09
2696.0 4.3929881434474395e-09
2697.0 4.391460008941923e-09
2698.0 4.389931874436406e-09
2699.0 4.388403739930888e-09
2700.0 4.386875605425371e-09
2701.0 4.385347470919853e-09
2702.0 4.383819336414336e-09
2703.0 4.382291201908819e-09
2704.0 4.380763067403302e-09
2705.0 4.379234932897785e-09
2706.0 4.377706798392266e-09
2707.0 4.376178663886749e-09
2708.0 4.374650529381232e-09
2709.0 4.3731223948757135e-09
2710.0 4.371594260370198e-09
2711.0 4.3700661258646804e-09
2712.0 4.368537991359162e-09
2713.0 4.367009856853645e-09
2714.0 4.365481722348127e-09
2715.0 4.36395358784261e-09
2716.0 4.362425453337093e-09
2717.0 4.360897318831577e-09
2718.0 4.359369184326059e-09
2719.0 4.3578410498205405e-09
2720.0 4.356312915315023e-09
2721.0 4.354784780809506e-09
2722.0 4.353256646303988e-09
2723.0 4.351728511798472e-09
2724.0 4.3502003772929544e-09
2725.0 4.348672242787437e-09
2726.0 4.347144108281919e-09
2727.0 4.3456159737764014e-09
2728.0 4.344087839270883e-09
2729.0 4.342559704765367e-09
2730.0 4.341031570259849e-09
2731.0 4.339503435754333e-09
2732.0 4.3379753012488145e-09
2733.0 4.336447166743297e-09
2734.0 4.33491903223778e-09
2735.0 4.333390897732262e-09
2736.0 4.331862763226746e-09
2737.0 4.330334628721228e-09
2738.0 4.328806494215709e-09
2739.0 4.327278359710193e-09
2740.0 4.3257502252046754e-09
2741.0 4.324222090699159e-09
2742.0 4.322693956193641e-09
2743.0 4.321165821688123e-09
2744.0 4.319637687182607e-09
2745.0 4.3181095526770885e-09
2746.0 4.31658141817157e-09
2747.0 4.315053283666054e-09
2748.0 4.313525149160536e-09
2749.0 4.311997014655019e-09
2750.0 4.3104688801495024e-09
2751.0 4.308940745643983e-09
2752.0 4.307412611138467e-09
2753.0 4.3058844766329495e-09
2754.0 4.304356342127431e-09
2755.0 4.3028282076219155e-09
2756.0 4.301300073116398e-09
2757.0 4.29977193861088e-09
2758.0 4.2982438041053625e-09
2759.0 4.296715669599845e-09
2760.0 4.295187535094328e-09
2761.0 4.29365940058881e-09
2762.0 4.292131266083294e-09
2763.0 4.2906031315777764e-09
2764.0 4.289074997072258e-09
2765.0 4.287546862566741e-09
2766.0 4.2860187280612235e-09
2767.0 4.284490593555706e-09
2768.0 4.2829624590501895e-09
2769.0 4.281434324544672e-09
2770.0 4.279906190039154e-09
2771.0 4.2783780555336365e-09
2772.0 4.276849921028119e-09
2773.0 4.275321786522601e-09
2774.0 4.273793652017085e-09
2775.0 4.272265517511567e-09
2776.0 4.2707373830060504e-09
2777.0 4.269209248500532e-09
2778.0 4.267681113995014e-09
2779.0 4.2661529794894975e-09
2780.0 4.26462484498398e-09
2781.0 4.2630967104784635e-09
2782.0 4.261568575972946e-09
2783.0 4.260040441467428e-09
2784.0 4.2585123069619105e-09
2785.0 4.256984172456393e-09
2786.0 4.255456037950875e-09
2787.0 4.253927903445359e-09
2788.0 4.252399768939841e-09
2789.0 4.2508716344343244e-09
2790.0 4.249343499928806e-09
2791.0 4.247815365423288e-09
2792.0 4.2462872309177715e-09
2793.0 4.244759096412254e-09
2794.0 4.2432309619067375e-09
2795.0 4.24170282740122e-09
2796.0 4.240174692895702e-09
2797.0 4.2386465583901845e-09
2798.0 4.237118423884667e-09
2799.0 4.235590289379149e-09
2800.0 4.234062154873633e-09
2801.0 4.232534020368116e-09
2802.0 4.2310058858625984e-09
2803.0 4.22947775135708e-09
2804.0 4.227949616851563e-09
2805.0 4.2264214823460455e-09
2806.0 4.224893347840529e-09
2807.0 4.2233652133350115e-09
2808.0 4.221837078829495e-09
2809.0 4.220308944323976e-09
2810.0 4.2187808098184585e-09
2811.0 4.217252675312941e-09
2812.0 4.215724540807424e-09
2813.0 4.214196406301907e-09
2814.0 4.21266827179639e-09
2815.0 4.211140137290872e-09
2816.0 4.209612002785354e-09
2817.0 4.208083868279837e-09
2818.0 4.206555733774319e-09
2819.0 4.205027599268803e-09
2820.0 4.203499464763285e-09
2821.0 4.201971330257768e-09
2822.0 4.20044319575225e-09
2823.0 4.198915061246732e-09
2824.0 4.197386926741216e-09
2825.0 4.195858792235698e-09
2826.0 4.194330657730181e-09
2827.0 4.192802523224664e-09
2828.0 4.191274388719146e-09
2829.0 4.189746254213628e-09
2830.0 4.188218119708111e-09
2831.0 4.186689985202593e-09
2832.0 4.185161850697077e-09
2833.0 4.183633716191559e-09
2834.0 4.182105581686042e-09
2835.0 4.180577447180524e-09
2836.0 4.1790493126750065e-09
2837.0 4.177521178169489e-09
2838.0 4.175993043663973e-09
2839.0 4.174464909158455e-09
2840.0 4.172936774652938e-09
2841.0 4.17140864014742e-09
2842.0 4.169880505641902e-09
2843.0 4.168352371136385e-09
2844.0 4.166824236630867e-09
2845.0 4.165296102125351e-09
2846.0 4.1637679676198335e-09
2847.0 4.162239833114316e-09
2848.0 4.160711698608798e-09
2849.0 4.1591835641032805e-09
2850.0 4.157655429597763e-09
2851.0 4.156127295092247e-09
2852.0 4.154599160586729e-09
2853.0 4.153071026081212e-09
2854.0 4.151542891575694e-09
2855.0 4.150014757070176e-09
2856.0 4.148486622564659e-09
2857.0 4.1469584880591415e-09
2858.0 4.145430353553625e-09
2859.0 4.1439022190481075e-09
2860.0 4.142374084542589e-09
2861.0 4.140845950037072e-09
2862.0 4.1393178155315546e-09
2863.0 4.137789681026036e-09
2864.0 4.136261546520521e-09
2865.0 4.134733412015002e-09
2866.0 4.133205277509486e-09
2867.0 4.131677143003968e-09
2868.0 4.1301490084984494e-09
2869.0 4.128620873992933e-09
2870.0 4.1270927394874155e-09
2871.0 4.125564604981899e-09
2872.0 4.1240364704763815e-09
2873.0 4.122508335970863e-09
2874.0 4.120980201465346e-09
2875.0 4.1194520669598286e-09
2876.0 4.11792393245431e-09
2877.0 4.116395797948795e-09
2878.0 4.114867663443276e-09
2879.0 4.113446143445528e-09
2880.0 4.112070406913479e-09
2881.0 4.110694670381428e-09
2882.0 4.109318933849379e-09
2883.0 4.1079431973173296e-09
2884.0 4.10656746078528e-09
2885.0 4.105191724253231e-09
2886.0 4.10381598772118e-09
2887.0 4.1024402511891315e-09
2888.0 4.101064514657081e-09
2889.0 4.099688778125032e-09
2890.0 4.0983130415929815e-09
2891.0 4.096937305060933e-09
2892.0 4.095561568528882e-09
2893.0 4.094185831996833e-09
2894.0 4.0928100954647834e-09
2895.0 4.091434358932734e-09
2896.0 4.090058622400685e-09
2897.0 4.088682885868634e-09
2898.0 4.087307149336585e-09
2899.0 4.085931412804535e-09
2900.0 4.084555676272486e-09
2901.0 4.083179939740435e-09
2902.0 4.081804203208387e-09
2903.0 4.080428466676337e-09
2904.0 4.079052730144287e-09
2905.0 4.077676993612237e-09
2906.0 4.0763012570801876e-09
2907.0 4.074925520548139e-09
2908.0 4.073549784016088e-09
2909.0 4.072174047484039e-09
2910.0 4.070798310951989e-09
2911.0 4.06942257441994e-09
2912.0 4.068046837887889e-09
2913.0 4.06667110135584e-09
2914.0 4.06529536482379e-09
2915.0 4.06391962829174e-09
2916.0 4.062543891759691e-09
2917.0 4.0611681552276414e-09
2918.0 4.059792418695592e-09
2919.0 4.058416682163542e-09
2920.0 4.057040945631492e-09
2921.0 4.0556652090994426e-09
2922.0 4.054289472567393e-09
2923.0 4.052913736035343e-09
2924.0 4.051537999503293e-09
2925.0 4.050162262971244e-09
2926.0 4.048786526439194e-09
2927.0 4.047410789907145e-09
2928.0 4.046035053375095e-09
2929.0 4.044659316843046e-09
2930.0 4.043283580310995e-09
2931.0 4.041907843778946e-09
2932.0 4.040532107246896e-09
2933.0 4.039156370714847e-09
2934.0 4.037780634182799e-09
2935.0 4.036404897650747e-09
2936.0 4.035029161118698e-09
2937.0 4.033653424586648e-09
2938.0 4.0322776880546e-09
2939.0 4.030901951522548e-09
2940.0 4.029526214990501e-09
2941.0 4.02815047845845e-09
2942.0 4.026774741926401e-09
2943.0 4.025399005394351e-09
2944.0 4.024023268862301e-09
2945.0 4.022647532330252e-09
2946.0 4.021271795798202e-09
2947.0 4.019896059266152e-09
2948.0 4.0185203227341025e-09
2949.0 4.017144586202054e-09
2950.0 4.015768849670003e-09
2951.0 4.014393113137954e-09
2952.0 4.0130173766059044e-09
2953.0 4.011641640073855e-09
2954.0 4.010265903541805e-09
2955.0 4.008890167009755e-09
2956.0 4.0075144304777055e-09
2957.0 4.006138693945656e-09
2958.0 4.004762957413606e-09
2959.0 4.003387220881556e-09
2960.0 4.0020114843495075e-09
2961.0 4.000635747817457e-09
2962.0 3.999260011285408e-09
2963.0 3.997884274753358e-09
2964.0 3.9965085382213086e-09
2965.0 3.995132801689259e-09
2966.0 3.993757065157209e-09
2967.0 3.992381328625159e-09
2968.0 3.99100559209311e-09
2969.0 3.98962985556106e-09
2970.0 3.98825411902901e-09
2971.0 3.986878382496961e-09
2972.0 3.985502645964912e-09
2973.0 3.984126909432862e-09
2974.0 3.982751172900812e-09
2975.0 3.9813754363687624e-09
2976.0 3.979999699836713e-09
2977.0 3.978623963304663e-09
2978.0 3.977248226772613e-09
2979.0 3.975872490240564e-09
2980.0 3.974496753708514e-09
2981.0 3.973121017176465e-09
2982.0 3.971745280644415e-09
2983.0 3.9703695441123655e-09
2984.0 3.968993807580316e-09
2985.0 3.967618071048266e-09
2986.0 3.966242334516216e-09
2987.0 3.9648665979841666e-09
2988.0 3.963490861452117e-09
2989.0 3.962115124920067e-09
2990.0 3.960739388388017e-09
2991.0 3.9593636518559685e-09
2992.0 3.957987915323918e-09
2993.0 3.956612178791868e-09
2994.0 3.9552364422598185e-09
2995.0 3.953860705727769e-09
2996.0 3.952484969195719e-09
2997.0 3.951109232663669e-09
2998.0 3.94973349613162e-09
2999.0 3.94835775959957e-09
3000.0 3.94698202306752e-09
3001.0 3.9456062865354704e-09
3002.0 3.9442305500034215e-09
3003.0 3.942854813471373e-09
3004.0 3.941479076939323e-09
3005.0 3.940103340407273e-09
3006.0 3.938727603875223e-09
3007.0 3.937351867343174e-09
3008.0 3.935976130811123e-09
3009.0 3.934600394279074e-09
3010.0 3.933224657747024e-09
3011.0 3.931848921214975e-09
3012.0 3.930473184682926e-09
3013.0 3.929097448150876e-09
3014.0 3.9277217116188265e-09
3015.0 3.926345975086777e-09
3016.0 3.924970238554727e-09
3017.0 3.923594502022677e-09
3018.0 3.922218765490628e-09
3019.0 3.920843028958578e-09
3020.0 3.919467292426528e-09
3021.0 3.918091555894479e-09
3022.0 3.916715819362429e-09
3023.0 3.91534008283038e-09
3024.0 3.91396434629833e-09
3025.0 3.91258860976628e-09
3026.0 3.911212873234231e-09
3027.0 3.909837136702181e-09
3028.0 3.908461400170131e-09
3029.0 3.9070856636380815e-09
3030.0 3.905709927106032e-09
3031.0 3.904334190573982e-09
3032.0 3.902958454041933e-09
3033.0 3.901582717509883e-09
3034.0 3.900206980977834e-09
3035.0 3.898831244445784e-09
3036.0 3.897455507913734e-09
3037.0 3.8960797713816845e-09
3038.0 3.894704034849635e-09
3039.0 3.893328298317585e-09
3040.0 3.891952561785535e-09
3041.0 3.8905768252534864e-09
3042.0 3.889201088721436e-09
3043.0 3.887825352189387e-09
3044.0 3.886449615657337e-09
3045.0 3.8850738791252875e-09
3046.0 3.883698142593238e-09
3047.0 3.882322406061188e-09
3048.0 3.880946669529138e-09
3049.0 3.8795709329970895e-09
3050.0 3.878195196465039e-09
3051.0 3.876819459932989e-09
3052.0 3.87544372340094e-09
3053.0 3.87406798686889e-09
3054.0 3.872692250336841e-09
3055.0 3.871316513804791e-09
3056.0 3.869940777272741e-09
3057.0 3.868565040740692e-09
3058.0 3.867189304208642e-09
3059.0 3.865813567676592e-09
3060.0 3.8644378311445425e-09
3061.0 3.863062094612493e-09
3062.0 3.861686358080443e-09
3063.0 3.860310621548393e-09
3064.0 3.858934885016344e-09
3065.0 3.857559148484294e-09
3066.0 3.856183411952245e-09
3067.0 3.8548076754201944e-09
3068.0 3.8534319388881455e-09
3069.0 3.852056202356095e-09
3070.0 3.850680465824046e-09
3071.0 3.8493047292919956e-09
3072.0 3.847928992759947e-09
3073.0 3.846553256227896e-09
3074.0 3.845177519695848e-09
3075.0 3.8438017831637975e-09
3076.0 3.842426046631748e-09
3077.0 3.841050310099698e-09
3078.0 3.839674573567648e-09
3079.0 3.838298837035599e-09
3080.0 3.836923100503549e-09
3081.0 3.835547363971501e-09
3082.0 3.8341716274394494e-09
3083.0 3.832795890907401e-09
3084.0 3.83142015437535e-09
3085.0 3.830044417843302e-09
3086.0 3.828668681311251e-09
3087.0 3.8272929447792024e-09
3088.0 3.825917208247153e-09
3089.0 3.824541471715103e-09
3090.0 3.8231657351830525e-09
3091.0 3.8217899986510036e-09
3092.0 3.820414262118955e-09
3093.0 3.819038525586904e-09
3094.0 3.817662789054855e-09
3095.0 3.816287052522805e-09
3096.0 3.814911315990756e-09
3097.0 3.813535579458706e-09
3098.0 3.812159842926656e-09
3099.0 3.810784106394607e-09
3100.0 3.809408369862556e-09
