2.0 3.45735841597029e-08
3.0 4.6681468774628316e-08
4.0 5.808159755550838e-08
5.0 6.876433617902149e-08
6.0 7.877369621945922e-08
7.0 8.803015184733201e-08
8.0 9.662960563905761e-08
9.0 1.0461906005283131e-07
10.0 1.1202950213989359e-07
11.0 1.1879676305073753e-07
12.0 1.2523418346210192e-07
13.0 1.3096324461565763e-07
14.0 1.362214165194508e-07
15.0 1.412780598172716e-07
16.0 1.4584452553302668e-07
17.0 1.4972576218686707e-07
18.0 1.5347914955319728e-07
19.0 1.5699042553223637e-07
20.0 1.6023183187461877e-07
21.0 1.6272344282167933e-07
22.0 1.6510358969151887e-07
23.0 1.6737639083920392e-07
24.0 1.6936603706919943e-07
25.0 1.7125012988467313e-07
26.0 1.7238944455590975e-07
27.0 1.7348380904208366e-07
28.0 1.7432581459713505e-07
29.0 1.7514880927472738e-07
30.0 1.7576224884470547e-07
31.0 1.7637568841468356e-07
32.0 1.7637545137123994e-07
33.0 1.7627187117554706e-07
34.0 1.7600565781169385e-07
35.0 1.7554621498709433e-07
36.0 1.7508677216249475e-07
37.0 1.7452249340375905e-07
38.0 1.739430158432598e-07
39.0 1.733231198363626e-07
40.0 1.722982404108429e-07
41.0 1.7127336098532318e-07
42.0 1.7022116597434043e-07
43.0 1.689050170784727e-07
44.0 1.6758886818260506e-07
45.0 1.6627271928673734e-07
46.0 1.6492774497559635e-07
47.0 1.6357830948255292e-07
48.0 1.622288739895095e-07
49.0 1.6084554784690137e-07
50.0 1.5940911335163742e-07
51.0 1.579726788563735e-07
52.0 1.5653624436110953e-07
53.0 1.550531964347125e-07
54.0 1.5354453313551724e-07
55.0 1.5203586983632198e-07
56.0 1.505272065371267e-07
57.0 1.4902366165544213e-07
58.0 1.475233512865312e-07
59.0 1.4602304091762035e-07
60.0 1.4452273054870946e-07
61.0 1.430471484676801e-07
62.0 1.4163856968705938e-07
63.0 1.4022999090643867e-07
64.0 1.3882141212581796e-07
65.0 1.3741283334519723e-07
66.0 1.3606563270178907e-07
67.0 1.3476076073013923e-07
68.0 1.3345588875848943e-07
69.0 1.3215101678683962e-07
70.0 1.3084614481518975e-07
71.0 1.29555852695811e-07
72.0 1.282773069902513e-07
73.0 1.2699876128469163e-07
74.0 1.2572021557913191e-07
75.0 1.2444166987357222e-07
76.0 1.2317600802222852e-07
77.0 1.2199832752065302e-07
78.0 1.2082064701907757e-07
79.0 1.1964296651750213e-07
80.0 1.1846528601592668e-07
81.0 1.1728760551435121e-07
82.0 1.1615110536850652e-07
83.0 1.1511857338177783e-07
84.0 1.1408604139504911e-07
85.0 1.1305350940832039e-07
86.0 1.120209774215917e-07
87.0 1.1098844543486298e-07
88.0 1.0995591344813429e-07
89.0 1.0895528019811714e-07
90.0 1.0795498356092716e-07
91.0 1.0695468692373724e-07
92.0 1.0595439028654726e-07
93.0 1.0495409364935732e-07
94.0 1.0395379701216733e-07
95.0 1.0296945824632486e-07
96.0 1.0204493515417228e-07
97.0 1.0112041206201968e-07
98.0 1.0019588896986712e-07
99.0 9.927136587771454e-08
100.0 9.834684278556195e-08
101.0 9.742231969340936e-08
102.0 9.649779660125678e-08
103.0 9.569495508984042e-08
104.0 9.490422216754145e-08
105.0 9.411348924524253e-08
106.0 9.332275632294356e-08
107.0 9.253202340064461e-08
108.0 9.174129047834562e-08
109.0 9.09505575560467e-08
110.0 9.01614566699873e-08
111.0 8.940618109945806e-08
112.0 8.865090552892884e-08
113.0 8.789562995839963e-08
114.0 8.71403543878704e-08
115.0 8.638507881734115e-08
116.0 8.562980324681192e-08
117.0 8.487452767628269e-08
118.0 8.411925210575345e-08
119.0 8.33949293938447e-08
120.0 8.269330934313336e-08
121.0 8.199168929242203e-08
122.0 8.129006924171067e-08
123.0 8.058844919099935e-08
124.0 7.988682914028799e-08
125.0 7.918520908957665e-08
126.0 7.84835890388653e-08
127.0 7.778196898815395e-08
128.0 7.713415680552966e-08
129.0 7.655069126523783e-08
130.0 7.5967225724946e-08
131.0 7.538376018465417e-08
132.0 7.480029464436234e-08
133.0 7.42168291040705e-08
134.0 7.363336356377869e-08
135.0 7.304989802348686e-08
136.0 7.246643248319501e-08
137.0 7.188296694290319e-08
138.0 7.132328156907512e-08
139.0 7.077748179877936e-08
140.0 7.023168202848359e-08
141.0 6.968588225818781e-08
142.0 6.914008248789204e-08
143.0 6.859428271759626e-08
144.0 6.804848294730049e-08
145.0 6.750268317700472e-08
146.0 6.695688340670893e-08
147.0 6.641108363641316e-08
148.0 6.586712470564077e-08
149.0 6.535770627242815e-08
150.0 6.484828783921553e-08
151.0 6.433886940600292e-08
152.0 6.382945097279031e-08
153.0 6.332003253957768e-08
154.0 6.281061410636507e-08
155.0 6.230119567315244e-08
156.0 6.179177723993984e-08
157.0 6.128235880672721e-08
158.0 6.077294037351459e-08
159.0 6.026352194030197e-08
160.0 5.981836955009875e-08
161.0 5.940708617544032e-08
162.0 5.899580280078191e-08
163.0 5.858451942612349e-08
164.0 5.817323605146507e-08
165.0 5.776195267680666e-08
166.0 5.735066930214825e-08
167.0 5.693938592748982e-08
168.0 5.65281025528314e-08
169.0 5.611681917817298e-08
170.0 5.570553580351456e-08
171.0 5.529425242885615e-08
172.0 5.489762888916427e-08
173.0 5.4524782551437146e-08
174.0 5.415193621371001e-08
175.0 5.3779089875982866e-08
176.0 5.340624353825574e-08
177.0 5.3033397200528605e-08
178.0 5.266055086280147e-08
179.0 5.228770452507432e-08
180.0 5.19148581873472e-08
181.0 5.154201184962006e-08
182.0 5.116916551189294e-08
183.0 5.0796319174165776e-08
184.0 5.0423472836438655e-08
185.0 5.005436683849942e-08
186.0 4.970452863706154e-08
187.0 4.935469043562366e-08
188.0 4.9004852234185764e-08
189.0 4.86550140327479e-08
190.0 4.830517583131002e-08
191.0 4.7955337629872136e-08
192.0 4.7605499428434246e-08
193.0 4.7255661226996364e-08
194.0 4.690582302555849e-08
195.0 4.6555984824120605e-08
196.0 4.620614662268272e-08
197.0 4.5856308421244846e-08
198.0 4.550647021980696e-08
199.0 4.515663201836909e-08
200.0 4.487444511954019e-08
201.0 4.4597699243111274e-08
202.0 4.4320953366682355e-08
203.0 4.404420749025343e-08
204.0 4.376746161382451e-08
205.0 4.349071573739559e-08
206.0 4.321396986096667e-08
207.0 4.2937223984537746e-08
208.0 4.2660478108108826e-08
209.0 4.2383732231679914e-08
210.0 4.210698635525099e-08
211.0 4.183024047882207e-08
212.0 4.155349460239315e-08
213.0 4.127674872596423e-08
214.0 4.1000002849535305e-08
215.0 4.074466603283178e-08
216.0 4.050408684065496e-08
217.0 4.026350764847813e-08
218.0 4.002292845630131e-08
219.0 3.97823492641245e-08
220.0 3.954177007194767e-08
221.0 3.930119087977084e-08
222.0 3.906061168759403e-08
223.0 3.882003249541721e-08
224.0 3.8579453303240376e-08
225.0 3.833887411106356e-08
226.0 3.809829491888675e-08
227.0 3.7857715726709924e-08
228.0 3.7617136534533094e-08
229.0 3.737655734235628e-08
230.0 3.713597815017946e-08
231.0 3.689644155131796e-08
232.0 3.666935205228845e-08
233.0 3.6442262553258926e-08
234.0 3.621517305422943e-08
235.0 3.59880835551999e-08
236.0 3.5760994056170384e-08
237.0 3.553390455714088e-08
238.0 3.530681505811137e-08
239.0 3.5079725559081856e-08
240.0 3.485263606005234e-08
241.0 3.4625546561022826e-08
242.0 3.4398457061993314e-08
243.0 3.4171367562963796e-08
244.0 3.3944278063934284e-08
245.0 3.371718856490476e-08
246.0 3.3490099065875254e-08
247.0 3.326300956684574e-08
248.0 3.303592006781623e-08
249.0 3.282324743980403e-08
250.0 3.26457707919377e-08
251.0 3.246829414407136e-08
252.0 3.229081749620503e-08
253.0 3.21133408483387e-08
254.0 3.1935864200472355e-08
255.0 3.1758387552606035e-08
256.0 3.158091090473969e-08
257.0 3.140343425687336e-08
258.0 3.122595760900702e-08
259.0 3.1048480961140675e-08
260.0 3.087100431327435e-08
261.0 3.0693527665408015e-08
262.0 3.051605101754168e-08
263.0 3.033857436967534e-08
264.0 3.0161097721809015e-08
265.0 2.9983621073942675e-08
266.0 2.980614442607634e-08
267.0 2.962866777821e-08
268.0 2.94552355144127e-08
269.0 2.930796892051057e-08
270.0 2.9160702326608456e-08
271.0 2.9013435732706332e-08
272.0 2.8866169138804212e-08
273.0 2.871890254490209e-08
274.0 2.8571635950999974e-08
275.0 2.8424369357097853e-08
276.0 2.827710276319573e-08
277.0 2.81298361692936e-08
278.0 2.7982569575391484e-08
279.0 2.7835302981489364e-08
280.0 2.768803638758724e-08
281.0 2.754076979368512e-08
282.0 2.7393503199782995e-08
283.0 2.7246236605880874e-08
284.0 2.709897001197875e-08
285.0 2.695170341807663e-08
286.0 2.6804436824174515e-08
287.0 2.665717023027239e-08
288.0 2.6509903636370264e-08
289.0 2.6366574630992423e-08
290.0 2.622715765976809e-08
291.0 2.608774068854374e-08
292.0 2.59483237173194e-08
293.0 2.5808906746095048e-08
294.0 2.5669489774870707e-08
295.0 2.5530072803646365e-08
296.0 2.539065583242202e-08
297.0 2.5251238861197673e-08
298.0 2.5111821889973325e-08
299.0 2.4972404918748984e-08
300.0 2.483298794752464e-08
301.0 2.46935709763003e-08
302.0 2.4554154005075953e-08
303.0 2.4414737033851608e-08
304.0 2.4275320062627264e-08
305.0 2.4135903091402916e-08
306.0 2.399648612017857e-08
307.0 2.385706914895423e-08
308.0 2.3717652177729892e-08
309.0 2.3578235206505537e-08
310.0 2.34388182352812e-08
311.0 2.3307845262601945e-08
312.0 2.3198564763492647e-08
313.0 2.3089284264383352e-08
314.0 2.298000376527405e-08
315.0 2.2870723266164752e-08
316.0 2.2761442767055458e-08
317.0 2.2652162267946163e-08
318.0 2.2542881768836865e-08
319.0 2.2433601269727566e-08
320.0 2.2324320770618275e-08
321.0 2.2215040271508973e-08
322.0 2.2105759772399675e-08
323.0 2.199647927329038e-08
324.0 2.1887198774181082e-08
325.0 2.177791827507179e-08
326.0 2.1668637775962486e-08
327.0 2.1559357276853198e-08
328.0 2.1450076777743896e-08
329.0 2.13407962786346e-08
330.0 2.1231515779525307e-08
331.0 2.112223528041601e-08
332.0 2.101295478130671e-08
333.0 2.0903674282197412e-08
334.0 2.079439378308812e-08
335.0 2.0693150917887462e-08
336.0 2.0607022830852098e-08
337.0 2.052089474381673e-08
338.0 2.043476665678136e-08
339.0 2.0348638569745995e-08
340.0 2.026251048271063e-08
341.0 2.0176382395675262e-08
342.0 2.0090254308639895e-08
343.0 2.000412622160453e-08
344.0 1.9917998134569163e-08
345.0 1.9831870047533795e-08
346.0 1.974574196049842e-08
347.0 1.9659613873463056e-08
348.0 1.957348578642769e-08
349.0 1.9487357699392318e-08
350.0 1.9401229612356953e-08
351.0 1.931510152532159e-08
352.0 1.922897343828622e-08
353.0 1.9142845351250854e-08
354.0 1.9056717264215486e-08
355.0 1.8970589177180118e-08
356.0 1.8884461090144754e-08
357.0 1.879833300310939e-08
358.0 1.8712204916074015e-08
359.0 1.8626076829038647e-08
360.0 1.8539948742003286e-08
361.0 1.845642701655385e-08
362.0 1.837486586452582e-08
363.0 1.829330471249779e-08
364.0 1.821174356046976e-08
365.0 1.8130182408441725e-08
366.0 1.8048621256413698e-08
367.0 1.7967060104385674e-08
368.0 1.7885498952357644e-08
369.0 1.780393780032961e-08
370.0 1.7722376648301583e-08
371.0 1.7640815496273553e-08
372.0 1.755925434424553e-08
373.0 1.74776931922175e-08
374.0 1.7396132040189465e-08
375.0 1.7314570888161434e-08
376.0 1.7233009736133407e-08
377.0 1.715144858410538e-08
378.0 1.7069887432077347e-08
379.0 1.6988326280049313e-08
380.0 1.6906765128021286e-08
381.0 1.682520397599326e-08
382.0 1.6743642823965232e-08
383.0 1.6662081671937198e-08
384.0 1.6580520519909168e-08
385.0 1.6498959367881144e-08
386.0 1.6417398215853114e-08
387.0 1.6335837063825083e-08
388.0 1.6254275911797053e-08
389.0 1.618641902841539e-08
390.0 1.6121801303495462e-08
391.0 1.6057183578575537e-08
392.0 1.599256585365561e-08
393.0 1.592794812873568e-08
394.0 1.5863330403815745e-08
395.0 1.5798712678895818e-08
396.0 1.573409495397589e-08
397.0 1.5669477229055963e-08
398.0 1.5604859504136035e-08
399.0 1.5540241779216108e-08
400.0 1.5475624054296183e-08
401.0 1.5411006329376253e-08
402.0 1.5346388604456322e-08
403.0 1.528177087953639e-08
404.0 1.5217153154616463e-08
405.0 1.5152535429696536e-08
406.0 1.508791770477661e-08
407.0 1.502329997985668e-08
408.0 1.495868225493675e-08
409.0 1.4894064530016823e-08
410.0 1.4829446805096895e-08
411.0 1.4764829080176966e-08
412.0 1.4700211355257037e-08
413.0 1.463559363033711e-08
414.0 1.457097590541718e-08
415.0 1.4506358180497253e-08
416.0 1.4441740455577324e-08
417.0 1.4377122730657394e-08
418.0 1.4312505005737467e-08
419.0 1.426243924519233e-08
420.0 1.4213837267626353e-08
421.0 1.4165235290060376e-08
422.0 1.41166333124944e-08
423.0 1.4068031334928423e-08
424.0 1.4019429357362447e-08
425.0 1.397082737979647e-08
426.0 1.3922225402230494e-08
427.0 1.3873623424664517e-08
428.0 1.382502144709854e-08
429.0 1.3776419469532558e-08
430.0 1.3727817491966584e-08
431.0 1.3679215514400608e-08
432.0 1.3630613536834628e-08
433.0 1.3582011559268655e-08
434.0 1.3533409581702681e-08
435.0 1.3484807604136702e-08
436.0 1.3436205626570725e-08
437.0 1.3387603649004752e-08
438.0 1.3339001671438772e-08
439.0 1.3290399693872796e-08
440.0 1.3241797716306819e-08
441.0 1.3193195738740842e-08
442.0 1.3144593761174866e-08
443.0 1.309599178360889e-08
444.0 1.3047389806042915e-08
445.0 1.2998787828476936e-08
446.0 1.295018585091096e-08
447.0 1.2901583873344983e-08
448.0 1.2852981895779007e-08
449.0 1.2804379918213027e-08
450.0 1.275577794064705e-08
451.0 1.2709182380392574e-08
452.0 1.2663425040841582e-08
453.0 1.2617667701290591e-08
454.0 1.2571910361739602e-08
455.0 1.2526153022188614e-08
456.0 1.2480395682637622e-08
457.0 1.2434638343086633e-08
458.0 1.2388881003535646e-08
459.0 1.2343123663984655e-08
460.0 1.2297366324433663e-08
461.0 1.2251608984882674e-08
462.0 1.2205851645331684e-08
463.0 1.2160094305780697e-08
464.0 1.2114336966229706e-08
465.0 1.2068579626678716e-08
466.0 1.2022822287127725e-08
467.0 1.1977064947576735e-08
468.0 1.1931307608025745e-08
469.0 1.1885550268474756e-08
470.0 1.1839792928923764e-08
471.0 1.1794035589372775e-08
472.0 1.1748278249821786e-08
473.0 1.1702520910270794e-08
474.0 1.1656763570719807e-08
475.0 1.1611006231168817e-08
476.0 1.1565248891617824e-08
477.0 1.1519491552066839e-08
478.0 1.1473734212515849e-08
479.0 1.1427976872964858e-08
480.0 1.1382219533413868e-08
481.0 1.1336462193862879e-08
482.0 1.1290704854311887e-08
483.0 1.1244947514760896e-08
484.0 1.1199190175209908e-08
485.0 1.1153624141485384e-08
486.0 1.1116714275930677e-08
487.0 1.1079804410375973e-08
488.0 1.1042894544821267e-08
489.0 1.1005984679266564e-08
490.0 1.0969074813711858e-08
491.0 1.0932164948157153e-08
492.0 1.0895255082602447e-08
493.0 1.0858345217047744e-08
494.0 1.0821435351493038e-08
495.0 1.0784525485938333e-08
496.0 1.0747615620383629e-08
497.0 1.071070575482892e-08
498.0 1.0673795889274217e-08
499.0 1.0636886023719513e-08
500.0 1.0599976158164807e-08
501.0 1.0563066292610102e-08
502.0 1.0526156427055398e-08
503.0 1.048924656150069e-08
504.0 1.0452336695945986e-08
505.0 1.0415426830391282e-08
506.0 1.0378516964836578e-08
507.0 1.0341607099281873e-08
508.0 1.0304697233727168e-08
509.0 1.026778736817246e-08
510.0 1.0230877502617755e-08
511.0 1.0193967637063051e-08
512.0 1.0157057771508346e-08
513.0 1.0120147905953644e-08
514.0 1.0083238040398935e-08
515.0 1.0046328174844231e-08
516.0 1.0009418309289526e-08
517.0 9.972508443734822e-09
518.0 9.935598578180117e-09
519.0 9.898688712625411e-09
520.0 9.861778847070706e-09
521.0 9.824868981515999e-09
522.0 9.787959115961299e-09
523.0 9.757882662764492e-09
524.0 9.731226746395046e-09
525.0 9.704570830025601e-09
526.0 9.677914913656156e-09
527.0 9.651258997286712e-09
528.0 9.624603080917267e-09
529.0 9.597947164547822e-09
530.0 9.571291248178377e-09
531.0 9.544635331808933e-09
532.0 9.517979415439485e-09
533.0 9.49132349907004e-09
534.0 9.464667582700595e-09
535.0 9.43801166633115e-09
536.0 9.411355749961706e-09
537.0 9.384699833592261e-09
538.0 9.358043917222814e-09
539.0 9.33138800085337e-09
540.0 9.304732084483925e-09
541.0 9.27807616811448e-09
542.0 9.251420251745035e-09
543.0 9.224764335375589e-09
544.0 9.198108419006144e-09
545.0 9.171452502636698e-09
546.0 9.144796586267253e-09
547.0 9.118140669897808e-09
548.0 9.091484753528364e-09
549.0 9.064828837158919e-09
550.0 9.038172920789473e-09
551.0 9.01151700442003e-09
552.0 8.984861088050585e-09
553.0 8.95820517168114e-09
554.0 8.931549255311694e-09
555.0 8.904893338942249e-09
556.0 8.878237422572802e-09
557.0 8.851581506203358e-09
558.0 8.824925589833913e-09
559.0 8.798269673464468e-09
560.0 8.771613757095023e-09
561.0 8.744957840725579e-09
562.0 8.718301924356132e-09
563.0 8.692459219575593e-09
564.0 8.6676772892598e-09
565.0 8.642895358944007e-09
566.0 8.618113428628216e-09
567.0 8.593331498312425e-09
568.0 8.568549567996631e-09
569.0 8.543767637680839e-09
570.0 8.518985707365048e-09
571.0 8.494203777049255e-09
572.0 8.469421846733463e-09
573.0 8.444639916417669e-09
574.0 8.419857986101878e-09
575.0 8.395076055786086e-09
576.0 8.370294125470295e-09
577.0 8.345512195154502e-09
578.0 8.320730264838712e-09
579.0 8.295948334522918e-09
580.0 8.271166404207125e-09
581.0 8.246384473891333e-09
582.0 8.221602543575542e-09
583.0 8.196820613259748e-09
584.0 8.172038682943957e-09
585.0 8.147256752628166e-09
586.0 8.122474822312372e-09
587.0 8.097692891996581e-09
588.0 8.07291096168079e-09
589.0 8.048129031364997e-09
590.0 8.023347101049204e-09
591.0 7.998565170733413e-09
592.0 7.97378324041762e-09
593.0 7.949001310101828e-09
594.0 7.924219379786036e-09
595.0 7.899437449470244e-09
596.0 7.874655519154453e-09
597.0 7.84987358883866e-09
598.0 7.825091658522866e-09
599.0 7.800309728207075e-09
600.0 7.775527797891283e-09
601.0 7.75074586757549e-09
602.0 7.7259639372597e-09
603.0 7.701182006943907e-09
604.0 7.676400076628113e-09
605.0 7.651618146312322e-09
606.0 7.627277614670885e-09
607.0 7.606798129587003e-09
608.0 7.586318644503124e-09
609.0 7.56583915941924e-09
610.0 7.545359674335361e-09
611.0 7.524880189251477e-09
612.0 7.5044007041676e-09
613.0 7.483921219083716e-09
614.0 7.463441733999835e-09
615.0 7.442962248915954e-09
616.0 7.422482763832072e-09
617.0 7.402003278748191e-09
618.0 7.381523793664311e-09
619.0 7.3610443085804295e-09
620.0 7.340564823496547e-09
621.0 7.320085338412666e-09
622.0 7.299605853328786e-09
623.0 7.279126368244903e-09
624.0 7.258646883161021e-09
625.0 7.238167398077141e-09
626.0 7.217687912993258e-09
627.0 7.1972084279093776e-09
628.0 7.176728942825496e-09
629.0 7.1562494577416146e-09
630.0 7.135769972657733e-09
631.0 7.115290487573853e-09
632.0 7.09481100248997e-09
633.0 7.0743315174060895e-09
634.0 7.053852032322208e-09
635.0 7.0333725472383265e-09
636.0 7.012893062154445e-09
637.0 6.992413577070565e-09
638.0 6.971934091986681e-09
639.0 6.9514546069028005e-09
640.0 6.93097512181892e-09
641.0 6.910495636735038e-09
642.0 6.890016151651155e-09
643.0 6.869536666567277e-09
644.0 6.849057181483394e-09
645.0 6.8285776963995124e-09
646.0 6.80809821131563e-09
647.0 6.787618726231751e-09
648.0 6.767139241147867e-09
649.0 6.746659756063989e-09
650.0 6.726180270980106e-09
651.0 6.705700785896226e-09
652.0 6.685221300812343e-09
653.0 6.667427774816431e-09
654.0 6.65314195015447e-09
655.0 6.6388561254925074e-09
656.0 6.624570300830545e-09
657.0 6.610284476168582e-09
658.0 6.595998651506621e-09
659.0 6.581712826844657e-09
660.0 6.567427002182696e-09
661.0 6.5531411775207344e-09
662.0 6.538855352858771e-09
663.0 6.524569528196811e-09
664.0 6.510283703534848e-09
665.0 6.495997878872886e-09
666.0 6.481712054210922e-09
667.0 6.467426229548962e-09
668.0 6.453140404887001e-09
669.0 6.438854580225037e-09
670.0 6.4245687555630745e-09
671.0 6.410282930901112e-09
672.0 6.395997106239152e-09
673.0 6.381711281577188e-09
674.0 6.367425456915227e-09
675.0 6.353139632253264e-09
676.0 6.3388538075913014e-09
677.0 6.3245679829293405e-09
678.0 6.310282158267378e-09
679.0 6.295996333605415e-09
680.0 6.2817105089434544e-09
681.0 6.267424684281492e-09
682.0 6.253138859619529e-09
683.0 6.238853034957568e-09
684.0 6.224567210295606e-09
685.0 6.210281385633642e-09
686.0 6.195995560971681e-09
687.0 6.181709736309719e-09
688.0 6.167423911647756e-09
689.0 6.153138086985795e-09
690.0 6.138852262323832e-09
691.0 6.12456643766187e-09
692.0 6.110280612999908e-09
693.0 6.095994788337947e-09
694.0 6.081708963675984e-09
695.0 6.067423139014021e-09
696.0 6.053137314352059e-09
697.0 6.038851489690097e-09
698.0 6.024565665028136e-09
699.0 6.010279840366173e-09
700.0 5.99599401570421e-09
701.0 5.9817081910422484e-09
702.0 5.967422366380287e-09
703.0 5.953345684033415e-09
704.0 5.94028950853016e-09
705.0 5.927233333026903e-09
706.0 5.914177157523647e-09
707.0 5.9011209820203905e-09
708.0 5.8880648065171355e-09
709.0 5.87500863101388e-09
710.0 5.861952455510625e-09
711.0 5.848896280007368e-09
712.0 5.835840104504111e-09
713.0 5.822783929000856e-09
714.0 5.8097277534976005e-09
715.0 5.796671577994344e-09
716.0 5.783615402491088e-09
717.0 5.770559226987834e-09
718.0 5.7575030514845755e-09
719.0 5.744446875981321e-09
720.0 5.731390700478066e-09
721.0 5.71833452497481e-09
722.0 5.705278349471554e-09
723.0 5.692222173968297e-09
724.0 5.679165998465041e-09
725.0 5.6661098229617855e-09
726.0 5.653053647458529e-09
727.0 5.639997471955275e-09
728.0 5.626941296452018e-09
729.0 5.613885120948761e-09
730.0 5.6008289454455056e-09
731.0 5.587772769942251e-09
732.0 5.574716594438995e-09
733.0 5.561660418935739e-09
734.0 5.548604243432483e-09
735.0 5.535548067929227e-09
736.0 5.5224918924259706e-09
737.0 5.5094357169227156e-09
738.0 5.4963795414194606e-09
739.0 5.483323365916204e-09
740.0 5.470267190412948e-09
741.0 5.457211014909691e-09
742.0 5.444154839406435e-09
743.0 5.43109866390318e-09
744.0 5.418042488399924e-09
745.0 5.404986312896668e-09
746.0 5.391930137393413e-09
747.0 5.378873961890156e-09
748.0 5.3658177863869014e-09
749.0 5.352761610883644e-09
750.0 5.339705435380389e-09
751.0 5.326649259877133e-09
752.0 5.313593084373877e-09
753.0 5.30053690887062e-09
754.0 5.287480733367366e-09
755.0 5.27442455786411e-09
756.0 5.261368382360854e-09
757.0 5.248382808303428e-09
758.0 5.237345123417402e-09
759.0 5.226307438531378e-09
760.0 5.215269753645352e-09
761.0 5.2042320687593265e-09
762.0 5.193194383873303e-09
763.0 5.182156698987279e-09
764.0 5.1711190141012535e-09
765.0 5.160081329215229e-09
766.0 5.149043644329202e-09
767.0 5.138005959443178e-09
768.0 5.126968274557153e-09
769.0 5.115930589671128e-09
770.0 5.104892904785103e-09
771.0 5.0938552198990805e-09
772.0 5.082817535013053e-09
773.0 5.07177985012703e-09
774.0 5.060742165241003e-09
775.0 5.049704480354979e-09
776.0 5.038666795468955e-09
777.0 5.0276291105829286e-09
778.0 5.016591425696904e-09
779.0 5.00555374081088e-09
780.0 4.994516055924855e-09
781.0 4.98347837103883e-09
782.0 4.972440686152805e-09
783.0 4.96140300126678e-09
784.0 4.950365316380755e-09
785.0 4.93932763149473e-09
786.0 4.928289946608705e-09
787.0 4.917252261722681e-09
788.0 4.906214576836656e-09
789.0 4.895176891950631e-09
790.0 4.884139207064606e-09
791.0 4.873101522178582e-09
792.0 4.862063837292557e-09
793.0 4.851026152406531e-09
794.0 4.839988467520506e-09
795.0 4.828950782634482e-09
796.0 4.817913097748457e-09
797.0 4.806875412862432e-09
798.0 4.795837727976407e-09
799.0 4.784800043090382e-09
800.0 4.773762358204357e-09
801.0 4.7627246733183324e-09
802.0 4.751686988432307e-09
803.0 4.740649303546283e-09
804.0 4.729611618660258e-09
805.0 4.7185739337742325e-09
806.0 4.707536248888207e-09
807.0 4.696498564002183e-09
808.0 4.685460879116158e-09
809.0 4.6744231942301334e-09
810.0 4.663385509344107e-09
811.0 4.652347824458082e-09
812.0 4.641310139572059e-09
813.0 4.6302724546860335e-09
814.0 4.619234769800009e-09
815.0 4.608197084913984e-09
816.0 4.599693867077914e-09
817.0 4.592127371674555e-09
818.0 4.584560876271198e-09
819.0 4.576994380867841e-09
820.0 4.569427885464483e-09
821.0 4.561861390061125e-09
822.0 4.554294894657768e-09
823.0 4.54672839925441e-09
824.0 4.539161903851052e-09
825.0 4.531595408447694e-09
826.0 4.524028913044336e-09
827.0 4.51646241764098e-09
828.0 4.508895922237623e-09
829.0 4.501329426834264e-09
830.0 4.4937629314309054e-09
831.0 4.486196436027549e-09
832.0 4.478629940624191e-09
833.0 4.471063445220834e-09
834.0 4.463496949817475e-09
835.0 4.4559304544141175e-09
836.0 4.448363959010761e-09
837.0 4.440797463607403e-09
838.0 4.433230968204044e-09
839.0 4.425664472800688e-09
840.0 4.41809797739733e-09
841.0 4.410531481993972e-09
842.0 4.402964986590614e-09
843.0 4.395398491187257e-09
844.0 4.3878319957839005e-09
845.0 4.3802655003805416e-09
846.0 4.3726990049771835e-09
847.0 4.365132509573826e-09
848.0 4.35756601417047e-09
849.0 4.349999518767111e-09
850.0 4.342433023363753e-09
851.0 4.3348665279603955e-09
852.0 4.327300032557039e-09
853.0 4.31973353715368e-09
854.0 4.312167041750321e-09
855.0 4.304600546346966e-09
856.0 4.2970340509436076e-09
857.0 4.2894675555402495e-09
858.0 4.281901060136891e-09
859.0 4.274334564733534e-09
860.0 4.266768069330176e-09
861.0 4.25920157392682e-09
862.0 4.25163507852346e-09
863.0 4.2440685831201034e-09
864.0 4.236502087716747e-09
865.0 4.228935592313389e-09
866.0 4.221369096910032e-09
867.0 4.213802601506673e-09
868.0 4.2062361061033155e-09
869.0 4.198669610699958e-09
870.0 4.191103115296599e-09
871.0 4.183536619893242e-09
872.0 4.175970124489885e-09
873.0 4.1684036290865275e-09
874.0 4.1608371336831694e-09
875.0 4.153270638279811e-09
876.0 4.145704142876454e-09
877.0 4.138137647473098e-09
878.0 4.130571152069738e-09
879.0 4.1237879084430636e-09
880.0 4.1170596437064175e-09
881.0 4.1103313789697715e-09
882.0 4.1036031142331255e-09
883.0 4.0968748494964795e-09
884.0 4.090146584759833e-09
885.0 4.083418320023187e-09
886.0 4.07669005528654e-09
887.0 4.0699617905498946e-09
888.0 4.063233525813249e-09
889.0 4.0565052610766025e-09
890.0 4.0497769963399565e-09
891.0 4.0430487316033105e-09
892.0 4.0363204668666644e-09
893.0 4.029592202130018e-09
894.0 4.022863937393372e-09
895.0 4.016135672656726e-09
896.0 4.009407407920079e-09
897.0 4.0026791431834335e-09
898.0 3.995950878446787e-09
899.0 3.9892226137101415e-09
900.0 3.982494348973495e-09
901.0 3.9757660842368494e-09
902.0 3.969037819500202e-09
903.0 3.962309554763557e-09
904.0 3.95558129002691e-09
905.0 3.9488530252902645e-09
906.0 3.942124760553619e-09
907.0 3.935396495816972e-09
908.0 3.928668231080325e-09
909.0 3.92193996634368e-09
910.0 3.915211701607033e-09
911.0 3.908483436870388e-09
912.0 3.9017551721337415e-09
913.0 3.8950269073970955e-09
914.0 3.88829864266045e-09
915.0 3.8815703779238034e-09
916.0 3.874842113187157e-09
917.0 3.868113848450511e-09
918.0 3.861385583713865e-09
919.0 3.8546573189772185e-09
920.0 3.8479290542405725e-09
921.0 3.841200789503927e-09
922.0 3.83447252476728e-09
923.0 3.8277442600306344e-09
924.0 3.821015995293988e-09
925.0 3.8142877305573416e-09
926.0 3.807559465820696e-09
927.0 3.8008312010840495e-09
928.0 3.7941029363474035e-09
929.0 3.7873746716107575e-09
930.0 3.780646406874111e-09
931.0 3.7739181421374654e-09
932.0 3.7671898774008186e-09
933.0 3.760461612664173e-09
934.0 3.753733347927526e-09
935.0 3.747005083190881e-09
936.0 3.7402768184542345e-09
937.0 3.733548553717589e-09
938.0 3.726820288980941e-09
939.0 3.720092024244297e-09
940.0 3.71336375950765e-09
941.0 3.7066354947710036e-09
942.0 3.699907230034357e-09
943.0 3.6931789652977115e-09
944.0 3.6864507005610663e-09
945.0 3.6797224358244195e-09
946.0 3.6732624903644735e-09
947.0 3.6674230840826572e-09
948.0 3.661583677800839e-09
949.0 3.655744271519021e-09
950.0 3.649904865237204e-09
951.0 3.644065458955386e-09
952.0 3.6382260526735687e-09
953.0 3.632386646391752e-09
954.0 3.626547240109934e-09
955.0 3.6207078338281162e-09
956.0 3.6148684275462996e-09
957.0 3.6090290212644805e-09
958.0 3.603189614982664e-09
959.0 3.5973502087008464e-09
960.0 3.5915108024190285e-09
961.0 3.5856713961372114e-09
962.0 3.579831989855394e-09
963.0 3.573992583573576e-09
964.0 3.5681531772917594e-09
965.0 3.5623137710099415e-09
966.0 3.5564743647281237e-09
967.0 3.5506349584463058e-09
968.0 3.544795552164488e-09
969.0 3.5389561458826712e-09
970.0 3.5331167396008538e-09
971.0 3.5272773333190367e-09
972.0 3.521437927037219e-09
973.0 3.515598520755402e-09
974.0 3.5097591144735843e-09
975.0 3.503919708191766e-09
976.0 3.498080301909948e-09
977.0 3.492240895628131e-09
978.0 3.4864014893463136e-09
979.0 3.4805620830644965e-09
980.0 3.4747226767826786e-09
981.0 3.468883270500861e-09
982.0 3.4630438642190433e-09
983.0 3.4572044579372254e-09
984.0 3.4513650516554075e-09
985.0 3.445525645373591e-09
986.0 3.4396862390917734e-09
987.0 3.4338468328099564e-09
988.0 3.4280074265281385e-09
989.0 3.422168020246321e-09
990.0 3.416328613964503e-09
991.0 3.4104892076826856e-09
992.0 3.4046498014008686e-09
993.0 3.3988103951190507e-09
994.0 3.392970988837233e-09
995.0 3.387131582555416e-09
996.0 3.3812921762735975e-09
997.0 3.3754527699917816e-09
998.0 3.3696133637099638e-09
999.0 3.3637739574281455e-09
1000.0 3.3579345511463284e-09
1001.0 3.352095144864511e-09
1002.0 3.346255738582693e-09
1003.0 3.340416332300876e-09
1004.0 3.3345769260190585e-09
1005.0 3.3287375197372406e-09
1006.0 3.3228981134554236e-09
1007.0 3.3170587071736053e-09
1008.0 3.3112193008917882e-09
1009.0 3.3053798946099703e-09
1010.0 3.299540488328153e-09
1011.0 3.293701082046335e-09
1012.0 3.287861675764518e-09
1013.0 3.2820222694827013e-09
1014.0 3.2761828632008834e-09
1015.0 3.2703434569190655e-09
1016.0 3.264504050637248e-09
1017.0 3.258664644355431e-09
1018.0 3.2528252380736127e-09
1019.0 3.247847663541814e-09
1020.0 3.2438819379218693e-09
1021.0 3.2399162123019237e-09
1022.0 3.2359504866819776e-09
1023.0 3.2319847610620324e-09
1024.0 3.228019035442088e-09
1025.0 3.224053309822142e-09
1026.0 3.2200875842021964e-09
1027.0 3.216121858582251e-09
1028.0 3.212156132962306e-09
1029.0 3.2081904073423607e-09
1030.0 3.2042246817224147e-09
1031.0 3.20025895610247e-09
1032.0 3.196293230482525e-09
1033.0 3.19232750486258e-09
1034.0 3.1883617792426343e-09
1035.0 3.1843960536226882e-09
1036.0 3.180430328002744e-09
1037.0 3.176464602382798e-09
1038.0 3.172498876762852e-09
1039.0 3.168533151142907e-09
1040.0 3.164567425522961e-09
1041.0 3.1606016999030165e-09
1042.0 3.1566359742830705e-09
1043.0 3.1526702486631257e-09
1044.0 3.1487045230431805e-09
1045.0 3.1447387974232353e-09
1046.0 3.1407730718032892e-09
1047.0 3.136807346183344e-09
1048.0 3.132841620563399e-09
1049.0 3.128875894943453e-09
1050.0 3.1249101693235084e-09
1051.0 3.1209444437035623e-09
1052.0 3.116978718083617e-09
1053.0 3.113012992463672e-09
1054.0 3.1090472668437267e-09
1055.0 3.105081541223782e-09
1056.0 3.1011158156038363e-09
1057.0 3.0971500899838902e-09
1058.0 3.093184364363945e-09
1059.0 3.089218638743999e-09
1060.0 3.085252913124054e-09
1061.0 3.081287187504109e-09
1062.0 3.0773214618841633e-09
1063.0 3.073355736264218e-09
1064.0 3.069390010644273e-09
1065.0 3.0654242850243277e-09
1066.0 3.0614585594043825e-09
1067.0 3.0574928337844373e-09
1068.0 3.0535271081644916e-09
1069.0 3.0495613825445456e-09
1070.0 3.045595656924601e-09
1071.0 3.0416299313046548e-09
1072.0 3.0376642056847104e-09
1073.0 3.0336984800647648e-09
1074.0 3.02973275444482e-09
1075.0 3.0257670288248743e-09
1076.0 3.0218013032049287e-09
1077.0 3.0178355775849835e-09
1078.0 3.013869851965038e-09
1079.0 3.0099041263450927e-09
1080.0 3.0059384007251474e-09
1081.0 3.0019726751052014e-09
1082.0 2.998006949485256e-09
1083.0 2.9940412238653106e-09
1084.0 2.990075498245366e-09
1085.0 2.9861097726254205e-09
1086.0 2.9821440470054753e-09
1087.0 2.97817832138553e-09
1088.0 2.974212595765585e-09
1089.0 2.970246870145639e-09
1090.0 2.9662811445256937e-09
1091.0 2.9623154189057484e-09
1092.0 2.9583496932858024e-09
1093.0 2.954383967665857e-09
1094.0 2.950418242045912e-09
1095.0 2.9464525164259668e-09
1096.0 2.9424867908060215e-09
1097.0 2.938525104695338e-09
1098.0 2.935101181471612e-09
1099.0 2.9316772582478864e-09
1100.0 2.9282533350241605e-09
1101.0 2.924829411800435e-09
1102.0 2.921405488576709e-09
1103.0 2.9179815653529833e-09
1104.0 2.914557642129258e-09
1105.0 2.9111337189055318e-09
1106.0 2.907709795681807e-09
1107.0 2.9042858724580806e-09
1108.0 2.9008619492343546e-09
1109.0 2.89743802601063e-09
1110.0 2.8940141027869047e-09
1111.0 2.890590179563178e-09
1112.0 2.8871662563394524e-09
1113.0 2.8837423331157264e-09
1114.0 2.880318409892001e-09
1115.0 2.876894486668275e-09
1116.0 2.8734705634445497e-09
1117.0 2.870046640220824e-09
1118.0 2.866622716997098e-09
1119.0 2.8631987937733725e-09
1120.0 2.8597748705496465e-09
1121.0 2.8563509473259214e-09
1122.0 2.852927024102195e-09
1123.0 2.849503100878469e-09
1124.0 2.846079177654744e-09
1125.0 2.8426552544310183e-09
1126.0 2.8392313312072923e-09
1127.0 2.8358074079835667e-09
1128.0 2.8323834847598407e-09
1129.0 2.8289595615361147e-09
1130.0 2.825535638312389e-09
1131.0 2.822111715088663e-09
1132.0 2.8186877918649376e-09
1133.0 2.8152638686412116e-09
1134.0 2.811839945417486e-09
1135.0 2.808416022193761e-09
1136.0 2.8049920989700353e-09
1137.0 2.8015681757463093e-09
1138.0 2.7981442525225834e-09
1139.0 2.7947203292988574e-09
1140.0 2.7912964060751326e-09
1141.0 2.787872482851406e-09
1142.0 2.7844485596276815e-09
1143.0 2.7810246364039555e-09
1144.0 2.7776007131802295e-09
1145.0 2.7741767899565035e-09
1146.0 2.770752866732778e-09
1147.0 2.767328943509052e-09
1148.0 2.763905020285327e-09
1149.0 2.7604810970616004e-09
1150.0 2.757057173837875e-09
1151.0 2.7536332506141497e-09
1152.0 2.7502093273904233e-09
1153.0 2.7467854041666977e-09
1154.0 2.743361480942972e-09
1155.0 2.739937557719246e-09
1156.0 2.7365136344955206e-09
1157.0 2.7330897112717946e-09
1158.0 2.7296657880480686e-09
1159.0 2.726241864824344e-09
1160.0 2.7228179416006175e-09
1161.0 2.7193940183768923e-09
1162.0 2.7159700951531663e-09
1163.0 2.7125461719294403e-09
1164.0 2.7091222487057144e-09
1165.0 2.7056983254819888e-09
1166.0 2.7022744022582636e-09
1167.0 2.6988504790345376e-09
1168.0 2.6954265558108117e-09
1169.0 2.692002632587086e-09
1170.0 2.68857870936336e-09
1171.0 2.6851547861396345e-09
1172.0 2.6817308629159094e-09
1173.0 2.678306939692184e-09
1174.0 2.6748830164684582e-09
1175.0 2.671459093244732e-09
1176.0 2.6680351700210063e-09
1177.0 2.6646112467972807e-09
1178.0 2.6611873235735543e-09
1179.0 2.6577634003498287e-09
1180.0 2.654339477126103e-09
1181.0 2.6509155539023776e-09
1182.0 2.6476878751203437e-09
1183.0 2.644647106682867e-09
1184.0 2.6416063382453896e-09
1185.0 2.6385655698079124e-09
1186.0 2.635524801370435e-09
1187.0 2.6324840329329574e-09
1188.0 2.629443264495481e-09
1189.0 2.6264024960580033e-09
1190.0 2.623361727620526e-09
1191.0 2.6203209591830488e-09
1192.0 2.617280190745571e-09
1193.0 2.614239422308094e-09
1194.0 2.6111986538706174e-09
1195.0 2.6081578854331397e-09
1196.0 2.6051171169956624e-09
1197.0 2.602076348558185e-09
1198.0 2.5990355801207083e-09
1199.0 2.5959948116832306e-09
1200.0 2.5929540432457534e-09
1201.0 2.589913274808276e-09
1202.0 2.5868725063707992e-09
1203.0 2.5838317379333216e-09
1204.0 2.5807909694958435e-09
1205.0 2.577750201058367e-09
1206.0 2.5747094326208898e-09
1207.0 2.571668664183412e-09
1208.0 2.568627895745935e-09
1209.0 2.565587127308458e-09
1210.0 2.5625463588709807e-09
1211.0 2.5595055904335034e-09
1212.0 2.556464821996026e-09
1213.0 2.553424053558549e-09
1214.0 2.550383285121071e-09
1215.0 2.547342516683594e-09
1216.0 2.5443017482461167e-09
1217.0 2.5412609798086394e-09
1218.0 2.538220211371162e-09
1219.0 2.535179442933684e-09
1220.0 2.5321386744962076e-09
1221.0 2.5290979060587303e-09
1222.0 2.526057137621253e-09
1223.0 2.5230163691837762e-09
1224.0 2.5199756007462985e-09
1225.0 2.5169348323088213e-09
1226.0 2.513894063871344e-09
1227.0 2.5108532954338663e-09
1228.0 2.507812526996389e-09
1229.0 2.5047717585589126e-09
1230.0 2.501730990121435e-09
1231.0 2.498690221683958e-09
1232.0 2.4956494532464804e-09
1233.0 2.4926086848090027e-09
1234.0 2.4895679163715263e-09
1235.0 2.4865271479340486e-09
1236.0 2.483486379496571e-09
1237.0 2.4804456110590937e-09
1238.0 2.4774048426216172e-09
1239.0 2.47436407418414e-09
1240.0 2.4713233057466623e-09
1241.0 2.468282537309185e-09
1242.0 2.4652417688717073e-09
1243.0 2.462201000434231e-09
1244.0 2.4591602319967536e-09
1245.0 2.456119463559276e-09
1246.0 2.4530786951217987e-09
1247.0 2.450037926684321e-09
1248.0 2.4469971582468446e-09
1249.0 2.4439563898093665e-09
1250.0 2.44091562137189e-09
1251.0 2.437874852934412e-09
1252.0 2.434834084496935e-09
1253.0 2.431793316059458e-09
1254.0 2.428752547621981e-09
1255.0 2.4257117791845033e-09
1256.0 2.422671010747026e-09
1257.0 2.4196302423095483e-09
1258.0 2.416589473872072e-09
1259.0 2.413548705434594e-09
1260.0 2.410507936997117e-09
1261.0 2.4074671685596397e-09
1262.0 2.404426400122162e-09
1263.0 2.4013856316846847e-09
1264.0 2.3983448632472075e-09
1265.0 2.3953040948097306e-09
1266.0 2.392263326372253e-09
1267.0 2.389222557934776e-09
1268.0 2.3861817894972984e-09
1269.0 2.3831410210598215e-09
1270.0 2.380100252622344e-09
1271.0 2.3770594841848666e-09
1272.0 2.3740187157473893e-09
1273.0 2.3714638101034474e-09
1274.0 2.3693781460488574e-09
1275.0 2.3672924819942666e-09
1276.0 2.3652068179396757e-09
1277.0 2.363121153885086e-09
1278.0 2.3610354898304953e-09
1279.0 2.3589498257759057e-09
1280.0 2.3568641617213145e-09
1281.0 2.354778497666724e-09
1282.0 2.3526928336121336e-09
1283.0 2.3506071695575428e-09
1284.0 2.3485215055029528e-09
1285.0 2.3464358414483623e-09
1286.0 2.3443501773937715e-09
1287.0 2.3422645133391815e-09
1288.0 2.340178849284591e-09
1289.0 2.3380931852300006e-09
1290.0 2.3360075211754106e-09
1291.0 2.3339218571208198e-09
1292.0 2.3318361930662298e-09
1293.0 2.329750529011639e-09
1294.0 2.3276648649570485e-09
1295.0 2.3255792009024577e-09
1296.0 2.3234935368478677e-09
1297.0 2.321407872793277e-09
1298.0 2.3193222087386864e-09
1299.0 2.3172365446840956e-09
1300.0 2.3151508806295055e-09
1301.0 2.313065216574915e-09
1302.0 2.310979552520325e-09
1303.0 2.3088938884657347e-09
1304.0 2.306808224411144e-09
1305.0 2.3047225603565534e-09
1306.0 2.3026368963019626e-09
1307.0 2.300551232247373e-09
1308.0 2.2984655681927817e-09
1309.0 2.296379904138191e-09
1310.0 2.2942942400836013e-09
1311.0 2.292208576029011e-09
1312.0 2.290122911974421e-09
1313.0 2.2880372479198296e-09
1314.0 2.285951583865239e-09
1315.0 2.2838659198106488e-09
1316.0 2.2817802557560587e-09
1317.0 2.279694591701468e-09
1318.0 2.2776089276468775e-09
1319.0 2.2755232635922875e-09
1320.0 2.2734375995376966e-09
1321.0 2.2713519354831062e-09
1322.0 2.2692662714285154e-09
1323.0 2.2671806073739245e-09
1324.0 2.265094943319335e-09
1325.0 2.263009279264744e-09
1326.0 2.260923615210154e-09
1327.0 2.2588379511555632e-09
1328.0 2.256752287100973e-09
1329.0 2.2546666230463824e-09
1330.0 2.2525809589917916e-09
1331.0 2.2504952949372015e-09
1332.0 2.2484096308826107e-09
1333.0 2.2463239668280203e-09
1334.0 2.24423830277343e-09
1335.0 2.2421526387188394e-09
1336.0 2.24006697466425e-09
1337.0 2.237981310609659e-09
1338.0 2.2358956465550686e-09
1339.0 2.233809982500478e-09
1340.0 2.2317243184458877e-09
1341.0 2.2296386543912973e-09
1342.0 2.2275529903367065e-09
1343.0 2.2254673262821164e-09
1344.0 2.2233816622275256e-09
1345.0 2.221295998172935e-09
1346.0 2.2192103341183448e-09
1347.0 2.2171246700637543e-09
1348.0 2.2150390060091643e-09
1349.0 2.2129533419545743e-09
1350.0 2.210867677899983e-09
1351.0 2.208782013845393e-09
1352.0 2.2066963497908026e-09
1353.0 2.2046106857362118e-09
1354.0 2.2025250216816214e-09
1355.0 2.200439357627031e-09
1356.0 2.1983536935724405e-09
1357.0 2.1962680295178497e-09
1358.0 2.1941823654632593e-09
1359.0 2.1920967014086692e-09
1360.0 2.1900110373540784e-09
1361.0 2.1879253732994876e-09
1362.0 2.1858397092448976e-09
1363.0 2.183754045190307e-09
1364.0 2.1816683811357167e-09
1365.0 2.179582717081126e-09
1366.0 2.177497053026536e-09
1367.0 2.1754113889719454e-09
1368.0 2.1733257249173546e-09
1369.0 2.1712400608627646e-09
1370.0 2.1691543968081737e-09
1371.0 2.1672395958458253e-09
1372.0 2.165498603767296e-09
1373.0 2.1637576116887664e-09
1374.0 2.1620166196102372e-09
1375.0 2.1602756275317076e-09
1376.0 2.1585346354531776e-09
1377.0 2.156793643374649e-09
1378.0 2.1550526512961187e-09
1379.0 2.15331165921759e-09
1380.0 2.1515706671390603e-09
1381.0 2.1498296750605307e-09
1382.0 2.1480886829820015e-09
1383.0 2.1463476909034727e-09
1384.0 2.144606698824942e-09
1385.0 2.1428657067464126e-09
1386.0 2.141124714667884e-09
1387.0 2.1393837225893542e-09
1388.0 2.1376427305108246e-09
1389.0 2.135901738432295e-09
1390.0 2.1341607463537654e-09
1391.0 2.1324197542752357e-09
1392.0 2.130678762196706e-09
1393.0 2.1289377701181765e-09
1394.0 2.127196778039647e-09
1395.0 2.1254557859611177e-09
1396.0 2.1237147938825884e-09
1397.0 2.1219738018040592e-09
1398.0 2.120232809725529e-09
1399.0 2.1184918176469996e-09
1400.0 2.1167508255684704e-09
1401.0 2.115009833489941e-09
1402.0 2.1132688414114115e-09
1403.0 2.1115278493328815e-09
1404.0 2.1097868572543527e-09
1405.0 2.1080458651758235e-09
1406.0 2.106304873097294e-09
1407.0 2.104563881018764e-09
1408.0 2.1028228889402346e-09
1409.0 2.1010818968617054e-09
1410.0 2.099340904783176e-09
1411.0 2.0975999127046458e-09
1412.0 2.095858920626117e-09
1413.0 2.094117928547587e-09
1414.0 2.0923769364690577e-09
1415.0 2.090635944390528e-09
1416.0 2.088894952311999e-09
1417.0 2.0871539602334693e-09
1418.0 2.0854129681549397e-09
1419.0 2.0836719760764105e-09
1420.0 2.081930983997881e-09
1421.0 2.0801899919193512e-09
1422.0 2.078448999840822e-09
1423.0 2.0767080077622924e-09
1424.0 2.0749670156837623e-09
1425.0 2.073226023605233e-09
1426.0 2.071485031526704e-09
1427.0 2.0697440394481747e-09
1428.0 2.0680030473696443e-09
1429.0 2.0662620552911155e-09
1430.0 2.0645210632125863e-09
1431.0 2.062780071134057e-09
1432.0 2.061039079055527e-09
1433.0 2.059298086976998e-09
1434.0 2.057557094898469e-09
1435.0 2.0558161028199386e-09
1436.0 2.0540751107414094e-09
1437.0 2.05233411866288e-09
1438.0 2.05059312658435e-09
1439.0 2.0488521345058205e-09
1440.0 2.047111142427291e-09
1441.0 2.0453701503487617e-09
1442.0 2.0436291582702316e-09
1443.0 2.041888166191703e-09
1444.0 2.0401471741131732e-09
1445.0 2.0384061820346436e-09
1446.0 2.0366651899561144e-09
1447.0 2.0349241978775843e-09
1448.0 2.0331832057990556e-09
1449.0 2.0314422137205255e-09
1450.0 2.029701221641996e-09
1451.0 2.0279602295634667e-09
1452.0 2.0262192374849375e-09
1453.0 2.024478245406408e-09
1454.0 2.0227372533278786e-09
1455.0 2.020996261249349e-09
1456.0 2.01925526917082e-09
1457.0 2.01751427709229e-09
1458.0 2.01577328501376e-09
1459.0 2.014032292935231e-09
1460.0 2.0122913008567017e-09
1461.0 2.0105503087781725e-09
1462.0 2.008809316699642e-09
1463.0 2.007068324621113e-09
1464.0 2.0053273325425837e-09
1465.0 2.003586340464054e-09
1466.0 2.001845348385525e-09
1467.0 2.0001043563069956e-09
1468.0 1.998363364228465e-09
1469.0 1.996622372149936e-09
1470.0 1.9948813800714068e-09
1471.0 1.993140387992877e-09
1472.0 1.991399395914347e-09
1473.0 1.989658403835818e-09
1474.0 1.9879174117572887e-09
1475.0 1.9861764196787595e-09
1476.0 1.9844354276002294e-09
1477.0 1.982842273569525e-09
1478.0 1.9812596758647922e-09
1479.0 1.9796770781600597e-09
1480.0 1.978094480455327e-09
1481.0 1.9765118827505947e-09
1482.0 1.9749292850458617e-09
1483.0 1.973346687341129e-09
1484.0 1.9717640896363963e-09
1485.0 1.970181491931664e-09
1486.0 1.9685988942269316e-09
1487.0 1.967016296522199e-09
1488.0 1.9654336988174657e-09
1489.0 1.9638511011127336e-09
1490.0 1.9622685034080003e-09
1491.0 1.9606859057032678e-09
1492.0 1.959103307998535e-09
1493.0 1.9575207102938023e-09
1494.0 1.9559381125890693e-09
1495.0 1.9543555148843372e-09
1496.0 1.9527729171796043e-09
1497.0 1.9511903194748714e-09
1498.0 1.949607721770139e-09
1499.0 1.948025124065406e-09
1500.0 1.9464425263606734e-09
1501.0 1.9448599286559413e-09
1502.0 1.9432773309512083e-09
1503.0 1.9416947332464754e-09
1504.0 1.940112135541743e-09
1505.0 1.93852953783701e-09
1506.0 1.9369469401322774e-09
1507.0 1.935364342427545e-09
1508.0 1.9337817447228123e-09
1509.0 1.9321991470180802e-09
1510.0 1.930616549313347e-09
1511.0 1.929033951608614e-09
1512.0 1.9274513539038814e-09
1513.0 1.925868756199149e-09
1514.0 1.9242861584944163e-09
1515.0 1.9227035607896834e-09
1516.0 1.921120963084951e-09
1517.0 1.919538365380218e-09
1518.0 1.917955767675485e-09
1519.0 1.9163731699707516e-09
1520.0 1.91479057226602e-09
1521.0 1.9132079745612874e-09
1522.0 1.911625376856555e-09
1523.0 1.910042779151822e-09
1524.0 1.9084601814470894e-09
1525.0 1.9068775837423565e-09
1526.0 1.9052949860376244e-09
1527.0 1.9037123883328914e-09
1528.0 1.902129790628159e-09
1529.0 1.900547192923426e-09
1530.0 1.8989645952186934e-09
1531.0 1.89738199751396e-09
1532.0 1.8957993998092276e-09
1533.0 1.8942168021044946e-09
1534.0 1.892634204399763e-09
1535.0 1.891051606695029e-09
1536.0 1.889469008990297e-09
1537.0 1.887886411285564e-09
1538.0 1.886303813580831e-09
1539.0 1.8847212158760986e-09
1540.0 1.883138618171366e-09
1541.0 1.8815560204666336e-09
1542.0 1.879973422761901e-09
1543.0 1.878390825057168e-09
1544.0 1.8768082273524356e-09
1545.0 1.8752256296477027e-09
1546.0 1.87364303194297e-09
1547.0 1.872060434238237e-09
1548.0 1.8704778365335047e-09
1549.0 1.8688952388287717e-09
1550.0 1.867312641124039e-09
1551.0 1.8657300434193067e-09
1552.0 1.864147445714574e-09
1553.0 1.8625648480098414e-09
1554.0 1.860982250305109e-09
1555.0 1.8593996526003764e-09
1556.0 1.8578170548956436e-09
1557.0 1.8562344571909105e-09
1558.0 1.8546518594861778e-09
1559.0 1.8530692617814446e-09
1560.0 1.8514866640767131e-09
1561.0 1.8499040663719796e-09
1562.0 1.8483214686672472e-09
1563.0 1.8467388709625145e-09
1564.0 1.8451562732577818e-09
1565.0 1.843573675553049e-09
1566.0 1.8419910778483163e-09
1567.0 1.8404084801435836e-09
1568.0 1.8388258824388508e-09
1569.0 1.8372432847341185e-09
1570.0 1.8356606870293854e-09
1571.0 1.834078089324653e-09
1572.0 1.8324954916199201e-09
1573.0 1.8309128939151874e-09
1574.0 1.8293302962104549e-09
1575.0 1.8277476985057225e-09
1576.0 1.8261651008009898e-09
1577.0 1.8245825030962564e-09
1578.0 1.8229999053915243e-09
1579.0 1.8214173076867916e-09
1580.0 1.8198347099820593e-09
1581.0 1.8182521122773261e-09
1582.0 1.8166695145725934e-09
1583.0 1.8150869168678607e-09
1584.0 1.8135043191631281e-09
1585.0 1.8119217214583954e-09
1586.0 1.8103391237536623e-09
1587.0 1.8087565260489295e-09
1588.0 1.8071739283441974e-09
1589.0 1.8055913306394647e-09
1590.0 1.8041209129157733e-09
1591.0 1.8030055462762465e-09
1592.0 1.8018901796367197e-09
1593.0 1.8007748129971929e-09
1594.0 1.7996594463576659e-09
1595.0 1.7985440797181395e-09
1596.0 1.797428713078613e-09
1597.0 1.7963133464390861e-09
1598.0 1.7951979797995593e-09
1599.0 1.7940826131600325e-09
1600.0 1.7929672465205063e-09
1601.0 1.7918518798809787e-09
1602.0 1.7907365132414523e-09
1603.0 1.7896211466019257e-09
1604.0 1.788505779962399e-09
1605.0 1.7873904133228725e-09
1606.0 1.7862750466833455e-09
1607.0 1.7851596800438185e-09
1608.0 1.784044313404292e-09
1609.0 1.7829289467647656e-09
1610.0 1.781813580125239e-09
1611.0 1.7806982134857118e-09
1612.0 1.779582846846185e-09
1613.0 1.7784674802066586e-09
1614.0 1.777352113567132e-09
1615.0 1.7762367469276052e-09
1616.0 1.775121380288078e-09
1617.0 1.7740060136485512e-09
1618.0 1.772890647009025e-09
1619.0 1.7717752803694982e-09
1620.0 1.7706599137299714e-09
1621.0 1.7695445470904448e-09
1622.0 1.7684291804509184e-09
1623.0 1.7673138138113914e-09
1624.0 1.7661984471718646e-09
1625.0 1.7650830805323378e-09
1626.0 1.763967713892811e-09
1627.0 1.7628523472532838e-09
1628.0 1.7617369806137576e-09
1629.0 1.7606216139742308e-09
1630.0 1.7595062473347032e-09
1631.0 1.7583908806951778e-09
1632.0 1.757275514055651e-09
1633.0 1.7561601474161238e-09
1634.0 1.7550447807765972e-09
1635.0 1.7539294141370704e-09
1636.0 1.7528140474975436e-09
1637.0 1.7516986808580173e-09
1638.0 1.7505833142184907e-09
1639.0 1.7494679475789639e-09
1640.0 1.748352580939437e-09
1641.0 1.74723721429991e-09
1642.0 1.7461218476603833e-09
1643.0 1.7450064810208569e-09
1644.0 1.74389111438133e-09
1645.0 1.742775747741803e-09
1646.0 1.7416603811022763e-09
1647.0 1.74054501446275e-09
1648.0 1.7394296478232227e-09
1649.0 1.738314281183696e-09
1650.0 1.7371989145441697e-09
1651.0 1.7360835479046425e-09
1652.0 1.7349681812651159e-09
1653.0 1.7338528146255895e-09
1654.0 1.7327374479860627e-09
1655.0 1.7316220813465355e-09
1656.0 1.7305067147070093e-09
1657.0 1.729391348067483e-09
1658.0 1.7282759814279557e-09
1659.0 1.7271606147884291e-09
1660.0 1.7260452481489023e-09
1661.0 1.7249298815093751e-09
1662.0 1.723814514869849e-09
1663.0 1.7226991482303221e-09
1664.0 1.721583781590795e-09
1665.0 1.7204684149512692e-09
1666.0 1.719353048311742e-09
1667.0 1.7182376816722152e-09
1668.0 1.7171223150326888e-09
1669.0 1.7160069483931616e-09
1670.0 1.7148915817536354e-09
1671.0 1.7137762151141082e-09
1672.0 1.7126608484745814e-09
1673.0 1.7115454818350552e-09
1674.0 1.710430115195528e-09
1675.0 1.7093147485560018e-09
1676.0 1.7081993819164746e-09
1677.0 1.7070840152769476e-09
1678.0 1.7059686486374214e-09
1679.0 1.7048532819978946e-09
1680.0 1.703737915358368e-09
1681.0 1.7026225487188416e-09
1682.0 1.701507182079314e-09
1683.0 1.7003918154397876e-09
1684.0 1.699276448800261e-09
1685.0 1.6981610821607342e-09
1686.0 1.6970457155212076e-09
1687.0 1.6959303488816808e-09
1688.0 1.694814982242154e-09
1689.0 1.6936996156026268e-09
1690.0 1.6925842489631006e-09
1691.0 1.6914688823235743e-09
1692.0 1.690353515684047e-09
1693.0 1.6892381490445204e-09
1694.0 1.6881227824049936e-09
1695.0 1.6870074157654664e-09
1696.0 1.68589204912594e-09
1697.0 1.6847766824864139e-09
1698.0 1.6836613158468862e-09
1699.0 1.6825459492073599e-09
1700.0 1.6814305825678333e-09
1701.0 1.6803152159283065e-09
1702.0 1.6791998492887797e-09
1703.0 1.6780844826492529e-09
1704.0 1.6769691160097267e-09
1705.0 1.6758537493701995e-09
1706.0 1.674738382730673e-09
1707.0 1.6736230160911455e-09
1708.0 1.672507649451619e-09
1709.0 1.671392282812093e-09
1710.0 1.6702769161725661e-09
1711.0 1.669161549533039e-09
1712.0 1.6680461828935131e-09
1713.0 1.6670952754637992e-09
1714.0 1.666188171290029e-09
1715.0 1.6652810671162582e-09
1716.0 1.664373962942487e-09
1717.0 1.6634668587687168e-09
1718.0 1.662559754594946e-09
1719.0 1.661652650421175e-09
1720.0 1.6607455462474039e-09
1721.0 1.6598384420736332e-09
1722.0 1.6589313378998624e-09
1723.0 1.6580242337260916e-09
1724.0 1.6571171295523203e-09
1725.0 1.6562100253785501e-09
1726.0 1.6553029212047793e-09
1727.0 1.654395817031008e-09
1728.0 1.6534887128572372e-09
1729.0 1.6525816086834674e-09
1730.0 1.6516745045096962e-09
1731.0 1.6507674003359254e-09
1732.0 1.6498602961621547e-09
1733.0 1.6489531919883843e-09
1734.0 1.6480460878146133e-09
1735.0 1.6471389836408425e-09
1736.0 1.6462318794670716e-09
1737.0 1.645324775293301e-09
1738.0 1.6444176711195296e-09
1739.0 1.643510566945759e-09
1740.0 1.6426034627719885e-09
1741.0 1.6416963585982177e-09
1742.0 1.6407892544244467e-09
1743.0 1.6398821502506758e-09
1744.0 1.6389750460769054e-09
1745.0 1.6380679419031348e-09
1746.0 1.637160837729364e-09
1747.0 1.6362537335555931e-09
1748.0 1.6353466293818223e-09
1749.0 1.6344395252080517e-09
1750.0 1.6335324210342809e-09
1751.0 1.63262531686051e-09
1752.0 1.6317182126867388e-09
1753.0 1.630811108512968e-09
1754.0 1.6299040043391978e-09
1755.0 1.6289969001654265e-09
1756.0 1.6280897959916563e-09
1757.0 1.627182691817885e-09
1758.0 1.6262755876441146e-09
1759.0 1.625368483470344e-09
1760.0 1.6244613792965732e-09
1761.0 1.6235542751228024e-09
1762.0 1.6226471709490313e-09
1763.0 1.621740066775261e-09
1764.0 1.6208329626014897e-09
1765.0 1.6199258584277193e-09
1766.0 1.619018754253948e-09
1767.0 1.6181116500801778e-09
1768.0 1.6172045459064066e-09
1769.0 1.6162974417326353e-09
1770.0 1.6153903375588655e-09
1771.0 1.6144832333850943e-09
1772.0 1.6135761292113235e-09
1773.0 1.6126690250375528e-09
1774.0 1.611761920863782e-09
1775.0 1.6108548166900116e-09
1776.0 1.6099477125162406e-09
1777.0 1.6090406083424697e-09
1778.0 1.608133504168699e-09
1779.0 1.6072263999949283e-09
1780.0 1.6063192958211572e-09
1781.0 1.605412191647387e-09
1782.0 1.6045050874736158e-09
1783.0 1.6035979832998452e-09
1784.0 1.6026908791260737e-09
1785.0 1.6017837749523035e-09
1786.0 1.6008766707785327e-09
1787.0 1.5999695666047616e-09
1788.0 1.5990624624309916e-09
1789.0 1.5981553582572204e-09
1790.0 1.5972482540834498e-09
1791.0 1.5963411499096785e-09
1792.0 1.5954340457359081e-09
1793.0 1.5945269415621373e-09
1794.0 1.5936198373883663e-09
1795.0 1.5927127332145952e-09
1796.0 1.591805629040825e-09
1797.0 1.590898524867054e-09
1798.0 1.589991420693283e-09
1799.0 1.5890843165195127e-09
1800.0 1.5881772123457415e-09
1801.0 1.5872701081719709e-09
1802.0 1.5863630039982e-09
1803.0 1.5854558998244296e-09
1804.0 1.584548795650659e-09
1805.0 1.5836416914768882e-09
1806.0 1.582734587303117e-09
1807.0 1.5818274831293463e-09
1808.0 1.5809203789555755e-09
1809.0 1.5800132747818042e-09
1810.0 1.5791061706080338e-09
1811.0 1.5781990664342632e-09
1812.0 1.5772919622604924e-09
1813.0 1.5763848580867216e-09
1814.0 1.5754777539129507e-09
1815.0 1.57457064973918e-09
1816.0 1.5736635455654093e-09
1817.0 1.5727564413916384e-09
1818.0 1.5718493372178678e-09
1819.0 1.570942233044097e-09
1820.0 1.5700351288703258e-09
1821.0 1.5691280246965555e-09
1822.0 1.5682209205227847e-09
1823.0 1.5673138163490139e-09
1824.0 1.566406712175243e-09
1825.0 1.5654996080014724e-09
1826.0 1.564592503827702e-09
1827.0 1.5636853996539312e-09
1828.0 1.56277829548016e-09
1829.0 1.5618711913063893e-09
1830.0 1.560964087132619e-09
1831.0 1.5600569829588477e-09
1832.0 1.559149878785077e-09
1833.0 1.5582427746113062e-09
1834.0 1.5573356704375354e-09
1835.0 1.5564285662637646e-09
1836.0 1.555521462089994e-09
1837.0 1.5546143579162231e-09
1838.0 1.5537072537424523e-09
1839.0 1.5528001495686812e-09
1840.0 1.5518930453949104e-09
1841.0 1.5509859412211402e-09
1842.0 1.5500788370473692e-09
1843.0 1.5491717328735981e-09
1844.0 1.5482646286998273e-09
1845.0 1.5474167315895197e-09
1846.0 1.5465748642681683e-09
1847.0 1.5457329969468171e-09
1848.0 1.5448911296254653e-09
1849.0 1.5440492623041137e-09
1850.0 1.5432073949827626e-09
1851.0 1.5423655276614112e-09
1852.0 1.5415236603400596e-09
1853.0 1.5406817930187084e-09
1854.0 1.5398399256973568e-09
1855.0 1.5389980583760054e-09
1856.0 1.5381561910546542e-09
1857.0 1.5373143237333028e-09
1858.0 1.5364724564119512e-09
1859.0 1.5356305890905998e-09
1860.0 1.5347887217692483e-09
1861.0 1.5339468544478969e-09
1862.0 1.5331049871265457e-09
1863.0 1.5322631198051943e-09
1864.0 1.5314212524838431e-09
1865.0 1.5305793851624913e-09
1866.0 1.5297375178411401e-09
1867.0 1.528895650519789e-09
1868.0 1.5280537831984371e-09
1869.0 1.5272119158770858e-09
1870.0 1.5263700485557348e-09
1871.0 1.525528181234383e-09
1872.0 1.5246863139130318e-09
1873.0 1.52384444659168e-09
1874.0 1.5230025792703288e-09
1875.0 1.5221607119489774e-09
1876.0 1.5213188446276262e-09
1877.0 1.5204769773062749e-09
1878.0 1.5196351099849233e-09
1879.0 1.5187932426635717e-09
1880.0 1.5179513753422205e-09
1881.0 1.517109508020869e-09
1882.0 1.5162676406995175e-09
1883.0 1.5154257733781661e-09
1884.0 1.514583906056815e-09
1885.0 1.5137420387354633e-09
1886.0 1.5129001714141124e-09
1887.0 1.5120583040927606e-09
1888.0 1.511216436771409e-09
1889.0 1.5103745694500574e-09
1890.0 1.5095327021287064e-09
1891.0 1.5086908348073552e-09
1892.0 1.5078489674860038e-09
1893.0 1.5070071001646522e-09
1894.0 1.5061652328433008e-09
1895.0 1.5053233655219494e-09
1896.0 1.504481498200598e-09
1897.0 1.5036396308792465e-09
1898.0 1.502797763557895e-09
1899.0 1.5019558962365435e-09
1900.0 1.501114028915192e-09
1901.0 1.500272161593841e-09
1902.0 1.4994302942724895e-09
1903.0 1.4985884269511383e-09
1904.0 1.4977465596297865e-09
1905.0 1.4969046923084353e-09
1906.0 1.496062824987084e-09
1907.0 1.4952209576657328e-09
1908.0 1.494379090344381e-09
1909.0 1.4935372230230298e-09
1910.0 1.4926953557016784e-09
1911.0 1.4918534883803268e-09
1912.0 1.4910116210589754e-09
1913.0 1.490169753737624e-09
1914.0 1.4893278864162724e-09
1915.0 1.4884860190949215e-09
1916.0 1.4876441517735697e-09
1917.0 1.4868022844522185e-09
1918.0 1.4859604171308669e-09
1919.0 1.4851185498095155e-09
1920.0 1.4842766824881643e-09
1921.0 1.483434815166813e-09
1922.0 1.4825929478454613e-09
1923.0 1.4817510805241101e-09
1924.0 1.4809092132027588e-09
1925.0 1.4800673458814072e-09
1926.0 1.479225478560056e-09
1927.0 1.4783836112387046e-09
1928.0 1.4775417439173528e-09
1929.0 1.4766998765960016e-09
1930.0 1.4758580092746504e-09
1931.0 1.4750161419532986e-09
1932.0 1.474174274631947e-09
1933.0 1.473332407310596e-09
1934.0 1.4724905399892449e-09
1935.0 1.4716486726678935e-09
1936.0 1.4708068053465419e-09
1937.0 1.4699649380251905e-09
1938.0 1.4691230707038391e-09
1939.0 1.4682812033824875e-09
1940.0 1.4674393360611361e-09
1941.0 1.4665974687397847e-09
1942.0 1.4657556014184336e-09
1943.0 1.4649137340970822e-09
1944.0 1.4640718667757306e-09
1945.0 1.4632299994543792e-09
1946.0 1.462388132133028e-09
1947.0 1.4615462648116762e-09
1948.0 1.460704397490325e-09
1949.0 1.4598625301689736e-09
1950.0 1.459020662847622e-09
1951.0 1.4581787955262706e-09
1952.0 1.4573369282049195e-09
1953.0 1.4564950608835679e-09
1954.0 1.4556531935622167e-09
1955.0 1.454811326240865e-09
1956.0 1.4539694589195137e-09
1957.0 1.453127591598162e-09
1958.0 1.4522857242768107e-09
1959.0 1.4514438569554595e-09
1960.0 1.4506019896341081e-09
1961.0 1.4497601223127565e-09
1962.0 1.4489182549914056e-09
1963.0 1.4480763876700542e-09
1964.0 1.4472345203487026e-09
1965.0 1.4463926530273512e-09
1966.0 1.4455507857059996e-09
1967.0 1.4447089183846484e-09
1968.0 1.4438670510632968e-09
1969.0 1.4430251837419456e-09
1970.0 1.4421833164205938e-09
1971.0 1.441341449099243e-09
1972.0 1.4404995817778913e-09
1973.0 1.43965771445654e-09
1974.0 1.4388158471351887e-09
1975.0 1.4379739798138371e-09
1976.0 1.4371321124924853e-09
1977.0 1.4362902451711345e-09
1978.0 1.4354483778497827e-09
1979.0 1.4346065105284318e-09
1980.0 1.4337646432070802e-09
1981.0 1.4329227758857288e-09
1982.0 1.4320809085643774e-09
1983.0 1.4312390412430258e-09
1984.0 1.4303971739216744e-09
1985.0 1.4295553066003232e-09
1986.0 1.4287134392789714e-09
1987.0 1.4280613881123953e-09
1988.0 1.427438374675373e-09
1989.0 1.426815361238351e-09
1990.0 1.426192347801329e-09
1991.0 1.4255693343643075e-09
1992.0 1.4249463209272855e-09
1993.0 1.4243233074902635e-09
1994.0 1.4237002940532419e-09
1995.0 1.4230772806162199e-09
1996.0 1.4224542671791979e-09
1997.0 1.421831253742176e-09
1998.0 1.4212082403051543e-09
1999.0 1.4205852268681323e-09
2000.0 1.4199622134311103e-09
2001.0 1.4193391999940883e-09
2002.0 1.4187161865570665e-09
2003.0 1.4180931731200445e-09
2004.0 1.4174701596830225e-09
2005.0 1.4168471462460005e-09
2006.0 1.4162241328089787e-09
2007.0 1.4156011193719569e-09
2008.0 1.4149781059349345e-09
2009.0 1.4143550924979129e-09
2010.0 1.4137320790608913e-09
2011.0 1.413109065623869e-09
2012.0 1.4124860521868473e-09
2013.0 1.4118630387498253e-09
2014.0 1.4112400253128035e-09
2015.0 1.4106170118757813e-09
2016.0 1.4099939984387593e-09
2017.0 1.4093709850017377e-09
2018.0 1.4087479715647157e-09
2019.0 1.4081249581276937e-09
2020.0 1.4075019446906721e-09
2021.0 1.4068789312536497e-09
2022.0 1.406255917816628e-09
2023.0 1.4056329043796057e-09
2024.0 1.4050098909425843e-09
2025.0 1.404386877505562e-09
2026.0 1.4037638640685401e-09
2027.0 1.4031408506315183e-09
2028.0 1.4025178371944961e-09
2029.0 1.4018948237574743e-09
2030.0 1.4012718103204525e-09
2031.0 1.4006487968834305e-09
2032.0 1.400025783446409e-09
2033.0 1.399402770009387e-09
2034.0 1.3987797565723651e-09
2035.0 1.3981567431353431e-09
2036.0 1.397533729698321e-09
2037.0 1.3969107162612995e-09
2038.0 1.3962877028242773e-09
2039.0 1.3956646893872553e-09
2040.0 1.3950416759502333e-09
2041.0 1.3944186625132115e-09
2042.0 1.3937956490761895e-09
2043.0 1.3931726356391677e-09
2044.0 1.3925496222021455e-09
2045.0 1.3919266087651235e-09
2046.0 1.3913035953281017e-09
2047.0 1.3906805818910802e-09
2048.0 1.390057568454058e-09
2049.0 1.3894345550170361e-09
2050.0 1.3888115415800141e-09
2051.0 1.3881885281429926e-09
2052.0 1.3875655147059704e-09
2053.0 1.3869425012689484e-09
2054.0 1.3863194878319264e-09
2055.0 1.3856964743949048e-09
2056.0 1.3850734609578826e-09
2057.0 1.3844504475208608e-09
2058.0 1.3838274340838388e-09
2059.0 1.383204420646817e-09
2060.0 1.3825814072097948e-09
2061.0 1.381958393772773e-09
2062.0 1.3813353803357512e-09
2063.0 1.3807123668987292e-09
2064.0 1.380089353461707e-09
2065.0 1.3794663400246852e-09
2066.0 1.3788433265876632e-09
2067.0 1.3782203131506418e-09
2068.0 1.3775972997136196e-09
2069.0 1.3769742862765976e-09
2070.0 1.3763512728395758e-09
2071.0 1.3757282594025538e-09
2072.0 1.3751052459655322e-09
2073.0 1.3744822325285102e-09
2074.0 1.3738592190914882e-09
2075.0 1.3732362056544662e-09
2076.0 1.3726131922174444e-09
2077.0 1.3719901787804222e-09
2078.0 1.3713671653434004e-09
2079.0 1.3707441519063784e-09
2080.0 1.3701211384693564e-09
2081.0 1.3694981250323346e-09
2082.0 1.3688751115953126e-09
2083.0 1.3682520981582908e-09
2084.0 1.367629084721269e-09
2085.0 1.3670060712842466e-09
2086.0 1.3663830578472252e-09
2087.0 1.365760044410203e-09
2088.0 1.3651370309731816e-09
2089.0 1.3645140175361592e-09
2090.0 1.3638910040991372e-09
2091.0 1.3632679906621154e-09
2092.0 1.3626449772250936e-09
2093.0 1.3620219637880712e-09
2094.0 1.3613989503510498e-09
2095.0 1.3607759369140278e-09
2096.0 1.3601529234770056e-09
2097.0 1.3595299100399838e-09
2098.0 1.3589068966029618e-09
2099.0 1.3582838831659398e-09
2100.0 1.3576608697289182e-09
2101.0 1.3570378562918958e-09
2102.0 1.3564148428548742e-09
2103.0 1.3557918294178524e-09
2104.0 1.3551688159808304e-09
2105.0 1.3545458025438082e-09
2106.0 1.3539227891067866e-09
2107.0 1.3532997756697646e-09
2108.0 1.3526767622327428e-09
2109.0 1.3520537487957206e-09
2110.0 1.3514307353586988e-09
2111.0 1.350807721921677e-09
2112.0 1.350184708484655e-09
2113.0 1.3495616950476332e-09
2114.0 1.3489386816106112e-09
2115.0 1.3483156681735894e-09
2116.0 1.3476926547365672e-09
2117.0 1.3470696412995452e-09
2118.0 1.3464466278625234e-09
2119.0 1.3458236144255014e-09
2120.0 1.3452006009884796e-09
2121.0 1.3445775875514576e-09
2122.0 1.3439545741144358e-09
2123.0 1.343331560677414e-09
2124.0 1.342708547240392e-09
2125.0 1.34208553380337e-09
2126.0 1.3414625203663478e-09
2127.0 1.3408395069293263e-09
2128.0 1.340216493492304e-09
2129.0 1.3395934800552823e-09
2130.0 1.3389704666182605e-09
2131.0 1.3383474531812385e-09
2132.0 1.3377244397442169e-09
2133.0 1.3371014263071947e-09
2134.0 1.3364784128701727e-09
2135.0 1.335855399433151e-09
2136.0 1.3352323859961289e-09
2137.0 1.3346093725591069e-09
2138.0 1.3339863591220849e-09
2139.0 1.333363345685063e-09
2140.0 1.3328473659908416e-09
2141.0 1.3323450911493872e-09
2142.0 1.3318428163079329e-09
2143.0 1.3313405414664787e-09
2144.0 1.3308382666250244e-09
2145.0 1.3303359917835703e-09
2146.0 1.3298337169421157e-09
2147.0 1.3293314421006618e-09
2148.0 1.3288291672592072e-09
2149.0 1.3283268924177529e-09
2150.0 1.3278246175762987e-09
2151.0 1.3273223427348446e-09
2152.0 1.3268200678933903e-09
2153.0 1.3263177930519361e-09
2154.0 1.3258155182104816e-09
2155.0 1.3253132433690274e-09
2156.0 1.3248109685275729e-09
2157.0 1.3243086936861188e-09
2158.0 1.3238064188446644e-09
2159.0 1.3233041440032105e-09
2160.0 1.3228018691617561e-09
2161.0 1.3222995943203018e-09
2162.0 1.321797319478847e-09
2163.0 1.3212950446373931e-09
2164.0 1.320792769795939e-09
2165.0 1.3202904949544844e-09
2166.0 1.3197882201130303e-09
2167.0 1.3192859452715761e-09
2168.0 1.3187836704301216e-09
2169.0 1.3182813955886673e-09
2170.0 1.317779120747213e-09
2171.0 1.3172768459057588e-09
2172.0 1.3167745710643046e-09
2173.0 1.31627229622285e-09
2174.0 1.315770021381396e-09
2175.0 1.3152677465399418e-09
2176.0 1.3147654716984875e-09
2177.0 1.3142631968570331e-09
2178.0 1.3137609220155788e-09
2179.0 1.3132586471741244e-09
2180.0 1.3127563723326703e-09
2181.0 1.3122540974912158e-09
2182.0 1.3117518226497616e-09
2183.0 1.311249547808307e-09
2184.0 1.310747272966853e-09
2185.0 1.3102449981253986e-09
2186.0 1.3097427232839442e-09
2187.0 1.3092404484424901e-09
2188.0 1.3087381736010358e-09
2189.0 1.3082358987595814e-09
2190.0 1.307733623918127e-09
2191.0 1.307231349076673e-09
2192.0 1.3067290742352186e-09
2193.0 1.3062267993937645e-09
2194.0 1.3057245245523101e-09
2195.0 1.3052222497108558e-09
2196.0 1.3047199748694014e-09
2197.0 1.3042177000279473e-09
2198.0 1.303715425186493e-09
2199.0 1.3032131503450388e-09
2200.0 1.3027108755035845e-09
2201.0 1.3022086006621301e-09
2202.0 1.3017063258206758e-09
2203.0 1.3012040509792216e-09
2204.0 1.300701776137767e-09
2205.0 1.300199501296313e-09
2206.0 1.2996972264548588e-09
2207.0 1.2991949516134045e-09
2208.0 1.2986926767719503e-09
2209.0 1.2981904019304956e-09
2210.0 1.2976881270890417e-09
2211.0 1.2971858522475873e-09
2212.0 1.296683577406133e-09
2213.0 1.2961813025646786e-09
2214.0 1.2956790277232247e-09
2215.0 1.2951767528817701e-09
2216.0 1.2946744780403158e-09
2217.0 1.2941722031988615e-09
2218.0 1.2936699283574073e-09
2219.0 1.2931676535159532e-09
2220.0 1.2926653786744988e-09
2221.0 1.2921631038330445e-09
2222.0 1.2916608289915904e-09
2223.0 1.2911585541501358e-09
2224.0 1.2906562793086817e-09
2225.0 1.2901540044672271e-09
2226.0 1.289651729625773e-09
2227.0 1.2891494547843184e-09
2228.0 1.2886471799428643e-09
2229.0 1.28814490510141e-09
2230.0 1.2876426302599556e-09
2231.0 1.2871403554185013e-09
2232.0 1.2866380805770471e-09
2233.0 1.2861358057355926e-09
2234.0 1.2856335308941384e-09
2235.0 1.2851312560526843e-09
2236.0 1.2846289812112298e-09
2237.0 1.2841267063697756e-09
2238.0 1.2836244315283213e-09
2239.0 1.2831221566868671e-09
2240.0 1.2826198818454128e-09
2241.0 1.2821176070039585e-09
2242.0 1.2816153321625045e-09
2243.0 1.2811130573210504e-09
2244.0 1.2806107824795956e-09
2245.0 1.2801085076381413e-09
2246.0 1.2796062327966874e-09
2247.0 1.279103957955233e-09
2248.0 1.2786016831137787e-09
2249.0 1.2780994082723243e-09
2250.0 1.27759713343087e-09
2251.0 1.2770948585894158e-09
2252.0 1.2765925837479615e-09
2253.0 1.2760903089065074e-09
2254.0 1.275588034065053e-09
2255.0 1.2750857592235987e-09
2256.0 1.2745834843821445e-09
2257.0 1.2740812095406898e-09
2258.0 1.2735789346992359e-09
2259.0 1.2730766598577813e-09
2260.0 1.2725743850163272e-09
2261.0 1.2720721101748728e-09
2262.0 1.271569835333419e-09
2263.0 1.2710675604919646e-09
2264.0 1.27056528565051e-09
2265.0 1.2700630108090557e-09
2266.0 1.2695607359676017e-09
2267.0 1.2690584611261472e-09
2268.0 1.268556186284693e-09
2269.0 1.2680539114432387e-09
2270.0 1.2675516366017844e-09
2271.0 1.26704936176033e-09
2272.0 1.2665470869188757e-09
2273.0 1.2660448120774213e-09
2274.0 1.2655425372359672e-09
2275.0 1.2650402623945126e-09
2276.0 1.2645379875530585e-09
2277.0 1.264035712711604e-09
2278.0 1.2635334378701498e-09
2279.0 1.2630311630286955e-09
2280.0 1.2625288881872411e-09
2281.0 1.262026613345787e-09
2282.0 1.2615243385043327e-09
2283.0 1.2610220636628785e-09
2284.0 1.2605197888214242e-09
2285.0 1.2600175139799698e-09
2286.0 1.2595152391385155e-09
2287.0 1.2590129642970611e-09
2288.0 1.258510689455607e-09
2289.0 1.2580084146141527e-09
2290.0 1.2575061397726987e-09
2291.0 1.2570038649312446e-09
2292.0 1.2565015900897896e-09
2293.0 1.2559993152483355e-09
2294.0 1.2554970404068814e-09
2295.0 1.2549947655654272e-09
2296.0 1.2544924907239729e-09
2297.0 1.2539902158825185e-09
2298.0 1.2534879410410642e-09
2299.0 1.25298566619961e-09
2300.0 1.2524833913581557e-09
2301.0 1.2519811165167014e-09
2302.0 1.2514788416752472e-09
2303.0 1.2509765668337929e-09
2304.0 1.2504776635090008e-09
2305.0 1.2500029346398594e-09
2306.0 1.2495282057707186e-09
2307.0 1.2490534769015778e-09
2308.0 1.2485787480324364e-09
2309.0 1.2481040191632958e-09
2310.0 1.247629290294155e-09
2311.0 1.247154561425014e-09
2312.0 1.2466798325558733e-09
2313.0 1.246205103686732e-09
2314.0 1.245730374817591e-09
2315.0 1.2452556459484503e-09
2316.0 1.2447809170793093e-09
2317.0 1.2443061882101683e-09
2318.0 1.2438314593410271e-09
2319.0 1.2433567304718861e-09
2320.0 1.2428820016027455e-09
2321.0 1.2424072727336043e-09
2322.0 1.2419325438644638e-09
2323.0 1.2414578149953228e-09
2324.0 1.2409830861261818e-09
2325.0 1.2405083572570408e-09
2326.0 1.2400336283879e-09
2327.0 1.239558899518759e-09
2328.0 1.239084170649618e-09
2329.0 1.2386094417804772e-09
2330.0 1.2381347129113362e-09
2331.0 1.2376599840421952e-09
2332.0 1.237185255173054e-09
2333.0 1.2367105263039135e-09
2334.0 1.236235797434772e-09
2335.0 1.2357610685656315e-09
2336.0 1.2352863396964905e-09
2337.0 1.2348116108273495e-09
2338.0 1.2343368819582085e-09
2339.0 1.2338621530890677e-09
2340.0 1.2333874242199267e-09
2341.0 1.232912695350786e-09
2342.0 1.2324379664816447e-09
2343.0 1.231963237612504e-09
2344.0 1.2314885087433632e-09
2345.0 1.231013779874222e-09
2346.0 1.2305390510050814e-09
2347.0 1.2300643221359402e-09
2348.0 1.2295895932667994e-09
2349.0 1.2291148643976582e-09
2350.0 1.2286401355285174e-09
2351.0 1.2281654066593764e-09
2352.0 1.2276906777902352e-09
2353.0 1.2272159489210944e-09
2354.0 1.2267412200519537e-09
2355.0 1.2262664911828125e-09
2356.0 1.2257917623136719e-09
2357.0 1.2253170334445307e-09
2358.0 1.22484230457539e-09
2359.0 1.2243675757062485e-09
2360.0 1.223892846837108e-09
2361.0 1.223418117967967e-09
2362.0 1.2229433890988261e-09
2363.0 1.2224686602296854e-09
2364.0 1.2219939313605444e-09
2365.0 1.2215192024914032e-09
2366.0 1.2210444736222626e-09
2367.0 1.2205697447531214e-09
2368.0 1.2200950158839802e-09
2369.0 1.2196202870148394e-09
2370.0 1.2191455581456988e-09
2371.0 1.2186708292765576e-09
2372.0 1.2181961004074164e-09
2373.0 1.2177213715382758e-09
2374.0 1.2172466426691349e-09
2375.0 1.2167719137999939e-09
2376.0 1.216297184930853e-09
2377.0 1.215822456061712e-09
2378.0 1.2153477271925709e-09
2379.0 1.21487299832343e-09
2380.0 1.2143982694542895e-09
2381.0 1.2139235405851481e-09
2382.0 1.2134488117160073e-09
2383.0 1.2129740828468663e-09
2384.0 1.2124993539777256e-09
2385.0 1.2120246251085846e-09
2386.0 1.2115498962394436e-09
2387.0 1.2110751673703028e-09
2388.0 1.2106004385011618e-09
2389.0 1.2101257096320208e-09
2390.0 1.2096509807628798e-09
2391.0 1.2091762518937388e-09
2392.0 1.2087015230245982e-09
2393.0 1.208226794155457e-09
2394.0 1.207752065286316e-09
2395.0 1.2072773364171753e-09
2396.0 1.2068026075480343e-09
2397.0 1.2063278786788933e-09
2398.0 1.2058531498097525e-09
2399.0 1.2053784209406113e-09
2400.0 1.204903692071471e-09
2401.0 1.2044289632023295e-09
2402.0 1.2039542343331885e-09
2403.0 1.2034795054640475e-09
2404.0 1.2030047765949067e-09
2405.0 1.2025300477257658e-09
2406.0 1.2020553188566248e-09
2407.0 1.2015805899874838e-09
2408.0 1.201105861118343e-09
2409.0 1.200631132249202e-09
2410.0 1.2001564033800612e-09
2411.0 1.19968167451092e-09
2412.0 1.199206945641779e-09
2413.0 1.1987322167726384e-09
2414.0 1.1982574879034972e-09
2415.0 1.1977827590343562e-09
2416.0 1.1973080301652157e-09
2417.0 1.1968333012960745e-09
2418.0 1.1963585724269339e-09
2419.0 1.1958838435577925e-09
2420.0 1.1954091146886517e-09
2421.0 1.1949343858195107e-09
2422.0 1.1944596569503697e-09
2423.0 1.1939849280812291e-09
2424.0 1.193510199212088e-09
2425.0 1.193035470342947e-09
2426.0 1.1925607414738064e-09
2427.0 1.1920860126046652e-09
2428.0 1.1916112837355242e-09
2429.0 1.1911365548663832e-09
2430.0 1.1906618259972424e-09
2431.0 1.1901870971281012e-09
2432.0 1.1897123682589602e-09
2433.0 1.1892376393898194e-09
2434.0 1.1887629105206786e-09
2435.0 1.1882881816515376e-09
2436.0 1.187813452782397e-09
2437.0 1.1873387239132557e-09
2438.0 1.1868639950441149e-09
2439.0 1.1863892661749739e-09
2440.0 1.1859145373058327e-09
2441.0 1.185439808436692e-09
2442.0 1.1849650795675511e-09
2443.0 1.1844903506984103e-09
2444.0 1.1840156218292691e-09
2445.0 1.1835408929601281e-09
2446.0 1.1830661640909873e-09
2447.0 1.1825914352218466e-09
2448.0 1.1821167063527054e-09
2449.0 1.1816419774835644e-09
2450.0 1.1811672486144236e-09
2451.0 1.1806925197452826e-09
2452.0 1.1802177908761418e-09
2453.0 1.1797430620070006e-09
2454.0 1.1792683331378602e-09
2455.0 1.1787936042687188e-09
2456.0 1.178318875399578e-09
2457.0 1.1778441465304368e-09
2458.0 1.1773694176612959e-09
2459.0 1.176894688792155e-09
2460.0 1.1764199599230145e-09
2461.0 1.175945231053873e-09
2462.0 1.175470502184732e-09
2463.0 1.1749957733155915e-09
2464.0 1.1745210444464505e-09
2465.0 1.1740463155773093e-09
2466.0 1.1735715867081683e-09
2467.0 1.1730968578390278e-09
2468.0 1.1726221289698868e-09
2469.0 1.1721474001007456e-09
2470.0 1.171672671231605e-09
2471.0 1.1711979423624638e-09
2472.0 1.1707232134933232e-09
2473.0 1.1702484846241822e-09
2474.0 1.169773755755041e-09
2475.0 1.1692990268859e-09
2476.0 1.1688242980167594e-09
2477.0 1.1683495691476182e-09
2478.0 1.1678748402784773e-09
2479.0 1.1674001114093363e-09
2480.0 1.1669253825401957e-09
2481.0 1.1664506536710545e-09
2482.0 1.166041601876243e-09
2483.0 1.1656652755858533e-09
2484.0 1.165288949295463e-09
2485.0 1.1649126230050735e-09
2486.0 1.1645362967146833e-09
2487.0 1.1641599704242937e-09
2488.0 1.1637836441339033e-09
2489.0 1.1634073178435137e-09
2490.0 1.1630309915531236e-09
2491.0 1.1626546652627338e-09
2492.0 1.162278338972344e-09
2493.0 1.161902012681954e-09
2494.0 1.161525686391564e-09
2495.0 1.1611493601011744e-09
2496.0 1.1607730338107842e-09
2497.0 1.1603967075203943e-09
2498.0 1.1600203812300043e-09
2499.0 1.1596440549396143e-09
2500.0 1.1592677286492247e-09
2501.0 1.1588914023588343e-09
2502.0 1.158515076068445e-09
2503.0 1.1581387497780547e-09
2504.0 1.1577624234876647e-09
2505.0 1.1573860971972745e-09
2506.0 1.1570097709068848e-09
2507.0 1.156633444616495e-09
2508.0 1.156257118326105e-09
2509.0 1.1558807920357152e-09
2510.0 1.1555044657453252e-09
2511.0 1.1551281394549352e-09
2512.0 1.1547518131645452e-09
2513.0 1.1543754868741553e-09
2514.0 1.1539991605837653e-09
2515.0 1.153622834293376e-09
2516.0 1.1532465080029857e-09
2517.0 1.1528701817125957e-09
2518.0 1.1524938554222061e-09
2519.0 1.1521175291318157e-09
2520.0 1.151741202841426e-09
2521.0 1.1513648765510362e-09
2522.0 1.1509885502606462e-09
2523.0 1.1506122239702564e-09
2524.0 1.1502358976798662e-09
2525.0 1.1498595713894762e-09
2526.0 1.1494832450990866e-09
2527.0 1.1491069188086962e-09
2528.0 1.1487305925183067e-09
2529.0 1.1483542662279165e-09
2530.0 1.147977939937527e-09
2531.0 1.1476016136471367e-09
2532.0 1.147225287356747e-09
2533.0 1.1468489610663571e-09
2534.0 1.1464726347759672e-09
2535.0 1.1460963084855772e-09
2536.0 1.1457199821951872e-09
2537.0 1.1453436559047972e-09
2538.0 1.1449673296144072e-09
2539.0 1.1445910033240174e-09
2540.0 1.1442146770336274e-09
2541.0 1.1438383507432379e-09
2542.0 1.1434620244528474e-09
2543.0 1.1430856981624579e-09
2544.0 1.1427093718720677e-09
2545.0 1.142333045581678e-09
2546.0 1.141956719291288e-09
2547.0 1.1415803930008983e-09
2548.0 1.1412040667105081e-09
2549.0 1.1408277404201184e-09
2550.0 1.1404514141297284e-09
2551.0 1.1400750878393382e-09
2552.0 1.1396987615489484e-09
2553.0 1.1393224352585586e-09
2554.0 1.1389461089681684e-09
2555.0 1.1385697826777786e-09
2556.0 1.1381934563873888e-09
2557.0 1.1378171300969989e-09
2558.0 1.1374408038066093e-09
2559.0 1.1370644775162187e-09
2560.0 1.1366881512258293e-09
2561.0 1.136311824935439e-09
2562.0 1.1359354986450493e-09
2563.0 1.1355591723546593e-09
2564.0 1.1351828460642694e-09
2565.0 1.1348065197738794e-09
2566.0 1.1344301934834894e-09
2567.0 1.1340538671930994e-09
2568.0 1.1336775409027098e-09
2569.0 1.1333012146123196e-09
2570.0 1.1329248883219298e-09
2571.0 1.13254856203154e-09
2572.0 1.1321722357411499e-09
2573.0 1.1317959094507603e-09
2574.0 1.13141958316037e-09
2575.0 1.1310432568699803e-09
2576.0 1.1306669305795903e-09
2577.0 1.1302906042892003e-09
2578.0 1.1299142779988103e-09
2579.0 1.1295379517084206e-09
2580.0 1.1291616254180306e-09
2581.0 1.128785299127641e-09
2582.0 1.1284089728372506e-09
2583.0 1.1280326465468608e-09
2584.0 1.1276563202564708e-09
2585.0 1.1272799939660808e-09
2586.0 1.1269036676756913e-09
2587.0 1.1265273413853009e-09
2588.0 1.1261510150949113e-09
2589.0 1.1257746888045213e-09
2590.0 1.1253983625141313e-09
2591.0 1.1250220362237413e-09
2592.0 1.1246457099333513e-09
2593.0 1.1242693836429617e-09
2594.0 1.1238930573525716e-09
2595.0 1.1235167310621818e-09
2596.0 1.123140404771792e-09
2597.0 1.1227640784814018e-09
2598.0 1.1223877521910118e-09
2599.0 1.122011425900622e-09
2600.0 1.1216350996102318e-09
2601.0 1.1212587733198423e-09
2602.0 1.1208824470294523e-09
2603.0 1.1205061207390623e-09
2604.0 1.1201297944486723e-09
2605.0 1.1197534681582823e-09
2606.0 1.1193771418678923e-09
2607.0 1.1190008155775025e-09
2608.0 1.1186244892871127e-09
2609.0 1.118248162996723e-09
2610.0 1.117871836706333e-09
2611.0 1.1174955104159428e-09
2612.0 1.117119184125553e-09
2613.0 1.1167428578351628e-09
2614.0 1.1163665315447732e-09
2615.0 1.1159902052543832e-09
2616.0 1.1156138789639935e-09
2617.0 1.1152375526736033e-09
2618.0 1.1148612263832133e-09
2619.0 1.1144849000928237e-09
2620.0 1.1141085738024335e-09
2621.0 1.1137322475120435e-09
2622.0 1.113355921221654e-09
2623.0 1.112979594931264e-09
2624.0 1.112603268640874e-09
2625.0 1.112226942350484e-09
2626.0 1.111850616060094e-09
2627.0 1.1114742897697042e-09
2628.0 1.1110979634793142e-09
2629.0 1.1107216371889244e-09
2630.0 1.1103453108985344e-09
2631.0 1.1099689846081442e-09
2632.0 1.1095926583177545e-09
2633.0 1.1092163320273645e-09
2634.0 1.1088400057369747e-09
2635.0 1.1084636794465847e-09
2636.0 1.1080873531561945e-09
2637.0 1.1077110268658047e-09
2638.0 1.107334700575415e-09
2639.0 1.1069583742850254e-09
2640.0 1.106582047994635e-09
2641.0 1.1062057217042454e-09
2642.0 1.1058293954138554e-09
2643.0 1.1054530691234654e-09
2644.0 1.1050767428330754e-09
2645.0 1.1047004165426854e-09
2646.0 1.1043240902522955e-09
2647.0 1.1039477639619057e-09
2648.0 1.1035714376715157e-09
2649.0 1.103195111381126e-09
2650.0 1.102818785090736e-09
2651.0 1.102442458800346e-09
2652.0 1.1020661325099557e-09
2653.0 1.101689806219566e-09
2654.0 1.1013134799291764e-09
2655.0 1.1009371536387862e-09
2656.0 1.1005608273483964e-09
2657.0 1.1001845010580064e-09
2658.0 1.0998081747676164e-09
2659.0 1.0994318484772262e-09
2660.0 1.0990555221868366e-09
2661.0 1.0986791958964467e-09
2662.0 1.098302869606057e-09
2663.0 1.0979265433156667e-09
2664.0 1.097550217025277e-09
2665.0 1.0971738907348871e-09
2666.0 1.096797564444497e-09
2667.0 1.0964212381541071e-09
2668.0 1.0960449118637174e-09
2669.0 1.0956685855733274e-09
2670.0 1.0952922592829374e-09
2671.0 1.0949159329925474e-09
2672.0 1.0945396067021576e-09
2673.0 1.0942000767162472e-09
2674.0 1.0938913790731642e-09
2675.0 1.0935826814300807e-09
2676.0 1.0932739837869977e-09
2677.0 1.0929652861439147e-09
2678.0 1.0926565885008319e-09
2679.0 1.0923478908577484e-09
2680.0 1.0920391932146656e-09
2681.0 1.0917304955715824e-09
2682.0 1.0914217979284991e-09
2683.0 1.0911131002854161e-09
2684.0 1.090804402642333e-09
2685.0 1.09049570499925e-09
2686.0 1.0901870073561668e-09
2687.0 1.0898783097130838e-09
2688.0 1.0895696120700008e-09
2689.0 1.0892609144269175e-09
2690.0 1.0889522167838343e-09
2691.0 1.0886435191407513e-09
2692.0 1.088334821497668e-09
2693.0 1.0880261238545848e-09
2694.0 1.0877174262115018e-09
2695.0 1.0874087285684188e-09
2696.0 1.087100030925336e-09
2697.0 1.0867913332822527e-09
2698.0 1.0864826356391697e-09
2699.0 1.0861739379960865e-09
2700.0 1.0858652403530032e-09
2701.0 1.0855565427099202e-09
2702.0 1.085247845066837e-09
2703.0 1.0849391474237542e-09
2704.0 1.084630449780671e-09
2705.0 1.084321752137588e-09
2706.0 1.0840130544945047e-09
2707.0 1.0837043568514217e-09
2708.0 1.0833956592083386e-09
2709.0 1.0830869615652552e-09
2710.0 1.0827782639221722e-09
2711.0 1.0824695662790893e-09
2712.0 1.082160868636006e-09
2713.0 1.081852170992923e-09
2714.0 1.0815434733498397e-09
2715.0 1.0812347757067568e-09
2716.0 1.0809260780636738e-09
2717.0 1.0806173804205906e-09
2718.0 1.0803086827775073e-09
2719.0 1.079999985134424e-09
2720.0 1.0796912874913413e-09
2721.0 1.079382589848258e-09
2722.0 1.079073892205175e-09
2723.0 1.0787651945620918e-09
2724.0 1.0784564969190088e-09
2725.0 1.0781477992759258e-09
2726.0 1.0778391016328423e-09
2727.0 1.0775304039897593e-09
2728.0 1.0772217063466765e-09
2729.0 1.0769130087035928e-09
2730.0 1.0766043110605102e-09
2731.0 1.0762956134174272e-09
2732.0 1.0759869157743442e-09
2733.0 1.0756782181312603e-09
2734.0 1.0753695204881777e-09
2735.0 1.0750608228450945e-09
2736.0 1.0747521252020112e-09
2737.0 1.0744434275589284e-09
2738.0 1.0741347299158452e-09
2739.0 1.0738260322727622e-09
2740.0 1.0735173346296787e-09
2741.0 1.073208636986596e-09
2742.0 1.0728999393435129e-09
2743.0 1.0725912417004297e-09
2744.0 1.0722825440573466e-09
2745.0 1.0719738464142636e-09
2746.0 1.0716651487711802e-09
2747.0 1.071356451128097e-09
2748.0 1.0710477534850143e-09
2749.0 1.0707390558419313e-09
2750.0 1.0704303581988477e-09
2751.0 1.0701216605557644e-09
2752.0 1.0698129629126818e-09
2753.0 1.0695042652695986e-09
2754.0 1.0691955676265154e-09
2755.0 1.0688868699834323e-09
2756.0 1.0685781723403493e-09
2757.0 1.068269474697266e-09
2758.0 1.0679607770541828e-09
2759.0 1.0676520794111e-09
2760.0 1.0673433817680168e-09
2761.0 1.0670346841249338e-09
2762.0 1.0667259864818507e-09
2763.0 1.0664172888387673e-09
2764.0 1.0661085911956845e-09
2765.0 1.0657998935526013e-09
2766.0 1.0654911959095178e-09
2767.0 1.0651824982664348e-09
2768.0 1.064873800623352e-09
2769.0 1.0645651029802692e-09
2770.0 1.0642564053371857e-09
2771.0 1.0639477076941023e-09
2772.0 1.0636390100510195e-09
2773.0 1.0633303124079362e-09
2774.0 1.0630216147648532e-09
2775.0 1.0627129171217702e-09
2776.0 1.0624042194786872e-09
2777.0 1.062095521835604e-09
2778.0 1.0617868241925207e-09
2779.0 1.0614781265494379e-09
2780.0 1.0611694289063544e-09
2781.0 1.0608607312632716e-09
2782.0 1.0605520336201886e-09
2783.0 1.060243335977105e-09
2784.0 1.0599346383340221e-09
2785.0 1.0596259406909391e-09
2786.0 1.059317243047856e-09
2787.0 1.0590085454047728e-09
2788.0 1.0586998477616898e-09
2789.0 1.0583911501186068e-09
2790.0 1.0580824524755234e-09
2791.0 1.0577737548324403e-09
2792.0 1.0574650571893571e-09
2793.0 1.0571563595462743e-09
2794.0 1.056847661903191e-09
2795.0 1.0565389642601078e-09
2796.0 1.0562302666170252e-09
2797.0 1.0559215689739418e-09
2798.0 1.0556128713308585e-09
2799.0 1.0553041736877755e-09
2800.0 1.0549954760446923e-09
2801.0 1.0546867784016093e-09
2802.0 1.0543780807585262e-09
2803.0 1.0540693831154432e-09
2804.0 1.0537606854723598e-09
2805.0 1.053451987829277e-09
2806.0 1.053143290186194e-09
2807.0 1.0528345925431107e-09
2808.0 1.0525258949000275e-09
2809.0 1.0522171972569444e-09
2810.0 1.0519084996138614e-09
2811.0 1.0515998019707782e-09
2812.0 1.051291104327695e-09
2813.0 1.050982406684612e-09
2814.0 1.050673709041529e-09
2815.0 1.0503650113984459e-09
2816.0 1.0500563137553626e-09
2817.0 1.0497476161122796e-09
2818.0 1.0494389184691966e-09
2819.0 1.0491302208261134e-09
2820.0 1.0488215231830303e-09
2821.0 1.0485128255399471e-09
2822.0 1.048204127896864e-09
2823.0 1.047895430253781e-09
2824.0 1.0475867326106978e-09
2825.0 1.0472780349676148e-09
2826.0 1.0469693373245316e-09
2827.0 1.0466606396814485e-09
2828.0 1.0463519420383653e-09
2829.0 1.0460432443952823e-09
2830.0 1.045734546752199e-09
2831.0 1.045425849109116e-09
2832.0 1.045117151466033e-09
2833.0 1.04480845382295e-09
2834.0 1.0444997561798668e-09
2835.0 1.0441910585367835e-09
2836.0 1.0438823608937007e-09
2837.0 1.0435736632506173e-09
2838.0 1.0432649656075344e-09
2839.0 1.0429562679644514e-09
2840.0 1.0426475703213682e-09
2841.0 1.042338872678285e-09
2842.0 1.042030175035202e-09
2843.0 1.041721477392119e-09
2844.0 1.0414127797490357e-09
2845.0 1.0411040821059524e-09
2846.0 1.0407953844628694e-09
2847.0 1.0404866868197864e-09
2848.0 1.0401779891767032e-09
2849.0 1.03986929153362e-09
2850.0 1.0395605938905373e-09
2851.0 1.039251896247454e-09
2852.0 1.0389431986043707e-09
2853.0 1.0386345009612878e-09
2854.0 1.0383258033182046e-09
2855.0 1.0380171056751216e-09
2856.0 1.0377084080320383e-09
2857.0 1.0373997103889553e-09
2858.0 1.0370910127458723e-09
2859.0 1.036782315102789e-09
2860.0 1.036473617459706e-09
2861.0 1.0361649198166228e-09
2862.0 1.0358562221735396e-09
2863.0 1.0355475245304566e-09
2864.0 1.0352388268873735e-09
2865.0 1.0349301292442905e-09
2866.0 1.034621431601207e-09
2867.0 1.0343127339581245e-09
2868.0 1.0340040363150408e-09
2869.0 1.033695338671958e-09
2870.0 1.033386641028875e-09
2871.0 1.0330779433857917e-09
2872.0 1.032769245742709e-09
2873.0 1.0324605480996255e-09
2874.0 1.0321518504565425e-09
2875.0 1.0318431528134592e-09
2876.0 1.0315344551703762e-09
2877.0 1.0312257575272932e-09
2878.0 1.0309170598842101e-09
2879.0 1.0306172390003462e-09
2880.0 1.0303212300629967e-09
2881.0 1.0300252211256472e-09
2882.0 1.0297292121882982e-09
2883.0 1.0294332032509485e-09
2884.0 1.029137194313599e-09
2885.0 1.0288411853762497e-09
2886.0 1.0285451764389004e-09
2887.0 1.0282491675015509e-09
2888.0 1.0279531585642016e-09
2889.0 1.0276571496268519e-09
2890.0 1.0273611406895024e-09
2891.0 1.0270651317521529e-09
2892.0 1.0267691228148038e-09
2893.0 1.0264731138774543e-09
2894.0 1.0261771049401048e-09
2895.0 1.0258810960027549e-09
2896.0 1.0255850870654056e-09
2897.0 1.025289078128056e-09
2898.0 1.0249930691907068e-09
2899.0 1.0246970602533573e-09
2900.0 1.0244010513160078e-09
2901.0 1.0241050423786585e-09
2902.0 1.023809033441309e-09
2903.0 1.0235130245039597e-09
2904.0 1.0232170155666102e-09
2905.0 1.0229210066292605e-09
2906.0 1.022624997691911e-09
2907.0 1.0223289887545617e-09
2908.0 1.0220329798172122e-09
2909.0 1.0217369708798627e-09
2910.0 1.0214409619425134e-09
2911.0 1.0211449530051639e-09
2912.0 1.0208489440678142e-09
2913.0 1.0205529351304647e-09
2914.0 1.0202569261931156e-09
2915.0 1.019960917255766e-09
2916.0 1.0196649083184166e-09
2917.0 1.0193688993810673e-09
2918.0 1.0190728904437178e-09
2919.0 1.0187768815063683e-09
2920.0 1.018480872569019e-09
2921.0 1.0181848636316693e-09
2922.0 1.0178888546943198e-09
2923.0 1.0175928457569703e-09
2924.0 1.017296836819621e-09
2925.0 1.0170008278822715e-09
2926.0 1.0167048189449222e-09
2927.0 1.0164088100075727e-09
2928.0 1.016112801070223e-09
2929.0 1.0158167921328735e-09
2930.0 1.015520783195524e-09
2931.0 1.015224774258175e-09
2932.0 1.0149287653208252e-09
2933.0 1.014632756383476e-09
2934.0 1.0143367474461264e-09
2935.0 1.014040738508777e-09
2936.0 1.0137447295714276e-09
2937.0 1.0134487206340777e-09
2938.0 1.0131527116967284e-09
2939.0 1.012856702759379e-09
2940.0 1.0125606938220296e-09
2941.0 1.0122646848846803e-09
2942.0 1.0119686759473306e-09
2943.0 1.0116726670099813e-09
2944.0 1.0113766580726318e-09
2945.0 1.0110806491352827e-09
2946.0 1.0107846401979328e-09
2947.0 1.0104886312605837e-09
2948.0 1.010192622323234e-09
2949.0 1.0098966133858845e-09
2950.0 1.0096006044485352e-09
2951.0 1.009304595511186e-09
2952.0 1.0090085865738365e-09
2953.0 1.0087125776364867e-09
2954.0 1.0084165686991372e-09
2955.0 1.0081205597617877e-09
2956.0 1.0078245508244384e-09
2957.0 1.0075285418870892e-09
2958.0 1.0072325329497394e-09
2959.0 1.0069365240123902e-09
2960.0 1.0066405150750407e-09
2961.0 1.0063445061376914e-09
2962.0 1.006048497200342e-09
2963.0 1.0057524882629924e-09
2964.0 1.0054564793256427e-09
2965.0 1.0051604703882932e-09
2966.0 1.004864461450944e-09
2967.0 1.0045684525135944e-09
2968.0 1.004272443576245e-09
2969.0 1.0039764346388956e-09
2970.0 1.003680425701546e-09
2971.0 1.0033844167641966e-09
2972.0 1.0030884078268475e-09
2973.0 1.002792398889498e-09
2974.0 1.0024963899521483e-09
2975.0 1.002200381014799e-09
2976.0 1.0019043720774497e-09
2977.0 1.0016083631401e-09
2978.0 1.0013123542027507e-09
2979.0 1.0010163452654014e-09
2980.0 1.0007203363280515e-09
2981.0 1.000424327390702e-09
2982.0 1.0001283184533527e-09
2983.0 9.998323095160032e-10
2984.0 9.995363005786537e-10
2985.0 9.992402916413046e-10
2986.0 9.989442827039549e-10
2987.0 9.986482737666056e-10
2988.0 9.983522648292557e-10
2989.0 9.980562558919064e-10
2990.0 9.97760246954557e-10
2991.0 9.974642380172076e-10
2992.0 9.97168229079858e-10
2993.0 9.968722201425086e-10
2994.0 9.965762112051593e-10
2995.0 9.962802022678098e-10
2996.0 9.9598419333046e-10
2997.0 9.95688184393111e-10
2998.0 9.953921754557613e-10
2999.0 9.95096166518412e-10
3000.0 9.948001575810625e-10
3001.0 9.945041486437132e-10
3002.0 9.942081397063637e-10
3003.0 9.939121307690142e-10
3004.0 9.93616121831665e-10
3005.0 9.933201128943152e-10
3006.0 9.930241039569661e-10
3007.0 9.927280950196164e-10
3008.0 9.92432086082267e-10
3009.0 9.921360771449174e-10
3010.0 9.918400682075681e-10
3011.0 9.915440592702188e-10
3012.0 9.912480503328691e-10
3013.0 9.909520413955194e-10
3014.0 9.9065603245817e-10
3015.0 9.903600235208206e-10
3016.0 9.900640145834713e-10
3017.0 9.897680056461218e-10
3018.0 9.894719967087723e-10
3019.0 9.891759877714228e-10
3020.0 9.888799788340735e-10
3021.0 9.885839698967242e-10
3022.0 9.882879609593747e-10
3023.0 9.879919520220248e-10
3024.0 9.876959430846755e-10
3025.0 9.873999341473262e-10
3026.0 9.871039252099767e-10
3027.0 9.868079162726274e-10
3028.0 9.865119073352777e-10
3029.0 9.862158983979284e-10
3030.0 9.859198894605787e-10
3031.0 9.856238805232297e-10
3032.0 9.853278715858802e-10
3033.0 9.850318626485304e-10
3034.0 9.847358537111812e-10
3035.0 9.844398447738317e-10
3036.0 9.841438358364824e-10
3037.0 9.83847826899133e-10
3038.0 9.835518179617834e-10
3039.0 9.83255809024434e-10
3040.0 9.829598000870844e-10
3041.0 9.82663791149735e-10
3042.0 9.823677822123856e-10
3043.0 9.82071773275036e-10
3044.0 9.817757643376866e-10
3045.0 9.814797554003373e-10
3046.0 9.811837464629878e-10
3047.0 9.808877375256383e-10
3048.0 9.80591728588289e-10
3049.0 9.802957196509393e-10
3050.0 9.799997107135898e-10
3051.0 9.797037017762405e-10
3052.0 9.794076928388912e-10
3053.0 9.791116839015415e-10
3054.0 9.78815674964192e-10
3055.0 9.785196660268425e-10
3056.0 9.782236570894932e-10
3057.0 9.779276481521439e-10
3058.0 9.776316392147942e-10
3059.0 9.773356302774449e-10
3060.0 9.770396213400954e-10
3061.0 9.767436124027459e-10
3062.0 9.764476034653968e-10
3063.0 9.76151594528047e-10
3064.0 9.758555855906974e-10
3065.0 9.75559576653348e-10
3066.0 9.752635677159988e-10
3067.0 9.74967558778649e-10
3068.0 9.746715498412996e-10
3069.0 9.743755409039503e-10
3070.0 9.74079531966601e-10
3071.0 9.737835230292515e-10
3072.0 9.73487514091902e-10
3073.0 9.731915051545525e-10
3074.0 9.728954962172028e-10
3075.0 9.725994872798535e-10
3076.0 9.723034783425042e-10
3077.0 9.720074694051547e-10
3078.0 9.717114604678052e-10
3079.0 9.714154515304557e-10
3080.0 9.711194425931064e-10
3081.0 9.70823433655757e-10
3082.0 9.705274247184074e-10
3083.0 9.70231415781058e-10
3084.0 9.699354068437084e-10
3085.0 9.696393979063591e-10
3086.0 9.693433889690096e-10
3087.0 9.690473800316603e-10
3088.0 9.687513710943108e-10
3089.0 9.684553621569611e-10
3090.0 9.68159353219612e-10
3091.0 9.678633442822623e-10
3092.0 9.67567335344913e-10
3093.0 9.672713264075633e-10
3094.0 9.66975317470214e-10
3095.0 9.666793085328645e-10
3096.0 9.663832995955152e-10
3097.0 9.66087290658166e-10
3098.0 9.657912817208162e-10
3099.0 9.654952727834665e-10
3100.0 9.651992638461172e-10
