2.0 4.922500751294259e-07
3.0 6.487073463533585e-07
4.0 7.864950375769411e-07
5.0 9.068940143174158e-07
6.0 1.0119244061389143e-06
7.0 1.102630524601642e-06
8.0 1.1803382540550436e-06
9.0 1.2474036495290813e-06
10.0 1.3039596237107465e-06
11.0 1.3517761984324997e-06
12.0 1.3912252544606892e-06
13.0 1.4220657261945534e-06
14.0 1.4464306838329424e-06
15.0 1.4653382721160862e-06
16.0 1.4776250463805385e-06
17.0 1.4832911635421274e-06
18.0 1.4850214441811814e-06
19.0 1.4829799588824363e-06
20.0 1.4775787420768994e-06
21.0 1.4666285069891502e-06
22.0 1.4540126684871174e-06
23.0 1.4397927669919925e-06
24.0 1.422770149567261e-06
25.0 1.4050620589662324e-06
26.0 1.3846614987148547e-06
27.0 1.3640978633192198e-06
28.0 1.3426186928920825e-06
29.0 1.3211096967900202e-06
30.0 1.299271935088785e-06
31.0 1.2774341733875494e-06
32.0 1.2556393554937101e-06
33.0 1.2338517693377752e-06
34.0 1.212338275663766e-06
35.0 1.1911504396835497e-06
36.0 1.169962603703333e-06
37.0 1.1496511995710924e-06
38.0 1.129466857920112e-06
39.0 1.1094142270902505e-06
40.0 1.0906813080098456e-06
41.0 1.0719483889294406e-06
42.0 1.0533253079823246e-06
43.0 1.0357636065187014e-06
44.0 1.0182019050550784e-06
45.0 1.0006402035914552e-06
46.0 9.840890470331097e-07
47.0 9.676942880357457e-07
48.0 9.512995290383817e-07
49.0 9.354993995648654e-07
50.0 9.206310844666331e-07
51.0 9.057627693684004e-07
52.0 8.908944542701675e-07
53.0 8.768197579723786e-07
54.0 8.631811772090804e-07
55.0 8.495425964457818e-07
56.0 8.359040156824832e-07
57.0 8.228487196097708e-07
58.0 8.101620221866315e-07
59.0 7.974753247634925e-07
60.0 7.847886273403535e-07
61.0 7.724593619022259e-07
62.0 7.610985873997466e-07
63.0 7.497378128972671e-07
64.0 7.383770383947876e-07
65.0 7.270162638923081e-07
66.0 7.163325161713433e-07
67.0 7.061156715808392e-07
68.0 6.958988269903345e-07
69.0 6.856819823998301e-07
70.0 6.754651378093257e-07
71.0 6.656900811604735e-07
72.0 6.562709556888665e-07
73.0 6.4685183021726e-07
74.0 6.374327047456531e-07
75.0 6.280135792740464e-07
76.0 6.18732280999493e-07
77.0 6.103921780092265e-07
78.0 6.020520750189602e-07
79.0 5.937119720286939e-07
80.0 5.853718690384276e-07
81.0 5.77031766048161e-07
82.0 5.68971422307838e-07
83.0 5.616173875271174e-07
84.0 5.542633527463971e-07
85.0 5.469093179656766e-07
86.0 5.395552831849561e-07
87.0 5.322012484042356e-07
88.0 5.248472136235152e-07
89.0 5.181793998667523e-07
90.0 5.115188274876355e-07
91.0 5.048582551085187e-07
92.0 4.981976827294019e-07
93.0 4.91537110350285e-07
94.0 4.848765379711681e-07
95.0 4.783889528827115e-07
96.0 4.72549784560207e-07
97.0 4.667106162377029e-07
98.0 4.608714479151983e-07
99.0 4.550322795926942e-07
100.0 4.4919311127018977e-07
101.0 4.433539429476855e-07
102.0 4.375147746251813e-07
103.0 4.324347112524432e-07
104.0 4.2743018675648565e-07
105.0 4.2242566226052827e-07
106.0 4.1742113776457067e-07
107.0 4.124166132686133e-07
108.0 4.0741208877265564e-07
109.0 4.024075642766982e-07
110.0 3.9742702305695723e-07
111.0 3.9294355528803583e-07
112.0 3.884600875191144e-07
113.0 3.839766197501929e-07
114.0 3.7949315198127143e-07
115.0 3.7500968421235e-07
116.0 3.705262164434285e-07
117.0 3.6604274867450703e-07
118.0 3.6155928090558563e-07
119.0 3.5742677894812654e-07
120.0 3.5355169611977596e-07
121.0 3.496766132914252e-07
122.0 3.4580153046307464e-07
123.0 3.41926447634724e-07
124.0 3.380513648063734e-07
125.0 3.341762819780227e-07
126.0 3.3030119914967204e-07
127.0 3.264261163213214e-07
128.0 3.228435020656484e-07
129.0 3.196106390881548e-07
130.0 3.163777761106614e-07
131.0 3.13144913133168e-07
132.0 3.0991205015567457e-07
133.0 3.066791871781811e-07
134.0 3.0344632420068766e-07
135.0 3.0021346122319416e-07
136.0 2.9698059824570075e-07
137.0 2.9374773526820725e-07
138.0 2.907519632897333e-07
139.0 2.8789463237803963e-07
140.0 2.8503730146634587e-07
141.0 2.821799705546522e-07
142.0 2.793226396429585e-07
143.0 2.7646530873126484e-07
144.0 2.736079778195712e-07
145.0 2.7075064690787736e-07
146.0 2.678933159961837e-07
147.0 2.6503598508449e-07
148.0 2.6219958420074996e-07
149.0 2.5975590281823605e-07
150.0 2.5731222143572204e-07
151.0 2.548685400532081e-07
152.0 2.5242485867069416e-07
153.0 2.499811772881802e-07
154.0 2.475374959056663e-07
155.0 2.450938145231523e-07
156.0 2.426501331406383e-07
157.0 2.4020645175812434e-07
158.0 2.3776277037561043e-07
159.0 2.3531908899309647e-07
160.0 2.3317028256620347e-07
161.0 2.311768789615169e-07
162.0 2.291834753568303e-07
163.0 2.271900717521438e-07
164.0 2.2519666814745723e-07
165.0 2.232032645427706e-07
166.0 2.212098609380841e-07
167.0 2.1921645733339753e-07
168.0 2.1722305372871096e-07
169.0 2.152296501240244e-07
170.0 2.132362465193378e-07
171.0 2.1124284291465118e-07
172.0 2.0935147939737042e-07
173.0 2.0762561759087165e-07
174.0 2.0589975578437289e-07
175.0 2.0417389397787407e-07
176.0 2.024480321713753e-07
177.0 2.0072217036487654e-07
178.0 1.989963085583777e-07
179.0 1.9727044675187893e-07
180.0 1.955445849453802e-07
181.0 1.9381872313888137e-07
182.0 1.9209286133238258e-07
183.0 1.9036699952588382e-07
184.0 1.8864113771938502e-07
185.0 1.8695632526608474e-07
186.0 1.854829723669403e-07
187.0 1.8400961946779585e-07
188.0 1.8253626656865144e-07
189.0 1.81062913669507e-07
190.0 1.7958956077036262e-07
191.0 1.7811620787121816e-07
192.0 1.7664285497207375e-07
193.0 1.7516950207292927e-07
194.0 1.736961491737849e-07
195.0 1.7222279627464047e-07
196.0 1.7074944337549601e-07
197.0 1.692760904763516e-07
198.0 1.6780273757720717e-07
199.0 1.663293846780628e-07
200.0 1.6512645408819937e-07
201.0 1.639452728776607e-07
202.0 1.6276409166712198e-07
203.0 1.6158291045658323e-07
204.0 1.6040172924604452e-07
205.0 1.5922054803550576e-07
206.0 1.5803936682496714e-07
207.0 1.5685818561442835e-07
208.0 1.5567700440388965e-07
209.0 1.5449582319335092e-07
210.0 1.5331464198281224e-07
211.0 1.521334607722735e-07
212.0 1.5095227956173475e-07
213.0 1.4977109835119602e-07
214.0 1.485899171406573e-07
215.0 1.4751627581637988e-07
216.0 1.4651676354230117e-07
217.0 1.455172512682224e-07
218.0 1.445177389941437e-07
219.0 1.4351822672006499e-07
220.0 1.4251871444598622e-07
221.0 1.415192021719075e-07
222.0 1.4051968989782877e-07
223.0 1.3952017762375e-07
224.0 1.3852066534967127e-07
225.0 1.3752115307559256e-07
226.0 1.3652164080151382e-07
227.0 1.3552212852743506e-07
228.0 1.3452261625335635e-07
229.0 1.335231039792776e-07
230.0 1.3252359170519887e-07
231.0 1.315354555322346e-07
232.0 1.3068313402850807e-07
233.0 1.2983081252478154e-07
234.0 1.28978491021055e-07
235.0 1.2812616951732847e-07
236.0 1.2727384801360196e-07
237.0 1.2642152650987542e-07
238.0 1.2556920500614888e-07
239.0 1.2471688350242232e-07
240.0 1.2386456199869578e-07
241.0 1.2301224049496927e-07
242.0 1.221599189912427e-07
243.0 1.213075974875162e-07
244.0 1.2045527598378967e-07
245.0 1.1960295448006313e-07
246.0 1.1875063297633655e-07
247.0 1.1789831147261004e-07
248.0 1.170459899688835e-07
249.0 1.1624592172953608e-07
250.0 1.1557341964885347e-07
251.0 1.1490091756817077e-07
252.0 1.1422841548748818e-07
253.0 1.1355591340680548e-07
254.0 1.1288341132612284e-07
255.0 1.122109092454402e-07
256.0 1.1153840716475751e-07
257.0 1.1086590508407484e-07
258.0 1.1019340300339219e-07
259.0 1.0952090092270953e-07
260.0 1.0884839884202685e-07
261.0 1.0817589676134422e-07
262.0 1.0750339468066156e-07
263.0 1.068308925999789e-07
264.0 1.0615839051929625e-07
265.0 1.0548588843861359e-07
266.0 1.0481338635793094e-07
267.0 1.0414088427724827e-07
268.0 1.0348327544189818e-07
269.0 1.0292202039847036e-07
270.0 1.0236076535504258e-07
271.0 1.0179951031161476e-07
272.0 1.0123825526818693e-07
273.0 1.0067700022475914e-07
274.0 1.0011574518133134e-07
275.0 9.955449013790354e-08
276.0 9.899323509447574e-08
277.0 9.843198005104792e-08
278.0 9.787072500762009e-08
279.0 9.730946996419229e-08
280.0 9.674821492076446e-08
281.0 9.618695987733667e-08
282.0 9.562570483390887e-08
283.0 9.506444979048104e-08
284.0 9.450319474705324e-08
285.0 9.394193970362541e-08
286.0 9.338068466019762e-08
287.0 9.28194296167698e-08
288.0 9.225817457334202e-08
289.0 9.174054327764251e-08
290.0 9.126625261796034e-08
291.0 9.079196195827814e-08
292.0 9.031767129859591e-08
293.0 8.984338063891374e-08
294.0 8.936908997923155e-08
295.0 8.889479931954932e-08
296.0 8.842050865986717e-08
297.0 8.794621800018497e-08
298.0 8.747192734050276e-08
299.0 8.699763668082058e-08
300.0 8.652334602113838e-08
301.0 8.604905536145616e-08
302.0 8.557476470177398e-08
303.0 8.51004740420918e-08
304.0 8.462618338240959e-08
305.0 8.415189272272742e-08
306.0 8.36776020630452e-08
307.0 8.320331140336302e-08
308.0 8.272902074368084e-08
309.0 8.225473008399862e-08
310.0 8.178043942431642e-08
311.0 8.13344391234006e-08
312.0 8.096111622248043e-08
313.0 8.058779332156028e-08
314.0 8.021447042064009e-08
315.0 7.984114751971993e-08
316.0 7.946782461879975e-08
317.0 7.909450171787958e-08
318.0 7.872117881695942e-08
319.0 7.834785591603921e-08
320.0 7.797453301511906e-08
321.0 7.760121011419888e-08
322.0 7.72278872132787e-08
323.0 7.685456431235854e-08
324.0 7.648124141143835e-08
325.0 7.610791851051818e-08
326.0 7.573459560959801e-08
327.0 7.536127270867783e-08
328.0 7.498794980775767e-08
329.0 7.461462690683749e-08
330.0 7.424130400591732e-08
331.0 7.386798110499714e-08
332.0 7.349465820407696e-08
333.0 7.31213353031568e-08
334.0 7.274801240223661e-08
335.0 7.239849139591877e-08
336.0 7.209372987490677e-08
337.0 7.178896835389478e-08
338.0 7.14842068328828e-08
339.0 7.117944531187079e-08
340.0 7.087468379085879e-08
341.0 7.056992226984679e-08
342.0 7.02651607488348e-08
343.0 6.99603992278228e-08
344.0 6.965563770681079e-08
345.0 6.93508761857988e-08
346.0 6.904611466478682e-08
347.0 6.874135314377482e-08
348.0 6.843659162276281e-08
349.0 6.813183010175081e-08
350.0 6.782706858073882e-08
351.0 6.752230705972682e-08
352.0 6.721754553871482e-08
353.0 6.691278401770284e-08
354.0 6.660802249669084e-08
355.0 6.630326097567884e-08
356.0 6.599849945466683e-08
357.0 6.569373793365484e-08
358.0 6.538897641264284e-08
359.0 6.508421489163084e-08
360.0 6.477945337061886e-08
361.0 6.450127897371893e-08
362.0 6.424310410764658e-08
363.0 6.398492924157421e-08
364.0 6.372675437550187e-08
365.0 6.346857950942952e-08
366.0 6.32104046433572e-08
367.0 6.295222977728483e-08
368.0 6.269405491121246e-08
369.0 6.243588004514014e-08
370.0 6.217770517906777e-08
371.0 6.191953031299543e-08
372.0 6.166135544692305e-08
373.0 6.140318058085073e-08
374.0 6.114500571477838e-08
375.0 6.088683084870602e-08
376.0 6.062865598263367e-08
377.0 6.037048111656132e-08
378.0 6.011230625048896e-08
379.0 5.985413138441663e-08
380.0 5.959595651834427e-08
381.0 5.933778165227192e-08
382.0 5.907960678619958e-08
383.0 5.8821431920127215e-08
384.0 5.856325705405487e-08
385.0 5.8305082187982516e-08
386.0 5.8046907321910164e-08
387.0 5.77887324558378e-08
388.0 5.753055758976547e-08
389.0 5.731752368830258e-08
390.0 5.711515936295926e-08
391.0 5.691279503761596e-08
392.0 5.671043071227268e-08
393.0 5.650806638692937e-08
394.0 5.6305702061586064e-08
395.0 5.610333773624275e-08
396.0 5.590097341089946e-08
397.0 5.5698609085556144e-08
398.0 5.549624476021283e-08
399.0 5.529388043486955e-08
400.0 5.5091516109526236e-08
401.0 5.4889151784182925e-08
402.0 5.468678745883963e-08
403.0 5.4484423133496316e-08
404.0 5.4282058808153005e-08
405.0 5.4079694482809707e-08
406.0 5.387733015746641e-08
407.0 5.367496583212311e-08
408.0 5.347260150677979e-08
409.0 5.327023718143649e-08
410.0 5.306787285609319e-08
411.0 5.2865508530749886e-08
412.0 5.266314420540658e-08
413.0 5.246077988006327e-08
414.0 5.2258415554719965e-08
415.0 5.205605122937667e-08
416.0 5.185368690403337e-08
417.0 5.1651322578690045e-08
418.0 5.144895825334675e-08
419.0 5.128355897107299e-08
420.0 5.1121878004723843e-08
421.0 5.0960197038374716e-08
422.0 5.0798516072025576e-08
423.0 5.0636835105676435e-08
424.0 5.047515413932729e-08
425.0 5.031347317297815e-08
426.0 5.015179220662901e-08
427.0 4.999011124027986e-08
428.0 4.982843027393072e-08
429.0 4.966674930758158e-08
430.0 4.950506834123243e-08
431.0 4.9343387374883304e-08
432.0 4.918170640853417e-08
433.0 4.902002544218502e-08
434.0 4.8858344475835876e-08
435.0 4.8696663509486735e-08
436.0 4.853498254313759e-08
437.0 4.8373301576788454e-08
438.0 4.8211620610439314e-08
439.0 4.804993964409017e-08
440.0 4.7888258677741026e-08
441.0 4.7726577711391886e-08
442.0 4.7564896745042745e-08
443.0 4.7403215778693605e-08
444.0 4.7241534812344464e-08
445.0 4.7079853845995323e-08
446.0 4.691817287964619e-08
447.0 4.6756491913297036e-08
448.0 4.6594810946947895e-08
449.0 4.6433129980598755e-08
450.0 4.6271449014249614e-08
451.0 4.6126665204360366e-08
452.0 4.598894051736323e-08
453.0 4.5851215830366095e-08
454.0 4.571349114336898e-08
455.0 4.557576645637186e-08
456.0 4.5438041769374726e-08
457.0 4.53003170823776e-08
458.0 4.516259239538048e-08
459.0 4.502486770838336e-08
460.0 4.488714302138622e-08
461.0 4.474941833438909e-08
462.0 4.461169364739198e-08
463.0 4.4473968960394855e-08
464.0 4.4336244273397723e-08
465.0 4.4198519586400605e-08
466.0 4.406079489940346e-08
467.0 4.392307021240635e-08
468.0 4.378534552540922e-08
469.0 4.3647620838412117e-08
470.0 4.350989615141497e-08
471.0 4.337217146441785e-08
472.0 4.323444677742072e-08
473.0 4.309672209042359e-08
474.0 4.295899740342648e-08
475.0 4.282127271642934e-08
476.0 4.268354802943222e-08
477.0 4.2545823342435094e-08
478.0 4.240809865543797e-08
479.0 4.227037396844084e-08
480.0 4.213264928144372e-08
481.0 4.19949245944466e-08
482.0 4.1857199907449474e-08
483.0 4.1719475220452336e-08
484.0 4.158175053345521e-08
485.0 4.144467113088823e-08
486.0 4.133678943049207e-08
487.0 4.1228907730095905e-08
488.0 4.112102602969976e-08
489.0 4.10131443293036e-08
490.0 4.090526262890742e-08
491.0 4.079738092851127e-08
492.0 4.06894992281151e-08
493.0 4.058161752771894e-08
494.0 4.047373582732278e-08
495.0 4.036585412692663e-08
496.0 4.025797242653047e-08
497.0 4.01500907261343e-08
498.0 4.0042209025738134e-08
499.0 3.9934327325341974e-08
500.0 3.9826445624945814e-08
501.0 3.971856392454966e-08
502.0 3.96106822241535e-08
503.0 3.9502800523757326e-08
504.0 3.939491882336117e-08
505.0 3.928703712296501e-08
506.0 3.917915542256886e-08
507.0 3.907127372217269e-08
508.0 3.896339202177653e-08
509.0 3.885551032138037e-08
510.0 3.87476286209842e-08
511.0 3.8639746920588043e-08
512.0 3.853186522019188e-08
513.0 3.842398351979572e-08
514.0 3.831610181939957e-08
515.0 3.82082201190034e-08
516.0 3.810033841860723e-08
517.0 3.7992456718211075e-08
518.0 3.788457501781492e-08
519.0 3.777669331741876e-08
520.0 3.7668811617022594e-08
521.0 3.756092991662644e-08
522.0 3.745304821623027e-08
523.0 3.736050506151916e-08
524.0 3.727563977807439e-08
525.0 3.7190774494629634e-08
526.0 3.710590921118486e-08
527.0 3.7021043927740094e-08
528.0 3.6936178644295325e-08
529.0 3.685131336085056e-08
530.0 3.67664480774058e-08
531.0 3.6681582793961035e-08
532.0 3.6596717510516266e-08
533.0 3.65118522270715e-08
534.0 3.642698694362673e-08
535.0 3.634212166018197e-08
536.0 3.62572563767372e-08
537.0 3.6172391093292444e-08
538.0 3.608752580984768e-08
539.0 3.600266052640291e-08
540.0 3.591779524295813e-08
541.0 3.583292995951337e-08
542.0 3.574806467606861e-08
543.0 3.5663199392623846e-08
544.0 3.557833410917907e-08
545.0 3.54934688257343e-08
546.0 3.540860354228954e-08
547.0 3.5323738258844774e-08
548.0 3.523887297540001e-08
549.0 3.515400769195525e-08
550.0 3.5069142408510484e-08
551.0 3.498427712506571e-08
552.0 3.489941184162094e-08
553.0 3.4814546558176175e-08
554.0 3.472968127473142e-08
555.0 3.464481599128665e-08
556.0 3.455995070784188e-08
557.0 3.4475085424397117e-08
558.0 3.439022014095236e-08
559.0 3.43053548575076e-08
560.0 3.422048957406282e-08
561.0 3.413562429061806e-08
562.0 3.4050759007173295e-08
563.0 3.397136337464618e-08
564.0 3.389910249782559e-08
565.0 3.3826841621005006e-08
566.0 3.375458074418441e-08
567.0 3.3682319867363805e-08
568.0 3.361005899054322e-08
569.0 3.3537798113722624e-08
570.0 3.346553723690204e-08
571.0 3.3393276360081444e-08
572.0 3.332101548326085e-08
573.0 3.3248754606440256e-08
574.0 3.317649372961966e-08
575.0 3.310423285279907e-08
576.0 3.3031971975978475e-08
577.0 3.295971109915788e-08
578.0 3.2887450222337294e-08
579.0 3.28151893455167e-08
580.0 3.27429284686961e-08
581.0 3.267066759187551e-08
582.0 3.259840671505492e-08
583.0 3.2526145838234326e-08
584.0 3.245388496141373e-08
585.0 3.238162408459314e-08
586.0 3.230936320777254e-08
587.0 3.223710233095195e-08
588.0 3.2164841454131364e-08
589.0 3.209258057731077e-08
590.0 3.202031970049017e-08
591.0 3.1948058823669576e-08
592.0 3.187579794684898e-08
593.0 3.180353707002839e-08
594.0 3.173127619320781e-08
595.0 3.165901531638721e-08
596.0 3.158675443956662e-08
597.0 3.151449356274602e-08
598.0 3.144223268592542e-08
599.0 3.136997180910483e-08
600.0 3.129771093228425e-08
601.0 3.122545005546365e-08
602.0 3.1153189178643065e-08
603.0 3.108092830182247e-08
604.0 3.100866742500187e-08
605.0 3.093640654818128e-08
606.0 3.086567799889204e-08
607.0 3.0808353177986474e-08
608.0 3.075102835708091e-08
609.0 3.0693703536175354e-08
610.0 3.06363787152698e-08
611.0 3.0579053894364234e-08
612.0 3.0521729073458684e-08
613.0 3.0464404252553114e-08
614.0 3.040707943164755e-08
615.0 3.034975461074201e-08
616.0 3.029242978983643e-08
617.0 3.023510496893088e-08
618.0 3.0177780148025324e-08
619.0 3.012045532711976e-08
620.0 3.0063130506214204e-08
621.0 3.000580568530864e-08
622.0 2.994848086440308e-08
623.0 2.989115604349752e-08
624.0 2.983383122259196e-08
625.0 2.9776506401686404e-08
626.0 2.9719181580780844e-08
627.0 2.9661856759875287e-08
628.0 2.9604531938969727e-08
629.0 2.9547207118064167e-08
630.0 2.94898822971586e-08
631.0 2.9432557476253047e-08
632.0 2.9375232655347493e-08
633.0 2.9317907834441937e-08
634.0 2.926058301353637e-08
635.0 2.920325819263081e-08
636.0 2.9145933371725243e-08
637.0 2.9088608550819696e-08
638.0 2.9031283729914136e-08
639.0 2.8973958909008566e-08
640.0 2.891663408810302e-08
641.0 2.8859309267197453e-08
642.0 2.8801984446291893e-08
643.0 2.874465962538634e-08
644.0 2.868733480448077e-08
645.0 2.8630009983575216e-08
646.0 2.8572685162669643e-08
647.0 2.851536034176409e-08
648.0 2.8458035520858536e-08
649.0 2.840071069995297e-08
650.0 2.8343385879047413e-08
651.0 2.8286061058141852e-08
652.0 2.82287362372363e-08
653.0 2.8176767169033346e-08
654.0 2.813179239236053e-08
655.0 2.8086817615687715e-08
656.0 2.804184283901491e-08
657.0 2.7996868062342088e-08
658.0 2.7951893285669273e-08
659.0 2.7906918508996468e-08
660.0 2.786194373232365e-08
661.0 2.7816968955650834e-08
662.0 2.777199417897802e-08
663.0 2.7727019402305204e-08
664.0 2.7682044625632385e-08
665.0 2.7637069848959577e-08
666.0 2.7592095072286758e-08
667.0 2.7547120295613946e-08
668.0 2.7502145518941128e-08
669.0 2.7457170742268316e-08
670.0 2.74121959655955e-08
671.0 2.736722118892269e-08
672.0 2.7322246412249874e-08
673.0 2.727727163557706e-08
674.0 2.723229685890425e-08
675.0 2.7187322082231435e-08
676.0 2.7142347305558616e-08
677.0 2.70973725288858e-08
678.0 2.7052397752212993e-08
679.0 2.7007422975540167e-08
680.0 2.6962448198867356e-08
681.0 2.6917473422194547e-08
682.0 2.6872498645521725e-08
683.0 2.6827523868848913e-08
684.0 2.67825490921761e-08
685.0 2.6737574315503283e-08
686.0 2.669259953883047e-08
687.0 2.664762476215766e-08
688.0 2.660264998548484e-08
689.0 2.655767520881203e-08
690.0 2.6512700432139217e-08
691.0 2.6467725655466405e-08
692.0 2.642275087879358e-08
693.0 2.6377776102120768e-08
694.0 2.6332801325447956e-08
695.0 2.6287826548775138e-08
696.0 2.6242851772102333e-08
697.0 2.6197876995429514e-08
698.0 2.6152902218756702e-08
699.0 2.6107927442083884e-08
700.0 2.606295266541107e-08
701.0 2.6017977888738253e-08
702.0 2.597300311206544e-08
703.0 2.5929194671397965e-08
704.0 2.5891077350076118e-08
705.0 2.585296002875428e-08
706.0 2.5814842707432437e-08
707.0 2.5776725386110594e-08
708.0 2.5738608064788753e-08
709.0 2.5700490743466913e-08
710.0 2.566237342214507e-08
711.0 2.5624256100823222e-08
712.0 2.5586138779501382e-08
713.0 2.5548021458179542e-08
714.0 2.55099041368577e-08
715.0 2.5471786815535858e-08
716.0 2.5433669494214017e-08
717.0 2.539555217289217e-08
718.0 2.5357434851570333e-08
719.0 2.5319317530248486e-08
720.0 2.5281200208926643e-08
721.0 2.5243082887604806e-08
722.0 2.5204965566282962e-08
723.0 2.516684824496112e-08
724.0 2.5128730923639268e-08
725.0 2.5090613602317428e-08
726.0 2.5052496280995588e-08
727.0 2.5014378959673747e-08
728.0 2.4976261638351907e-08
729.0 2.4938144317030063e-08
730.0 2.4900026995708223e-08
731.0 2.4861909674386383e-08
732.0 2.4823792353064536e-08
733.0 2.47856750317427e-08
734.0 2.4747557710420855e-08
735.0 2.470944038909901e-08
736.0 2.467132306777717e-08
737.0 2.4633205746455324e-08
738.0 2.4595088425133484e-08
739.0 2.4556971103811637e-08
740.0 2.45188537824898e-08
741.0 2.448073646116796e-08
742.0 2.4442619139846116e-08
743.0 2.4404501818524272e-08
744.0 2.4366384497202432e-08
745.0 2.4328267175880588e-08
746.0 2.429014985455874e-08
747.0 2.4252032533236908e-08
748.0 2.4213915211915064e-08
749.0 2.417579789059322e-08
750.0 2.413768056927137e-08
751.0 2.409956324794953e-08
752.0 2.406144592662769e-08
753.0 2.402332860530585e-08
754.0 2.398521128398401e-08
755.0 2.3947093962662162e-08
756.0 2.3908976641340328e-08
757.0 2.387111017490312e-08
758.0 2.3840164777965804e-08
759.0 2.3809219381028486e-08
760.0 2.3778273984091174e-08
761.0 2.3747328587153858e-08
762.0 2.3716383190216553e-08
763.0 2.368543779327923e-08
764.0 2.365449239634192e-08
765.0 2.3623546999404604e-08
766.0 2.359260160246729e-08
767.0 2.356165620552998e-08
768.0 2.3530710808592657e-08
769.0 2.349976541165535e-08
770.0 2.3468820014718033e-08
771.0 2.3437874617780718e-08
772.0 2.3406929220843406e-08
773.0 2.3375983823906084e-08
774.0 2.3345038426968775e-08
775.0 2.3314093030031463e-08
776.0 2.3283147633094148e-08
777.0 2.325220223615683e-08
778.0 2.3221256839219517e-08
779.0 2.3190311442282205e-08
780.0 2.315936604534489e-08
781.0 2.3128420648407574e-08
782.0 2.309747525147026e-08
783.0 2.3066529854532947e-08
784.0 2.3035584457595635e-08
785.0 2.3004639060658323e-08
786.0 2.2973693663721008e-08
787.0 2.294274826678369e-08
788.0 2.291180286984638e-08
789.0 2.288085747290906e-08
790.0 2.284991207597175e-08
791.0 2.281896667903443e-08
792.0 2.278802128209712e-08
793.0 2.27570758851598e-08
794.0 2.272613048822249e-08
795.0 2.2695185091285183e-08
796.0 2.2664239694347864e-08
797.0 2.263329429741055e-08
798.0 2.260234890047324e-08
799.0 2.257140350353592e-08
800.0 2.2540458106598612e-08
801.0 2.2509512709661294e-08
802.0 2.247856731272398e-08
803.0 2.2447621915786663e-08
804.0 2.2416676518849344e-08
805.0 2.2385731121912032e-08
806.0 2.2354785724974724e-08
807.0 2.232384032803741e-08
808.0 2.229289493110009e-08
809.0 2.2261949534162778e-08
810.0 2.2231004137225466e-08
811.0 2.220005874028815e-08
812.0 2.2169113343350838e-08
813.0 2.213816794641352e-08
814.0 2.210722254947621e-08
815.0 2.2076277152538892e-08
816.0 2.2050162546852826e-08
817.0 2.202583336999404e-08
818.0 2.200150419313526e-08
819.0 2.1977175016276474e-08
820.0 2.195284583941769e-08
821.0 2.1928516662558904e-08
822.0 2.190418748570012e-08
823.0 2.187985830884134e-08
824.0 2.1855529131982556e-08
825.0 2.183119995512377e-08
826.0 2.180687077826499e-08
827.0 2.1782541601406204e-08
828.0 2.175821242454742e-08
829.0 2.1733883247688637e-08
830.0 2.1709554070829855e-08
831.0 2.168522489397107e-08
832.0 2.166089571711229e-08
833.0 2.1636566540253503e-08
834.0 2.161223736339472e-08
835.0 2.1587908186535933e-08
836.0 2.1563579009677148e-08
837.0 2.1539249832818363e-08
838.0 2.151492065595958e-08
839.0 2.1490591479100803e-08
840.0 2.1466262302242018e-08
841.0 2.1441933125383233e-08
842.0 2.1417603948524448e-08
843.0 2.1393274771665663e-08
844.0 2.1368945594806878e-08
845.0 2.1344616417948093e-08
846.0 2.1320287241089314e-08
847.0 2.1295958064230532e-08
848.0 2.1271628887371747e-08
849.0 2.1247299710512962e-08
850.0 2.1222970533654177e-08
851.0 2.1198641356795395e-08
852.0 2.117431217993661e-08
853.0 2.114998300307783e-08
854.0 2.1125653826219043e-08
855.0 2.1101324649360265e-08
856.0 2.1076995472501477e-08
857.0 2.105266629564269e-08
858.0 2.102833711878391e-08
859.0 2.1004007941925125e-08
860.0 2.097967876506634e-08
861.0 2.0955349588207555e-08
862.0 2.0931020411348776e-08
863.0 2.0906691234489988e-08
864.0 2.0882362057631206e-08
865.0 2.0858032880772424e-08
866.0 2.083370370391364e-08
867.0 2.0809374527054858e-08
868.0 2.078504535019607e-08
869.0 2.0760716173337287e-08
870.0 2.0736386996478506e-08
871.0 2.071205781961972e-08
872.0 2.0687728642760936e-08
873.0 2.0663399465902154e-08
874.0 2.063907028904337e-08
875.0 2.061474111218458e-08
876.0 2.0590411935325802e-08
877.0 2.0566082758467017e-08
878.0 2.0541753581608232e-08
879.0 2.052059994355425e-08
880.0 2.0499669206493194e-08
881.0 2.0478738469432135e-08
882.0 2.0457807732371075e-08
883.0 2.0436876995310015e-08
884.0 2.0415946258248955e-08
885.0 2.03950155211879e-08
886.0 2.0374084784126842e-08
887.0 2.035315404706578e-08
888.0 2.0332223310004723e-08
889.0 2.0311292572943663e-08
890.0 2.0290361835882603e-08
891.0 2.0269431098821547e-08
892.0 2.0248500361760487e-08
893.0 2.0227569624699424e-08
894.0 2.0206638887638367e-08
895.0 2.0185708150577304e-08
896.0 2.016477741351625e-08
897.0 2.0143846676455195e-08
898.0 2.0122915939394135e-08
899.0 2.0101985202333072e-08
900.0 2.0081054465272015e-08
901.0 2.0060123728210955e-08
902.0 2.00391929911499e-08
903.0 2.001826225408884e-08
904.0 1.9997331517027773e-08
905.0 1.997640077996672e-08
906.0 1.9955470042905666e-08
907.0 1.9934539305844607e-08
908.0 1.9913608568783544e-08
909.0 1.989267783172249e-08
910.0 1.9871747094661424e-08
911.0 1.9850816357600367e-08
912.0 1.982988562053931e-08
913.0 1.980895488347825e-08
914.0 1.978802414641719e-08
915.0 1.976709340935613e-08
916.0 1.974616267229507e-08
917.0 1.9725231935234012e-08
918.0 1.9704301198172956e-08
919.0 1.96833704611119e-08
920.0 1.966243972405084e-08
921.0 1.9641508986989776e-08
922.0 1.9620578249928723e-08
923.0 1.9599647512867663e-08
924.0 1.9578716775806607e-08
925.0 1.9557786038745544e-08
926.0 1.9536855301684484e-08
927.0 1.9515924564623424e-08
928.0 1.9494993827562364e-08
929.0 1.947406309050131e-08
930.0 1.945313235344025e-08
931.0 1.9432201616379195e-08
932.0 1.9411270879318132e-08
933.0 1.939034014225707e-08
934.0 1.936940940519602e-08
935.0 1.9348478668134956e-08
936.0 1.9327547931073896e-08
937.0 1.9306617194012836e-08
938.0 1.9285686456951783e-08
939.0 1.926475571989072e-08
940.0 1.924382498282966e-08
941.0 1.9222894245768604e-08
942.0 1.9201963508707547e-08
943.0 1.9181032771646484e-08
944.0 1.9160102034585424e-08
945.0 1.913917129752437e-08
946.0 1.911929219871266e-08
947.0 1.910184521265469e-08
948.0 1.9084398226596714e-08
949.0 1.906695124053875e-08
950.0 1.9049504254480778e-08
951.0 1.9032057268422808e-08
952.0 1.9014610282364842e-08
953.0 1.8997163296306876e-08
954.0 1.8979716310248903e-08
955.0 1.8962269324190936e-08
956.0 1.8944822338132967e-08
957.0 1.8927375352074994e-08
958.0 1.8909928366017027e-08
959.0 1.889248137995906e-08
960.0 1.887503439390109e-08
961.0 1.885758740784312e-08
962.0 1.884014042178515e-08
963.0 1.8822693435727185e-08
964.0 1.880524644966922e-08
965.0 1.8787799463611243e-08
966.0 1.8770352477553273e-08
967.0 1.875290549149531e-08
968.0 1.8735458505437344e-08
969.0 1.871801151937937e-08
970.0 1.87005645333214e-08
971.0 1.868311754726343e-08
972.0 1.8665670561205465e-08
973.0 1.8648223575147495e-08
974.0 1.863077658908953e-08
975.0 1.8613329603031556e-08
976.0 1.859588261697359e-08
977.0 1.8578435630915623e-08
978.0 1.8560988644857647e-08
979.0 1.854354165879968e-08
980.0 1.852609467274171e-08
981.0 1.8508647686683744e-08
982.0 1.8491200700625775e-08
983.0 1.8473753714567802e-08
984.0 1.8456306728509832e-08
985.0 1.843885974245187e-08
986.0 1.8421412756393903e-08
987.0 1.840396577033593e-08
988.0 1.8386518784277957e-08
989.0 1.836907179821999e-08
990.0 1.8351624812162024e-08
991.0 1.833417782610405e-08
992.0 1.8316730840046085e-08
993.0 1.8299283853988118e-08
994.0 1.8281836867930145e-08
995.0 1.8264389881872176e-08
996.0 1.824694289581421e-08
997.0 1.8229495909756243e-08
998.0 1.821204892369827e-08
999.0 1.8194601937640307e-08
1000.0 1.8177154951582334e-08
1001.0 1.815970796552436e-08
1002.0 1.8142260979466398e-08
1003.0 1.8124813993408428e-08
1004.0 1.810736700735046e-08
1005.0 1.808992002129249e-08
1006.0 1.807247303523452e-08
1007.0 1.8055026049176546e-08
1008.0 1.803757906311858e-08
1009.0 1.802013207706061e-08
1010.0 1.800268509100264e-08
1011.0 1.798523810494467e-08
1012.0 1.79677911188867e-08
1013.0 1.7950344132828738e-08
1014.0 1.7932897146770768e-08
1015.0 1.7915450160712802e-08
1016.0 1.789800317465483e-08
1017.0 1.788055618859686e-08
1018.0 1.786310920253889e-08
1019.0 1.7847236712030626e-08
1020.0 1.78332127860579e-08
1021.0 1.7819188860085185e-08
1022.0 1.780516493411246e-08
1023.0 1.7791141008139737e-08
1024.0 1.7777117082167015e-08
1025.0 1.776309315619429e-08
1026.0 1.7749069230221568e-08
1027.0 1.7735045304248842e-08
1028.0 1.7721021378276123e-08
1029.0 1.7706997452303398e-08
1030.0 1.7692973526330676e-08
1031.0 1.767894960035795e-08
1032.0 1.7664925674385225e-08
1033.0 1.7650901748412503e-08
1034.0 1.763687782243978e-08
1035.0 1.762285389646706e-08
1036.0 1.7608829970494336e-08
1037.0 1.7594806044521614e-08
1038.0 1.758078211854889e-08
1039.0 1.7566758192576167e-08
1040.0 1.7552734266603448e-08
1041.0 1.753871034063072e-08
1042.0 1.7524686414657997e-08
1043.0 1.7510662488685275e-08
1044.0 1.749663856271255e-08
1045.0 1.7482614636739827e-08
1046.0 1.7468590710767102e-08
1047.0 1.745456678479438e-08
1048.0 1.7440542858821657e-08
1049.0 1.7426518932848935e-08
1050.0 1.741249500687621e-08
1051.0 1.739847108090349e-08
1052.0 1.7384447154930766e-08
1053.0 1.7370423228958043e-08
1054.0 1.735639930298532e-08
1055.0 1.73423753770126e-08
1056.0 1.7328351451039874e-08
1057.0 1.731432752506715e-08
1058.0 1.7300303599094426e-08
1059.0 1.7286279673121707e-08
1060.0 1.7272255747148982e-08
1061.0 1.7258231821176256e-08
1062.0 1.7244207895203534e-08
1063.0 1.7230183969230812e-08
1064.0 1.721616004325809e-08
1065.0 1.7202136117285368e-08
1066.0 1.718811219131264e-08
1067.0 1.7174088265339917e-08
1068.0 1.71600643393672e-08
1069.0 1.7146040413394473e-08
1070.0 1.713201648742175e-08
1071.0 1.7117992561449025e-08
1072.0 1.7103968635476303e-08
1073.0 1.7089944709503577e-08
1074.0 1.707592078353086e-08
1075.0 1.7061896857558133e-08
1076.0 1.704787293158541e-08
1077.0 1.703384900561269e-08
1078.0 1.7019825079639963e-08
1079.0 1.7005801153667245e-08
1080.0 1.6991777227694516e-08
1081.0 1.6977753301721797e-08
1082.0 1.696372937574907e-08
1083.0 1.694970544977635e-08
1084.0 1.6935681523803627e-08
1085.0 1.6921657597830902e-08
1086.0 1.690763367185818e-08
1087.0 1.6893609745885457e-08
1088.0 1.6879585819912735e-08
1089.0 1.6865561893940007e-08
1090.0 1.6851537967967284e-08
1091.0 1.6837514041994562e-08
1092.0 1.6823490116021843e-08
1093.0 1.680946619004912e-08
1094.0 1.6795442264076393e-08
1095.0 1.6781418338103674e-08
1096.0 1.676739441213095e-08
1097.0 1.6753382967275075e-08
1098.0 1.6741033081037827e-08
1099.0 1.6728683194800573e-08
1100.0 1.671633330856332e-08
1101.0 1.670398342232607e-08
1102.0 1.6691633536088817e-08
1103.0 1.6679283649851566e-08
1104.0 1.6666933763614312e-08
1105.0 1.665458387737706e-08
1106.0 1.664223399113981e-08
1107.0 1.662988410490256e-08
1108.0 1.6617534218665308e-08
1109.0 1.6605184332428054e-08
1110.0 1.65928344461908e-08
1111.0 1.6580484559953552e-08
1112.0 1.6568134673716294e-08
1113.0 1.6555784787479044e-08
1114.0 1.6543434901241796e-08
1115.0 1.653108501500454e-08
1116.0 1.651873512876729e-08
1117.0 1.650638524253004e-08
1118.0 1.649403535629279e-08
1119.0 1.6481685470055535e-08
1120.0 1.6469335583818284e-08
1121.0 1.6456985697581033e-08
1122.0 1.644463581134378e-08
1123.0 1.6432285925106528e-08
1124.0 1.6419936038869273e-08
1125.0 1.6407586152632026e-08
1126.0 1.639523626639477e-08
1127.0 1.638288638015752e-08
1128.0 1.637053649392027e-08
1129.0 1.6358186607683016e-08
1130.0 1.6345836721445765e-08
1131.0 1.633348683520851e-08
1132.0 1.632113694897126e-08
1133.0 1.630878706273401e-08
1134.0 1.6296437176496758e-08
1135.0 1.6284087290259507e-08
1136.0 1.6271737404022256e-08
1137.0 1.6259387517784998e-08
1138.0 1.6247037631547747e-08
1139.0 1.6234687745310493e-08
1140.0 1.622233785907325e-08
1141.0 1.620998797283599e-08
1142.0 1.6197638086598744e-08
1143.0 1.6185288200361493e-08
1144.0 1.6172938314124235e-08
1145.0 1.6160588427886988e-08
1146.0 1.6148238541649737e-08
1147.0 1.613588865541248e-08
1148.0 1.6123538769175228e-08
1149.0 1.611118888293798e-08
1150.0 1.6098838996700726e-08
1151.0 1.6086489110463475e-08
1152.0 1.607413922422622e-08
1153.0 1.6061789337988974e-08
1154.0 1.6049439451751723e-08
1155.0 1.6037089565514472e-08
1156.0 1.6024739679277214e-08
1157.0 1.6012389793039963e-08
1158.0 1.6000039906802712e-08
1159.0 1.5987690020565458e-08
1160.0 1.5975340134328207e-08
1161.0 1.5962990248090956e-08
1162.0 1.5950640361853702e-08
1163.0 1.5938290475616458e-08
1164.0 1.59259405893792e-08
1165.0 1.5913590703141953e-08
1166.0 1.5901240816904695e-08
1167.0 1.5888890930667444e-08
1168.0 1.5876541044430193e-08
1169.0 1.5864191158192942e-08
1170.0 1.585184127195569e-08
1171.0 1.5839491385718437e-08
1172.0 1.5827141499481186e-08
1173.0 1.5814791613243935e-08
1174.0 1.580244172700668e-08
1175.0 1.5790091840769433e-08
1176.0 1.5777741954532176e-08
1177.0 1.5765392068294928e-08
1178.0 1.5753042182057677e-08
1179.0 1.5740692295820423e-08
1180.0 1.5728342409583172e-08
1181.0 1.571599252334592e-08
1182.0 1.5704514865545443e-08
1183.0 1.5693867949835005e-08
1184.0 1.5683221034124565e-08
1185.0 1.5672574118414125e-08
1186.0 1.5661927202703688e-08
1187.0 1.5651280286993247e-08
1188.0 1.5640633371282804e-08
1189.0 1.5629986455572367e-08
1190.0 1.5619339539861926e-08
1191.0 1.560869262415149e-08
1192.0 1.5598045708441045e-08
1193.0 1.558739879273061e-08
1194.0 1.5576751877020165e-08
1195.0 1.556610496130973e-08
1196.0 1.5555458045599287e-08
1197.0 1.554481112988885e-08
1198.0 1.553416421417841e-08
1199.0 1.552351729846797e-08
1200.0 1.551287038275753e-08
1201.0 1.5502223467047092e-08
1202.0 1.549157655133665e-08
1203.0 1.5480929635626208e-08
1204.0 1.547028271991577e-08
1205.0 1.545963580420533e-08
1206.0 1.544898888849489e-08
1207.0 1.5438341972784453e-08
1208.0 1.5427695057074013e-08
1209.0 1.5417048141363572e-08
1210.0 1.5406401225653135e-08
1211.0 1.5395754309942688e-08
1212.0 1.538510739423225e-08
1213.0 1.5374460478521814e-08
1214.0 1.536381356281137e-08
1215.0 1.5353166647100933e-08
1216.0 1.53425197313905e-08
1217.0 1.5331872815680056e-08
1218.0 1.5321225899969616e-08
1219.0 1.5310578984259172e-08
1220.0 1.5299932068548735e-08
1221.0 1.528928515283829e-08
1222.0 1.5278638237127857e-08
1223.0 1.5267991321417417e-08
1224.0 1.5257344405706977e-08
1225.0 1.5246697489996536e-08
1226.0 1.5236050574286096e-08
1227.0 1.5225403658575656e-08
1228.0 1.5214756742865215e-08
1229.0 1.5204109827154778e-08
1230.0 1.5193462911444334e-08
1231.0 1.51828159957339e-08
1232.0 1.5172169080023457e-08
1233.0 1.5161522164313017e-08
1234.0 1.515087524860258e-08
1235.0 1.514022833289214e-08
1236.0 1.51295814171817e-08
1237.0 1.5118934501471262e-08
1238.0 1.510828758576082e-08
1239.0 1.509764067005038e-08
1240.0 1.508699375433994e-08
1241.0 1.50763468386295e-08
1242.0 1.5065699922919063e-08
1243.0 1.5055053007208623e-08
1244.0 1.5044406091498186e-08
1245.0 1.5033759175787742e-08
1246.0 1.5023112260077305e-08
1247.0 1.501246534436686e-08
1248.0 1.500181842865642e-08
1249.0 1.499117151294598e-08
1250.0 1.4980524597235543e-08
1251.0 1.4969877681525103e-08
1252.0 1.4959230765814666e-08
1253.0 1.494858385010423e-08
1254.0 1.4937936934393785e-08
1255.0 1.4927290018683345e-08
1256.0 1.4916643102972908e-08
1257.0 1.4905996187262464e-08
1258.0 1.489534927155203e-08
1259.0 1.4884702355841587e-08
1260.0 1.4874055440131148e-08
1261.0 1.4863408524420706e-08
1262.0 1.4852761608710269e-08
1263.0 1.4842114692999827e-08
1264.0 1.4831467777289388e-08
1265.0 1.4820820861578946e-08
1266.0 1.4810173945868509e-08
1267.0 1.479952703015807e-08
1268.0 1.4788880114447627e-08
1269.0 1.4778233198737191e-08
1270.0 1.476758628302675e-08
1271.0 1.4756939367316309e-08
1272.0 1.474629245160587e-08
1273.0 1.4736512295346707e-08
1274.0 1.4727569246986957e-08
1275.0 1.4718626198627205e-08
1276.0 1.4709683150267459e-08
1277.0 1.4700740101907705e-08
1278.0 1.4691797053547955e-08
1279.0 1.4682854005188207e-08
1280.0 1.4673910956828457e-08
1281.0 1.466496790846871e-08
1282.0 1.4656024860108957e-08
1283.0 1.4647081811749206e-08
1284.0 1.4638138763389459e-08
1285.0 1.4629195715029709e-08
1286.0 1.4620252666669956e-08
1287.0 1.461130961831021e-08
1288.0 1.4602366569950454e-08
1289.0 1.459342352159071e-08
1290.0 1.4584480473230964e-08
1291.0 1.457553742487121e-08
1292.0 1.4566594376511459e-08
1293.0 1.455765132815171e-08
1294.0 1.4548708279791956e-08
1295.0 1.453976523143221e-08
1296.0 1.4530822183072464e-08
1297.0 1.4521879134712708e-08
1298.0 1.4512936086352961e-08
1299.0 1.4503993037993211e-08
1300.0 1.4495049989633463e-08
1301.0 1.4486106941273713e-08
1302.0 1.4477163892913963e-08
1303.0 1.446822084455421e-08
1304.0 1.4459277796194464e-08
1305.0 1.4450334747834714e-08
1306.0 1.4441391699474961e-08
1307.0 1.4432448651115215e-08
1308.0 1.4423505602755466e-08
1309.0 1.441456255439571e-08
1310.0 1.4405619506035963e-08
1311.0 1.4396676457676216e-08
1312.0 1.4387733409316463e-08
1313.0 1.4378790360956718e-08
1314.0 1.4369847312596965e-08
1315.0 1.4360904264237215e-08
1316.0 1.4351961215877466e-08
1317.0 1.4343018167517713e-08
1318.0 1.4334075119157963e-08
1319.0 1.4325132070798217e-08
1320.0 1.4316189022438463e-08
1321.0 1.4307245974078715e-08
1322.0 1.4298302925718965e-08
1323.0 1.4289359877359218e-08
1324.0 1.428041682899947e-08
1325.0 1.4271473780639717e-08
1326.0 1.4262530732279967e-08
1327.0 1.4253587683920217e-08
1328.0 1.424464463556047e-08
1329.0 1.4235701587200715e-08
1330.0 1.4226758538840972e-08
1331.0 1.4217815490481225e-08
1332.0 1.4208872442121472e-08
1333.0 1.4199929393761724e-08
1334.0 1.4190986345401967e-08
1335.0 1.418204329704222e-08
1336.0 1.417310024868247e-08
1337.0 1.4164157200322722e-08
1338.0 1.4155214151962969e-08
1339.0 1.4146271103603222e-08
1340.0 1.4137328055243472e-08
1341.0 1.412838500688372e-08
1342.0 1.4119441958523977e-08
1343.0 1.411049891016422e-08
1344.0 1.4101555861804474e-08
1345.0 1.4092612813444724e-08
1346.0 1.4083669765084972e-08
1347.0 1.4074726716725222e-08
1348.0 1.4065783668365476e-08
1349.0 1.4056840620005726e-08
1350.0 1.4047897571645974e-08
1351.0 1.4038954523286227e-08
1352.0 1.4030011474926479e-08
1353.0 1.4021068426566727e-08
1354.0 1.4012125378206974e-08
1355.0 1.4003182329847226e-08
1356.0 1.3994239281487476e-08
1357.0 1.3985296233127728e-08
1358.0 1.3976353184767974e-08
1359.0 1.3967410136408228e-08
1360.0 1.395846708804848e-08
1361.0 1.3949524039688728e-08
1362.0 1.3940580991328976e-08
1363.0 1.3931637942969231e-08
1364.0 1.392269489460948e-08
1365.0 1.391375184624973e-08
1366.0 1.3904808797889976e-08
1367.0 1.3895865749530228e-08
1368.0 1.3886922701170481e-08
1369.0 1.3877979652810733e-08
1370.0 1.386903660445098e-08
1371.0 1.3860540442107588e-08
1372.0 1.3852498870388058e-08
1373.0 1.384445729866853e-08
1374.0 1.3836415726948998e-08
1375.0 1.3828374155229468e-08
1376.0 1.382033258350994e-08
1377.0 1.381229101179041e-08
1378.0 1.380424944007088e-08
1379.0 1.3796207868351347e-08
1380.0 1.3788166296631819e-08
1381.0 1.378012472491229e-08
1382.0 1.3772083153192758e-08
1383.0 1.3764041581473229e-08
1384.0 1.3756000009753701e-08
1385.0 1.3747958438034175e-08
1386.0 1.3739916866314639e-08
1387.0 1.3731875294595114e-08
1388.0 1.372383372287558e-08
1389.0 1.3715792151156054e-08
1390.0 1.3707750579436521e-08
1391.0 1.3699709007716991e-08
1392.0 1.3691667435997464e-08
1393.0 1.368362586427793e-08
1394.0 1.3675584292558406e-08
1395.0 1.3667542720838875e-08
1396.0 1.3659501149119344e-08
1397.0 1.3651459577399813e-08
1398.0 1.3643418005680285e-08
1399.0 1.3635376433960756e-08
1400.0 1.3627334862241226e-08
1401.0 1.3619293290521695e-08
1402.0 1.3611251718802164e-08
1403.0 1.3603210147082636e-08
1404.0 1.3595168575363105e-08
1405.0 1.3587127003643579e-08
1406.0 1.3579085431924046e-08
1407.0 1.3571043860204516e-08
1408.0 1.3563002288484987e-08
1409.0 1.3554960716765457e-08
1410.0 1.3546919145045926e-08
1411.0 1.3538877573326402e-08
1412.0 1.3530836001606867e-08
1413.0 1.352279442988734e-08
1414.0 1.3514752858167807e-08
1415.0 1.350671128644828e-08
1416.0 1.349866971472875e-08
1417.0 1.3490628143009217e-08
1418.0 1.348258657128969e-08
1419.0 1.3474544999570158e-08
1420.0 1.3466503427850632e-08
1421.0 1.3458461856131099e-08
1422.0 1.345042028441157e-08
1423.0 1.3442378712692041e-08
1424.0 1.3434337140972512e-08
1425.0 1.342629556925298e-08
1426.0 1.3418253997533448e-08
1427.0 1.3410212425813923e-08
1428.0 1.340217085409439e-08
1429.0 1.3394129282374861e-08
1430.0 1.338608771065533e-08
1431.0 1.3378046138935802e-08
1432.0 1.3370004567216271e-08
1433.0 1.3361962995496742e-08
1434.0 1.3353921423777215e-08
1435.0 1.3345879852057683e-08
1436.0 1.3337838280338155e-08
1437.0 1.3329796708618622e-08
1438.0 1.3321755136899094e-08
1439.0 1.3313713565179561e-08
1440.0 1.3305671993460032e-08
1441.0 1.3297630421740507e-08
1442.0 1.3289588850020978e-08
1443.0 1.3281547278301445e-08
1444.0 1.3273505706581917e-08
1445.0 1.3265464134862385e-08
1446.0 1.3257422563142858e-08
1447.0 1.3249380991423327e-08
1448.0 1.3241339419703796e-08
1449.0 1.3233297847984268e-08
1450.0 1.3225256276264737e-08
1451.0 1.3217214704545206e-08
1452.0 1.3209173132825678e-08
1453.0 1.3201131561106149e-08
1454.0 1.3193089989386618e-08
1455.0 1.3185048417667088e-08
1456.0 1.3177006845947559e-08
1457.0 1.316896527422803e-08
1458.0 1.3160923702508501e-08
1459.0 1.315288213078897e-08
1460.0 1.314484055906944e-08
1461.0 1.3136798987349908e-08
1462.0 1.3128757415630382e-08
1463.0 1.312071584391085e-08
1464.0 1.3112674272191321e-08
1465.0 1.3104632700471795e-08
1466.0 1.309659112875226e-08
1467.0 1.3088549557032734e-08
1468.0 1.3080507985313202e-08
1469.0 1.307246641359367e-08
1470.0 1.3064424841874143e-08
1471.0 1.3056383270154613e-08
1472.0 1.3048341698435084e-08
1473.0 1.3040300126715553e-08
1474.0 1.3032258554996025e-08
1475.0 1.3024216983276495e-08
1476.0 1.3016175411556962e-08
1477.0 1.300890541932926e-08
1478.0 1.3001690521475091e-08
1479.0 1.2994475623620916e-08
1480.0 1.2987260725766743e-08
1481.0 1.2980045827912572e-08
1482.0 1.29728309300584e-08
1483.0 1.2965616032204228e-08
1484.0 1.2958401134350054e-08
1485.0 1.2951186236495881e-08
1486.0 1.2943971338641708e-08
1487.0 1.2936756440787535e-08
1488.0 1.2929541542933367e-08
1489.0 1.2922326645079192e-08
1490.0 1.2915111747225023e-08
1491.0 1.2907896849370846e-08
1492.0 1.2900681951516673e-08
1493.0 1.28934670536625e-08
1494.0 1.2886252155808329e-08
1495.0 1.2879037257954157e-08
1496.0 1.2871822360099984e-08
1497.0 1.2864607462245811e-08
1498.0 1.2857392564391641e-08
1499.0 1.2850177666537468e-08
1500.0 1.2842962768683295e-08
1501.0 1.2835747870829122e-08
1502.0 1.282853297297495e-08
1503.0 1.2821318075120776e-08
1504.0 1.2814103177266606e-08
1505.0 1.2806888279412433e-08
1506.0 1.279967338155826e-08
1507.0 1.2792458483704086e-08
1508.0 1.2785243585849914e-08
1509.0 1.2778028687995741e-08
1510.0 1.2770813790141571e-08
1511.0 1.2763598892287398e-08
1512.0 1.2756383994433225e-08
1513.0 1.2749169096579052e-08
1514.0 1.274195419872488e-08
1515.0 1.2734739300870706e-08
1516.0 1.2727524403016536e-08
1517.0 1.2720309505162362e-08
1518.0 1.271309460730819e-08
1519.0 1.2705879709454017e-08
1520.0 1.2698664811599847e-08
1521.0 1.2691449913745674e-08
1522.0 1.2684235015891501e-08
1523.0 1.2677020118037326e-08
1524.0 1.2669805220183153e-08
1525.0 1.2662590322328982e-08
1526.0 1.265537542447481e-08
1527.0 1.2648160526620641e-08
1528.0 1.2640945628766466e-08
1529.0 1.2633730730912293e-08
1530.0 1.2626515833058122e-08
1531.0 1.2619300935203949e-08
1532.0 1.2612086037349777e-08
1533.0 1.2604871139495602e-08
1534.0 1.259765624164143e-08
1535.0 1.2590441343787258e-08
1536.0 1.2583226445933088e-08
1537.0 1.2576011548078914e-08
1538.0 1.2568796650224742e-08
1539.0 1.2561581752370567e-08
1540.0 1.2554366854516394e-08
1541.0 1.2547151956662225e-08
1542.0 1.253993705880805e-08
1543.0 1.2532722160953878e-08
1544.0 1.2525507263099705e-08
1545.0 1.2518292365245534e-08
1546.0 1.2511077467391363e-08
1547.0 1.250386256953719e-08
1548.0 1.2496647671683018e-08
1549.0 1.2489432773828843e-08
1550.0 1.2482217875974672e-08
1551.0 1.2475002978120499e-08
1552.0 1.2467788080266329e-08
1553.0 1.2460573182412154e-08
1554.0 1.2453358284557981e-08
1555.0 1.2446143386703808e-08
1556.0 1.2438928488849635e-08
1557.0 1.2431713590995465e-08
1558.0 1.242449869314129e-08
1559.0 1.2417283795287121e-08
1560.0 1.2410068897432946e-08
1561.0 1.2402853999578773e-08
1562.0 1.2395639101724603e-08
1563.0 1.2388424203870432e-08
1564.0 1.2381209306016257e-08
1565.0 1.2373994408162084e-08
1566.0 1.2366779510307911e-08
1567.0 1.2359564612453738e-08
1568.0 1.2352349714599568e-08
1569.0 1.2345134816745395e-08
1570.0 1.2337919918891224e-08
1571.0 1.2330705021037048e-08
1572.0 1.2323490123182876e-08
1573.0 1.2316275225328706e-08
1574.0 1.2309060327474532e-08
1575.0 1.230184542962036e-08
1576.0 1.2294630531766187e-08
1577.0 1.2287415633912014e-08
1578.0 1.2280200736057843e-08
1579.0 1.2272985838203671e-08
1580.0 1.2265770940349498e-08
1581.0 1.2258556042495324e-08
1582.0 1.2251341144641152e-08
1583.0 1.2244126246786979e-08
1584.0 1.223691134893281e-08
1585.0 1.2229696451078636e-08
1586.0 1.2222481553224463e-08
1587.0 1.2215266655370288e-08
1588.0 1.2208051757516117e-08
1589.0 1.2200836859661947e-08
1590.0 1.2193842296215413e-08
1591.0 1.2187545094005575e-08
1592.0 1.2181247891795741e-08
1593.0 1.2174950689585906e-08
1594.0 1.2168653487376069e-08
1595.0 1.2162356285166234e-08
1596.0 1.2156059082956399e-08
1597.0 1.2149761880746562e-08
1598.0 1.214346467853673e-08
1599.0 1.2137167476326895e-08
1600.0 1.2130870274117058e-08
1601.0 1.2124573071907222e-08
1602.0 1.2118275869697385e-08
1603.0 1.2111978667487548e-08
1604.0 1.2105681465277718e-08
1605.0 1.2099384263067883e-08
1606.0 1.2093087060858043e-08
1607.0 1.2086789858648207e-08
1608.0 1.2080492656438372e-08
1609.0 1.2074195454228537e-08
1610.0 1.2067898252018699e-08
1611.0 1.2061601049808865e-08
1612.0 1.2055303847599028e-08
1613.0 1.2049006645389195e-08
1614.0 1.2042709443179356e-08
1615.0 1.2036412240969521e-08
1616.0 1.2030115038759686e-08
1617.0 1.2023817836549854e-08
1618.0 1.2017520634340016e-08
1619.0 1.201122343213018e-08
1620.0 1.2004926229920346e-08
1621.0 1.1998629027710507e-08
1622.0 1.1992331825500674e-08
1623.0 1.1986034623290839e-08
1624.0 1.1979737421081002e-08
1625.0 1.1973440218871167e-08
1626.0 1.1967143016661328e-08
1627.0 1.1960845814451493e-08
1628.0 1.195454861224166e-08
1629.0 1.1948251410031824e-08
1630.0 1.194195420782199e-08
1631.0 1.1935657005612152e-08
1632.0 1.1929359803402317e-08
1633.0 1.192306260119248e-08
1634.0 1.1916765398982647e-08
1635.0 1.191046819677281e-08
1636.0 1.1904170994562975e-08
1637.0 1.189787379235314e-08
1638.0 1.1891576590143302e-08
1639.0 1.1885279387933468e-08
1640.0 1.1878982185723631e-08
1641.0 1.1872684983513798e-08
1642.0 1.186638778130396e-08
1643.0 1.1860090579094127e-08
1644.0 1.1853793376884289e-08
1645.0 1.1847496174674454e-08
1646.0 1.1841198972464615e-08
1647.0 1.1834901770254784e-08
1648.0 1.1828604568044947e-08
1649.0 1.182230736583511e-08
1650.0 1.1816010163625273e-08
1651.0 1.180971296141544e-08
1652.0 1.1803415759205601e-08
1653.0 1.179711855699577e-08
1654.0 1.1790821354785931e-08
1655.0 1.1784524152576099e-08
1656.0 1.177822695036626e-08
1657.0 1.1771929748156426e-08
1658.0 1.1765632545946587e-08
1659.0 1.1759335343736755e-08
1660.0 1.175303814152692e-08
1661.0 1.1746740939317083e-08
1662.0 1.1740443737107248e-08
1663.0 1.1734146534897413e-08
1664.0 1.1727849332687578e-08
1665.0 1.1721552130477743e-08
1666.0 1.1715254928267908e-08
1667.0 1.1708957726058071e-08
1668.0 1.1702660523848234e-08
1669.0 1.1696363321638397e-08
1670.0 1.169006611942856e-08
1671.0 1.1683768917218725e-08
1672.0 1.167747171500889e-08
1673.0 1.1671174512799055e-08
1674.0 1.166487731058922e-08
1675.0 1.1658580108379385e-08
1676.0 1.1652282906169546e-08
1677.0 1.1645985703959711e-08
1678.0 1.1639688501749878e-08
1679.0 1.1633391299540041e-08
1680.0 1.1627094097330206e-08
1681.0 1.1620796895120369e-08
1682.0 1.1614499692910534e-08
1683.0 1.1608202490700699e-08
1684.0 1.1601905288490864e-08
1685.0 1.1595608086281028e-08
1686.0 1.1589310884071193e-08
1687.0 1.1583013681861358e-08
1688.0 1.157671647965152e-08
1689.0 1.1570419277441686e-08
1690.0 1.1564122075231851e-08
1691.0 1.1557824873022014e-08
1692.0 1.1551527670812178e-08
1693.0 1.154523046860234e-08
1694.0 1.1538933266392506e-08
1695.0 1.1532636064182674e-08
1696.0 1.1526338861972835e-08
1697.0 1.1520041659763e-08
1698.0 1.1513744457553165e-08
1699.0 1.1507447255343327e-08
1700.0 1.1501150053133493e-08
1701.0 1.1494852850923656e-08
1702.0 1.1488555648713823e-08
1703.0 1.1482258446503984e-08
1704.0 1.1475961244294153e-08
1705.0 1.1469664042084314e-08
1706.0 1.146336683987448e-08
1707.0 1.1457069637664644e-08
1708.0 1.145077243545481e-08
1709.0 1.1444475233244972e-08
1710.0 1.143817803103514e-08
1711.0 1.14318808288253e-08
1712.0 1.1425583626615466e-08
1713.0 1.1419721378805953e-08
1714.0 1.1413974979898683e-08
1715.0 1.1408228580991411e-08
1716.0 1.1402482182084141e-08
1717.0 1.1396735783176873e-08
1718.0 1.1390989384269601e-08
1719.0 1.1385242985362333e-08
1720.0 1.1379496586455063e-08
1721.0 1.1373750187547793e-08
1722.0 1.1368003788640523e-08
1723.0 1.1362257389733255e-08
1724.0 1.1356510990825983e-08
1725.0 1.1350764591918711e-08
1726.0 1.1345018193011443e-08
1727.0 1.1339271794104173e-08
1728.0 1.1333525395196901e-08
1729.0 1.1327778996289633e-08
1730.0 1.1322032597382363e-08
1731.0 1.1316286198475095e-08
1732.0 1.1310539799567823e-08
1733.0 1.1304793400660555e-08
1734.0 1.1299047001753285e-08
1735.0 1.1293300602846013e-08
1736.0 1.1287554203938743e-08
1737.0 1.1281807805031473e-08
1738.0 1.1276061406124201e-08
1739.0 1.1270315007216933e-08
1740.0 1.1264568608309663e-08
1741.0 1.1258822209402393e-08
1742.0 1.1253075810495123e-08
1743.0 1.1247329411587853e-08
1744.0 1.1241583012680583e-08
1745.0 1.1235836613773313e-08
1746.0 1.1230090214866043e-08
1747.0 1.1224343815958771e-08
1748.0 1.1218597417051503e-08
1749.0 1.1212851018144233e-08
1750.0 1.1207104619236963e-08
1751.0 1.1201358220329693e-08
1752.0 1.1195611821422428e-08
1753.0 1.1189865422515155e-08
1754.0 1.1184119023607885e-08
1755.0 1.1178372624700615e-08
1756.0 1.1172626225793345e-08
1757.0 1.1166879826886075e-08
1758.0 1.1161133427978805e-08
1759.0 1.1155387029071533e-08
1760.0 1.1149640630164263e-08
1761.0 1.1143894231256993e-08
1762.0 1.1138147832349721e-08
1763.0 1.1132401433442453e-08
1764.0 1.1126655034535184e-08
1765.0 1.1120908635627913e-08
1766.0 1.1115162236720643e-08
1767.0 1.1109415837813376e-08
1768.0 1.1103669438906103e-08
1769.0 1.1097923039998833e-08
1770.0 1.1092176641091561e-08
1771.0 1.1086430242184293e-08
1772.0 1.1080683843277024e-08
1773.0 1.1074937444369754e-08
1774.0 1.1069191045462483e-08
1775.0 1.1063444646555214e-08
1776.0 1.1057698247647944e-08
1777.0 1.1051951848740674e-08
1778.0 1.1046205449833404e-08
1779.0 1.1040459050926136e-08
1780.0 1.1034712652018864e-08
1781.0 1.1028966253111593e-08
1782.0 1.1023219854204326e-08
1783.0 1.1017473455297054e-08
1784.0 1.1011727056389783e-08
1785.0 1.1005980657482513e-08
1786.0 1.1000234258575243e-08
1787.0 1.0994487859667971e-08
1788.0 1.0988741460760701e-08
1789.0 1.0982995061853433e-08
1790.0 1.0977248662946161e-08
1791.0 1.0971502264038893e-08
1792.0 1.0965755865131624e-08
1793.0 1.0960009466224358e-08
1794.0 1.0954263067317083e-08
1795.0 1.0948516668409814e-08
1796.0 1.0942770269502543e-08
1797.0 1.0937023870595273e-08
1798.0 1.0931277471688004e-08
1799.0 1.0925531072780734e-08
1800.0 1.0919784673873463e-08
1801.0 1.0914038274966194e-08
1802.0 1.0908291876058924e-08
1803.0 1.0902545477151653e-08
1804.0 1.0896799078244384e-08
1805.0 1.0891052679337116e-08
1806.0 1.0885306280429844e-08
1807.0 1.0879559881522574e-08
1808.0 1.0873813482615306e-08
1809.0 1.0868067083708034e-08
1810.0 1.0862320684800763e-08
1811.0 1.0856574285893493e-08
1812.0 1.0850827886986224e-08
1813.0 1.0845081488078954e-08
1814.0 1.0839335089171684e-08
1815.0 1.0833588690264413e-08
1816.0 1.0827842291357144e-08
1817.0 1.0822095892449874e-08
1818.0 1.0816349493542604e-08
1819.0 1.0810603094635334e-08
1820.0 1.0804856695728064e-08
1821.0 1.0799110296820794e-08
1822.0 1.0793363897913524e-08
1823.0 1.0787617499006253e-08
1824.0 1.0781871100098984e-08
1825.0 1.0776124701191714e-08
1826.0 1.0770378302284444e-08
1827.0 1.0764631903377174e-08
1828.0 1.0758885504469904e-08
1829.0 1.0753139105562636e-08
1830.0 1.0747392706655364e-08
1831.0 1.0741646307748094e-08
1832.0 1.0735899908840826e-08
1833.0 1.0730153509933556e-08
1834.0 1.0724407111026286e-08
1835.0 1.0718660712119014e-08
1836.0 1.0712914313211744e-08
1837.0 1.0707167914304474e-08
1838.0 1.0701421515397204e-08
1839.0 1.0695675116489934e-08
1840.0 1.0689928717582666e-08
1841.0 1.0684182318675394e-08
1842.0 1.0678435919768124e-08
1843.0 1.0672689520860854e-08
1844.0 1.0666943121953582e-08
1845.0 1.0661626495804285e-08
1846.0 1.0656353638740605e-08
1847.0 1.0651080781676927e-08
1848.0 1.0645807924613245e-08
1849.0 1.0640535067549565e-08
1850.0 1.0635262210485884e-08
1851.0 1.0629989353422206e-08
1852.0 1.0624716496358526e-08
1853.0 1.0619443639294844e-08
1854.0 1.0614170782231164e-08
1855.0 1.0608897925167486e-08
1856.0 1.0603625068103805e-08
1857.0 1.0598352211040123e-08
1858.0 1.0593079353976445e-08
1859.0 1.0587806496912765e-08
1860.0 1.0582533639849083e-08
1861.0 1.0577260782785402e-08
1862.0 1.0571987925721724e-08
1863.0 1.0566715068658044e-08
1864.0 1.0561442211594362e-08
1865.0 1.0556169354530686e-08
1866.0 1.0550896497467004e-08
1867.0 1.0545623640403322e-08
1868.0 1.0540350783339644e-08
1869.0 1.0535077926275961e-08
1870.0 1.0529805069212283e-08
1871.0 1.0524532212148603e-08
1872.0 1.0519259355084921e-08
1873.0 1.0513986498021243e-08
1874.0 1.0508713640957562e-08
1875.0 1.0503440783893882e-08
1876.0 1.0498167926830202e-08
1877.0 1.0492895069766522e-08
1878.0 1.048762221270284e-08
1879.0 1.0482349355639162e-08
1880.0 1.047707649857548e-08
1881.0 1.0471803641511799e-08
1882.0 1.0466530784448122e-08
1883.0 1.0461257927384441e-08
1884.0 1.0455985070320761e-08
1885.0 1.0450712213257081e-08
1886.0 1.04454393561934e-08
1887.0 1.0440166499129721e-08
1888.0 1.043489364206604e-08
1889.0 1.042962078500236e-08
1890.0 1.042434792793868e-08
1891.0 1.0419075070875e-08
1892.0 1.0413802213811319e-08
1893.0 1.040852935674764e-08
1894.0 1.0403256499683959e-08
1895.0 1.039798364262028e-08
1896.0 1.03927107855566e-08
1897.0 1.0387437928492919e-08
1898.0 1.0382165071429238e-08
1899.0 1.037689221436556e-08
1900.0 1.037161935730188e-08
1901.0 1.03663465002382e-08
1902.0 1.0361073643174516e-08
1903.0 1.0355800786110838e-08
1904.0 1.0350527929047156e-08
1905.0 1.0345255071983478e-08
1906.0 1.03399822149198e-08
1907.0 1.0334709357856117e-08
1908.0 1.0329436500792437e-08
1909.0 1.0324163643728757e-08
1910.0 1.0318890786665075e-08
1911.0 1.0313617929601397e-08
1912.0 1.0308345072537716e-08
1913.0 1.0303072215474034e-08
1914.0 1.0297799358410358e-08
1915.0 1.0292526501346676e-08
1916.0 1.0287253644282994e-08
1917.0 1.0281980787219315e-08
1918.0 1.0276707930155635e-08
1919.0 1.0271435073091958e-08
1920.0 1.0266162216028277e-08
1921.0 1.0260889358964595e-08
1922.0 1.0255616501900915e-08
1923.0 1.0250343644837237e-08
1924.0 1.0245070787773555e-08
1925.0 1.0239797930709875e-08
1926.0 1.0234525073646194e-08
1927.0 1.0229252216582512e-08
1928.0 1.0223979359518836e-08
1929.0 1.0218706502455154e-08
1930.0 1.0213433645391476e-08
1931.0 1.0208160788327794e-08
1932.0 1.0202887931264115e-08
1933.0 1.0197615074200433e-08
1934.0 1.0192342217136755e-08
1935.0 1.0187069360073073e-08
1936.0 1.0181796503009393e-08
1937.0 1.0176523645945712e-08
1938.0 1.0171250788882034e-08
1939.0 1.0165977931818354e-08
1940.0 1.0160705074754672e-08
1941.0 1.0155432217690992e-08
1942.0 1.0150159360627312e-08
1943.0 1.0144886503563632e-08
1944.0 1.0139613646499951e-08
1945.0 1.0134340789436271e-08
1946.0 1.0129067932372593e-08
1947.0 1.0123795075308913e-08
1948.0 1.011852221824523e-08
1949.0 1.0113249361181551e-08
1950.0 1.010797650411787e-08
1951.0 1.010270364705419e-08
1952.0 1.0097430789990512e-08
1953.0 1.0092157932926829e-08
1954.0 1.008688507586315e-08
1955.0 1.008161221879947e-08
1956.0 1.007633936173579e-08
1957.0 1.007106650467211e-08
1958.0 1.0065793647608429e-08
1959.0 1.006052079054475e-08
1960.0 1.0055247933481071e-08
1961.0 1.004997507641739e-08
1962.0 1.004470221935371e-08
1963.0 1.003942936229003e-08
1964.0 1.003415650522635e-08
1965.0 1.0028883648162668e-08
1966.0 1.002361079109899e-08
1967.0 1.0018337934035308e-08
1968.0 1.0013065076971627e-08
1969.0 1.000779221990795e-08
1970.0 1.0002519362844269e-08
1971.0 9.997246505780589e-09
1972.0 9.991973648716906e-09
1973.0 9.986700791653227e-09
1974.0 9.98142793458955e-09
1975.0 9.976155077525866e-09
1976.0 9.970882220462188e-09
1977.0 9.965609363398506e-09
1978.0 9.960336506334828e-09
1979.0 9.955063649271146e-09
1980.0 9.94979079220747e-09
1981.0 9.944517935143787e-09
1982.0 9.939245078080107e-09
1983.0 9.933972221016425e-09
1984.0 9.928699363952749e-09
1985.0 9.923426506889065e-09
1986.0 9.918153649825386e-09
1987.0 9.91339688347877e-09
1988.0 9.90871906774985e-09
1989.0 9.904041252020928e-09
1990.0 9.899363436292007e-09
1991.0 9.894685620563086e-09
1992.0 9.890007804834165e-09
1993.0 9.885329989105242e-09
1994.0 9.880652173376323e-09
1995.0 9.8759743576474e-09
1996.0 9.871296541918477e-09
1997.0 9.866618726189556e-09
1998.0 9.861940910460635e-09
1999.0 9.857263094731714e-09
2000.0 9.852585279002792e-09
2001.0 9.847907463273871e-09
2002.0 9.84322964754495e-09
2003.0 9.838551831816029e-09
2004.0 9.83387401608711e-09
2005.0 9.829196200358185e-09
2006.0 9.824518384629266e-09
2007.0 9.819840568900343e-09
2008.0 9.815162753171419e-09
2009.0 9.8104849374425e-09
2010.0 9.805807121713579e-09
2011.0 9.801129305984658e-09
2012.0 9.796451490255737e-09
2013.0 9.791773674526814e-09
2014.0 9.787095858797892e-09
2015.0 9.782418043068972e-09
2016.0 9.777740227340051e-09
2017.0 9.773062411611129e-09
2018.0 9.768384595882208e-09
2019.0 9.763706780153287e-09
2020.0 9.759028964424366e-09
2021.0 9.754351148695443e-09
2022.0 9.74967333296652e-09
2023.0 9.744995517237603e-09
2024.0 9.74031770150868e-09
2025.0 9.735639885779756e-09
2026.0 9.730962070050838e-09
2027.0 9.726284254321915e-09
2028.0 9.721606438592996e-09
2029.0 9.716928622864073e-09
2030.0 9.712250807135153e-09
2031.0 9.70757299140623e-09
2032.0 9.702895175677309e-09
2033.0 9.698217359948388e-09
2034.0 9.693539544219465e-09
2035.0 9.688861728490544e-09
2036.0 9.684183912761623e-09
2037.0 9.6795060970327e-09
2038.0 9.67482828130378e-09
2039.0 9.670150465574857e-09
2040.0 9.66547264984594e-09
2041.0 9.660794834117017e-09
2042.0 9.656117018388096e-09
2043.0 9.651439202659172e-09
2044.0 9.646761386930252e-09
2045.0 9.642083571201331e-09
2046.0 9.637405755472407e-09
2047.0 9.632727939743488e-09
2048.0 9.628050124014567e-09
2049.0 9.623372308285644e-09
2050.0 9.618694492556725e-09
2051.0 9.614016676827802e-09
2052.0 9.609338861098881e-09
2053.0 9.60466104536996e-09
2054.0 9.599983229641039e-09
2055.0 9.595305413912116e-09
2056.0 9.590627598183194e-09
2057.0 9.585949782454274e-09
2058.0 9.581271966725352e-09
2059.0 9.576594150996431e-09
2060.0 9.571916335267508e-09
2061.0 9.567238519538587e-09
2062.0 9.562560703809668e-09
2063.0 9.557882888080744e-09
2064.0 9.553205072351826e-09
2065.0 9.548527256622903e-09
2066.0 9.543849440893982e-09
2067.0 9.539171625165058e-09
2068.0 9.53449380943614e-09
2069.0 9.529815993707218e-09
2070.0 9.525138177978295e-09
2071.0 9.520460362249374e-09
2072.0 9.515782546520453e-09
2073.0 9.51110473079153e-09
2074.0 9.506426915062611e-09
2075.0 9.501749099333689e-09
2076.0 9.497071283604768e-09
2077.0 9.492393467875845e-09
2078.0 9.487715652146924e-09
2079.0 9.483037836418003e-09
2080.0 9.478360020689082e-09
2081.0 9.47368220496016e-09
2082.0 9.469004389231238e-09
2083.0 9.464326573502317e-09
2084.0 9.459648757773395e-09
2085.0 9.454970942044472e-09
2086.0 9.450293126315554e-09
2087.0 9.445615310586632e-09
2088.0 9.440937494857711e-09
2089.0 9.43625967912879e-09
2090.0 9.431581863399867e-09
2091.0 9.426904047670946e-09
2092.0 9.422226231942027e-09
2093.0 9.417548416213104e-09
2094.0 9.412870600484182e-09
2095.0 9.40819278475526e-09
2096.0 9.40351496902634e-09
2097.0 9.398837153297417e-09
2098.0 9.394159337568496e-09
2099.0 9.389481521839575e-09
2100.0 9.384803706110652e-09
2101.0 9.380125890381731e-09
2102.0 9.375448074652812e-09
2103.0 9.37077025892389e-09
2104.0 9.366092443194969e-09
2105.0 9.361414627466046e-09
2106.0 9.356736811737123e-09
2107.0 9.352058996008202e-09
2108.0 9.347381180279283e-09
2109.0 9.34270336455036e-09
2110.0 9.338025548821441e-09
2111.0 9.333347733092518e-09
2112.0 9.328669917363596e-09
2113.0 9.323992101634676e-09
2114.0 9.319314285905754e-09
2115.0 9.314636470176833e-09
2116.0 9.309958654447912e-09
2117.0 9.305280838718991e-09
2118.0 9.300603022990068e-09
2119.0 9.295925207261146e-09
2120.0 9.291247391532226e-09
2121.0 9.286569575803302e-09
2122.0 9.281891760074383e-09
2123.0 9.27721394434546e-09
2124.0 9.272536128616539e-09
2125.0 9.26785831288762e-09
2126.0 9.263180497158695e-09
2127.0 9.258502681429774e-09
2128.0 9.253824865700855e-09
2129.0 9.249147049971934e-09
2130.0 9.24446923424301e-09
2131.0 9.23979141851409e-09
2132.0 9.23511360278517e-09
2133.0 9.230435787056247e-09
2134.0 9.225757971327328e-09
2135.0 9.221080155598407e-09
2136.0 9.216402339869482e-09
2137.0 9.211724524140563e-09
2138.0 9.20704670841164e-09
2139.0 9.20236889268272e-09
2140.0 9.198043336638997e-09
2141.0 9.19376288475585e-09
2142.0 9.189482432872696e-09
2143.0 9.185201980989547e-09
2144.0 9.180921529106394e-09
2145.0 9.176641077223244e-09
2146.0 9.172360625340093e-09
2147.0 9.168080173456941e-09
2148.0 9.16379972157379e-09
2149.0 9.159519269690638e-09
2150.0 9.155238817807488e-09
2151.0 9.150958365924336e-09
2152.0 9.146677914041185e-09
2153.0 9.142397462158035e-09
2154.0 9.138117010274883e-09
2155.0 9.133836558391732e-09
2156.0 9.129556106508582e-09
2157.0 9.125275654625427e-09
2158.0 9.12099520274228e-09
2159.0 9.116714750859127e-09
2160.0 9.112434298975975e-09
2161.0 9.108153847092824e-09
2162.0 9.103873395209674e-09
2163.0 9.099592943326522e-09
2164.0 9.09531249144337e-09
2165.0 9.091032039560221e-09
2166.0 9.08675158767707e-09
2167.0 9.082471135793916e-09
2168.0 9.078190683910765e-09
2169.0 9.073910232027616e-09
2170.0 9.069629780144465e-09
2171.0 9.065349328261313e-09
2172.0 9.061068876378162e-09
2173.0 9.05678842449501e-09
2174.0 9.052507972611858e-09
2175.0 9.048227520728708e-09
2176.0 9.043947068845559e-09
2177.0 9.039666616962405e-09
2178.0 9.035386165079255e-09
2179.0 9.031105713196104e-09
2180.0 9.026825261312954e-09
2181.0 9.022544809429799e-09
2182.0 9.01826435754665e-09
2183.0 9.013983905663498e-09
2184.0 9.009703453780348e-09
2185.0 9.005423001897196e-09
2186.0 9.001142550014046e-09
2187.0 8.996862098130893e-09
2188.0 8.992581646247741e-09
2189.0 8.988301194364593e-09
2190.0 8.98402074248144e-09
2191.0 8.97974029059829e-09
2192.0 8.975459838715138e-09
2193.0 8.97117938683199e-09
2194.0 8.966898934948835e-09
2195.0 8.962618483065684e-09
2196.0 8.958338031182534e-09
2197.0 8.954057579299382e-09
2198.0 8.949777127416229e-09
2199.0 8.94549667553308e-09
2200.0 8.941216223649929e-09
2201.0 8.936935771766777e-09
2202.0 8.932655319883628e-09
2203.0 8.928374868000476e-09
2204.0 8.924094416117321e-09
2205.0 8.919813964234171e-09
2206.0 8.915533512351023e-09
2207.0 8.91125306046787e-09
2208.0 8.90697260858472e-09
2209.0 8.902692156701568e-09
2210.0 8.898411704818418e-09
2211.0 8.894131252935267e-09
2212.0 8.889850801052117e-09
2213.0 8.885570349168964e-09
2214.0 8.881289897285812e-09
2215.0 8.877009445402662e-09
2216.0 8.87272899351951e-09
2217.0 8.86844854163636e-09
2218.0 8.864168089753207e-09
2219.0 8.859887637870057e-09
2220.0 8.855607185986904e-09
2221.0 8.851326734103754e-09
2222.0 8.847046282220601e-09
2223.0 8.842765830337453e-09
2224.0 8.8384853784543e-09
2225.0 8.83420492657115e-09
2226.0 8.829924474688e-09
2227.0 8.825644022804848e-09
2228.0 8.821363570921698e-09
2229.0 8.817083119038545e-09
2230.0 8.812802667155395e-09
2231.0 8.808522215272242e-09
2232.0 8.804241763389092e-09
2233.0 8.79996131150594e-09
2234.0 8.795680859622787e-09
2235.0 8.791400407739637e-09
2236.0 8.787119955856489e-09
2237.0 8.782839503973336e-09
2238.0 8.778559052090184e-09
2239.0 8.774278600207034e-09
2240.0 8.769998148323883e-09
2241.0 8.76571769644073e-09
2242.0 8.76143724455758e-09
2243.0 8.757156792674428e-09
2244.0 8.752876340791278e-09
2245.0 8.748595888908126e-09
2246.0 8.744315437024975e-09
2247.0 8.740034985141825e-09
2248.0 8.735754533258672e-09
2249.0 8.731474081375522e-09
2250.0 8.72719362949237e-09
2251.0 8.722913177609217e-09
2252.0 8.718632725726069e-09
2253.0 8.714352273842915e-09
2254.0 8.710071821959767e-09
2255.0 8.705791370076616e-09
2256.0 8.701510918193464e-09
2257.0 8.697230466310312e-09
2258.0 8.69295001442716e-09
2259.0 8.68866956254401e-09
2260.0 8.684389110660858e-09
2261.0 8.680108658777706e-09
2262.0 8.675828206894556e-09
2263.0 8.671547755011406e-09
2264.0 8.667267303128255e-09
2265.0 8.662986851245102e-09
2266.0 8.658706399361952e-09
2267.0 8.6544259474788e-09
2268.0 8.650145495595647e-09
2269.0 8.645865043712499e-09
2270.0 8.641584591829347e-09
2271.0 8.637304139946195e-09
2272.0 8.633023688063044e-09
2273.0 8.628743236179894e-09
2274.0 8.62446278429674e-09
2275.0 8.620182332413589e-09
2276.0 8.615901880530441e-09
2277.0 8.61162142864729e-09
2278.0 8.607340976764138e-09
2279.0 8.603060524880986e-09
2280.0 8.598780072997835e-09
2281.0 8.594499621114683e-09
2282.0 8.590219169231533e-09
2283.0 8.585938717348381e-09
2284.0 8.58165826546523e-09
2285.0 8.577377813582078e-09
2286.0 8.573097361698928e-09
2287.0 8.568816909815777e-09
2288.0 8.564536457932625e-09
2289.0 8.560256006049477e-09
2290.0 8.555975554166324e-09
2291.0 8.551695102283172e-09
2292.0 8.54741465040002e-09
2293.0 8.54313419851687e-09
2294.0 8.538853746633719e-09
2295.0 8.534573294750568e-09
2296.0 8.530292842867414e-09
2297.0 8.526012390984268e-09
2298.0 8.521731939101113e-09
2299.0 8.517451487217963e-09
2300.0 8.513171035334811e-09
2301.0 8.508890583451661e-09
2302.0 8.50461013156851e-09
2303.0 8.500329679685358e-09
2304.0 8.49609322779628e-09
2305.0 8.492172264754512e-09
2306.0 8.488251301712747e-09
2307.0 8.484330338670981e-09
2308.0 8.480409375629211e-09
2309.0 8.476488412587448e-09
2310.0 8.47256744954568e-09
2311.0 8.468646486503914e-09
2312.0 8.464725523462148e-09
2313.0 8.460804560420381e-09
2314.0 8.456883597378615e-09
2315.0 8.45296263433685e-09
2316.0 8.449041671295083e-09
2317.0 8.445120708253318e-09
2318.0 8.441199745211553e-09
2319.0 8.437278782169785e-09
2320.0 8.433357819128017e-09
2321.0 8.429436856086251e-09
2322.0 8.425515893044483e-09
2323.0 8.421594930002718e-09
2324.0 8.417673966960952e-09
2325.0 8.413753003919184e-09
2326.0 8.409832040877418e-09
2327.0 8.405911077835652e-09
2328.0 8.401990114793887e-09
2329.0 8.398069151752119e-09
2330.0 8.394148188710354e-09
2331.0 8.390227225668586e-09
2332.0 8.386306262626822e-09
2333.0 8.382385299585055e-09
2334.0 8.378464336543289e-09
2335.0 8.374543373501521e-09
2336.0 8.370622410459755e-09
2337.0 8.36670144741799e-09
2338.0 8.362780484376224e-09
2339.0 8.358859521334456e-09
2340.0 8.35493855829269e-09
2341.0 8.351017595250923e-09
2342.0 8.34709663220916e-09
2343.0 8.343175669167389e-09
2344.0 8.339254706125624e-09
2345.0 8.335333743083858e-09
2346.0 8.331412780042092e-09
2347.0 8.327491817000325e-09
2348.0 8.323570853958559e-09
2349.0 8.319649890916793e-09
2350.0 8.315728927875028e-09
2351.0 8.311807964833257e-09
2352.0 8.307887001791494e-09
2353.0 8.303966038749728e-09
2354.0 8.30004507570796e-09
2355.0 8.296124112666193e-09
2356.0 8.292203149624427e-09
2357.0 8.28828218658266e-09
2358.0 8.284361223540894e-09
2359.0 8.280440260499128e-09
2360.0 8.27651929745736e-09
2361.0 8.272598334415597e-09
2362.0 8.26867737137383e-09
2363.0 8.264756408332061e-09
2364.0 8.260835445290297e-09
2365.0 8.256914482248532e-09
2366.0 8.252993519206764e-09
2367.0 8.249072556164998e-09
2368.0 8.24515159312323e-09
2369.0 8.241230630081463e-09
2370.0 8.237309667039699e-09
2371.0 8.23338870399793e-09
2372.0 8.229467740956166e-09
2373.0 8.2255467779144e-09
2374.0 8.221625814872632e-09
2375.0 8.217704851830869e-09
2376.0 8.213783888789101e-09
2377.0 8.209862925747335e-09
2378.0 8.205941962705567e-09
2379.0 8.2020209996638e-09
2380.0 8.198100036622036e-09
2381.0 8.19417907358027e-09
2382.0 8.190258110538501e-09
2383.0 8.186337147496735e-09
2384.0 8.18241618445497e-09
2385.0 8.178495221413203e-09
2386.0 8.174574258371436e-09
2387.0 8.17065329532967e-09
2388.0 8.166732332287904e-09
2389.0 8.162811369246137e-09
2390.0 8.158890406204371e-09
2391.0 8.154969443162605e-09
2392.0 8.151048480120838e-09
2393.0 8.14712751707907e-09
2394.0 8.143206554037306e-09
2395.0 8.13928559099554e-09
2396.0 8.135364627953773e-09
2397.0 8.131443664912007e-09
2398.0 8.127522701870237e-09
2399.0 8.123601738828474e-09
2400.0 8.119680775786706e-09
2401.0 8.11575981274494e-09
2402.0 8.111838849703174e-09
2403.0 8.107917886661407e-09
2404.0 8.103996923619643e-09
2405.0 8.100075960577875e-09
2406.0 8.096154997536107e-09
2407.0 8.092234034494342e-09
2408.0 8.088313071452578e-09
2409.0 8.084392108410811e-09
2410.0 8.080471145369043e-09
2411.0 8.076550182327275e-09
2412.0 8.072629219285509e-09
2413.0 8.068708256243744e-09
2414.0 8.064787293201976e-09
2415.0 8.06086633016021e-09
2416.0 8.056945367118445e-09
2417.0 8.053024404076677e-09
2418.0 8.049103441034913e-09
2419.0 8.045182477993147e-09
2420.0 8.04126151495138e-09
2421.0 8.037340551909612e-09
2422.0 8.033419588867848e-09
2423.0 8.029498625826081e-09
2424.0 8.025577662784313e-09
2425.0 8.021656699742547e-09
2426.0 8.017735736700779e-09
2427.0 8.013814773659016e-09
2428.0 8.009893810617248e-09
2429.0 8.005972847575482e-09
2430.0 8.002051884533716e-09
2431.0 7.99813092149195e-09
2432.0 7.994209958450185e-09
2433.0 7.990288995408417e-09
2434.0 7.98636803236665e-09
2435.0 7.982447069324884e-09
2436.0 7.978526106283118e-09
2437.0 7.974605143241351e-09
2438.0 7.970684180199585e-09
2439.0 7.966763217157819e-09
2440.0 7.962842254116049e-09
2441.0 7.958921291074286e-09
2442.0 7.95500032803252e-09
2443.0 7.951079364990754e-09
2444.0 7.947158401948986e-09
2445.0 7.94323743890722e-09
2446.0 7.939316475865453e-09
2447.0 7.935395512823688e-09
2448.0 7.93147454978192e-09
2449.0 7.927553586740154e-09
2450.0 7.923632623698388e-09
2451.0 7.919711660656623e-09
2452.0 7.915790697614853e-09
2453.0 7.911869734573089e-09
2454.0 7.907948771531323e-09
2455.0 7.904027808489556e-09
2456.0 7.90010684544779e-09
2457.0 7.896185882406022e-09
2458.0 7.892264919364256e-09
2459.0 7.888343956322491e-09
2460.0 7.884422993280723e-09
2461.0 7.880502030238958e-09
2462.0 7.876581067197192e-09
2463.0 7.872660104155424e-09
2464.0 7.868739141113658e-09
2465.0 7.864818178071895e-09
2466.0 7.860897215030129e-09
2467.0 7.856976251988359e-09
2468.0 7.853055288946593e-09
2469.0 7.849134325904825e-09
2470.0 7.845213362863062e-09
2471.0 7.841292399821294e-09
2472.0 7.837371436779526e-09
2473.0 7.833450473737761e-09
2474.0 7.829529510695995e-09
2475.0 7.825608547654227e-09
2476.0 7.821687584612462e-09
2477.0 7.817766621570696e-09
2478.0 7.81384565852893e-09
2479.0 7.809924695487163e-09
2480.0 7.806003732445397e-09
2481.0 7.80208276940363e-09
2482.0 7.798470553146914e-09
2483.0 7.795012178917757e-09
2484.0 7.791553804688605e-09
2485.0 7.788095430459451e-09
2486.0 7.784637056230295e-09
2487.0 7.781178682001142e-09
2488.0 7.77772030777199e-09
2489.0 7.774261933542835e-09
2490.0 7.77080355931368e-09
2491.0 7.767345185084524e-09
2492.0 7.763886810855372e-09
2493.0 7.760428436626218e-09
2494.0 7.756970062397063e-09
2495.0 7.753511688167909e-09
2496.0 7.750053313938756e-09
2497.0 7.746594939709602e-09
2498.0 7.743136565480449e-09
2499.0 7.739678191251293e-09
2500.0 7.736219817022139e-09
2501.0 7.732761442792987e-09
2502.0 7.729303068563833e-09
2503.0 7.725844694334679e-09
2504.0 7.722386320105523e-09
2505.0 7.71892794587637e-09
2506.0 7.715469571647216e-09
2507.0 7.712011197418062e-09
2508.0 7.708552823188906e-09
2509.0 7.705094448959752e-09
2510.0 7.701636074730598e-09
2511.0 7.698177700501444e-09
2512.0 7.69471932627229e-09
2513.0 7.691260952043137e-09
2514.0 7.687802577813984e-09
2515.0 7.68434420358483e-09
2516.0 7.680885829355675e-09
2517.0 7.677427455126521e-09
2518.0 7.673969080897369e-09
2519.0 7.670510706668213e-09
2520.0 7.66705233243906e-09
2521.0 7.663593958209905e-09
2522.0 7.66013558398075e-09
2523.0 7.656677209751596e-09
2524.0 7.653218835522442e-09
2525.0 7.649760461293288e-09
2526.0 7.646302087064134e-09
2527.0 7.64284371283498e-09
2528.0 7.639385338605826e-09
2529.0 7.63592696437667e-09
2530.0 7.632468590147515e-09
2531.0 7.629010215918361e-09
2532.0 7.625551841689209e-09
2533.0 7.622093467460057e-09
2534.0 7.618635093230901e-09
2535.0 7.615176719001746e-09
2536.0 7.611718344772593e-09
2537.0 7.60825997054344e-09
2538.0 7.604801596314284e-09
2539.0 7.601343222085132e-09
2540.0 7.597884847855978e-09
2541.0 7.594426473626824e-09
2542.0 7.590968099397668e-09
2543.0 7.587509725168513e-09
2544.0 7.58405135093936e-09
2545.0 7.580592976710207e-09
2546.0 7.577134602481053e-09
2547.0 7.573676228251899e-09
2548.0 7.570217854022743e-09
2549.0 7.56675947979359e-09
2550.0 7.563301105564435e-09
2551.0 7.559842731335283e-09
2552.0 7.55638435710613e-09
2553.0 7.552925982876975e-09
2554.0 7.549467608647821e-09
2555.0 7.546009234418666e-09
2556.0 7.542550860189512e-09
2557.0 7.539092485960356e-09
2558.0 7.535634111731204e-09
2559.0 7.53217573750205e-09
2560.0 7.528717363272896e-09
2561.0 7.52525898904374e-09
2562.0 7.521800614814587e-09
2563.0 7.518342240585433e-09
2564.0 7.514883866356279e-09
2565.0 7.511425492127123e-09
2566.0 7.50796711789797e-09
2567.0 7.504508743668817e-09
2568.0 7.501050369439662e-09
2569.0 7.497591995210508e-09
2570.0 7.494133620981354e-09
2571.0 7.490675246752202e-09
2572.0 7.487216872523048e-09
2573.0 7.483758498293894e-09
2574.0 7.480300124064738e-09
2575.0 7.476841749835584e-09
2576.0 7.47338337560643e-09
2577.0 7.469925001377277e-09
2578.0 7.466466627148121e-09
2579.0 7.46300825291897e-09
2580.0 7.459549878689815e-09
2581.0 7.45609150446066e-09
2582.0 7.452633130231505e-09
2583.0 7.4491747560023514e-09
2584.0 7.4457163817731975e-09
2585.0 7.442258007544044e-09
2586.0 7.438799633314889e-09
2587.0 7.435341259085737e-09
2588.0 7.431882884856583e-09
2589.0 7.428424510627428e-09
2590.0 7.424966136398274e-09
2591.0 7.421507762169122e-09
2592.0 7.418049387939964e-09
2593.0 7.4145910137108115e-09
2594.0 7.411132639481658e-09
2595.0 7.407674265252503e-09
2596.0 7.404215891023349e-09
2597.0 7.400757516794195e-09
2598.0 7.397299142565041e-09
2599.0 7.393840768335888e-09
2600.0 7.390382394106731e-09
2601.0 7.386924019877577e-09
2602.0 7.383465645648424e-09
2603.0 7.38000727141927e-09
2604.0 7.376548897190116e-09
2605.0 7.373090522960961e-09
2606.0 7.369632148731809e-09
2607.0 7.366173774502655e-09
2608.0 7.3627154002734996e-09
2609.0 7.3592570260443465e-09
2610.0 7.355798651815193e-09
2611.0 7.352340277586039e-09
2612.0 7.348881903356884e-09
2613.0 7.345423529127728e-09
2614.0 7.341965154898578e-09
2615.0 7.338506780669421e-09
2616.0 7.3350484064402675e-09
2617.0 7.3315900322111136e-09
2618.0 7.328131657981959e-09
2619.0 7.324673283752805e-09
2620.0 7.321214909523651e-09
2621.0 7.317756535294497e-09
2622.0 7.314298161065342e-09
2623.0 7.310839786836187e-09
2624.0 7.307381412607036e-09
2625.0 7.3039230383778815e-09
2626.0 7.3004646641487276e-09
2627.0 7.297006289919572e-09
2628.0 7.293547915690419e-09
2629.0 7.290089541461265e-09
2630.0 7.286631167232111e-09
2631.0 7.2831727930029556e-09
2632.0 7.2797144187738025e-09
2633.0 7.2762560445446486e-09
2634.0 7.272797670315495e-09
2635.0 7.269339296086338e-09
2636.0 7.265880921857184e-09
2637.0 7.262422547628032e-09
2638.0 7.258964173398877e-09
2639.0 7.2555057991697235e-09
2640.0 7.252047424940571e-09
2641.0 7.248589050711415e-09
2642.0 7.245130676482261e-09
2643.0 7.241672302253107e-09
2644.0 7.238213928023954e-09
2645.0 7.2347555537948e-09
2646.0 7.231297179565646e-09
2647.0 7.227838805336491e-09
2648.0 7.224380431107336e-09
2649.0 7.2209220568781836e-09
2650.0 7.21746368264903e-09
2651.0 7.214005308419875e-09
2652.0 7.210546934190721e-09
2653.0 7.207088559961567e-09
2654.0 7.203630185732412e-09
2655.0 7.2001718115032584e-09
2656.0 7.1967134372741045e-09
2657.0 7.19325506304495e-09
2658.0 7.189796688815794e-09
2659.0 7.186338314586642e-09
2660.0 7.182879940357488e-09
2661.0 7.179421566128335e-09
2662.0 7.1759631918991794e-09
2663.0 7.172504817670027e-09
2664.0 7.1690464434408724e-09
2665.0 7.1655880692117185e-09
2666.0 7.162129694982565e-09
2667.0 7.15867132075341e-09
2668.0 7.155212946524256e-09
2669.0 7.151754572295102e-09
2670.0 7.1482961980659465e-09
2671.0 7.144837823836792e-09
2672.0 7.141379449607641e-09
2673.0 7.138106322625218e-09
2674.0 7.134988417932092e-09
2675.0 7.131870513238968e-09
2676.0 7.128752608545843e-09
2677.0 7.125634703852719e-09
2678.0 7.1225167991595946e-09
2679.0 7.119398894466469e-09
2680.0 7.116280989773346e-09
2681.0 7.113163085080222e-09
2682.0 7.110045180387096e-09
2683.0 7.106927275693971e-09
2684.0 7.1038093710008476e-09
2685.0 7.100691466307723e-09
2686.0 7.097573561614598e-09
2687.0 7.094455656921473e-09
2688.0 7.09133775222835e-09
2689.0 7.088219847535225e-09
2690.0 7.085101942842098e-09
2691.0 7.081984038148975e-09
2692.0 7.0788661334558505e-09
2693.0 7.075748228762727e-09
2694.0 7.072630324069604e-09
2695.0 7.069512419376475e-09
2696.0 7.066394514683354e-09
2697.0 7.063276609990229e-09
2698.0 7.0601587052971035e-09
2699.0 7.057040800603979e-09
2700.0 7.053922895910855e-09
2701.0 7.05080499121773e-09
2702.0 7.047687086524606e-09
2703.0 7.04456918183148e-09
2704.0 7.041451277138357e-09
2705.0 7.038333372445233e-09
2706.0 7.035215467752109e-09
2707.0 7.032097563058983e-09
2708.0 7.028979658365857e-09
2709.0 7.025861753672735e-09
2710.0 7.0227438489796095e-09
2711.0 7.019625944286483e-09
2712.0 7.016508039593359e-09
2713.0 7.013390134900236e-09
2714.0 7.010272230207111e-09
2715.0 7.007154325513986e-09
2716.0 7.004036420820861e-09
2717.0 7.000918516127736e-09
2718.0 6.997800611434613e-09
2719.0 6.994682706741488e-09
2720.0 6.991564802048363e-09
2721.0 6.988446897355239e-09
2722.0 6.985328992662114e-09
2723.0 6.98221108796899e-09
2724.0 6.9790931832758654e-09
2725.0 6.975975278582742e-09
2726.0 6.972857373889617e-09
2727.0 6.969739469196491e-09
2728.0 6.966621564503368e-09
2729.0 6.963503659810243e-09
2730.0 6.960385755117119e-09
2731.0 6.957267850423992e-09
2732.0 6.954149945730868e-09
2733.0 6.9510320410377445e-09
2734.0 6.94791413634462e-09
2735.0 6.9447962316514944e-09
2736.0 6.941678326958371e-09
2737.0 6.938560422265246e-09
2738.0 6.935442517572121e-09
2739.0 6.9323246128789975e-09
2740.0 6.929206708185873e-09
2741.0 6.926088803492748e-09
2742.0 6.9229708987996245e-09
2743.0 6.919852994106498e-09
2744.0 6.916735089413375e-09
2745.0 6.9136171847202505e-09
2746.0 6.910499280027125e-09
2747.0 6.9073813753340004e-09
2748.0 6.904263470640876e-09
2749.0 6.901145565947752e-09
2750.0 6.898027661254628e-09
2751.0 6.894909756561503e-09
2752.0 6.891791851868379e-09
2753.0 6.888673947175253e-09
2754.0 6.885556042482129e-09
2755.0 6.882438137789005e-09
2756.0 6.87932023309588e-09
2757.0 6.876202328402754e-09
2758.0 6.87308442370963e-09
2759.0 6.869966519016506e-09
2760.0 6.866848614323383e-09
2761.0 6.863730709630256e-09
2762.0 6.860612804937133e-09
2763.0 6.857494900244008e-09
2764.0 6.854376995550883e-09
2765.0 6.8512590908577595e-09
2766.0 6.848141186164636e-09
2767.0 6.84502328147151e-09
2768.0 6.841905376778387e-09
2769.0 6.83878747208526e-09
2770.0 6.835669567392136e-09
2771.0 6.832551662699013e-09
2772.0 6.829433758005889e-09
2773.0 6.826315853312762e-09
2774.0 6.8231979486196386e-09
2775.0 6.820080043926514e-09
2776.0 6.81696213923339e-09
2777.0 6.813844234540264e-09
2778.0 6.810726329847141e-09
2779.0 6.807608425154015e-09
2780.0 6.804490520460891e-09
2781.0 6.801372615767767e-09
2782.0 6.798254711074642e-09
2783.0 6.795136806381518e-09
2784.0 6.792018901688392e-09
2785.0 6.788900996995268e-09
2786.0 6.7857830923021446e-09
2787.0 6.782665187609019e-09
2788.0 6.7795472829158945e-09
2789.0 6.77642937822277e-09
2790.0 6.773311473529646e-09
2791.0 6.770193568836521e-09
2792.0 6.767075664143398e-09
2793.0 6.763957759450272e-09
2794.0 6.760839854757148e-09
2795.0 6.757721950064023e-09
2796.0 6.754604045370899e-09
2797.0 6.751486140677774e-09
2798.0 6.748368235984651e-09
2799.0 6.7452503312915235e-09
2800.0 6.7421324265984005e-09
2801.0 6.739014521905276e-09
2802.0 6.735896617212153e-09
2803.0 6.732778712519027e-09
2804.0 6.729660807825901e-09
2805.0 6.726542903132777e-09
2806.0 6.723424998439653e-09
2807.0 6.720307093746529e-09
2808.0 6.717189189053404e-09
2809.0 6.71407128436028e-09
2810.0 6.710953379667154e-09
2811.0 6.70783547497403e-09
2812.0 6.7047175702809065e-09
2813.0 6.701599665587783e-09
2814.0 6.6984817608946564e-09
2815.0 6.695363856201532e-09
2816.0 6.692245951508408e-09
2817.0 6.689128046815283e-09
2818.0 6.686010142122157e-09
2819.0 6.682892237429035e-09
2820.0 6.679774332735909e-09
2821.0 6.6766564280427864e-09
2822.0 6.67353852334966e-09
2823.0 6.670420618656536e-09
2824.0 6.6673027139634125e-09
2825.0 6.6641848092702854e-09
2826.0 6.6610669045771624e-09
2827.0 6.657948999884039e-09
2828.0 6.654831095190912e-09
2829.0 6.6517131904977885e-09
2830.0 6.648595285804663e-09
2831.0 6.645477381111539e-09
2832.0 6.6423594764184154e-09
2833.0 6.639241571725291e-09
2834.0 6.636123667032166e-09
2835.0 6.6330057623390415e-09
2836.0 6.629887857645916e-09
2837.0 6.626769952952792e-09
2838.0 6.6236520482596685e-09
2839.0 6.620534143566545e-09
2840.0 6.6174162388734175e-09
2841.0 6.614298334180294e-09
2842.0 6.61118042948717e-09
2843.0 6.608062524794045e-09
2844.0 6.60494462010092e-09
2845.0 6.601826715407796e-09
2846.0 6.5987088107146705e-09
2847.0 6.595590906021547e-09
2848.0 6.592473001328423e-09
2849.0 6.589355096635298e-09
2850.0 6.586237191942174e-09
2851.0 6.583119287249048e-09
2852.0 6.580001382555924e-09
2853.0 6.5768834778628006e-09
2854.0 6.573765573169676e-09
2855.0 6.5706476684765505e-09
2856.0 6.567529763783426e-09
2857.0 6.564411859090301e-09
2858.0 6.561293954397178e-09
2859.0 6.558176049704053e-09
2860.0 6.555058145010928e-09
2861.0 6.551940240317804e-09
2862.0 6.548822335624678e-09
2863.0 6.545704430931554e-09
2864.0 6.54258652623843e-09
2865.0 6.5394686215453066e-09
2866.0 6.5363507168521795e-09
2867.0 6.533232812159056e-09
2868.0 6.530114907465932e-09
2869.0 6.526997002772808e-09
2870.0 6.523879098079682e-09
2871.0 6.520761193386558e-09
2872.0 6.517643288693433e-09
2873.0 6.514525384000309e-09
2874.0 6.511407479307185e-09
2875.0 6.50828957461406e-09
2876.0 6.5051716699209356e-09
2877.0 6.502053765227812e-09
2878.0 6.4989358605346855e-09
2879.0 6.496030841371201e-09
2880.0 6.4932172416359694e-09
2881.0 6.490403641900739e-09
2882.0 6.487590042165508e-09
2883.0 6.484776442430279e-09
2884.0 6.481962842695047e-09
2885.0 6.479149242959816e-09
2886.0 6.476335643224585e-09
2887.0 6.4735220434893545e-09
2888.0 6.470708443754124e-09
2889.0 6.4678948440188935e-09
2890.0 6.465081244283664e-09
2891.0 6.462267644548433e-09
2892.0 6.459454044813202e-09
2893.0 6.4566404450779725e-09
2894.0 6.453826845342742e-09
2895.0 6.451013245607511e-09
2896.0 6.44819964587228e-09
2897.0 6.445386046137049e-09
2898.0 6.442572446401818e-09
2899.0 6.439758846666588e-09
2900.0 6.436945246931357e-09
2901.0 6.434131647196127e-09
2902.0 6.431318047460896e-09
2903.0 6.428504447725665e-09
2904.0 6.425690847990436e-09
2905.0 6.422877248255205e-09
2906.0 6.420063648519975e-09
2907.0 6.417250048784744e-09
2908.0 6.414436449049513e-09
2909.0 6.411622849314284e-09
2910.0 6.408809249579052e-09
2911.0 6.4059956498438215e-09
2912.0 6.40318205010859e-09
2913.0 6.400368450373359e-09
2914.0 6.397554850638129e-09
2915.0 6.394741250902899e-09
2916.0 6.391927651167668e-09
2917.0 6.389114051432438e-09
2918.0 6.3863004516972074e-09
2919.0 6.383486851961977e-09
2920.0 6.380673252226747e-09
2921.0 6.377859652491516e-09
2922.0 6.375046052756284e-09
2923.0 6.372232453021054e-09
2924.0 6.369418853285823e-09
2925.0 6.366605253550594e-09
2926.0 6.363791653815362e-09
2927.0 6.3609780540801315e-09
2928.0 6.358164454344902e-09
2929.0 6.3553508546096714e-09
2930.0 6.35253725487444e-09
2931.0 6.3497236551392105e-09
2932.0 6.34691005540398e-09
2933.0 6.344096455668749e-09
2934.0 6.3412828559335174e-09
2935.0 6.338469256198287e-09
2936.0 6.335655656463057e-09
2937.0 6.332842056727827e-09
2938.0 6.330028456992595e-09
2939.0 6.327214857257365e-09
2940.0 6.324401257522134e-09
2941.0 6.321587657786904e-09
2942.0 6.318774058051674e-09
2943.0 6.315960458316443e-09
2944.0 6.313146858581213e-09
2945.0 6.310333258845982e-09
2946.0 6.30751965911075e-09
2947.0 6.304706059375522e-09
2948.0 6.30189245964029e-09
2949.0 6.299078859905059e-09
2950.0 6.296265260169828e-09
2951.0 6.293451660434597e-09
2952.0 6.290638060699368e-09
2953.0 6.287824460964137e-09
2954.0 6.285010861228906e-09
2955.0 6.282197261493676e-09
2956.0 6.2793836617584454e-09
2957.0 6.276570062023215e-09
2958.0 6.273756462287985e-09
2959.0 6.270942862552754e-09
2960.0 6.2681292628175235e-09
2961.0 6.265315663082292e-09
2962.0 6.26250206334706e-09
2963.0 6.259688463611832e-09
2964.0 6.2568748638766e-09
2965.0 6.2540612641413695e-09
2966.0 6.251247664406139e-09
2967.0 6.2484340646709086e-09
2968.0 6.245620464935678e-09
2969.0 6.2428068652004485e-09
2970.0 6.239993265465217e-09
2971.0 6.2371796657299875e-09
2972.0 6.234366065994755e-09
2973.0 6.231552466259525e-09
2974.0 6.228738866524296e-09
2975.0 6.225925266789065e-09
2976.0 6.223111667053833e-09
2977.0 6.220298067318602e-09
2978.0 6.217484467583373e-09
2979.0 6.214670867848142e-09
2980.0 6.211857268112912e-09
2981.0 6.209043668377681e-09
2982.0 6.206230068642451e-09
2983.0 6.20341646890722e-09
2984.0 6.20060286917199e-09
2985.0 6.19778926943676e-09
2986.0 6.194975669701529e-09
2987.0 6.192162069966298e-09
2988.0 6.189348470231069e-09
2989.0 6.1865348704958366e-09
2990.0 6.183721270760607e-09
2991.0 6.180907671025375e-09
2992.0 6.178094071290144e-09
2993.0 6.175280471554914e-09
2994.0 6.172466871819683e-09
2995.0 6.169653272084453e-09
2996.0 6.166839672349223e-09
2997.0 6.164026072613992e-09
2998.0 6.161212472878762e-09
2999.0 6.15839887314353e-09
3000.0 6.155585273408301e-09
3001.0 6.15277167367307e-09
3002.0 6.149958073937839e-09
3003.0 6.1471444742026075e-09
3004.0 6.144330874467377e-09
3005.0 6.1415172747321466e-09
3006.0 6.138703674996917e-09
3007.0 6.1358900752616865e-09
3008.0 6.133076475526455e-09
3009.0 6.1302628757912255e-09
3010.0 6.127449276055995e-09
3011.0 6.1246356763207646e-09
3012.0 6.121822076585534e-09
3013.0 6.119008476850303e-09
3014.0 6.1161948771150715e-09
3015.0 6.113381277379842e-09
3016.0 6.110567677644611e-09
3017.0 6.10775407790938e-09
3018.0 6.10494047817415e-09
3019.0 6.102126878438918e-09
3020.0 6.099313278703689e-09
3021.0 6.096499678968458e-09
3022.0 6.093686079233227e-09
3023.0 6.090872479497997e-09
3024.0 6.088058879762767e-09
3025.0 6.0852452800275355e-09
3026.0 6.082431680292307e-09
3027.0 6.0796180805570746e-09
3028.0 6.076804480821845e-09
3029.0 6.073990881086613e-09
3030.0 6.0711772813513815e-09
3031.0 6.068363681616153e-09
3032.0 6.065550081880921e-09
3033.0 6.062736482145691e-09
3034.0 6.0599228824104605e-09
3035.0 6.05710928267523e-09
3036.0 6.05429568294e-09
3037.0 6.05148208320477e-09
3038.0 6.048668483469539e-09
3039.0 6.045854883734308e-09
3040.0 6.043041283999077e-09
3041.0 6.0402276842638455e-09
3042.0 6.037414084528617e-09
3043.0 6.0346004847933846e-09
3044.0 6.031786885058155e-09
3045.0 6.0289732853229245e-09
3046.0 6.026159685587693e-09
3047.0 6.0233460858524635e-09
3048.0 6.020532486117233e-09
3049.0 6.0177188863820026e-09
3050.0 6.014905286646772e-09
3051.0 6.01209168691154e-09
3052.0 6.009278087176311e-09
3053.0 6.00646448744108e-09
3054.0 6.003650887705849e-09
3055.0 6.000837287970618e-09
3056.0 5.998023688235388e-09
3057.0 5.995210088500156e-09
3058.0 5.992396488764927e-09
3059.0 5.989582889029697e-09
3060.0 5.986769289294466e-09
3061.0 5.983955689559235e-09
3062.0 5.981142089824005e-09
3063.0 5.9783284900887735e-09
3064.0 5.975514890353545e-09
3065.0 5.9727012906183126e-09
3066.0 5.969887690883082e-09
3067.0 5.967074091147851e-09
3068.0 5.96426049141262e-09
3069.0 5.96144689167739e-09
3070.0 5.958633291942159e-09
3071.0 5.95581969220693e-09
3072.0 5.9530060924716984e-09
3073.0 5.950192492736468e-09
3074.0 5.947378893001238e-09
3075.0 5.944565293266008e-09
3076.0 5.9417516935307766e-09
3077.0 5.938938093795546e-09
3078.0 5.936124494060315e-09
3079.0 5.9333108943250835e-09
3080.0 5.9304972945898555e-09
3081.0 5.9276836948546226e-09
3082.0 5.924870095119393e-09
3083.0 5.922056495384162e-09
3084.0 5.919242895648931e-09
3085.0 5.9164292959137015e-09
3086.0 5.913615696178471e-09
3087.0 5.91080209644324e-09
3088.0 5.90798849670801e-09
3089.0 5.90517489697278e-09
3090.0 5.902361297237549e-09
3091.0 5.899547697502318e-09
3092.0 5.896734097767087e-09
3093.0 5.893920498031856e-09
3094.0 5.891106898296626e-09
3095.0 5.888293298561394e-09
3096.0 5.885479698826165e-09
3097.0 5.882666099090934e-09
3098.0 5.879852499355704e-09
3099.0 5.877038899620473e-09
3100.0 5.874225299885243e-09
