2.0 1.6142717535498085e-06
3.0 2.1767014576202513e-06
4.0 2.704858448392796e-06
5.0 3.1967359151759687e-06
6.0 3.6552828818339167e-06
7.0 4.08373101101996e-06
8.0 4.4708070680662586e-06
9.0 4.838388625357064e-06
10.0 5.16751528611733e-06
11.0 5.479196245111892e-06
12.0 5.765720214549981e-06
13.0 6.014891628980097e-06
14.0 6.256905155073228e-06
15.0 6.4817006319729795e-06
16.0 6.668877818163675e-06
17.0 6.845441339179099e-06
18.0 7.015845960884581e-06
19.0 7.164581128987237e-06
20.0 7.290089326565795e-06
21.0 7.398145388253804e-06
22.0 7.503658246704762e-06
23.0 7.60672186774333e-06
24.0 7.678663473193193e-06
25.0 7.743441095269485e-06
26.0 7.78415110990819e-06
27.0 7.824344977974875e-06
28.0 7.861641100525367e-06
29.0 7.89665918397245e-06
30.0 7.90656665742841e-06
31.0 7.916474130884371e-06
32.0 7.900448854028743e-06
33.0 7.880056501574863e-06
34.0 7.858539879614987e-06
35.0 7.835687478534321e-06
36.0 7.812835077453653e-06
37.0 7.777501345642698e-06
38.0 7.740358107644028e-06
39.0 7.70108149863038e-06
40.0 7.640429008952603e-06
41.0 7.579776519274825e-06
42.0 7.518948744256494e-06
43.0 7.4564271652863705e-06
44.0 7.3939055863162476e-06
45.0 7.331384007346125e-06
46.0 7.266867969021503e-06
47.0 7.202043257052698e-06
48.0 7.1372185450838925e-06
49.0 7.07022736721759e-06
50.0 6.9998412283110275e-06
51.0 6.929455089404468e-06
52.0 6.859068950497905e-06
53.0 6.788371946562919e-06
54.0 6.717504113675859e-06
55.0 6.646636280788799e-06
56.0 6.575768447901739e-06
57.0 6.506180485106447e-06
58.0 6.437401318418905e-06
59.0 6.368622151731362e-06
60.0 6.29984298504382e-06
61.0 6.232909533994492e-06
62.0 6.17097719907453e-06
63.0 6.109044864154569e-06
64.0 6.047112529234608e-06
65.0 5.985180194314646e-06
66.0 5.924121155665285e-06
67.0 5.863664374967448e-06
68.0 5.803207594269612e-06
69.0 5.7427508135717765e-06
70.0 5.682294032873939e-06
71.0 5.6229359210356365e-06
72.0 5.5644629635071435e-06
73.0 5.505990005978652e-06
74.0 5.44751704845016e-06
75.0 5.3890440909216685e-06
76.0 5.33167256572569e-06
77.0 5.2818225090024625e-06
78.0 5.231972452279237e-06
79.0 5.182122395556009e-06
80.0 5.132272338832783e-06
81.0 5.082422282109557e-06
82.0 5.033319898196096e-06
83.0 4.9861051659134424e-06
84.0 4.938890433630789e-06
85.0 4.8916757013481356e-06
86.0 4.844460969065482e-06
87.0 4.797246236782828e-06
88.0 4.750031504500175e-06
89.0 4.704055306195212e-06
90.0 4.6580921775747206e-06
91.0 4.612129048954228e-06
92.0 4.566165920333737e-06
93.0 4.520202791713244e-06
94.0 4.4742396630927525e-06
95.0 4.429801014970596e-06
96.0 4.391076652046601e-06
97.0 4.3523522891226056e-06
98.0 4.313627926198612e-06
99.0 4.274903563274617e-06
100.0 4.2361792003506235e-06
101.0 4.197454837426628e-06
102.0 4.1587304745026335e-06
103.0 4.122821886760567e-06
104.0 4.087193498080007e-06
105.0 4.051565109399447e-06
106.0 4.015936720718886e-06
107.0 3.980308332038327e-06
108.0 3.944679943357767e-06
109.0 3.909051554677207e-06
110.0 3.8734612860467035e-06
111.0 3.838661087323885e-06
112.0 3.8038608886010683e-06
113.0 3.7690606898782496e-06
114.0 3.734260491155433e-06
115.0 3.6994602924326147e-06
116.0 3.6646600937097977e-06
117.0 3.6298598949869795e-06
118.0 3.5950596962641633e-06
119.0 3.5635093428972024e-06
120.0 3.534342618744026e-06
121.0 3.50517589459085e-06
122.0 3.476009170437674e-06
123.0 3.446842446284498e-06
124.0 3.417675722131321e-06
125.0 3.388508997978145e-06
126.0 3.3593422738249687e-06
127.0 3.3301755496717925e-06
128.0 3.3025716459047763e-06
129.0 3.2768366555140615e-06
130.0 3.2511016651233467e-06
131.0 3.225366674732632e-06
132.0 3.199631684341917e-06
133.0 3.173896693951202e-06
134.0 3.148161703560487e-06
135.0 3.122426713169772e-06
136.0 3.096691722779057e-06
137.0 3.0709567323883427e-06
138.0 3.0455495440143145e-06
139.0 3.02033376426006e-06
140.0 2.995117984505805e-06
141.0 2.969902204751551e-06
142.0 2.944686424997296e-06
143.0 2.9194706452430403e-06
144.0 2.8942548654887863e-06
145.0 2.869039085734532e-06
146.0 2.8438233059802767e-06
147.0 2.8186075262260223e-06
148.0 2.793602051557399e-06
149.0 2.7725426255284398e-06
150.0 2.75148319949948e-06
151.0 2.73042377347052e-06
152.0 2.70936434744156e-06
153.0 2.6883049214126005e-06
154.0 2.667245495383641e-06
155.0 2.646186069354681e-06
156.0 2.6251266433257213e-06
157.0 2.6040672172967616e-06
158.0 2.5830077912678023e-06
159.0 2.561948365238842e-06
160.0 2.5431595768189885e-06
161.0 2.525567443068977e-06
162.0 2.5079753093189647e-06
163.0 2.490383175568953e-06
164.0 2.472791041818941e-06
165.0 2.455198908068929e-06
166.0 2.4376067743189176e-06
167.0 2.4200146405689057e-06
168.0 2.4024225068188943e-06
169.0 2.384830373068882e-06
170.0 2.36723823931887e-06
171.0 2.3496461055688578e-06
172.0 2.332188248200581e-06
173.0 2.3149481775028147e-06
174.0 2.2977081068050472e-06
175.0 2.28046803610728e-06
176.0 2.263227965409514e-06
177.0 2.2459878947117462e-06
178.0 2.22874782401398e-06
179.0 2.211507753316213e-06
180.0 2.194267682618446e-06
181.0 2.177027611920679e-06
182.0 2.1597875412229125e-06
183.0 2.1425474705251455e-06
184.0 2.1253073998273785e-06
185.0 2.1085117206818784e-06
186.0 2.094005257618748e-06
187.0 2.0794987945556183e-06
188.0 2.064992331492488e-06
189.0 2.050485868429358e-06
190.0 2.0359794053662285e-06
191.0 2.0214729423030992e-06
192.0 2.0069664792399687e-06
193.0 1.992460016176839e-06
194.0 1.977953553113709e-06
195.0 1.9634470900505798e-06
196.0 1.948940626987449e-06
197.0 1.93443416392432e-06
198.0 1.9199277008611887e-06
199.0 1.90542123779806e-06
200.0 1.893803347911106e-06
201.0 1.882417778626261e-06
202.0 1.8710322093414157e-06
203.0 1.8596466400565707e-06
204.0 1.8482610707717258e-06
205.0 1.8368755014868808e-06
206.0 1.8254899322020358e-06
207.0 1.8141043629171902e-06
208.0 1.8027187936323448e-06
209.0 1.7913332243474999e-06
210.0 1.7799476550626549e-06
211.0 1.7685620857778095e-06
212.0 1.7571765164929645e-06
213.0 1.7457909472081191e-06
214.0 1.7344053779232742e-06
215.0 1.723176173330914e-06
216.0 1.7120547535479053e-06
217.0 1.7009333337648976e-06
218.0 1.689811913981889e-06
219.0 1.6786904941988814e-06
220.0 1.6675690744158732e-06
221.0 1.6564476546328653e-06
222.0 1.645326234849857e-06
223.0 1.6342048150668489e-06
224.0 1.623083395283841e-06
225.0 1.6119619755008328e-06
226.0 1.6008405557178247e-06
227.0 1.5897191359348161e-06
228.0 1.5785977161518084e-06
229.0 1.5674762963688003e-06
230.0 1.5563548765857926e-06
231.0 1.545358428565611e-06
232.0 1.535853967867054e-06
233.0 1.5263495071684975e-06
234.0 1.516845046469941e-06
235.0 1.5073405857713841e-06
236.0 1.4978361250728276e-06
237.0 1.488331664374271e-06
238.0 1.4788272036757142e-06
239.0 1.4693227429771575e-06
240.0 1.4598182822786008e-06
241.0 1.4503138215800443e-06
242.0 1.4408093608814874e-06
243.0 1.4313049001829313e-06
244.0 1.4218004394843744e-06
245.0 1.4122959787858175e-06
246.0 1.4027915180872612e-06
247.0 1.3932870573887043e-06
248.0 1.3837825966901478e-06
249.0 1.375004787219823e-06
250.0 1.368000955068923e-06
251.0 1.3609971229180227e-06
252.0 1.3539932907671223e-06
253.0 1.3469894586162225e-06
254.0 1.339985626465322e-06
255.0 1.3329817943144222e-06
256.0 1.325977962163522e-06
257.0 1.318974130012622e-06
258.0 1.3119702978617218e-06
259.0 1.304966465710822e-06
260.0 1.2979626335599216e-06
261.0 1.2909588014090216e-06
262.0 1.2839549692581216e-06
263.0 1.2769511371072214e-06
264.0 1.2699473049563213e-06
265.0 1.2629434728054213e-06
266.0 1.255939640654521e-06
267.0 1.248935808503621e-06
268.0 1.2419614115030194e-06
269.0 1.235177449043968e-06
270.0 1.2283934865849165e-06
271.0 1.221609524125865e-06
272.0 1.2148255616668134e-06
273.0 1.2080415992077619e-06
274.0 1.2012576367487105e-06
275.0 1.1944736742896592e-06
276.0 1.1876897118306074e-06
277.0 1.1809057493715559e-06
278.0 1.1741217869125043e-06
279.0 1.167337824453453e-06
280.0 1.1605538619944012e-06
281.0 1.1537698995353494e-06
282.0 1.1469859370762979e-06
283.0 1.1402019746172467e-06
284.0 1.1334180121581952e-06
285.0 1.1266340496991436e-06
286.0 1.119850087240092e-06
287.0 1.1130661247810403e-06
288.0 1.106282162321989e-06
289.0 1.0999311541970279e-06
290.0 1.0940102905961641e-06
291.0 1.0880894269953001e-06
292.0 1.0821685633944357e-06
293.0 1.0762476997935715e-06
294.0 1.0703268361927077e-06
295.0 1.064405972591843e-06
296.0 1.058485108990979e-06
297.0 1.0525642453901149e-06
298.0 1.0466433817892507e-06
299.0 1.0407225181883871e-06
300.0 1.034801654587523e-06
301.0 1.0288807909866587e-06
302.0 1.0229599273857945e-06
303.0 1.0170390637849305e-06
304.0 1.0111182001840663e-06
305.0 1.0051973365832019e-06
306.0 9.992764729823379e-07
307.0 9.93355609381474e-07
308.0 9.874347457806095e-07
309.0 9.815138821797457e-07
310.0 9.755930185788817e-07
311.0 9.701696742445127e-07
312.0 9.66024447555636e-07
313.0 9.618792208667593e-07
314.0 9.577339941778829e-07
315.0 9.535887674890062e-07
316.0 9.494435408001295e-07
317.0 9.45298314111253e-07
318.0 9.411530874223764e-07
319.0 9.370078607335e-07
320.0 9.328626340446232e-07
321.0 9.287174073557467e-07
322.0 9.245721806668699e-07
323.0 9.204269539779934e-07
324.0 9.162817272891168e-07
325.0 9.121365006002399e-07
326.0 9.079912739113636e-07
327.0 9.038460472224871e-07
328.0 8.997008205336106e-07
329.0 8.955555938447338e-07
330.0 8.914103671558571e-07
331.0 8.872651404669805e-07
332.0 8.831199137781038e-07
333.0 8.789746870892273e-07
334.0 8.748294604003508e-07
335.0 8.707542933777276e-07
336.0 8.668108736237395e-07
337.0 8.628674538697511e-07
338.0 8.58924034115763e-07
339.0 8.549806143617748e-07
340.0 8.510371946077868e-07
341.0 8.470937748537988e-07
342.0 8.431503550998106e-07
343.0 8.392069353458224e-07
344.0 8.352635155918344e-07
345.0 8.313200958378463e-07
346.0 8.273766760838581e-07
347.0 8.234332563298698e-07
348.0 8.194898365758816e-07
349.0 8.155464168218936e-07
350.0 8.116029970679054e-07
351.0 8.076595773139173e-07
352.0 8.037161575599292e-07
353.0 7.997727378059411e-07
354.0 7.958293180519529e-07
355.0 7.918858982979649e-07
356.0 7.879424785439767e-07
357.0 7.839990587899886e-07
358.0 7.800556390360005e-07
359.0 7.761122192820123e-07
360.0 7.721687995280242e-07
361.0 7.684671609021041e-07
362.0 7.649473963707245e-07
363.0 7.61427631839345e-07
364.0 7.579078673079653e-07
365.0 7.543881027765856e-07
366.0 7.508683382452061e-07
367.0 7.473485737138266e-07
368.0 7.438288091824471e-07
369.0 7.403090446510673e-07
370.0 7.367892801196876e-07
371.0 7.332695155883081e-07
372.0 7.297497510569285e-07
373.0 7.26229986525549e-07
374.0 7.227102219941693e-07
375.0 7.191904574627897e-07
376.0 7.156706929314101e-07
377.0 7.121509284000304e-07
378.0 7.086311638686509e-07
379.0 7.051113993372712e-07
380.0 7.015916348058917e-07
381.0 6.980718702745121e-07
382.0 6.945521057431325e-07
383.0 6.910323412117529e-07
384.0 6.875125766803733e-07
385.0 6.839928121489936e-07
386.0 6.804730476176141e-07
387.0 6.769532830862346e-07
388.0 6.73433518554855e-07
389.0 6.708379533498023e-07
390.0 6.684608330793499e-07
391.0 6.660837128088975e-07
392.0 6.63706592538445e-07
393.0 6.613294722679925e-07
394.0 6.589523519975401e-07
395.0 6.565752317270877e-07
396.0 6.541981114566352e-07
397.0 6.518209911861828e-07
398.0 6.494438709157304e-07
399.0 6.470667506452779e-07
400.0 6.446896303748253e-07
401.0 6.42312510104373e-07
402.0 6.399353898339207e-07
403.0 6.375582695634682e-07
404.0 6.351811492930157e-07
405.0 6.328040290225633e-07
406.0 6.304269087521108e-07
407.0 6.280497884816582e-07
408.0 6.256726682112059e-07
409.0 6.232955479407535e-07
410.0 6.209184276703011e-07
411.0 6.185413073998486e-07
412.0 6.161641871293962e-07
413.0 6.137870668589437e-07
414.0 6.114099465884911e-07
415.0 6.090328263180388e-07
416.0 6.066557060475864e-07
417.0 6.042785857771339e-07
418.0 6.019014655066815e-07
419.0 5.996865359854564e-07
420.0 5.974879212415339e-07
421.0 5.952893064976118e-07
422.0 5.930906917536896e-07
423.0 5.908920770097674e-07
424.0 5.886934622658452e-07
425.0 5.864948475219229e-07
426.0 5.842962327780008e-07
427.0 5.820976180340785e-07
428.0 5.798990032901564e-07
429.0 5.77700388546234e-07
430.0 5.75501773802312e-07
431.0 5.733031590583897e-07
432.0 5.711045443144674e-07
433.0 5.689059295705453e-07
434.0 5.667073148266229e-07
435.0 5.645087000827009e-07
436.0 5.623100853387786e-07
437.0 5.601114705948565e-07
438.0 5.579128558509342e-07
439.0 5.557142411070119e-07
440.0 5.535156263630898e-07
441.0 5.513170116191675e-07
442.0 5.491183968752454e-07
443.0 5.469197821313231e-07
444.0 5.447211673874009e-07
445.0 5.425225526434787e-07
446.0 5.403239378995565e-07
447.0 5.381253231556343e-07
448.0 5.35926708411712e-07
449.0 5.337280936677899e-07
450.0 5.315294789238676e-07
451.0 5.294660580603461e-07
452.0 5.274591171269403e-07
453.0 5.254521761935349e-07
454.0 5.234452352601292e-07
455.0 5.214382943267237e-07
456.0 5.19431353393318e-07
457.0 5.174244124599125e-07
458.0 5.154174715265069e-07
459.0 5.134105305931013e-07
460.0 5.114035896596957e-07
461.0 5.093966487262901e-07
462.0 5.073897077928845e-07
463.0 5.053827668594788e-07
464.0 5.033758259260733e-07
465.0 5.013688849926675e-07
466.0 4.993619440592621e-07
467.0 4.973550031258565e-07
468.0 4.953480621924509e-07
469.0 4.933411212590453e-07
470.0 4.913341803256398e-07
471.0 4.89327239392234e-07
472.0 4.873202984588286e-07
473.0 4.853133575254229e-07
474.0 4.833064165920171e-07
475.0 4.812994756586117e-07
476.0 4.792925347252061e-07
477.0 4.772855937918005e-07
478.0 4.7527865285839493e-07
479.0 4.732717119249893e-07
480.0 4.712647709915836e-07
481.0 4.6925783005817816e-07
482.0 4.6725088912477245e-07
483.0 4.6524394819136685e-07
484.0 4.6323700725796135e-07
485.0 4.612446727235098e-07
486.0 4.599132456378185e-07
487.0 4.5858181855212715e-07
488.0 4.5725039146643593e-07
489.0 4.5591896438074467e-07
490.0 4.545875372950535e-07
491.0 4.5325611020936213e-07
492.0 4.5192468312367076e-07
493.0 4.505932560379795e-07
494.0 4.4926182895228823e-07
495.0 4.479304018665969e-07
496.0 4.4659897478090564e-07
497.0 4.4526754769521427e-07
498.0 4.439361206095231e-07
499.0 4.4260469352383173e-07
500.0 4.4127326643814047e-07
501.0 4.3994183935244925e-07
502.0 4.386104122667579e-07
503.0 4.372789851810666e-07
504.0 4.3594755809537535e-07
505.0 4.3461613100968397e-07
506.0 4.332847039239927e-07
507.0 4.319532768383015e-07
508.0 4.306218497526101e-07
509.0 4.292904226669189e-07
510.0 4.279589955812276e-07
511.0 4.266275684955362e-07
512.0 4.25296141409845e-07
513.0 4.239647143241537e-07
514.0 4.226332872384624e-07
515.0 4.213018601527711e-07
516.0 4.1997043306707977e-07
517.0 4.186390059813885e-07
518.0 4.1730757889569724e-07
519.0 4.15976151810006e-07
520.0 4.146447247243147e-07
521.0 4.1331329763862344e-07
522.0 4.119818705529321e-07
523.0 4.1074783302795756e-07
524.0 4.0956254487761257e-07
525.0 4.083772567272674e-07
526.0 4.071919685769224e-07
527.0 4.060066804265773e-07
528.0 4.048213922762322e-07
529.0 4.0363610412588713e-07
530.0 4.0245081597554203e-07
531.0 4.012655278251969e-07
532.0 4.000802396748519e-07
533.0 3.9889495152450674e-07
534.0 3.9770966337416174e-07
535.0 3.965243752238166e-07
536.0 3.953390870734715e-07
537.0 3.941537989231264e-07
538.0 3.9296851077278135e-07
539.0 3.917832226224362e-07
540.0 3.9059793447209115e-07
541.0 3.894126463217461e-07
542.0 3.882273581714009e-07
543.0 3.870420700210559e-07
544.0 3.858567818707108e-07
545.0 3.846714937203657e-07
546.0 3.834862055700206e-07
547.0 3.8230091741967546e-07
548.0 3.811156292693304e-07
549.0 3.799303411189853e-07
550.0 3.7874505296864033e-07
551.0 3.7755976481829523e-07
552.0 3.763744766679501e-07
553.0 3.7518918851760503e-07
554.0 3.7400390036725993e-07
555.0 3.7281861221691473e-07
556.0 3.7163332406656974e-07
557.0 3.704480359162247e-07
558.0 3.6926274776587954e-07
559.0 3.6807745961553433e-07
560.0 3.668921714651893e-07
561.0 3.657068833148443e-07
562.0 3.6452159516449925e-07
563.0 3.633725507027515e-07
564.0 3.622707834563031e-07
565.0 3.611690162098547e-07
566.0 3.6006724896340616e-07
567.0 3.589654817169577e-07
568.0 3.578637144705093e-07
569.0 3.5676194722406075e-07
570.0 3.5566017997761235e-07
571.0 3.545584127311639e-07
572.0 3.5345664548471545e-07
573.0 3.5235487823826705e-07
574.0 3.5125311099181854e-07
575.0 3.501513437453701e-07
576.0 3.4904957649892164e-07
577.0 3.479478092524732e-07
578.0 3.4684604200602473e-07
579.0 3.457442747595763e-07
580.0 3.4464250751312783e-07
581.0 3.4354074026667943e-07
582.0 3.4243897302023093e-07
583.0 3.413372057737825e-07
584.0 3.4023543852733397e-07
585.0 3.391336712808856e-07
586.0 3.380319040344371e-07
587.0 3.369301367879887e-07
588.0 3.358283695415402e-07
589.0 3.3472660229509176e-07
590.0 3.336248350486433e-07
591.0 3.3252306780219486e-07
592.0 3.3142130055574635e-07
593.0 3.303195333092979e-07
594.0 3.2921776606284945e-07
595.0 3.28115998816401e-07
596.0 3.270142315699525e-07
597.0 3.259124643235041e-07
598.0 3.2481069707705564e-07
599.0 3.237089298306072e-07
600.0 3.2260716258415874e-07
601.0 3.2150539533771034e-07
602.0 3.2040362809126183e-07
603.0 3.193018608448134e-07
604.0 3.182000935983649e-07
605.0 3.1709832635191653e-07
606.0 3.160343105362636e-07
607.0 3.153005178055104e-07
608.0 3.1456672507475714e-07
609.0 3.138329323440039e-07
610.0 3.130991396132507e-07
611.0 3.1236534688249736e-07
612.0 3.1163155415174406e-07
613.0 3.108977614209909e-07
614.0 3.101639686902377e-07
615.0 3.0943017595948444e-07
616.0 3.086963832287311e-07
617.0 3.0796259049797785e-07
618.0 3.072287977672246e-07
619.0 3.0649500503647137e-07
620.0 3.057612123057181e-07
621.0 3.0502741957496483e-07
622.0 3.042936268442116e-07
623.0 3.0355983411345835e-07
624.0 3.028260413827051e-07
625.0 3.020922486519519e-07
626.0 3.0135845592119857e-07
627.0 3.0062466319044533e-07
628.0 2.998908704596921e-07
629.0 2.9915707772893884e-07
630.0 2.984232849981856e-07
631.0 2.976894922674323e-07
632.0 2.969556995366791e-07
633.0 2.962219068059258e-07
634.0 2.9548811407517263e-07
635.0 2.947543213444193e-07
636.0 2.9402052861366604e-07
637.0 2.932867358829128e-07
638.0 2.925529431521596e-07
639.0 2.9181915042140627e-07
640.0 2.910853576906531e-07
641.0 2.903515649598998e-07
642.0 2.896177722291465e-07
643.0 2.888839794983933e-07
644.0 2.881501867676401e-07
645.0 2.874163940368868e-07
646.0 2.866826013061335e-07
647.0 2.8594880857538033e-07
648.0 2.8521501584462703e-07
649.0 2.844812231138738e-07
650.0 2.837474303831205e-07
651.0 2.830136376523673e-07
652.0 2.8227984492161396e-07
653.0 2.8159468320085355e-07
654.0 2.809730306598816e-07
655.0 2.803513781189097e-07
656.0 2.797297255779378e-07
657.0 2.79108073036966e-07
658.0 2.7848642049599405e-07
659.0 2.778647679550222e-07
660.0 2.7724311541405033e-07
661.0 2.7662146287307837e-07
662.0 2.7599981033210657e-07
663.0 2.7537815779113466e-07
664.0 2.747565052501628e-07
665.0 2.741348527091909e-07
666.0 2.7351320016821903e-07
667.0 2.7289154762724717e-07
668.0 2.722698950862753e-07
669.0 2.716482425453034e-07
670.0 2.710265900043315e-07
671.0 2.7040493746335963e-07
672.0 2.6978328492238767e-07
673.0 2.6916163238141587e-07
674.0 2.68539979840444e-07
675.0 2.679183272994721e-07
676.0 2.6729667475850024e-07
677.0 2.6667502221752833e-07
678.0 2.6605336967655647e-07
679.0 2.6543171713558456e-07
680.0 2.648100645946127e-07
681.0 2.6418841205364084e-07
682.0 2.635667595126689e-07
683.0 2.629451069716971e-07
684.0 2.623234544307252e-07
685.0 2.617018018897533e-07
686.0 2.610801493487814e-07
687.0 2.6045849680780954e-07
688.0 2.5983684426683763e-07
689.0 2.5921519172586577e-07
690.0 2.585935391848939e-07
691.0 2.57971886643922e-07
692.0 2.573502341029501e-07
693.0 2.5672858156197823e-07
694.0 2.561069290210064e-07
695.0 2.554852764800345e-07
696.0 2.548636239390626e-07
697.0 2.5424197139809075e-07
698.0 2.5362031885711884e-07
699.0 2.52998666316147e-07
700.0 2.5237701377517507e-07
701.0 2.517553612342032e-07
702.0 2.511337086932313e-07
703.0 2.5051780972702377e-07
704.0 2.499299852440682e-07
705.0 2.4934216076111266e-07
706.0 2.4875433627815705e-07
707.0 2.481665117952015e-07
708.0 2.4757868731224594e-07
709.0 2.4699086282929033e-07
710.0 2.4640303834633477e-07
711.0 2.458152138633792e-07
712.0 2.452273893804236e-07
713.0 2.4463956489746805e-07
714.0 2.440517404145125e-07
715.0 2.434639159315569e-07
716.0 2.4287609144860127e-07
717.0 2.422882669656457e-07
718.0 2.4170044248269016e-07
719.0 2.411126179997346e-07
720.0 2.40524793516779e-07
721.0 2.3993696903382343e-07
722.0 2.393491445508679e-07
723.0 2.3876132006791227e-07
724.0 2.3817349558495674e-07
725.0 2.3758567110200116e-07
726.0 2.3699784661904555e-07
727.0 2.3641002213609e-07
728.0 2.358221976531344e-07
729.0 2.352343731701788e-07
730.0 2.3464654868722324e-07
731.0 2.3405872420426768e-07
732.0 2.334708997213121e-07
733.0 2.328830752383565e-07
734.0 2.322952507554009e-07
735.0 2.3170742627244535e-07
736.0 2.311196017894898e-07
737.0 2.3053177730653418e-07
738.0 2.2994395282357865e-07
739.0 2.293561283406231e-07
740.0 2.287683038576675e-07
741.0 2.281804793747119e-07
742.0 2.275926548917563e-07
743.0 2.270048304088008e-07
744.0 2.2641700592584518e-07
745.0 2.258291814428896e-07
746.0 2.25241356959934e-07
747.0 2.2465353247697848e-07
748.0 2.240657079940229e-07
749.0 2.234778835110673e-07
750.0 2.228900590281117e-07
751.0 2.2230223454515615e-07
752.0 2.2171441006220054e-07
753.0 2.2112658557924496e-07
754.0 2.2053876109628946e-07
755.0 2.1995093661333385e-07
756.0 2.1936311213037824e-07
757.0 2.1878193123770605e-07
758.0 2.18384046556891e-07
759.0 2.1798616187607602e-07
760.0 2.1758827719526087e-07
761.0 2.1719039251444588e-07
762.0 2.1679250783363086e-07
763.0 2.1639462315281576e-07
764.0 2.159967384720008e-07
765.0 2.1559885379118576e-07
766.0 2.1520096911037069e-07
767.0 2.1480308442955564e-07
768.0 2.1440519974874068e-07
769.0 2.140073150679256e-07
770.0 2.136094303871105e-07
771.0 2.1321154570629552e-07
772.0 2.1281366102548045e-07
773.0 2.1241577634466538e-07
774.0 2.120178916638504e-07
775.0 2.116200069830353e-07
776.0 2.1122212230222033e-07
777.0 2.1082423762140526e-07
778.0 2.1042635294059019e-07
779.0 2.100284682597752e-07
780.0 2.096305835789601e-07
781.0 2.0923269889814513e-07
782.0 2.0883481421733006e-07
783.0 2.0843692953651505e-07
784.0 2.080390448557e-07
785.0 2.0764116017488496e-07
786.0 2.0724327549406991e-07
787.0 2.0684539081325487e-07
788.0 2.0644750613243985e-07
789.0 2.060496214516248e-07
790.0 2.0565173677080977e-07
791.0 2.0525385208999472e-07
792.0 2.0485596740917968e-07
793.0 2.0445808272836466e-07
794.0 2.0406019804754962e-07
795.0 2.0366231336673452e-07
796.0 2.0326442868591953e-07
797.0 2.0286654400510448e-07
798.0 2.0246865932428947e-07
799.0 2.0207077464347442e-07
800.0 2.0167288996265933e-07
801.0 2.0127500528184434e-07
802.0 2.008771206010293e-07
803.0 2.0047923592021425e-07
804.0 2.0008135123939923e-07
805.0 1.9968346655858413e-07
806.0 1.9928558187776914e-07
807.0 1.988876971969541e-07
808.0 1.9848981251613906e-07
809.0 1.9809192783532399e-07
810.0 1.9769404315450894e-07
811.0 1.9729615847369395e-07
812.0 1.968982737928789e-07
813.0 1.9650038911206386e-07
814.0 1.961025044312488e-07
815.0 1.9570461975043375e-07
816.0 1.9536380205162414e-07
817.0 1.9504407593584093e-07
818.0 1.9472434982005766e-07
819.0 1.9440462370427442e-07
820.0 1.940848975884912e-07
821.0 1.9376517147270789e-07
822.0 1.9344544535692467e-07
823.0 1.931257192411414e-07
824.0 1.9280599312535816e-07
825.0 1.924862670095749e-07
826.0 1.9216654089379168e-07
827.0 1.918468147780084e-07
828.0 1.9152708866222515e-07
829.0 1.912073625464419e-07
830.0 1.9088763643065861e-07
831.0 1.905679103148754e-07
832.0 1.9024818419909216e-07
833.0 1.8992845808330892e-07
834.0 1.8960873196752568e-07
835.0 1.8928900585174238e-07
836.0 1.8896927973595914e-07
837.0 1.886495536201759e-07
838.0 1.8832982750439264e-07
839.0 1.8801010138860942e-07
840.0 1.8769037527282613e-07
841.0 1.873706491570429e-07
842.0 1.8705092304125965e-07
843.0 1.867311969254764e-07
844.0 1.8641147080969317e-07
845.0 1.8609174469390987e-07
846.0 1.8577201857812666e-07
847.0 1.8545229246234336e-07
848.0 1.8513256634656007e-07
849.0 1.8481284023077688e-07
850.0 1.844931141149936e-07
851.0 1.8417338799921038e-07
852.0 1.838536618834271e-07
853.0 1.8353393576764387e-07
854.0 1.832142096518606e-07
855.0 1.8289448353607733e-07
856.0 1.8257475742029407e-07
857.0 1.8225503130451085e-07
858.0 1.819353051887276e-07
859.0 1.8161557907294432e-07
860.0 1.812958529571611e-07
861.0 1.8097612684137786e-07
862.0 1.8065640072559462e-07
863.0 1.8033667460981138e-07
864.0 1.800169484940281e-07
865.0 1.7969722237824485e-07
866.0 1.7937749626246155e-07
867.0 1.7905777014667834e-07
868.0 1.7873804403089513e-07
869.0 1.7841831791511183e-07
870.0 1.780985917993286e-07
871.0 1.777788656835453e-07
872.0 1.7745913956776206e-07
873.0 1.7713941345197882e-07
874.0 1.7681968733619558e-07
875.0 1.7649996122041236e-07
876.0 1.7618023510462907e-07
877.0 1.7586050898884585e-07
878.0 1.7554078287306256e-07
879.0 1.752342451611586e-07
880.0 1.7492863318453937e-07
881.0 1.7462302120792016e-07
882.0 1.7431740923130094e-07
883.0 1.7401179725468175e-07
884.0 1.7370618527806256e-07
885.0 1.7340057330144332e-07
886.0 1.730949613248241e-07
887.0 1.727893493482049e-07
888.0 1.7248373737158567e-07
889.0 1.7217812539496643e-07
890.0 1.7187251341834727e-07
891.0 1.7156690144172805e-07
892.0 1.7126128946510884e-07
893.0 1.7095567748848962e-07
894.0 1.7065006551187038e-07
895.0 1.703444535352512e-07
896.0 1.7003884155863198e-07
897.0 1.697332295820128e-07
898.0 1.6942761760539355e-07
899.0 1.6912200562877436e-07
900.0 1.6881639365215517e-07
901.0 1.6851078167553593e-07
902.0 1.682051696989167e-07
903.0 1.6789955772229752e-07
904.0 1.675939457456783e-07
905.0 1.6728833376905912e-07
906.0 1.669827217924399e-07
907.0 1.6667710981582066e-07
908.0 1.6637149783920144e-07
909.0 1.6606588586258225e-07
910.0 1.6576027388596307e-07
911.0 1.6545466190934385e-07
912.0 1.651490499327246e-07
913.0 1.648434379561054e-07
914.0 1.6453782597948618e-07
915.0 1.6423221400286696e-07
916.0 1.6392660202624777e-07
917.0 1.6362099004962856e-07
918.0 1.6331537807300934e-07
919.0 1.6300976609639013e-07
920.0 1.627041541197709e-07
921.0 1.623985421431517e-07
922.0 1.6209293016653248e-07
923.0 1.617873181899133e-07
924.0 1.6148170621329407e-07
925.0 1.6117609423667483e-07
926.0 1.6087048226005564e-07
927.0 1.6056487028343643e-07
928.0 1.6025925830681719e-07
929.0 1.59953646330198e-07
930.0 1.596480343535788e-07
931.0 1.5934242237695962e-07
932.0 1.5903681040034038e-07
933.0 1.5873119842372114e-07
934.0 1.5842558644710195e-07
935.0 1.5811997447048273e-07
936.0 1.5781436249386352e-07
937.0 1.5750875051724433e-07
938.0 1.5720313854062508e-07
939.0 1.568975265640059e-07
940.0 1.5659191458738668e-07
941.0 1.5628630261076744e-07
942.0 1.5598069063414825e-07
943.0 1.5567507865752903e-07
944.0 1.5536946668090984e-07
945.0 1.5506385470429066e-07
946.0 1.5478581025262516e-07
947.0 1.545715209268983e-07
948.0 1.543572316011715e-07
949.0 1.5414294227544464e-07
950.0 1.5392865294971778e-07
951.0 1.5371436362399098e-07
952.0 1.535000742982641e-07
953.0 1.5328578497253726e-07
954.0 1.5307149564681038e-07
955.0 1.5285720632108354e-07
956.0 1.5264291699535674e-07
957.0 1.5242862766962988e-07
958.0 1.5221433834390302e-07
959.0 1.520000490181762e-07
960.0 1.517857596924493e-07
961.0 1.5157147036672248e-07
962.0 1.5135718104099565e-07
963.0 1.5114289171526881e-07
964.0 1.5092860238954196e-07
965.0 1.5071431306381512e-07
966.0 1.5050002373808827e-07
967.0 1.502857344123614e-07
968.0 1.5007144508663458e-07
969.0 1.4985715576090775e-07
970.0 1.4964286643518091e-07
971.0 1.4942857710945403e-07
972.0 1.4921428778372722e-07
973.0 1.4899999845800034e-07
974.0 1.487857091322735e-07
975.0 1.4857141980654665e-07
976.0 1.4835713048081982e-07
977.0 1.4814284115509296e-07
978.0 1.4792855182936613e-07
979.0 1.4771426250363927e-07
980.0 1.4749997317791244e-07
981.0 1.4728568385218556e-07
982.0 1.4707139452645875e-07
983.0 1.468571052007319e-07
984.0 1.4664281587500506e-07
985.0 1.464285265492782e-07
986.0 1.4621423722355135e-07
987.0 1.4599994789782451e-07
988.0 1.4578565857209768e-07
989.0 1.4557136924637082e-07
990.0 1.45357079920644e-07
991.0 1.4514279059491713e-07
992.0 1.4492850126919028e-07
993.0 1.4471421194346347e-07
994.0 1.4449992261773661e-07
995.0 1.4428563329200973e-07
996.0 1.4407134396628295e-07
997.0 1.4385705464055607e-07
998.0 1.4364276531482926e-07
999.0 1.4342847598910238e-07
1000.0 1.4321418666337555e-07
1001.0 1.4299989733764871e-07
1002.0 1.4278560801192186e-07
1003.0 1.42571318686195e-07
1004.0 1.4235702936046814e-07
1005.0 1.421427400347413e-07
1006.0 1.4192845070901445e-07
1007.0 1.4171416138328762e-07
1008.0 1.4149987205756081e-07
1009.0 1.4128558273183393e-07
1010.0 1.4107129340610712e-07
1011.0 1.4085700408038024e-07
1012.0 1.406427147546534e-07
1013.0 1.4042842542892655e-07
1014.0 1.4021413610319972e-07
1015.0 1.3999984677747286e-07
1016.0 1.3978555745174606e-07
1017.0 1.3957126812601915e-07
1018.0 1.3935697880029234e-07
1019.0 1.3916650114655007e-07
1020.0 1.3900398001029108e-07
1021.0 1.3884145887403206e-07
1022.0 1.3867893773777306e-07
1023.0 1.3851641660151406e-07
1024.0 1.3835389546525507e-07
1025.0 1.381913743289961e-07
1026.0 1.3802885319273707e-07
1027.0 1.3786633205647808e-07
1028.0 1.3770381092021908e-07
1029.0 1.3754128978396006e-07
1030.0 1.3737876864770106e-07
1031.0 1.3721624751144207e-07
1032.0 1.3705372637518307e-07
1033.0 1.3689120523892407e-07
1034.0 1.3672868410266508e-07
1035.0 1.3656616296640605e-07
1036.0 1.3640364183014706e-07
1037.0 1.3624112069388803e-07
1038.0 1.3607859955762904e-07
1039.0 1.3591607842137007e-07
1040.0 1.3575355728511107e-07
1041.0 1.3559103614885205e-07
1042.0 1.3542851501259305e-07
1043.0 1.3526599387633406e-07
1044.0 1.3510347274007506e-07
1045.0 1.3494095160381606e-07
1046.0 1.3477843046755707e-07
1047.0 1.3461590933129804e-07
1048.0 1.3445338819503902e-07
1049.0 1.3429086705878005e-07
1050.0 1.3412834592252106e-07
1051.0 1.3396582478626206e-07
1052.0 1.3380330365000306e-07
1053.0 1.3364078251374404e-07
1054.0 1.3347826137748507e-07
1055.0 1.3331574024122605e-07
1056.0 1.3315321910496705e-07
1057.0 1.3299069796870803e-07
1058.0 1.3282817683244906e-07
1059.0 1.3266565569619004e-07
1060.0 1.3250313455993107e-07
1061.0 1.3234061342367207e-07
1062.0 1.3217809228741305e-07
1063.0 1.3201557115115405e-07
1064.0 1.3185305001489505e-07
1065.0 1.3169052887863606e-07
1066.0 1.3152800774237703e-07
1067.0 1.3136548660611804e-07
1068.0 1.3120296546985904e-07
1069.0 1.3104044433360002e-07
1070.0 1.3087792319734102e-07
1071.0 1.3071540206108205e-07
1072.0 1.3055288092482306e-07
1073.0 1.3039035978856403e-07
1074.0 1.3022783865230506e-07
1075.0 1.30065317516046e-07
1076.0 1.2990279637978704e-07
1077.0 1.2974027524352802e-07
1078.0 1.2957775410726905e-07
1079.0 1.2941523297101006e-07
1080.0 1.2925271183475106e-07
1081.0 1.29090190698492e-07
1082.0 1.28927669562233e-07
1083.0 1.2876514842597404e-07
1084.0 1.2860262728971502e-07
1085.0 1.2844010615345602e-07
1086.0 1.28277585017197e-07
1087.0 1.28115063880938e-07
1088.0 1.27952542744679e-07
1089.0 1.2779002160841999e-07
1090.0 1.2762750047216102e-07
1091.0 1.2746497933590202e-07
1092.0 1.2730245819964302e-07
1093.0 1.27139937063384e-07
1094.0 1.26977415927125e-07
1095.0 1.2681489479086598e-07
1096.0 1.2665237365460698e-07
1097.0 1.264898946130427e-07
1098.0 1.263330194612271e-07
1099.0 1.2617614430941152e-07
1100.0 1.2601926915759591e-07
1101.0 1.2586239400578033e-07
1102.0 1.2570551885396475e-07
1103.0 1.2554864370214914e-07
1104.0 1.2539176855033355e-07
1105.0 1.2523489339851794e-07
1106.0 1.250780182467024e-07
1107.0 1.249211430948868e-07
1108.0 1.247642679430712e-07
1109.0 1.246073927912556e-07
1110.0 1.2445051763944002e-07
1111.0 1.2429364248762439e-07
1112.0 1.2413676733580886e-07
1113.0 1.2397989218399325e-07
1114.0 1.2382301703217766e-07
1115.0 1.2366614188036205e-07
1116.0 1.2350926672854647e-07
1117.0 1.2335239157673088e-07
1118.0 1.2319551642491527e-07
1119.0 1.2303864127309972e-07
1120.0 1.228817661212841e-07
1121.0 1.2272489096946852e-07
1122.0 1.2256801581765289e-07
1123.0 1.2241114066583733e-07
1124.0 1.2225426551402174e-07
1125.0 1.2209739036220616e-07
1126.0 1.2194051521039055e-07
1127.0 1.2178364005857494e-07
1128.0 1.2162676490675938e-07
1129.0 1.214698897549438e-07
1130.0 1.213130146031282e-07
1131.0 1.2115613945131258e-07
1132.0 1.2099926429949702e-07
1133.0 1.208423891476814e-07
1134.0 1.2068551399586588e-07
1135.0 1.2052863884405027e-07
1136.0 1.2037176369223466e-07
1137.0 1.2021488854041905e-07
1138.0 1.2005801338860347e-07
1139.0 1.1990113823678786e-07
1140.0 1.197442630849723e-07
1141.0 1.1958738793315671e-07
1142.0 1.194305127813411e-07
1143.0 1.1927363762952552e-07
1144.0 1.1911676247770991e-07
1145.0 1.1895988732589431e-07
1146.0 1.1880301217407876e-07
1147.0 1.1864613702226315e-07
1148.0 1.1848926187044756e-07
1149.0 1.1833238671863196e-07
1150.0 1.1817551156681638e-07
1151.0 1.1801863641500077e-07
1152.0 1.1786176126318519e-07
1153.0 1.177048861113696e-07
1154.0 1.1754801095955403e-07
1155.0 1.1739113580773842e-07
1156.0 1.1723426065592284e-07
1157.0 1.1707738550410724e-07
1158.0 1.1692051035229163e-07
1159.0 1.1676363520047605e-07
1160.0 1.1660676004866045e-07
1161.0 1.164498848968449e-07
1162.0 1.1629300974502928e-07
1163.0 1.161361345932137e-07
1164.0 1.159792594413981e-07
1165.0 1.1582238428958252e-07
1166.0 1.1566550913776693e-07
1167.0 1.1550863398595135e-07
1168.0 1.1535175883413574e-07
1169.0 1.1519488368232017e-07
1170.0 1.1503800853050456e-07
1171.0 1.1488113337868895e-07
1172.0 1.1472425822687338e-07
1173.0 1.1456738307505777e-07
1174.0 1.1441050792324221e-07
1175.0 1.142536327714266e-07
1176.0 1.1409675761961103e-07
1177.0 1.1393988246779542e-07
1178.0 1.1378300731597984e-07
1179.0 1.1362613216416425e-07
1180.0 1.1346925701234866e-07
1181.0 1.1331238186053305e-07
1182.0 1.1317710538717596e-07
1183.0 1.1306240028082338e-07
1184.0 1.1294769517447074e-07
1185.0 1.1283299006811814e-07
1186.0 1.1271828496176555e-07
1187.0 1.1260357985541296e-07
1188.0 1.1248887474906033e-07
1189.0 1.1237416964270773e-07
1190.0 1.1225946453635511e-07
1191.0 1.121447594300025e-07
1192.0 1.1203005432364989e-07
1193.0 1.1191534921729727e-07
1194.0 1.1180064411094468e-07
1195.0 1.1168593900459206e-07
1196.0 1.1157123389823942e-07
1197.0 1.1145652879188683e-07
1198.0 1.1134182368553424e-07
1199.0 1.1122711857918162e-07
1200.0 1.1111241347282901e-07
1201.0 1.1099770836647641e-07
1202.0 1.108830032601238e-07
1203.0 1.1076829815377117e-07
1204.0 1.1065359304741854e-07
1205.0 1.1053888794106596e-07
1206.0 1.1042418283471336e-07
1207.0 1.1030947772836075e-07
1208.0 1.1019477262200813e-07
1209.0 1.1008006751565552e-07
1210.0 1.0996536240930293e-07
1211.0 1.0985065730295033e-07
1212.0 1.0973595219659769e-07
1213.0 1.0962124709024511e-07
1214.0 1.0950654198389249e-07
1215.0 1.0939183687753988e-07
1216.0 1.0927713177118725e-07
1217.0 1.0916242666483467e-07
1218.0 1.0904772155848203e-07
1219.0 1.0893301645212944e-07
1220.0 1.0881831134577684e-07
1221.0 1.0870360623942423e-07
1222.0 1.0858890113307161e-07
1223.0 1.08474196026719e-07
1224.0 1.083594909203664e-07
1225.0 1.0824478581401377e-07
1226.0 1.0813008070766118e-07
1227.0 1.0801537560130856e-07
1228.0 1.0790067049495598e-07
1229.0 1.0778596538860333e-07
1230.0 1.0767126028225072e-07
1231.0 1.0755655517589812e-07
1232.0 1.0744185006954554e-07
1233.0 1.0732714496319293e-07
1234.0 1.0721243985684029e-07
1235.0 1.070977347504877e-07
1236.0 1.0698302964413508e-07
1237.0 1.0686832453778247e-07
1238.0 1.0675361943142986e-07
1239.0 1.0663891432507724e-07
1240.0 1.0652420921872463e-07
1241.0 1.0640950411237203e-07
1242.0 1.0629479900601944e-07
1243.0 1.0618009389966683e-07
1244.0 1.0606538879331419e-07
1245.0 1.0595068368696161e-07
1246.0 1.05835978580609e-07
1247.0 1.0572127347425638e-07
1248.0 1.0560656836790377e-07
1249.0 1.0549186326155118e-07
1250.0 1.0537715815519855e-07
1251.0 1.0526245304884594e-07
1252.0 1.0514774794249331e-07
1253.0 1.0503304283614073e-07
1254.0 1.0491833772978812e-07
1255.0 1.0480363262343551e-07
1256.0 1.0468892751708287e-07
1257.0 1.0457422241073028e-07
1258.0 1.0445951730437768e-07
1259.0 1.0434481219802509e-07
1260.0 1.0423010709167246e-07
1261.0 1.0411540198531984e-07
1262.0 1.0400069687896726e-07
1263.0 1.0388599177261463e-07
1264.0 1.0377128666626204e-07
1265.0 1.0365658155990939e-07
1266.0 1.035418764535568e-07
1267.0 1.034271713472042e-07
1268.0 1.0331246624085158e-07
1269.0 1.0319776113449896e-07
1270.0 1.0308305602814636e-07
1271.0 1.0296835092179377e-07
1272.0 1.0285364581544113e-07
1273.0 1.0275512965798296e-07
1274.0 1.0267224863087484e-07
1275.0 1.025893676037667e-07
1276.0 1.0250648657665856e-07
1277.0 1.0242360554955038e-07
1278.0 1.0234072452244227e-07
1279.0 1.0225784349533414e-07
1280.0 1.0217496246822599e-07
1281.0 1.0209208144111787e-07
1282.0 1.0200920041400973e-07
1283.0 1.0192631938690156e-07
1284.0 1.0184343835979344e-07
1285.0 1.017605573326853e-07
1286.0 1.0167767630557718e-07
1287.0 1.0159479527846903e-07
1288.0 1.0151191425136089e-07
1289.0 1.0142903322425274e-07
1290.0 1.013461521971446e-07
1291.0 1.0126327117003645e-07
1292.0 1.0118039014292832e-07
1293.0 1.0109750911582018e-07
1294.0 1.0101462808871203e-07
1295.0 1.0093174706160386e-07
1296.0 1.0084886603449576e-07
1297.0 1.007659850073876e-07
1298.0 1.0068310398027947e-07
1299.0 1.0060022295317132e-07
1300.0 1.005173419260632e-07
1301.0 1.0043446089895503e-07
1302.0 1.0035157987184694e-07
1303.0 1.0026869884473877e-07
1304.0 1.0018581781763065e-07
1305.0 1.0010293679052251e-07
1306.0 1.0002005576341436e-07
1307.0 9.993717473630619e-08
1308.0 9.985429370919807e-08
1309.0 9.977141268208993e-08
1310.0 9.96885316549818e-08
1311.0 9.960565062787364e-08
1312.0 9.952276960076552e-08
1313.0 9.943988857365735e-08
1314.0 9.935700754654923e-08
1315.0 9.927412651944108e-08
1316.0 9.919124549233293e-08
1317.0 9.91083644652248e-08
1318.0 9.902548343811668e-08
1319.0 9.894260241100851e-08
1320.0 9.885972138390039e-08
1321.0 9.877684035679225e-08
1322.0 9.86939593296841e-08
1323.0 9.861107830257596e-08
1324.0 9.852819727546784e-08
1325.0 9.844531624835967e-08
1326.0 9.836243522125156e-08
1327.0 9.82795541941434e-08
1328.0 9.819667316703526e-08
1329.0 9.811379213992713e-08
1330.0 9.8030911112819e-08
1331.0 9.794803008571084e-08
1332.0 9.786514905860274e-08
1333.0 9.778226803149457e-08
1334.0 9.769938700438642e-08
1335.0 9.761650597727828e-08
1336.0 9.753362495017013e-08
1337.0 9.745074392306199e-08
1338.0 9.736786289595387e-08
1339.0 9.728498186884572e-08
1340.0 9.720210084173758e-08
1341.0 9.711921981462944e-08
1342.0 9.70363387875213e-08
1343.0 9.695345776041317e-08
1344.0 9.687057673330504e-08
1345.0 9.678769570619688e-08
1346.0 9.670481467908874e-08
1347.0 9.662193365198061e-08
1348.0 9.653905262487246e-08
1349.0 9.645617159776432e-08
1350.0 9.637329057065619e-08
1351.0 9.629040954354804e-08
1352.0 9.62075285164399e-08
1353.0 9.612464748933175e-08
1354.0 9.604176646222363e-08
1355.0 9.595888543511546e-08
1356.0 9.587600440800736e-08
1357.0 9.57931233808992e-08
1358.0 9.571024235379106e-08
1359.0 9.562736132668293e-08
1360.0 9.554448029957477e-08
1361.0 9.546159927246664e-08
1362.0 9.537871824535849e-08
1363.0 9.529583721825037e-08
1364.0 9.521295619114223e-08
1365.0 9.513007516403408e-08
1366.0 9.504719413692594e-08
1367.0 9.49643131098178e-08
1368.0 9.488143208270966e-08
1369.0 9.479855105560152e-08
1370.0 9.471567002849336e-08
1371.0 9.463406668205725e-08
1372.0 9.455376304434444e-08
1373.0 9.44734594066316e-08
1374.0 9.439315576891881e-08
1375.0 9.431285213120596e-08
1376.0 9.423254849349317e-08
1377.0 9.415224485578033e-08
1378.0 9.407194121806752e-08
1379.0 9.39916375803547e-08
1380.0 9.391133394264187e-08
1381.0 9.383103030492906e-08
1382.0 9.375072666721623e-08
1383.0 9.367042302950342e-08
1384.0 9.35901193917906e-08
1385.0 9.350981575407779e-08
1386.0 9.342951211636495e-08
1387.0 9.334920847865216e-08
1388.0 9.326890484093932e-08
1389.0 9.318860120322652e-08
1390.0 9.310829756551367e-08
1391.0 9.302799392780088e-08
1392.0 9.294769029008805e-08
1393.0 9.286738665237524e-08
1394.0 9.27870830146624e-08
1395.0 9.270677937694961e-08
1396.0 9.262647573923677e-08
1397.0 9.254617210152396e-08
1398.0 9.246586846381114e-08
1399.0 9.238556482609833e-08
1400.0 9.230526118838551e-08
1401.0 9.222495755067267e-08
1402.0 9.214465391295988e-08
1403.0 9.206435027524703e-08
1404.0 9.198404663753424e-08
1405.0 9.19037429998214e-08
1406.0 9.182343936210859e-08
1407.0 9.174313572439576e-08
1408.0 9.166283208668296e-08
1409.0 9.158252844897012e-08
1410.0 9.150222481125733e-08
1411.0 9.142192117354448e-08
1412.0 9.134161753583168e-08
1413.0 9.126131389811886e-08
1414.0 9.118101026040602e-08
1415.0 9.110070662269322e-08
1416.0 9.10204029849804e-08
1417.0 9.094009934726758e-08
1418.0 9.085979570955477e-08
1419.0 9.077949207184195e-08
1420.0 9.069918843412911e-08
1421.0 9.061888479641632e-08
1422.0 9.053858115870348e-08
1423.0 9.045827752099068e-08
1424.0 9.037797388327787e-08
1425.0 9.029767024556504e-08
1426.0 9.021736660785221e-08
1427.0 9.01370629701394e-08
1428.0 9.005675933242659e-08
1429.0 8.997645569471377e-08
1430.0 8.989615205700096e-08
1431.0 8.981584841928812e-08
1432.0 8.97355447815753e-08
1433.0 8.965524114386249e-08
1434.0 8.957493750614968e-08
1435.0 8.949463386843686e-08
1436.0 8.941433023072402e-08
1437.0 8.933402659301121e-08
1438.0 8.925372295529838e-08
1439.0 8.917341931758557e-08
1440.0 8.909311567987275e-08
1441.0 8.901281204215994e-08
1442.0 8.893250840444711e-08
1443.0 8.88522047667343e-08
1444.0 8.87719011290215e-08
1445.0 8.869159749130865e-08
1446.0 8.861129385359584e-08
1447.0 8.853099021588303e-08
1448.0 8.845068657817019e-08
1449.0 8.837038294045739e-08
1450.0 8.829007930274457e-08
1451.0 8.820977566503174e-08
1452.0 8.812947202731893e-08
1453.0 8.804916838960609e-08
1454.0 8.796886475189329e-08
1455.0 8.788856111418049e-08
1456.0 8.780825747646765e-08
1457.0 8.772795383875482e-08
1458.0 8.764765020104202e-08
1459.0 8.756734656332918e-08
1460.0 8.748704292561638e-08
1461.0 8.740673928790356e-08
1462.0 8.732643565019075e-08
1463.0 8.724613201247794e-08
1464.0 8.71658283747651e-08
1465.0 8.708552473705227e-08
1466.0 8.700522109933948e-08
1467.0 8.692491746162664e-08
1468.0 8.684461382391383e-08
1469.0 8.676431018620101e-08
1470.0 8.668400654848817e-08
1471.0 8.660370291077537e-08
1472.0 8.652339927306257e-08
1473.0 8.644309563534973e-08
1474.0 8.636279199763691e-08
1475.0 8.62824883599241e-08
1476.0 8.620218472221127e-08
1477.0 8.613890070521183e-08
1478.0 8.607683196849245e-08
1479.0 8.601476323177306e-08
1480.0 8.595269449505368e-08
1481.0 8.589062575833429e-08
1482.0 8.582855702161489e-08
1483.0 8.576648828489553e-08
1484.0 8.570441954817612e-08
1485.0 8.564235081145675e-08
1486.0 8.558028207473736e-08
1487.0 8.551821333801798e-08
1488.0 8.545614460129858e-08
1489.0 8.53940758645792e-08
1490.0 8.533200712785982e-08
1491.0 8.526993839114045e-08
1492.0 8.520786965442106e-08
1493.0 8.514580091770169e-08
1494.0 8.508373218098228e-08
1495.0 8.502166344426289e-08
1496.0 8.495959470754353e-08
1497.0 8.489752597082412e-08
1498.0 8.483545723410473e-08
1499.0 8.477338849738536e-08
1500.0 8.471131976066598e-08
1501.0 8.464925102394659e-08
1502.0 8.45871822872272e-08
1503.0 8.452511355050782e-08
1504.0 8.446304481378845e-08
1505.0 8.440097607706907e-08
1506.0 8.433890734034968e-08
1507.0 8.427683860363028e-08
1508.0 8.42147698669109e-08
1509.0 8.415270113019153e-08
1510.0 8.409063239347212e-08
1511.0 8.402856365675275e-08
1512.0 8.396649492003336e-08
1513.0 8.390442618331398e-08
1514.0 8.384235744659459e-08
1515.0 8.378028870987519e-08
1516.0 8.371821997315582e-08
1517.0 8.365615123643645e-08
1518.0 8.359408249971706e-08
1519.0 8.353201376299767e-08
1520.0 8.346994502627829e-08
1521.0 8.34078762895589e-08
1522.0 8.334580755283952e-08
1523.0 8.328373881612012e-08
1524.0 8.322167007940076e-08
1525.0 8.315960134268137e-08
1526.0 8.309753260596197e-08
1527.0 8.303546386924259e-08
1528.0 8.29733951325232e-08
1529.0 8.291132639580383e-08
1530.0 8.284925765908444e-08
1531.0 8.278718892236506e-08
1532.0 8.272512018564567e-08
1533.0 8.266305144892629e-08
1534.0 8.26009827122069e-08
1535.0 8.253891397548753e-08
1536.0 8.247684523876813e-08
1537.0 8.241477650204874e-08
1538.0 8.235270776532936e-08
1539.0 8.229063902860997e-08
1540.0 8.222857029189059e-08
1541.0 8.21665015551712e-08
1542.0 8.210443281845182e-08
1543.0 8.204236408173244e-08
1544.0 8.198029534501307e-08
1545.0 8.191822660829367e-08
1546.0 8.185615787157429e-08
1547.0 8.17940891348549e-08
1548.0 8.173202039813553e-08
1549.0 8.166995166141613e-08
1550.0 8.160788292469674e-08
1551.0 8.154581418797736e-08
1552.0 8.148374545125799e-08
1553.0 8.142167671453859e-08
1554.0 8.13596079778192e-08
1555.0 8.129753924109983e-08
1556.0 8.123547050438044e-08
1557.0 8.117340176766106e-08
1558.0 8.111133303094167e-08
1559.0 8.104926429422229e-08
1560.0 8.09871955575029e-08
1561.0 8.092512682078351e-08
1562.0 8.086305808406413e-08
1563.0 8.080098934734473e-08
1564.0 8.073892061062536e-08
1565.0 8.067685187390598e-08
1566.0 8.061478313718659e-08
1567.0 8.055271440046721e-08
1568.0 8.049064566374783e-08
1569.0 8.042857692702844e-08
1570.0 8.036650819030906e-08
1571.0 8.030443945358968e-08
1572.0 8.024237071687027e-08
1573.0 8.01803019801509e-08
1574.0 8.011823324343151e-08
1575.0 8.005616450671213e-08
1576.0 7.999409576999273e-08
1577.0 7.993202703327337e-08
1578.0 7.986995829655397e-08
1579.0 7.980788955983457e-08
1580.0 7.974582082311521e-08
1581.0 7.968375208639583e-08
1582.0 7.962168334967643e-08
1583.0 7.955961461295706e-08
1584.0 7.949754587623768e-08
1585.0 7.943547713951827e-08
1586.0 7.937340840279888e-08
1587.0 7.931133966607951e-08
1588.0 7.924927092936013e-08
1589.0 7.918720219264074e-08
1590.0 7.912959627914929e-08
1591.0 7.908611525862716e-08
1592.0 7.904263423810504e-08
1593.0 7.899915321758289e-08
1594.0 7.895567219706077e-08
1595.0 7.891219117653862e-08
1596.0 7.88687101560165e-08
1597.0 7.882522913549437e-08
1598.0 7.878174811497224e-08
1599.0 7.873826709445009e-08
1600.0 7.869478607392797e-08
1601.0 7.865130505340584e-08
1602.0 7.860782403288372e-08
1603.0 7.856434301236159e-08
1604.0 7.852086199183945e-08
1605.0 7.847738097131732e-08
1606.0 7.843389995079519e-08
1607.0 7.839041893027307e-08
1608.0 7.834693790975094e-08
1609.0 7.83034568892288e-08
1610.0 7.825997586870668e-08
1611.0 7.821649484818454e-08
1612.0 7.817301382766239e-08
1613.0 7.812953280714028e-08
1614.0 7.808605178661815e-08
1615.0 7.804257076609602e-08
1616.0 7.799908974557389e-08
1617.0 7.795560872505175e-08
1618.0 7.791212770452963e-08
1619.0 7.786864668400749e-08
1620.0 7.782516566348537e-08
1621.0 7.778168464296322e-08
1622.0 7.77382036224411e-08
1623.0 7.769472260191897e-08
1624.0 7.765124158139684e-08
1625.0 7.760776056087473e-08
1626.0 7.756427954035258e-08
1627.0 7.752079851983045e-08
1628.0 7.747731749930832e-08
1629.0 7.74338364787862e-08
1630.0 7.739035545826405e-08
1631.0 7.734687443774192e-08
1632.0 7.73033934172198e-08
1633.0 7.725991239669768e-08
1634.0 7.721643137617552e-08
1635.0 7.717295035565339e-08
1636.0 7.712946933513128e-08
1637.0 7.708598831460915e-08
1638.0 7.704250729408702e-08
1639.0 7.699902627356487e-08
1640.0 7.695554525304276e-08
1641.0 7.691206423252063e-08
1642.0 7.68685832119985e-08
1643.0 7.682510219147636e-08
1644.0 7.678162117095423e-08
1645.0 7.67381401504321e-08
1646.0 7.669465912990997e-08
1647.0 7.665117810938783e-08
1648.0 7.660769708886571e-08
1649.0 7.656421606834358e-08
1650.0 7.652073504782145e-08
1651.0 7.647725402729931e-08
1652.0 7.643377300677718e-08
1653.0 7.639029198625505e-08
1654.0 7.634681096573293e-08
1655.0 7.63033299452108e-08
1656.0 7.625984892468866e-08
1657.0 7.621636790416652e-08
1658.0 7.61728868836444e-08
1659.0 7.612940586312228e-08
1660.0 7.608592484260015e-08
1661.0 7.604244382207801e-08
1662.0 7.599896280155588e-08
1663.0 7.595548178103376e-08
1664.0 7.591200076051161e-08
1665.0 7.586851973998951e-08
1666.0 7.582503871946736e-08
1667.0 7.578155769894523e-08
1668.0 7.57380766784231e-08
1669.0 7.569459565790096e-08
1670.0 7.565111463737883e-08
1671.0 7.560763361685671e-08
1672.0 7.556415259633456e-08
1673.0 7.552067157581244e-08
1674.0 7.547719055529031e-08
1675.0 7.543370953476818e-08
1676.0 7.539022851424607e-08
1677.0 7.534674749372393e-08
1678.0 7.530326647320179e-08
1679.0 7.525978545267966e-08
1680.0 7.521630443215753e-08
1681.0 7.51728234116354e-08
1682.0 7.512934239111327e-08
1683.0 7.508586137059113e-08
1684.0 7.504238035006901e-08
1685.0 7.499889932954688e-08
1686.0 7.495541830902474e-08
1687.0 7.491193728850262e-08
1688.0 7.486845626798049e-08
1689.0 7.482497524745836e-08
1690.0 7.478149422693623e-08
1691.0 7.473801320641409e-08
1692.0 7.469453218589196e-08
1693.0 7.465105116536983e-08
1694.0 7.460757014484772e-08
1695.0 7.456408912432557e-08
1696.0 7.452060810380343e-08
1697.0 7.447712708328131e-08
1698.0 7.443364606275919e-08
1699.0 7.439016504223706e-08
1700.0 7.434668402171492e-08
1701.0 7.430320300119279e-08
1702.0 7.425972198067067e-08
1703.0 7.421624096014852e-08
1704.0 7.417275993962638e-08
1705.0 7.412927891910427e-08
1706.0 7.408579789858214e-08
1707.0 7.404231687805999e-08
1708.0 7.399883585753786e-08
1709.0 7.395535483701575e-08
1710.0 7.391187381649362e-08
1711.0 7.386839279597149e-08
1712.0 7.382491177544934e-08
1713.0 7.378244940306356e-08
1714.0 7.374025834479313e-08
1715.0 7.369806728652272e-08
1716.0 7.365587622825233e-08
1717.0 7.36136851699819e-08
1718.0 7.35714941117115e-08
1719.0 7.352930305344108e-08
1720.0 7.348711199517069e-08
1721.0 7.344492093690027e-08
1722.0 7.340272987862988e-08
1723.0 7.336053882035947e-08
1724.0 7.331834776208905e-08
1725.0 7.327615670381865e-08
1726.0 7.323396564554824e-08
1727.0 7.319177458727781e-08
1728.0 7.314958352900743e-08
1729.0 7.310739247073701e-08
1730.0 7.306520141246661e-08
1731.0 7.30230103541962e-08
1732.0 7.29808192959258e-08
1733.0 7.293862823765539e-08
1734.0 7.289643717938497e-08
1735.0 7.285424612111457e-08
1736.0 7.281205506284416e-08
1737.0 7.276986400457376e-08
1738.0 7.272767294630335e-08
1739.0 7.268548188803293e-08
1740.0 7.264329082976253e-08
1741.0 7.260109977149212e-08
1742.0 7.255890871322173e-08
1743.0 7.251671765495129e-08
1744.0 7.247452659668089e-08
1745.0 7.243233553841048e-08
1746.0 7.239014448014008e-08
1747.0 7.234795342186968e-08
1748.0 7.230576236359925e-08
1749.0 7.226357130532886e-08
1750.0 7.222138024705845e-08
1751.0 7.217918918878804e-08
1752.0 7.213699813051764e-08
1753.0 7.209480707224722e-08
1754.0 7.205261601397682e-08
1755.0 7.201042495570641e-08
1756.0 7.1968233897436e-08
1757.0 7.19260428391656e-08
1758.0 7.188385178089517e-08
1759.0 7.184166072262478e-08
1760.0 7.179946966435437e-08
1761.0 7.175727860608397e-08
1762.0 7.171508754781356e-08
1763.0 7.167289648954314e-08
1764.0 7.163070543127273e-08
1765.0 7.158851437300233e-08
1766.0 7.154632331473192e-08
1767.0 7.150413225646153e-08
1768.0 7.14619411981911e-08
1769.0 7.14197501399207e-08
1770.0 7.137755908165028e-08
1771.0 7.133536802337989e-08
1772.0 7.129317696510946e-08
1773.0 7.125098590683906e-08
1774.0 7.120879484856866e-08
1775.0 7.116660379029825e-08
1776.0 7.112441273202785e-08
1777.0 7.108222167375745e-08
1778.0 7.104003061548704e-08
1779.0 7.099783955721662e-08
1780.0 7.095564849894621e-08
1781.0 7.091345744067581e-08
1782.0 7.08712663824054e-08
1783.0 7.082907532413501e-08
1784.0 7.078688426586457e-08
1785.0 7.074469320759418e-08
1786.0 7.070250214932377e-08
1787.0 7.066031109105336e-08
1788.0 7.061812003278296e-08
1789.0 7.057592897451254e-08
1790.0 7.053373791624213e-08
1791.0 7.049154685797173e-08
1792.0 7.044935579970133e-08
1793.0 7.040716474143093e-08
1794.0 7.036497368316049e-08
1795.0 7.03227826248901e-08
1796.0 7.028059156661968e-08
1797.0 7.023840050834928e-08
1798.0 7.019620945007888e-08
1799.0 7.015401839180846e-08
1800.0 7.011182733353806e-08
1801.0 7.006963627526765e-08
1802.0 7.002744521699724e-08
1803.0 6.998525415872684e-08
1804.0 6.994306310045642e-08
1805.0 6.990087204218602e-08
1806.0 6.985868098391561e-08
1807.0 6.981648992564522e-08
1808.0 6.97742988673748e-08
1809.0 6.973210780910437e-08
1810.0 6.968991675083397e-08
1811.0 6.964772569256357e-08
1812.0 6.960553463429317e-08
1813.0 6.956334357602277e-08
1814.0 6.952115251775234e-08
1815.0 6.947896145948193e-08
1816.0 6.943677040121153e-08
1817.0 6.939457934294112e-08
1818.0 6.935238828467072e-08
1819.0 6.931019722640033e-08
1820.0 6.92680061681299e-08
1821.0 6.922581510985949e-08
1822.0 6.918362405158909e-08
1823.0 6.914143299331868e-08
1824.0 6.909924193504828e-08
1825.0 6.905705087677786e-08
1826.0 6.901485981850746e-08
1827.0 6.897266876023705e-08
1828.0 6.893047770196665e-08
1829.0 6.888828664369624e-08
1830.0 6.884609558542582e-08
1831.0 6.880390452715544e-08
1832.0 6.876171346888501e-08
1833.0 6.87195224106146e-08
1834.0 6.867733135234421e-08
1835.0 6.863514029407378e-08
1836.0 6.859294923580338e-08
1837.0 6.855075817753298e-08
1838.0 6.850856711926257e-08
1839.0 6.846637606099216e-08
1840.0 6.842418500272174e-08
1841.0 6.838199394445133e-08
1842.0 6.833980288618093e-08
1843.0 6.829761182791053e-08
1844.0 6.825542076964013e-08
1845.0 6.822008605313917e-08
1846.0 6.818544960288327e-08
1847.0 6.815081315262738e-08
1848.0 6.81161767023715e-08
1849.0 6.808154025211562e-08
1850.0 6.804690380185972e-08
1851.0 6.801226735160383e-08
1852.0 6.797763090134794e-08
1853.0 6.794299445109205e-08
1854.0 6.790835800083616e-08
1855.0 6.787372155058028e-08
1856.0 6.783908510032438e-08
1857.0 6.780444865006849e-08
1858.0 6.776981219981261e-08
1859.0 6.773517574955669e-08
1860.0 6.770053929930081e-08
1861.0 6.766590284904492e-08
1862.0 6.763126639878902e-08
1863.0 6.759662994853313e-08
1864.0 6.756199349827725e-08
1865.0 6.752735704802136e-08
1866.0 6.749272059776548e-08
1867.0 6.745808414750958e-08
1868.0 6.742344769725369e-08
1869.0 6.73888112469978e-08
1870.0 6.73541747967419e-08
1871.0 6.731953834648602e-08
1872.0 6.728490189623012e-08
1873.0 6.725026544597423e-08
1874.0 6.721562899571833e-08
1875.0 6.718099254546245e-08
1876.0 6.714635609520656e-08
1877.0 6.711171964495067e-08
1878.0 6.707708319469478e-08
1879.0 6.704244674443889e-08
1880.0 6.7007810294183e-08
1881.0 6.697317384392711e-08
1882.0 6.693853739367123e-08
1883.0 6.690390094341531e-08
1884.0 6.686926449315944e-08
1885.0 6.683462804290356e-08
1886.0 6.679999159264764e-08
1887.0 6.676535514239175e-08
1888.0 6.673071869213589e-08
1889.0 6.669608224188e-08
1890.0 6.66614457916241e-08
1891.0 6.662680934136821e-08
1892.0 6.659217289111232e-08
1893.0 6.655753644085642e-08
1894.0 6.652289999060054e-08
1895.0 6.648826354034464e-08
1896.0 6.645362709008876e-08
1897.0 6.641899063983287e-08
1898.0 6.638435418957697e-08
1899.0 6.634971773932109e-08
1900.0 6.63150812890652e-08
1901.0 6.628044483880931e-08
1902.0 6.624580838855343e-08
1903.0 6.621117193829754e-08
1904.0 6.617653548804164e-08
1905.0 6.614189903778574e-08
1906.0 6.610726258752985e-08
1907.0 6.607262613727396e-08
1908.0 6.603798968701807e-08
1909.0 6.600335323676218e-08
1910.0 6.596871678650628e-08
1911.0 6.59340803362504e-08
1912.0 6.589944388599451e-08
1913.0 6.586480743573862e-08
1914.0 6.583017098548273e-08
1915.0 6.579553453522684e-08
1916.0 6.576089808497095e-08
1917.0 6.572626163471506e-08
1918.0 6.569162518445919e-08
1919.0 6.565698873420326e-08
1920.0 6.562235228394737e-08
1921.0 6.558771583369149e-08
1922.0 6.555307938343559e-08
1923.0 6.551844293317971e-08
1924.0 6.548380648292383e-08
1925.0 6.544917003266793e-08
1926.0 6.541453358241204e-08
1927.0 6.537989713215616e-08
1928.0 6.534526068190026e-08
1929.0 6.531062423164438e-08
1930.0 6.527598778138848e-08
1931.0 6.524135133113259e-08
1932.0 6.52067148808767e-08
1933.0 6.51720784306208e-08
1934.0 6.51374419803649e-08
1935.0 6.510280553010902e-08
1936.0 6.506816907985313e-08
1937.0 6.503353262959723e-08
1938.0 6.499889617934135e-08
1939.0 6.496425972908546e-08
1940.0 6.492962327882957e-08
1941.0 6.489498682857367e-08
1942.0 6.486035037831779e-08
1943.0 6.48257139280619e-08
1944.0 6.479107747780602e-08
1945.0 6.475644102755013e-08
1946.0 6.472180457729423e-08
1947.0 6.468716812703834e-08
1948.0 6.465253167678244e-08
1949.0 6.461789522652655e-08
1950.0 6.458325877627066e-08
1951.0 6.454862232601479e-08
1952.0 6.451398587575887e-08
1953.0 6.447934942550299e-08
1954.0 6.44447129752471e-08
1955.0 6.441007652499121e-08
1956.0 6.437544007473532e-08
1957.0 6.434080362447944e-08
1958.0 6.430616717422355e-08
1959.0 6.427153072396767e-08
1960.0 6.423689427371178e-08
1961.0 6.420225782345588e-08
1962.0 6.416762137319999e-08
1963.0 6.413298492294411e-08
1964.0 6.409834847268819e-08
1965.0 6.406371202243233e-08
1966.0 6.402907557217642e-08
1967.0 6.399443912192052e-08
1968.0 6.395980267166464e-08
1969.0 6.392516622140875e-08
1970.0 6.389052977115286e-08
1971.0 6.385589332089697e-08
1972.0 6.382125687064108e-08
1973.0 6.378662042038518e-08
1974.0 6.37519839701293e-08
1975.0 6.371734751987341e-08
1976.0 6.368271106961753e-08
1977.0 6.364807461936161e-08
1978.0 6.361343816910575e-08
1979.0 6.357880171884985e-08
1980.0 6.354416526859397e-08
1981.0 6.350952881833808e-08
1982.0 6.347489236808217e-08
1983.0 6.344025591782628e-08
1984.0 6.340561946757039e-08
1985.0 6.33709830173145e-08
1986.0 6.333634656705861e-08
1987.0 6.331061456937583e-08
1988.0 6.328624475862576e-08
1989.0 6.326187494787568e-08
1990.0 6.323750513712561e-08
1991.0 6.321313532637553e-08
1992.0 6.318876551562546e-08
1993.0 6.31643957048754e-08
1994.0 6.314002589412531e-08
1995.0 6.311565608337524e-08
1996.0 6.309128627262516e-08
1997.0 6.306691646187509e-08
1998.0 6.304254665112501e-08
1999.0 6.301817684037494e-08
2000.0 6.299380702962486e-08
2001.0 6.296943721887479e-08
2002.0 6.294506740812472e-08
2003.0 6.292069759737464e-08
2004.0 6.289632778662456e-08
2005.0 6.287195797587449e-08
2006.0 6.284758816512441e-08
2007.0 6.282321835437434e-08
2008.0 6.279884854362429e-08
2009.0 6.277447873287419e-08
2010.0 6.275010892212412e-08
2011.0 6.272573911137403e-08
2012.0 6.270136930062397e-08
2013.0 6.267699948987389e-08
2014.0 6.265262967912384e-08
2015.0 6.262825986837374e-08
2016.0 6.260389005762367e-08
2017.0 6.257952024687358e-08
2018.0 6.255515043612352e-08
2019.0 6.253078062537344e-08
2020.0 6.250641081462338e-08
2021.0 6.248204100387329e-08
2022.0 6.245767119312322e-08
2023.0 6.243330138237313e-08
2024.0 6.240893157162307e-08
2025.0 6.2384561760873e-08
2026.0 6.236019195012293e-08
2027.0 6.233582213937285e-08
2028.0 6.231145232862277e-08
2029.0 6.228708251787269e-08
2030.0 6.226271270712262e-08
2031.0 6.223834289637255e-08
2032.0 6.221397308562247e-08
2033.0 6.21896032748724e-08
2034.0 6.216523346412232e-08
2035.0 6.214086365337225e-08
2036.0 6.211649384262217e-08
2037.0 6.209212403187209e-08
2038.0 6.206775422112203e-08
2039.0 6.204338441037195e-08
2040.0 6.201901459962188e-08
2041.0 6.19946447888718e-08
2042.0 6.197027497812173e-08
2043.0 6.194590516737165e-08
2044.0 6.192153535662158e-08
2045.0 6.189716554587151e-08
2046.0 6.187279573512143e-08
2047.0 6.184842592437135e-08
2048.0 6.182405611362128e-08
2049.0 6.17996863028712e-08
2050.0 6.177531649212113e-08
2051.0 6.175094668137106e-08
2052.0 6.172657687062098e-08
2053.0 6.17022070598709e-08
2054.0 6.167783724912082e-08
2055.0 6.165346743837075e-08
2056.0 6.162909762762068e-08
2057.0 6.16047278168706e-08
2058.0 6.158035800612053e-08
2059.0 6.155598819537046e-08
2060.0 6.153161838462037e-08
2061.0 6.150724857387031e-08
2062.0 6.148287876312023e-08
2063.0 6.145850895237017e-08
2064.0 6.143413914162008e-08
2065.0 6.140976933087001e-08
2066.0 6.138539952011991e-08
2067.0 6.136102970936986e-08
2068.0 6.133665989861978e-08
2069.0 6.131229008786972e-08
2070.0 6.128792027711963e-08
2071.0 6.126355046636956e-08
2072.0 6.123918065561948e-08
2073.0 6.121481084486941e-08
2074.0 6.119044103411933e-08
2075.0 6.116607122336926e-08
2076.0 6.114170141261919e-08
2077.0 6.111733160186911e-08
2078.0 6.109296179111904e-08
2079.0 6.106859198036896e-08
2080.0 6.104422216961889e-08
2081.0 6.101985235886881e-08
2082.0 6.099548254811874e-08
2083.0 6.097111273736867e-08
2084.0 6.094674292661859e-08
2085.0 6.092237311586849e-08
2086.0 6.089800330511844e-08
2087.0 6.087363349436836e-08
2088.0 6.08492636836183e-08
2089.0 6.08248938728682e-08
2090.0 6.080052406211814e-08
2091.0 6.077615425136807e-08
2092.0 6.075178444061799e-08
2093.0 6.072741462986793e-08
2094.0 6.070304481911785e-08
2095.0 6.067867500836778e-08
2096.0 6.065430519761769e-08
2097.0 6.062993538686763e-08
2098.0 6.060556557611754e-08
2099.0 6.058119576536747e-08
2100.0 6.055682595461739e-08
2101.0 6.053245614386733e-08
2102.0 6.050808633311724e-08
2103.0 6.048371652236718e-08
2104.0 6.045934671161709e-08
2105.0 6.043497690086702e-08
2106.0 6.041060709011692e-08
2107.0 6.038623727936688e-08
2108.0 6.036186746861677e-08
2109.0 6.033749765786673e-08
2110.0 6.031312784711665e-08
2111.0 6.028875803636657e-08
2112.0 6.02643882256165e-08
2113.0 6.024001841486643e-08
2114.0 6.021564860411635e-08
2115.0 6.019127879336628e-08
2116.0 6.01669089826162e-08
2117.0 6.014253917186611e-08
2118.0 6.011816936111605e-08
2119.0 6.009379955036598e-08
2120.0 6.00694297396159e-08
2121.0 6.004505992886581e-08
2122.0 6.002069011811575e-08
2123.0 5.999632030736566e-08
2124.0 5.99719504966156e-08
2125.0 5.994758068586551e-08
2126.0 5.992321087511546e-08
2127.0 5.989884106436538e-08
2128.0 5.987447125361531e-08
2129.0 5.985010144286523e-08
2130.0 5.982573163211513e-08
2131.0 5.980136182136508e-08
2132.0 5.977699201061501e-08
2133.0 5.975262219986493e-08
2134.0 5.972825238911483e-08
2135.0 5.970388257836478e-08
2136.0 5.96795127676147e-08
2137.0 5.965514295686463e-08
2138.0 5.963077314611454e-08
2139.0 5.960640333536447e-08
2140.0 5.9582699313230804e-08
2141.0 5.955908054024122e-08
2142.0 5.953546176725164e-08
2143.0 5.951184299426206e-08
2144.0 5.948822422127248e-08
2145.0 5.9464605448282896e-08
2146.0 5.9440986675293316e-08
2147.0 5.941736790230373e-08
2148.0 5.939374912931415e-08
2149.0 5.937013035632456e-08
2150.0 5.9346511583334996e-08
2151.0 5.93228928103454e-08
2152.0 5.9299274037355816e-08
2153.0 5.927565526436624e-08
2154.0 5.925203649137666e-08
2155.0 5.922841771838708e-08
2156.0 5.9204798945397495e-08
2157.0 5.918118017240793e-08
2158.0 5.915756139941833e-08
2159.0 5.913394262642875e-08
2160.0 5.9110323853439175e-08
2161.0 5.9086705080449595e-08
2162.0 5.906308630746e-08
2163.0 5.903946753447043e-08
2164.0 5.901584876148084e-08
2165.0 5.899222998849126e-08
2166.0 5.896861121550168e-08
2167.0 5.8944992442512094e-08
2168.0 5.8921373669522514e-08
2169.0 5.889775489653293e-08
2170.0 5.887413612354335e-08
2171.0 5.8850517350553774e-08
2172.0 5.8826898577564194e-08
2173.0 5.8803279804574594e-08
2174.0 5.877966103158503e-08
2175.0 5.875604225859544e-08
2176.0 5.873242348560586e-08
2177.0 5.870880471261628e-08
2178.0 5.868518593962669e-08
2179.0 5.866156716663711e-08
2180.0 5.8637948393647526e-08
2181.0 5.8614329620657946e-08
2182.0 5.859071084766837e-08
2183.0 5.856709207467879e-08
2184.0 5.854347330168919e-08
2185.0 5.8519854528699626e-08
2186.0 5.849623575571004e-08
2187.0 5.847261698272046e-08
2188.0 5.844899820973087e-08
2189.0 5.842537943674129e-08
2190.0 5.840176066375171e-08
2191.0 5.8378141890762125e-08
2192.0 5.835452311777256e-08
2193.0 5.833090434478297e-08
2194.0 5.830728557179339e-08
2195.0 5.828366679880379e-08
2196.0 5.8260048025814225e-08
2197.0 5.823642925282464e-08
2198.0 5.821281047983506e-08
2199.0 5.818919170684547e-08
2200.0 5.816557293385589e-08
2201.0 5.814195416086631e-08
2202.0 5.8118335387876724e-08
2203.0 5.809471661488713e-08
2204.0 5.807109784189757e-08
2205.0 5.804747906890799e-08
2206.0 5.802386029591839e-08
2207.0 5.800024152292884e-08
2208.0 5.797662274993924e-08
2209.0 5.795300397694966e-08
2210.0 5.792938520396007e-08
2211.0 5.790576643097049e-08
2212.0 5.788214765798091e-08
2213.0 5.785852888499132e-08
2214.0 5.783491011200174e-08
2215.0 5.7811291339012156e-08
2216.0 5.7787672566022576e-08
2217.0 5.7764053793033e-08
2218.0 5.774043502004342e-08
2219.0 5.7716816247053836e-08
2220.0 5.7693197474064256e-08
2221.0 5.766957870107468e-08
2222.0 5.764595992808509e-08
2223.0 5.762234115509551e-08
2224.0 5.759872238210592e-08
2225.0 5.757510360911634e-08
2226.0 5.7551484836126755e-08
2227.0 5.7527866063137175e-08
2228.0 5.75042472901476e-08
2229.0 5.748062851715802e-08
2230.0 5.7457009744168435e-08
2231.0 5.7433390971178855e-08
2232.0 5.740977219818928e-08
2233.0 5.738615342519969e-08
2234.0 5.7362534652210114e-08
2235.0 5.733891587922052e-08
2236.0 5.731529710623094e-08
2237.0 5.729167833324137e-08
2238.0 5.7268059560251774e-08
2239.0 5.724444078726219e-08
2240.0 5.722082201427261e-08
2241.0 5.7197203241283034e-08
2242.0 5.7173584468293454e-08
2243.0 5.714996569530388e-08
2244.0 5.712634692231429e-08
2245.0 5.710272814932471e-08
2246.0 5.707910937633513e-08
2247.0 5.705549060334554e-08
2248.0 5.7031871830355966e-08
2249.0 5.700825305736637e-08
2250.0 5.6984634284376786e-08
2251.0 5.696101551138722e-08
2252.0 5.693739673839762e-08
2253.0 5.691377796540805e-08
2254.0 5.6890159192418466e-08
2255.0 5.6866540419428886e-08
2256.0 5.68429216464393e-08
2257.0 5.681930287344973e-08
2258.0 5.679568410046014e-08
2259.0 5.6772065327470565e-08
2260.0 5.674844655448098e-08
2261.0 5.6724827781491385e-08
2262.0 5.670120900850182e-08
2263.0 5.667759023551222e-08
2264.0 5.665397146252265e-08
2265.0 5.6630352689533065e-08
2266.0 5.6606733916543485e-08
2267.0 5.658311514355391e-08
2268.0 5.655949637056433e-08
2269.0 5.653587759757474e-08
2270.0 5.6512258824585164e-08
2271.0 5.648864005159558e-08
2272.0 5.6465021278605984e-08
2273.0 5.644140250561642e-08
2274.0 5.641778373262683e-08
2275.0 5.639416495963725e-08
2276.0 5.6370546186647664e-08
2277.0 5.6346927413658084e-08
2278.0 5.63233086406685e-08
2279.0 5.629968986767893e-08
2280.0 5.6276071094689337e-08
2281.0 5.625245232169976e-08
2282.0 5.6228833548710176e-08
2283.0 5.620521477572058e-08
2284.0 5.6181596002731016e-08
2285.0 5.615797722974143e-08
2286.0 5.6134358456751836e-08
2287.0 5.611073968376226e-08
2288.0 5.608712091077268e-08
2289.0 5.6063502137783096e-08
2290.0 5.6039883364793516e-08
2291.0 5.601626459180393e-08
2292.0 5.599264581881436e-08
2293.0 5.5969027045824775e-08
2294.0 5.594540827283518e-08
2295.0 5.5921789499845615e-08
2296.0 5.589817072685604e-08
2297.0 5.5874551953866435e-08
2298.0 5.585093318087686e-08
2299.0 5.582731440788728e-08
2300.0 5.5803695634897695e-08
2301.0 5.578007686190813e-08
2302.0 5.575645808891853e-08
2303.0 5.573283931592896e-08
2304.0 5.5709588914446296e-08
2305.0 5.568897981109456e-08
2306.0 5.566837070774281e-08
2307.0 5.5647761604391065e-08
2308.0 5.562715250103931e-08
2309.0 5.5606543397687567e-08
2310.0 5.558593429433583e-08
2311.0 5.556532519098408e-08
2312.0 5.5544716087632336e-08
2313.0 5.552410698428058e-08
2314.0 5.550349788092885e-08
2315.0 5.5482888777577104e-08
2316.0 5.546227967422535e-08
2317.0 5.5441670570873606e-08
2318.0 5.5421061467521873e-08
2319.0 5.540045236417011e-08
2320.0 5.5379843260818375e-08
2321.0 5.535923415746663e-08
2322.0 5.5338625054114877e-08
2323.0 5.531801595076313e-08
2324.0 5.5297406847411385e-08
2325.0 5.527679774405963e-08
2326.0 5.5256188640707886e-08
2327.0 5.523557953735615e-08
2328.0 5.52149704340044e-08
2329.0 5.5194361330652655e-08
2330.0 5.51737522273009e-08
2331.0 5.515314312394917e-08
2332.0 5.5132534020597424e-08
2333.0 5.5111924917245665e-08
2334.0 5.5091315813893926e-08
2335.0 5.507070671054218e-08
2336.0 5.505009760719043e-08
2337.0 5.5029488503838695e-08
2338.0 5.5008879400486936e-08
2339.0 5.4988270297135197e-08
2340.0 5.496766119378345e-08
2341.0 5.4947052090431705e-08
2342.0 5.4926442987079965e-08
2343.0 5.490583388372822e-08
2344.0 5.488522478037647e-08
2345.0 5.486461567702472e-08
2346.0 5.4844006573672975e-08
2347.0 5.482339747032123e-08
2348.0 5.480278836696949e-08
2349.0 5.478217926361773e-08
2350.0 5.4761570160265985e-08
2351.0 5.4740961056914246e-08
2352.0 5.47203519535625e-08
2353.0 5.469974285021075e-08
2354.0 5.4679133746859015e-08
2355.0 5.465852464350727e-08
2356.0 5.4637915540155516e-08
2357.0 5.461730643680377e-08
2358.0 5.4596697333452025e-08
2359.0 5.4576088230100285e-08
2360.0 5.455547912674854e-08
2361.0 5.453487002339679e-08
2362.0 5.451426092004504e-08
2363.0 5.4493651816693295e-08
2364.0 5.4473042713341556e-08
2365.0 5.44524336099898e-08
2366.0 5.4431824506638064e-08
2367.0 5.441121540328631e-08
2368.0 5.4390606299934566e-08
2369.0 5.436999719658282e-08
2370.0 5.434938809323107e-08
2371.0 5.4328778989879335e-08
2372.0 5.4308169886527576e-08
2373.0 5.4287560783175836e-08
2374.0 5.426695167982409e-08
2375.0 5.4246342576472345e-08
2376.0 5.422573347312059e-08
2377.0 5.4205124369768846e-08
2378.0 5.418451526641711e-08
2379.0 5.416390616306536e-08
2380.0 5.4143297059713615e-08
2381.0 5.412268795636187e-08
2382.0 5.4102078853010117e-08
2383.0 5.4081469749658384e-08
2384.0 5.406086064630663e-08
2385.0 5.4040251542954886e-08
2386.0 5.401964243960314e-08
2387.0 5.399903333625139e-08
2388.0 5.3978424232899655e-08
2389.0 5.395781512954791e-08
2390.0 5.3937206026196156e-08
2391.0 5.391659692284441e-08
2392.0 5.3895987819492664e-08
2393.0 5.387537871614091e-08
2394.0 5.3854769612789166e-08
2395.0 5.383416050943743e-08
2396.0 5.381355140608568e-08
2397.0 5.3792942302733935e-08
2398.0 5.377233319938219e-08
2399.0 5.3751724096030437e-08
2400.0 5.3731114992678704e-08
2401.0 5.371050588932695e-08
2402.0 5.3689896785975206e-08
2403.0 5.3669287682623466e-08
2404.0 5.364867857927171e-08
2405.0 5.362806947591997e-08
2406.0 5.360746037256822e-08
2407.0 5.3586851269216476e-08
2408.0 5.3566242165864724e-08
2409.0 5.354563306251298e-08
2410.0 5.352502395916124e-08
2411.0 5.350441485580949e-08
2412.0 5.3483805752457747e-08
2413.0 5.3463196649105994e-08
2414.0 5.3442587545754255e-08
2415.0 5.342197844240251e-08
2416.0 5.340136933905076e-08
2417.0 5.3380760235699024e-08
2418.0 5.3360151132347265e-08
2419.0 5.3339542028995525e-08
2420.0 5.331893292564378e-08
2421.0 5.329832382229203e-08
2422.0 5.327771471894028e-08
2423.0 5.3257105615588535e-08
2424.0 5.3236496512236796e-08
2425.0 5.321588740888505e-08
2426.0 5.31952783055333e-08
2427.0 5.317466920218156e-08
2428.0 5.315406009882981e-08
2429.0 5.3133450995478067e-08
2430.0 5.3112841892126314e-08
2431.0 5.3092232788774575e-08
2432.0 5.307162368542283e-08
2433.0 5.305101458207108e-08
2434.0 5.303040547871934e-08
2435.0 5.3009796375367585e-08
2436.0 5.2989187272015845e-08
2437.0 5.2968578168664106e-08
2438.0 5.294796906531235e-08
2439.0 5.2927359961960614e-08
2440.0 5.290675085860887e-08
2441.0 5.2886141755257116e-08
2442.0 5.286553265190537e-08
2443.0 5.284492354855362e-08
2444.0 5.2824314445201885e-08
2445.0 5.2803705341850126e-08
2446.0 5.278309623849839e-08
2447.0 5.276248713514664e-08
2448.0 5.2741878031794895e-08
2449.0 5.272126892844315e-08
2450.0 5.2700659825091396e-08
2451.0 5.268005072173966e-08
2452.0 5.2659441618387904e-08
2453.0 5.2638832515036165e-08
2454.0 5.261822341168441e-08
2455.0 5.259761430833267e-08
2456.0 5.257700520498093e-08
2457.0 5.255639610162918e-08
2458.0 5.2535786998277436e-08
2459.0 5.251517789492568e-08
2460.0 5.249456879157394e-08
2461.0 5.24739596882222e-08
2462.0 5.245335058487045e-08
2463.0 5.243274148151871e-08
2464.0 5.241213237816696e-08
2465.0 5.2391523274815215e-08
2466.0 5.237091417146347e-08
2467.0 5.2350305068111716e-08
2468.0 5.2329695964759983e-08
2469.0 5.230908686140823e-08
2470.0 5.2288477758056485e-08
2471.0 5.226786865470474e-08
2472.0 5.2247259551352987e-08
2473.0 5.222665044800125e-08
2474.0 5.22060413446495e-08
2475.0 5.2185432241297756e-08
2476.0 5.2164823137946016e-08
2477.0 5.214421403459426e-08
2478.0 5.212360493124252e-08
2479.0 5.210299582789077e-08
2480.0 5.208238672453903e-08
2481.0 5.206177762118729e-08
2482.0 5.2044755247542016e-08
2483.0 5.202952006585173e-08
2484.0 5.2014284884161435e-08
2485.0 5.199904970247116e-08
2486.0 5.198381452078087e-08
2487.0 5.196857933909057e-08
2488.0 5.195334415740029e-08
2489.0 5.193810897571e-08
2490.0 5.192287379401972e-08
2491.0 5.1907638612329436e-08
2492.0 5.189240343063914e-08
2493.0 5.1877168248948855e-08
2494.0 5.1861933067258565e-08
2495.0 5.184669788556828e-08
2496.0 5.1831462703877984e-08
2497.0 5.1816227522187714e-08
2498.0 5.1800992340497424e-08
2499.0 5.178575715880713e-08
2500.0 5.1770521977116836e-08
2501.0 5.1755286795426566e-08
2502.0 5.174005161373627e-08
2503.0 5.172481643204599e-08
2504.0 5.1709581250355695e-08
2505.0 5.169434606866541e-08
2506.0 5.1679110886975114e-08
2507.0 5.166387570528483e-08
2508.0 5.1648640523594554e-08
2509.0 5.163340534190426e-08
2510.0 5.1618170160213967e-08
2511.0 5.160293497852368e-08
2512.0 5.15876997968334e-08
2513.0 5.1572464615143115e-08
2514.0 5.155722943345282e-08
2515.0 5.1541994251762535e-08
2516.0 5.1526759070072245e-08
2517.0 5.151152388838196e-08
2518.0 5.149628870669167e-08
2519.0 5.148105352500139e-08
2520.0 5.1465818343311097e-08
2521.0 5.1450583161620806e-08
2522.0 5.143534797993052e-08
2523.0 5.142011279824023e-08
2524.0 5.140487761654995e-08
2525.0 5.138964243485966e-08
2526.0 5.1374407253169375e-08
2527.0 5.135917207147909e-08
2528.0 5.13439368897888e-08
2529.0 5.132870170809851e-08
2530.0 5.131346652640823e-08
2531.0 5.1298231344717936e-08
2532.0 5.128299616302765e-08
2533.0 5.126776098133736e-08
2534.0 5.125252579964707e-08
2535.0 5.123729061795679e-08
2536.0 5.1222055436266505e-08
2537.0 5.120682025457621e-08
2538.0 5.119158507288592e-08
2539.0 5.1176349891195634e-08
2540.0 5.116111470950535e-08
2541.0 5.114587952781505e-08
2542.0 5.1130644346124776e-08
2543.0 5.1115409164434486e-08
2544.0 5.11001739827442e-08
2545.0 5.108493880105392e-08
2546.0 5.1069703619363635e-08
2547.0 5.1054468437673344e-08
2548.0 5.1039233255983054e-08
2549.0 5.102399807429277e-08
2550.0 5.1008762892602473e-08
2551.0 5.099352771091218e-08
2552.0 5.0978292529221906e-08
2553.0 5.0963057347531616e-08
2554.0 5.094782216584133e-08
2555.0 5.0932586984151035e-08
2556.0 5.091735180246075e-08
2557.0 5.090211662077046e-08
2558.0 5.0886881439080184e-08
2559.0 5.087164625738989e-08
2560.0 5.08564110756996e-08
2561.0 5.084117589400931e-08
2562.0 5.0825940712319036e-08
2563.0 5.081070553062874e-08
2564.0 5.0795470348938455e-08
2565.0 5.0780235167248165e-08
2566.0 5.0764999985557875e-08
2567.0 5.074976480386759e-08
2568.0 5.07345296221773e-08
2569.0 5.0719294440487024e-08
2570.0 5.070405925879673e-08
2571.0 5.0688824077106436e-08
2572.0 5.067358889541615e-08
2573.0 5.065835371372587e-08
2574.0 5.0643118532035585e-08
2575.0 5.062788335034528e-08
2576.0 5.0612648168655005e-08
2577.0 5.059741298696472e-08
2578.0 5.058217780527443e-08
2579.0 5.056694262358414e-08
2580.0 5.055170744189387e-08
2581.0 5.053647226020357e-08
2582.0 5.052123707851328e-08
2583.0 5.0506001896822986e-08
2584.0 5.0490766715132696e-08
2585.0 5.047553153344242e-08
2586.0 5.046029635175213e-08
2587.0 5.044506117006185e-08
2588.0 5.0429825988371554e-08
2589.0 5.041459080668127e-08
2590.0 5.0399355624990974e-08
2591.0 5.0384120443300697e-08
2592.0 5.0368885261610406e-08
2593.0 5.0353650079920116e-08
2594.0 5.033841489822983e-08
2595.0 5.032317971653954e-08
2596.0 5.030794453484926e-08
2597.0 5.029270935315896e-08
2598.0 5.0277474171468684e-08
2599.0 5.02622389897784e-08
2600.0 5.024700380808812e-08
2601.0 5.0231768626397827e-08
2602.0 5.021653344470753e-08
2603.0 5.0201298263017246e-08
2604.0 5.018606308132696e-08
2605.0 5.0170827899636665e-08
2606.0 5.0155592717946375e-08
2607.0 5.0140357536256105e-08
2608.0 5.0125122354565814e-08
2609.0 5.010988717287552e-08
2610.0 5.009465199118523e-08
2611.0 5.0079416809494943e-08
2612.0 5.006418162780466e-08
2613.0 5.004894644611437e-08
2614.0 5.0033711264424086e-08
2615.0 5.0018476082733795e-08
2616.0 5.000324090104352e-08
2617.0 4.998800571935322e-08
2618.0 4.997277053766293e-08
2619.0 4.995753535597265e-08
2620.0 4.9942300174282364e-08
2621.0 4.9927064992592073e-08
2622.0 4.9911829810901776e-08
2623.0 4.9896594629211506e-08
2624.0 4.988135944752121e-08
2625.0 4.9866124265830925e-08
2626.0 4.985088908414064e-08
2627.0 4.9835653902450345e-08
2628.0 4.982041872076006e-08
2629.0 4.9805183539069764e-08
2630.0 4.978994835737949e-08
2631.0 4.97747131756892e-08
2632.0 4.975947799399891e-08
2633.0 4.974424281230862e-08
2634.0 4.972900763061834e-08
2635.0 4.971377244892805e-08
2636.0 4.9698537267237765e-08
2637.0 4.968330208554748e-08
2638.0 4.9668066903857184e-08
2639.0 4.96528317221669e-08
2640.0 4.963759654047662e-08
2641.0 4.962236135878633e-08
2642.0 4.9607126177096037e-08
2643.0 4.959189099540575e-08
2644.0 4.9576655813715456e-08
2645.0 4.9561420632025166e-08
2646.0 4.954618545033488e-08
2647.0 4.95309502686446e-08
2648.0 4.951571508695432e-08
2649.0 4.950047990526401e-08
2650.0 4.948524472357374e-08
2651.0 4.9470009541883444e-08
2652.0 4.9454774360193167e-08
2653.0 4.943953917850288e-08
2654.0 4.942430399681258e-08
2655.0 4.940906881512231e-08
2656.0 4.939383363343201e-08
2657.0 4.937859845174173e-08
2658.0 4.936336327005144e-08
2659.0 4.934812808836115e-08
2660.0 4.9332892906670864e-08
2661.0 4.931765772498059e-08
2662.0 4.9302422543290283e-08
2663.0 4.92871873616e-08
2664.0 4.9271952179909716e-08
2665.0 4.925671699821943e-08
2666.0 4.924148181652914e-08
2667.0 4.922624663483885e-08
2668.0 4.921101145314856e-08
2669.0 4.919577627145828e-08
2670.0 4.9180541089768e-08
2671.0 4.91653059080777e-08
2672.0 4.915007072638741e-08
2673.0 4.9135118305045344e-08
2674.0 4.912040281412651e-08
2675.0 4.910568732320769e-08
2676.0 4.9090971832288837e-08
2677.0 4.907625634137001e-08
2678.0 4.906154085045118e-08
2679.0 4.9046825359532355e-08
2680.0 4.903210986861352e-08
2681.0 4.901739437769469e-08
2682.0 4.9002678886775854e-08
2683.0 4.898796339585702e-08
2684.0 4.8973247904938185e-08
2685.0 4.8958532414019366e-08
2686.0 4.894381692310052e-08
2687.0 4.892910143218169e-08
2688.0 4.891438594126286e-08
2689.0 4.8899670450344034e-08
2690.0 4.88849549594252e-08
2691.0 4.8870239468506364e-08
2692.0 4.8855523977587526e-08
2693.0 4.88408084866687e-08
2694.0 4.882609299574986e-08
2695.0 4.881137750483103e-08
2696.0 4.8796662013912193e-08
2697.0 4.878194652299337e-08
2698.0 4.8767231032074544e-08
2699.0 4.87525155411557e-08
2700.0 4.873780005023688e-08
2701.0 4.8723084559318036e-08
2702.0 4.870836906839921e-08
2703.0 4.869365357748038e-08
2704.0 4.867893808656153e-08
2705.0 4.8664222595642717e-08
2706.0 4.864950710472388e-08
2707.0 4.863479161380505e-08
2708.0 4.8620076122886216e-08
2709.0 4.860536063196738e-08
2710.0 4.859064514104856e-08
2711.0 4.8575929650129714e-08
2712.0 4.8561214159210876e-08
2713.0 4.854649866829205e-08
2714.0 4.8531783177373227e-08
2715.0 4.851706768645439e-08
2716.0 4.8502352195535564e-08
2717.0 4.8487636704616725e-08
2718.0 4.847292121369789e-08
2719.0 4.845820572277906e-08
2720.0 4.844349023186023e-08
2721.0 4.84287747409414e-08
2722.0 4.841405925002256e-08
2723.0 4.8399343759103736e-08
2724.0 4.83846282681849e-08
2725.0 4.836991277726607e-08
2726.0 4.835519728634724e-08
2727.0 4.8340481795428404e-08
2728.0 4.8325766304509566e-08
2729.0 4.831105081359074e-08
2730.0 4.82963353226719e-08
2731.0 4.828161983175307e-08
2732.0 4.826690434083423e-08
2733.0 4.825218884991541e-08
2734.0 4.8237473358996583e-08
2735.0 4.822275786807775e-08
2736.0 4.820804237715891e-08
2737.0 4.8193326886240076e-08
2738.0 4.817861139532125e-08
2739.0 4.8163895904402426e-08
2740.0 4.814918041348358e-08
2741.0 4.813446492256474e-08
2742.0 4.811974943164592e-08
2743.0 4.810503394072709e-08
2744.0 4.8090318449808255e-08
2745.0 4.8075602958889424e-08
2746.0 4.8060887467970586e-08
2747.0 4.804617197705176e-08
2748.0 4.803145648613293e-08
2749.0 4.801674099521409e-08
2750.0 4.8002025504295266e-08
2751.0 4.7987310013376435e-08
2752.0 4.7972594522457597e-08
2753.0 4.7957879031538765e-08
2754.0 4.7943163540619934e-08
2755.0 4.79284480497011e-08
2756.0 4.791373255878227e-08
2757.0 4.789901706786343e-08
2758.0 4.78843015769446e-08
2759.0 4.786958608602577e-08
2760.0 4.785487059510694e-08
2761.0 4.78401551041881e-08
2762.0 4.782543961326928e-08
2763.0 4.7810724122350443e-08
2764.0 4.779600863143161e-08
2765.0 4.778129314051278e-08
2766.0 4.776657764959394e-08
2767.0 4.775186215867512e-08
2768.0 4.773714666775628e-08
2769.0 4.772243117683745e-08
2770.0 4.7707715685918616e-08
2771.0 4.7693000194999785e-08
2772.0 4.7678284704080953e-08
2773.0 4.7663569213162115e-08
2774.0 4.764885372224329e-08
2775.0 4.7634138231324466e-08
2776.0 4.7619422740405614e-08
2777.0 4.760470724948679e-08
2778.0 4.758999175856796e-08
2779.0 4.7575276267649126e-08
2780.0 4.7560560776730295e-08
2781.0 4.754584528581146e-08
2782.0 4.7531129794892625e-08
2783.0 4.75164143039738e-08
2784.0 4.7501698813054975e-08
2785.0 4.748698332213613e-08
2786.0 4.7472267831217306e-08
2787.0 4.745755234029847e-08
2788.0 4.744283684937964e-08
2789.0 4.7428121358460805e-08
2790.0 4.741340586754197e-08
2791.0 4.7398690376623135e-08
2792.0 4.738397488570432e-08
2793.0 4.736925939478548e-08
2794.0 4.735454390386665e-08
2795.0 4.733982841294781e-08
2796.0 4.7325112922028984e-08
2797.0 4.731039743111015e-08
2798.0 4.729568194019132e-08
2799.0 4.7280966449272477e-08
2800.0 4.726625095835365e-08
2801.0 4.7251535467434814e-08
2802.0 4.723681997651598e-08
2803.0 4.7222104485597144e-08
2804.0 4.720738899467832e-08
2805.0 4.7192673503759494e-08
2806.0 4.7177958012840656e-08
2807.0 4.716324252192183e-08
2808.0 4.7148527031002986e-08
2809.0 4.713381154008416e-08
2810.0 4.711909604916533e-08
2811.0 4.7104380558246505e-08
2812.0 4.708966506732767e-08
2813.0 4.707494957640883e-08
2814.0 4.706023408549e-08
2815.0 4.7045518594571166e-08
2816.0 4.7030803103652334e-08
2817.0 4.7016087612733496e-08
2818.0 4.700137212181467e-08
2819.0 4.698665663089584e-08
2820.0 4.6971941139977015e-08
2821.0 4.6957225649058184e-08
2822.0 4.694251015813934e-08
2823.0 4.692779466722051e-08
2824.0 4.691307917630168e-08
2825.0 4.689836368538285e-08
2826.0 4.688364819446401e-08
2827.0 4.686893270354518e-08
2828.0 4.685421721262635e-08
2829.0 4.683950172170752e-08
2830.0 4.682478623078869e-08
2831.0 4.681007073986985e-08
2832.0 4.679535524895102e-08
2833.0 4.6780639758032186e-08
2834.0 4.676592426711336e-08
2835.0 4.6751208776194516e-08
2836.0 4.6736493285275685e-08
2837.0 4.6721777794356866e-08
2838.0 4.670706230343803e-08
2839.0 4.66923468125192e-08
2840.0 4.667763132160036e-08
2841.0 4.6662915830681534e-08
2842.0 4.6648200339762696e-08
2843.0 4.663348484884386e-08
2844.0 4.6618769357925026e-08
2845.0 4.66040538670062e-08
2846.0 4.6589338376087376e-08
2847.0 4.657462288516853e-08
2848.0 4.65599073942497e-08
2849.0 4.654519190333087e-08
2850.0 4.6530476412412044e-08
2851.0 4.6515760921493206e-08
2852.0 4.650104543057437e-08
2853.0 4.6486329939655536e-08
2854.0 4.647161444873671e-08
2855.0 4.645689895781788e-08
2856.0 4.6442183466899055e-08
2857.0 4.6427467975980217e-08
2858.0 4.641275248506138e-08
2859.0 4.639803699414255e-08
2860.0 4.6383321503223715e-08
2861.0 4.636860601230488e-08
2862.0 4.635389052138606e-08
2863.0 4.633917503046722e-08
2864.0 4.632445953954839e-08
2865.0 4.630974404862956e-08
2866.0 4.6295028557710727e-08
2867.0 4.628031306679189e-08
2868.0 4.6265597575873064e-08
2869.0 4.625088208495423e-08
2870.0 4.6236166594035394e-08
2871.0 4.622145110311656e-08
2872.0 4.620673561219773e-08
2873.0 4.619202012127889e-08
2874.0 4.617730463036007e-08
2875.0 4.616258913944124e-08
2876.0 4.61478736485224e-08
2877.0 4.613315815760356e-08
2878.0 4.6118442666684735e-08
2879.0 4.6104580952925896e-08
2880.0 4.6091085876673875e-08
2881.0 4.607759080042186e-08
2882.0 4.6064095724169854e-08
2883.0 4.6050600647917833e-08
2884.0 4.603710557166582e-08
2885.0 4.60236104954138e-08
2886.0 4.6010115419161785e-08
2887.0 4.599662034290976e-08
2888.0 4.598312526665775e-08
2889.0 4.596963019040573e-08
2890.0 4.595613511415372e-08
2891.0 4.59426400379017e-08
2892.0 4.592914496164968e-08
2893.0 4.591564988539767e-08
2894.0 4.590215480914565e-08
2895.0 4.588865973289363e-08
2896.0 4.587516465664162e-08
2897.0 4.5861669580389604e-08
2898.0 4.5848174504137576e-08
2899.0 4.583467942788557e-08
2900.0 4.5821184351633555e-08
2901.0 4.5807689275381534e-08
2902.0 4.579419419912952e-08
2903.0 4.57806991228775e-08
2904.0 4.576720404662549e-08
2905.0 4.5753708970373465e-08
2906.0 4.5740213894121444e-08
2907.0 4.572671881786943e-08
2908.0 4.5713223741617416e-08
2909.0 4.5699728665365395e-08
2910.0 4.568623358911338e-08
2911.0 4.567273851286137e-08
2912.0 4.565924343660935e-08
2913.0 4.564574836035733e-08
2914.0 4.5632253284105325e-08
2915.0 4.56187582078533e-08
2916.0 4.560526313160128e-08
2917.0 4.559176805534926e-08
2918.0 4.557827297909725e-08
2919.0 4.5564777902845235e-08
2920.0 4.5551282826593214e-08
2921.0 4.55377877503412e-08
2922.0 4.552429267408918e-08
2923.0 4.5510797597837166e-08
2924.0 4.549730252158515e-08
2925.0 4.548380744533314e-08
2926.0 4.5470312369081123e-08
2927.0 4.5456817292829096e-08
2928.0 4.544332221657708e-08
2929.0 4.5429827140325055e-08
2930.0 4.541633206407304e-08
2931.0 4.5402836987821033e-08
2932.0 4.538934191156901e-08
2933.0 4.5375846835317005e-08
2934.0 4.536235175906498e-08
2935.0 4.534885668281296e-08
2936.0 4.533536160656094e-08
2937.0 4.5321866530308936e-08
2938.0 4.530837145405692e-08
2939.0 4.5294876377804895e-08
2940.0 4.528138130155288e-08
2941.0 4.526788622530087e-08
2942.0 4.5254391149048846e-08
2943.0 4.524089607279683e-08
2944.0 4.522740099654481e-08
2945.0 4.5213905920292804e-08
2946.0 4.520041084404078e-08
2947.0 4.518691576778876e-08
2948.0 4.517342069153675e-08
2949.0 4.515992561528473e-08
2950.0 4.514643053903272e-08
2951.0 4.51329354627807e-08
2952.0 4.5119440386528685e-08
2953.0 4.5105945310276665e-08
2954.0 4.509245023402464e-08
2955.0 4.5078955157772623e-08
2956.0 4.5065460081520616e-08
2957.0 4.5051965005268595e-08
2958.0 4.503846992901658e-08
2959.0 4.502497485276456e-08
2960.0 4.501147977651255e-08
2961.0 4.4997984700260526e-08
2962.0 4.498448962400852e-08
2963.0 4.4970994547756504e-08
2964.0 4.495749947150448e-08
2965.0 4.494400439525246e-08
2966.0 4.493050931900045e-08
2967.0 4.491701424274843e-08
2968.0 4.4903519166496414e-08
2969.0 4.48900240902444e-08
2970.0 4.487652901399238e-08
2971.0 4.4863033937740366e-08
2972.0 4.4849538861488345e-08
2973.0 4.483604378523633e-08
2974.0 4.482254870898432e-08
2975.0 4.4809053632732296e-08
2976.0 4.479555855648028e-08
2977.0 4.478206348022826e-08
2978.0 4.476856840397625e-08
2979.0 4.4755073327724233e-08
2980.0 4.474157825147222e-08
2981.0 4.47280831752202e-08
2982.0 4.4714588098968185e-08
2983.0 4.470109302271616e-08
2984.0 4.4687597946464137e-08
2985.0 4.467410287021213e-08
2986.0 4.4660607793960115e-08
2987.0 4.46471127177081e-08
2988.0 4.463361764145609e-08
2989.0 4.462012256520406e-08
2990.0 4.4606627488952046e-08
2991.0 4.4593132412700025e-08
2992.0 4.457963733644801e-08
2993.0 4.4566142260196e-08
2994.0 4.4552647183943976e-08
2995.0 4.453915210769196e-08
2996.0 4.4525657031439955e-08
2997.0 4.451216195518793e-08
2998.0 4.449866687893592e-08
2999.0 4.4485171802683886e-08
3000.0 4.4471676726431885e-08
3001.0 4.4458181650179865e-08
3002.0 4.444468657392784e-08
3003.0 4.443119149767583e-08
3004.0 4.441769642142381e-08
3005.0 4.4404201345171795e-08
3006.0 4.439070626891978e-08
3007.0 4.437721119266777e-08
3008.0 4.436371611641575e-08
3009.0 4.4350221040163726e-08
3010.0 4.4336725963911705e-08
3011.0 4.43232308876597e-08
3012.0 4.4309735811407684e-08
3013.0 4.429624073515566e-08
3014.0 4.4282745658903636e-08
3015.0 4.4269250582651635e-08
3016.0 4.4255755506399614e-08
3017.0 4.42422604301476e-08
3018.0 4.4228765353895586e-08
3019.0 4.4215270277643566e-08
3020.0 4.4201775201391545e-08
3021.0 4.418828012513953e-08
3022.0 4.417478504888751e-08
3023.0 4.4161289972635496e-08
3024.0 4.414779489638348e-08
3025.0 4.413429982013146e-08
3026.0 4.4120804743879454e-08
3027.0 4.410730966762743e-08
3028.0 4.409381459137541e-08
3029.0 4.408031951512339e-08
3030.0 4.406682443887138e-08
3031.0 4.405332936261936e-08
3032.0 4.403983428636733e-08
3033.0 4.402633921011533e-08
3034.0 4.4012844133863315e-08
3035.0 4.39993490576113e-08
3036.0 4.398585398135928e-08
3037.0 4.397235890510726e-08
3038.0 4.3958863828855246e-08
3039.0 4.3945368752603225e-08
3040.0 4.393187367635121e-08
3041.0 4.39183786000992e-08
3042.0 4.3904883523847176e-08
3043.0 4.389138844759516e-08
3044.0 4.387789337134314e-08
3045.0 4.3864398295091134e-08
3046.0 4.385090321883912e-08
3047.0 4.3837408142587086e-08
3048.0 4.382391306633508e-08
3049.0 4.3810417990083065e-08
3050.0 4.379692291383104e-08
3051.0 4.3783427837579037e-08
3052.0 4.376993276132701e-08
3053.0 4.3756437685075e-08
3054.0 4.3742942608822975e-08
3055.0 4.372944753257097e-08
3056.0 4.371595245631895e-08
3057.0 4.3702457380066926e-08
3058.0 4.368896230381491e-08
3059.0 4.3675467227562885e-08
3060.0 4.366197215131088e-08
3061.0 4.3648477075058856e-08
3062.0 4.3634981998806836e-08
3063.0 4.362148692255483e-08
3064.0 4.3607991846302814e-08
3065.0 4.35944967700508e-08
3066.0 4.358100169379878e-08
3067.0 4.356750661754676e-08
3068.0 4.3554011541294745e-08
3069.0 4.3540516465042724e-08
3070.0 4.352702138879072e-08
3071.0 4.3513526312538696e-08
3072.0 4.350003123628668e-08
3073.0 4.348653616003466e-08
3074.0 4.3473041083782634e-08
3075.0 4.345954600753063e-08
3076.0 4.344605093127862e-08
3077.0 4.3432555855026585e-08
3078.0 4.341906077877458e-08
3079.0 4.3405565702522564e-08
3080.0 4.3392070626270537e-08
3081.0 4.337857555001853e-08
3082.0 4.336508047376651e-08
3083.0 4.33515853975145e-08
3084.0 4.333809032126248e-08
3085.0 4.3324595245010466e-08
3086.0 4.3311100168758446e-08
3087.0 4.3297605092506425e-08
3088.0 4.328411001625441e-08
3089.0 4.327061494000239e-08
3090.0 4.3257119863750376e-08
3091.0 4.324362478749837e-08
3092.0 4.3230129711246335e-08
3093.0 4.3216634634994334e-08
3094.0 4.3203139558742314e-08
3095.0 4.3189644482490286e-08
3096.0 4.317614940623828e-08
3097.0 4.3162654329986265e-08
3098.0 4.3149159253734244e-08
3099.0 4.3135664177482223e-08
3100.0 4.3122169101230216e-08
