2.0 8.929195516180815
3.0 1.781268794859234
4.0 0.5675686512969678
5.0 0.23374886750049204
6.0 0.11323427466428318
7.0 0.0613571889237289
8.0 0.03608942978226838
9.0 0.02260054558492425
10.0 0.01487127670209974
11.0 0.010185483881575084
12.0 0.007211164260256285
13.0 0.005249696302960209
14.0 0.003913768479581959
15.0 0.0029784219525195287
16.0 0.002307706743638793
17.0 0.001816602848424032
18.0 0.0014503303277628174
19.0 0.001172654843233457
20.0 0.0009590448548396695
21.0 0.0007925432633807765
22.0 0.0006612078955165382
23.0 0.0005564853913396276
24.0 0.0004721550828978339
25.0 0.00040362922790194294
26.0 0.00034748084428192226
27.0 0.0003011197710390554
28.0 0.00026256700023672265
29.0 0.00023029523851447875
30.0 0.00020311478452767788
31.0 0.00018009085014151826
32.0 0.00016048298537731556
33.0 0.00014370023068920268
34.0 0.00012926758673189857
35.0 0.00011680071478440839
36.0 0.00010598668251446875
37.0 9.656919150033206e-05
38.0 8.833715656262737e-05
39.0 8.11158126286416e-05
40.0 7.47597424811547e-05
41.0 6.914737515992679e-05
42.0 6.417661821126299e-05
43.0 5.976136993239595e-05
44.0 5.58287189091573e-05
45.0 5.2316683570883564e-05
46.0 4.917237847512534e-05
47.0 4.6350519641861443e-05
48.0 4.381220067659574e-05
49.0 4.1523886241661684e-05
50.0 3.945658081273911e-05
51.0 3.758513944274989e-05
52.0 3.58876940759962e-05
53.0 3.4345174278834e-05
54.0 3.294090542901833e-05
55.0 3.166027069740233e-05
56.0 3.0490425762279085e-05
57.0 2.9420057270104813e-05
58.0 2.843917771280226e-05
59.0 2.753895072066848e-05
60.0 2.6711541840172145e-05
61.0 2.5949990731259816e-05
62.0 2.5248101421041263e-05
63.0 2.460034782267426e-05
64.0 2.400179219571461e-05
65.0 2.344801460751397e-05
66.0 2.2935051770598265e-05
67.0 2.2459343891209515e-05
68.0 2.2017688379624546e-05
69.0 2.1607199451719526e-05
70.0 2.1225272800163313e-05
71.0 2.0869554637951075e-05
72.0 2.0537914521070553e-05
73.0 2.022842144445121e-05
74.0 1.9939322778854063e-05
75.0 1.9669025678365583e-05
76.0 1.9416080640587007e-05
77.0 1.9179166946043433e-05
78.0 1.8957079741079877e-05
79.0 1.8748718560640874e-05
80.0 1.8553077114740957e-05
81.0 1.836923418586615e-05
82.0 1.8196345504619987e-05
83.0 1.803363648815701e-05
84.0 1.788039574076368e-05
85.0 1.7735969228712946e-05
86.0 1.7599755052538117e-05
87.0 1.7471198749400753e-05
88.0 1.7349789066481296e-05
89.0 1.7235054153483588e-05
90.0 1.712655812856934e-05
91.0 1.7023897977458237e-05
92.0 1.6926700750154562e-05
93.0 1.6834621023888122e-05
94.0 1.6747338604466623e-05
95.0 1.6664556441398097e-05
96.0 1.6585998734915514e-05
97.0 1.6511409215471738e-05
98.0 1.644054957841617e-05
99.0 1.6373198058452154e-05
100.0 1.630914813013926e-05
101.0 1.6248207322175186e-05
102.0 1.6190196134492405e-05
103.0 1.6134947048356188e-05
104.0 1.608230362067135e-05
105.0 1.603211965461112e-05
106.0 1.5984258439486603e-05
107.0 1.593859205349154e-05
108.0 1.5895000723595005e-05
109.0 1.5853372237423525e-05
110.0 1.5813601402481742e-05
111.0 1.577558954851447e-05
112.0 1.5739244069218838e-05
113.0 1.570447799987855e-05
114.0 1.5671209627817996e-05
115.0 1.5639362132866226e-05
116.0 1.560886325528322e-05
117.0 1.5579644988836816e-05
118.0 1.555164329693096e-05
119.0 1.5524797849877137e-05
120.0 1.5499051781573182e-05
121.0 1.5474351464009224e-05
122.0 1.5450646298160835e-05
123.0 1.5427888519956537e-05
124.0 1.5406033020121476e-05
125.0 1.538503717680311e-05
126.0 1.5364860699978937e-05
127.0 1.5345465486731632e-05
128.0 1.5326815486554534e-05
129.0 1.53088765759208e-05
130.0 1.529161644141354e-05
131.0 1.527500447077238e-05
132.0 1.5259011651265003e-05
133.0 1.5243610474840414e-05
134.0 1.5228774849564637e-05
135.0 1.5214480016879783e-05
136.0 1.5200702474264005e-05
137.0 1.5187419902903374e-05
138.0 1.5174611100017256e-05
139.0 1.5162255915506851e-05
140.0 1.5150335192622094e-05
141.0 1.513883071236564e-05
142.0 1.512772514137415e-05
143.0 1.5117001983036862e-05
144.0 1.5106645531629435e-05
145.0 1.5096640829257839e-05
146.0 1.5086973625422204e-05
147.0 1.5077630339024625e-05
148.0 1.5068598022657894e-05
149.0 1.5059864329023937e-05
150.0 1.505141747934178e-05
151.0 1.5043246233614825e-05
152.0 1.5035339862636693e-05
153.0 1.5027688121623332e-05
154.0 1.5020281225367074e-05
155.0 1.5013109824815652e-05
156.0 1.5006164984985897e-05
157.0 1.4999438164128125e-05
158.0 1.4992921194063023e-05
159.0 1.4986606261618109e-05
160.0 1.4980485891095897e-05
161.0 1.4974552927710397e-05
162.0 1.4968800521932905e-05
163.0 1.4963222114691901e-05
164.0 1.4957811423375623e-05
165.0 1.4952562428589184e-05
166.0 1.4947469361621309e-05
167.0 1.4942526692578713e-05
168.0 1.493772911914876e-05
169.0 1.4933071555953729e-05
170.0 1.492854912446218e-05
171.0 1.4924157143425308e-05
172.0 1.4919891119808e-05
173.0 1.4915746740186406e-05
174.0 1.4911719862585416e-05
175.0 1.4907806508731264e-05
176.0 1.4904002856695883e-05
177.0 1.4900305233911117e-05
178.0 1.4896710110532255e-05
179.0 1.4893214093131567e-05
180.0 1.4889813918703722e-05
181.0 1.4886506448966e-05
182.0 1.4883288664937346e-05
183.0 1.4880157661781086e-05
184.0 1.4877110643897243e-05
185.0 1.4874144920250993e-05
186.0 1.4871257899924785e-05
187.0 1.4868447087882238e-05
188.0 1.4865710080932661e-05
189.0 1.4863044563885756e-05
190.0 1.48604483058865e-05
191.0 1.4857919156920955e-05
192.0 1.4855455044484141e-05
193.0 1.4853053970401692e-05
194.0 1.4850714007797416e-05
195.0 1.4848433298199379e-05
196.0 1.4846210048777516e-05
197.0 1.4844042529706142e-05
198.0 1.4841929071645108e-05
199.0 1.4839868063333757e-05
200.0 1.4837857949292021e-05
201.0 1.4835897227623425e-05
202.0 1.4833984447915004e-05
203.0 1.4832118209229382e-05
204.0 1.483029715818455e-05
205.0 1.4828519987117122e-05
206.0 1.482678543232503e-05
207.0 1.482509227238587e-05
208.0 1.4823439326547301e-05
209.0 1.4821825453186074e-05
210.0 1.4820249548332462e-05
211.0 1.4818710544257e-05
212.0 1.4817207408116668e-05
213.0 1.481573914065769e-05
214.0 1.4814304774972394e-05
215.0 1.4812903375307593e-05
216.0 1.4811534035922139e-05
217.0 1.4810195879991418e-05
218.0 1.4808888058556638e-05
219.0 1.4807609749516883e-05
220.0 1.4806360156662017e-05
221.0 1.4805138508744602e-05
222.0 1.4803944058589082e-05
223.0 1.480277608223658e-05
224.0 1.4801633878123753e-05
225.0 1.4800516766294165e-05
226.0 1.4799424087640791e-05
227.0 1.4798355203178263e-05
228.0 1.479730949334359e-05
229.0 1.4796286357324104e-05
230.0 1.4795285212411461e-05
231.0 1.4794305493380578e-05
232.0 1.4793346651892459e-05
233.0 1.4792408155919854e-05
234.0 1.4791489489194833e-05
235.0 1.4790590150677305e-05
236.0 1.4789709654043646e-05
237.0 1.4788847527194545e-05
238.0 1.4788003311781318e-05
239.0 1.4787176562749882e-05
240.0 1.4786366847901696e-05
241.0 1.4785573747470942e-05
242.0 1.4784796853717288e-05
243.0 1.478403577053361e-05
244.0 1.4783290113068062e-05
245.0 1.4782559507359877e-05
246.0 1.4781843589988418e-05
247.0 1.4781142007734876e-05
248.0 1.4780454417256142e-05
249.0 1.4779780484770385e-05
250.0 1.4779119885753818e-05
251.0 1.4778472304648267e-05
252.0 1.4777837434579097e-05
253.0 1.4777214977083072e-05
254.0 1.4776604641845776e-05
255.0 1.477600614644823e-05
256.0 1.4775419216122343e-05
257.0 1.4774843583514852e-05
258.0 1.4774278988459413e-05
259.0 1.4773725177756573e-05
260.0 1.4773181904961264e-05
261.0 1.4772648930177586e-05
262.0 1.477212601986057e-05
263.0 1.4771612946624671e-05
264.0 1.4771109489058734e-05
265.0 1.4770615431547191e-05
266.0 1.4770130564097263e-05
267.0 1.4769654682171926e-05
268.0 1.4769187586528464e-05
269.0 1.4768729083062347e-05
270.0 1.4768278982656297e-05
271.0 1.4767837101034323e-05
272.0 1.4767403258620516e-05
273.0 1.476697728040251e-05
274.0 1.4766558995799353e-05
275.0 1.4766148238533679e-05
276.0 1.476574484650802e-05
277.0 1.4765348661685098e-05
278.0 1.4764959529971969e-05
279.0 1.4764577301107861e-05
280.0 1.4764201828555599e-05
281.0 1.4763832969396479e-05
282.0 1.4763470584228458e-05
283.0 1.4763114537067584e-05
284.0 1.4762764695252495e-05
285.0 1.4762420929351921e-05
286.0 1.476208311307508e-05
287.0 1.476175112318486e-05
288.0 1.4761424839413672e-05
289.0 1.4761104144381949e-05
290.0 1.4760788923519092e-05
291.0 1.4760479064986907e-05
292.0 1.4760174459605332e-05
293.0 1.4759875000780459e-05
294.0 1.4759580584434721e-05
295.0 1.4759291108939213e-05
296.0 1.475900647504804e-05
297.0 1.4758726585834638e-05
298.0 1.4758451346630026e-05
299.0 1.4758180664962864e-05
300.0 1.4757914450501334e-05
301.0 1.475765261499672e-05
302.0 1.4757395072228668e-05
303.0 1.4757141737952055e-05
304.0 1.4756892529845425e-05
305.0 1.4756647367460925e-05
306.0 1.4756406172175711e-05
307.0 1.4756168867144769e-05
308.0 1.475593537725509e-05
309.0 1.4755705629081192e-05
310.0 1.4755479550841903e-05
311.0 1.4755257072358394e-05
312.0 1.4755038125013424e-05
313.0 1.475482264171172e-05
314.0 1.475461055684152e-05
315.0 1.4754401806237174e-05
316.0 1.4754196327142824e-05
317.0 1.4753994058177103e-05
318.0 1.475379493929881e-05
319.0 1.475359891177358e-05
320.0 1.4753405918141435e-05
321.0 1.4753215902185301e-05
322.0 1.4753028808900333e-05
323.0 1.4752844584464144e-05
324.0 1.4752663176207812e-05
325.0 1.475248453258772e-05
326.0 1.4752308603158134e-05
327.0 1.4752135338544564e-05
328.0 1.4751964690417816e-05
329.0 1.4751796611468779e-05
330.0 1.4751631055383879e-05
331.0 1.4751467976821194e-05
332.0 1.4751307331387229e-05
333.0 1.4751149075614276e-05
334.0 1.4750993166938441e-05
335.0 1.475083956367819e-05
336.0 1.4750688225013513e-05
337.0 1.4750539110965621e-05
338.0 1.4750392182377188e-05
339.0 1.4750247400893094e-05
340.0 1.475010472894171e-05
341.0 1.4749964129716639e-05
342.0 1.474982556715895e-05
343.0 1.4749689005939875e-05
344.0 1.4749554411443951e-05
345.0 1.4749421749752608e-05
346.0 1.4749290987628164e-05
347.0 1.4749162092498245e-05
348.0 1.4749035032440603e-05
349.0 1.474890977616833e-05
350.0 1.4748786293015426e-05
351.0 1.4748664552922764e-05
352.0 1.4748544526424387e-05
353.0 1.4748426184634169e-05
354.0 1.4748309499232805e-05
355.0 1.474819444245513e-05
356.0 1.4748080987077752e-05
357.0 1.4747969106407003e-05
358.0 1.474785877426719e-05
359.0 1.4747749964989121e-05
360.0 1.474764265339895e-05
361.0 1.4747536814807261e-05
362.0 1.474743242499845e-05
363.0 1.4747329460220347e-05
364.0 1.4747227897174119e-05
365.0 1.474712771300438e-05
366.0 1.4747028885289596e-05
367.0 1.4746931392032671e-05
368.0 1.4746835211651797e-05
369.0 1.474674032297151e-05
370.0 1.474664670521397e-05
371.0 1.4746554337990442e-05
372.0 1.4746463201292991e-05
373.0 1.474637327548637e-05
374.0 1.4746284541300102e-05
375.0 1.4746196979820764e-05
376.0 1.4746110572484424e-05
377.0 1.474602530106929e-05
378.0 1.4745941147688518e-05
379.0 1.4745858094783189e-05
380.0 1.4745776125115448e-05
381.0 1.4745695221761824e-05
382.0 1.4745615368106673e-05
383.0 1.4745536547835804e-05
384.0 1.4745458744930249e-05
385.0 1.474538194366015e-05
386.0 1.474530612857882e-05
387.0 1.4745231284516936e-05
388.0 1.4745157396576855e-05
389.0 1.4745084450127052e-05
390.0 1.4745012430796718e-05
391.0 1.4744941324470454e-05
392.0 1.4744871117283086e-05
393.0 1.4744801795614623e-05
394.0 1.4744733346085294e-05
395.0 1.4744665755550732e-05
396.0 1.4744599011097243e-05
397.0 1.4744533100037184e-05
398.0 1.4744468009904465e-05
399.0 1.4744403728450122e-05
400.0 1.4744340243638006e-05
401.0 1.4744277543640576e-05
402.0 1.4744215616834767e-05
403.0 1.4744154451797963e-05
404.0 1.474409403730404e-05
405.0 1.4744034362319537e-05
406.0 1.4743975415999857e-05
407.0 1.4743917187685606e-05
408.0 1.474385966689896e-05
409.0 1.474380284334016e-05
410.0 1.4743746706884041e-05
411.0 1.4743691247576673e-05
412.0 1.4743636455632045e-05
413.0 1.4743582321428845e-05
414.0 1.4743528835507289e-05
415.0 1.4743475988566032e-05
416.0 1.4743423771459144e-05
417.0 1.4743372175193143e-05
418.0 1.47433211909241e-05
419.0 1.4743270809954796e-05
420.0 1.474322102373196e-05
421.0 1.4743171823843534e-05
422.0 1.4743123202016025e-05
423.0 1.47430751501119e-05
424.0 1.4743027660127035e-05
425.0 1.4742980724188223e-05
426.0 1.4742934334550721e-05
427.0 1.4742888483595883e-05
428.0 1.4742843163828793e-05
429.0 1.4742798367875979e-05
430.0 1.4742754088483179e-05
431.0 1.4742710318513134e-05
432.0 1.4742667050943436e-05
433.0 1.474262427886442e-05
434.0 1.4742581995477097e-05
435.0 1.4742540194091146e-05
436.0 1.4742498868122903e-05
437.0 1.4742458011093458e-05
438.0 1.474241761662672e-05
439.0 1.4742377678447582e-05
440.0 1.4742338190380077e-05
441.0 1.4742299146345604e-05
442.0 1.4742260540361174e-05
443.0 1.4742222366537688e-05
444.0 1.4742184619078265e-05
445.0 1.4742147292276587e-05
446.0 1.474211038051529e-05
447.0 1.4742073878264384e-05
448.0 1.4742037780079692e-05
449.0 1.4742002080601347e-05
450.0 1.4741966774552285e-05
451.0 1.4741931856736799e-05
452.0 1.4741897322039101e-05
453.0 1.4741863165421927e-05
454.0 1.4741829381925148e-05
455.0 1.474179596666444e-05
456.0 1.4741762914829948e-05
457.0 1.4741730221684999e-05
458.0 1.4741697882564826e-05
459.0 1.4741665892875327e-05
460.0 1.4741634248091845e-05
461.0 1.4741602943757966e-05
462.0 1.4741571975484344e-05
463.0 1.4741541338947554e-05
464.0 1.474151102988896e-05
465.0 1.4741481044113605e-05
466.0 1.4741451377489136e-05
467.0 1.4741422025944718e-05
468.0 1.4741392985470005e-05
469.0 1.4741364252114116e-05
470.0 1.474133582198461e-05
471.0 1.4741307691246525e-05
472.0 1.4741279856121392e-05
473.0 1.474125231288629e-05
474.0 1.4741225057872917e-05
475.0 1.4741198087466672e-05
476.0 1.474117139810576e-05
477.0 1.4741144986280316e-05
478.0 1.4741118848531531e-05
479.0 1.4741092981450815e-05
480.0 1.4741067381678955e-05
481.0 1.4741042045905308e-05
482.0 1.4741016970867e-05
483.0 1.4740992153348127e-05
484.0 1.4740967590178998e-05
485.0 1.4740943278235372e-05
486.0 1.4740919214437709e-05
487.0 1.4740895395750452e-05
488.0 1.4740871819181295e-05
489.0 1.4740848481780495e-05
490.0 1.4740825380640172e-05
491.0 1.4740802512893633e-05
492.0 1.4740779875714706e-05
493.0 1.4740757466317093e-05
494.0 1.4740735281953712e-05
495.0 1.4740713319916089e-05
496.0 1.4740691577533714e-05
497.0 1.4740670052173464e-05
498.0 1.4740648741238976e-05
499.0 1.4740627642170078e-05
500.0 1.474060675244221e-05
501.0 1.4740586069565861e-05
502.0 1.4740565591086006e-05
503.0 1.4740545314581569e-05
504.0 1.4740525237664886e-05
505.0 1.4740505357981175e-05
506.0 1.4740485673208022e-05
507.0 1.4740466181054872e-05
508.0 1.4740446879262533e-05
509.0 1.4740427765602684e-05
510.0 1.4740408837877394e-05
511.0 1.4740390093918644e-05
512.0 1.4740371531587872e-05
513.0 1.4740353148775511e-05
514.0 1.4740334943400543e-05
515.0 1.474031691341005e-05
516.0 1.4740299056778791e-05
517.0 1.4740281371508772e-05
518.0 1.4740263855628826e-05
519.0 1.474024650719421e-05
520.0 1.4740229324286184e-05
521.0 1.4740212305011634e-05
522.0 1.4740195447502673e-05
523.0 1.4740178749916246e-05
524.0 1.4740162210433773e-05
525.0 1.474014582726077e-05
526.0 1.4740129598626477e-05
527.0 1.4740113522783514e-05
528.0 1.4740097598007515e-05
529.0 1.4740081822596793e-05
530.0 1.4740066194871995e-05
531.0 1.4740050713175761e-05
532.0 1.4740035375872414e-05
533.0 1.4740020181347615e-05
534.0 1.4740005128008057e-05
535.0 1.4739990214281152e-05
536.0 1.4739975438614717e-05
537.0 1.473996079947668e-05
538.0 1.4739946295354778e-05
539.0 1.4739931924756266e-05
540.0 1.4739917686207626e-05
541.0 1.4739903578254293e-05
542.0 1.4739889599460364e-05
543.0 1.473987574840834e-05
544.0 1.4739862023698844e-05
545.0 1.4739848423950362e-05
546.0 1.4739834947798982e-05
547.0 1.4739821593898137e-05
548.0 1.4739808360918361e-05
549.0 1.4739795247547024e-05
550.0 1.4739782252488107e-05
551.0 1.4739769374461956e-05
552.0 1.4739756612205035e-05
553.0 1.4739743964469713e-05
554.0 1.4739731430024023e-05
555.0 1.4739719007651441e-05
556.0 1.4739706696150664e-05
557.0 1.4739694494335395e-05
558.0 1.4739682401034125e-05
559.0 1.4739670415089929e-05
560.0 1.4739658535360256e-05
561.0 1.4739646760716718e-05
562.0 1.4739635090044899e-05
563.0 1.4739623522244157e-05
564.0 1.4739612056227426e-05
565.0 1.4739600690921021e-05
566.0 1.4739589425264464e-05
567.0 1.4739578258210281e-05
568.0 1.4739567188723831e-05
569.0 1.4739556215783129e-05
570.0 1.4739545338378654e-05
571.0 1.4739534555513202e-05
572.0 1.4739523866201682e-05
573.0 1.4739513269470973e-05
574.0 1.4739502764359749e-05
575.0 1.4739492349918314e-05
576.0 1.4739482025208445e-05
577.0 1.4739471789303231e-05
578.0 1.4739461641286923e-05
579.0 1.4739451580254772e-05
580.0 1.4739441605312884e-05
581.0 1.473943171557807e-05
582.0 1.4739421910177699e-05
583.0 1.4739412188249557e-05
584.0 1.47394025489417e-05
585.0 1.4739392991412318e-05
586.0 1.4739383514829595e-05
587.0 1.473937411837158e-05
588.0 1.4739364801226039e-05
589.0 1.4739355562590344e-05
590.0 1.4739346401671325e-05
591.0 1.4739337317685154e-05
592.0 1.4739328309857217e-05
593.0 1.473931937742198e-05
594.0 1.4739310519622892e-05
595.0 1.4739301735712238e-05
596.0 1.4739293024951033e-05
597.0 1.4739284386608915e-05
598.0 1.4739275819964005e-05
599.0 1.4739267324302828e-05
600.0 1.4739258898920164e-05
601.0 1.4739250543118975e-05
602.0 1.473924225621027e-05
603.0 1.4739234037513013e-05
604.0 1.4739225886354012e-05
605.0 1.4739217802067818e-05
606.0 1.4739209783996624e-05
607.0 1.4739201831490166e-05
608.0 1.4739193943905617e-05
609.0 1.4739186120607501e-05
610.0 1.4739178360967587e-05
611.0 1.4739170664364804e-05
612.0 1.4739163030185134e-05
613.0 1.4739155457821541e-05
614.0 1.4739147946673859e-05
615.0 1.4739140496148717e-05
616.0 1.4739133105659447e-05
617.0 1.4739125774625999e-05
618.0 1.4739118502474854e-05
619.0 1.4739111288638938e-05
620.0 1.4739104132557544e-05
621.0 1.473909703367625e-05
622.0 1.4739089991446833e-05
623.0 1.47390830053272e-05
624.0 1.4739076074781292e-05
625.0 1.4739069199279034e-05
626.0 1.4739062378296233e-05
627.0 1.4739055611314516e-05
628.0 1.4739048897821257e-05
629.0 1.47390422373095e-05
630.0 1.4739035629277888e-05
631.0 1.4739029073230596e-05
632.0 1.4739022568677259e-05
633.0 1.4739016115132895e-05
634.0 1.4739009712117862e-05
635.0 1.4739003359157757e-05
636.0 1.4738997055783378e-05
637.0 1.4738990801530649e-05
638.0 1.4738984595940552e-05
639.0 1.4738978438559073e-05
640.0 1.473897232893713e-05
641.0 1.4738966266630521e-05
642.0 1.4738960251199858e-05
643.0 1.4738954282210507e-05
644.0 1.4738948359232534e-05
645.0 1.4738942481840642e-05
646.0 1.4738936649614117e-05
647.0 1.473893086213677e-05
648.0 1.4738925118996883e-05
649.0 1.4738919419787148e-05
650.0 1.4738913764104626e-05
651.0 1.4738908151550682e-05
652.0 1.4738902581730933e-05
653.0 1.4738897054255209e-05
654.0 1.4738891568737478e-05
655.0 1.4738886124795824e-05
656.0 1.4738880722052374e-05
657.0 1.4738875360133265e-05
658.0 1.4738870038668575e-05
659.0 1.4738864757292306e-05
660.0 1.473885951564231e-05
661.0 1.4738854313360253e-05
662.0 1.4738849150091571e-05
663.0 1.4738844025485416e-05
664.0 1.4738838939194627e-05
665.0 1.4738833890875671e-05
666.0 1.4738828880188602e-05
667.0 1.473882390679703e-05
668.0 1.4738818970368062e-05
669.0 1.4738814070572273e-05
670.0 1.4738809207083657e-05
671.0 1.473880437957959e-05
672.0 1.4738799587740794e-05
673.0 1.473879483125129e-05
674.0 1.473879010979836e-05
675.0 1.4738785423072512e-05
676.0 1.4738780770767443e-05
677.0 1.4738776152579998e-05
678.0 1.473877156821013e-05
679.0 1.4738767017360875e-05
680.0 1.4738762499738303e-05
681.0 1.4738758015051491e-05
682.0 1.4738753563012485e-05
683.0 1.4738749143336265e-05
684.0 1.4738744755740709e-05
685.0 1.4738740399946567e-05
686.0 1.4738736075677419e-05
687.0 1.4738731782659644e-05
688.0 1.4738727520622395e-05
689.0 1.4738723289297555e-05
690.0 1.4738719088419718e-05
691.0 1.4738714917726143e-05
692.0 1.4738710776956742e-05
693.0 1.4738706665854031e-05
694.0 1.4738702584163113e-05
695.0 1.4738698531631642e-05
696.0 1.4738694508009798e-05
697.0 1.4738690513050253e-05
698.0 1.4738686546508148e-05
699.0 1.4738682608141061e-05
700.0 1.4738678697708982e-05
701.0 1.4738674814974279e-05
702.0 1.4738670959701685e-05
703.0 1.4738667131658258e-05
704.0 1.4738663330613358e-05
705.0 1.4738659556338624e-05
706.0 1.4738655808607945e-05
707.0 1.473865208719744e-05
708.0 1.4738648391885424e-05
709.0 1.4738644722452395e-05
710.0 1.4738641078680994e-05
711.0 1.4738637460356001e-05
712.0 1.4738633867264292e-05
713.0 1.4738630299194824e-05
714.0 1.4738626755938617e-05
715.0 1.4738623237288724e-05
716.0 1.4738619743040205e-05
717.0 1.4738616272990115e-05
718.0 1.4738612826937471e-05
719.0 1.4738609404683248e-05
720.0 1.473860600603033e-05
721.0 1.4738602630783513e-05
722.0 1.4738599278749477e-05
723.0 1.4738595949736754e-05
724.0 1.4738592643555726e-05
725.0 1.473858936001859e-05
726.0 1.473858609893935e-05
727.0 1.4738582860133785e-05
728.0 1.4738579643419436e-05
729.0 1.4738576448615589e-05
730.0 1.4738573275543254e-05
731.0 1.4738570124025144e-05
732.0 1.4738566993885657e-05
733.0 1.473856388495086e-05
734.0 1.4738560797048471e-05
735.0 1.4738557730007836e-05
736.0 1.473855468365992e-05
737.0 1.4738551657837279e-05
738.0 1.4738548652374052e-05
739.0 1.4738545667105944e-05
740.0 1.4738542701870197e-05
741.0 1.473853975650559e-05
742.0 1.473853683085241e-05
743.0 1.4738533924752443e-05
744.0 1.4738531038048951e-05
745.0 1.4738528170586672e-05
746.0 1.4738525322211777e-05
747.0 1.473852249277188e-05
748.0 1.4738519682116015e-05
749.0 1.4738516890094613e-05
750.0 1.47385141165595e-05
751.0 1.4738511361363869e-05
752.0 1.4738508624362276e-05
753.0 1.4738505905410622e-05
754.0 1.4738503204366136e-05
755.0 1.4738500521087366e-05
756.0 1.473849785543416e-05
757.0 1.473849520726766e-05
758.0 1.4738492576450277e-05
759.0 1.4738489962845685e-05
760.0 1.4738487366318814e-05
761.0 1.4738484786735822e-05
762.0 1.4738482223964092e-05
763.0 1.4738479677872216e-05
764.0 1.4738477148329989e-05
765.0 1.4738474635208383e-05
766.0 1.4738472138379547e-05
767.0 1.4738469657716792e-05
768.0 1.4738467193094575e-05
769.0 1.473846474438849e-05
770.0 1.4738462311475256e-05
771.0 1.4738459894232704e-05
772.0 1.4738457492539773e-05
773.0 1.473845510627648e-05
774.0 1.4738452735323935e-05
775.0 1.4738450379564308e-05
776.0 1.4738448038880826e-05
777.0 1.4738445713157764e-05
778.0 1.4738443402280438e-05
779.0 1.4738441106135181e-05
780.0 1.4738438824609342e-05
781.0 1.4738436557591277e-05
782.0 1.4738434304970337e-05
783.0 1.4738432066636851e-05
784.0 1.473842984248213e-05
785.0 1.4738427632398439e-05
786.0 1.4738425436279008e-05
787.0 1.4738423254018004e-05
788.0 1.4738421085510533e-05
789.0 1.4738418930652625e-05
790.0 1.4738416789341226e-05
791.0 1.4738414661474191e-05
792.0 1.473841254695027e-05
793.0 1.4738410445669108e-05
794.0 1.473840835753122e-05
795.0 1.4738406282438e-05
796.0 1.4738404220291706e-05
797.0 1.4738402170995442e-05
798.0 1.4738400134453164e-05
799.0 1.4738398110569662e-05
800.0 1.4738396099250557e-05
801.0 1.473839410040229e-05
802.0 1.4738392113932107e-05
803.0 1.473839013974807e-05
804.0 1.4738388177759029e-05
805.0 1.4738386227874629e-05
806.0 1.4738384290005286e-05
807.0 1.4738382364062198e-05
808.0 1.4738380449957325e-05
809.0 1.4738378547603383e-05
810.0 1.473837665691384e-05
811.0 1.4738374777802908e-05
812.0 1.473837291018553e-05
813.0 1.4738371053977385e-05
814.0 1.4738369209094865e-05
815.0 1.4738367375455085e-05
816.0 1.473836555297586e-05
817.0 1.4738363741575707e-05
818.0 1.473836194117384e-05
819.0 1.4738360151690155e-05
820.0 1.4738358373045234e-05
821.0 1.4738356605160328e-05
822.0 1.4738354847957357e-05
823.0 1.4738353101358899e-05
824.0 1.4738351365288188e-05
825.0 1.4738349639669109e-05
826.0 1.4738347924426183e-05
827.0 1.4738346219484573e-05
828.0 1.4738344524770062e-05
829.0 1.4738342840209068e-05
830.0 1.4738341165728616e-05
831.0 1.473833950125635e-05
832.0 1.4738337846720514e-05
833.0 1.4738336202049954e-05
834.0 1.4738334567174114e-05
835.0 1.4738332942023018e-05
836.0 1.473833132652728e-05
837.0 1.4738329720618088e-05
838.0 1.4738328124227205e-05
839.0 1.4738326537286953e-05
840.0 1.4738324959730225e-05
841.0 1.4738323391490462e-05
842.0 1.4738321832501657e-05
843.0 1.4738320282698353e-05
844.0 1.4738318742015626e-05
845.0 1.473831721038909e-05
846.0 1.4738315687754892e-05
847.0 1.4738314174049701e-05
848.0 1.4738312669210703e-05
849.0 1.4738311173175606e-05
850.0 1.4738309685882624e-05
851.0 1.4738308207270474e-05
852.0 1.4738306737278383e-05
853.0 1.4738305275846065e-05
854.0 1.473830382291373e-05
855.0 1.4738302378422072e-05
856.0 1.4738300942312272e-05
857.0 1.4738299514525986e-05
858.0 1.4738298095005342e-05
859.0 1.4738296683692938e-05
860.0 1.4738295280531842e-05
861.0 1.4738293885465576e-05
862.0 1.473829249843812e-05
863.0 1.4738291119393908e-05
864.0 1.4738289748277819e-05
865.0 1.4738288385035179e-05
866.0 1.4738287029611749e-05
867.0 1.473828568195373e-05
868.0 1.4738284342007752e-05
869.0 1.4738283009720875e-05
870.0 1.4738281685040582e-05
871.0 1.4738280367914774e-05
872.0 1.4738279058291772e-05
873.0 1.4738277756120303e-05
874.0 1.4738276461349505e-05
875.0 1.4738275173928928e-05
876.0 1.4738273893808516e-05
877.0 1.4738272620938604e-05
878.0 1.4738271355269938e-05
879.0 1.4738270096753638e-05
880.0 1.4738268845341223e-05
881.0 1.4738267600984585e-05
882.0 1.4738266363636002e-05
883.0 1.4738265133248127e-05
884.0 1.4738263909773985e-05
885.0 1.4738262693166975e-05
886.0 1.4738261483380857e-05
887.0 1.4738260280369752e-05
888.0 1.4738259084088148e-05
889.0 1.4738257894490889e-05
890.0 1.4738256711533165e-05
891.0 1.4738255535170521e-05
892.0 1.4738254365358853e-05
893.0 1.473825320205439e-05
894.0 1.4738252045213717e-05
895.0 1.4738250894793741e-05
896.0 1.4738249750751716e-05
897.0 1.4738248613045224e-05
898.0 1.473824748163217e-05
899.0 1.4738246356470795e-05
900.0 1.4738245237519658e-05
901.0 1.4738244124737639e-05
902.0 1.4738243018083933e-05
903.0 1.4738241917518053e-05
904.0 1.4738240822999824e-05
905.0 1.473823973448938e-05
906.0 1.4738238651947158e-05
907.0 1.4738237575333902e-05
908.0 1.4738236504610657e-05
909.0 1.4738235439738767e-05
910.0 1.4738234380679868e-05
911.0 1.4738233327395894e-05
912.0 1.4738232279849067e-05
913.0 1.4738231238001898e-05
914.0 1.4738230201817181e-05
915.0 1.4738229171258002e-05
916.0 1.4738228146287715e-05
917.0 1.4738227126869961e-05
918.0 1.4738226112968655e-05
919.0 1.4738225104547986e-05
920.0 1.473822410157241e-05
921.0 1.4738223104006657e-05
922.0 1.4738222111815719e-05
923.0 1.4738221124964858e-05
924.0 1.4738220143419588e-05
925.0 1.4738219167145699e-05
926.0 1.4738218196109217e-05
927.0 1.4738217230276441e-05
928.0 1.4738216269613917e-05
929.0 1.4738215314088436e-05
930.0 1.4738214363667047e-05
931.0 1.4738213418317041e-05
932.0 1.473821247800595e-05
933.0 1.4738211542701557e-05
934.0 1.4738210612371878e-05
935.0 1.4738209686985171e-05
936.0 1.4738208766509927e-05
937.0 1.4738207850914874e-05
938.0 1.4738206940168967e-05
939.0 1.4738206034241402e-05
940.0 1.4738205133101594e-05
941.0 1.4738204236719186e-05
942.0 1.4738203345064049e-05
943.0 1.4738202458106271e-05
944.0 1.4738201575816165e-05
945.0 1.4738200698164261e-05
946.0 1.4738199825121307e-05
947.0 1.4738198956658266e-05
948.0 1.4738198092746315e-05
949.0 1.4738197233356837e-05
950.0 1.4738196378461434e-05
951.0 1.4738195528031907e-05
952.0 1.4738194682040271e-05
953.0 1.4738193840458741e-05
954.0 1.4738193003259735e-05
955.0 1.4738192170415875e-05
956.0 1.473819134189998e-05
957.0 1.4738190517685063e-05
958.0 1.4738189697744345e-05
959.0 1.4738188882051227e-05
960.0 1.4738188070579316e-05
961.0 1.4738187263302399e-05
962.0 1.4738186460194463e-05
963.0 1.4738185661229673e-05
964.0 1.473818486638239e-05
965.0 1.4738184075627156e-05
966.0 1.473818328893869e-05
967.0 1.473818250629191e-05
968.0 1.4738181727661895e-05
969.0 1.4738180953023917e-05
970.0 1.4738180182353418e-05
971.0 1.4738179415626021e-05
972.0 1.4738178652817522e-05
973.0 1.4738177893903886e-05
974.0 1.473817713886126e-05
975.0 1.4738176387665948e-05
976.0 1.4738175640294432e-05
977.0 1.4738174896723364e-05
978.0 1.4738174156929556e-05
979.0 1.4738173420889985e-05
980.0 1.4738172688581795e-05
981.0 1.4738171959982293e-05
982.0 1.473817123506894e-05
983.0 1.4738170513819368e-05
984.0 1.4738169796211357e-05
985.0 1.4738169082222848e-05
986.0 1.4738168371831941e-05
987.0 1.4738167665016882e-05
988.0 1.4738166961756082e-05
989.0 1.4738166262028093e-05
990.0 1.4738165565811627e-05
991.0 1.4738164873085538e-05
992.0 1.4738164183828834e-05
993.0 1.4738163498020664e-05
994.0 1.4738162815640334e-05
995.0 1.4738162136667282e-05
996.0 1.47381614610811e-05
997.0 1.4738160788861517e-05
998.0 1.4738160119988405e-05
999.0 1.4738159454441777e-05
1000.0 1.4738158792201783e-05
1001.0 1.473815813324871e-05
1002.0 1.4738157477562991e-05
1003.0 1.4738156825125186e-05
1004.0 1.473815617591599e-05
1005.0 1.4738155529916237e-05
1006.0 1.473815488710689e-05
1007.0 1.4738154247469046e-05
1008.0 1.4738153610983929e-05
1009.0 1.4738152977632894e-05
1010.0 1.4738152347397427e-05
1011.0 1.4738151720259142e-05
1012.0 1.4738151096199775e-05
1013.0 1.473815047520119e-05
1014.0 1.4738149857245377e-05
1015.0 1.4738149242314447e-05
1016.0 1.4738148630390635e-05
1017.0 1.4738148021456298e-05
1018.0 1.4738147415493915e-05
1019.0 1.473814681248608e-05
1020.0 1.4738146212415512e-05
1021.0 1.473814561526504e-05
1022.0 1.473814502101762e-05
1023.0 1.4738144429656318e-05
1024.0 1.4738143841164313e-05
1025.0 1.4738143255524905e-05
1026.0 1.4738142672721502e-05
1027.0 1.4738142092737626e-05
1028.0 1.4738141515556913e-05
1029.0 1.4738140941163105e-05
1030.0 1.4738140369540058e-05
1031.0 1.4738139800671736e-05
1032.0 1.4738139234542212e-05
1033.0 1.4738138671135666e-05
1034.0 1.4738138110436379e-05
1035.0 1.4738137552428747e-05
1036.0 1.4738136997097265e-05
1037.0 1.4738136444426536e-05
1038.0 1.4738135894401262e-05
1039.0 1.473813534700625e-05
1040.0 1.4738134802226412e-05
1041.0 1.473813426004675e-05
1042.0 1.473813372045238e-05
1043.0 1.4738133183428512e-05
1044.0 1.4738132648960448e-05
1045.0 1.4738132117033597e-05
1046.0 1.4738131587633463e-05
1047.0 1.4738131060745642e-05
1048.0 1.4738130536355832e-05
1049.0 1.4738130014449822e-05
1050.0 1.47381294950135e-05
1051.0 1.4738128978032837e-05
1052.0 1.4738128463493908e-05
1053.0 1.4738127951382877e-05
1054.0 1.4738127441685995e-05
1055.0 1.4738126934389608e-05
1056.0 1.4738126429480153e-05
1057.0 1.4738125926944155e-05
1058.0 1.4738125426768223e-05
1059.0 1.4738124928939064e-05
1060.0 1.4738124433443462e-05
1061.0 1.4738123940268296e-05
1062.0 1.4738123449400525e-05
1063.0 1.4738122960827196e-05
1064.0 1.4738122474535444e-05
1065.0 1.4738121990512484e-05
1066.0 1.4738121508745611e-05
1067.0 1.4738121029222214e-05
1068.0 1.4738120551929753e-05
1069.0 1.4738120076855777e-05
1070.0 1.4738119603987913e-05
1071.0 1.4738119133313867e-05
1072.0 1.473811866482143e-05
1073.0 1.4738118198498466e-05
1074.0 1.4738117734332923e-05
1075.0 1.4738117272312824e-05
1076.0 1.4738116812426274e-05
1077.0 1.4738116354661444e-05
1078.0 1.4738115899006596e-05
1079.0 1.4738115445450058e-05
1080.0 1.4738114993980233e-05
1081.0 1.4738114544585607e-05
1082.0 1.4738114097254731e-05
1083.0 1.4738113651976234e-05
1084.0 1.473811320873882e-05
1085.0 1.473811276753126e-05
1086.0 1.47381123283424e-05
1087.0 1.473811189116116e-05
1088.0 1.4738111455976527e-05
1089.0 1.4738111022777562e-05
1090.0 1.473811059155339e-05
1091.0 1.4738110162293211e-05
1092.0 1.4738109734986294e-05
1093.0 1.473810930962197e-05
1094.0 1.4738108886189648e-05
1095.0 1.4738108464678796e-05
1096.0 1.4738108045078952e-05
1097.0 1.4738107627379721e-05
1098.0 1.4738107211570773e-05
1099.0 1.4738106797641841e-05
1100.0 1.473810638558273e-05
1101.0 1.4738105975383305e-05
1102.0 1.473810556703349e-05
1103.0 1.4738105160523285e-05
1104.0 1.473810475584274e-05
1105.0 1.473810435298198e-05
1106.0 1.4738103951931176e-05
1107.0 1.4738103552680584e-05
1108.0 1.4738103155220497e-05
1109.0 1.4738102759541284e-05
1110.0 1.4738102365633372e-05
1111.0 1.4738101973487246e-05
1112.0 1.4738101583093449e-05
1113.0 1.4738101194442586e-05
1114.0 1.4738100807525322e-05
1115.0 1.4738100422332376e-05
1116.0 1.473810003885453e-05
1117.0 1.473809965708262e-05
1118.0 1.4738099277007535e-05
1119.0 1.4738098898620234e-05
1120.0 1.4738098521911719e-05
1121.0 1.4738098146873051e-05
1122.0 1.4738097773495355e-05
1123.0 1.4738097401769796e-05
1124.0 1.4738097031687608e-05
1125.0 1.4738096663240072e-05
1126.0 1.4738096296418524e-05
1127.0 1.4738095931214353e-05
1128.0 1.4738095567619004e-05
1129.0 1.4738095205623972e-05
1130.0 1.4738094845220802e-05
1131.0 1.47380944864011e-05
1132.0 1.4738094129156514e-05
1133.0 1.4738093773478752e-05
1134.0 1.4738093419359564e-05
1135.0 1.4738093066790755e-05
1136.0 1.4738092715764182e-05
1137.0 1.473809236627175e-05
1138.0 1.4738092018305414e-05
1139.0 1.4738091671857177e-05
1140.0 1.473809132691909e-05
1141.0 1.4738090983483256e-05
1142.0 1.4738090641541826e-05
1143.0 1.4738090301086997e-05
1144.0 1.4738089962111011e-05
1145.0 1.4738089624606161e-05
1146.0 1.4738089288564788e-05
1147.0 1.4738088953979276e-05
1148.0 1.4738088620842056e-05
1149.0 1.4738088289145606e-05
1150.0 1.473808795888245e-05
1151.0 1.4738087630045154e-05
1152.0 1.4738087302626334e-05
1153.0 1.4738086976618645e-05
1154.0 1.4738086652014794e-05
1155.0 1.4738086328807523e-05
1156.0 1.4738086006989621e-05
1157.0 1.4738085686553925e-05
1158.0 1.473808536749331e-05
1159.0 1.4738085049800695e-05
1160.0 1.4738084733469043e-05
1161.0 1.4738084418491357e-05
1162.0 1.4738084104860682e-05
1163.0 1.4738083792570107e-05
1164.0 1.4738083481612762e-05
1165.0 1.4738083171981814e-05
1166.0 1.4738082863670478e-05
1167.0 1.4738082556672002e-05
1168.0 1.473808225097968e-05
1169.0 1.4738081946586842e-05
1170.0 1.473808164348686e-05
1171.0 1.4738081341673147e-05
1172.0 1.4738081041139149e-05
1173.0 1.4738080741878356e-05
1174.0 1.47380804438843e-05
1175.0 1.473808014715054e-05
1176.0 1.4738079851670686e-05
1177.0 1.4738079557438377e-05
1178.0 1.4738079264447292e-05
1179.0 1.473807897269115e-05
1180.0 1.4738078682163702e-05
1181.0 1.4738078392858741e-05
1182.0 1.4738078104770097e-05
1183.0 1.4738077817891627e-05
1184.0 1.4738077532217234e-05
1185.0 1.4738077247740856e-05
1186.0 1.4738076964456464e-05
1187.0 1.473807668235806e-05
1188.0 1.4738076401439691e-05
1189.0 1.473807612169543e-05
1190.0 1.4738075843119394e-05
1191.0 1.4738075565705723e-05
1192.0 1.4738075289448599e-05
1193.0 1.4738075014342238e-05
1194.0 1.4738074740380887e-05
1195.0 1.4738074467558825e-05
1196.0 1.473807419587037e-05
1197.0 1.4738073925309867e-05
1198.0 1.4738073655871699e-05
1199.0 1.4738073387550279e-05
1200.0 1.473807312034005e-05
1201.0 1.4738072854235494e-05
1202.0 1.4738072589231118e-05
1203.0 1.4738072325321466e-05
1204.0 1.473807206250111e-05
1205.0 1.4738071800764656e-05
1206.0 1.4738071540106738e-05
1207.0 1.4738071280522023e-05
1208.0 1.4738071022005212e-05
1209.0 1.473807076455103e-05
1210.0 1.4738070508154233e-05
1211.0 1.4738070252809617e-05
1212.0 1.4738069998511995e-05
1213.0 1.4738069745256218e-05
1214.0 1.4738069493037162e-05
1215.0 1.4738069241849737e-05
1216.0 1.4738068991688878e-05
1217.0 1.4738068742549549e-05
1218.0 1.4738068494426746e-05
1219.0 1.4738068247315494e-05
1220.0 1.473806800121084e-05
1221.0 1.4738067756107865e-05
1222.0 1.4738067512001677e-05
1223.0 1.4738067268887416e-05
1224.0 1.4738067026760237e-05
1225.0 1.4738066785615338e-05
1226.0 1.4738066545447933e-05
1227.0 1.4738066306253265e-05
1228.0 1.4738066068026613e-05
1229.0 1.4738065830763272e-05
1230.0 1.4738065594458567e-05
1231.0 1.473806535910785e-05
1232.0 1.4738065124706502e-05
1233.0 1.4738064891249926e-05
1234.0 1.473806465873355e-05
1235.0 1.4738064427152834e-05
1236.0 1.4738064196503257e-05
1237.0 1.473806396678033e-05
1238.0 1.4738063737979582e-05
1239.0 1.473806351009657e-05
1240.0 1.4738063283126879e-05
1241.0 1.4738063057066117e-05
1242.0 1.4738062831909912e-05
1243.0 1.4738062607653928e-05
1244.0 1.4738062384293837e-05
1245.0 1.473806216182535e-05
1246.0 1.4738061940244194e-05
1247.0 1.4738061719546122e-05
1248.0 1.4738061499726912e-05
1249.0 1.4738061280782363e-05
1250.0 1.4738061062708299e-05
1251.0 1.4738060845500566e-05
1252.0 1.4738060629155032e-05
1253.0 1.4738060413667596e-05
1254.0 1.4738060199034168e-05
1255.0 1.4738059985250689e-05
1256.0 1.4738059772313122e-05
1257.0 1.4738059560217445e-05
1258.0 1.4738059348959668e-05
1259.0 1.4738059138535818e-05
1260.0 1.4738058928941943e-05
1261.0 1.4738058720174114e-05
1262.0 1.473805851222843e-05
1263.0 1.4738058305100997e-05
1264.0 1.4738058098787959e-05
1265.0 1.4738057893285469e-05
1266.0 1.4738057688589705e-05
1267.0 1.473805748469687e-05
1268.0 1.4738057281603182e-05
1269.0 1.4738057079304884e-05
1270.0 1.4738056877798238e-05
1271.0 1.4738056677079522e-05
1272.0 1.4738056477145043e-05
1273.0 1.4738056277991123e-05
1274.0 1.4738056079614104e-05
1275.0 1.473805588201035e-05
1276.0 1.4738055685176246e-05
1277.0 1.473805548910819e-05
1278.0 1.4738055293802608e-05
1279.0 1.4738055099255941e-05
1280.0 1.4738054905464649e-05
1281.0 1.4738054712425215e-05
1282.0 1.4738054520134133e-05
1283.0 1.4738054328587925e-05
1284.0 1.4738054137783132e-05
1285.0 1.4738053947716305e-05
1286.0 1.4738053758384019e-05
1287.0 1.473805356978287e-05
1288.0 1.4738053381909468e-05
1289.0 1.4738053194760442e-05
1290.0 1.4738053008332445e-05
1291.0 1.473805282262214e-05
1292.0 1.473805263762621e-05
1293.0 1.473805245334136e-05
1294.0 1.4738052269764309e-05
1295.0 1.4738052086891795e-05
1296.0 1.4738051904720571e-05
1297.0 1.4738051723247415e-05
1298.0 1.473805154246911e-05
1299.0 1.4738051362382468e-05
1300.0 1.4738051182984314e-05
1301.0 1.4738051004271485e-05
1302.0 1.473805082624084e-05
1303.0 1.4738050648889258e-05
1304.0 1.4738050472213626e-05
1305.0 1.4738050296210856e-05
1306.0 1.473805012087787e-05
1307.0 1.4738049946211612e-05
1308.0 1.4738049772209037e-05
1309.0 1.473804959886712e-05
1310.0 1.4738049426182848e-05
1311.0 1.473804925415323e-05
1312.0 1.473804908277529e-05
1313.0 1.4738048912046056e-05
1314.0 1.4738048741962591e-05
1315.0 1.4738048572521961e-05
1316.0 1.4738048403721247e-05
1317.0 1.4738048235557553e-05
1318.0 1.4738048068027992e-05
1319.0 1.4738047901129694e-05
1320.0 1.4738047734859805e-05
1321.0 1.4738047569215485e-05
1322.0 1.4738047404193911e-05
1323.0 1.4738047239792272e-05
1324.0 1.4738047076007775e-05
1325.0 1.4738046912837635e-05
1326.0 1.4738046750279094e-05
1327.0 1.4738046588329393e-05
1328.0 1.4738046426985801e-05
1329.0 1.4738046266245596e-05
1330.0 1.4738046106106065e-05
1331.0 1.4738045946564518e-05
1332.0 1.4738045787618273e-05
1333.0 1.473804562926467e-05
1334.0 1.473804547150105e-05
1335.0 1.4738045314324777e-05
1336.0 1.4738045157733232e-05
1337.0 1.4738045001723797e-05
1338.0 1.473804484629388e-05
1339.0 1.4738044691440895e-05
1340.0 1.4738044537162273e-05
1341.0 1.4738044383455458e-05
1342.0 1.4738044230317905e-05
1343.0 1.4738044077747086e-05
1344.0 1.4738043925740485e-05
1345.0 1.4738043774295593e-05
1346.0 1.4738043623409923e-05
1347.0 1.4738043473080997e-05
1348.0 1.4738043323306346e-05
1349.0 1.473804317408352e-05
1350.0 1.4738043025410083e-05
1351.0 1.47380428772836e-05
1352.0 1.4738042729701662e-05
1353.0 1.4738042582661862e-05
1354.0 1.4738042436161815e-05
1355.0 1.473804229019914e-05
1356.0 1.473804214477147e-05
1357.0 1.4738041999876457e-05
1358.0 1.4738041855511755e-05
1359.0 1.4738041711675035e-05
1360.0 1.473804156836398e-05
1361.0 1.4738041425576289e-05
1362.0 1.4738041283309663e-05
1363.0 1.473804114156182e-05
1364.0 1.4738041000330493e-05
1365.0 1.4738040859613419e-05
1366.0 1.4738040719408356e-05
1367.0 1.4738040579713065e-05
1368.0 1.4738040440525322e-05
1369.0 1.4738040301842914e-05
1370.0 1.4738040163663641e-05
1371.0 1.4738040025985309e-05
1372.0 1.4738039888805741e-05
1373.0 1.4738039752122768e-05
1374.0 1.4738039615934231e-05
1375.0 1.4738039480237986e-05
1376.0 1.4738039345031897e-05
1377.0 1.4738039210313837e-05
1378.0 1.4738039076081694e-05
1379.0 1.4738038942333365e-05
1380.0 1.4738038809066756e-05
1381.0 1.4738038676279785e-05
1382.0 1.4738038543970382e-05
1383.0 1.4738038412136482e-05
1384.0 1.4738038280776036e-05
1385.0 1.4738038149887006e-05
1386.0 1.4738038019467359e-05
1387.0 1.4738037889515073e-05
1388.0 1.4738037760028143e-05
1389.0 1.4738037631004565e-05
1390.0 1.4738037502442353e-05
1391.0 1.4738037374339523e-05
1392.0 1.4738037246694107e-05
1393.0 1.4738037119504145e-05
1394.0 1.4738036992767683e-05
1395.0 1.4738036866482787e-05
1396.0 1.4738036740647524e-05
1397.0 1.473803661525997e-05
1398.0 1.4738036490318215e-05
1399.0 1.4738036365820357e-05
1400.0 1.4738036241764501e-05
1401.0 1.4738036118148769e-05
1402.0 1.4738035994971284e-05
1403.0 1.4738035872230178e-05
1404.0 1.47380357499236e-05
1405.0 1.4738035628049703e-05
1406.0 1.4738035506606653e-05
1407.0 1.4738035385592616e-05
1408.0 1.4738035265005775e-05
1409.0 1.473803514484432e-05
1410.0 1.4738035025106456e-05
1411.0 1.4738034905790381e-05
1412.0 1.4738034786894321e-05
1413.0 1.4738034668416496e-05
1414.0 1.4738034550355141e-05
1415.0 1.4738034432708499e-05
1416.0 1.4738034315474824e-05
1417.0 1.4738034198652375e-05
1418.0 1.4738034082239421e-05
1419.0 1.4738033966234241e-05
1420.0 1.4738033850635116e-05
1421.0 1.4738033735440345e-05
1422.0 1.4738033620648227e-05
1423.0 1.4738033506257075e-05
1424.0 1.4738033392265209e-05
1425.0 1.4738033278670953e-05
1426.0 1.4738033165472645e-05
1427.0 1.473803305266863e-05
1428.0 1.4738032940257257e-05
1429.0 1.4738032828236887e-05
1430.0 1.4738032716605887e-05
1431.0 1.4738032605362634e-05
1432.0 1.473803249450551e-05
1433.0 1.4738032384032908e-05
1434.0 1.4738032273943224e-05
1435.0 1.4738032164234872e-05
1436.0 1.473803205490626e-05
1437.0 1.4738031945955813e-05
1438.0 1.4738031837381962e-05
1439.0 1.4738031729183144e-05
1440.0 1.4738031621357803e-05
1441.0 1.4738031513904394e-05
1442.0 1.4738031406821376e-05
1443.0 1.4738031300107217e-05
1444.0 1.4738031193760393e-05
1445.0 1.4738031087779386e-05
1446.0 1.4738030982162684e-05
1447.0 1.4738030876908786e-05
1448.0 1.4738030772016197e-05
1449.0 1.4738030667483425e-05
1450.0 1.4738030563308993e-05
1451.0 1.4738030459491424e-05
1452.0 1.4738030356029251e-05
1453.0 1.4738030252921015e-05
1454.0 1.4738030150165261e-05
1455.0 1.4738030047760546e-05
1456.0 1.473802994570543e-05
1457.0 1.4738029843998477e-05
1458.0 1.4738029742638262e-05
1459.0 1.4738029641623373e-05
1460.0 1.473802954095239e-05
1461.0 1.4738029440623913e-05
1462.0 1.473802934063654e-05
1463.0 1.4738029240988883e-05
1464.0 1.4738029141679553e-05
1465.0 1.4738029042707172e-05
1466.0 1.4738028944070372e-05
1467.0 1.473802884576778e-05
1468.0 1.4738028747798043e-05
1469.0 1.4738028650159807e-05
1470.0 1.4738028552851727e-05
1471.0 1.473802845587246e-05
1472.0 1.4738028359220673e-05
1473.0 1.473802826289504e-05
1474.0 1.473802816689424e-05
1475.0 1.4738028071216958e-05
1476.0 1.4738027975861887e-05
1477.0 1.4738027880827724e-05
1478.0 1.4738027786113171e-05
1479.0 1.473802769171694e-05
1480.0 1.4738027597637744e-05
1481.0 1.4738027503874309e-05
1482.0 1.473802741042536e-05
1483.0 1.4738027317289635e-05
1484.0 1.4738027224465871e-05
1485.0 1.4738027131952814e-05
1486.0 1.4738027039749214e-05
1487.0 1.4738026947853834e-05
1488.0 1.4738026856265432e-05
1489.0 1.4738026764982781e-05
1490.0 1.4738026674004655e-05
1491.0 1.4738026583329832e-05
1492.0 1.4738026492957102e-05
1493.0 1.4738026402885256e-05
1494.0 1.4738026313113091e-05
1495.0 1.473802622363941e-05
1496.0 1.4738026134463026e-05
1497.0 1.4738026045582747e-05
1498.0 1.4738025956997397e-05
1499.0 1.4738025868705802e-05
1500.0 1.473802578070679e-05
1501.0 1.4738025692999198e-05
1502.0 1.473802560558187e-05
1503.0 1.4738025518453653e-05
1504.0 1.4738025431613396e-05
1505.0 1.4738025345059959e-05
1506.0 1.4738025258792205e-05
1507.0 1.4738025172809002e-05
1508.0 1.4738025087109224e-05
1509.0 1.4738025001691752e-05
1510.0 1.4738024916555464e-05
1511.0 1.4738024831699253e-05
1512.0 1.4738024747122014e-05
1513.0 1.4738024662822644e-05
1514.0 1.4738024578800048e-05
1515.0 1.4738024495053135e-05
1516.0 1.4738024411580821e-05
1517.0 1.4738024328382023e-05
1518.0 1.4738024245455668e-05
1519.0 1.4738024162800684e-05
1520.0 1.4738024080416006e-05
1521.0 1.4738023998300572e-05
1522.0 1.4738023916453326e-05
1523.0 1.4738023834873216e-05
1524.0 1.4738023753559195e-05
1525.0 1.4738023672510224e-05
1526.0 1.4738023591725267e-05
1527.0 1.473802351120329e-05
1528.0 1.4738023430943262e-05
1529.0 1.4738023350944164e-05
1530.0 1.4738023271204979e-05
1531.0 1.4738023191724693e-05
1532.0 1.4738023112502292e-05
1533.0 1.473802303353678e-05
1534.0 1.4738022954827152e-05
1535.0 1.4738022876372412e-05
1536.0 1.4738022798171573e-05
1537.0 1.4738022720223645e-05
1538.0 1.4738022642527649e-05
1539.0 1.4738022565082607e-05
1540.0 1.4738022487887547e-05
1541.0 1.4738022410941499e-05
1542.0 1.4738022334243501e-05
1543.0 1.473802225779259e-05
1544.0 1.4738022181587815e-05
1545.0 1.4738022105628219e-05
1546.0 1.4738022029912862e-05
1547.0 1.4738021954440797e-05
1548.0 1.4738021879211084e-05
1549.0 1.4738021804222797e-05
1550.0 1.4738021729474999e-05
1551.0 1.4738021654966764e-05
1552.0 1.4738021580697177e-05
1553.0 1.4738021506665313e-05
1554.0 1.4738021432870263e-05
1555.0 1.4738021359311118e-05
1556.0 1.4738021285986972e-05
1557.0 1.4738021212896923e-05
1558.0 1.4738021140040075e-05
1559.0 1.4738021067415533e-05
1560.0 1.4738020995022412e-05
1561.0 1.4738020922859824e-05
1562.0 1.473802085092689e-05
1563.0 1.473802077922273e-05
1564.0 1.4738020707746472e-05
1565.0 1.4738020636497248e-05
1566.0 1.473802056547419e-05
1567.0 1.4738020494676438e-05
1568.0 1.4738020424103135e-05
1569.0 1.4738020353753424e-05
1570.0 1.4738020283626456e-05
1571.0 1.4738020213721386e-05
1572.0 1.4738020144037371e-05
1573.0 1.473802007457357e-05
1574.0 1.4738020005329152e-05
1575.0 1.473801993630328e-05
1576.0 1.473801986749513e-05
1577.0 1.4738019798903875e-05
1578.0 1.4738019730528695e-05
1579.0 1.4738019662368776e-05
1580.0 1.4738019594423303e-05
1581.0 1.4738019526691464e-05
1582.0 1.4738019459172456e-05
1583.0 1.4738019391865474e-05
1584.0 1.473801932476972e-05
1585.0 1.4738019257884397e-05
1586.0 1.4738019191208715e-05
1587.0 1.4738019124741885e-05
1588.0 1.4738019058483121e-05
1589.0 1.4738018992431643e-05
1590.0 1.4738018926586667e-05
1591.0 1.4738018860947426e-05
1592.0 1.4738018795513143e-05
1593.0 1.4738018730283053e-05
1594.0 1.4738018665256388e-05
1595.0 1.4738018600432389e-05
1596.0 1.4738018535810299e-05
1597.0 1.4738018471389359e-05
1598.0 1.4738018407168822e-05
1599.0 1.4738018343147937e-05
1600.0 1.473801827932596e-05
1601.0 1.4738018215702147e-05
1602.0 1.4738018152275764e-05
1603.0 1.4738018089046073e-05
1604.0 1.4738018026012342e-05
1605.0 1.4738017963173841e-05
1606.0 1.4738017900529847e-05
1607.0 1.4738017838079636e-05
1608.0 1.4738017775822488e-05
1609.0 1.4738017713757688e-05
1610.0 1.473801765188452e-05
1611.0 1.4738017590202276e-05
1612.0 1.473801752871025e-05
1613.0 1.4738017467407736e-05
1614.0 1.4738017406294032e-05
1615.0 1.4738017345368441e-05
1616.0 1.4738017284630272e-05
1617.0 1.4738017224078827e-05
1618.0 1.473801716371342e-05
1619.0 1.4738017103533364e-05
1620.0 1.4738017043537976e-05
1621.0 1.473801698372658e-05
1622.0 1.473801692409849e-05
1623.0 1.473801686465304e-05
1624.0 1.4738016805389556e-05
1625.0 1.4738016746307368e-05
1626.0 1.4738016687405808e-05
1627.0 1.473801662868422e-05
1628.0 1.4738016570141938e-05
1629.0 1.473801651177831e-05
1630.0 1.4738016453592676e-05
1631.0 1.473801639558439e-05
1632.0 1.47380163377528e-05
1633.0 1.4738016280097259e-05
1634.0 1.4738016222617125e-05
1635.0 1.4738016165311758e-05
1636.0 1.4738016108180521e-05
1637.0 1.4738016051222777e-05
1638.0 1.4738015994437894e-05
1639.0 1.4738015937825245e-05
1640.0 1.47380158813842e-05
1641.0 1.4738015825114133e-05
1642.0 1.473801576901443e-05
1643.0 1.4738015713084463e-05
1644.0 1.4738015657323621e-05
1645.0 1.4738015601731287e-05
1646.0 1.4738015546306852e-05
1647.0 1.4738015491049707e-05
1648.0 1.4738015435959247e-05
1649.0 1.4738015381034866e-05
1650.0 1.4738015326275964e-05
1651.0 1.4738015271681941e-05
1652.0 1.4738015217252206e-05
1653.0 1.473801516298616e-05
1654.0 1.4738015108883217e-05
1655.0 1.4738015054942787e-05
1656.0 1.4738015001164282e-05
1657.0 1.4738014947547122e-05
1658.0 1.4738014894090722e-05
1659.0 1.4738014840794504e-05
1660.0 1.4738014787657896e-05
1661.0 1.4738014734680322e-05
1662.0 1.4738014681861208e-05
1663.0 1.4738014629199988e-05
1664.0 1.4738014576696097e-05
1665.0 1.4738014524348968e-05
1666.0 1.473801447215804e-05
1667.0 1.4738014420122753e-05
1668.0 1.4738014368242551e-05
1669.0 1.473801431651688e-05
1670.0 1.4738014264945184e-05
1671.0 1.4738014213526916e-05
1672.0 1.473801416226153e-05
1673.0 1.4738014111148475e-05
1674.0 1.4738014060187209e-05
1675.0 1.4738014009377195e-05
1676.0 1.4738013958717891e-05
1677.0 1.4738013908208759e-05
1678.0 1.4738013857849269e-05
1679.0 1.4738013807638887e-05
1680.0 1.4738013757577082e-05
1681.0 1.4738013707663328e-05
1682.0 1.4738013657897096e-05
1683.0 1.4738013608277867e-05
1684.0 1.4738013558805117e-05
1685.0 1.4738013509478328e-05
1686.0 1.4738013460296984e-05
1687.0 1.4738013411260568e-05
1688.0 1.473801336236857e-05
1689.0 1.4738013313620477e-05
1690.0 1.4738013265015781e-05
1691.0 1.473801321655398e-05
1692.0 1.4738013168234564e-05
1693.0 1.4738013120057034e-05
1694.0 1.4738013072020888e-05
1695.0 1.4738013024125629e-05
1696.0 1.4738012976370763e-05
1697.0 1.4738012928755792e-05
1698.0 1.4738012881280229e-05
1699.0 1.4738012833943579e-05
1700.0 1.4738012786745357e-05
1701.0 1.4738012739685075e-05
1702.0 1.4738012692762255e-05
1703.0 1.4738012645976407e-05
1704.0 1.4738012599327057e-05
1705.0 1.4738012552813725e-05
1706.0 1.4738012506435934e-05
1707.0 1.4738012460193212e-05
1708.0 1.4738012414085083e-05
1709.0 1.4738012368111084e-05
1710.0 1.473801232227074e-05
1711.0 1.4738012276563584e-05
1712.0 1.4738012230989157e-05
1713.0 1.4738012185546993e-05
1714.0 1.4738012140236634e-05
1715.0 1.4738012095057618e-05
1716.0 1.4738012050009489e-05
1717.0 1.473801200509179e-05
1718.0 1.4738011960304073e-05
1719.0 1.4738011915645879e-05
1720.0 1.4738011871116767e-05
1721.0 1.4738011826716283e-05
1722.0 1.4738011782443983e-05
1723.0 1.4738011738299423e-05
1724.0 1.4738011694282158e-05
1725.0 1.4738011650391752e-05
1726.0 1.4738011606627763e-05
1727.0 1.4738011562989756e-05
1728.0 1.4738011519477294e-05
1729.0 1.4738011476089942e-05
1730.0 1.4738011432827274e-05
1731.0 1.4738011389688853e-05
1732.0 1.4738011346674256e-05
1733.0 1.4738011303783053e-05
1734.0 1.473801126101482e-05
1735.0 1.4738011218369136e-05
1736.0 1.4738011175845577e-05
1737.0 1.4738011133443722e-05
1738.0 1.4738011091163156e-05
1739.0 1.4738011049003462e-05
1740.0 1.4738011006964226e-05
1741.0 1.4738010965045031e-05
1742.0 1.473801092324547e-05
1743.0 1.473801088156513e-05
1744.0 1.4738010840003603e-05
1745.0 1.4738010798560487e-05
1746.0 1.4738010757235372e-05
1747.0 1.4738010716027856e-05
1748.0 1.4738010674937537e-05
1749.0 1.4738010633964018e-05
1750.0 1.4738010593106896e-05
1751.0 1.4738010552365778e-05
1752.0 1.4738010511740265e-05
1753.0 1.4738010471229967e-05
1754.0 1.473801043083449e-05
1755.0 1.4738010390553444e-05
1756.0 1.4738010350386438e-05
1757.0 1.4738010310333086e-05
1758.0 1.4738010270393002e-05
1759.0 1.4738010230565801e-05
1760.0 1.4738010190851101e-05
1761.0 1.473801015124852e-05
1762.0 1.4738010111757677e-05
1763.0 1.4738010072378195e-05
1764.0 1.4738010033109697e-05
1765.0 1.4738009993951808e-05
1766.0 1.4738009954904151e-05
1767.0 1.4738009915966359e-05
1768.0 1.4738009877138055e-05
1769.0 1.4738009838418873e-05
1770.0 1.4738009799808444e-05
1771.0 1.4738009761306403e-05
1772.0 1.4738009722912381e-05
1773.0 1.473800968462602e-05
1774.0 1.4738009646446951e-05
1775.0 1.4738009608374817e-05
1776.0 1.473800957040926e-05
1777.0 1.4738009532549915e-05
1778.0 1.4738009494796432e-05
1779.0 1.4738009457148455e-05
1780.0 1.4738009419605629e-05
1781.0 1.47380093821676e-05
1782.0 1.473800934483402e-05
1783.0 1.4738009307604536e-05
1784.0 1.4738009270478799e-05
1785.0 1.4738009233456466e-05
1786.0 1.4738009196537192e-05
1787.0 1.4738009159720625e-05
1788.0 1.473800912300643e-05
1789.0 1.4738009086394262e-05
1790.0 1.4738009049883781e-05
1791.0 1.4738009013474647e-05
1792.0 1.4738008977166522e-05
1793.0 1.4738008940959076e-05
1794.0 1.4738008904851964e-05
1795.0 1.473800886884486e-05
1796.0 1.4738008832937427e-05
1797.0 1.4738008797129336e-05
1798.0 1.4738008761420256e-05
1799.0 1.4738008725809861e-05
1800.0 1.4738008690297819e-05
1801.0 1.4738008654883808e-05
1802.0 1.4738008619567503e-05
1803.0 1.4738008584348578e-05
1804.0 1.473800854922671e-05
1805.0 1.4738008514201583e-05
1806.0 1.4738008479272873e-05
1807.0 1.4738008444440261e-05
1808.0 1.4738008409703433e-05
1809.0 1.4738008375062071e-05
1810.0 1.473800834051586e-05
1811.0 1.4738008306064483e-05
1812.0 1.4738008271707634e-05
1813.0 1.4738008237444998e-05
1814.0 1.4738008203276264e-05
1815.0 1.4738008169201125e-05
1816.0 1.4738008135219275e-05
1817.0 1.4738008101330403e-05
1818.0 1.4738008067534205e-05
1819.0 1.4738008033830381e-05
1820.0 1.4738008000218621e-05
1821.0 1.473800796669863e-05
1822.0 1.4738007933270103e-05
1823.0 1.4738007899932741e-05
1824.0 1.4738007866686244e-05
1825.0 1.4738007833530318e-05
1826.0 1.4738007800464666e-05
1827.0 1.4738007767488994e-05
1828.0 1.4738007734603002e-05
1829.0 1.4738007701806407e-05
1830.0 1.473800766909891e-05
1831.0 1.4738007636480222e-05
1832.0 1.4738007603950056e-05
1833.0 1.473800757150812e-05
1834.0 1.473800753915413e-05
1835.0 1.4738007506887798e-05
1836.0 1.473800747470884e-05
1837.0 1.473800744261697e-05
1838.0 1.4738007410611907e-05
1839.0 1.473800737869337e-05
1840.0 1.4738007346861074e-05
1841.0 1.4738007315114743e-05
1842.0 1.4738007283454098e-05
1843.0 1.473800725187886e-05
1844.0 1.4738007220388756e-05
1845.0 1.4738007188983506e-05
1846.0 1.4738007157662834e-05
1847.0 1.4738007126426477e-05
1848.0 1.473800709527415e-05
1849.0 1.4738007064205588e-05
1850.0 1.4738007033220521e-05
1851.0 1.473800700231868e-05
1852.0 1.4738006971499792e-05
1853.0 1.4738006940763594e-05
1854.0 1.4738006910109819e-05
1855.0 1.4738006879538199e-05
1856.0 1.4738006849048474e-05
1857.0 1.4738006818640379e-05
1858.0 1.473800678831365e-05
1859.0 1.4738006758068028e-05
1860.0 1.473800672790325e-05
1861.0 1.4738006697819059e-05
1862.0 1.4738006667815195e-05
1863.0 1.4738006637891404e-05
1864.0 1.4738006608047426e-05
1865.0 1.4738006578283005e-05
1866.0 1.4738006548597888e-05
1867.0 1.4738006518991822e-05
1868.0 1.4738006489464551e-05
1869.0 1.4738006460015826e-05
1870.0 1.47380064306454e-05
1871.0 1.4738006401353015e-05
1872.0 1.4738006372138426e-05
1873.0 1.4738006343001387e-05
1874.0 1.4738006313941647e-05
1875.0 1.4738006284958965e-05
1876.0 1.473800625605309e-05
1877.0 1.4738006227223781e-05
1878.0 1.4738006198470792e-05
1879.0 1.4738006169793885e-05
1880.0 1.4738006141192815e-05
1881.0 1.473800611266734e-05
1882.0 1.4738006084217225e-05
1883.0 1.4738006055842226e-05
1884.0 1.473800602754211e-05
1885.0 1.4738005999316632e-05
1886.0 1.4738005971165562e-05
1887.0 1.4738005943088666e-05
1888.0 1.4738005915085704e-05
1889.0 1.4738005887156444e-05
1890.0 1.4738005859300658e-05
1891.0 1.4738005831518106e-05
1892.0 1.4738005803808562e-05
1893.0 1.4738005776171794e-05
1894.0 1.4738005748607575e-05
1895.0 1.4738005721115673e-05
1896.0 1.4738005693695863e-05
1897.0 1.4738005666347915e-05
1898.0 1.4738005639071606e-05
1899.0 1.473800561186671e-05
1900.0 1.4738005584733e-05
1901.0 1.4738005557670255e-05
1902.0 1.4738005530678255e-05
1903.0 1.4738005503756771e-05
1904.0 1.4738005476905586e-05
1905.0 1.473800545012448e-05
1906.0 1.4738005423413234e-05
1907.0 1.4738005396771626e-05
1908.0 1.473800537019944e-05
1909.0 1.4738005343696462e-05
1910.0 1.4738005317262469e-05
1911.0 1.4738005290897249e-05
1912.0 1.473800526460059e-05
1913.0 1.4738005238372275e-05
1914.0 1.4738005212212088e-05
1915.0 1.4738005186119822e-05
1916.0 1.4738005160095262e-05
1917.0 1.47380051341382e-05
1918.0 1.473800510824842e-05
1919.0 1.473800508242572e-05
1920.0 1.4738005056669886e-05
1921.0 1.4738005030980712e-05
1922.0 1.4738005005357992e-05
1923.0 1.4738004979801519e-05
1924.0 1.4738004954311087e-05
1925.0 1.4738004928886489e-05
1926.0 1.4738004903527527e-05
1927.0 1.473800487823399e-05
1928.0 1.4738004853005681e-05
1929.0 1.4738004827842395e-05
1930.0 1.4738004802743933e-05
1931.0 1.4738004777710095e-05
1932.0 1.4738004752740678e-05
1933.0 1.4738004727835484e-05
1934.0 1.4738004702994316e-05
1935.0 1.4738004678216976e-05
1936.0 1.4738004653503269e-05
1937.0 1.4738004628852997e-05
1938.0 1.4738004604265962e-05
1939.0 1.4738004579741973e-05
1940.0 1.4738004555280834e-05
1941.0 1.4738004530882355e-05
1942.0 1.4738004506546337e-05
1943.0 1.4738004482272594e-05
1944.0 1.4738004458060931e-05
1945.0 1.4738004433911161e-05
1946.0 1.4738004409823091e-05
1947.0 1.4738004385796534e-05
1948.0 1.4738004361831299e-05
1949.0 1.4738004337927197e-05
1950.0 1.4738004314084046e-05
1951.0 1.4738004290301657e-05
1952.0 1.4738004266579843e-05
1953.0 1.473800424291842e-05
1954.0 1.4738004219317202e-05
1955.0 1.4738004195776005e-05
1956.0 1.4738004172294648e-05
1957.0 1.4738004148872948e-05
1958.0 1.4738004125510723e-05
1959.0 1.4738004102207789e-05
1960.0 1.4738004078963968e-05
1961.0 1.4738004055779079e-05
1962.0 1.4738004032652945e-05
1963.0 1.4738004009585383e-05
1964.0 1.473800398657622e-05
1965.0 1.4738003963625274e-05
1966.0 1.473800394073237e-05
1967.0 1.4738003917897331e-05
1968.0 1.4738003895119987e-05
1969.0 1.4738003872400151e-05
1970.0 1.473800384973766e-05
1971.0 1.4738003827132337e-05
1972.0 1.4738003804584006e-05
1973.0 1.47380037820925e-05
1974.0 1.473800375965764e-05
1975.0 1.473800373727926e-05
1976.0 1.4738003714957187e-05
1977.0 1.4738003692691254e-05
1978.0 1.4738003670481288e-05
1979.0 1.4738003648327119e-05
1980.0 1.4738003626228583e-05
1981.0 1.4738003604185513e-05
1982.0 1.4738003582197735e-05
1983.0 1.473800356026509e-05
1984.0 1.4738003538387408e-05
1985.0 1.4738003516564525e-05
1986.0 1.4738003494796275e-05
1987.0 1.4738003473082495e-05
1988.0 1.4738003451423021e-05
1989.0 1.473800342981769e-05
1990.0 1.473800340826634e-05
1991.0 1.4738003386768806e-05
1992.0 1.4738003365324932e-05
1993.0 1.4738003343934555e-05
1994.0 1.4738003322597512e-05
1995.0 1.4738003301313648e-05
1996.0 1.4738003280082801e-05
1997.0 1.4738003258904812e-05
1998.0 1.4738003237779526e-05
1999.0 1.4738003216706781e-05
2000.0 1.4738003195686424e-05
2001.0 1.47380031747183e-05
2002.0 1.4738003153802249e-05
2003.0 1.4738003132938116e-05
2004.0 1.4738003112125748e-05
2005.0 1.4738003091364992e-05
2006.0 1.4738003070655694e-05
2007.0 1.4738003049997695e-05
2008.0 1.4738003029390852e-05
2009.0 1.4738003008835008e-05
2010.0 1.473800298833001e-05
2011.0 1.4738002967875708e-05
2012.0 1.4738002947471953e-05
2013.0 1.4738002927118595e-05
2014.0 1.4738002906815486e-05
2015.0 1.4738002886562471e-05
2016.0 1.4738002866359409e-05
2017.0 1.4738002846206147e-05
2018.0 1.4738002826102538e-05
2019.0 1.473800280604844e-05
2020.0 1.4738002786043703e-05
2021.0 1.4738002766088179e-05
2022.0 1.4738002746181727e-05
2023.0 1.4738002726324199e-05
2024.0 1.4738002706515452e-05
2025.0 1.473800268675534e-05
2026.0 1.4738002667043725e-05
2027.0 1.473800264738046e-05
2028.0 1.4738002627765403e-05
2029.0 1.4738002608198412e-05
2030.0 1.4738002588679349e-05
2031.0 1.4738002569208067e-05
2032.0 1.4738002549784431e-05
2033.0 1.4738002530408299e-05
2034.0 1.4738002511079528e-05
2035.0 1.4738002491797984e-05
2036.0 1.473800247256353e-05
2037.0 1.473800245337602e-05
2038.0 1.4738002434235326e-05
2039.0 1.4738002415141304e-05
2040.0 1.4738002396093818e-05
2041.0 1.4738002377092736e-05
2042.0 1.473800235813792e-05
2043.0 1.4738002339229234e-05
2044.0 1.4738002320366543e-05
2045.0 1.4738002301549717e-05
2046.0 1.4738002282778614e-05
2047.0 1.4738002264053106e-05
2048.0 1.473800224537306e-05
2049.0 1.4738002226738345e-05
2050.0 1.4738002208148825e-05
2051.0 1.473800218960437e-05
2052.0 1.473800217110485e-05
2053.0 1.4738002152650132e-05
2054.0 1.473800213424009e-05
2055.0 1.4738002115874589e-05
2056.0 1.47380020975535e-05
2057.0 1.47380020792767e-05
2058.0 1.4738002061044052e-05
2059.0 1.4738002042855436e-05
2060.0 1.4738002024710722e-05
2061.0 1.4738002006609778e-05
2062.0 1.4738001988552484e-05
2063.0 1.4738001970538709e-05
2064.0 1.4738001952568327e-05
2065.0 1.4738001934641216e-05
2066.0 1.473800191675725e-05
2067.0 1.4738001898916302e-05
2068.0 1.4738001881118249e-05
2069.0 1.473800186336297e-05
2070.0 1.4738001845650337e-05
2071.0 1.4738001827980228e-05
2072.0 1.4738001810352522e-05
2073.0 1.4738001792767097e-05
2074.0 1.4738001775223831e-05
2075.0 1.4738001757722601e-05
2076.0 1.4738001740263288e-05
2077.0 1.4738001722845774e-05
2078.0 1.4738001705469931e-05
2079.0 1.4738001688135648e-05
2080.0 1.4738001670842799e-05
2081.0 1.4738001653591269e-05
2082.0 1.4738001636380937e-05
2083.0 1.4738001619211689e-05
2084.0 1.47380016020834e-05
2085.0 1.4738001584995963e-05
2086.0 1.4738001567949252e-05
2087.0 1.4738001550943154e-05
2088.0 1.4738001533977554e-05
2089.0 1.4738001517052333e-05
2090.0 1.4738001500167378e-05
2091.0 1.4738001483322573e-05
2092.0 1.4738001466517803e-05
2093.0 1.4738001449752958e-05
2094.0 1.4738001433027918e-05
2095.0 1.4738001416342575e-05
2096.0 1.473800139969681e-05
2097.0 1.4738001383090516e-05
2098.0 1.4738001366523577e-05
2099.0 1.4738001349995884e-05
2100.0 1.4738001333507322e-05
2101.0 1.4738001317057781e-05
2102.0 1.4738001300647151e-05
2103.0 1.4738001284275322e-05
2104.0 1.4738001267942182e-05
2105.0 1.4738001251647623e-05
2106.0 1.4738001235391535e-05
2107.0 1.4738001219173808e-05
2108.0 1.4738001202994334e-05
2109.0 1.4738001186853005e-05
2110.0 1.4738001170749712e-05
2111.0 1.473800115468435e-05
2112.0 1.473800113865681e-05
2113.0 1.4738001122666984e-05
2114.0 1.4738001106714765e-05
2115.0 1.4738001090800053e-05
2116.0 1.4738001074922734e-05
2117.0 1.4738001059082708e-05
2118.0 1.4738001043279866e-05
2119.0 1.4738001027514106e-05
2120.0 1.4738001011785323e-05
2121.0 1.4738000996093414e-05
2122.0 1.4738000980438272e-05
2123.0 1.4738000964819796e-05
2124.0 1.4738000949237881e-05
2125.0 1.4738000933692426e-05
2126.0 1.473800091818333e-05
2127.0 1.4738000902710486e-05
2128.0 1.47380008872738e-05
2129.0 1.4738000871873163e-05
2130.0 1.4738000856508476e-05
2131.0 1.4738000841179641e-05
2132.0 1.4738000825886555e-05
2133.0 1.473800081062912e-05
2134.0 1.4738000795407231e-05
2135.0 1.4738000780220798e-05
2136.0 1.4738000765069711e-05
2137.0 1.4738000749953881e-05
2138.0 1.4738000734873202e-05
2139.0 1.4738000719827579e-05
2140.0 1.4738000704816917e-05
2141.0 1.4738000689841113e-05
2142.0 1.4738000674900074e-05
2143.0 1.4738000659993702e-05
2144.0 1.4738000645121899e-05
2145.0 1.473800063028457e-05
2146.0 1.4738000615481617e-05
2147.0 1.4738000600712949e-05
2148.0 1.4738000585978467e-05
2149.0 1.4738000571278076e-05
2150.0 1.4738000556611684e-05
2151.0 1.4738000541979195e-05
2152.0 1.4738000527380511e-05
2153.0 1.4738000512815546e-05
2154.0 1.47380004982842e-05
2155.0 1.4738000483786385e-05
2156.0 1.4738000469322005e-05
2157.0 1.4738000454890967e-05
2158.0 1.4738000440493179e-05
2159.0 1.473800042612855e-05
2160.0 1.473800041179699e-05
2161.0 1.4738000397498405e-05
2162.0 1.4738000383232703e-05
2163.0 1.4738000368999795e-05
2164.0 1.4738000354799593e-05
2165.0 1.4738000340632001e-05
2166.0 1.4738000326496934e-05
2167.0 1.4738000312394301e-05
2168.0 1.473800029832401e-05
2169.0 1.4738000284285977e-05
2170.0 1.4738000270280108e-05
2171.0 1.4738000256306319e-05
2172.0 1.4738000242364517e-05
2173.0 1.4738000228454617e-05
2174.0 1.4738000214576534e-05
2175.0 1.4738000200730175e-05
2176.0 1.4738000186915459e-05
2177.0 1.4738000173132293e-05
2178.0 1.4738000159380594e-05
2179.0 1.4738000145660277e-05
2180.0 1.4738000131971254e-05
2181.0 1.473800011831344e-05
2182.0 1.4738000104686747e-05
2183.0 1.4738000091091094e-05
2184.0 1.4738000077526393e-05
2185.0 1.473800006399256e-05
2186.0 1.4738000050489515e-05
2187.0 1.4738000037017166e-05
2188.0 1.4738000023575434e-05
2189.0 1.4738000010164238e-05
2190.0 1.4737999996783487e-05
2191.0 1.4737999983433108e-05
2192.0 1.4737999970113008e-05
2193.0 1.4737999956823112e-05
2194.0 1.4737999943563337e-05
2195.0 1.4737999930333595e-05
2196.0 1.4737999917133811e-05
2197.0 1.4737999903963903e-05
2198.0 1.4737999890823786e-05
2199.0 1.473799987771338e-05
2200.0 1.4737999864632609e-05
2201.0 1.4737999851581386e-05
2202.0 1.4737999838559634e-05
2203.0 1.4737999825567273e-05
2204.0 1.4737999812604225e-05
2205.0 1.4737999799670408e-05
2206.0 1.4737999786765746e-05
2207.0 1.4737999773890155e-05
2208.0 1.473799976104356e-05
2209.0 1.4737999748225886e-05
2210.0 1.4737999735437048e-05
2211.0 1.4737999722676971e-05
2212.0 1.4737999709945577e-05
2213.0 1.473799969724279e-05
2214.0 1.4737999684568529e-05
2215.0 1.4737999671922722e-05
2216.0 1.473799965930529e-05
2217.0 1.4737999646716158e-05
2218.0 1.4737999634155249e-05
2219.0 1.4737999621622483e-05
2220.0 1.473799960911779e-05
2221.0 1.4737999596641093e-05
2222.0 1.4737999584192316e-05
2223.0 1.4737999571771382e-05
2224.0 1.4737999559378223e-05
2225.0 1.4737999547012757e-05
2226.0 1.4737999534674912e-05
2227.0 1.4737999522364616e-05
2228.0 1.4737999510081793e-05
2229.0 1.473799949782637e-05
2230.0 1.4737999485598274e-05
2231.0 1.4737999473397432e-05
2232.0 1.473799946122377e-05
2233.0 1.4737999449077218e-05
2234.0 1.4737999436957698e-05
2235.0 1.4737999424865144e-05
2236.0 1.473799941279948e-05
2237.0 1.4737999400760636e-05
2238.0 1.473799938874854e-05
2239.0 1.473799937676312e-05
2240.0 1.4737999364804306e-05
2241.0 1.4737999352872026e-05
2242.0 1.4737999340966212e-05
2243.0 1.4737999329086788e-05
2244.0 1.473799931723369e-05
2245.0 1.4737999305406844e-05
2246.0 1.4737999293606183e-05
2247.0 1.4737999281831632e-05
2248.0 1.4737999270083129e-05
2249.0 1.47379992583606e-05
2250.0 1.4737999246663976e-05
2251.0 1.4737999234993192e-05
2252.0 1.4737999223348174e-05
2253.0 1.473799921172886e-05
2254.0 1.4737999200135175e-05
2255.0 1.4737999188567058e-05
2256.0 1.4737999177024437e-05
2257.0 1.4737999165507247e-05
2258.0 1.4737999154015419e-05
2259.0 1.4737999142548885e-05
2260.0 1.4737999131107579e-05
2261.0 1.4737999119691436e-05
2262.0 1.473799910830039e-05
2263.0 1.473799909693437e-05
2264.0 1.4737999085593317e-05
2265.0 1.4737999074277157e-05
2266.0 1.4737999062985833e-05
2267.0 1.4737999051719272e-05
2268.0 1.4737999040477415e-05
2269.0 1.4737999029260193e-05
2270.0 1.4737999018067542e-05
2271.0 1.4737999006899398e-05
2272.0 1.4737998995755697e-05
2273.0 1.4737998984636373e-05
2274.0 1.4737998973541363e-05
2275.0 1.4737998962470605e-05
2276.0 1.473799895142403e-05
2277.0 1.473799894040158e-05
2278.0 1.4737998929403193e-05
2279.0 1.47379989184288e-05
2280.0 1.473799890747834e-05
2281.0 1.4737998896551752e-05
2282.0 1.4737998885648974e-05
2283.0 1.4737998874769944e-05
2284.0 1.4737998863914597e-05
2285.0 1.4737998853082871e-05
2286.0 1.4737998842274709e-05
2287.0 1.4737998831490045e-05
2288.0 1.4737998820728818e-05
2289.0 1.473799880999097e-05
2290.0 1.4737998799276437e-05
2291.0 1.4737998788585158e-05
2292.0 1.4737998777917076e-05
2293.0 1.4737998767272127e-05
2294.0 1.4737998756650252e-05
2295.0 1.473799874605139e-05
2296.0 1.4737998735475484e-05
2297.0 1.473799872492247e-05
2298.0 1.4737998714392294e-05
2299.0 1.473799870388489e-05
2300.0 1.4737998693400205e-05
2301.0 1.4737998682938177e-05
2302.0 1.4737998672498747e-05
2303.0 1.4737998662081858e-05
2304.0 1.473799865168745e-05
2305.0 1.4737998641315466e-05
2306.0 1.4737998630965847e-05
2307.0 1.4737998620638536e-05
2308.0 1.4737998610333474e-05
2309.0 1.4737998600050604e-05
2310.0 1.4737998589789871e-05
2311.0 1.4737998579551213e-05
2312.0 1.473799856933458e-05
2313.0 1.4737998559139906e-05
2314.0 1.473799854896714e-05
2315.0 1.4737998538816224e-05
2316.0 1.4737998528687105e-05
2317.0 1.4737998518579721e-05
2318.0 1.4737998508494022e-05
2319.0 1.4737998498429948e-05
2320.0 1.4737998488387445e-05
2321.0 1.4737998478366456e-05
2322.0 1.4737998468366927e-05
2323.0 1.4737998458388803e-05
2324.0 1.4737998448432029e-05
2325.0 1.4737998438496547e-05
2326.0 1.4737998428582308e-05
2327.0 1.4737998418689253e-05
2328.0 1.473799840881733e-05
2329.0 1.4737998398966484e-05
2330.0 1.4737998389136661e-05
2331.0 1.4737998379327806e-05
2332.0 1.4737998369539868e-05
2333.0 1.473799835977279e-05
2334.0 1.4737998350026523e-05
2335.0 1.473799834030101e-05
2336.0 1.4737998330596198e-05
2337.0 1.4737998320912037e-05
2338.0 1.4737998311248472e-05
2339.0 1.4737998301605452e-05
2340.0 1.4737998291982922e-05
2341.0 1.4737998282380833e-05
2342.0 1.4737998272799129e-05
2343.0 1.4737998263237762e-05
2344.0 1.4737998253696677e-05
2345.0 1.4737998244175826e-05
2346.0 1.4737998234675153e-05
2347.0 1.473799822519461e-05
2348.0 1.4737998215734143e-05
2349.0 1.4737998206293705e-05
2350.0 1.4737998196873242e-05
2351.0 1.4737998187472702e-05
2352.0 1.4737998178092041e-05
2353.0 1.4737998168731199e-05
2354.0 1.4737998159390135e-05
2355.0 1.4737998150068791e-05
2356.0 1.4737998140767121e-05
2357.0 1.4737998131485077e-05
2358.0 1.4737998122222605e-05
2359.0 1.473799811297966e-05
2360.0 1.4737998103756188e-05
2361.0 1.4737998094552141e-05
2362.0 1.4737998085367472e-05
2363.0 1.473799807620213e-05
2364.0 1.4737998067056068e-05
2365.0 1.4737998057929235e-05
2366.0 1.4737998048821585e-05
2367.0 1.4737998039733067e-05
2368.0 1.4737998030663634e-05
2369.0 1.473799802161324e-05
2370.0 1.4737998012581832e-05
2371.0 1.4737998003569368e-05
2372.0 1.4737997994575794e-05
2373.0 1.4737997985601068e-05
2374.0 1.473799797664514e-05
2375.0 1.4737997967707965e-05
2376.0 1.473799795878949e-05
2377.0 1.4737997949889675e-05
2378.0 1.473799794100847e-05
2379.0 1.4737997932145828e-05
2380.0 1.4737997923301705e-05
2381.0 1.4737997914476049e-05
2382.0 1.473799790566882e-05
2383.0 1.4737997896879967e-05
2384.0 1.4737997888109446e-05
2385.0 1.4737997879357212e-05
2386.0 1.4737997870623218e-05
2387.0 1.4737997861907419e-05
2388.0 1.473799785320977e-05
2389.0 1.4737997844530223e-05
2390.0 1.4737997835868735e-05
2391.0 1.473799782722526e-05
2392.0 1.4737997818599754e-05
2393.0 1.4737997809992171e-05
2394.0 1.473799780140247e-05
2395.0 1.4737997792830601e-05
2396.0 1.4737997784276522e-05
2397.0 1.4737997775740187e-05
2398.0 1.4737997767221554e-05
2399.0 1.4737997758720581e-05
2400.0 1.4737997750237217e-05
2401.0 1.4737997741771428e-05
2402.0 1.473799773332316e-05
2403.0 1.4737997724892377e-05
2404.0 1.4737997716479033e-05
2405.0 1.4737997708083083e-05
2406.0 1.4737997699704487e-05
2407.0 1.4737997691343198e-05
2408.0 1.4737997682999178e-05
2409.0 1.473799767467238e-05
2410.0 1.4737997666362763e-05
2411.0 1.4737997658070285e-05
2412.0 1.4737997649794902e-05
2413.0 1.4737997641536575e-05
2414.0 1.4737997633295256e-05
2415.0 1.473799762507091e-05
2416.0 1.4737997616863487e-05
2417.0 1.4737997608672955e-05
2418.0 1.4737997600499261e-05
2419.0 1.4737997592342375e-05
2420.0 1.4737997584202246e-05
2421.0 1.4737997576078837e-05
2422.0 1.4737997567972109e-05
2423.0 1.4737997559882014e-05
2424.0 1.473799755180852e-05
2425.0 1.4737997543751578e-05
2426.0 1.4737997535711153e-05
2427.0 1.4737997527687198e-05
2428.0 1.4737997519679679e-05
2429.0 1.4737997511688552e-05
2430.0 1.473799750371378e-05
2431.0 1.4737997495755318e-05
2432.0 1.4737997487813129e-05
2433.0 1.4737997479887174e-05
2434.0 1.473799747197741e-05
2435.0 1.47379974640838e-05
2436.0 1.4737997456206303e-05
2437.0 1.473799744834488e-05
2438.0 1.4737997440499491e-05
2439.0 1.4737997432670098e-05
2440.0 1.4737997424856661e-05
2441.0 1.4737997417059142e-05
2442.0 1.47379974092775e-05
2443.0 1.4737997401511696e-05
2444.0 1.4737997393761696e-05
2445.0 1.4737997386027455e-05
2446.0 1.473799737830894e-05
2447.0 1.4737997370606109e-05
2448.0 1.4737997362918924e-05
2449.0 1.473799735524735e-05
2450.0 1.4737997347591344e-05
2451.0 1.4737997339950873e-05
2452.0 1.4737997332325894e-05
2453.0 1.4737997324716376e-05
2454.0 1.4737997317122275e-05
2455.0 1.473799730954356e-05
2456.0 1.4737997301980185e-05
2457.0 1.4737997294432119e-05
2458.0 1.4737997286899324e-05
2459.0 1.473799727938176e-05
2460.0 1.4737997271879396e-05
2461.0 1.4737997264392189e-05
2462.0 1.4737997256920103e-05
2463.0 1.4737997249463104e-05
2464.0 1.4737997242021156e-05
2465.0 1.4737997234594218e-05
2466.0 1.4737997227182258e-05
2467.0 1.4737997219785238e-05
2468.0 1.4737997212403122e-05
2469.0 1.4737997205035874e-05
2470.0 1.4737997197683458e-05
2471.0 1.4737997190345837e-05
2472.0 1.473799718302298e-05
2473.0 1.4737997175714842e-05
2474.0 1.4737997168421399e-05
2475.0 1.4737997161142608e-05
2476.0 1.4737997153878433e-05
2477.0 1.4737997146628844e-05
2478.0 1.4737997139393802e-05
2479.0 1.4737997132173273e-05
2480.0 1.4737997124967221e-05
2481.0 1.4737997117775615e-05
2482.0 1.4737997110598417e-05
2483.0 1.4737997103435591e-05
2484.0 1.4737997096287106e-05
2485.0 1.4737997089152923e-05
2486.0 1.4737997082033014e-05
2487.0 1.4737997074927339e-05
2488.0 1.4737997067835865e-05
2489.0 1.4737997060758561e-05
2490.0 1.473799705369539e-05
2491.0 1.4737997046646322e-05
2492.0 1.4737997039611315e-05
2493.0 1.4737997032590343e-05
2494.0 1.473799702558337e-05
2495.0 1.4737997018590363e-05
2496.0 1.4737997011611287e-05
2497.0 1.4737997004646112e-05
2498.0 1.47379969976948e-05
2499.0 1.473799699075732e-05
2500.0 1.4737996983833643e-05
2501.0 1.4737996976923728e-05
2502.0 1.473799697002755e-05
2503.0 1.473799696314507e-05
2504.0 1.473799695627626e-05
2505.0 1.4737996949421083e-05
2506.0 1.4737996942579511e-05
2507.0 1.473799693575151e-05
2508.0 1.4737996928937046e-05
2509.0 1.4737996922136088e-05
2510.0 1.4737996915348603e-05
2511.0 1.4737996908574562e-05
2512.0 1.473799690181393e-05
2513.0 1.4737996895066676e-05
2514.0 1.4737996888332769e-05
2515.0 1.4737996881612174e-05
2516.0 1.4737996874904865e-05
2517.0 1.4737996868210806e-05
2518.0 1.4737996861529966e-05
2519.0 1.4737996854862318e-05
2520.0 1.4737996848207825e-05
2521.0 1.4737996841566457e-05
2522.0 1.4737996834938185e-05
2523.0 1.4737996828322978e-05
2524.0 1.4737996821720805e-05
2525.0 1.4737996815131632e-05
2526.0 1.4737996808555433e-05
2527.0 1.4737996801992174e-05
2528.0 1.4737996795441825e-05
2529.0 1.4737996788904357e-05
2530.0 1.4737996782379738e-05
2531.0 1.4737996775867937e-05
2532.0 1.4737996769368928e-05
2533.0 1.4737996762882674e-05
2534.0 1.473799675640915e-05
2535.0 1.4737996749948327e-05
2536.0 1.473799674350017e-05
2537.0 1.4737996737064655e-05
2538.0 1.4737996730641748e-05
2539.0 1.4737996724231421e-05
2540.0 1.4737996717833642e-05
2541.0 1.4737996711448384e-05
2542.0 1.473799670507562e-05
2543.0 1.4737996698715316e-05
2544.0 1.4737996692367444e-05
2545.0 1.4737996686031977e-05
2546.0 1.4737996679708882e-05
2547.0 1.4737996673398133e-05
2548.0 1.4737996667099701e-05
2549.0 1.4737996660813556e-05
2550.0 1.4737996654539671e-05
2551.0 1.4737996648278016e-05
2552.0 1.473799664202856e-05
2553.0 1.473799663579128e-05
2554.0 1.4737996629566141e-05
2555.0 1.473799662335312e-05
2556.0 1.4737996617152187e-05
2557.0 1.4737996610963312e-05
2558.0 1.473799660478647e-05
2559.0 1.4737996598621629e-05
2560.0 1.4737996592468766e-05
2561.0 1.473799658632785e-05
2562.0 1.4737996580198852e-05
2563.0 1.4737996574081744e-05
2564.0 1.4737996567976502e-05
2565.0 1.4737996561883098e-05
2566.0 1.47379965558015e-05
2567.0 1.4737996549731685e-05
2568.0 1.4737996543673624e-05
2569.0 1.4737996537627288e-05
2570.0 1.4737996531592652e-05
2571.0 1.4737996525569689e-05
2572.0 1.473799651955837e-05
2573.0 1.4737996513558669e-05
2574.0 1.4737996507570563e-05
2575.0 1.4737996501594017e-05
2576.0 1.4737996495629007e-05
2577.0 1.473799648967551e-05
2578.0 1.4737996483733499e-05
2579.0 1.4737996477802941e-05
2580.0 1.4737996471883816e-05
2581.0 1.4737996465976098e-05
2582.0 1.4737996460079755e-05
2583.0 1.4737996454194763e-05
2584.0 1.4737996448321097e-05
2585.0 1.4737996442458732e-05
2586.0 1.4737996436607641e-05
2587.0 1.4737996430767795e-05
2588.0 1.4737996424939171e-05
2589.0 1.4737996419121742e-05
2590.0 1.4737996413315482e-05
2591.0 1.4737996407520367e-05
2592.0 1.473799640173637e-05
2593.0 1.4737996395963463e-05
2594.0 1.4737996390201629e-05
2595.0 1.473799638445083e-05
2596.0 1.473799637871105e-05
2597.0 1.473799637298226e-05
2598.0 1.4737996367264439e-05
2599.0 1.4737996361557554e-05
2600.0 1.4737996355861586e-05
2601.0 1.4737996350176506e-05
2602.0 1.4737996344502294e-05
2603.0 1.4737996338838923e-05
2604.0 1.4737996333186365e-05
2605.0 1.4737996327544597e-05
2606.0 1.4737996321913595e-05
2607.0 1.4737996316293337e-05
2608.0 1.4737996310683792e-05
2609.0 1.4737996305084941e-05
2610.0 1.4737996299496758e-05
2611.0 1.4737996293919216e-05
2612.0 1.4737996288352295e-05
2613.0 1.4737996282795967e-05
2614.0 1.473799627725021e-05
2615.0 1.4737996271714999e-05
2616.0 1.4737996266190311e-05
2617.0 1.473799626067612e-05
2618.0 1.4737996255172403e-05
2619.0 1.4737996249679137e-05
2620.0 1.4737996244196296e-05
2621.0 1.473799623872386e-05
2622.0 1.4737996233261802e-05
2623.0 1.4737996227810102e-05
2624.0 1.473799622236873e-05
2625.0 1.4737996216937666e-05
2626.0 1.473799621151689e-05
2627.0 1.4737996206106373e-05
2628.0 1.4737996200706094e-05
2629.0 1.473799619531603e-05
2630.0 1.473799618993616e-05
2631.0 1.4737996184566457e-05
2632.0 1.47379961792069e-05
2633.0 1.4737996173857466e-05
2634.0 1.4737996168518129e-05
2635.0 1.4737996163188872e-05
2636.0 1.4737996157869665e-05
2637.0 1.473799615256049e-05
2638.0 1.4737996147261326e-05
2639.0 1.4737996141972147e-05
2640.0 1.473799613669293e-05
2641.0 1.4737996131423653e-05
2642.0 1.4737996126164295e-05
2643.0 1.4737996120914832e-05
2644.0 1.4737996115675242e-05
2645.0 1.4737996110445504e-05
2646.0 1.4737996105225596e-05
2647.0 1.4737996100015493e-05
2648.0 1.4737996094815175e-05
2649.0 1.4737996089624618e-05
2650.0 1.4737996084443802e-05
2651.0 1.4737996079272705e-05
2652.0 1.4737996074111306e-05
2653.0 1.4737996068959579e-05
2654.0 1.4737996063817506e-05
2655.0 1.4737996058685066e-05
2656.0 1.4737996053562234e-05
2657.0 1.473799604844899e-05
2658.0 1.4737996043345311e-05
2659.0 1.473799603825118e-05
2660.0 1.4737996033166572e-05
2661.0 1.4737996028091466e-05
2662.0 1.4737996023025841e-05
2663.0 1.4737996017969674e-05
2664.0 1.4737996012922947e-05
2665.0 1.4737996007885635e-05
2666.0 1.473799600285772e-05
2667.0 1.4737995997839184e-05
2668.0 1.473799599283e-05
2669.0 1.4737995987830147e-05
2670.0 1.4737995982839608e-05
2671.0 1.473799597785836e-05
2672.0 1.4737995972886383e-05
2673.0 1.4737995967923656e-05
2674.0 1.4737995962970157e-05
2675.0 1.4737995958025868e-05
2676.0 1.4737995953090767e-05
2677.0 1.4737995948164835e-05
2678.0 1.473799594324805e-05
2679.0 1.4737995938340388e-05
2680.0 1.4737995933441836e-05
2681.0 1.473799592855237e-05
2682.0 1.473799592367197e-05
2683.0 1.4737995918800616e-05
2684.0 1.4737995913938287e-05
2685.0 1.4737995909084963e-05
2686.0 1.4737995904240626e-05
2687.0 1.4737995899405253e-05
2688.0 1.473799589457883e-05
2689.0 1.473799588976133e-05
2690.0 1.4737995884952733e-05
2691.0 1.4737995880153025e-05
2692.0 1.4737995875362183e-05
2693.0 1.4737995870580189e-05
2694.0 1.473799586580702e-05
2695.0 1.4737995861042662e-05
2696.0 1.473799585628709e-05
2697.0 1.4737995851540287e-05
2698.0 1.4737995846802234e-05
2699.0 1.473799584207291e-05
2700.0 1.4737995837352296e-05
2701.0 1.4737995832640375e-05
2702.0 1.4737995827937125e-05
2703.0 1.473799582324253e-05
2704.0 1.4737995818556567e-05
2705.0 1.4737995813879219e-05
2706.0 1.4737995809210466e-05
2707.0 1.4737995804550293e-05
2708.0 1.4737995799898676e-05
2709.0 1.4737995795255598e-05
2710.0 1.4737995790621039e-05
2711.0 1.4737995785994982e-05
2712.0 1.4737995781377409e-05
2713.0 1.47379957767683e-05
2714.0 1.4737995772167637e-05
2715.0 1.4737995767575397e-05
2716.0 1.4737995762991571e-05
2717.0 1.473799575841613e-05
2718.0 1.4737995753849064e-05
2719.0 1.473799574929035e-05
2720.0 1.473799574473997e-05
2721.0 1.4737995740197906e-05
2722.0 1.4737995735664142e-05
2723.0 1.4737995731138655e-05
2724.0 1.4737995726621433e-05
2725.0 1.4737995722112452e-05
2726.0 1.4737995717611696e-05
2727.0 1.473799571311915e-05
2728.0 1.4737995708634794e-05
2729.0 1.473799570415861e-05
2730.0 1.473799569969058e-05
2731.0 1.4737995695230684e-05
2732.0 1.4737995690778906e-05
2733.0 1.473799568633523e-05
2734.0 1.4737995681899635e-05
2735.0 1.4737995677472108e-05
2736.0 1.4737995673052627e-05
2737.0 1.4737995668641174e-05
2738.0 1.4737995664237738e-05
2739.0 1.4737995659842294e-05
2740.0 1.4737995655454826e-05
2741.0 1.4737995651075322e-05
2742.0 1.473799564670376e-05
2743.0 1.473799564234012e-05
2744.0 1.473799563798439e-05
2745.0 1.4737995633636554e-05
2746.0 1.4737995629296589e-05
2747.0 1.4737995624964481e-05
2748.0 1.4737995620640215e-05
2749.0 1.473799561632377e-05
2750.0 1.473799561201513e-05
2751.0 1.473799560771428e-05
2752.0 1.4737995603421201e-05
2753.0 1.4737995599135877e-05
2754.0 1.4737995594858293e-05
2755.0 1.4737995590588428e-05
2756.0 1.4737995586326269e-05
2757.0 1.4737995582071797e-05
2758.0 1.4737995577824997e-05
2759.0 1.4737995573585853e-05
2760.0 1.4737995569354344e-05
2761.0 1.473799556513046e-05
2762.0 1.473799556091418e-05
2763.0 1.473799555670549e-05
2764.0 1.4737995552504368e-05
2765.0 1.4737995548310807e-05
2766.0 1.4737995544124783e-05
2767.0 1.4737995539946282e-05
2768.0 1.473799553577529e-05
2769.0 1.4737995531611788e-05
2770.0 1.473799552745576e-05
2771.0 1.4737995523307192e-05
2772.0 1.4737995519166065e-05
2773.0 1.4737995515032366e-05
2774.0 1.4737995510906077e-05
2775.0 1.4737995506787183e-05
2776.0 1.4737995502675666e-05
2777.0 1.4737995498571516e-05
2778.0 1.4737995494474709e-05
2779.0 1.4737995490385235e-05
2780.0 1.4737995486303077e-05
2781.0 1.4737995482228218e-05
2782.0 1.4737995478160644e-05
2783.0 1.4737995474100336e-05
2784.0 1.4737995470047283e-05
2785.0 1.4737995466001466e-05
2786.0 1.4737995461962874e-05
2787.0 1.4737995457931485e-05
2788.0 1.4737995453907289e-05
2789.0 1.4737995449890267e-05
2790.0 1.4737995445880405e-05
2791.0 1.473799544187769e-05
2792.0 1.4737995437882101e-05
2793.0 1.473799543389363e-05
2794.0 1.4737995429912257e-05
2795.0 1.4737995425937968e-05
2796.0 1.4737995421970747e-05
2797.0 1.473799541801058e-05
2798.0 1.4737995414057452e-05
2799.0 1.4737995410111345e-05
2800.0 1.4737995406172249e-05
2801.0 1.4737995402240148e-05
2802.0 1.4737995398315022e-05
2803.0 1.4737995394396863e-05
2804.0 1.4737995390485653e-05
2805.0 1.4737995386581376e-05
2806.0 1.4737995382684019e-05
2807.0 1.4737995378793568e-05
2808.0 1.4737995374910004e-05
2809.0 1.473799537103332e-05
2810.0 1.4737995367163492e-05
2811.0 1.4737995363300513e-05
2812.0 1.4737995359444365e-05
2813.0 1.4737995355595036e-05
2814.0 1.4737995351752508e-05
2815.0 1.4737995347916769e-05
2816.0 1.4737995344087802e-05
2817.0 1.4737995340265596e-05
2818.0 1.4737995336450136e-05
2819.0 1.4737995332641409e-05
2820.0 1.4737995328839395e-05
2821.0 1.4737995325044084e-05
2822.0 1.4737995321255463e-05
2823.0 1.4737995317473515e-05
2824.0 1.4737995313698227e-05
2825.0 1.4737995309929586e-05
2826.0 1.4737995306167575e-05
2827.0 1.4737995302412183e-05
2828.0 1.4737995298663394e-05
2829.0 1.4737995294921195e-05
2830.0 1.4737995291185573e-05
2831.0 1.4737995287456514e-05
2832.0 1.4737995283734002e-05
2833.0 1.4737995280018025e-05
2834.0 1.4737995276308568e-05
2835.0 1.473799527260562e-05
2836.0 1.4737995268909164e-05
2837.0 1.4737995265219187e-05
2838.0 1.4737995261535676e-05
2839.0 1.4737995257858618e-05
2840.0 1.4737995254187999e-05
2841.0 1.4737995250523806e-05
2842.0 1.4737995246866024e-05
2843.0 1.4737995243214642e-05
2844.0 1.4737995239569642e-05
2845.0 1.4737995235931014e-05
2846.0 1.4737995232298745e-05
2847.0 1.473799522867282e-05
2848.0 1.4737995225053229e-05
2849.0 1.4737995221439954e-05
2850.0 1.4737995217832986e-05
2851.0 1.4737995214232308e-05
2852.0 1.4737995210637907e-05
2853.0 1.4737995207049775e-05
2854.0 1.4737995203467892e-05
2855.0 1.473799519989225e-05
2856.0 1.4737995196322833e-05
2857.0 1.4737995192759632e-05
2858.0 1.4737995189202628e-05
2859.0 1.4737995185651814e-05
2860.0 1.4737995182107174e-05
2861.0 1.4737995178568694e-05
2862.0 1.4737995175036363e-05
2863.0 1.4737995171510167e-05
2864.0 1.4737995167990096e-05
2865.0 1.4737995164476132e-05
2866.0 1.4737995160968271e-05
2867.0 1.473799515746649e-05
2868.0 1.4737995153970781e-05
2869.0 1.4737995150481134e-05
2870.0 1.4737995146997531e-05
2871.0 1.4737995143519965e-05
2872.0 1.473799514004842e-05
2873.0 1.4737995136582882e-05
2874.0 1.4737995133123345e-05
2875.0 1.4737995129669789e-05
2876.0 1.4737995126222205e-05
2877.0 1.4737995122780582e-05
2878.0 1.4737995119344906e-05
2879.0 1.4737995115915163e-05
2880.0 1.4737995112491342e-05
2881.0 1.4737995109073432e-05
2882.0 1.4737995105661422e-05
2883.0 1.4737995102255296e-05
2884.0 1.4737995098855042e-05
2885.0 1.4737995095460652e-05
2886.0 1.473799509207211e-05
2887.0 1.4737995088689404e-05
2888.0 1.4737995085312525e-05
2889.0 1.4737995081941457e-05
2890.0 1.473799507857619e-05
2891.0 1.4737995075216714e-05
2892.0 1.4737995071863015e-05
2893.0 1.4737995068515079e-05
2894.0 1.4737995065172897e-05
2895.0 1.4737995061836456e-05
2896.0 1.4737995058505746e-05
2897.0 1.4737995055180752e-05
2898.0 1.4737995051861464e-05
2899.0 1.4737995048547873e-05
2900.0 1.4737995045239962e-05
2901.0 1.4737995041937723e-05
2902.0 1.4737995038641141e-05
2903.0 1.4737995035350207e-05
2904.0 1.4737995032064908e-05
2905.0 1.4737995028785234e-05
2906.0 1.4737995025511175e-05
2907.0 1.4737995022242712e-05
2908.0 1.4737995018979841e-05
2909.0 1.4737995015722551e-05
2910.0 1.4737995012470825e-05
2911.0 1.4737995009224654e-05
2912.0 1.4737995005984028e-05
2913.0 1.4737995002748935e-05
2914.0 1.4737994999519361e-05
2915.0 1.4737994996295298e-05
2916.0 1.4737994993076734e-05
2917.0 1.4737994989863658e-05
2918.0 1.4737994986656055e-05
2919.0 1.4737994983453921e-05
2920.0 1.4737994980257237e-05
2921.0 1.4737994977065997e-05
2922.0 1.4737994973880189e-05
2923.0 1.47379949706998e-05
2924.0 1.4737994967524821e-05
2925.0 1.473799496435524e-05
2926.0 1.4737994961191046e-05
2927.0 1.473799495803223e-05
2928.0 1.4737994954878777e-05
2929.0 1.473799495173068e-05
2930.0 1.4737994948587924e-05
2931.0 1.47379949454505e-05
2932.0 1.4737994942318401e-05
2933.0 1.4737994939191611e-05
2934.0 1.4737994936070122e-05
2935.0 1.4737994932953922e-05
2936.0 1.4737994929842998e-05
2937.0 1.4737994926737345e-05
2938.0 1.4737994923636946e-05
2939.0 1.4737994920541796e-05
2940.0 1.4737994917451879e-05
2941.0 1.4737994914367188e-05
2942.0 1.4737994911287712e-05
2943.0 1.473799490821344e-05
2944.0 1.473799490514436e-05
2945.0 1.4737994902080464e-05
2946.0 1.473799489902174e-05
2947.0 1.4737994895968177e-05
2948.0 1.4737994892919765e-05
2949.0 1.4737994889876496e-05
2950.0 1.4737994886838355e-05
2951.0 1.4737994883805333e-05
2952.0 1.4737994880777422e-05
2953.0 1.4737994877754612e-05
2954.0 1.473799487473689e-05
2955.0 1.4737994871724248e-05
2956.0 1.4737994868716673e-05
2957.0 1.4737994865714154e-05
2958.0 1.4737994862716688e-05
2959.0 1.4737994859724256e-05
2960.0 1.4737994856736854e-05
2961.0 1.473799485375447e-05
2962.0 1.473799485077709e-05
2963.0 1.473799484780471e-05
2964.0 1.4737994844837318e-05
2965.0 1.47379948418749e-05
2966.0 1.4737994838917452e-05
2967.0 1.4737994835964958e-05
2968.0 1.4737994833017415e-05
2969.0 1.473799483007481e-05
2970.0 1.473799482713713e-05
2971.0 1.4737994824204366e-05
2972.0 1.473799482127651e-05
2973.0 1.4737994818353554e-05
2974.0 1.4737994815435483e-05
2975.0 1.4737994812522291e-05
2976.0 1.473799480961397e-05
2977.0 1.4737994806710505e-05
2978.0 1.4737994803811889e-05
2979.0 1.473799480091811e-05
2980.0 1.4737994798029166e-05
2981.0 1.4737994795145036e-05
2982.0 1.4737994792265718e-05
2983.0 1.47379947893912e-05
2984.0 1.4737994786521473e-05
2985.0 1.4737994783656528e-05
2986.0 1.4737994780796354e-05
2987.0 1.4737994777940943e-05
2988.0 1.4737994775090282e-05
2989.0 1.4737994772244365e-05
2990.0 1.4737994769403183e-05
2991.0 1.4737994766566725e-05
2992.0 1.473799476373498e-05
2993.0 1.4737994760907942e-05
2994.0 1.47379947580856e-05
2995.0 1.4737994755267943e-05
2996.0 1.4737994752454965e-05
2997.0 1.4737994749646653e-05
2998.0 1.4737994746843e-05
2999.0 1.4737994744043995e-05
3000.0 1.4737994741249632e-05
3001.0 1.47379947384599e-05
3002.0 1.473799473567479e-05
3003.0 1.473799473289429e-05
3004.0 1.4737994730118396e-05
3005.0 1.4737994727347094e-05
3006.0 1.4737994724580378e-05
3007.0 1.4737994721818237e-05
3008.0 1.4737994719060662e-05
3009.0 1.4737994716307648e-05
3010.0 1.473799471355918e-05
3011.0 1.4737994710815252e-05
3012.0 1.4737994708075853e-05
3013.0 1.473799470534098e-05
3014.0 1.4737994702610617e-05
3015.0 1.4737994699884756e-05
3016.0 1.4737994697163393e-05
3017.0 1.4737994694446515e-05
3018.0 1.4737994691734114e-05
3019.0 1.4737994689026178e-05
3020.0 1.4737994686322705e-05
3021.0 1.4737994683623682e-05
3022.0 1.47379946809291e-05
3023.0 1.4737994678238953e-05
3024.0 1.4737994675553226e-05
3025.0 1.4737994672871917e-05
3026.0 1.4737994670195016e-05
3027.0 1.4737994667522512e-05
3028.0 1.4737994664854396e-05
3029.0 1.4737994662190662e-05
3030.0 1.47379946595313e-05
3031.0 1.47379946568763e-05
3032.0 1.4737994654225659e-05
3033.0 1.473799465157936e-05
3034.0 1.4737994648937401e-05
3035.0 1.473799464629977e-05
3036.0 1.4737994643666461e-05
3037.0 1.4737994641037464e-05
3038.0 1.473799463841277e-05
3039.0 1.4737994635792372e-05
3040.0 1.4737994633176261e-05
3041.0 1.4737994630564427e-05
3042.0 1.4737994627956863e-05
3043.0 1.4737994625353561e-05
3044.0 1.4737994622754514e-05
3045.0 1.4737994620159708e-05
3046.0 1.4737994617569142e-05
3047.0 1.4737994614982805e-05
3048.0 1.4737994612400684e-05
3049.0 1.4737994609822777e-05
3050.0 1.4737994607249076e-05
3051.0 1.4737994604679567e-05
3052.0 1.4737994602114245e-05
3053.0 1.4737994599553104e-05
3054.0 1.4737994596996132e-05
3055.0 1.4737994594443323e-05
3056.0 1.4737994591894669e-05
3057.0 1.473799458935016e-05
3058.0 1.473799458680979e-05
3059.0 1.473799458427355e-05
3060.0 1.473799458174143e-05
3061.0 1.4737994579213425e-05
3062.0 1.4737994576689528e-05
3063.0 1.4737994574169727e-05
3064.0 1.4737994571654019e-05
3065.0 1.473799456914239e-05
3066.0 1.4737994566634837e-05
3067.0 1.4737994564131348e-05
3068.0 1.4737994561631918e-05
3069.0 1.4737994559136537e-05
3070.0 1.4737994556645201e-05
3071.0 1.47379945541579e-05
3072.0 1.4737994551674622e-05
3073.0 1.4737994549195367e-05
3074.0 1.4737994546720122e-05
3075.0 1.4737994544248878e-05
3076.0 1.4737994541781632e-05
3077.0 1.4737994539318372e-05
3078.0 1.4737994536859093e-05
3079.0 1.4737994534403787e-05
3080.0 1.4737994531952444e-05
3081.0 1.4737994529505056e-05
3082.0 1.473799452706162e-05
3083.0 1.4737994524622126e-05
3084.0 1.4737994522186565e-05
3085.0 1.4737994519754933e-05
3086.0 1.4737994517327216e-05
3087.0 1.4737994514903411e-05
3088.0 1.473799451248351e-05
3089.0 1.4737994510067507e-05
3090.0 1.4737994507655389e-05
3091.0 1.4737994505247156e-05
3092.0 1.4737994502842793e-05
3093.0 1.4737994500442297e-05
3094.0 1.4737994498045661e-05
3095.0 1.4737994495652873e-05
3096.0 1.4737994493263933e-05
3097.0 1.4737994490878826e-05
3098.0 1.4737994488497549e-05
3099.0 1.4737994486120091e-05
3100.0 1.4737994483746451e-05
