2.0 238.84886103202024
3.0 45.92970216249662
4.0 14.258143434685127
5.0 5.754459339616353
6.0 2.741804614301144
7.0 1.464934314807765
8.0 0.8511660514104039
9.0 0.5272586774705331
10.0 0.34353732322091435
11.0 0.2331720568371422
12.0 0.16369643666062325
13.0 0.11822630393962431
14.0 0.08747346800982053
15.0 0.06608146067183565
16.0 0.05083447725378467
17.0 0.039733739737345224
18.0 0.031498776815471974
19.0 0.02528717684532106
20.0 0.020531502354621915
21.0 0.016841404524546792
22.0 0.013943230826146773
23.0 0.011641833366416866
24.0 0.009795873008511721
25.0 0.008301524682793522
26.0 0.007081526451687834
27.0 0.006077695078070148
28.0 0.00524573118733658
29.0 0.004551561933834679
30.0 0.003968732023562533
31.0 0.0034765197437617323
32.0 0.0030585610065418374
33.0 0.002701833734820195
34.0 0.0023959007754658455
35.0 0.0021323402811081623
36.0 0.0019043133989848388
37.0 0.0017062334759842324
38.0 0.0015335109846879471
39.0 0.0013823554024100144
40.0 0.0012496202655116863
41.0 0.0011326811989118915
42.0 0.0010293393087600021
43.0 0.0009377442144226649
44.0 0.0008563323846852746
45.0 0.0007837774723483835
46.0 0.0007189501098405779
47.0 0.000660885206171652
48.0 0.0006087552227427612
49.0 0.0005618482384859844
50.0 0.000519549869912649
51.0 0.00048132830824185174
52.0 0.00044672188811958836
53.0 0.0004153287211132842
54.0 0.00038679802008670226
55.0 0.0003608228136710319
56.0 0.00033713380784279194
57.0 0.000315494197512925
58.0 0.00029569526763317144
59.0 0.0002775526526389876
60.0 0.0002609031466189616
61.0 0.00024560197562751836
62.0 0.000231520458974271
63.0 0.00021854399885994002
64.0 0.00020657034795901647
65.0 0.0001955081129258158
66.0 0.00018527545868160625
67.0 0.00017579898401097138
68.0 0.0001670127436827797
69.0 0.00015885739619708085
70.0 0.00015127945949018276
71.0 0.00014423065962398737
72.0 0.000137667359737747
73.0 0.00013155005842813462
74.0 0.0001258429483098838
75.0 0.00012051352684566482
76.0 0.00011553225266241758
77.0 0.00011087224152662148
78.0 0.00010650899696139917
79.0 0.00010242017117740982
80.0 9.858535257662843e-05
81.0 9.498587658945296e-05
82.0 9.160465703454647e-05
83.0 8.842603555858565e-05
84.0 8.543564702899811e-05
85.0 8.262029902464975e-05
86.0 7.996786380386377e-05
87.0 7.746718133163796e-05
88.0 7.510797212313496e-05
89.0 7.28807588123878e-05
90.0 7.077679548701862e-05
91.0 6.87880039444378e-05
92.0 6.690691612487256e-05
93.0 6.512662206371332e-05
94.0 6.344072278180204e-05
95.0 6.18432875989106e-05
96.0 6.0328815414042144e-05
97.0 5.8892199547424616e-05
98.0 5.752869578409494e-05
99.0 5.623389329859729e-05
100.0 5.5003688175237046e-05
101.0 5.383425926914275e-05
102.0 5.2722046180608594e-05
103.0 5.166372913927005e-05
104.0 5.0656210615992214e-05
105.0 4.969659849926336e-05
106.0 4.878219068967679e-05
107.0 4.7910460981009265e-05
108.0 4.707904610968505e-05
109.0 4.628573386624679e-05
110.0 4.552845217300617e-05
111.0 4.480525904146863e-05
112.0 4.411433333154589e-05
113.0 4.345396624210405e-05
114.0 4.282255346914055e-05
115.0 4.221858797393262e-05
116.0 4.1640653308926415e-05
117.0 4.1087417454011776e-05
118.0 4.0557627120210184e-05
119.0 4.0050102481748346e-05
120.0 3.956373230104232e-05
121.0 3.9097469414320655e-05
122.0 3.865032654850497e-05
123.0 3.822137244257702e-05
124.0 3.78097282490206e-05
125.0 3.741456419306125e-05
126.0 3.703509646935943e-05
127.0 3.667058435756391e-05
128.0 3.632032753972041e-05
129.0 3.5983663603971745e-05
130.0 3.5659965720295194e-05
131.0 3.534864047521229e-05
132.0 3.5049125853489335e-05
133.0 3.476088935583188e-05
134.0 3.4483426242474396e-05
135.0 3.421625789338469e-05
136.0 3.395893027654905e-05
137.0 3.3711012516486026e-05
138.0 3.347209555575911e-05
139.0 3.324179090282786e-05
140.0 3.301972946009783e-05
141.0 3.2805560426506094e-05
142.0 3.259895026941577e-05
143.0 3.239958176099319e-05
144.0 3.2207153074608116e-05
145.0 3.202137693713415e-05
146.0 3.184197983333599e-05
147.0 3.166870125881372e-05
148.0 3.150129301823605e-05
149.0 3.1339518565834295e-05
150.0 3.1183152385350116e-05
151.0 3.103197940683357e-05
152.0 3.0885794457875916e-05
153.0 3.0744401747034134e-05
154.0 3.0607614377364135e-05
155.0 3.0475253888126497e-05
156.0 3.0347149822864993e-05
157.0 3.0223139322183193e-05
158.0 3.010306673966126e-05
159.0 2.998678327946183e-05
160.0 2.9874146654273695e-05
161.0 2.9765020762333757e-05
162.0 2.9659275382353085e-05
163.0 2.9556785885251687e-05
164.0 2.9457432961680145e-05
165.0 2.936110236437375e-05
166.0 2.926768466444819e-05
167.0 2.917707502080403e-05
168.0 2.9089172961861866e-05
169.0 2.9003882178900185e-05
170.0 2.8921110330315274e-05
171.0 2.884076885616589e-05
172.0 2.8762772802406236e-05
173.0 2.8687040654248446e-05
174.0 2.8613494178131154e-05
175.0 2.8542058271803397e-05
176.0 2.847266082206378e-05
177.0 2.840523256972333e-05
178.0 2.8339706981387015e-05
179.0 2.8276020127673784e-05
180.0 2.8214110567518135e-05
181.0 2.8153919238217842e-05
182.0 2.8095389350912765e-05
183.0 2.803846629119839e-05
184.0 2.79830975245957e-05
185.0 2.792923250661513e-05
186.0 2.7876822597168227e-05
187.0 2.7825820979094733e-05
188.0 2.7776182580586653e-05
189.0 2.7727864001303358e-05
190.0 2.768082344198383e-05
191.0 2.763502063737312e-05
192.0 2.7590416792290786e-05
193.0 2.7546974520678587e-05
194.0 2.750465778747418e-05
195.0 2.7463431853166062e-05
196.0 2.7423263220893095e-05
197.0 2.738411958595964e-05
198.0 2.734596978764445e-05
199.0 2.7308783763188146e-05
200.0 2.727253250385051e-05
201.0 2.723718801293473e-05
202.0 2.7202723265681268e-05
203.0 2.716911217093941e-05
204.0 2.713632953452941e-05
205.0 2.7104351024212847e-05
206.0 2.707315313619313e-05
207.0 2.704271316307244e-05
208.0 2.7013009163194953e-05
209.0 2.698401993131025e-05
210.0 2.6955724970493955e-05
211.0 2.6928104465266153e-05
212.0 2.6901139255851037e-05
213.0 2.687481081352434e-05
214.0 2.6849101216997677e-05
215.0 2.6823993129791618e-05
216.0 2.6799469778551734e-05
217.0 2.677551493226424e-05
218.0 2.6752112882329868e-05
219.0 2.6729248423456916e-05
220.0 2.670690683533621e-05
221.0 2.668507386506258e-05
222.0 2.6663735710269292e-05
223.0 2.664287900294342e-05
224.0 2.6622490793891822e-05
225.0 2.6602558537828754e-05
226.0 2.658307007905766e-05
227.0 2.656401363772096e-05
228.0 2.6545377796592937e-05
229.0 2.652715148839199e-05
230.0 2.650932398358964e-05
231.0 2.6491884878694916e-05
232.0 2.6474824084993473e-05
233.0 2.6458131817722e-05
234.0 2.6441798585659362e-05
235.0 2.642581518111665e-05
236.0 2.6410172670309247e-05
237.0 2.6394862384094926e-05
238.0 2.637987590906237e-05
239.0 2.636520507895562e-05
240.0 2.6350841966420463e-05
241.0 2.633677887505921e-05
242.0 2.632300833178136e-05
243.0 2.6309523079437808e-05
244.0 2.6296316069727005e-05
245.0 2.628338045636203e-05
246.0 2.6270709588487877e-05
247.0 2.625829700433886e-05
248.0 2.6246136425126505e-05
249.0 2.623422174914854e-05
250.0 2.622254704611028e-05
251.0 2.6211106551649824e-05
252.0 2.619989466205906e-05
253.0 2.618890592919266e-05
254.0 2.617813505555772e-05
255.0 2.616757688957691e-05
256.0 2.61572264210184e-05
257.0 2.614707877658604e-05
258.0 2.613712921566355e-05
259.0 2.6127373126206838e-05
260.0 2.6117806020778686e-05
261.0 2.6108423532720385e-05
262.0 2.6099221412455057e-05
263.0 2.6090195523917677e-05
264.0 2.608134184110697e-05
265.0 2.6072656444754603e-05
266.0 2.6064135519107248e-05
267.0 2.6055775348817286e-05
268.0 2.604757231593807e-05
269.0 2.603952289701993e-05
270.0 2.603162366030309e-05
271.0 2.6023871263003985e-05
272.0 2.601626244869152e-05
273.0 2.6008794044749954e-05
274.0 2.600146295992531e-05
275.0 2.5994266181952147e-05
276.0 2.5987200775257954e-05
277.0 2.5980263878742166e-05
278.0 2.5973452703627284e-05
279.0 2.5966764531379396e-05
280.0 2.59601967116957e-05
281.0 2.5953746660556555e-05
282.0 2.5947411858339873e-05
283.0 2.594118984799553e-05
284.0 2.5935078233277812e-05
285.0 2.592907467703371e-05
286.0 2.5923176899545257e-05
287.0 2.5917382676923904e-05
288.0 2.591168983955517e-05
289.0 2.5906096270591866e-05
290.0 2.5900599904494136e-05
291.0 2.5895198725614766e-05
292.0 2.5889890766828174e-05
293.0 2.588467410820161e-05
294.0 2.5879546875707118e-05
295.0 2.587450723997287e-05
296.0 2.586955341507255e-05
297.0 2.5864683657351516e-05
298.0 2.585989626428847e-05
299.0 2.5855189573391485e-05
300.0 2.58505619611272e-05
301.0 2.584601184188215e-05
302.0 2.5841537666955048e-05
303.0 2.5837137923579147e-05
304.0 2.5832811133973556e-05
305.0 2.5828555854422614e-05
306.0 2.582437067438246e-05
307.0 2.5820254215613766e-05
308.0 2.5816205131339972e-05
309.0 2.5812222105430008e-05
310.0 2.5808303851604855e-05
311.0 2.5804449112667092e-05
312.0 2.5800656659752758e-05
313.0 2.5796925291604728e-05
314.0 2.5793253833867003e-05
315.0 2.5789641138399214e-05
316.0 2.5786086082610654e-05
317.0 2.5782587568813338e-05
318.0 2.577914452359334e-05
319.0 2.5775755897199976e-05
320.0 2.5772420662952165e-05
321.0 2.57691378166615e-05
322.0 2.5765906376071478e-05
323.0 2.5762725380312398e-05
324.0 2.5759593889371432e-05
325.0 2.5756510983577434e-05
326.0 2.5753475763099963e-05
327.0 2.575048734746218e-05
328.0 2.5747544875067116e-05
329.0 2.5744647502736954e-05
330.0 2.5741794405264887e-05
331.0 2.57389847749792e-05
332.0 2.5736217821319218e-05
333.0 2.5733492770422736e-05
334.0 2.5730808864724575e-05
335.0 2.5728165362566005e-05
336.0 2.5725561537814594e-05
337.0 2.5722996679494286e-05
338.0 2.5720470091425348e-05
339.0 2.5717981091873874e-05
340.0 2.571552901321062e-05
341.0 2.571311320157889e-05
342.0 2.5710733016571123e-05
343.0 2.5708387830914036e-05
344.0 2.5706077030162035e-05
345.0 2.5703800012398614e-05
346.0 2.5701556187945577e-05
347.0 2.5699344979079787e-05
348.0 2.5697165819757286e-05
349.0 2.569501815534458e-05
350.0 2.5692901442356762e-05
351.0 2.5690815148202484e-05
352.0 2.5688758750935368e-05
353.0 2.5686731739011856e-05
354.0 2.568473361105517e-05
355.0 2.5682763875625333e-05
356.0 2.568082205099495e-05
357.0 2.5678907664930728e-05
358.0 2.5677020254480474e-05
359.0 2.567515936576544e-05
360.0 2.5673324553777902e-05
361.0 2.5671515382183774e-05
362.0 2.5669731423130156e-05
363.0 2.5667972257057687e-05
364.0 2.5666237472517505e-05
365.0 2.5664526665992796e-05
366.0 2.5662839441724685e-05
367.0 2.5661175411542456e-05
368.0 2.5659534194697903e-05
369.0 2.5657915417703762e-05
370.0 2.5656318714176087e-05
371.0 2.5654743724680398e-05
372.0 2.5653190096581685e-05
373.0 2.5651657483897908e-05
374.0 2.5650145547157128e-05
375.0 2.5648653953258054e-05
376.0 2.5647182375333914e-05
377.0 2.564573049261961e-05
378.0 2.564429799032204e-05
379.0 2.5642884559493526e-05
380.0 2.5641489896908207e-05
381.0 2.5640113704941406e-05
382.0 2.563875569145183e-05
383.0 2.5637415569666544e-05
384.0 2.5636093058068653e-05
385.0 2.5634787880287632e-05
386.0 2.563349976499219e-05
387.0 2.5632228445785673e-05
388.0 2.563097366110386e-05
389.0 2.562973515411518e-05
390.0 2.5628512672623188e-05
391.0 2.5627305968971334e-05
392.0 2.56261147999499e-05
393.0 2.5624938926705097e-05
394.0 2.562377811465023e-05
395.0 2.5622632133378885e-05
396.0 2.562150075658014e-05
397.0 2.562038376195563e-05
398.0 2.5619280931138585e-05
399.0 2.561819204961462e-05
400.0 2.5617116906644364e-05
401.0 2.561605529518781e-05
402.0 2.561500701183036e-05
403.0 2.5613971856710566e-05
404.0 2.5612949633449413e-05
405.0 2.5611940149081255e-05
406.0 2.5610943213986255e-05
407.0 2.560995864182431e-05
408.0 2.560898624947047e-05
409.0 2.5608025856951745e-05
410.0 2.560707728738534e-05
411.0 2.5606140366918252e-05
412.0 2.5605214924668123e-05
413.0 2.5604300792665495e-05
414.0 2.5603397805797216e-05
415.0 2.5602505801751167e-05
416.0 2.5601624620962108e-05
417.0 2.5600754106558786e-05
418.0 2.559989410431211e-05
419.0 2.559904446258448e-05
420.0 2.5598205032280184e-05
421.0 2.55973756667969e-05
422.0 2.55965562219782e-05
423.0 2.5595746556067066e-05
424.0 2.559494652966041e-05
425.0 2.559415600566458e-05
426.0 2.5593374849251764e-05
427.0 2.5592602927817358e-05
428.0 2.5591840110938206e-05
429.0 2.5591086270331732e-05
430.0 2.559034127981593e-05
431.0 2.5589605015270198e-05
432.0 2.5588877354596972e-05
433.0 2.558815817768418e-05
434.0 2.5587447366368462e-05
435.0 2.558674480439919e-05
436.0 2.5586050377403162e-05
437.0 2.558536397285011e-05
438.0 2.5584685480018848e-05
439.0 2.558401478996417e-05
440.0 2.5583351795484398e-05
441.0 2.5582696391089597e-05
442.0 2.558204847297045e-05
443.0 2.5581407938967767e-05
444.0 2.5580774688542603e-05
445.0 2.558014862274699e-05
446.0 2.557952964419527e-05
447.0 2.5578917657035993e-05
448.0 2.557831256692438e-05
449.0 2.5577714280995376e-05
450.0 2.557712270783718e-05
451.0 2.5576537757465362e-05
452.0 2.557595934129748e-05
453.0 2.55753873721282e-05
454.0 2.557482176410489e-05
455.0 2.5574262432703745e-05
456.0 2.5573709294706354e-05
457.0 2.5573162268176734e-05
458.0 2.5572621272438807e-05
459.0 2.5572086228054358e-05
460.0 2.557155705680139e-05
461.0 2.5571033681652905e-05
462.0 2.5570516026756116e-05
463.0 2.5570004017412075e-05
464.0 2.5569497580055635e-05
465.0 2.556899664223591e-05
466.0 2.5568501132596998e-05
467.0 2.556801098085915e-05
468.0 2.556752611780029e-05
469.0 2.5567046475237884e-05
470.0 2.5566571986011122e-05
471.0 2.556610258396354e-05
472.0 2.5565638203925844e-05
473.0 2.5565178781699186e-05
474.0 2.5564724254038674e-05
475.0 2.5564274558637227e-05
476.0 2.556382963410974e-05
477.0 2.556338941997754e-05
478.0 2.5562953856653135e-05
479.0 2.556252288542527e-05
480.0 2.5562096448444226e-05
481.0 2.5561674488707448e-05
482.0 2.5561256950045376e-05
483.0 2.5560843777107618e-05
484.0 2.5560434915349302e-05
485.0 2.5560030311017757e-05
486.0 2.555962991113937e-05
487.0 2.555923366350676e-05
488.0 2.5558841516666136e-05
489.0 2.5558453419904885e-05
490.0 2.5558069323239452e-05
491.0 2.5557689177403354e-05
492.0 2.5557312933835504e-05
493.0 2.5556940544668672e-05
494.0 2.5556571962718203e-05
495.0 2.5556207141470935e-05
496.0 2.5555846035074302e-05
497.0 2.555548859832565e-05
498.0 2.5555134786661746e-05
499.0 2.5554784556148468e-05
500.0 2.5554437863470687e-05
501.0 2.5554094665922338e-05
502.0 2.5553754921396653e-05
503.0 2.5553418588376594e-05
504.0 2.555308562592543e-05
505.0 2.55527559936775e-05
506.0 2.5552429651829138e-05
507.0 2.555210656112977e-05
508.0 2.5551786682873137e-05
509.0 2.5551469978888702e-05
510.0 2.5551156411533214e-05
511.0 2.55508459436824e-05
512.0 2.555053853872282e-05
513.0 2.555023416054384e-05
514.0 2.5549932773529788e-05
515.0 2.554963434255222e-05
516.0 2.5549338832962307e-05
517.0 2.55490462105834e-05
518.0 2.554875644170369e-05
519.0 2.554846949306899e-05
520.0 2.554818533187568e-05
521.0 2.5547903925763746e-05
522.0 2.5547625242809927e-05
523.0 2.5547349251521025e-05
524.0 2.5547075920827274e-05
525.0 2.55468052200759e-05
526.0 2.5546537119024695e-05
527.0 2.554627158783577e-05
528.0 2.5546008597069416e-05
529.0 2.554574811767802e-05
530.0 2.5545490121000117e-05
531.0 2.5545234578754577e-05
532.0 2.5544981463034818e-05
533.0 2.5544730746303154e-05
534.0 2.5544482401385264e-05
535.0 2.5544236401464713e-05
536.0 2.5543992720077585e-05
537.0 2.5543751331107195e-05
538.0 2.5543512208778907e-05
539.0 2.5543275327655032e-05
540.0 2.5543040662629804e-05
541.0 2.5542808188924435e-05
542.0 2.5542577882082292e-05
543.0 2.5542349717964088e-05
544.0 2.5542123672743227e-05
545.0 2.554189972290114e-05
546.0 2.554167784522281e-05
547.0 2.554145801679226e-05
548.0 2.5541240214988178e-05
549.0 2.55410244174796e-05
550.0 2.5540810602221674e-05
551.0 2.5540598747451456e-05
552.0 2.554038883168384e-05
553.0 2.5540180833707484e-05
554.0 2.553997473258085e-05
555.0 2.5539770507628286e-05
556.0 2.5539568138436196e-05
557.0 2.553936760484923e-05
558.0 2.5539168886966577e-05
559.0 2.5538971965138313e-05
560.0 2.553877681996177e-05
561.0 2.5538583432278003e-05
562.0 2.5538391783168314e-05
563.0 2.55382018539508e-05
564.0 2.5538013626176988e-05
565.0 2.55378270816285e-05
566.0 2.5537642202313805e-05
567.0 2.5537458970464966e-05
568.0 2.553727736853451e-05
569.0 2.553709737919228e-05
570.0 2.5536918985322394e-05
571.0 2.5536742170020204e-05
572.0 2.5536566916589344e-05
573.0 2.5536393208538786e-05
574.0 2.553622102957999e-05
575.0 2.5536050363624032e-05
576.0 2.5535881194778867e-05
577.0 2.553571350734652e-05
578.0 2.5535547285820448e-05
579.0 2.5535382514882845e-05
580.0 2.553521917940202e-05
581.0 2.5535057264429854e-05
582.0 2.5534896755199218e-05
583.0 2.5534737637121506e-05
584.0 2.5534579895784173e-05
585.0 2.553442351694829e-05
586.0 2.55342684865462e-05
587.0 2.5534114790679132e-05
588.0 2.5533962415614916e-05
589.0 2.5533811347785697e-05
590.0 2.5533661573785688e-05
591.0 2.5533513080368987e-05
592.0 2.5533365854447375e-05
593.0 2.55332198830882e-05
594.0 2.553307515351224e-05
595.0 2.553293165309168e-05
596.0 2.5532789369348016e-05
597.0 2.553264828995007e-05
598.0 2.553250840271199e-05
599.0 2.5532369695591332e-05
600.0 2.5532232156687092e-05
601.0 2.5532095774237847e-05
602.0 2.5531960536619874e-05
603.0 2.553182643234532e-05
604.0 2.5531693450060385e-05
605.0 2.5531561578543542e-05
606.0 2.5531430806703777e-05
607.0 2.553130112357887e-05
608.0 2.5531172518333695e-05
609.0 2.5531044980258498e-05
610.0 2.5530918498767307e-05
611.0 2.553079306339625e-05
612.0 2.553066866380198e-05
613.0 2.553054528976008e-05
614.0 2.5530422931163508e-05
615.0 2.5530301578021065e-05
616.0 2.553018122045586e-05
617.0 2.5530061848703863e-05
618.0 2.552994345311239e-05
619.0 2.552982602413868e-05
620.0 2.5529709552348466e-05
621.0 2.5529594028414564e-05
622.0 2.55294794431155e-05
623.0 2.5529365787334124e-05
624.0 2.5529253052056274e-05
625.0 2.5529141228369462e-05
626.0 2.5529030307461557e-05
627.0 2.552892028061948e-05
628.0 2.552881113922798e-05
629.0 2.5528702874768327e-05
630.0 2.552859547881713e-05
631.0 2.5528488943045086e-05
632.0 2.552838325921579e-05
633.0 2.5528278419184568e-05
634.0 2.55281744148973e-05
635.0 2.5528071238389272e-05
636.0 2.5527968881784052e-05
637.0 2.552786733729237e-05
638.0 2.5527766597211022e-05
639.0 2.5527666653921775e-05
640.0 2.552756749989032e-05
641.0 2.5527469127665193e-05
642.0 2.5527371529876764e-05
643.0 2.552727469923619e-05
644.0 2.5527178628534403e-05
645.0 2.5527083310641153e-05
646.0 2.552698873850398e-05
647.0 2.552689490514726e-05
648.0 2.552680180367127e-05
649.0 2.552670942725123e-05
650.0 2.5526617769136376e-05
651.0 2.5526526822649042e-05
652.0 2.5526436581183775e-05
653.0 2.5526347038206422e-05
654.0 2.5526258187253267e-05
655.0 2.552617002193017e-05
656.0 2.552608253591169e-05
657.0 2.5525995722940278e-05
658.0 2.5525909576825416e-05
659.0 2.5525824091442812e-05
660.0 2.55257392607336e-05
661.0 2.5525655078703512e-05
662.0 2.5525571539422144e-05
663.0 2.552548863702213e-05
664.0 2.552540636569842e-05
665.0 2.552532471970748e-05
666.0 2.5525243693366593e-05
667.0 2.552516328105311e-05
668.0 2.5525083477203706e-05
669.0 2.5525004276313696e-05
670.0 2.5524925672936318e-05
671.0 2.552484766168203e-05
672.0 2.5524770237217843e-05
673.0 2.5524693394266627e-05
674.0 2.552461712760646e-05
675.0 2.5524541432069953e-05
676.0 2.5524466302543607e-05
677.0 2.5524391733967196e-05
678.0 2.5524317721333084e-05
679.0 2.552424425968565e-05
680.0 2.552417134412065e-05
681.0 2.5524098969784613e-05
682.0 2.5524027131874236e-05
683.0 2.5523955825635806e-05
684.0 2.552388504636461e-05
685.0 2.552381478940435e-05
686.0 2.5523745050146594e-05
687.0 2.5523675824030205e-05
688.0 2.5523607106540773e-05
689.0 2.5523538893210105e-05
690.0 2.5523471179615645e-05
691.0 2.5523403961379978e-05
692.0 2.552333723417028e-05
693.0 2.552327099369781e-05
694.0 2.55232052357174e-05
695.0 2.5523139956026954e-05
696.0 2.5523075150466937e-05
697.0 2.552301081491989e-05
698.0 2.5522946945309947e-05
699.0 2.5522883537602358e-05
700.0 2.552282058780302e-05
701.0 2.5522758091957984e-05
702.0 2.552269604615303e-05
703.0 2.5522634446513196e-05
704.0 2.5522573289202315e-05
705.0 2.5522512570422603e-05
706.0 2.55224522864142e-05
707.0 2.5522392433454738e-05
708.0 2.552233300785892e-05
709.0 2.552227400597811e-05
710.0 2.5522215424199892e-05
711.0 2.5522157258947686e-05
712.0 2.5522099506680325e-05
713.0 2.5522042163891662e-05
714.0 2.552198522711018e-05
715.0 2.552192869289859e-05
716.0 2.5521872557853453e-05
717.0 2.5521816818604808e-05
718.0 2.5521761471815783e-05
719.0 2.5521706514182233e-05
720.0 2.5521651942432367e-05
721.0 2.5521597753326395e-05
722.0 2.552154394365617e-05
723.0 2.5521490510244833e-05
724.0 2.5521437449946457e-05
725.0 2.5521384759645722e-05
726.0 2.552133243625756e-05
727.0 2.552128047672683e-05
728.0 2.5521228878027975e-05
729.0 2.5521177637164718e-05
730.0 2.552112675116971e-05
731.0 2.552107621710423e-05
732.0 2.5521026032057876e-05
733.0 2.5520976193148224e-05
734.0 2.552092669752056e-05
735.0 2.5520877542347544e-05
736.0 2.5520828724828934e-05
737.0 2.5520780242191284e-05
738.0 2.5520732091687636e-05
739.0 2.5520684270597242e-05
740.0 2.5520636776225302e-05
741.0 2.5520589605902638e-05
742.0 2.5520542756985443e-05
743.0 2.5520496226855017e-05
744.0 2.552045001291746e-05
745.0 2.5520404112603437e-05
746.0 2.5520358523367894e-05
747.0 2.5520313242689816e-05
748.0 2.552026826807193e-05
749.0 2.5520223597040493e-05
750.0 2.552017922714502e-05
751.0 2.5520135155958033e-05
752.0 2.5520091381074812e-05
753.0 2.5520047900113163e-05
754.0 2.5520004710713176e-05
755.0 2.5519961810536977e-05
756.0 2.5519919197268496e-05
757.0 2.551987686861325e-05
758.0 2.5519834822298086e-05
759.0 2.5519793056070996e-05
760.0 2.5519751567700843e-05
761.0 2.551971035497718e-05
762.0 2.551966941571001e-05
763.0 2.5519628747729575e-05
764.0 2.5519588348886162e-05
765.0 2.5519548217049855e-05
766.0 2.551950835011035e-05
767.0 2.5519468745976758e-05
768.0 2.5519429402577383e-05
769.0 2.551939031785952e-05
770.0 2.5519351489789274e-05
771.0 2.551931291635135e-05
772.0 2.5519274595548862e-05
773.0 2.5519236525403146e-05
774.0 2.551919870395356e-05
775.0 2.5519161129257307e-05
776.0 2.5519123799389252e-05
777.0 2.5519086712441712e-05
778.0 2.551904986652433e-05
779.0 2.551901325976383e-05
780.0 2.5518976890303895e-05
781.0 2.551894075630496e-05
782.0 2.5518904855944054e-05
783.0 2.5518869187414617e-05
784.0 2.551883374892636e-05
785.0 2.551879853870505e-05
786.0 2.55187635549924e-05
787.0 2.5518728796045863e-05
788.0 2.551869426013849e-05
789.0 2.551865994555877e-05
790.0 2.551862585061048e-05
791.0 2.5518591973612503e-05
792.0 2.5518558312898702e-05
793.0 2.5518524866817762e-05
794.0 2.5518491633733028e-05
795.0 2.551845861202236e-05
796.0 2.5518425800078012e-05
797.0 2.5518393196306435e-05
798.0 2.551836079912819e-05
799.0 2.551832860697776e-05
800.0 2.551829661830344e-05
801.0 2.551826483156719e-05
802.0 2.5518233245244484e-05
803.0 2.5518201857824193e-05
804.0 2.551817066780845e-05
805.0 2.5518139673712495e-05
806.0 2.5518108874064578e-05
807.0 2.5518078267405796e-05
808.0 2.551804785228999e-05
809.0 2.551801762728361e-05
810.0 2.5517987590965583e-05
811.0 2.551795774192719e-05
812.0 2.5517928078771962e-05
813.0 2.5517898600115528e-05
814.0 2.5517869304585526e-05
815.0 2.5517840190821467e-05
816.0 2.551781125747461e-05
817.0 2.551778250320787e-05
818.0 2.551775392669569e-05
819.0 2.5517725526623924e-05
820.0 2.5517697301689724e-05
821.0 2.5517669250601453e-05
822.0 2.5517641372078538e-05
823.0 2.5517613664851383e-05
824.0 2.551758612766127e-05
825.0 2.5517558759260235e-05
826.0 2.5517531558410966e-05
827.0 2.5517504523886712e-05
828.0 2.551747765447117e-05
829.0 2.5517450948958378e-05
830.0 2.5517424406152633e-05
831.0 2.5517398024868367e-05
832.0 2.5517371803930085e-05
833.0 2.5517345742172217e-05
834.0 2.551731983843907e-05
835.0 2.551729409158471e-05
836.0 2.551726850047286e-05
837.0 2.5517243063976837e-05
838.0 2.5517217780979428e-05
839.0 2.5517192650372814e-05
840.0 2.5517167671058478e-05
841.0 2.5517142841947122e-05
842.0 2.5517118161958567e-05
843.0 2.551709363002167e-05
844.0 2.551706924507425e-05
845.0 2.5517045006062983e-05
846.0 2.5517020911943323e-05
847.0 2.5516996961679438e-05
848.0 2.55169731542441e-05
849.0 2.5516949488618613e-05
850.0 2.5516925963792747e-05
851.0 2.5516902578764628e-05
852.0 2.5516879332540702e-05
853.0 2.55168562241356e-05
854.0 2.5516833252572106e-05
855.0 2.551681041688108e-05
856.0 2.551678771610134e-05
857.0 2.551676514927964e-05
858.0 2.551674271547055e-05
859.0 2.5516720413736422e-05
860.0 2.5516698243147283e-05
861.0 2.551667620278079e-05
862.0 2.5516654291722138e-05
863.0 2.5516632509064006e-05
864.0 2.5516610853906484e-05
865.0 2.551658932535699e-05
866.0 2.551656792253021e-05
867.0 2.5516546644548056e-05
868.0 2.5516525490539538e-05
869.0 2.551650445964078e-05
870.0 2.5516483550994873e-05
871.0 2.551646276375187e-05
872.0 2.5516442097068685e-05
873.0 2.5516421550109054e-05
874.0 2.5516401122043463e-05
875.0 2.551638081204907e-05
876.0 2.5516360619309687e-05
877.0 2.551634054301566e-05
878.0 2.551632058236386e-05
879.0 2.551630073655759e-05
880.0 2.5516281004806552e-05
881.0 2.5516261386326772e-05
882.0 2.5516241880340536e-05
883.0 2.5516222486076357e-05
884.0 2.55162032027689e-05
885.0 2.5516184029658914e-05
886.0 2.5516164965993222e-05
887.0 2.5516146011024615e-05
888.0 2.5516127164011825e-05
889.0 2.5516108424219473e-05
890.0 2.5516089790917998e-05
891.0 2.551607126338362e-05
892.0 2.551605284089828e-05
893.0 2.55160345227496e-05
894.0 2.551601630823081e-05
895.0 2.5515998196640717e-05
896.0 2.5515980187283653e-05
897.0 2.5515962279469417e-05
898.0 2.551594447251323e-05
899.0 2.551592676573568e-05
900.0 2.5515909158462685e-05
901.0 2.551589165002545e-05
902.0 2.5515874239760397e-05
903.0 2.5515856927009134e-05
904.0 2.5515839711118414e-05
905.0 2.551582259144007e-05
906.0 2.5515805567331e-05
907.0 2.5515788638153082e-05
908.0 2.5515771803273173e-05
909.0 2.5515755062063023e-05
910.0 2.551573841389927e-05
911.0 2.5515721858163365e-05
912.0 2.5515705394241552e-05
913.0 2.5515689021524822e-05
914.0 2.5515672739408847e-05
915.0 2.5515656547293978e-05
916.0 2.5515640444585178e-05
917.0 2.5515624430691984e-05
918.0 2.551560850502847e-05
919.0 2.551559266701321e-05
920.0 2.551557691606924e-05
921.0 2.5515561251624015e-05
922.0 2.5515545673109365e-05
923.0 2.5515530179961466e-05
924.0 2.5515514771620792e-05
925.0 2.5515499447532098e-05
926.0 2.5515484207144356e-05
927.0 2.551546904991074e-05
928.0 2.5515453975288573e-05
929.0 2.551543898273931e-05
930.0 2.5515424071728483e-05
931.0 2.5515409241725674e-05
932.0 2.5515394492204483e-05
933.0 2.5515379822642483e-05
934.0 2.5515365232521204e-05
935.0 2.5515350721326085e-05
936.0 2.5515336288546433e-05
937.0 2.5515321933675416e-05
938.0 2.551530765621e-05
939.0 2.551529345565094e-05
940.0 2.551527933150273e-05
941.0 2.5515265283273585e-05
942.0 2.55152513104754e-05
943.0 2.5515237412623722e-05
944.0 2.551522358923772e-05
945.0 2.5515209839840154e-05
946.0 2.551519616395734e-05
947.0 2.5515182561119114e-05
948.0 2.5515169030858828e-05
949.0 2.5515155572713294e-05
950.0 2.551514218622277e-05
951.0 2.5515128870930907e-05
952.0 2.551511562638476e-05
953.0 2.5515102452134726e-05
954.0 2.5515089347734525e-05
955.0 2.5515076312741176e-05
956.0 2.5515063346714974e-05
957.0 2.5515050449219443e-05
958.0 2.551503761982133e-05
959.0 2.5515024858090567e-05
960.0 2.5515012163600248e-05
961.0 2.55149995359266e-05
962.0 2.5514986974648948e-05
963.0 2.5514974479349722e-05
964.0 2.5514962049614384e-05
965.0 2.5514949685031444e-05
966.0 2.5514937385192403e-05
967.0 2.5514925149691756e-05
968.0 2.551491297812694e-05
969.0 2.5514900870098334e-05
970.0 2.551488882520922e-05
971.0 2.5514876843065763e-05
972.0 2.5514864923276985e-05
973.0 2.5514853065454735e-05
974.0 2.5514841269213692e-05
975.0 2.5514829534171307e-05
976.0 2.5514817859947806e-05
977.0 2.5514806246166157e-05
978.0 2.551479469245204e-05
979.0 2.551478319843383e-05
980.0 2.5514771763742597e-05
981.0 2.5514760388012046e-05
982.0 2.551474907087852e-05
983.0 2.5514737811980975e-05
984.0 2.5514726610960947e-05
985.0 2.551471546746255e-05
986.0 2.5514704381132438e-05
987.0 2.5514693351619788e-05
988.0 2.5514682378576293e-05
989.0 2.5514671461656116e-05
990.0 2.55146606005159e-05
991.0 2.5514649794814723e-05
992.0 2.551463904421409e-05
993.0 2.551462834837791e-05
994.0 2.551461770697248e-05
995.0 2.5514607119666457e-05
996.0 2.5514596586130855e-05
997.0 2.5514586106039014e-05
998.0 2.551457567906657e-05
999.0 2.551456530489147e-05
1000.0 2.551455498319392e-05
1001.0 2.5514544713656383e-05
1002.0 2.5514534495963558e-05
1003.0 2.551452432980236e-05
1004.0 2.5514514214861914e-05
1005.0 2.5514504150833514e-05
1006.0 2.5514494137410623e-05
1007.0 2.5514484174288858e-05
1008.0 2.551447426116596e-05
1009.0 2.5514464397741785e-05
1010.0 2.551445458371829e-05
1011.0 2.5514444818799504e-05
1012.0 2.5514435102691523e-05
1013.0 2.5514425435102498e-05
1014.0 2.55144158157426e-05
1015.0 2.5514406244324018e-05
1016.0 2.551439672056094e-05
1017.0 2.5514387244169534e-05
1018.0 2.5514377814867946e-05
1019.0 2.5514368432376255e-05
1020.0 2.5514359096416495e-05
1021.0 2.551434980671261e-05
1022.0 2.5514340562990454e-05
1023.0 2.551433136497777e-05
1024.0 2.5514322212404175e-05
1025.0 2.5514313105001155e-05
1026.0 2.551430404250203e-05
1027.0 2.5514295024641968e-05
1028.0 2.5514286051157936e-05
1029.0 2.551427712178872e-05
1030.0 2.551426823627489e-05
1031.0 2.551425939435879e-05
1032.0 2.551425059578453e-05
1033.0 2.5514241840297964e-05
1034.0 2.551423312764668e-05
1035.0 2.551422445757998e-05
1036.0 2.5514215829848897e-05
1037.0 2.5514207244206127e-05
1038.0 2.5514198700406074e-05
1039.0 2.5514190198204788e-05
1040.0 2.5514181737359994e-05
1041.0 2.551417331763104e-05
1042.0 2.5514164938778916e-05
1043.0 2.551415660056623e-05
1044.0 2.5514148302757183e-05
1045.0 2.551414004511758e-05
1046.0 2.5514131827414802e-05
1047.0 2.5514123649417792e-05
1048.0 2.5514115510897058e-05
1049.0 2.5514107411624642e-05
1050.0 2.5514099351374123e-05
1051.0 2.5514091329920606e-05
1052.0 2.5514083347040695e-05
1053.0 2.5514075402512488e-05
1054.0 2.5514067496115583e-05
1055.0 2.5514059627631042e-05
1056.0 2.5514051796841393e-05
1057.0 2.551404400353061e-05
1058.0 2.5514036247484116e-05
1059.0 2.5514028528488755e-05
1060.0 2.55140208463328e-05
1061.0 2.5514013200805927e-05
1062.0 2.5514005591699206e-05
1063.0 2.5513998018805095e-05
1064.0 2.5513990481917433e-05
1065.0 2.5513982980831424e-05
1066.0 2.551397551534363e-05
1067.0 2.5513968085251944e-05
1068.0 2.551396069035561e-05
1069.0 2.551395333045519e-05
1070.0 2.5513946005352566e-05
1071.0 2.5513938714850922e-05
1072.0 2.5513931458754736e-05
1073.0 2.5513924236869767e-05
1074.0 2.551391704900307e-05
1075.0 2.5513909894962945e-05
1076.0 2.5513902774558954e-05
1077.0 2.551389568760192e-05
1078.0 2.551388863390388e-05
1079.0 2.5513881613278127e-05
1080.0 2.5513874625539156e-05
1081.0 2.5513867670502678e-05
1082.0 2.5513860747985607e-05
1083.0 2.551385385780605e-05
1084.0 2.551384699978329e-05
1085.0 2.55138401737378e-05
1086.0 2.551383337949121e-05
1087.0 2.5513826616866307e-05
1088.0 2.5513819885687033e-05
1089.0 2.551381318577846e-05
1090.0 2.551380651696681e-05
1091.0 2.5513799879079412e-05
1092.0 2.5513793271944726e-05
1093.0 2.55137866953923e-05
1094.0 2.5513780149252797e-05
1095.0 2.551377363335797e-05
1096.0 2.5513767147540647e-05
1097.0 2.551376069163474e-05
1098.0 2.551375426547523e-05
1099.0 2.5513747868898142e-05
1100.0 2.5513741501740564e-05
1101.0 2.5513735163840633e-05
1102.0 2.5513728855037516e-05
1103.0 2.5513722575171407e-05
1104.0 2.5513716324083526e-05
1105.0 2.5513710101616103e-05
1106.0 2.551370390761238e-05
1107.0 2.5513697741916593e-05
1108.0 2.5513691604373967e-05
1109.0 2.5513685494830727e-05
1110.0 2.5513679413134057e-05
1111.0 2.5513673359132126e-05
1112.0 2.5513667332674053e-05
1113.0 2.5513661333609926e-05
1114.0 2.5513655361790777e-05
1115.0 2.551364941706858e-05
1116.0 2.5513643499296253e-05
1117.0 2.5513637608327625e-05
1118.0 2.5513631744017465e-05
1119.0 2.5513625906221456e-05
1120.0 2.5513620094796177e-05
1121.0 2.551361430959913e-05
1122.0 2.5513608550488692e-05
1123.0 2.551360281732415e-05
1124.0 2.5513597109965654e-05
1125.0 2.551359142827425e-05
1126.0 2.551358577211184e-05
1127.0 2.5513580141341208e-05
1128.0 2.5513574535825973e-05
1129.0 2.5513568955430625e-05
1130.0 2.5513563400020496e-05
1131.0 2.5513557869461758e-05
1132.0 2.551355236362141e-05
1133.0 2.5513546882367287e-05
1134.0 2.551354142556805e-05
1135.0 2.551353599309317e-05
1136.0 2.5513530584812917e-05
1137.0 2.5513525200598395e-05
1138.0 2.551351984032149e-05
1139.0 2.5513514503854873e-05
1140.0 2.5513509191072022e-05
1141.0 2.551350390184719e-05
1142.0 2.5513498636055404e-05
1143.0 2.5513493393572456e-05
1144.0 2.5513488174274928e-05
1145.0 2.5513482978040138e-05
1146.0 2.5513477804746172e-05
1147.0 2.5513472654271856e-05
1148.0 2.551346752649678e-05
1149.0 2.5513462421301247e-05
1150.0 2.5513457338566324e-05
1151.0 2.551345227817378e-05
1152.0 2.551344724000613e-05
1153.0 2.5513442223946587e-05
1154.0 2.5513437229879097e-05
1155.0 2.5513432257688307e-05
1156.0 2.5513427307259568e-05
1157.0 2.551342237847893e-05
1158.0 2.551341747123314e-05
1159.0 2.5513412585409628e-05
1160.0 2.5513407720896526e-05
1161.0 2.5513402877582618e-05
1162.0 2.551339805535739e-05
1163.0 2.5513393254110985e-05
1164.0 2.5513388473734214e-05
1165.0 2.551338371411855e-05
1166.0 2.5513378975156125e-05
1167.0 2.551337425673972e-05
1168.0 2.5513369558762764e-05
1169.0 2.5513364881119332e-05
1170.0 2.5513360223704138e-05
1171.0 2.5513355586412526e-05
1172.0 2.5513350969140474e-05
1173.0 2.5513346371784585e-05
1174.0 2.551334179424208e-05
1175.0 2.551333723641081e-05
1176.0 2.5513332698189217e-05
1177.0 2.5513328179476376e-05
1178.0 2.5513323680171947e-05
1179.0 2.5513319200176207e-05
1180.0 2.551331473939001e-05
1181.0 2.551331029771483e-05
1182.0 2.5513305875052698e-05
1183.0 2.551330147130625e-05
1184.0 2.5513297086378692e-05
1185.0 2.551329272017382e-05
1186.0 2.5513288372595986e-05
1187.0 2.551328404355012e-05
1188.0 2.551327973294172e-05
1189.0 2.5513275440676833e-05
1190.0 2.551327116666207e-05
1191.0 2.5513266910804603e-05
1192.0 2.551326267301214e-05
1193.0 2.551325845319294e-05
1194.0 2.5513254251255813e-05
1195.0 2.5513250067110083e-05
1196.0 2.551324590066565e-05
1197.0 2.55132417518329e-05
1198.0 2.5513237620522774e-05
1199.0 2.551323350664674e-05
1200.0 2.5513229410116762e-05
1201.0 2.5513225330845347e-05
1202.0 2.5513221268745505e-05
1203.0 2.5513217223730758e-05
1204.0 2.5513213195715125e-05
1205.0 2.5513209184613155e-05
1206.0 2.551320519033986e-05
1207.0 2.551320121281078e-05
1208.0 2.5513197251941934e-05
1209.0 2.5513193307649836e-05
1210.0 2.5513189379851483e-05
1211.0 2.551318546846436e-05
1212.0 2.5513181573406424e-05
1213.0 2.551317769459612e-05
1214.0 2.5513173831952364e-05
1215.0 2.551316998539454e-05
1216.0 2.5513166154842497e-05
1217.0 2.551316234021656e-05
1218.0 2.5513158541437507e-05
1219.0 2.5513154758426578e-05
1220.0 2.5513150991105467e-05
1221.0 2.5513147239396315e-05
1222.0 2.5513143503221724e-05
1223.0 2.551313978250474e-05
1224.0 2.5513136077168838e-05
1225.0 2.5513132387137956e-05
1226.0 2.5513128712336455e-05
1227.0 2.551312505268914e-05
1228.0 2.551312140812124e-05
1229.0 2.5513117778558415e-05
1230.0 2.5513114163926764e-05
1231.0 2.5513110564152785e-05
1232.0 2.5513106979163424e-05
1233.0 2.551310340888602e-05
1234.0 2.551309985324835e-05
1235.0 2.551309631217859e-05
1236.0 2.551309278560533e-05
1237.0 2.5513089273457568e-05
1238.0 2.5513085775664713e-05
1239.0 2.5513082292156553e-05
1240.0 2.55130788228633e-05
1241.0 2.5513075367715566e-05
1242.0 2.5513071926644326e-05
1243.0 2.5513068499580975e-05
1244.0 2.55130650864573e-05
1245.0 2.5513061687205448e-05
1246.0 2.551305830175797e-05
1247.0 2.5513054930047803e-05
1248.0 2.551305157200824e-05
1249.0 2.5513048227572985e-05
1250.0 2.5513044896676086e-05
1251.0 2.551304157925197e-05
1252.0 2.551303827523545e-05
1253.0 2.5513034984561683e-05
1254.0 2.5513031707166214e-05
1255.0 2.5513028442984927e-05
1256.0 2.5513025191954084e-05
1257.0 2.5513021954010297e-05
1258.0 2.5513018729090535e-05
1259.0 2.5513015517132123e-05
1260.0 2.5513012318072734e-05
1261.0 2.5513009131850388e-05
1262.0 2.5513005958403456e-05
1263.0 2.5513002797670656e-05
1264.0 2.5512999649591033e-05
1265.0 2.5512996514103995e-05
1266.0 2.5512993391149266e-05
1267.0 2.5512990280666926e-05
1268.0 2.5512987182597365e-05
1269.0 2.5512984096881325e-05
1270.0 2.551298102345987e-05
1271.0 2.551297796227439e-05
1272.0 2.55129749132666e-05
1273.0 2.551297187637854e-05
1274.0 2.551296885155257e-05
1275.0 2.5512965838731373e-05
1276.0 2.5512962837857945e-05
1277.0 2.5512959848875592e-05
1278.0 2.551295687172794e-05
1279.0 2.5512953906358927e-05
1280.0 2.5512950952712804e-05
1281.0 2.5512948010734115e-05
1282.0 2.5512945080367713e-05
1283.0 2.551294216155877e-05
1284.0 2.5512939254252746e-05
1285.0 2.5512936358395394e-05
1286.0 2.551293347393278e-05
1287.0 2.551293060081126e-05
1288.0 2.551292773897748e-05
1289.0 2.5512924888378387e-05
1290.0 2.5512922048961202e-05
1291.0 2.5512919220673458e-05
1292.0 2.551291640346295e-05
1293.0 2.5512913597277778e-05
1294.0 2.5512910802066308e-05
1295.0 2.5512908017777205e-05
1296.0 2.55129052443594e-05
1297.0 2.5512902481762108e-05
1298.0 2.5512899729934818e-05
1299.0 2.5512896988827293e-05
1300.0 2.551289425838957e-05
1301.0 2.551289153857196e-05
1302.0 2.551288882932504e-05
1303.0 2.5512886130599652e-05
1304.0 2.551288344234691e-05
1305.0 2.551288076451819e-05
1306.0 2.5512878097065125e-05
1307.0 2.551287543993962e-05
1308.0 2.5512872793093826e-05
1309.0 2.551287015648017e-05
1310.0 2.5512867530051325e-05
1311.0 2.551286491376021e-05
1312.0 2.5512862307560015e-05
1313.0 2.5512859711404167e-05
1314.0 2.551285712524635e-05
1315.0 2.55128545490405e-05
1316.0 2.5512851982740792e-05
1317.0 2.5512849426301655e-05
1318.0 2.551284687967775e-05
1319.0 2.551284434282399e-05
1320.0 2.5512841815695533e-05
1321.0 2.5512839298247766e-05
1322.0 2.5512836790436316e-05
1323.0 2.5512834292217053e-05
1324.0 2.551283180354608e-05
1325.0 2.5512829324379738e-05
1326.0 2.551282685467458e-05
1327.0 2.5512824394387417e-05
1328.0 2.5512821943475273e-05
1329.0 2.551281950189541e-05
1330.0 2.5512817069605306e-05
1331.0 2.551281464656267e-05
1332.0 2.551281223272544e-05
1333.0 2.551280982805177e-05
1334.0 2.5512807432500037e-05
1335.0 2.5512805046028835e-05
1336.0 2.551280266859699e-05
1337.0 2.5512800300163527e-05
1338.0 2.5512797940687696e-05
1339.0 2.5512795590128963e-05
1340.0 2.5512793248447006e-05
1341.0 2.551279091560172e-05
1342.0 2.5512788591553202e-05
1343.0 2.5512786276261763e-05
1344.0 2.551278396968792e-05
1345.0 2.5512781671792404e-05
1346.0 2.5512779382536145e-05
1347.0 2.551277710188028e-05
1348.0 2.551277482978615e-05
1349.0 2.55127725662153e-05
1350.0 2.551277031112947e-05
1351.0 2.5512768064490612e-05
1352.0 2.551276582626086e-05
1353.0 2.5512763596402555e-05
1354.0 2.5512761374878237e-05
1355.0 2.5512759161650636e-05
1356.0 2.5512756956682677e-05
1357.0 2.5512754759937477e-05
1358.0 2.551275257137835e-05
1359.0 2.5512750390968793e-05
1360.0 2.5512748218672497e-05
1361.0 2.551274605445334e-05
1362.0 2.551274389827539e-05
1363.0 2.5512741750102894e-05
1364.0 2.5512739609900297e-05
1365.0 2.5512737477632208e-05
1366.0 2.551273535326344e-05
1367.0 2.5512733236758974e-05
1368.0 2.5512731128083974e-05
1369.0 2.5512729027203788e-05
1370.0 2.551272693408394e-05
1371.0 2.5512724848690133e-05
1372.0 2.5512722770988237e-05
1373.0 2.5512720700944313e-05
1374.0 2.5512718638524586e-05
1375.0 2.551271658369546e-05
1376.0 2.55127145364235e-05
1377.0 2.5512712496675458e-05
1378.0 2.551271046441825e-05
1379.0 2.5512708439618952e-05
1380.0 2.5512706422244827e-05
1381.0 2.5512704412263287e-05
1382.0 2.5512702409641924e-05
1383.0 2.5512700414348484e-05
1384.0 2.551269842635089e-05
1385.0 2.551269644561722e-05
1386.0 2.551269447211571e-05
1387.0 2.5512692505814776e-05
1388.0 2.5512690546682972e-05
1389.0 2.551268859468903e-05
1390.0 2.5512686649801826e-05
1391.0 2.5512684711990403e-05
1392.0 2.5512682781223964e-05
1393.0 2.5512680857471862e-05
1394.0 2.5512678940703604e-05
1395.0 2.5512677030888853e-05
1396.0 2.5512675127997428e-05
1397.0 2.55126732319993e-05
1398.0 2.5512671342864583e-05
1399.0 2.551266946056356e-05
1400.0 2.5512667585066643e-05
1401.0 2.5512665716344408e-05
1402.0 2.5512663854367574e-05
1403.0 2.5512661999107007e-05
1404.0 2.5512660150533717e-05
1405.0 2.551265830861887e-05
1406.0 2.5512656473333758e-05
1407.0 2.5512654644649835e-05
1408.0 2.551265282253869e-05
1409.0 2.5512651006972057e-05
1410.0 2.5512649197921812e-05
1411.0 2.5512647395359962e-05
1412.0 2.5512645599258666e-05
1413.0 2.5512643809590223e-05
1414.0 2.551264202632706e-05
1415.0 2.5512640249441746e-05
1416.0 2.551263847890699e-05
1417.0 2.5512636714695632e-05
1418.0 2.5512634956780655e-05
1419.0 2.551263320513516e-05
1420.0 2.5512631459732402e-05
1421.0 2.551262972054576e-05
1422.0 2.551262798754874e-05
1423.0 2.5512626260714988e-05
1424.0 2.551262454001827e-05
1425.0 2.5512622825432493e-05
1426.0 2.551262111693169e-05
1427.0 2.5512619414490022e-05
1428.0 2.5512617718081776e-05
1429.0 2.5512616027681366e-05
1430.0 2.5512614343263333e-05
1431.0 2.5512612664802343e-05
1432.0 2.5512610992273193e-05
1433.0 2.551260932565079e-05
1434.0 2.551260766491018e-05
1435.0 2.5512606010026526e-05
1436.0 2.5512604360975113e-05
1437.0 2.5512602717731337e-05
1438.0 2.5512601080270734e-05
1439.0 2.5512599448568944e-05
1440.0 2.551259782260174e-05
1441.0 2.5512596202345007e-05
1442.0 2.5512594587774736e-05
1443.0 2.551259297886706e-05
1444.0 2.5512591375598213e-05
1445.0 2.551258977794454e-05
1446.0 2.5512588185882513e-05
1447.0 2.551258659938872e-05
1448.0 2.5512585018439852e-05
1449.0 2.5512583443012723e-05
1450.0 2.5512581873084257e-05
1451.0 2.5512580308631486e-05
1452.0 2.551257874963156e-05
1453.0 2.551257719606174e-05
1454.0 2.5512575647899393e-05
1455.0 2.5512574105122e-05
1456.0 2.5512572567707143e-05
1457.0 2.5512571035632522e-05
1458.0 2.551256950887594e-05
1459.0 2.551256798741531e-05
1460.0 2.551256647122865e-05
1461.0 2.551256496029409e-05
1462.0 2.551256345458985e-05
1463.0 2.5512561954094277e-05
1464.0 2.5512560458785798e-05
1465.0 2.551255896864297e-05
1466.0 2.551255748364443e-05
1467.0 2.5512556003768937e-05
1468.0 2.551255452899534e-05
1469.0 2.5512553059302584e-05
1470.0 2.5512551594669733e-05
1471.0 2.551255013507594e-05
1472.0 2.5512548680500464e-05
1473.0 2.5512547230922654e-05
1474.0 2.5512545786321962e-05
1475.0 2.5512544346677945e-05
1476.0 2.5512542911970252e-05
1477.0 2.5512541482178627e-05
1478.0 2.5512540057282913e-05
1479.0 2.5512538637263057e-05
1480.0 2.5512537222099087e-05
1481.0 2.5512535811771138e-05
1482.0 2.5512534406259427e-05
1483.0 2.5512533005544285e-05
1484.0 2.5512531609606124e-05
1485.0 2.551253021842544e-05
1486.0 2.551252883198284e-05
1487.0 2.5512527450259012e-05
1488.0 2.551252607323474e-05
1489.0 2.5512524700890893e-05
1490.0 2.5512523333208443e-05
1491.0 2.551252197016844e-05
1492.0 2.5512520611752024e-05
1493.0 2.5512519257940434e-05
1494.0 2.551251790871499e-05
1495.0 2.5512516564057106e-05
1496.0 2.551251522394827e-05
1497.0 2.5512513888370072e-05
1498.0 2.5512512557304185e-05
1499.0 2.5512511230732368e-05
1500.0 2.5512509908636462e-05
1501.0 2.5512508590998396e-05
1502.0 2.5512507277800185e-05
1503.0 2.5512505969023927e-05
1504.0 2.551250466465181e-05
1505.0 2.551250336466609e-05
1506.0 2.5512502069049125e-05
1507.0 2.5512500777783342e-05
1508.0 2.5512499490851257e-05
1509.0 2.551249820823547e-05
1510.0 2.551249692991865e-05
1511.0 2.551249565588356e-05
1512.0 2.551249438611304e-05
1513.0 2.551249312059001e-05
1514.0 2.5512491859297468e-05
1515.0 2.5512490602218483e-05
1516.0 2.5512489349336225e-05
1517.0 2.551248810063392e-05
1518.0 2.5512486856094884e-05
1519.0 2.5512485615702502e-05
1520.0 2.5512484379440257e-05
1521.0 2.5512483147291674e-05
1522.0 2.5512481919240383e-05
1523.0 2.5512480695270083e-05
1524.0 2.5512479475364542e-05
1525.0 2.551247825950761e-05
1526.0 2.5512477047683205e-05
1527.0 2.5512475839875327e-05
1528.0 2.551247463606804e-05
1529.0 2.5512473436245498e-05
1530.0 2.551247224039191e-05
1531.0 2.5512471048491566e-05
1532.0 2.5512469860528834e-05
1533.0 2.5512468676488138e-05
1534.0 2.5512467496353995e-05
1535.0 2.5512466320110973e-05
1536.0 2.5512465147743726e-05
1537.0 2.5512463979236968e-05
1538.0 2.5512462814575488e-05
1539.0 2.551246165374415e-05
1540.0 2.551246049672787e-05
1541.0 2.551245934351166e-05
1542.0 2.5512458194080573e-05
1543.0 2.5512457048419743e-05
1544.0 2.5512455906514383e-05
1545.0 2.551245476834975e-05
1546.0 2.5512453633911185e-05
1547.0 2.5512452503184095e-05
1548.0 2.551245137615394e-05
1549.0 2.551245025280627e-05
1550.0 2.5512449133126678e-05
1551.0 2.5512448017100834e-05
1552.0 2.551244690471447e-05
1553.0 2.5512445795953384e-05
1554.0 2.551244469080344e-05
1555.0 2.5512443589250563e-05
1556.0 2.5512442491280744e-05
1557.0 2.5512441396880034e-05
1558.0 2.551244030603455e-05
1559.0 2.551243921873048e-05
1560.0 2.5512438134954057e-05
1561.0 2.5512437054691587e-05
1562.0 2.551243597792944e-05
1563.0 2.551243490465404e-05
1564.0 2.5512433834851882e-05
1565.0 2.551243276850951e-05
1566.0 2.5512431705613537e-05
1567.0 2.551243064615064e-05
1568.0 2.551242959010754e-05
1569.0 2.551242853747103e-05
1570.0 2.5512427488227972e-05
1571.0 2.551242644236526e-05
1572.0 2.5512425399869867e-05
1573.0 2.5512424360728827e-05
1574.0 2.5512423324929217e-05
1575.0 2.5512422292458183e-05
1576.0 2.5512421263302923e-05
1577.0 2.5512420237450692e-05
1578.0 2.5512419214888815e-05
1579.0 2.551241819560465e-05
1580.0 2.551241717958564e-05
1581.0 2.5512416166819256e-05
1582.0 2.551241515729304e-05
1583.0 2.5512414150994592e-05
1584.0 2.5512413147911562e-05
1585.0 2.551241214803165e-05
1586.0 2.5512411151342622e-05
1587.0 2.5512410157832288e-05
1588.0 2.5512409167488525e-05
1589.0 2.5512408180299245e-05
1590.0 2.5512407196252434e-05
1591.0 2.5512406215336117e-05
1592.0 2.5512405237538376e-05
1593.0 2.551240426284735e-05
1594.0 2.5512403291251227e-05
1595.0 2.5512402322738244e-05
1596.0 2.5512401357296694e-05
1597.0 2.5512400394914922e-05
1598.0 2.551239943558133e-05
1599.0 2.5512398479284355e-05
1600.0 2.55123975260125e-05
1601.0 2.5512396575754317e-05
1602.0 2.5512395628498396e-05
1603.0 2.5512394684233398e-05
1604.0 2.5512393742948015e-05
1605.0 2.5512392804630994e-05
1606.0 2.551239186927114e-05
1607.0 2.5512390936857294e-05
1608.0 2.5512390007378357e-05
1609.0 2.5512389080823274e-05
1610.0 2.5512388157181038e-05
1611.0 2.5512387236440693e-05
1612.0 2.5512386318591326e-05
1613.0 2.5512385403622074e-05
1614.0 2.551238449152213e-05
1615.0 2.5512383582280718e-05
1616.0 2.551238267588712e-05
1617.0 2.5512381772330663e-05
1618.0 2.551238087160072e-05
1619.0 2.5512379973686713e-05
1620.0 2.55123790785781e-05
1621.0 2.55123781862644e-05
1622.0 2.551237729673517e-05
1623.0 2.551237640998001e-05
1624.0 2.5512375525988563e-05
1625.0 2.5512374644750528e-05
1626.0 2.551237376625564e-05
1627.0 2.551237289049368e-05
1628.0 2.5512372017454476e-05
1629.0 2.55123711471279e-05
1630.0 2.551237027950386e-05
1631.0 2.551236941457232e-05
1632.0 2.5512368552323275e-05
1633.0 2.5512367692746773e-05
1634.0 2.5512366835832905e-05
1635.0 2.55123659815718e-05
1636.0 2.5512365129953622e-05
1637.0 2.5512364280968596e-05
1638.0 2.5512363434606976e-05
1639.0 2.551236259085906e-05
1640.0 2.5512361749715194e-05
1641.0 2.5512360911165756e-05
1642.0 2.551236007520117e-05
1643.0 2.5512359241811902e-05
1644.0 2.551235841098846e-05
1645.0 2.5512357582721394e-05
1646.0 2.5512356757001283e-05
1647.0 2.5512355933818757e-05
1648.0 2.551235511316449e-05
1649.0 2.5512354295029183e-05
1650.0 2.5512353479403587e-05
1651.0 2.5512352666278487e-05
1652.0 2.551235185564471e-05
1653.0 2.5512351047493123e-05
1654.0 2.551235024181463e-05
1655.0 2.5512349438600176e-05
1656.0 2.5512348637840744e-05
1657.0 2.551234783952735e-05
1658.0 2.551234704365106e-05
1659.0 2.5512346250202957e-05
1660.0 2.5512345459174192e-05
1661.0 2.5512344670555926e-05
1662.0 2.5512343884339376e-05
1663.0 2.551234310051578e-05
1664.0 2.5512342319076435e-05
1665.0 2.5512341540012657e-05
1666.0 2.5512340763315794e-05
1667.0 2.5512339988977258e-05
1668.0 2.551233921698847e-05
1669.0 2.55123384473409e-05
1670.0 2.551233768002604e-05
1671.0 2.551233691503545e-05
1672.0 2.551233615236069e-05
1673.0 2.5512335391993376e-05
1674.0 2.5512334633925153e-05
1675.0 2.5512333878147703e-05
1676.0 2.551233312465274e-05
1677.0 2.5512332373432016e-05
1678.0 2.5512331624477315e-05
1679.0 2.5512330877780465e-05
1680.0 2.551233013333331e-05
1681.0 2.551232939112775e-05
1682.0 2.5512328651155693e-05
1683.0 2.551232791340911e-05
1684.0 2.5512327177879985e-05
1685.0 2.5512326444560344e-05
1686.0 2.551232571344225e-05
1687.0 2.5512324984517777e-05
1688.0 2.5512324257779067e-05
1689.0 2.5512323533218265e-05
1690.0 2.5512322810827564e-05
1691.0 2.5512322090599186e-05
1692.0 2.551232137252539e-05
1693.0 2.5512320656598458e-05
1694.0 2.5512319942810708e-05
1695.0 2.5512319231154497e-05
1696.0 2.55123185216222e-05
1697.0 2.551231781420624e-05
1698.0 2.551231710889905e-05
1699.0 2.5512316405693122e-05
1700.0 2.5512315704580956e-05
1701.0 2.5512315005555097e-05
1702.0 2.551231430860811e-05
1703.0 2.55123136137326e-05
1704.0 2.5512312920921202e-05
1705.0 2.5512312230166576e-05
1706.0 2.5512311541461413e-05
1707.0 2.5512310854798437e-05
1708.0 2.55123101701704e-05
1709.0 2.551230948757009e-05
1710.0 2.5512308806990317e-05
1711.0 2.5512308128423925e-05
1712.0 2.5512307451863785e-05
1713.0 2.55123067773028e-05
1714.0 2.55123061047339e-05
1715.0 2.551230543415004e-05
1716.0 2.5512304765544218e-05
1717.0 2.5512304098909447e-05
1718.0 2.5512303434238774e-05
1719.0 2.5512302771525274e-05
1720.0 2.551230211076205e-05
1721.0 2.5512301451942234e-05
1722.0 2.551230079505899e-05
1723.0 2.5512300140105493e-05
1724.0 2.5512299487074973e-05
1725.0 2.551229883596067e-05
1726.0 2.5512298186755855e-05
1727.0 2.551229753945382e-05
1728.0 2.55122968940479e-05
1729.0 2.551229625053144e-05
1730.0 2.551229560889783e-05
1731.0 2.5512294969140468e-05
1732.0 2.5512294331252797e-05
1733.0 2.5512293695228272e-05
1734.0 2.5512293061060383e-05
1735.0 2.5512292428742648e-05
1736.0 2.5512291798268595e-05
1737.0 2.5512291169631807e-05
1738.0 2.5512290542825868e-05
1739.0 2.5512289917844393e-05
1740.0 2.5512289294681034e-05
1741.0 2.551228867332946e-05
1742.0 2.5512288053783374e-05
1743.0 2.5512287436036482e-05
1744.0 2.5512286820082546e-05
1745.0 2.5512286205915327e-05
1746.0 2.5512285593528636e-05
1747.0 2.5512284982916283e-05
1748.0 2.551228437407212e-05
1749.0 2.551228376699002e-05
1750.0 2.5512283161663888e-05
1751.0 2.551228255808763e-05
1752.0 2.5512281956255207e-05
1753.0 2.5512281356160584e-05
1754.0 2.5512280757797753e-05
1755.0 2.5512280161160732e-05
1756.0 2.5512279566243574e-05
1757.0 2.551227897304034e-05
1758.0 2.5512278381545123e-05
1759.0 2.5512277791752033e-05
1760.0 2.5512277203655215e-05
1761.0 2.5512276617248827e-05
1762.0 2.5512276032527052e-05
1763.0 2.55122754494841e-05
1764.0 2.5512274868114203e-05
1765.0 2.551227428841162e-05
1766.0 2.5512273710370628e-05
1767.0 2.5512273133985517e-05
1768.0 2.5512272559250627e-05
1769.0 2.5512271986160288e-05
1770.0 2.551227141470888e-05
1771.0 2.551227084489079e-05
1772.0 2.551227027670043e-05
1773.0 2.5512269710132238e-05
1774.0 2.5512269145180666e-05
1775.0 2.5512268581840205e-05
1776.0 2.5512268020105342e-05
1777.0 2.5512267459970613e-05
1778.0 2.551226690143056e-05
1779.0 2.5512266344479748e-05
1780.0 2.5512265789112767e-05
1781.0 2.5512265235324222e-05
1782.0 2.5512264683108753e-05
1783.0 2.551226413246101e-05
1784.0 2.5512263583375662e-05
1785.0 2.5512263035847412e-05
1786.0 2.5512262489870964e-05
1787.0 2.5512261945441065e-05
1788.0 2.551226140255247e-05
1789.0 2.5512260861199953e-05
1790.0 2.5512260321378314e-05
1791.0 2.551225978308238e-05
1792.0 2.551225924630698e-05
1793.0 2.5512258711046983e-05
1794.0 2.5512258177297262e-05
1795.0 2.551225764505272e-05
1796.0 2.551225711430827e-05
1797.0 2.5512256585058873e-05
1798.0 2.5512256057299467e-05
1799.0 2.5512255531025046e-05
1800.0 2.5512255006230605e-05
1801.0 2.551225448291116e-05
1802.0 2.551225396106175e-05
1803.0 2.551225344067744e-05
1804.0 2.5512252921753307e-05
1805.0 2.551225240428444e-05
1806.0 2.551225188826596e-05
1807.0 2.5512251373693e-05
1808.0 2.5512250860560717e-05
1809.0 2.5512250348864285e-05
1810.0 2.5512249838598888e-05
1811.0 2.551224932975975e-05
1812.0 2.5512248822342083e-05
1813.0 2.551224831634115e-05
1814.0 2.551224781175221e-05
1815.0 2.5512247308570547e-05
1816.0 2.5512246806791468e-05
1817.0 2.5512246306410288e-05
1818.0 2.5512245807422355e-05
1819.0 2.551224530982302e-05
1820.0 2.5512244813607665e-05
1821.0 2.5512244318771674e-05
1822.0 2.5512243825310462e-05
1823.0 2.5512243333219465e-05
1824.0 2.5512242842494122e-05
1825.0 2.5512242353129904e-05
1826.0 2.5512241865122286e-05
1827.0 2.551224137846677e-05
1828.0 2.551224089315887e-05
1829.0 2.5512240409194128e-05
1830.0 2.5512239926568087e-05
1831.0 2.551223944527632e-05
1832.0 2.551223896531441e-05
1833.0 2.5512238486677966e-05
1834.0 2.5512238009362597e-05
1835.0 2.5512237533363945e-05
1836.0 2.5512237058677666e-05
1837.0 2.551223658529943e-05
1838.0 2.5512236113224915e-05
1839.0 2.5512235642449834e-05
1840.0 2.5512235172969893e-05
1841.0 2.5512234704780844e-05
1842.0 2.551223423787843e-05
1843.0 2.5512233772258423e-05
1844.0 2.551223330791661e-05
1845.0 2.551223284484878e-05
1846.0 2.5512232383050762e-05
1847.0 2.5512231922518387e-05
1848.0 2.55122314632475e-05
1849.0 2.551223100523397e-05
1850.0 2.5512230548473672e-05
1851.0 2.5512230092962508e-05
1852.0 2.5512229638696383e-05
1853.0 2.551222918567123e-05
1854.0 2.5512228733882996e-05
1855.0 2.5512228283327628e-05
1856.0 2.5512227834001108e-05
1857.0 2.5512227385899425e-05
1858.0 2.5512226939018578e-05
1859.0 2.551222649335459e-05
1860.0 2.5512226048903495e-05
1861.0 2.5512225605661345e-05
1862.0 2.5512225163624198e-05
1863.0 2.5512224722788144e-05
1864.0 2.5512224283149265e-05
1865.0 2.5512223844703684e-05
1866.0 2.551222340744751e-05
1867.0 2.5512222971376896e-05
1868.0 2.551222253648798e-05
1869.0 2.551222210277694e-05
1870.0 2.551222167023996e-05
1871.0 2.551222123887323e-05
1872.0 2.551222080867296e-05
1873.0 2.5512220379635384e-05
1874.0 2.5512219951756728e-05
1875.0 2.551221952503326e-05
1876.0 2.551221909946124e-05
1877.0 2.551221867503695e-05
1878.0 2.5512218251756683e-05
1879.0 2.5512217829616757e-05
1880.0 2.5512217408613487e-05
1881.0 2.551221698874322e-05
1882.0 2.551221657000229e-05
1883.0 2.5512216152387082e-05
1884.0 2.5512215735893958e-05
1885.0 2.5512215320519318e-05
1886.0 2.551221490625957e-05
1887.0 2.5512214493111124e-05
1888.0 2.551221408107042e-05
1889.0 2.5512213670133892e-05
1890.0 2.5512213260298017e-05
1891.0 2.5512212851559253e-05
1892.0 2.5512212443914093e-05
1893.0 2.5512212037359027e-05
1894.0 2.5512211631890576e-05
1895.0 2.5512211227505256e-05
1896.0 2.551221082419961e-05
1897.0 2.5512210421970185e-05
1898.0 2.5512210020813544e-05
1899.0 2.5512209620726266e-05
1900.0 2.551220922170494e-05
1901.0 2.551220882374616e-05
1902.0 2.551220842684654e-05
1903.0 2.5512208031002722e-05
1904.0 2.5512207636211324e-05
1905.0 2.5512207242469014e-05
1906.0 2.5512206849772448e-05
1907.0 2.5512206458118304e-05
1908.0 2.5512206067503267e-05
1909.0 2.551220567792404e-05
1910.0 2.5512205289377334e-05
1911.0 2.551220490185988e-05
1912.0 2.551220451536841e-05
1913.0 2.5512204129899672e-05
1914.0 2.551220374545043e-05
1915.0 2.5512203362017458e-05
1916.0 2.5512202979597542e-05
1917.0 2.5512202598187473e-05
1918.0 2.5512202217784065e-05
1919.0 2.5512201838384133e-05
1920.0 2.5512201459984514e-05
1921.0 2.551220108258205e-05
1922.0 2.5512200706173597e-05
1923.0 2.5512200330756018e-05
1924.0 2.5512199956326198e-05
1925.0 2.551219958288102e-05
1926.0 2.551219921041739e-05
1927.0 2.551219883893222e-05
1928.0 2.551219846842243e-05
1929.0 2.5512198098884958e-05
1930.0 2.5512197730316755e-05
1931.0 2.551219736271477e-05
1932.0 2.5512196996075975e-05
1933.0 2.5512196630397348e-05
1934.0 2.551219626567588e-05
1935.0 2.551219590190858e-05
1936.0 2.551219553909245e-05
1937.0 2.551219517722452e-05
1938.0 2.5512194816301826e-05
1939.0 2.5512194456321405e-05
1940.0 2.5512194097280317e-05
1941.0 2.5512193739175635e-05
1942.0 2.5512193382004423e-05
1943.0 2.551219302576378e-05
1944.0 2.55121926704508e-05
1945.0 2.5512192316062597e-05
1946.0 2.551219196259628e-05
1947.0 2.551219161004899e-05
1948.0 2.5512191258417858e-05
1949.0 2.5512190907700044e-05
1950.0 2.55121905578927e-05
1951.0 2.551219020899301e-05
1952.0 2.5512189860998138e-05
1953.0 2.5512189513905287e-05
1954.0 2.5512189167711656e-05
1955.0 2.5512188822414463e-05
1956.0 2.5512188478010918e-05
1957.0 2.5512188134498264e-05
1958.0 2.551218779187374e-05
1959.0 2.5512187450134593e-05
1960.0 2.551218710927809e-05
1961.0 2.5512186769301497e-05
1962.0 2.5512186430202106e-05
1963.0 2.5512186091977198e-05
1964.0 2.551218575462408e-05
1965.0 2.5512185418140063e-05
1966.0 2.551218508252246e-05
1967.0 2.5512184747768613e-05
1968.0 2.5512184413875852e-05
1969.0 2.5512184080841528e-05
1970.0 2.5512183748663003e-05
1971.0 2.5512183417337642e-05
1972.0 2.5512183086862822e-05
1973.0 2.5512182757235935e-05
1974.0 2.551218242845437e-05
1975.0 2.551218210051554e-05
1976.0 2.5512181773416854e-05
1977.0 2.551218144715574e-05
1978.0 2.551218112172963e-05
1979.0 2.5512180797135962e-05
1980.0 2.5512180473372194e-05
1981.0 2.5512180150435787e-05
1982.0 2.5512179828324204e-05
1983.0 2.551217950703493e-05
1984.0 2.551217918656545e-05
1985.0 2.551217886691326e-05
1986.0 2.5512178548075863e-05
1987.0 2.551217823005078e-05
1988.0 2.5512177912835532e-05
1989.0 2.5512177596427648e-05
1990.0 2.5512177280824673e-05
1991.0 2.5512176966024153e-05
1992.0 2.551217665202365e-05
1993.0 2.551217633882072e-05
1994.0 2.5512176026412958e-05
1995.0 2.551217571479793e-05
1996.0 2.5512175403973232e-05
1997.0 2.5512175093936473e-05
1998.0 2.551217478468526e-05
1999.0 2.5512174476217205e-05
2000.0 2.551217416852994e-05
2001.0 2.5512173861621093e-05
2002.0 2.551217355548832e-05
2003.0 2.551217325012926e-05
2004.0 2.5512172945541574e-05
2005.0 2.5512172641722938e-05
2006.0 2.551217233867102e-05
2007.0 2.551217203638351e-05
2008.0 2.5512171734858094e-05
2009.0 2.5512171434092483e-05
2010.0 2.5512171134084377e-05
2011.0 2.5512170834831493e-05
2012.0 2.5512170536331556e-05
2013.0 2.5512170238582304e-05
2014.0 2.5512169941581473e-05
2015.0 2.5512169645326814e-05
2016.0 2.5512169349816077e-05
2017.0 2.5512169055047036e-05
2018.0 2.5512168761017455e-05
2019.0 2.551216846772512e-05
2020.0 2.5512168175167818e-05
2021.0 2.551216788334334e-05
2022.0 2.551216759224949e-05
2023.0 2.5512167301884083e-05
2024.0 2.5512167012244934e-05
2025.0 2.5512166723329867e-05
2026.0 2.5512166435136722e-05
2027.0 2.5512166147663335e-05
2028.0 2.5512165860907554e-05
2029.0 2.5512165574867238e-05
2030.0 2.5512165289540256e-05
2031.0 2.5512165004924467e-05
2032.0 2.5512164721017756e-05
2033.0 2.5512164437818006e-05
2034.0 2.5512164155323113e-05
2035.0 2.551216387353098e-05
2036.0 2.5512163592439504e-05
2037.0 2.5512163312046614e-05
2038.0 2.5512163032350226e-05
2039.0 2.5512162753348263e-05
2040.0 2.551216247503867e-05
2041.0 2.5512162197419387e-05
2042.0 2.5512161920488372e-05
2043.0 2.551216164424357e-05
2044.0 2.5512161368682955e-05
2045.0 2.55121610938045e-05
2046.0 2.5512160819606176e-05
2047.0 2.5512160546085976e-05
2048.0 2.5512160273241892e-05
2049.0 2.551216000107192e-05
2050.0 2.551215972957407e-05
2051.0 2.5512159458746353e-05
2052.0 2.551215918858679e-05
2053.0 2.5512158919093413e-05
2054.0 2.551215865026425e-05
2055.0 2.5512158382097346e-05
2056.0 2.5512158114590742e-05
2057.0 2.55121578477425e-05
2058.0 2.5512157581550675e-05
2059.0 2.551215731601334e-05
2060.0 2.551215705112856e-05
2061.0 2.5512156786894427e-05
2062.0 2.5512156523309022e-05
2063.0 2.5512156260370443e-05
2064.0 2.551215599807678e-05
2065.0 2.551215573642615e-05
2066.0 2.5512155475416662e-05
2067.0 2.5512155215046442e-05
2068.0 2.5512154955313608e-05
2069.0 2.55121546962163e-05
2070.0 2.5512154437752645e-05
2071.0 2.55121541799208e-05
2072.0 2.5512153922718913e-05
2073.0 2.5512153666145142e-05
2074.0 2.551215341019765e-05
2075.0 2.551215315487461e-05
2076.0 2.5512152900174193e-05
2077.0 2.5512152646094585e-05
2078.0 2.551215239263398e-05
2079.0 2.5512152139790572e-05
2080.0 2.551215188756255e-05
2081.0 2.5512151635948138e-05
2082.0 2.5512151384945536e-05
2083.0 2.5512151134552975e-05
2084.0 2.5512150884768674e-05
2085.0 2.5512150635590863e-05
2086.0 2.5512150387017786e-05
2087.0 2.5512150139047685e-05
2088.0 2.5512149891678804e-05
2089.0 2.5512149644909402e-05
2090.0 2.5512149398737738e-05
2091.0 2.551214915316208e-05
2092.0 2.5512148908180707e-05
2093.0 2.5512148663791895e-05
2094.0 2.551214841999392e-05
2095.0 2.5512148176785084e-05
2096.0 2.5512147934163677e-05
2097.0 2.5512147692128e-05
2098.0 2.5512147450676363e-05
2099.0 2.551214720980708e-05
2100.0 2.551214696951847e-05
2101.0 2.5512146729808858e-05
2102.0 2.5512146490676573e-05
2103.0 2.5512146252119948e-05
2104.0 2.551214601413733e-05
2105.0 2.551214577672706e-05
2106.0 2.55121455398875e-05
2107.0 2.5512145303616994e-05
2108.0 2.551214506791392e-05
2109.0 2.5512144832776637e-05
2110.0 2.5512144598203527e-05
2111.0 2.5512144364192962e-05
2112.0 2.5512144130743336e-05
2113.0 2.5512143897853034e-05
2114.0 2.551214366552045e-05
2115.0 2.5512143433743993e-05
2116.0 2.5512143202522064e-05
2117.0 2.551214297185308e-05
2118.0 2.5512142741735453e-05
2119.0 2.5512142512167607e-05
2120.0 2.551214228314797e-05
2121.0 2.5512142054674978e-05
2122.0 2.551214182674707e-05
2123.0 2.5512141599362683e-05
2124.0 2.5512141372520277e-05
2125.0 2.5512141146218295e-05
2126.0 2.55121409204552e-05
2127.0 2.5512140695229456e-05
2128.0 2.5512140470539533e-05
2129.0 2.5512140246383906e-05
2130.0 2.551214002276105e-05
2131.0 2.551213979966946e-05
2132.0 2.5512139577107612e-05
2133.0 2.551213935507401e-05
2134.0 2.5512139133567147e-05
2135.0 2.551213891258553e-05
2136.0 2.5512138692127674e-05
2137.0 2.5512138472192086e-05
2138.0 2.5512138252777288e-05
2139.0 2.5512138033881806e-05
2140.0 2.551213781550416e-05
2141.0 2.5512137597642897e-05
2142.0 2.5512137380296543e-05
2143.0 2.5512137163463654e-05
2144.0 2.551213694714277e-05
2145.0 2.5512136731332446e-05
2146.0 2.5512136516031236e-05
2147.0 2.5512136301237707e-05
2148.0 2.551213608695043e-05
2149.0 2.5512135873167968e-05
2150.0 2.5512135659888907e-05
2151.0 2.5512135447111818e-05
2152.0 2.5512135234835295e-05
2153.0 2.5512135023057926e-05
2154.0 2.5512134811778307e-05
2155.0 2.5512134600995035e-05
2156.0 2.5512134390706722e-05
2157.0 2.5512134180911966e-05
2158.0 2.5512133971609386e-05
2159.0 2.5512133762797604e-05
2160.0 2.5512133554475234e-05
2161.0 2.551213334664091e-05
2162.0 2.5512133139293263e-05
2163.0 2.5512132932430928e-05
2164.0 2.5512132726052546e-05
2165.0 2.551213252015676e-05
2166.0 2.5512132314742217e-05
2167.0 2.5512132109807576e-05
2168.0 2.55121319053515e-05
2169.0 2.5512131701372636e-05
2170.0 2.551213149786966e-05
2171.0 2.551213129484125e-05
2172.0 2.551213109228607e-05
2173.0 2.5512130890202803e-05
2174.0 2.5512130688590137e-05
2175.0 2.5512130487446754e-05
2176.0 2.5512130286771354e-05
2177.0 2.551213008656263e-05
2178.0 2.5512129886819286e-05
2179.0 2.5512129687540023e-05
2180.0 2.551212948872355e-05
2181.0 2.551212929036858e-05
2182.0 2.551212909247384e-05
2183.0 2.5512128895038044e-05
2184.0 2.5512128698059922e-05
2185.0 2.5512128501538195e-05
2186.0 2.5512128305471613e-05
2187.0 2.5512128109858905e-05
2188.0 2.551212791469881e-05
2189.0 2.551212771999008e-05
2190.0 2.551212752573147e-05
2191.0 2.5512127331921725e-05
2192.0 2.5512127138559604e-05
2193.0 2.551212694564388e-05
2194.0 2.5512126753173315e-05
2195.0 2.551212656114667e-05
2196.0 2.5512126369562732e-05
2197.0 2.5512126178420274e-05
2198.0 2.551212598771808e-05
2199.0 2.5512125797454934e-05
2200.0 2.551212560762963e-05
2201.0 2.551212541824096e-05
2202.0 2.551212522928772e-05
2203.0 2.5512125040768717e-05
2204.0 2.551212485268275e-05
2205.0 2.5512124665028635e-05
2206.0 2.551212447780518e-05
2207.0 2.55121242910112e-05
2208.0 2.551212410464553e-05
2209.0 2.5512123918706977e-05
2210.0 2.551212373319438e-05
2211.0 2.5512123548106566e-05
2212.0 2.5512123363442375e-05
2213.0 2.5512123179200644e-05
2214.0 2.5512122995380217e-05
2215.0 2.551212281197994e-05
2216.0 2.551212262899867e-05
2217.0 2.551212244643525e-05
2218.0 2.5512122264288546e-05
2219.0 2.5512122082557417e-05
2220.0 2.551212190124073e-05
2221.0 2.551212172033735e-05
2222.0 2.5512121539846152e-05
2223.0 2.5512121359766016e-05
2224.0 2.5512121180095813e-05
2225.0 2.5512121000834433e-05
2226.0 2.551212082198076e-05
2227.0 2.5512120643533682e-05
2228.0 2.5512120465492097e-05
2229.0 2.55121202878549e-05
2230.0 2.5512120110620992e-05
2231.0 2.5512119933789278e-05
2232.0 2.5512119757358668e-05
2233.0 2.5512119581328064e-05
2234.0 2.551211940569639e-05
2235.0 2.551211923046256e-05
2236.0 2.5512119055625492e-05
2237.0 2.551211888118412e-05
2238.0 2.5512118707137364e-05
2239.0 2.5512118533484158e-05
2240.0 2.551211836022344e-05
2241.0 2.5512118187354142e-05
2242.0 2.5512118014875215e-05
2243.0 2.551211784278559e-05
2244.0 2.551211767108423e-05
2245.0 2.5512117499770082e-05
2246.0 2.5512117328842092e-05
2247.0 2.5512117158299225e-05
2248.0 2.551211698814045e-05
2249.0 2.551211681836472e-05
2250.0 2.551211664897101e-05
2251.0 2.5512116479958283e-05
2252.0 2.5512116311325523e-05
2253.0 2.5512116143071705e-05
2254.0 2.551211597519581e-05
2255.0 2.5512115807696815e-05
2256.0 2.5512115640573715e-05
2257.0 2.5512115473825498e-05
2258.0 2.5512115307451158e-05
2259.0 2.5512115141449688e-05
2260.0 2.5512114975820096e-05
2261.0 2.551211481056138e-05
2262.0 2.5512114645672546e-05
2263.0 2.55121144811526e-05
2264.0 2.551211431700056e-05
2265.0 2.5512114153215437e-05
2266.0 2.551211398979625e-05
2267.0 2.5512113826742024e-05
2268.0 2.5512113664051782e-05
2269.0 2.5512113501724552e-05
2270.0 2.5512113339759357e-05
2271.0 2.5512113178155245e-05
2272.0 2.551211301691124e-05
2273.0 2.5512112856026386e-05
2274.0 2.5512112695499727e-05
2275.0 2.5512112535330303e-05
2276.0 2.5512112375517175e-05
2277.0 2.5512112216059377e-05
2278.0 2.5512112056955978e-05
2279.0 2.551211189820603e-05
2280.0 2.551211173980859e-05
2281.0 2.5512111581762726e-05
2282.0 2.55121114240675e-05
2283.0 2.5512111266721987e-05
2284.0 2.551211110972525e-05
2285.0 2.5512110953076373e-05
2286.0 2.5512110796774427e-05
2287.0 2.5512110640818494e-05
2288.0 2.5512110485207662e-05
2289.0 2.5512110329941007e-05
2290.0 2.5512110175017627e-05
2291.0 2.5512110020436608e-05
2292.0 2.5512109866197048e-05
2293.0 2.5512109712298043e-05
2294.0 2.5512109558738694e-05
2295.0 2.55121094055181e-05
2296.0 2.5512109252635373e-05
2297.0 2.5512109100089615e-05
2298.0 2.5512108947879942e-05
2299.0 2.5512108796005464e-05
2300.0 2.55121086444653e-05
2301.0 2.5512108493258566e-05
2302.0 2.551210834238439e-05
2303.0 2.551210819184189e-05
2304.0 2.5512108041630197e-05
2305.0 2.551210789174844e-05
2306.0 2.5512107742195752e-05
2307.0 2.5512107592971268e-05
2308.0 2.5512107444074128e-05
2309.0 2.5512107295503468e-05
2310.0 2.551210714725843e-05
2311.0 2.551210699933817e-05
2312.0 2.551210685174183e-05
2313.0 2.5512106704468556e-05
2314.0 2.5512106557517512e-05
2315.0 2.551210641088785e-05
2316.0 2.5512106264578722e-05
2317.0 2.5512106118589294e-05
2318.0 2.5512105972918736e-05
2319.0 2.551210582756621e-05
2320.0 2.5512105682530878e-05
2321.0 2.551210553781192e-05
2322.0 2.551210539340851e-05
2323.0 2.551210524931982e-05
2324.0 2.5512105105545035e-05
2325.0 2.5512104962083332e-05
2326.0 2.5512104818933897e-05
2327.0 2.551210467609591e-05
2328.0 2.5512104533568568e-05
2329.0 2.5512104391351062e-05
2330.0 2.551210424944258e-05
2331.0 2.5512104107842324e-05
2332.0 2.5512103966549493e-05
2333.0 2.551210382556328e-05
2334.0 2.55121036848829e-05
2335.0 2.5512103544507548e-05
2336.0 2.5512103404436444e-05
2337.0 2.551210326466879e-05
2338.0 2.55121031252038e-05
2339.0 2.551210298604069e-05
2340.0 2.5512102847178686e-05
2341.0 2.5512102708616998e-05
2342.0 2.5512102570354847e-05
2343.0 2.551210243239147e-05
2344.0 2.5512102294726084e-05
2345.0 2.5512102157357923e-05
2346.0 2.5512102020286217e-05
2347.0 2.5512101883510203e-05
2348.0 2.5512101747029116e-05
2349.0 2.5512101610842193e-05
2350.0 2.5512101474948675e-05
2351.0 2.5512101339347815e-05
2352.0 2.551210120403884e-05
2353.0 2.551210106902102e-05
2354.0 2.5512100934293586e-05
2355.0 2.5512100799855803e-05
2356.0 2.5512100665706916e-05
2357.0 2.551210053184619e-05
2358.0 2.5512100398272882e-05
2359.0 2.5512100264986254e-05
2360.0 2.5512100131985564e-05
2361.0 2.5512099999270087e-05
2362.0 2.5512099866839085e-05
2363.0 2.5512099734691828e-05
2364.0 2.551209960282759e-05
2365.0 2.551209947124564e-05
2366.0 2.551209933994527e-05
2367.0 2.551209920892574e-05
2368.0 2.5512099078186345e-05
2369.0 2.5512098947726358e-05
2370.0 2.551209881754507e-05
2371.0 2.551209868764177e-05
2372.0 2.5512098558015748e-05
2373.0 2.5512098428666285e-05
2374.0 2.5512098299592688e-05
2375.0 2.5512098170794247e-05
2376.0 2.5512098042270258e-05
2377.0 2.5512097914020024e-05
2378.0 2.5512097786042846e-05
2379.0 2.551209765833803e-05
2380.0 2.551209753090488e-05
2381.0 2.55120974037427e-05
2382.0 2.5512097276850816e-05
2383.0 2.551209715022852e-05
2384.0 2.5512097023875143e-05
2385.0 2.551209689778999e-05
2386.0 2.551209677197239e-05
2387.0 2.551209664642165e-05
2388.0 2.5512096521137104e-05
2389.0 2.5512096396118073e-05
2390.0 2.5512096271363883e-05
2391.0 2.551209614687386e-05
2392.0 2.5512096022647342e-05
2393.0 2.5512095898683653e-05
2394.0 2.551209577498213e-05
2395.0 2.5512095651542116e-05
2396.0 2.5512095528362943e-05
2397.0 2.5512095405443947e-05
2398.0 2.551209528278448e-05
2399.0 2.551209516038388e-05
2400.0 2.551209503824149e-05
2401.0 2.5512094916356668e-05
2402.0 2.5512094794728757e-05
2403.0 2.551209467335711e-05
2404.0 2.5512094552241083e-05
2405.0 2.5512094431380032e-05
2406.0 2.5512094310773308e-05
2407.0 2.5512094190420277e-05
2408.0 2.55120940703203e-05
2409.0 2.5512093950472733e-05
2410.0 2.551209383087695e-05
2411.0 2.5512093711532314e-05
2412.0 2.5512093592438194e-05
2413.0 2.5512093473593956e-05
2414.0 2.551209335499898e-05
2415.0 2.551209323665264e-05
2416.0 2.5512093118554306e-05
2417.0 2.5512093000703363e-05
2418.0 2.5512092883099184e-05
2419.0 2.5512092765741153e-05
2420.0 2.551209264862866e-05
2421.0 2.551209253176108e-05
2422.0 2.55120924151378e-05
2423.0 2.551209229875822e-05
2424.0 2.5512092182621724e-05
2425.0 2.55120920667277e-05
2426.0 2.5512091951075547e-05
2427.0 2.551209183566466e-05
2428.0 2.5512091720494432e-05
2429.0 2.5512091605564272e-05
2430.0 2.551209149087357e-05
2431.0 2.5512091376421738e-05
2432.0 2.5512091262208178e-05
2433.0 2.55120911482323e-05
2434.0 2.55120910344935e-05
2435.0 2.5512090920991197e-05
2436.0 2.55120908077248e-05
2437.0 2.5512090694693725e-05
2438.0 2.551209058189738e-05
2439.0 2.551209046933519e-05
2440.0 2.551209035700657e-05
2441.0 2.551209024491094e-05
2442.0 2.5512090133047716e-05
2443.0 2.5512090021416325e-05
2444.0 2.55120899100162e-05
2445.0 2.5512089798846757e-05
2446.0 2.5512089687907426e-05
2447.0 2.551208957719764e-05
2448.0 2.551208946671683e-05
2449.0 2.551208935646443e-05
2450.0 2.551208924643987e-05
2451.0 2.5512089136642592e-05
2452.0 2.551208902707203e-05
2453.0 2.5512088917727628e-05
2454.0 2.5512088808608822e-05
2455.0 2.551208869971506e-05
2456.0 2.5512088591045784e-05
2457.0 2.5512088482600433e-05
2458.0 2.551208837437847e-05
2459.0 2.5512088266379332e-05
2460.0 2.551208815860248e-05
2461.0 2.5512088051047355e-05
2462.0 2.5512087943713417e-05
2463.0 2.5512087836600124e-05
2464.0 2.5512087729706928e-05
2465.0 2.551208762303329e-05
2466.0 2.5512087516578673e-05
2467.0 2.5512087410342533e-05
2468.0 2.5512087304324335e-05
2469.0 2.5512087198523544e-05
2470.0 2.551208709293963e-05
2471.0 2.551208698757206e-05
2472.0 2.5512086882420297e-05
2473.0 2.551208677748382e-05
2474.0 2.5512086672762096e-05
2475.0 2.5512086568254605e-05
2476.0 2.5512086463960814e-05
2477.0 2.551208635988021e-05
2478.0 2.551208625601226e-05
2479.0 2.5512086152356458e-05
2480.0 2.5512086048912267e-05
2481.0 2.551208594567919e-05
2482.0 2.5512085842656692e-05
2483.0 2.5512085739844277e-05
2484.0 2.5512085637241417e-05
2485.0 2.551208553484761e-05
2486.0 2.5512085432662344e-05
2487.0 2.5512085330685113e-05
2488.0 2.5512085228915402e-05
2489.0 2.5512085127352713e-05
2490.0 2.551208502599654e-05
2491.0 2.551208492484638e-05
2492.0 2.5512084823901733e-05
2493.0 2.5512084723162096e-05
2494.0 2.5512084622626976e-05
2495.0 2.5512084522295872e-05
2496.0 2.551208442216829e-05
2497.0 2.5512084322243736e-05
2498.0 2.5512084222521714e-05
2499.0 2.5512084123001736e-05
2500.0 2.551208402368331e-05
2501.0 2.5512083924565955e-05
2502.0 2.551208382564917e-05
2503.0 2.5512083726932477e-05
2504.0 2.5512083628415396e-05
2505.0 2.5512083530097436e-05
2506.0 2.551208343197812e-05
2507.0 2.5512083334056966e-05
2508.0 2.551208323633349e-05
2509.0 2.551208313880723e-05
2510.0 2.5512083041477692e-05
2511.0 2.5512082944344405e-05
2512.0 2.5512082847406906e-05
2513.0 2.551208275066471e-05
2514.0 2.5512082654117355e-05
2515.0 2.5512082557764362e-05
2516.0 2.5512082461605272e-05
2517.0 2.5512082365639614e-05
2518.0 2.551208226986692e-05
2519.0 2.5512082174286733e-05
2520.0 2.5512082078898578e-05
2521.0 2.5512081983702005e-05
2522.0 2.5512081888696547e-05
2523.0 2.5512081793881746e-05
2524.0 2.5512081699257147e-05
2525.0 2.5512081604822288e-05
2526.0 2.5512081510576716e-05
2527.0 2.551208141651998e-05
2528.0 2.5512081322651618e-05
2529.0 2.551208122897119e-05
2530.0 2.551208113547824e-05
2531.0 2.5512081042172318e-05
2532.0 2.5512080949052978e-05
2533.0 2.5512080856119772e-05
2534.0 2.5512080763372253e-05
2535.0 2.5512080670809983e-05
2536.0 2.5512080578432516e-05
2537.0 2.551208048623941e-05
2538.0 2.5512080394230223e-05
2539.0 2.5512080302404523e-05
2540.0 2.551208021076186e-05
2541.0 2.5512080119301803e-05
2542.0 2.551208002802392e-05
2543.0 2.5512079936927773e-05
2544.0 2.551207984601293e-05
2545.0 2.5512079755278962e-05
2546.0 2.5512079664725435e-05
2547.0 2.5512079574351915e-05
2548.0 2.5512079484157983e-05
2549.0 2.5512079394143202e-05
2550.0 2.5512079304307156e-05
2551.0 2.551207921464942e-05
2552.0 2.5512079125169557e-05
2553.0 2.5512079035867158e-05
2554.0 2.5512078946741796e-05
2555.0 2.5512078857793057e-05
2556.0 2.5512078769020514e-05
2557.0 2.5512078680423748e-05
2558.0 2.5512078592002354e-05
2559.0 2.5512078503755907e-05
2560.0 2.5512078415683993e-05
2561.0 2.5512078327786205e-05
2562.0 2.5512078240062123e-05
2563.0 2.5512078152511344e-05
2564.0 2.551207806513345e-05
2565.0 2.551207797792804e-05
2566.0 2.5512077890894705e-05
2567.0 2.551207780403303e-05
2568.0 2.5512077717342624e-05
2569.0 2.551207763082307e-05
2570.0 2.5512077544473974e-05
2571.0 2.5512077458294928e-05
2572.0 2.5512077372285535e-05
2573.0 2.5512077286445397e-05
2574.0 2.5512077200774103e-05
2575.0 2.551207711527127e-05
2576.0 2.55120770299365e-05
2577.0 2.551207694476939e-05
2578.0 2.5512076859769548e-05
2579.0 2.5512076774936586e-05
2580.0 2.5512076690270104e-05
2581.0 2.5512076605769714e-05
2582.0 2.551207652143503e-05
2583.0 2.5512076437265662e-05
2584.0 2.551207635326122e-05
2585.0 2.5512076269421316e-05
2586.0 2.551207618574556e-05
2587.0 2.5512076102233577e-05
2588.0 2.5512076018884983e-05
2589.0 2.551207593569939e-05
2590.0 2.551207585267642e-05
2591.0 2.5512075769815687e-05
2592.0 2.5512075687116817e-05
2593.0 2.551207560457943e-05
2594.0 2.5512075522203148e-05
2595.0 2.5512075439987593e-05
2596.0 2.5512075357932394e-05
2597.0 2.5512075276037173e-05
2598.0 2.5512075194301563e-05
2599.0 2.5512075112725182e-05
2600.0 2.5512075031307663e-05
2601.0 2.551207495004863e-05
2602.0 2.551207486894773e-05
2603.0 2.551207478800458e-05
2604.0 2.551207470721882e-05
2605.0 2.5512074626590076e-05
2606.0 2.5512074546117992e-05
2607.0 2.55120744658022e-05
2608.0 2.5512074385642332e-05
2609.0 2.551207430563803e-05
2610.0 2.5512074225788936e-05
2611.0 2.5512074146094682e-05
2612.0 2.5512074066554914e-05
2613.0 2.5512073987169272e-05
2614.0 2.55120739079374e-05
2615.0 2.551207382885894e-05
2616.0 2.5512073749933537e-05
2617.0 2.551207367116083e-05
2618.0 2.5512073592540477e-05
2619.0 2.5512073514072118e-05
2620.0 2.55120734357554e-05
2621.0 2.551207335758998e-05
2622.0 2.55120732795755e-05
2623.0 2.551207320171162e-05
2624.0 2.5512073123997982e-05
2625.0 2.5512073046434247e-05
2626.0 2.551207296902006e-05
2627.0 2.5512072891755083e-05
2628.0 2.5512072814638974e-05
2629.0 2.551207273767138e-05
2630.0 2.551207266085197e-05
2631.0 2.551207258418039e-05
2632.0 2.5512072507656315e-05
2633.0 2.551207243127939e-05
2634.0 2.5512072355049285e-05
2635.0 2.5512072278965662e-05
2636.0 2.5512072203028183e-05
2637.0 2.5512072127236508e-05
2638.0 2.5512072051590306e-05
2639.0 2.5512071976089245e-05
2640.0 2.5512071900732986e-05
2641.0 2.55120718255212e-05
2642.0 2.5512071750453553e-05
2643.0 2.551207167552972e-05
2644.0 2.5512071600749363e-05
2645.0 2.5512071526112164e-05
2646.0 2.551207145161778e-05
2647.0 2.55120713772659e-05
2648.0 2.5512071303056188e-05
2649.0 2.5512071228988317e-05
2650.0 2.551207115506197e-05
2651.0 2.551207108127682e-05
2652.0 2.5512071007632543e-05
2653.0 2.5512070934128816e-05
2654.0 2.551207086076532e-05
2655.0 2.5512070787541738e-05
2656.0 2.5512070714457746e-05
2657.0 2.5512070641513027e-05
2658.0 2.551207056870726e-05
2659.0 2.5512070496040133e-05
2660.0 2.5512070423511328e-05
2661.0 2.551207035112053e-05
2662.0 2.5512070278867428e-05
2663.0 2.55120702067517e-05
2664.0 2.5512070134773042e-05
2665.0 2.551207006293114e-05
2666.0 2.5512069991225678e-05
2667.0 2.551206991965635e-05
2668.0 2.551206984822285e-05
2669.0 2.5512069776924865e-05
2670.0 2.5512069705762083e-05
2671.0 2.551206963473421e-05
2672.0 2.5512069563840923e-05
2673.0 2.5512069493081932e-05
2674.0 2.5512069422456925e-05
2675.0 2.5512069351965603e-05
2676.0 2.551206928160765e-05
2677.0 2.5512069211382782e-05
2678.0 2.551206914129069e-05
2679.0 2.5512069071331068e-05
2680.0 2.5512069001503627e-05
2681.0 2.5512068931808055e-05
2682.0 2.5512068862244065e-05
2683.0 2.5512068792811358e-05
2684.0 2.5512068723509633e-05
2685.0 2.5512068654338598e-05
2686.0 2.5512068585297956e-05
2687.0 2.5512068516387414e-05
2688.0 2.5512068447606675e-05
2689.0 2.5512068378955454e-05
2690.0 2.551206831043345e-05
2691.0 2.5512068242040375e-05
2692.0 2.5512068173775943e-05
2693.0 2.5512068105639864e-05
2694.0 2.5512068037631843e-05
2695.0 2.5512067969751598e-05
2696.0 2.5512067901998835e-05
2697.0 2.5512067834373276e-05
2698.0 2.5512067766874624e-05
2699.0 2.5512067699502606e-05
2700.0 2.551206763225693e-05
2701.0 2.5512067565137315e-05
2702.0 2.551206749814348e-05
2703.0 2.5512067431275135e-05
2704.0 2.551206736453201e-05
2705.0 2.5512067297913816e-05
2706.0 2.5512067231420276e-05
2707.0 2.551206716505111e-05
2708.0 2.551206709880604e-05
2709.0 2.551206703268479e-05
2710.0 2.551206696668708e-05
2711.0 2.5512066900812634e-05
2712.0 2.551206683506118e-05
2713.0 2.5512066769432437e-05
2714.0 2.5512066703926134e-05
2715.0 2.5512066638542004e-05
2716.0 2.5512066573279766e-05
2717.0 2.5512066508139144e-05
2718.0 2.551206644311988e-05
2719.0 2.5512066378221695e-05
2720.0 2.5512066313444318e-05
2721.0 2.5512066248787484e-05
2722.0 2.5512066184250923e-05
2723.0 2.551206611983437e-05
2724.0 2.551206605553755e-05
2725.0 2.5512065991360203e-05
2726.0 2.5512065927302062e-05
2727.0 2.5512065863362865e-05
2728.0 2.5512065799542338e-05
2729.0 2.551206573584023e-05
2730.0 2.5512065672256267e-05
2731.0 2.5512065608790196e-05
2732.0 2.551206554544175e-05
2733.0 2.5512065482210666e-05
2734.0 2.551206541909669e-05
2735.0 2.551206535609956e-05
2736.0 2.551206529321901e-05
2737.0 2.5512065230454795e-05
2738.0 2.5512065167806646e-05
2739.0 2.551206510527431e-05
2740.0 2.5512065042857533e-05
2741.0 2.5512064980556057e-05
2742.0 2.5512064918369633e-05
2743.0 2.5512064856297994e-05
2744.0 2.55120647943409e-05
2745.0 2.5512064732498088e-05
2746.0 2.551206467076931e-05
2747.0 2.5512064609154312e-05
2748.0 2.5512064547652846e-05
2749.0 2.551206448626466e-05
2750.0 2.5512064424989505e-05
2751.0 2.551206436382713e-05
2752.0 2.551206430277729e-05
2753.0 2.5512064241839735e-05
2754.0 2.551206418101422e-05
2755.0 2.5512064120300492e-05
2756.0 2.5512064059698314e-05
2757.0 2.5512063999207435e-05
2758.0 2.551206393882761e-05
2759.0 2.5512063878558593e-05
2760.0 2.551206381840015e-05
2761.0 2.5512063758352028e-05
2762.0 2.551206369841399e-05
2763.0 2.5512063638585794e-05
2764.0 2.5512063578867203e-05
2765.0 2.5512063519257968e-05
2766.0 2.5512063459757854e-05
2767.0 2.5512063400366624e-05
2768.0 2.5512063341084035e-05
2769.0 2.5512063281909846e-05
2770.0 2.5512063222843833e-05
2771.0 2.551206316388575e-05
2772.0 2.5512063105035356e-05
2773.0 2.5512063046292425e-05
2774.0 2.551206298765672e-05
2775.0 2.5512062929128006e-05
2776.0 2.5512062870706043e-05
2777.0 2.5512062812390613e-05
2778.0 2.551206275418147e-05
2779.0 2.5512062696078383e-05
2780.0 2.5512062638081126e-05
2781.0 2.5512062580189466e-05
2782.0 2.5512062522403178e-05
2783.0 2.5512062464722023e-05
2784.0 2.551206240714578e-05
2785.0 2.5512062349674213e-05
2786.0 2.5512062292307098e-05
2787.0 2.551206223504421e-05
2788.0 2.5512062177885327e-05
2789.0 2.5512062120830207e-05
2790.0 2.551206206387864e-05
2791.0 2.5512062007030392e-05
2792.0 2.5512061950285246e-05
2793.0 2.5512061893642967e-05
2794.0 2.5512061837103345e-05
2795.0 2.551206178066615e-05
2796.0 2.5512061724331154e-05
2797.0 2.551206166809815e-05
2798.0 2.5512061611966907e-05
2799.0 2.551206155593721e-05
2800.0 2.551206150000883e-05
2801.0 2.551206144418156e-05
2802.0 2.551206138845517e-05
2803.0 2.551206133282945e-05
2804.0 2.551206127730418e-05
2805.0 2.551206122187914e-05
2806.0 2.5512061166554114e-05
2807.0 2.5512061111328887e-05
2808.0 2.5512061056203248e-05
2809.0 2.5512061001176975e-05
2810.0 2.5512060946249857e-05
2811.0 2.5512060891421678e-05
2812.0 2.5512060836692233e-05
2813.0 2.55120607820613e-05
2814.0 2.5512060727528663e-05
2815.0 2.551206067309412e-05
2816.0 2.551206061875746e-05
2817.0 2.5512060564518467e-05
2818.0 2.5512060510376927e-05
2819.0 2.5512060456332644e-05
2820.0 2.5512060402385397e-05
2821.0 2.5512060348534982e-05
2822.0 2.551206029478119e-05
2823.0 2.5512060241123815e-05
2824.0 2.551206018756265e-05
2825.0 2.5512060134097482e-05
2826.0 2.5512060080728115e-05
2827.0 2.551206002745434e-05
2828.0 2.5512059974275948e-05
2829.0 2.5512059921192735e-05
2830.0 2.5512059868204506e-05
2831.0 2.551205981531105e-05
2832.0 2.551205976251216e-05
2833.0 2.5512059709807644e-05
2834.0 2.5512059657197296e-05
2835.0 2.5512059604680907e-05
2836.0 2.5512059552258286e-05
2837.0 2.551205949992923e-05
2838.0 2.5512059447693542e-05
2839.0 2.5512059395551014e-05
2840.0 2.5512059343501456e-05
2841.0 2.5512059291544665e-05
2842.0 2.551205923968044e-05
2843.0 2.551205918790859e-05
2844.0 2.5512059136228916e-05
2845.0 2.5512059084641225e-05
2846.0 2.551205903314531e-05
2847.0 2.551205898174099e-05
2848.0 2.5512058930428055e-05
2849.0 2.5512058879206322e-05
2850.0 2.55120588280756e-05
2851.0 2.551205877703568e-05
2852.0 2.551205872608638e-05
2853.0 2.5512058675227504e-05
2854.0 2.5512058624458863e-05
2855.0 2.5512058573780262e-05
2856.0 2.551205852319151e-05
2857.0 2.551205847269242e-05
2858.0 2.5512058422282798e-05
2859.0 2.5512058371962458e-05
2860.0 2.5512058321731205e-05
2861.0 2.5512058271588857e-05
2862.0 2.5512058221535217e-05
2863.0 2.551205817157011e-05
2864.0 2.5512058121693336e-05
2865.0 2.5512058071904713e-05
2866.0 2.551205802220405e-05
2867.0 2.5512057972591174e-05
2868.0 2.551205792306589e-05
2869.0 2.5512057873628008e-05
2870.0 2.5512057824277355e-05
2871.0 2.551205777501374e-05
2872.0 2.5512057725836978e-05
2873.0 2.551205767674689e-05
2874.0 2.5512057627743285e-05
2875.0 2.5512057578825994e-05
2876.0 2.5512057529994825e-05
2877.0 2.55120574812496e-05
2878.0 2.5512057432590136e-05
2879.0 2.5512057384016256e-05
2880.0 2.5512057335527774e-05
2881.0 2.5512057287124516e-05
2882.0 2.55120572388063e-05
2883.0 2.551205719057295e-05
2884.0 2.551205714242428e-05
2885.0 2.551205709436012e-05
2886.0 2.551205704638029e-05
2887.0 2.5512056998484612e-05
2888.0 2.5512056950672906e-05
2889.0 2.5512056902945005e-05
2890.0 2.551205685530073e-05
2891.0 2.5512056807739897e-05
2892.0 2.551205676026234e-05
2893.0 2.5512056712867884e-05
2894.0 2.551205666555635e-05
2895.0 2.551205661832757e-05
2896.0 2.5512056571181363e-05
2897.0 2.5512056524117566e-05
2898.0 2.5512056477136e-05
2899.0 2.5512056430236493e-05
2900.0 2.5512056383418878e-05
2901.0 2.551205633668298e-05
2902.0 2.551205629002863e-05
2903.0 2.5512056243455655e-05
2904.0 2.551205619696389e-05
2905.0 2.551205615055316e-05
2906.0 2.5512056104223303e-05
2907.0 2.551205605797414e-05
2908.0 2.551205601180551e-05
2909.0 2.5512055965717245e-05
2910.0 2.5512055919709177e-05
2911.0 2.551205587378114e-05
2912.0 2.5512055827932964e-05
2913.0 2.5512055782164484e-05
2914.0 2.5512055736475533e-05
2915.0 2.5512055690865946e-05
2916.0 2.5512055645335564e-05
2917.0 2.5512055599884216e-05
2918.0 2.5512055554511735e-05
2919.0 2.551205550921797e-05
2920.0 2.5512055464002744e-05
2921.0 2.5512055418865896e-05
2922.0 2.551205537380727e-05
2923.0 2.55120553288267e-05
2924.0 2.5512055283924027e-05
2925.0 2.5512055239099084e-05
2926.0 2.5512055194351713e-05
2927.0 2.5512055149681753e-05
2928.0 2.5512055105089043e-05
2929.0 2.5512055060573423e-05
2930.0 2.5512055016134737e-05
2931.0 2.5512054971772826e-05
2932.0 2.551205492748752e-05
2933.0 2.5512054883278673e-05
2934.0 2.551205483914613e-05
2935.0 2.551205479508972e-05
2936.0 2.5512054751109292e-05
2937.0 2.5512054707204687e-05
2938.0 2.5512054663375757e-05
2939.0 2.5512054619622334e-05
2940.0 2.5512054575944274e-05
2941.0 2.5512054532341413e-05
2942.0 2.55120544888136e-05
2943.0 2.5512054445360674e-05
2944.0 2.551205440198249e-05
2945.0 2.551205435867889e-05
2946.0 2.551205431544972e-05
2947.0 2.5512054272294828e-05
2948.0 2.5512054229214058e-05
2949.0 2.5512054186207264e-05
2950.0 2.5512054143274288e-05
2951.0 2.5512054100414983e-05
2952.0 2.5512054057629194e-05
2953.0 2.5512054014916772e-05
2954.0 2.5512053972277564e-05
2955.0 2.551205392971142e-05
2956.0 2.5512053887218197e-05
2957.0 2.5512053844797733e-05
2958.0 2.551205380244989e-05
2959.0 2.5512053760174517e-05
2960.0 2.551205371797146e-05
2961.0 2.551205367584058e-05
2962.0 2.5512053633781717e-05
2963.0 2.551205359179473e-05
2964.0 2.551205354987948e-05
2965.0 2.5512053508035807e-05
2966.0 2.5512053466263578e-05
2967.0 2.551205342456263e-05
2968.0 2.5512053382932832e-05
2969.0 2.551205334137403e-05
2970.0 2.551205329988609e-05
2971.0 2.551205325846885e-05
2972.0 2.5512053217122185e-05
2973.0 2.5512053175845938e-05
2974.0 2.5512053134639967e-05
2975.0 2.551205309350413e-05
2976.0 2.551205305243829e-05
2977.0 2.55120530114423e-05
2978.0 2.5512052970516014e-05
2979.0 2.5512052929659298e-05
2980.0 2.5512052888872e-05
2981.0 2.551205284815399e-05
2982.0 2.551205280750512e-05
2983.0 2.5512052766925248e-05
2984.0 2.551205272641424e-05
2985.0 2.5512052685971954e-05
2986.0 2.551205264559825e-05
2987.0 2.5512052605292988e-05
2988.0 2.551205256505603e-05
2989.0 2.5512052524887237e-05
2990.0 2.551205248478647e-05
2991.0 2.5512052444753593e-05
2992.0 2.5512052404788468e-05
2993.0 2.5512052364890956e-05
2994.0 2.5512052325060926e-05
2995.0 2.551205228529823e-05
2996.0 2.551205224560274e-05
2997.0 2.5512052205974318e-05
2998.0 2.551205216641283e-05
2999.0 2.551205212691814e-05
3000.0 2.5512052087490112e-05
3001.0 2.5512052048128613e-05
3002.0 2.5512052008833508e-05
3003.0 2.5512051969604658e-05
3004.0 2.5512051930441937e-05
3005.0 2.551205189134521e-05
3006.0 2.551205185231434e-05
3007.0 2.5512051813349197e-05
3008.0 2.5512051774449646e-05
3009.0 2.5512051735615557e-05
3010.0 2.5512051696846794e-05
3011.0 2.5512051658143236e-05
3012.0 2.551205161950474e-05
3013.0 2.551205158093119e-05
3014.0 2.5512051542422432e-05
3015.0 2.5512051503978358e-05
3016.0 2.5512051465598827e-05
3017.0 2.5512051427283712e-05
3018.0 2.551205138903288e-05
3019.0 2.5512051350846205e-05
3020.0 2.5512051312723563e-05
3021.0 2.5512051274664814e-05
3022.0 2.551205123666984e-05
3023.0 2.551205119873851e-05
3024.0 2.551205116087069e-05
3025.0 2.551205112306627e-05
3026.0 2.55120510853251e-05
3027.0 2.5512051047647072e-05
3028.0 2.551205101003205e-05
3029.0 2.5512050972479908e-05
3030.0 2.5512050934990525e-05
3031.0 2.5512050897563774e-05
3032.0 2.5512050860199528e-05
3033.0 2.5512050822897664e-05
3034.0 2.5512050785658054e-05
3035.0 2.5512050748480575e-05
3036.0 2.5512050711365106e-05
3037.0 2.5512050674311517e-05
3038.0 2.5512050637319688e-05
3039.0 2.55120506003895e-05
3040.0 2.5512050563520824e-05
3041.0 2.5512050526713543e-05
3042.0 2.5512050489967525e-05
3043.0 2.5512050453282657e-05
3044.0 2.5512050416658816e-05
3045.0 2.5512050380095877e-05
3046.0 2.551205034359372e-05
3047.0 2.5512050307152228e-05
3048.0 2.551205027077127e-05
3049.0 2.551205023445074e-05
3050.0 2.5512050198190506e-05
3051.0 2.5512050161990456e-05
3052.0 2.551205012585046e-05
3053.0 2.551205008977041e-05
3054.0 2.5512050053750182e-05
3055.0 2.5512050017789663e-05
3056.0 2.5512049981888724e-05
3057.0 2.5512049946047253e-05
3058.0 2.5512049910265132e-05
3059.0 2.5512049874542246e-05
3060.0 2.551204983887847e-05
3061.0 2.551204980327369e-05
3062.0 2.5512049767727797e-05
3063.0 2.5512049732240663e-05
3064.0 2.5512049696812176e-05
3065.0 2.5512049661442224e-05
3066.0 2.5512049626130688e-05
3067.0 2.551204959087745e-05
3068.0 2.55120495556824e-05
3069.0 2.5512049520545415e-05
3070.0 2.551204948546639e-05
3071.0 2.5512049450445203e-05
3072.0 2.551204941548175e-05
3073.0 2.55120493805759e-05
3074.0 2.5512049345727556e-05
3075.0 2.5512049310936596e-05
3076.0 2.551204927620291e-05
3077.0 2.5512049241526383e-05
3078.0 2.5512049206906906e-05
3079.0 2.551204917234436e-05
3080.0 2.551204913783864e-05
3081.0 2.5512049103389634e-05
3082.0 2.5512049068997223e-05
3083.0 2.55120490346613e-05
3084.0 2.5512049000381757e-05
3085.0 2.551204896615848e-05
3086.0 2.551204893199136e-05
3087.0 2.551204889788028e-05
3088.0 2.5512048863825142e-05
3089.0 2.5512048829825826e-05
3090.0 2.551204879588223e-05
3091.0 2.551204876199424e-05
3092.0 2.5512048728161743e-05
3093.0 2.551204869438464e-05
3094.0 2.551204866066282e-05
3095.0 2.5512048626996166e-05
3096.0 2.5512048593384578e-05
3097.0 2.551204855982795e-05
3098.0 2.5512048526326165e-05
3099.0 2.5512048492879128e-05
3100.0 2.5512048459486724e-05
