2.0 2.264651082164101e-07
3.0 3.0250901560737424e-07
4.0 3.719242134286764e-07
5.0 4.349056289132398e-07
6.0 4.917816267090714e-07
7.0 5.430919409843368e-07
8.0 5.890557908350162e-07
9.0 6.302665382102754e-07
10.0 6.670795128390288e-07
11.0 7.001781265440006e-07
12.0 7.289167874940647e-07
13.0 7.545791104457548e-07
14.0 7.770943188379184e-07
15.0 7.964841984951665e-07
16.0 8.133885505373548e-07
17.0 8.275477864856399e-07
18.0 8.389976168205057e-07
19.0 8.483161259538086e-07
20.0 8.559062559891888e-07
21.0 8.610535114266133e-07
22.0 8.645797075623231e-07
23.0 8.665447390094946e-07
24.0 8.660974431656803e-07
25.0 8.650794096884548e-07
26.0 8.61994722750524e-07
27.0 8.585848027378871e-07
28.0 8.533489620758912e-07
29.0 8.47949473944703e-07
30.0 8.407461152088493e-07
31.0 8.335427564729957e-07
32.0 8.251667337317009e-07
33.0 8.16593234351732e-07
34.0 8.076848550659468e-07
35.0 7.983785946815668e-07
36.0 7.890723342971866e-07
37.0 7.793735454737612e-07
38.0 7.696178490453166e-07
39.0 7.598383627755956e-07
40.0 7.49820507837423e-07
41.0 7.398026528992505e-07
42.0 7.298080903683913e-07
43.0 7.200386052537541e-07
44.0 7.10269120139117e-07
45.0 7.004996350244799e-07
46.0 6.911645211558171e-07
47.0 6.818966330017921e-07
48.0 6.726287448477675e-07
49.0 6.635320300773063e-07
50.0 6.547035526093567e-07
51.0 6.458750751414073e-07
52.0 6.370465976734579e-07
53.0 6.285748270993565e-07
54.0 6.202990768533771e-07
55.0 6.120233266073981e-07
56.0 6.037475763614186e-07
57.0 5.95881203049082e-07
58.0 5.882735297975264e-07
59.0 5.806658565459708e-07
60.0 5.730581832944154e-07
61.0 5.656034451165552e-07
62.0 5.585630969172852e-07
63.0 5.515227487180153e-07
64.0 5.444824005187454e-07
65.0 5.374420523194752e-07
66.0 5.30715206905019e-07
67.0 5.242045648013235e-07
68.0 5.176939226976284e-07
69.0 5.11183280593933e-07
70.0 5.046726384902376e-07
71.0 4.985003469557037e-07
72.0 4.926006511736768e-07
73.0 4.867009553916499e-07
74.0 4.80801259609623e-07
75.0 4.74901563827596e-07
76.0 4.690664457621178e-07
77.0 4.636723164389572e-07
78.0 4.5827818711579664e-07
79.0 4.52884057792636e-07
80.0 4.4748992846947537e-07
81.0 4.4209579914631486e-07
82.0 4.3683029605733083e-07
83.0 4.3188953598098125e-07
84.0 4.2694877590463177e-07
85.0 4.2200801582828224e-07
86.0 4.1706725575193276e-07
87.0 4.121264956755832e-07
88.0 4.071857355992337e-07
89.0 4.027524930300611e-07
90.0 3.983246060617856e-07
91.0 3.9389671909351e-07
92.0 3.8946883212523446e-07
93.0 3.85040945156959e-07
94.0 3.806130581886834e-07
95.0 3.762814091153253e-07
96.0 3.7231049327471726e-07
97.0 3.6833957743410934e-07
98.0 3.643686615935013e-07
99.0 3.6039774575289333e-07
100.0 3.564268299122853e-07
101.0 3.524559140716773e-07
102.0 3.4848499823106935e-07
103.0 3.448525093204761e-07
104.0 3.4125369742670844e-07
105.0 3.3765488553294074e-07
106.0 3.340560736391731e-07
107.0 3.3045726174540543e-07
108.0 3.2685844985163767e-07
109.0 3.2325963795787007e-07
110.0 3.196806679840101e-07
111.0 3.165129383890871e-07
112.0 3.133452087941641e-07
113.0 3.101774791992411e-07
114.0 3.07009749604318e-07
115.0 3.0384202000939505e-07
116.0 3.0067429041447207e-07
117.0 2.9750656081954904e-07
118.0 2.94338831224626e-07
119.0 2.9138923269578763e-07
120.0 2.885996244202136e-07
121.0 2.8581001614463955e-07
122.0 2.830204078690655e-07
123.0 2.802307995934914e-07
124.0 2.7744119131791747e-07
125.0 2.7465158304234335e-07
126.0 2.7186197476676934e-07
127.0 2.690723664911954e-07
128.0 2.6642144518970846e-07
129.0 2.639363740033633e-07
130.0 2.61451302817018e-07
131.0 2.5896623163067276e-07
132.0 2.564811604443275e-07
133.0 2.539960892579823e-07
134.0 2.51511018071637e-07
135.0 2.490259468852918e-07
136.0 2.4654087569894653e-07
137.0 2.4405580451260126e-07
138.0 2.4177911684982737e-07
139.0 2.3962410751909455e-07
140.0 2.3746909818836184e-07
141.0 2.3531408885762913e-07
142.0 2.3315907952689637e-07
143.0 2.3100407019616358e-07
144.0 2.2884906086543084e-07
145.0 2.2669405153469813e-07
146.0 2.2453904220396534e-07
147.0 2.2238403287323257e-07
148.0 2.2024421524579984e-07
149.0 2.1838944636058347e-07
150.0 2.165346774753671e-07
151.0 2.1467990859015083e-07
152.0 2.128251397049344e-07
153.0 2.1097037081971807e-07
154.0 2.091156019345017e-07
155.0 2.0726083304928535e-07
156.0 2.0540606416406904e-07
157.0 2.0355129527885267e-07
158.0 2.016965263936363e-07
159.0 1.9984175750842003e-07
160.0 1.9813846275186007e-07
161.0 1.9651499677233168e-07
162.0 1.948915307928033e-07
163.0 1.9326806481327493e-07
164.0 1.916445988337466e-07
165.0 1.9002113285421823e-07
166.0 1.883976668746899e-07
167.0 1.8677420089516145e-07
168.0 1.8515073491563314e-07
169.0 1.835272689361047e-07
170.0 1.8190380295657634e-07
171.0 1.80280336977048e-07
172.0 1.7874594523377738e-07
173.0 1.773560255197069e-07
174.0 1.7596610580563642e-07
175.0 1.745761860915659e-07
176.0 1.7318626637749539e-07
177.0 1.7179634666342487e-07
178.0 1.7040642694935435e-07
179.0 1.6901650723528383e-07
180.0 1.6762658752121337e-07
181.0 1.6623666780714282e-07
182.0 1.648467480930723e-07
183.0 1.6345682837900179e-07
184.0 1.620669086649313e-07
185.0 1.6071214877417758e-07
186.0 1.595385094123353e-07
187.0 1.5836487005049289e-07
188.0 1.5719123068865055e-07
189.0 1.5601759132680817e-07
190.0 1.5484395196496584e-07
191.0 1.536703126031235e-07
192.0 1.524966732412811e-07
193.0 1.5132303387943876e-07
194.0 1.5014939451759645e-07
195.0 1.4897575515575407e-07
196.0 1.4780211579391168e-07
197.0 1.4662847643206935e-07
198.0 1.4545483707022696e-07
199.0 1.4428119770838466e-07
200.0 1.4326021556712012e-07
201.0 1.422515112582794e-07
202.0 1.4124280694943862e-07
203.0 1.4023410264059787e-07
204.0 1.3922539833175712e-07
205.0 1.3821669402291632e-07
206.0 1.3720798971407554e-07
207.0 1.3619928540523487e-07
208.0 1.351905810963941e-07
209.0 1.3418187678755332e-07
210.0 1.3317317247871257e-07
211.0 1.321644681698718e-07
212.0 1.3115576386103104e-07
213.0 1.301470595521903e-07
214.0 1.2913835524334951e-07
215.0 1.282223812965095e-07
216.0 1.2737032794600512e-07
217.0 1.265182745955007e-07
218.0 1.2566622124499625e-07
219.0 1.248141678944919e-07
220.0 1.2396211454398748e-07
221.0 1.231100611934831e-07
222.0 1.2225800784297868e-07
223.0 1.2140595449247429e-07
224.0 1.205539011419699e-07
225.0 1.1970184779146544e-07
226.0 1.1884979444096108e-07
227.0 1.1799774109045667e-07
228.0 1.1714568773995227e-07
229.0 1.1629363438944787e-07
230.0 1.1544158103894346e-07
231.0 1.1460054233288147e-07
232.0 1.13891003011069e-07
233.0 1.1318146368925661e-07
234.0 1.1247192436744415e-07
235.0 1.1176238504563172e-07
236.0 1.1105284572381926e-07
237.0 1.1034330640200682e-07
238.0 1.0963376708019438e-07
239.0 1.0892422775838193e-07
240.0 1.0821468843656948e-07
241.0 1.0750514911475706e-07
242.0 1.0679560979294458e-07
243.0 1.0608607047113216e-07
244.0 1.0537653114931972e-07
245.0 1.0466699182750726e-07
246.0 1.0395745250569481e-07
247.0 1.0324791318388237e-07
248.0 1.0253837386206994e-07
249.0 1.0186137376698781e-07
250.0 1.0126381185073008e-07
251.0 1.0066624993447233e-07
252.0 1.0006868801821456e-07
253.0 9.947112610195681e-08
254.0 9.887356418569904e-08
255.0 9.82760022694413e-08
256.0 9.767844035318355e-08
257.0 9.708087843692577e-08
258.0 9.6483316520668e-08
259.0 9.588575460441026e-08
260.0 9.528819268815251e-08
261.0 9.469063077189476e-08
262.0 9.409306885563699e-08
263.0 9.349550693937923e-08
264.0 9.28979450231215e-08
265.0 9.230038310686374e-08
266.0 9.170282119060598e-08
267.0 9.110525927434823e-08
268.0 9.052056087374095e-08
269.0 9.001908466431463e-08
270.0 8.95176084548883e-08
271.0 8.901613224546199e-08
272.0 8.851465603603569e-08
273.0 8.801317982660936e-08
274.0 8.751170361718306e-08
275.0 8.701022740775675e-08
276.0 8.650875119833042e-08
277.0 8.600727498890408e-08
278.0 8.550579877947777e-08
279.0 8.500432257005148e-08
280.0 8.450284636062516e-08
281.0 8.400137015119883e-08
282.0 8.349989394177252e-08
283.0 8.299841773234623e-08
284.0 8.249694152291989e-08
285.0 8.19954653134936e-08
286.0 8.149398910406725e-08
287.0 8.099251289464094e-08
288.0 8.049103668521465e-08
289.0 8.003533948516685e-08
290.0 7.962512419545521e-08
291.0 7.921490890574359e-08
292.0 7.880469361603194e-08
293.0 7.839447832632032e-08
294.0 7.798426303660872e-08
295.0 7.757404774689706e-08
296.0 7.716383245718544e-08
297.0 7.67536171674738e-08
298.0 7.634340187776217e-08
299.0 7.593318658805053e-08
300.0 7.55229712983389e-08
301.0 7.511275600862726e-08
302.0 7.470254071891564e-08
303.0 7.4292325429204e-08
304.0 7.388211013949238e-08
305.0 7.347189484978073e-08
306.0 7.306167956006911e-08
307.0 7.265146427035747e-08
308.0 7.224124898064583e-08
309.0 7.18310336909342e-08
310.0 7.142081840122257e-08
311.0 7.103002685982306e-08
312.0 7.068913456279699e-08
313.0 7.034824226577093e-08
314.0 7.000734996874485e-08
315.0 6.966645767171875e-08
316.0 6.932556537469269e-08
317.0 6.898467307766659e-08
318.0 6.864378078064052e-08
319.0 6.830288848361447e-08
320.0 6.796199618658838e-08
321.0 6.762110388956228e-08
322.0 6.728021159253622e-08
323.0 6.693931929551014e-08
324.0 6.659842699848406e-08
325.0 6.625753470145797e-08
326.0 6.591664240443191e-08
327.0 6.557575010740581e-08
328.0 6.523485781037974e-08
329.0 6.489396551335365e-08
330.0 6.455307321632758e-08
331.0 6.42121809193015e-08
332.0 6.387128862227543e-08
333.0 6.353039632524934e-08
334.0 6.318950402822326e-08
335.0 6.286849821784933e-08
336.0 6.258488896442862e-08
337.0 6.230127971100793e-08
338.0 6.201767045758722e-08
339.0 6.173406120416652e-08
340.0 6.145045195074582e-08
341.0 6.116684269732513e-08
342.0 6.088323344390441e-08
343.0 6.059962419048373e-08
344.0 6.031601493706303e-08
345.0 6.003240568364233e-08
346.0 5.974879643022163e-08
347.0 5.9465187176800936e-08
348.0 5.9181577923380236e-08
349.0 5.889796866995954e-08
350.0 5.8614359416538844e-08
351.0 5.833075016311814e-08
352.0 5.8047140909697446e-08
353.0 5.7763531656276746e-08
354.0 5.7479922402856054e-08
355.0 5.7196313149435335e-08
356.0 5.691270389601465e-08
357.0 5.662909464259394e-08
358.0 5.6345485389173256e-08
359.0 5.606187613575256e-08
360.0 5.577826688233186e-08
361.0 5.552490327095275e-08
362.0 5.529429122337048e-08
363.0 5.506367917578823e-08
364.0 5.483306712820595e-08
365.0 5.460245508062368e-08
366.0 5.437184303304142e-08
367.0 5.4141230985459157e-08
368.0 5.391061893787689e-08
369.0 5.368000689029461e-08
370.0 5.344939484271235e-08
371.0 5.321878279513007e-08
372.0 5.2988170747547815e-08
373.0 5.275755869996554e-08
374.0 5.252694665238328e-08
375.0 5.229633460480101e-08
376.0 5.2065722557218734e-08
377.0 5.1835110509636467e-08
378.0 5.16044984620542e-08
379.0 5.1373886414471926e-08
380.0 5.114327436688967e-08
381.0 5.09126623193074e-08
382.0 5.0682050271725145e-08
383.0 5.045143822414286e-08
384.0 5.02208261765606e-08
385.0 4.9990214128978324e-08
386.0 4.9759602081396064e-08
387.0 4.9528990033813797e-08
388.0 4.9298377986231516e-08
389.0 4.9102007239142856e-08
390.0 4.891372980962529e-08
391.0 4.8725452380107716e-08
392.0 4.853717495059015e-08
393.0 4.834889752107256e-08
394.0 4.8160620091555e-08
395.0 4.7972342662037415e-08
396.0 4.7784065232519845e-08
397.0 4.7595787803002275e-08
398.0 4.7407510373484705e-08
399.0 4.721923294396713e-08
400.0 4.703095551444956e-08
401.0 4.6842678084931995e-08
402.0 4.665440065541442e-08
403.0 4.646612322589685e-08
404.0 4.6277845796379265e-08
405.0 4.6089568366861695e-08
406.0 4.590129093734411e-08
407.0 4.571301350782655e-08
408.0 4.552473607830897e-08
409.0 4.53364586487914e-08
410.0 4.514818121927382e-08
411.0 4.4959903789756254e-08
412.0 4.4771626360238664e-08
413.0 4.458334893072109e-08
414.0 4.439507150120352e-08
415.0 4.4206794071685954e-08
416.0 4.401851664216838e-08
417.0 4.383023921265081e-08
418.0 4.364196178313324e-08
419.0 4.3483469470540573e-08
420.0 4.332797324466612e-08
421.0 4.3172477018791645e-08
422.0 4.30169807929172e-08
423.0 4.286148456704273e-08
424.0 4.2705988341168276e-08
425.0 4.2550492115293815e-08
426.0 4.239499588941937e-08
427.0 4.223949966354489e-08
428.0 4.208400343767044e-08
429.0 4.192850721179597e-08
430.0 4.177301098592152e-08
431.0 4.1617514760047064e-08
432.0 4.14620185341726e-08
433.0 4.1306522308298136e-08
434.0 4.115102608242368e-08
435.0 4.099552985654922e-08
436.0 4.084003363067476e-08
437.0 4.06845374048003e-08
438.0 4.0529041178925845e-08
439.0 4.0373544953051384e-08
440.0 4.021804872717692e-08
441.0 4.006255250130246e-08
442.0 3.990705627542801e-08
443.0 3.975156004955355e-08
444.0 3.959606382367909e-08
445.0 3.944056759780462e-08
446.0 3.928507137193016e-08
447.0 3.9129575146055705e-08
448.0 3.897407892018125e-08
449.0 3.881858269430679e-08
450.0 3.866308646843233e-08
451.0 3.852872157369637e-08
452.0 3.840318471246623e-08
453.0 3.82776478512361e-08
454.0 3.815211099000596e-08
455.0 3.8026574128775825e-08
456.0 3.790103726754569e-08
457.0 3.777550040631556e-08
458.0 3.764996354508542e-08
459.0 3.752442668385528e-08
460.0 3.739888982262514e-08
461.0 3.7273352961395007e-08
462.0 3.714781610016488e-08
463.0 3.702227923893474e-08
464.0 3.6896742377704604e-08
465.0 3.677120551647446e-08
466.0 3.664566865524433e-08
467.0 3.652013179401419e-08
468.0 3.639459493278407e-08
469.0 3.6269058071553926e-08
470.0 3.6143521210323785e-08
471.0 3.601798434909366e-08
472.0 3.589244748786352e-08
473.0 3.576691062663338e-08
474.0 3.564137376540324e-08
475.0 3.5515836904173114e-08
476.0 3.539030004294297e-08
477.0 3.526476318171285e-08
478.0 3.5139226320482705e-08
479.0 3.5013689459252564e-08
480.0 3.4888152598022436e-08
481.0 3.4762615736792295e-08
482.0 3.463707887556216e-08
483.0 3.451154201433203e-08
484.0 3.438600515310189e-08
485.0 3.426098997517894e-08
486.0 3.415957982028022e-08
487.0 3.4058169665381514e-08
488.0 3.3956759510482786e-08
489.0 3.385534935558408e-08
490.0 3.375393920068536e-08
491.0 3.365252904578665e-08
492.0 3.355111889088793e-08
493.0 3.3449708735989216e-08
494.0 3.33482985810905e-08
495.0 3.3246888426191785e-08
496.0 3.314547827129307e-08
497.0 3.304406811639436e-08
498.0 3.294265796149563e-08
499.0 3.284124780659692e-08
500.0 3.273983765169821e-08
501.0 3.2638427496799486e-08
502.0 3.253701734190078e-08
503.0 3.243560718700206e-08
504.0 3.2334197032103346e-08
505.0 3.2232786877204624e-08
506.0 3.213137672230591e-08
507.0 3.20299665674072e-08
508.0 3.192855641250848e-08
509.0 3.182714625760976e-08
510.0 3.1725736102711054e-08
511.0 3.162432594781234e-08
512.0 3.1522915792913617e-08
513.0 3.14215056380149e-08
514.0 3.1320095483116186e-08
515.0 3.121868532821748e-08
516.0 3.1117275173318755e-08
517.0 3.101586501842004e-08
518.0 3.0914454863521324e-08
519.0 3.0813044708622615e-08
520.0 3.07116345537239e-08
521.0 3.061022439882518e-08
522.0 3.050881424392647e-08
523.0 3.0419389812228785e-08
524.0 3.033596496104295e-08
525.0 3.0252540109857095e-08
526.0 3.0169115258671247e-08
527.0 3.00856904074854e-08
528.0 3.000226555629956e-08
529.0 2.991884070511371e-08
530.0 2.983541585392786e-08
531.0 2.975199100274202e-08
532.0 2.9668566151556167e-08
533.0 2.958514130037032e-08
534.0 2.9501716449184468e-08
535.0 2.9418291597998633e-08
536.0 2.9334866746812778e-08
537.0 2.9251441895626936e-08
538.0 2.9168017044441078e-08
539.0 2.908459219325524e-08
540.0 2.9001167342069385e-08
541.0 2.8917742490883543e-08
542.0 2.88343176396977e-08
543.0 2.8750892788511847e-08
544.0 2.8667467937326002e-08
545.0 2.8584043086140157e-08
546.0 2.8500618234954306e-08
547.0 2.8417193383768458e-08
548.0 2.8333768532582616e-08
549.0 2.8250343681396758e-08
550.0 2.8166918830210923e-08
551.0 2.808349397902506e-08
552.0 2.8000069127839223e-08
553.0 2.7916644276653365e-08
554.0 2.783321942546753e-08
555.0 2.7749794574281675e-08
556.0 2.7666369723095837e-08
557.0 2.7582944871909982e-08
558.0 2.7499520020724137e-08
559.0 2.7416095169538292e-08
560.0 2.7332670318352448e-08
561.0 2.7249245467166596e-08
562.0 2.7165820615980745e-08
563.0 2.7089601209973355e-08
564.0 2.7022780775103018e-08
565.0 2.695596034023268e-08
566.0 2.6889139905362354e-08
567.0 2.6822319470492024e-08
568.0 2.6755499035621687e-08
569.0 2.6688678600751353e-08
570.0 2.662185816588102e-08
571.0 2.6555037731010696e-08
572.0 2.6488217296140352e-08
573.0 2.6421396861270025e-08
574.0 2.6354576426399688e-08
575.0 2.6287755991529355e-08
576.0 2.6220935556659028e-08
577.0 2.6154115121788694e-08
578.0 2.6087294686918357e-08
579.0 2.6020474252048027e-08
580.0 2.5953653817177693e-08
581.0 2.5886833382307356e-08
582.0 2.5820012947437026e-08
583.0 2.57531925125667e-08
584.0 2.5686372077696362e-08
585.0 2.5619551642826032e-08
586.0 2.5552731207955695e-08
587.0 2.548591077308536e-08
588.0 2.541909033821503e-08
589.0 2.53522699033447e-08
590.0 2.5285449468474367e-08
591.0 2.5218629033604034e-08
592.0 2.51518085987337e-08
593.0 2.5084988163863363e-08
594.0 2.5018167728993036e-08
595.0 2.49513472941227e-08
596.0 2.488452685925237e-08
597.0 2.481770642438204e-08
598.0 2.4750885989511702e-08
599.0 2.4684065554641368e-08
600.0 2.4617245119771038e-08
601.0 2.45504246849007e-08
602.0 2.448360425003037e-08
603.0 2.441678381516004e-08
604.0 2.4349963380289703e-08
605.0 2.428314294541937e-08
606.0 2.4217676759804305e-08
607.0 2.416405659849535e-08
608.0 2.4110436437186393e-08
609.0 2.4056816275877446e-08
610.0 2.4003196114568485e-08
611.0 2.394957595325954e-08
612.0 2.389595579195059e-08
613.0 2.3842335630641636e-08
614.0 2.378871546933268e-08
615.0 2.373509530802373e-08
616.0 2.3681475146714773e-08
617.0 2.3627854985405826e-08
618.0 2.3574234824096872e-08
619.0 2.3520614662787918e-08
620.0 2.3466994501478963e-08
621.0 2.3413374340170013e-08
622.0 2.3359754178861065e-08
623.0 2.3306134017552108e-08
624.0 2.3252513856243153e-08
625.0 2.31988936949342e-08
626.0 2.3145273533625252e-08
627.0 2.3091653372316298e-08
628.0 2.3038033211007344e-08
629.0 2.298441304969839e-08
630.0 2.293079288838944e-08
631.0 2.2877172727080488e-08
632.0 2.2823552565771537e-08
633.0 2.2769932404462586e-08
634.0 2.2716312243153632e-08
635.0 2.266269208184468e-08
636.0 2.2609071920535724e-08
637.0 2.2555451759226776e-08
638.0 2.2501831597917822e-08
639.0 2.2448211436608868e-08
640.0 2.2394591275299914e-08
641.0 2.2340971113990963e-08
642.0 2.2287350952682012e-08
643.0 2.2233730791373058e-08
644.0 2.2180110630064107e-08
645.0 2.2126490468755153e-08
646.0 2.2072870307446202e-08
647.0 2.2019250146137248e-08
648.0 2.196562998482829e-08
649.0 2.1912009823519343e-08
650.0 2.185838966221039e-08
651.0 2.1804769500901438e-08
652.0 2.175114933959248e-08
653.0 2.1701768738874745e-08
654.0 2.1657924749793327e-08
655.0 2.1614080760711915e-08
656.0 2.1570236771630494e-08
657.0 2.1526392782549083e-08
658.0 2.148254879346767e-08
659.0 2.1438704804386257e-08
660.0 2.139486081530485e-08
661.0 2.135101682622342e-08
662.0 2.1307172837142013e-08
663.0 2.1263328848060595e-08
664.0 2.1219484858979184e-08
665.0 2.117564086989777e-08
666.0 2.1131796880816358e-08
667.0 2.108795289173494e-08
668.0 2.104410890265353e-08
669.0 2.1000264913572108e-08
670.0 2.0956420924490696e-08
671.0 2.0912576935409285e-08
672.0 2.0868732946327867e-08
673.0 2.0824888957246453e-08
674.0 2.0781044968165035e-08
675.0 2.0737200979083627e-08
676.0 2.0693356990002212e-08
677.0 2.0649513000920797e-08
678.0 2.0605669011839383e-08
679.0 2.0561825022757965e-08
680.0 2.0517981033676554e-08
681.0 2.0474137044595136e-08
682.0 2.043029305551372e-08
683.0 2.038644906643231e-08
684.0 2.03426050773509e-08
685.0 2.029876108826948e-08
686.0 2.025491709918807e-08
687.0 2.0211073110106648e-08
688.0 2.0167229121025237e-08
689.0 2.0123385131943826e-08
690.0 2.0079541142862408e-08
691.0 2.0035697153780996e-08
692.0 1.999185316469958e-08
693.0 1.994800917561817e-08
694.0 1.9904165186536753e-08
695.0 1.9860321197455335e-08
696.0 1.9816477208373923e-08
697.0 1.9772633219292512e-08
698.0 1.9728789230211094e-08
699.0 1.9684945241129683e-08
700.0 1.964110125204826e-08
701.0 1.959725726296685e-08
702.0 1.955341327388544e-08
703.0 1.951102815285656e-08
704.0 1.947576155698553e-08
705.0 1.9440494961114504e-08
706.0 1.940522836524348e-08
707.0 1.936996176937245e-08
708.0 1.9334695173501427e-08
709.0 1.92994285776304e-08
710.0 1.926416198175937e-08
711.0 1.922889538588834e-08
712.0 1.919362879001732e-08
713.0 1.9158362194146292e-08
714.0 1.9123095598275265e-08
715.0 1.908782900240424e-08
716.0 1.905256240653321e-08
717.0 1.901729581066219e-08
718.0 1.898202921479116e-08
719.0 1.8946762618920133e-08
720.0 1.8911496023049106e-08
721.0 1.887622942717808e-08
722.0 1.8840962831307054e-08
723.0 1.8805696235436026e-08
724.0 1.8770429639565e-08
725.0 1.8735163043693977e-08
726.0 1.8699896447822946e-08
727.0 1.8664629851951922e-08
728.0 1.8629363256080894e-08
729.0 1.859409666020987e-08
730.0 1.8558830064338842e-08
731.0 1.8523563468467818e-08
732.0 1.848829687259679e-08
733.0 1.8453030276725766e-08
734.0 1.8417763680854738e-08
735.0 1.8382497084983714e-08
736.0 1.8347230489112683e-08
737.0 1.8311963893241655e-08
738.0 1.827669729737063e-08
739.0 1.82414307014996e-08
740.0 1.820616410562858e-08
741.0 1.817089750975755e-08
742.0 1.8135630913886527e-08
743.0 1.81003643180155e-08
744.0 1.8065097722144472e-08
745.0 1.8029831126273447e-08
746.0 1.7994564530402423e-08
747.0 1.7959297934531392e-08
748.0 1.7924031338660368e-08
749.0 1.788876474278934e-08
750.0 1.7853498146918312e-08
751.0 1.7818231551047288e-08
752.0 1.778296495517626e-08
753.0 1.7747698359305233e-08
754.0 1.7712431763434212e-08
755.0 1.7677165167563184e-08
756.0 1.764189857169216e-08
757.0 1.7606885503897108e-08
758.0 1.757886725877243e-08
759.0 1.755084901364775e-08
760.0 1.7522830768523074e-08
761.0 1.7494812523398395e-08
762.0 1.7466794278273717e-08
763.0 1.7438776033149034e-08
764.0 1.741075778802436e-08
765.0 1.738273954289968e-08
766.0 1.7354721297775e-08
767.0 1.7326703052650325e-08
768.0 1.729868480752564e-08
769.0 1.7270666562400964e-08
770.0 1.7242648317276282e-08
771.0 1.7214630072151607e-08
772.0 1.7186611827026924e-08
773.0 1.715859358190225e-08
774.0 1.7130575336777567e-08
775.0 1.710255709165289e-08
776.0 1.7074538846528212e-08
777.0 1.704652060140353e-08
778.0 1.7018502356278854e-08
779.0 1.6990484111154172e-08
780.0 1.6962465866029497e-08
781.0 1.6934447620904818e-08
782.0 1.690642937578014e-08
783.0 1.687841113065546e-08
784.0 1.685039288553078e-08
785.0 1.68223746404061e-08
786.0 1.6794356395281423e-08
787.0 1.676633815015674e-08
788.0 1.6738319905032062e-08
789.0 1.6710301659907387e-08
790.0 1.66822834147827e-08
791.0 1.665426516965803e-08
792.0 1.662624692453335e-08
793.0 1.659822867940867e-08
794.0 1.6570210434283992e-08
795.0 1.6542192189159314e-08
796.0 1.6514173944034635e-08
797.0 1.6486155698909956e-08
798.0 1.6458137453785274e-08
799.0 1.6430119208660598e-08
800.0 1.6402100963535913e-08
801.0 1.637408271841124e-08
802.0 1.634606447328656e-08
803.0 1.6318046228161883e-08
804.0 1.6290027983037204e-08
805.0 1.6262009737912525e-08
806.0 1.6233991492787846e-08
807.0 1.6205973247663164e-08
808.0 1.6177955002538485e-08
809.0 1.6149936757413813e-08
810.0 1.612191851228913e-08
811.0 1.6093900267164455e-08
812.0 1.606588202203977e-08
813.0 1.6037863776915094e-08
814.0 1.6009845531790415e-08
815.0 1.5981827286665736e-08
816.0 1.5957515575437392e-08
817.0 1.5934573774876602e-08
818.0 1.5911631974315816e-08
819.0 1.5888690173755026e-08
820.0 1.5865748373194237e-08
821.0 1.5842806572633454e-08
822.0 1.5819864772072664e-08
823.0 1.5796922971511874e-08
824.0 1.5773981170951088e-08
825.0 1.5751039370390298e-08
826.0 1.572809756982951e-08
827.0 1.5705155769268722e-08
828.0 1.5682213968707936e-08
829.0 1.5659272168147146e-08
830.0 1.563633036758636e-08
831.0 1.561338856702557e-08
832.0 1.5590446766464784e-08
833.0 1.5567504965903994e-08
834.0 1.5544563165343205e-08
835.0 1.5521621364782418e-08
836.0 1.5498679564221632e-08
837.0 1.5475737763660842e-08
838.0 1.5452795963100056e-08
839.0 1.5429854162539266e-08
840.0 1.540691236197848e-08
841.0 1.538397056141769e-08
842.0 1.53610287608569e-08
843.0 1.5338086960296117e-08
844.0 1.5315145159735328e-08
845.0 1.5292203359174538e-08
846.0 1.5269261558613752e-08
847.0 1.5246319758052962e-08
848.0 1.5223377957492176e-08
849.0 1.520043615693139e-08
850.0 1.5177494356370596e-08
851.0 1.5154552555809813e-08
852.0 1.5131610755249027e-08
853.0 1.5108668954688234e-08
854.0 1.5085727154127448e-08
855.0 1.5062785353566658e-08
856.0 1.5039843553005872e-08
857.0 1.5016901752445082e-08
858.0 1.49939599518843e-08
859.0 1.497101815132351e-08
860.0 1.494807635076272e-08
861.0 1.492513455020193e-08
862.0 1.4902192749641144e-08
863.0 1.4879250949080356e-08
864.0 1.4856309148519566e-08
865.0 1.4833367347958778e-08
866.0 1.4810425547397993e-08
867.0 1.4787483746837204e-08
868.0 1.4764541946276419e-08
869.0 1.4741600145715626e-08
870.0 1.471865834515484e-08
871.0 1.469571654459405e-08
872.0 1.4672774744033264e-08
873.0 1.4649832943472477e-08
874.0 1.4626891142911688e-08
875.0 1.46039493423509e-08
876.0 1.4581007541790115e-08
877.0 1.4558065741229322e-08
878.0 1.4535123940668537e-08
879.0 1.4516361962416174e-08
880.0 1.4497893378954452e-08
881.0 1.4479424795492727e-08
882.0 1.4460956212031007e-08
883.0 1.4442487628569281e-08
884.0 1.4424019045107558e-08
885.0 1.4405550461645836e-08
886.0 1.438708187818411e-08
887.0 1.4368613294722391e-08
888.0 1.4350144711260667e-08
889.0 1.4331676127798941e-08
890.0 1.4313207544337217e-08
891.0 1.4294738960875496e-08
892.0 1.427627037741377e-08
893.0 1.4257801793952048e-08
894.0 1.4239333210490327e-08
895.0 1.4220864627028602e-08
896.0 1.4202396043566877e-08
897.0 1.4183927460105157e-08
898.0 1.4165458876643431e-08
899.0 1.414699029318171e-08
900.0 1.4128521709719986e-08
901.0 1.411005312625826e-08
902.0 1.4091584542796543e-08
903.0 1.4073115959334817e-08
904.0 1.4054647375873091e-08
905.0 1.403617879241137e-08
906.0 1.4017710208949646e-08
907.0 1.399924162548792e-08
908.0 1.3980773042026196e-08
909.0 1.3962304458564477e-08
910.0 1.3943835875102752e-08
911.0 1.3925367291641029e-08
912.0 1.3906898708179307e-08
913.0 1.3888430124717581e-08
914.0 1.386996154125586e-08
915.0 1.3851492957794138e-08
916.0 1.3833024374332414e-08
917.0 1.381455579087069e-08
918.0 1.3796087207408967e-08
919.0 1.3777618623947243e-08
920.0 1.375915004048552e-08
921.0 1.3740681457023796e-08
922.0 1.3722212873562072e-08
923.0 1.3703744290100346e-08
924.0 1.3685275706638626e-08
925.0 1.3666807123176903e-08
926.0 1.364833853971518e-08
927.0 1.3629869956253457e-08
928.0 1.3611401372791733e-08
929.0 1.359293278933001e-08
930.0 1.357446420586829e-08
931.0 1.3555995622406564e-08
932.0 1.3537527038944838e-08
933.0 1.3519058455483119e-08
934.0 1.3500589872021393e-08
935.0 1.348212128855967e-08
936.0 1.3463652705097948e-08
937.0 1.3445184121636224e-08
938.0 1.3426715538174498e-08
939.0 1.3408246954712777e-08
940.0 1.3389778371251053e-08
941.0 1.337130978778933e-08
942.0 1.3352841204327608e-08
943.0 1.3334372620865883e-08
944.0 1.3315904037404157e-08
945.0 1.3297435453942438e-08
946.0 1.3280078461317283e-08
947.0 1.3265292233165782e-08
948.0 1.3250506005014285e-08
949.0 1.3235719776862784e-08
950.0 1.3220933548711287e-08
951.0 1.3206147320559784e-08
952.0 1.3191361092408283e-08
953.0 1.3176574864256786e-08
954.0 1.3161788636105285e-08
955.0 1.3147002407953784e-08
956.0 1.3132216179802285e-08
957.0 1.3117429951650786e-08
958.0 1.3102643723499285e-08
959.0 1.3087857495347786e-08
960.0 1.3073071267196285e-08
961.0 1.3058285039044786e-08
962.0 1.3043498810893287e-08
963.0 1.3028712582741786e-08
964.0 1.3013926354590285e-08
965.0 1.2999140126438786e-08
966.0 1.2984353898287287e-08
967.0 1.2969567670135788e-08
968.0 1.2954781441984287e-08
969.0 1.2939995213832786e-08
970.0 1.2925208985681287e-08
971.0 1.291042275752979e-08
972.0 1.2895636529378289e-08
973.0 1.2880850301226788e-08
974.0 1.2866064073075287e-08
975.0 1.2851277844923788e-08
976.0 1.283649161677229e-08
977.0 1.282170538862079e-08
978.0 1.280691916046929e-08
979.0 1.2792132932317788e-08
980.0 1.277734670416629e-08
981.0 1.276256047601479e-08
982.0 1.2747774247863291e-08
983.0 1.273298801971179e-08
984.0 1.271820179156029e-08
985.0 1.2703415563408792e-08
986.0 1.2688629335257291e-08
987.0 1.267384310710579e-08
988.0 1.2659056878954291e-08
989.0 1.2644270650802792e-08
990.0 1.2629484422651293e-08
991.0 1.2614698194499792e-08
992.0 1.2599911966348291e-08
993.0 1.2585125738196794e-08
994.0 1.2570339510045293e-08
995.0 1.2555553281893794e-08
996.0 1.2540767053742293e-08
997.0 1.2525980825590792e-08
998.0 1.2511194597439292e-08
999.0 1.2496408369287796e-08
1000.0 1.2481622141136295e-08
1001.0 1.2466835912984794e-08
1002.0 1.2452049684833293e-08
1003.0 1.2437263456681793e-08
1004.0 1.2422477228530297e-08
1005.0 1.2407691000378796e-08
1006.0 1.2392904772227295e-08
1007.0 1.2378118544075794e-08
1008.0 1.2363332315924295e-08
1009.0 1.2348546087772796e-08
1010.0 1.2333759859621297e-08
1011.0 1.2318973631469796e-08
1012.0 1.2304187403318295e-08
1013.0 1.2289401175166798e-08
1014.0 1.2274614947015297e-08
1015.0 1.2259828718863796e-08
1016.0 1.2245042490712297e-08
1017.0 1.2230256262560796e-08
1018.0 1.2215470034409299e-08
1019.0 1.2201904905535675e-08
1020.0 1.2189773430012087e-08
1021.0 1.21776419544885e-08
1022.0 1.2165510478964914e-08
1023.0 1.215337900344133e-08
1024.0 1.2141247527917742e-08
1025.0 1.2129116052394154e-08
1026.0 1.2116984576870568e-08
1027.0 1.2104853101346984e-08
1028.0 1.2092721625823396e-08
1029.0 1.2080590150299807e-08
1030.0 1.2068458674776222e-08
1031.0 1.2056327199252638e-08
1032.0 1.204419572372905e-08
1033.0 1.2032064248205461e-08
1034.0 1.2019932772681877e-08
1035.0 1.2007801297158292e-08
1036.0 1.1995669821634705e-08
1037.0 1.1983538346111115e-08
1038.0 1.1971406870587531e-08
1039.0 1.1959275395063947e-08
1040.0 1.1947143919540359e-08
1041.0 1.193501244401677e-08
1042.0 1.1922880968493186e-08
1043.0 1.19107494929696e-08
1044.0 1.1898618017446014e-08
1045.0 1.1886486541922424e-08
1046.0 1.187435506639884e-08
1047.0 1.1862223590875254e-08
1048.0 1.1850092115351668e-08
1049.0 1.1837960639828079e-08
1050.0 1.1825829164304494e-08
1051.0 1.1813697688780908e-08
1052.0 1.1801566213257322e-08
1053.0 1.1789434737733733e-08
1054.0 1.1777303262210149e-08
1055.0 1.1765171786686563e-08
1056.0 1.1753040311162977e-08
1057.0 1.1740908835639387e-08
1058.0 1.1728777360115805e-08
1059.0 1.1716645884592217e-08
1060.0 1.1704514409068631e-08
1061.0 1.1692382933545042e-08
1062.0 1.1680251458021458e-08
1063.0 1.1668119982497872e-08
1064.0 1.1655988506974286e-08
1065.0 1.1643857031450696e-08
1066.0 1.1631725555927112e-08
1067.0 1.1619594080403526e-08
1068.0 1.160746260487994e-08
1069.0 1.159533112935635e-08
1070.0 1.1583199653832766e-08
1071.0 1.157106817830918e-08
1072.0 1.1558936702785594e-08
1073.0 1.1546805227262005e-08
1074.0 1.153467375173842e-08
1075.0 1.1522542276214835e-08
1076.0 1.1510410800691249e-08
1077.0 1.149827932516766e-08
1078.0 1.1486147849644075e-08
1079.0 1.147401637412049e-08
1080.0 1.1461884898596903e-08
1081.0 1.1449753423073316e-08
1082.0 1.143762194754973e-08
1083.0 1.1425490472026144e-08
1084.0 1.1413358996502554e-08
1085.0 1.140122752097897e-08
1086.0 1.1389096045455384e-08
1087.0 1.1376964569931798e-08
1088.0 1.1364833094408212e-08
1089.0 1.1352701618884624e-08
1090.0 1.1340570143361037e-08
1091.0 1.1328438667837452e-08
1092.0 1.1316307192313863e-08
1093.0 1.1304175716790279e-08
1094.0 1.1292044241266691e-08
1095.0 1.1279912765743107e-08
1096.0 1.1267781290219518e-08
1097.0 1.1255666629689601e-08
1098.0 1.124579047858049e-08
1099.0 1.123591432747138e-08
1100.0 1.1226038176362273e-08
1101.0 1.1216162025253164e-08
1102.0 1.1206285874144054e-08
1103.0 1.1196409723034945e-08
1104.0 1.1186533571925836e-08
1105.0 1.1176657420816724e-08
1106.0 1.1166781269707615e-08
1107.0 1.1156905118598506e-08
1108.0 1.1147028967489395e-08
1109.0 1.1137152816380287e-08
1110.0 1.1127276665271178e-08
1111.0 1.111740051416207e-08
1112.0 1.110752436305296e-08
1113.0 1.1097648211943851e-08
1114.0 1.1087772060834742e-08
1115.0 1.1077895909725632e-08
1116.0 1.1068019758616521e-08
1117.0 1.1058143607507413e-08
1118.0 1.1048267456398304e-08
1119.0 1.1038391305289195e-08
1120.0 1.1028515154180085e-08
1121.0 1.1018639003070976e-08
1122.0 1.1008762851961865e-08
1123.0 1.0998886700852755e-08
1124.0 1.0989010549743651e-08
1125.0 1.0979134398634535e-08
1126.0 1.0969258247525427e-08
1127.0 1.0959382096416318e-08
1128.0 1.094950594530721e-08
1129.0 1.09396297941981e-08
1130.0 1.0929753643088991e-08
1131.0 1.0919877491979882e-08
1132.0 1.0910001340870773e-08
1133.0 1.0900125189761665e-08
1134.0 1.0890249038652555e-08
1135.0 1.0880372887543446e-08
1136.0 1.0870496736434335e-08
1137.0 1.0860620585325226e-08
1138.0 1.0850744434216116e-08
1139.0 1.0840868283107005e-08
1140.0 1.0830992131997896e-08
1141.0 1.0821115980888785e-08
1142.0 1.081123982977968e-08
1143.0 1.0801363678670571e-08
1144.0 1.079148752756146e-08
1145.0 1.078161137645235e-08
1146.0 1.0771735225343241e-08
1147.0 1.0761859074234132e-08
1148.0 1.0751982923125022e-08
1149.0 1.0742106772015913e-08
1150.0 1.0732230620906805e-08
1151.0 1.0722354469797697e-08
1152.0 1.0712478318688586e-08
1153.0 1.0702602167579475e-08
1154.0 1.0692726016470366e-08
1155.0 1.0682849865361257e-08
1156.0 1.0672973714252146e-08
1157.0 1.0663097563143036e-08
1158.0 1.0653221412033928e-08
1159.0 1.064334526092482e-08
1160.0 1.0633469109815711e-08
1161.0 1.0623592958706602e-08
1162.0 1.0613716807597492e-08
1163.0 1.0603840656488383e-08
1164.0 1.0593964505379274e-08
1165.0 1.0584088354270163e-08
1166.0 1.0574212203161053e-08
1167.0 1.0564336052051946e-08
1168.0 1.0554459900942834e-08
1169.0 1.0544583749833727e-08
1170.0 1.0534707598724616e-08
1171.0 1.0524831447615506e-08
1172.0 1.0514955296506397e-08
1173.0 1.0505079145397289e-08
1174.0 1.049520299428818e-08
1175.0 1.0485326843179067e-08
1176.0 1.0475450692069961e-08
1177.0 1.0465574540960852e-08
1178.0 1.0455698389851744e-08
1179.0 1.0445822238742633e-08
1180.0 1.0435946087633523e-08
1181.0 1.0426069936524414e-08
1182.0 1.0417143040707188e-08
1183.0 1.0409120250158619e-08
1184.0 1.040109745961005e-08
1185.0 1.039307466906148e-08
1186.0 1.038505187851291e-08
1187.0 1.0377029087964339e-08
1188.0 1.036900629741577e-08
1189.0 1.0360983506867198e-08
1190.0 1.035296071631863e-08
1191.0 1.0344937925770057e-08
1192.0 1.0336915135221489e-08
1193.0 1.032889234467292e-08
1194.0 1.0320869554124348e-08
1195.0 1.0312846763575779e-08
1196.0 1.0304823973027209e-08
1197.0 1.029680118247864e-08
1198.0 1.0288778391930068e-08
1199.0 1.0280755601381497e-08
1200.0 1.0272732810832929e-08
1201.0 1.026471002028436e-08
1202.0 1.0256687229735788e-08
1203.0 1.0248664439187219e-08
1204.0 1.0240641648638649e-08
1205.0 1.023261885809008e-08
1206.0 1.0224596067541506e-08
1207.0 1.0216573276992938e-08
1208.0 1.0208550486444367e-08
1209.0 1.0200527695895798e-08
1210.0 1.0192504905347228e-08
1211.0 1.0184482114798657e-08
1212.0 1.0176459324250086e-08
1213.0 1.0168436533701516e-08
1214.0 1.0160413743152948e-08
1215.0 1.0152390952604377e-08
1216.0 1.0144368162055805e-08
1217.0 1.0136345371507238e-08
1218.0 1.0128322580958666e-08
1219.0 1.0120299790410097e-08
1220.0 1.0112276999861527e-08
1221.0 1.0104254209312958e-08
1222.0 1.0096231418764386e-08
1223.0 1.0088208628215815e-08
1224.0 1.0080185837667245e-08
1225.0 1.0072163047118677e-08
1226.0 1.0064140256570106e-08
1227.0 1.0056117466021537e-08
1228.0 1.0048094675472965e-08
1229.0 1.0040071884924396e-08
1230.0 1.0032049094375825e-08
1231.0 1.0024026303827257e-08
1232.0 1.0016003513278684e-08
1233.0 1.0007980722730114e-08
1234.0 9.999957932181546e-09
1235.0 9.991935141632975e-09
1236.0 9.983912351084405e-09
1237.0 9.975889560535834e-09
1238.0 9.967866769987266e-09
1239.0 9.959843979438695e-09
1240.0 9.951821188890124e-09
1241.0 9.943798398341554e-09
1242.0 9.935775607792983e-09
1243.0 9.927752817244415e-09
1244.0 9.919730026695845e-09
1245.0 9.911707236147274e-09
1246.0 9.903684445598706e-09
1247.0 9.895661655050133e-09
1248.0 9.887638864501565e-09
1249.0 9.879616073952994e-09
1250.0 9.871593283404426e-09
1251.0 9.863570492855855e-09
1252.0 9.855547702307283e-09
1253.0 9.847524911758712e-09
1254.0 9.839502121210141e-09
1255.0 9.831479330661575e-09
1256.0 9.823456540113003e-09
1257.0 9.815433749564432e-09
1258.0 9.807410959015864e-09
1259.0 9.799388168467293e-09
1260.0 9.791365377918723e-09
1261.0 9.783342587370154e-09
1262.0 9.775319796821583e-09
1263.0 9.767297006273015e-09
1264.0 9.759274215724442e-09
1265.0 9.751251425175874e-09
1266.0 9.743228634627302e-09
1267.0 9.735205844078731e-09
1268.0 9.727183053530163e-09
1269.0 9.719160262981592e-09
1270.0 9.711137472433022e-09
1271.0 9.70311468188445e-09
1272.0 9.695091891335883e-09
1273.0 9.687759984547654e-09
1274.0 9.68109532661666e-09
1275.0 9.674430668685668e-09
1276.0 9.667766010754672e-09
1277.0 9.661101352823678e-09
1278.0 9.654436694892686e-09
1279.0 9.64777203696169e-09
1280.0 9.6411073790307e-09
1281.0 9.634442721099704e-09
1282.0 9.627778063168712e-09
1283.0 9.621113405237716e-09
1284.0 9.614448747306724e-09
1285.0 9.607784089375732e-09
1286.0 9.601119431444738e-09
1287.0 9.594454773513745e-09
1288.0 9.587790115582751e-09
1289.0 9.581125457651756e-09
1290.0 9.574460799720764e-09
1291.0 9.56779614178977e-09
1292.0 9.561131483858777e-09
1293.0 9.554466825927785e-09
1294.0 9.547802167996788e-09
1295.0 9.541137510065795e-09
1296.0 9.5344728521348e-09
1297.0 9.52780819420381e-09
1298.0 9.521143536272814e-09
1299.0 9.514478878341823e-09
1300.0 9.507814220410829e-09
1301.0 9.501149562479835e-09
1302.0 9.494484904548841e-09
1303.0 9.487820246617847e-09
1304.0 9.481155588686855e-09
1305.0 9.474490930755861e-09
1306.0 9.467826272824867e-09
1307.0 9.461161614893873e-09
1308.0 9.45449695696288e-09
1309.0 9.447832299031887e-09
1310.0 9.441167641100893e-09
1311.0 9.434502983169897e-09
1312.0 9.427838325238905e-09
1313.0 9.421173667307913e-09
1314.0 9.41450900937692e-09
1315.0 9.407844351445923e-09
1316.0 9.40117969351493e-09
1317.0 9.394515035583938e-09
1318.0 9.387850377652945e-09
1319.0 9.381185719721952e-09
1320.0 9.374521061790957e-09
1321.0 9.367856403859963e-09
1322.0 9.36119174592897e-09
1323.0 9.354527087997976e-09
1324.0 9.347862430066982e-09
1325.0 9.34119777213599e-09
1326.0 9.334533114204998e-09
1327.0 9.327868456274002e-09
1328.0 9.321203798343007e-09
1329.0 9.314539140412016e-09
1330.0 9.307874482481022e-09
1331.0 9.30120982455003e-09
1332.0 9.294545166619036e-09
1333.0 9.287880508688042e-09
1334.0 9.281215850757048e-09
1335.0 9.274551192826054e-09
1336.0 9.267886534895062e-09
1337.0 9.261221876964066e-09
1338.0 9.254557219033075e-09
1339.0 9.247892561102082e-09
1340.0 9.241227903171086e-09
1341.0 9.234563245240092e-09
1342.0 9.2278985873091e-09
1343.0 9.221233929378107e-09
1344.0 9.214569271447113e-09
1345.0 9.20790461351612e-09
1346.0 9.201239955585127e-09
1347.0 9.194575297654132e-09
1348.0 9.18791063972314e-09
1349.0 9.181245981792145e-09
1350.0 9.174581323861151e-09
1351.0 9.167916665930159e-09
1352.0 9.161252007999163e-09
1353.0 9.154587350068171e-09
1354.0 9.147922692137176e-09
1355.0 9.141258034206183e-09
1356.0 9.13459337627519e-09
1357.0 9.127928718344197e-09
1358.0 9.121264060413205e-09
1359.0 9.11459940248221e-09
1360.0 9.107934744551215e-09
1361.0 9.101270086620223e-09
1362.0 9.094605428689229e-09
1363.0 9.087940770758237e-09
1364.0 9.081276112827243e-09
1365.0 9.074611454896247e-09
1366.0 9.067946796965255e-09
1367.0 9.061282139034259e-09
1368.0 9.054617481103269e-09
1369.0 9.047952823172275e-09
1370.0 9.041288165241282e-09
1371.0 9.035162048572093e-09
1372.0 9.029583757968665e-09
1373.0 9.024005467365237e-09
1374.0 9.018427176761806e-09
1375.0 9.012848886158376e-09
1376.0 9.007270595554946e-09
1377.0 9.001692304951514e-09
1378.0 8.996114014348083e-09
1379.0 8.990535723744653e-09
1380.0 8.984957433141225e-09
1381.0 8.979379142537795e-09
1382.0 8.973800851934364e-09
1383.0 8.968222561330934e-09
1384.0 8.962644270727504e-09
1385.0 8.957065980124072e-09
1386.0 8.951487689520641e-09
1387.0 8.945909398917213e-09
1388.0 8.940331108313783e-09
1389.0 8.934752817710351e-09
1390.0 8.929174527106922e-09
1391.0 8.92359623650349e-09
1392.0 8.91801794590006e-09
1393.0 8.91243965529663e-09
1394.0 8.906861364693199e-09
1395.0 8.90128307408977e-09
1396.0 8.89570478348634e-09
1397.0 8.89012649288291e-09
1398.0 8.88454820227948e-09
1399.0 8.878969911676048e-09
1400.0 8.873391621072618e-09
1401.0 8.867813330469187e-09
1402.0 8.862235039865759e-09
1403.0 8.856656749262327e-09
1404.0 8.851078458658897e-09
1405.0 8.845500168055467e-09
1406.0 8.839921877452036e-09
1407.0 8.834343586848606e-09
1408.0 8.828765296245176e-09
1409.0 8.823187005641746e-09
1410.0 8.817608715038317e-09
1411.0 8.812030424434885e-09
1412.0 8.806452133831454e-09
1413.0 8.800873843228025e-09
1414.0 8.795295552624594e-09
1415.0 8.789717262021166e-09
1416.0 8.784138971417734e-09
1417.0 8.778560680814303e-09
1418.0 8.772982390210875e-09
1419.0 8.767404099607443e-09
1420.0 8.761825809004013e-09
1421.0 8.75624751840058e-09
1422.0 8.750669227797154e-09
1423.0 8.745090937193724e-09
1424.0 8.739512646590292e-09
1425.0 8.733934355986862e-09
1426.0 8.72835606538343e-09
1427.0 8.722777774780001e-09
1428.0 8.717199484176568e-09
1429.0 8.711621193573141e-09
1430.0 8.706042902969712e-09
1431.0 8.70046461236628e-09
1432.0 8.69488632176285e-09
1433.0 8.689308031159419e-09
1434.0 8.683729740555989e-09
1435.0 8.678151449952556e-09
1436.0 8.67257315934913e-09
1437.0 8.6669948687457e-09
1438.0 8.661416578142268e-09
1439.0 8.655838287538838e-09
1440.0 8.650259996935408e-09
1441.0 8.644681706331977e-09
1442.0 8.639103415728547e-09
1443.0 8.633525125125117e-09
1444.0 8.627946834521687e-09
1445.0 8.622368543918257e-09
1446.0 8.616790253314826e-09
1447.0 8.611211962711396e-09
1448.0 8.605633672107965e-09
1449.0 8.600055381504535e-09
1450.0 8.594477090901107e-09
1451.0 8.588898800297673e-09
1452.0 8.583320509694245e-09
1453.0 8.577742219090814e-09
1454.0 8.572163928487384e-09
1455.0 8.566585637883952e-09
1456.0 8.561007347280523e-09
1457.0 8.555429056677094e-09
1458.0 8.549850766073663e-09
1459.0 8.544272475470233e-09
1460.0 8.5386941848668e-09
1461.0 8.533115894263372e-09
1462.0 8.52753760365994e-09
1463.0 8.52195931305651e-09
1464.0 8.516381022453082e-09
1465.0 8.510802731849649e-09
1466.0 8.505224441246221e-09
1467.0 8.499646150642793e-09
1468.0 8.49406786003936e-09
1469.0 8.488489569435928e-09
1470.0 8.482911278832498e-09
1471.0 8.47733298822907e-09
1472.0 8.47175469762564e-09
1473.0 8.466176407022209e-09
1474.0 8.460598116418777e-09
1475.0 8.455019825815347e-09
1476.0 8.449441535211916e-09
1477.0 8.444730369068855e-09
1478.0 8.440081119655597e-09
1479.0 8.435431870242336e-09
1480.0 8.43078262082908e-09
1481.0 8.42613337141582e-09
1482.0 8.421484122002561e-09
1483.0 8.4168348725893e-09
1484.0 8.412185623176041e-09
1485.0 8.407536373762783e-09
1486.0 8.402887124349525e-09
1487.0 8.398237874936264e-09
1488.0 8.393588625523007e-09
1489.0 8.388939376109749e-09
1490.0 8.384290126696489e-09
1491.0 8.379640877283227e-09
1492.0 8.37499162786997e-09
1493.0 8.37034237845671e-09
1494.0 8.365693129043451e-09
1495.0 8.361043879630191e-09
1496.0 8.356394630216933e-09
1497.0 8.351745380803672e-09
1498.0 8.347096131390417e-09
1499.0 8.342446881977157e-09
1500.0 8.337797632563897e-09
1501.0 8.333148383150637e-09
1502.0 8.328499133737379e-09
1503.0 8.323849884324119e-09
1504.0 8.319200634910861e-09
1505.0 8.3145513854976e-09
1506.0 8.309902136084341e-09
1507.0 8.305252886671081e-09
1508.0 8.300603637257823e-09
1509.0 8.295954387844565e-09
1510.0 8.291305138431305e-09
1511.0 8.286655889018044e-09
1512.0 8.282006639604789e-09
1513.0 8.277357390191529e-09
1514.0 8.272708140778269e-09
1515.0 8.26805889136501e-09
1516.0 8.263409641951751e-09
1517.0 8.258760392538493e-09
1518.0 8.254111143125233e-09
1519.0 8.249461893711971e-09
1520.0 8.244812644298715e-09
1521.0 8.240163394885453e-09
1522.0 8.235514145472195e-09
1523.0 8.230864896058935e-09
1524.0 8.226215646645679e-09
1525.0 8.22156639723242e-09
1526.0 8.21691714781916e-09
1527.0 8.212267898405901e-09
1528.0 8.207618648992643e-09
1529.0 8.202969399579381e-09
1530.0 8.198320150166123e-09
1531.0 8.193670900752865e-09
1532.0 8.189021651339605e-09
1533.0 8.184372401926345e-09
1534.0 8.179723152513087e-09
1535.0 8.175073903099829e-09
1536.0 8.170424653686569e-09
1537.0 8.165775404273309e-09
1538.0 8.161126154860049e-09
1539.0 8.156476905446791e-09
1540.0 8.151827656033531e-09
1541.0 8.147178406620273e-09
1542.0 8.142529157207015e-09
1543.0 8.137879907793755e-09
1544.0 8.133230658380495e-09
1545.0 8.128581408967235e-09
1546.0 8.123932159553977e-09
1547.0 8.119282910140719e-09
1548.0 8.114633660727459e-09
1549.0 8.1099844113142e-09
1550.0 8.105335161900941e-09
1551.0 8.100685912487683e-09
1552.0 8.096036663074421e-09
1553.0 8.091387413661163e-09
1554.0 8.086738164247905e-09
1555.0 8.082088914834647e-09
1556.0 8.077439665421387e-09
1557.0 8.072790416008127e-09
1558.0 8.068141166594869e-09
1559.0 8.063491917181607e-09
1560.0 8.05884266776835e-09
1561.0 8.05419341835509e-09
1562.0 8.049544168941833e-09
1563.0 8.044894919528573e-09
1564.0 8.040245670115313e-09
1565.0 8.035596420702055e-09
1566.0 8.030947171288793e-09
1567.0 8.026297921875535e-09
1568.0 8.021648672462277e-09
1569.0 8.016999423049019e-09
1570.0 8.012350173635759e-09
1571.0 8.007700924222499e-09
1572.0 8.00305167480924e-09
1573.0 7.99840242539598e-09
1574.0 7.993753175982723e-09
1575.0 7.989103926569463e-09
1576.0 7.984454677156205e-09
1577.0 7.979805427742945e-09
1578.0 7.975156178329685e-09
1579.0 7.970506928916427e-09
1580.0 7.965857679503167e-09
1581.0 7.961208430089909e-09
1582.0 7.956559180676649e-09
1583.0 7.95190993126339e-09
1584.0 7.94726068185013e-09
1585.0 7.942611432436871e-09
1586.0 7.937962183023613e-09
1587.0 7.933312933610354e-09
1588.0 7.928663684197095e-09
1589.0 7.924014434783835e-09
1590.0 7.919526321900906e-09
1591.0 7.915548208210897e-09
1592.0 7.911570094520888e-09
1593.0 7.90759198083088e-09
1594.0 7.903613867140872e-09
1595.0 7.899635753450862e-09
1596.0 7.895657639760853e-09
1597.0 7.891679526070843e-09
1598.0 7.887701412380834e-09
1599.0 7.883723298690825e-09
1600.0 7.879745185000817e-09
1601.0 7.875767071310808e-09
1602.0 7.871788957620799e-09
1603.0 7.86781084393079e-09
1604.0 7.86383273024078e-09
1605.0 7.859854616550771e-09
1606.0 7.85587650286076e-09
1607.0 7.851898389170754e-09
1608.0 7.847920275480743e-09
1609.0 7.843942161790735e-09
1610.0 7.839964048100726e-09
1611.0 7.835985934410717e-09
1612.0 7.832007820720708e-09
1613.0 7.8280297070307e-09
1614.0 7.82405159334069e-09
1615.0 7.82007347965068e-09
1616.0 7.816095365960672e-09
1617.0 7.812117252270661e-09
1618.0 7.808139138580653e-09
1619.0 7.804161024890644e-09
1620.0 7.800182911200635e-09
1621.0 7.796204797510626e-09
1622.0 7.792226683820618e-09
1623.0 7.788248570130609e-09
1624.0 7.7842704564406e-09
1625.0 7.780292342750588e-09
1626.0 7.77631422906058e-09
1627.0 7.77233611537057e-09
1628.0 7.768358001680562e-09
1629.0 7.764379887990553e-09
1630.0 7.760401774300544e-09
1631.0 7.756423660610536e-09
1632.0 7.752445546920527e-09
1633.0 7.748467433230516e-09
1634.0 7.744489319540508e-09
1635.0 7.740511205850499e-09
1636.0 7.73653309216049e-09
1637.0 7.732554978470481e-09
1638.0 7.72857686478047e-09
1639.0 7.724598751090462e-09
1640.0 7.720620637400454e-09
1641.0 7.716642523710443e-09
1642.0 7.712664410020434e-09
1643.0 7.708686296330426e-09
1644.0 7.704708182640415e-09
1645.0 7.700730068950406e-09
1646.0 7.696751955260398e-09
1647.0 7.692773841570389e-09
1648.0 7.68879572788038e-09
1649.0 7.684817614190372e-09
1650.0 7.680839500500363e-09
1651.0 7.676861386810354e-09
1652.0 7.672883273120345e-09
1653.0 7.668905159430337e-09
1654.0 7.664927045740328e-09
1655.0 7.660948932050319e-09
1656.0 7.656970818360309e-09
1657.0 7.6529927046703e-09
1658.0 7.64901459098029e-09
1659.0 7.64503647729028e-09
1660.0 7.64105836360027e-09
1661.0 7.637080249910262e-09
1662.0 7.633102136220253e-09
1663.0 7.629124022530244e-09
1664.0 7.625145908840235e-09
1665.0 7.621167795150227e-09
1666.0 7.617189681460218e-09
1667.0 7.613211567770209e-09
1668.0 7.609233454080199e-09
1669.0 7.60525534039019e-09
1670.0 7.601277226700181e-09
1671.0 7.59729911301017e-09
1672.0 7.593320999320162e-09
1673.0 7.589342885630153e-09
1674.0 7.585364771940145e-09
1675.0 7.581386658250136e-09
1676.0 7.577408544560127e-09
1677.0 7.573430430870118e-09
1678.0 7.56945231718011e-09
1679.0 7.565474203490098e-09
1680.0 7.561496089800089e-09
1681.0 7.55751797611008e-09
1682.0 7.553539862420071e-09
1683.0 7.549561748730063e-09
1684.0 7.545583635040054e-09
1685.0 7.541605521350045e-09
1686.0 7.537627407660036e-09
1687.0 7.533649293970026e-09
1688.0 7.529671180280017e-09
1689.0 7.525693066590008e-09
1690.0 7.5217149529e-09
1691.0 7.517736839209991e-09
1692.0 7.51375872551998e-09
1693.0 7.509780611829972e-09
1694.0 7.505802498139961e-09
1695.0 7.501824384449953e-09
1696.0 7.497846270759944e-09
1697.0 7.493868157069935e-09
1698.0 7.489890043379925e-09
1699.0 7.485911929689916e-09
1700.0 7.481933815999907e-09
1701.0 7.477955702309899e-09
1702.0 7.47397758861989e-09
1703.0 7.469999474929881e-09
1704.0 7.466021361239872e-09
1705.0 7.462043247549864e-09
1706.0 7.458065133859853e-09
1707.0 7.454087020169844e-09
1708.0 7.450108906479835e-09
1709.0 7.4461307927898286e-09
1710.0 7.442152679099817e-09
1711.0 7.4381745654098086e-09
1712.0 7.4341964517198e-09
1713.0 7.4306449034319225e-09
1714.0 7.427206969659808e-09
1715.0 7.4237690358876966e-09
1716.0 7.4203311021155815e-09
1717.0 7.416893168343467e-09
1718.0 7.4134552345713556e-09
1719.0 7.41001730079924e-09
1720.0 7.406579367027126e-09
1721.0 7.403141433255014e-09
1722.0 7.3997034994829e-09
1723.0 7.396265565710785e-09
1724.0 7.392827631938672e-09
1725.0 7.389389698166559e-09
1726.0 7.385951764394444e-09
1727.0 7.382513830622332e-09
1728.0 7.3790758968502175e-09
1729.0 7.375637963078104e-09
1730.0 7.37220002930599e-09
1731.0 7.368762095533877e-09
1732.0 7.365324161761763e-09
1733.0 7.36188622798965e-09
1734.0 7.3584482942175354e-09
1735.0 7.355010360445421e-09
1736.0 7.351572426673307e-09
1737.0 7.348134492901194e-09
1738.0 7.344696559129082e-09
1739.0 7.341258625356968e-09
1740.0 7.3378206915848534e-09
1741.0 7.334382757812741e-09
1742.0 7.3309448240406275e-09
1743.0 7.327506890268513e-09
1744.0 7.3240689564964e-09
1745.0 7.320631022724286e-09
1746.0 7.317193088952171e-09
1747.0 7.313755155180059e-09
1748.0 7.310317221407945e-09
1749.0 7.306879287635831e-09
1750.0 7.303441353863717e-09
1751.0 7.300003420091604e-09
1752.0 7.296565486319489e-09
1753.0 7.293127552547375e-09
1754.0 7.289689618775263e-09
1755.0 7.28625168500315e-09
1756.0 7.282813751231036e-09
1757.0 7.279375817458921e-09
1758.0 7.275937883686807e-09
1759.0 7.272499949914695e-09
1760.0 7.269062016142581e-09
1761.0 7.265624082370467e-09
1762.0 7.262186148598354e-09
1763.0 7.2587482148262395e-09
1764.0 7.255310281054127e-09
1765.0 7.251872347282013e-09
1766.0 7.2484344135098985e-09
1767.0 7.244996479737785e-09
1768.0 7.241558545965672e-09
1769.0 7.2381206121935575e-09
1770.0 7.234682678421443e-09
1771.0 7.2312447446493315e-09
1772.0 7.227806810877217e-09
1773.0 7.224368877105102e-09
1774.0 7.220930943332989e-09
1775.0 7.217493009560877e-09
1776.0 7.214055075788763e-09
1777.0 7.210617142016649e-09
1778.0 7.207179208244535e-09
1779.0 7.203741274472421e-09
1780.0 7.2003033407003085e-09
1781.0 7.196865406928194e-09
1782.0 7.193427473156081e-09
1783.0 7.189989539383967e-09
1784.0 7.1865516056118524e-09
1785.0 7.183113671839739e-09
1786.0 7.179675738067625e-09
1787.0 7.176237804295512e-09
1788.0 7.172799870523399e-09
1789.0 7.1693619367512855e-09
1790.0 7.1659240029791704e-09
1791.0 7.162486069207057e-09
1792.0 7.1590481354349445e-09
1793.0 7.155610201662831e-09
1794.0 7.152172267890717e-09
1795.0 7.148734334118603e-09
1796.0 7.145296400346489e-09
1797.0 7.141858466574376e-09
1798.0 7.1384205328022624e-09
1799.0 7.134982599030148e-09
1800.0 7.131544665258035e-09
1801.0 7.128106731485921e-09
1802.0 7.124668797713807e-09
1803.0 7.121230863941694e-09
1804.0 7.11779293016958e-09
1805.0 7.114354996397467e-09
1806.0 7.1109170626253544e-09
1807.0 7.1074791288532386e-09
1808.0 7.104041195081124e-09
1809.0 7.100603261309013e-09
1810.0 7.097165327536898e-09
1811.0 7.093727393764785e-09
1812.0 7.090289459992671e-09
1813.0 7.086851526220558e-09
1814.0 7.083413592448444e-09
1815.0 7.07997565867633e-09
1816.0 7.076537724904216e-09
1817.0 7.073099791132102e-09
1818.0 7.069661857359989e-09
1819.0 7.0662239235878745e-09
1820.0 7.062785989815762e-09
1821.0 7.0593480560436486e-09
1822.0 7.055910122271534e-09
1823.0 7.05247218849942e-09
1824.0 7.049034254727306e-09
1825.0 7.045596320955194e-09
1826.0 7.04215838718308e-09
1827.0 7.0387204534109665e-09
1828.0 7.035282519638852e-09
1829.0 7.031844585866738e-09
1830.0 7.0284066520946255e-09
1831.0 7.024968718322512e-09
1832.0 7.021530784550399e-09
1833.0 7.018092850778283e-09
1834.0 7.01465491700617e-09
1835.0 7.011216983234056e-09
1836.0 7.0077790494619435e-09
1837.0 7.004341115689829e-09
1838.0 7.000903181917716e-09
1839.0 6.997465248145602e-09
1840.0 6.994027314373488e-09
1841.0 6.990589380601374e-09
1842.0 6.987151446829262e-09
1843.0 6.983713513057148e-09
1844.0 6.980275579285035e-09
1845.0 6.977248605311236e-09
1846.0 6.974263484466246e-09
1847.0 6.971278363621256e-09
1848.0 6.968293242776266e-09
1849.0 6.965308121931277e-09
1850.0 6.962323001086288e-09
1851.0 6.959337880241298e-09
1852.0 6.956352759396307e-09
1853.0 6.953367638551317e-09
1854.0 6.950382517706327e-09
1855.0 6.947397396861337e-09
1856.0 6.944412276016347e-09
1857.0 6.941427155171359e-09
1858.0 6.9384420343263685e-09
1859.0 6.935456913481379e-09
1860.0 6.932471792636389e-09
1861.0 6.929486671791399e-09
1862.0 6.92650155094641e-09
1863.0 6.92351643010142e-09
1864.0 6.920531309256431e-09
1865.0 6.9175461884114416e-09
1866.0 6.914561067566452e-09
1867.0 6.911575946721461e-09
1868.0 6.908590825876472e-09
1869.0 6.905605705031482e-09
1870.0 6.902620584186493e-09
1871.0 6.899635463341501e-09
1872.0 6.896650342496511e-09
1873.0 6.893665221651522e-09
1874.0 6.890680100806533e-09
1875.0 6.887694979961543e-09
1876.0 6.884709859116553e-09
1877.0 6.881724738271563e-09
1878.0 6.8787396174265734e-09
1879.0 6.8757544965815845e-09
1880.0 6.872769375736595e-09
1881.0 6.869784254891605e-09
1882.0 6.866799134046615e-09
1883.0 6.863814013201625e-09
1884.0 6.860828892356635e-09
1885.0 6.857843771511646e-09
1886.0 6.854858650666657e-09
1887.0 6.851873529821667e-09
1888.0 6.848888408976676e-09
1889.0 6.845903288131687e-09
1890.0 6.8429181672866976e-09
1891.0 6.839933046441708e-09
1892.0 6.836947925596717e-09
1893.0 6.833962804751729e-09
1894.0 6.830977683906739e-09
1895.0 6.8279925630617494e-09
1896.0 6.825007442216759e-09
1897.0 6.82202232137177e-09
1898.0 6.81903720052678e-09
1899.0 6.81605207968179e-09
1900.0 6.8130669588368e-09
1901.0 6.810081837991811e-09
1902.0 6.807096717146821e-09
1903.0 6.804111596301831e-09
1904.0 6.801126475456841e-09
1905.0 6.7981413546118515e-09
1906.0 6.795156233766862e-09
1907.0 6.792171112921873e-09
1908.0 6.789185992076883e-09
1909.0 6.786200871231893e-09
1910.0 6.783215750386903e-09
1911.0 6.7802306295419136e-09
1912.0 6.777245508696924e-09
1913.0 6.774260387851935e-09
1914.0 6.771275267006945e-09
1915.0 6.768290146161955e-09
1916.0 6.7653050253169654e-09
1917.0 6.762319904471976e-09
1918.0 6.759334783626984e-09
1919.0 6.756349662781994e-09
1920.0 6.753364541937005e-09
1921.0 6.750379421092015e-09
1922.0 6.747394300247025e-09
1923.0 6.744409179402036e-09
1924.0 6.741424058557046e-09
1925.0 6.7384389377120565e-09
1926.0 6.7354538168670675e-09
1927.0 6.732468696022078e-09
1928.0 6.729483575177088e-09
1929.0 6.726498454332099e-09
1930.0 6.723513333487109e-09
1931.0 6.720528212642119e-09
1932.0 6.7175430917971296e-09
1933.0 6.71455797095214e-09
1934.0 6.71157285010715e-09
1935.0 6.7085877292621585e-09
1936.0 6.705602608417169e-09
1937.0 6.70261748757218e-09
1938.0 6.69963236672719e-09
1939.0 6.6966472458822e-09
1940.0 6.69366212503721e-09
1941.0 6.690677004192221e-09
1942.0 6.687691883347231e-09
1943.0 6.684706762502241e-09
1944.0 6.681721641657253e-09
1945.0 6.678736520812262e-09
1946.0 6.6757513999672725e-09
1947.0 6.672766279122283e-09
1948.0 6.669781158277293e-09
1949.0 6.6667960374323056e-09
1950.0 6.663810916587313e-09
1951.0 6.660825795742324e-09
1952.0 6.6578406748973345e-09
1953.0 6.654855554052345e-09
1954.0 6.651870433207355e-09
1955.0 6.648885312362364e-09
1956.0 6.645900191517375e-09
1957.0 6.642915070672385e-09
1958.0 6.639929949827397e-09
1959.0 6.636944828982407e-09
1960.0 6.633959708137417e-09
1961.0 6.630974587292427e-09
1962.0 6.6279894664474374e-09
1963.0 6.625004345602448e-09
1964.0 6.622019224757459e-09
1965.0 6.619034103912469e-09
1966.0 6.616048983067479e-09
1967.0 6.6130638622224885e-09
1968.0 6.610078741377499e-09
1969.0 6.607093620532509e-09
1970.0 6.604108499687519e-09
1971.0 6.601123378842529e-09
1972.0 6.59813825799754e-09
1973.0 6.5951531371525505e-09
1974.0 6.592168016307561e-09
1975.0 6.589182895462571e-09
1976.0 6.586197774617581e-09
1977.0 6.583212653772591e-09
1978.0 6.5802275329276016e-09
1979.0 6.577242412082613e-09
1980.0 6.574257291237623e-09
1981.0 6.571272170392633e-09
1982.0 6.568287049547643e-09
1983.0 6.565301928702652e-09
1984.0 6.562316807857662e-09
1985.0 6.559331687012673e-09
1986.0 6.556346566167682e-09
1987.0 6.553660050793667e-09
1988.0 6.551019215540606e-09
1989.0 6.548378380287546e-09
1990.0 6.5457375450344855e-09
1991.0 6.543096709781425e-09
1992.0 6.540455874528364e-09
1993.0 6.537815039275304e-09
1994.0 6.535174204022244e-09
1995.0 6.532533368769184e-09
1996.0 6.529892533516123e-09
1997.0 6.5272516982630625e-09
1998.0 6.524610863010001e-09
1999.0 6.521970027756942e-09
2000.0 6.519329192503881e-09
2001.0 6.516688357250821e-09
2002.0 6.51404752199776e-09
2003.0 6.5114066867447e-09
2004.0 6.50876585149164e-09
2005.0 6.506125016238579e-09
2006.0 6.50348418098552e-09
2007.0 6.500843345732456e-09
2008.0 6.498202510479396e-09
2009.0 6.495561675226337e-09
2010.0 6.4929208399732775e-09
2011.0 6.4902800047202165e-09
2012.0 6.487639169467156e-09
2013.0 6.484998334214095e-09
2014.0 6.482357498961035e-09
2015.0 6.479716663707974e-09
2016.0 6.477075828454915e-09
2017.0 6.4744349932018545e-09
2018.0 6.471794157948793e-09
2019.0 6.469153322695732e-09
2020.0 6.4665124874426714e-09
2021.0 6.463871652189612e-09
2022.0 6.461230816936552e-09
2023.0 6.458589981683491e-09
2024.0 6.455949146430431e-09
2025.0 6.45330831117737e-09
2026.0 6.4506674759243094e-09
2027.0 6.4480266406712484e-09
2028.0 6.445385805418188e-09
2029.0 6.442744970165127e-09
2030.0 6.440104134912069e-09
2031.0 6.437463299659006e-09
2032.0 6.434822464405946e-09
2033.0 6.432181629152887e-09
2034.0 6.429540793899826e-09
2035.0 6.426899958646766e-09
2036.0 6.424259123393704e-09
2037.0 6.421618288140645e-09
2038.0 6.418977452887584e-09
2039.0 6.416336617634524e-09
2040.0 6.413695782381463e-09
2041.0 6.4110549471284024e-09
2042.0 6.408414111875341e-09
2043.0 6.405773276622281e-09
2044.0 6.403132441369222e-09
2045.0 6.400491606116161e-09
2046.0 6.397850770863101e-09
2047.0 6.39520993561004e-09
2048.0 6.392569100356979e-09
2049.0 6.389928265103919e-09
2050.0 6.387287429850858e-09
2051.0 6.384646594597799e-09
2052.0 6.382005759344737e-09
2053.0 6.379364924091678e-09
2054.0 6.3767240888386174e-09
2055.0 6.374083253585557e-09
2056.0 6.371442418332497e-09
2057.0 6.368801583079436e-09
2058.0 6.366160747826376e-09
2059.0 6.363519912573315e-09
2060.0 6.360879077320255e-09
2061.0 6.3582382420671944e-09
2062.0 6.355597406814134e-09
2063.0 6.352956571561073e-09
2064.0 6.350315736308013e-09
2065.0 6.347674901054952e-09
2066.0 6.345034065801892e-09
2067.0 6.342393230548832e-09
2068.0 6.3397523952957714e-09
2069.0 6.337111560042712e-09
2070.0 6.33447072478965e-09
2071.0 6.331829889536591e-09
2072.0 6.329189054283528e-09
2073.0 6.32654821903047e-09
2074.0 6.323907383777409e-09
2075.0 6.3212665485243484e-09
2076.0 6.318625713271287e-09
2077.0 6.315984878018227e-09
2078.0 6.313344042765165e-09
2079.0 6.310703207512106e-09
2080.0 6.308062372259046e-09
2081.0 6.3054215370059864e-09
2082.0 6.302780701752923e-09
2083.0 6.3001398664998636e-09
2084.0 6.297499031246804e-09
2085.0 6.294858195993744e-09
2086.0 6.292217360740683e-09
2087.0 6.289576525487623e-09
2088.0 6.286935690234562e-09
2089.0 6.284294854981502e-09
2090.0 6.2816540197284406e-09
2091.0 6.27901318447538e-09
2092.0 6.276372349222319e-09
2093.0 6.273731513969259e-09
2094.0 6.271090678716198e-09
2095.0 6.26844984346314e-09
2096.0 6.2658090082100794e-09
2097.0 6.263168172957018e-09
2098.0 6.260527337703958e-09
2099.0 6.257886502450897e-09
2100.0 6.255245667197837e-09
2101.0 6.252604831944776e-09
2102.0 6.249963996691716e-09
2103.0 6.2473231614386556e-09
2104.0 6.2446823261855946e-09
2105.0 6.2420414909325335e-09
2106.0 6.239400655679473e-09
2107.0 6.236759820426414e-09
2108.0 6.234118985173354e-09
2109.0 6.231478149920293e-09
2110.0 6.2288373146672326e-09
2111.0 6.226196479414171e-09
2112.0 6.223555644161111e-09
2113.0 6.22091480890805e-09
2114.0 6.21827397365499e-09
2115.0 6.215633138401929e-09
2116.0 6.21299230314887e-09
2117.0 6.210351467895809e-09
2118.0 6.2077106326427486e-09
2119.0 6.205069797389689e-09
2120.0 6.202428962136628e-09
2121.0 6.199788126883568e-09
2122.0 6.197147291630507e-09
2123.0 6.194506456377447e-09
2124.0 6.191865621124387e-09
2125.0 6.189224785871326e-09
2126.0 6.186583950618265e-09
2127.0 6.183943115365205e-09
2128.0 6.181302280112144e-09
2129.0 6.178661444859085e-09
2130.0 6.176020609606024e-09
2131.0 6.1733797743529636e-09
2132.0 6.1707389390999026e-09
2133.0 6.1680981038468415e-09
2134.0 6.165457268593781e-09
2135.0 6.162816433340722e-09
2136.0 6.160175598087661e-09
2137.0 6.157534762834601e-09
2138.0 6.15489392758154e-09
2139.0 6.1522530923284796e-09
2140.0 6.149866976478583e-09
2141.0 6.147513475501586e-09
2142.0 6.145159974524588e-09
2143.0 6.14280647354759e-09
2144.0 6.140452972570594e-09
2145.0 6.138099471593596e-09
2146.0 6.135745970616598e-09
2147.0 6.1333924696396e-09
2148.0 6.131038968662601e-09
2149.0 6.128685467685605e-09
2150.0 6.126331966708608e-09
2151.0 6.12397846573161e-09
2152.0 6.121624964754612e-09
2153.0 6.119271463777614e-09
2154.0 6.116917962800616e-09
2155.0 6.11456446182362e-09
2156.0 6.112210960846622e-09
2157.0 6.1098574598696244e-09
2158.0 6.1075039588926265e-09
2159.0 6.105150457915629e-09
2160.0 6.102796956938632e-09
2161.0 6.100443455961634e-09
2162.0 6.098089954984636e-09
2163.0 6.09573645400764e-09
2164.0 6.093382953030642e-09
2165.0 6.091029452053643e-09
2166.0 6.088675951076646e-09
2167.0 6.086322450099649e-09
2168.0 6.083968949122652e-09
2169.0 6.081615448145653e-09
2170.0 6.079261947168655e-09
2171.0 6.076908446191658e-09
2172.0 6.07455494521466e-09
2173.0 6.0722014442376616e-09
2174.0 6.069847943260666e-09
2175.0 6.067494442283668e-09
2176.0 6.0651409413066696e-09
2177.0 6.0627874403296725e-09
2178.0 6.060433939352676e-09
2179.0 6.0580804383756776e-09
2180.0 6.055726937398679e-09
2181.0 6.053373436421682e-09
2182.0 6.051019935444685e-09
2183.0 6.048666434467688e-09
2184.0 6.046312933490689e-09
2185.0 6.043959432513693e-09
2186.0 6.041605931536695e-09
2187.0 6.039252430559699e-09
2188.0 6.036898929582699e-09
2189.0 6.034545428605703e-09
2190.0 6.032191927628705e-09
2191.0 6.029838426651706e-09
2192.0 6.0274849256747075e-09
2193.0 6.025131424697711e-09
2194.0 6.022777923720714e-09
2195.0 6.0204244227437155e-09
2196.0 6.0180709217667185e-09
2197.0 6.015717420789721e-09
2198.0 6.013363919812724e-09
2199.0 6.011010418835726e-09
2200.0 6.00865691785873e-09
2201.0 6.0063034168817315e-09
2202.0 6.003949915904734e-09
2203.0 6.001596414927735e-09
2204.0 5.999242913950738e-09
2205.0 5.996889412973741e-09
2206.0 5.994535911996742e-09
2207.0 5.992182411019745e-09
2208.0 5.989828910042748e-09
2209.0 5.987475409065751e-09
2210.0 5.985121908088752e-09
2211.0 5.982768407111756e-09
2212.0 5.980414906134758e-09
2213.0 5.97806140515776e-09
2214.0 5.9757079041807615e-09
2215.0 5.973354403203765e-09
2216.0 5.971000902226767e-09
2217.0 5.968647401249771e-09
2218.0 5.9662939002727716e-09
2219.0 5.9639403992957745e-09
2220.0 5.9615868983187775e-09
2221.0 5.959233397341779e-09
2222.0 5.9568798963647825e-09
2223.0 5.954526395387784e-09
2224.0 5.952172894410787e-09
2225.0 5.949819393433788e-09
2226.0 5.947465892456791e-09
2227.0 5.945112391479794e-09
2228.0 5.942758890502797e-09
2229.0 5.940405389525798e-09
2230.0 5.938051888548802e-09
2231.0 5.935698387571804e-09
2232.0 5.933344886594805e-09
2233.0 5.930991385617809e-09
2234.0 5.92863788464081e-09
2235.0 5.9262843836638125e-09
2236.0 5.923930882686816e-09
2237.0 5.9215773817098175e-09
2238.0 5.919223880732821e-09
2239.0 5.9168703797558234e-09
2240.0 5.914516878778825e-09
2241.0 5.9121633778018285e-09
2242.0 5.90980987682483e-09
2243.0 5.907456375847832e-09
2244.0 5.905102874870836e-09
2245.0 5.9027493738938386e-09
2246.0 5.90039587291684e-09
2247.0 5.898042371939843e-09
2248.0 5.895688870962844e-09
2249.0 5.893335369985847e-09
2250.0 5.89098186900885e-09
2251.0 5.888628368031851e-09
2252.0 5.886274867054855e-09
2253.0 5.883921366077856e-09
2254.0 5.881567865100858e-09
2255.0 5.879214364123862e-09
2256.0 5.876860863146865e-09
2257.0 5.8745073621698664e-09
2258.0 5.8721538611928685e-09
2259.0 5.869800360215872e-09
2260.0 5.867446859238874e-09
2261.0 5.8650933582618765e-09
2262.0 5.862739857284878e-09
2263.0 5.860386356307882e-09
2264.0 5.858032855330884e-09
2265.0 5.855679354353886e-09
2266.0 5.853325853376889e-09
2267.0 5.850972352399892e-09
2268.0 5.848618851422893e-09
2269.0 5.846265350445896e-09
2270.0 5.843911849468899e-09
2271.0 5.8415583484919e-09
2272.0 5.839204847514902e-09
2273.0 5.836851346537904e-09
2274.0 5.834497845560908e-09
2275.0 5.83214434458391e-09
2276.0 5.829790843606912e-09
2277.0 5.827437342629915e-09
2278.0 5.825083841652918e-09
2279.0 5.822730340675921e-09
2280.0 5.8203768396989225e-09
2281.0 5.8180233387219254e-09
2282.0 5.815669837744928e-09
2283.0 5.81331633676793e-09
2284.0 5.810962835790931e-09
2285.0 5.808609334813935e-09
2286.0 5.806255833836937e-09
2287.0 5.803902332859939e-09
2288.0 5.801548831882941e-09
2289.0 5.799195330905945e-09
2290.0 5.796841829928947e-09
2291.0 5.79448832895195e-09
2292.0 5.792134827974952e-09
2293.0 5.789781326997955e-09
2294.0 5.787427826020956e-09
2295.0 5.7850743250439575e-09
2296.0 5.782720824066961e-09
2297.0 5.780367323089964e-09
2298.0 5.778013822112966e-09
2299.0 5.775660321135968e-09
2300.0 5.773306820158971e-09
2301.0 5.7709533191819735e-09
2302.0 5.768599818204976e-09
2303.0 5.7662463172279786e-09
2304.0 5.763923229921096e-09
2305.0 5.761818214773764e-09
2306.0 5.7597131996264315e-09
2307.0 5.7576081844791e-09
2308.0 5.755503169331768e-09
2309.0 5.753398154184435e-09
2310.0 5.751293139037103e-09
2311.0 5.7491881238897705e-09
2312.0 5.747083108742438e-09
2313.0 5.744978093595106e-09
2314.0 5.742873078447773e-09
2315.0 5.740768063300441e-09
2316.0 5.738663048153109e-09
2317.0 5.736558033005776e-09
2318.0 5.734453017858445e-09
2319.0 5.732348002711112e-09
2320.0 5.73024298756378e-09
2321.0 5.728137972416447e-09
2322.0 5.726032957269114e-09
2323.0 5.723927942121782e-09
2324.0 5.72182292697445e-09
2325.0 5.719717911827117e-09
2326.0 5.717612896679785e-09
2327.0 5.7155078815324525e-09
2328.0 5.71340286638512e-09
2329.0 5.711297851237788e-09
2330.0 5.709192836090455e-09
2331.0 5.707087820943124e-09
2332.0 5.7049828057957915e-09
2333.0 5.702877790648459e-09
2334.0 5.700772775501127e-09
2335.0 5.6986677603537935e-09
2336.0 5.696562745206461e-09
2337.0 5.694457730059129e-09
2338.0 5.692352714911796e-09
2339.0 5.690247699764464e-09
2340.0 5.6881426846171325e-09
2341.0 5.686037669469799e-09
2342.0 5.683932654322467e-09
2343.0 5.681827639175135e-09
2344.0 5.679722624027803e-09
2345.0 5.6776176088804706e-09
2346.0 5.675512593733137e-09
2347.0 5.673407578585804e-09
2348.0 5.671302563438472e-09
2349.0 5.6691975482911394e-09
2350.0 5.667092533143807e-09
2351.0 5.664987517996475e-09
2352.0 5.662882502849143e-09
2353.0 5.66077748770181e-09
2354.0 5.6586724725544776e-09
2355.0 5.656567457407146e-09
2356.0 5.6544624422598145e-09
2357.0 5.652357427112482e-09
2358.0 5.65025241196515e-09
2359.0 5.6481473968178165e-09
2360.0 5.646042381670484e-09
2361.0 5.643937366523152e-09
2362.0 5.6418323513758186e-09
2363.0 5.639727336228487e-09
2364.0 5.637622321081155e-09
2365.0 5.635517305933822e-09
2366.0 5.63341229078649e-09
2367.0 5.631307275639158e-09
2368.0 5.629202260491824e-09
2369.0 5.627097245344492e-09
2370.0 5.62499223019716e-09
2371.0 5.622887215049828e-09
2372.0 5.620782199902495e-09
2373.0 5.6186771847551624e-09
2374.0 5.61657216960783e-09
2375.0 5.6144671544604985e-09
2376.0 5.612362139313166e-09
2377.0 5.610257124165835e-09
2378.0 5.608152109018501e-09
2379.0 5.606047093871169e-09
2380.0 5.603942078723837e-09
2381.0 5.601837063576504e-09
2382.0 5.5997320484291736e-09
2383.0 5.597627033281838e-09
2384.0 5.595522018134506e-09
2385.0 5.593417002987174e-09
2386.0 5.5913119878398416e-09
2387.0 5.58920697269251e-09
2388.0 5.587101957545178e-09
2389.0 5.584996942397845e-09
2390.0 5.582891927250513e-09
2391.0 5.5807869121031805e-09
2392.0 5.578681896955847e-09
2393.0 5.576576881808515e-09
2394.0 5.574471866661183e-09
2395.0 5.572366851513851e-09
2396.0 5.570261836366517e-09
2397.0 5.5681568212191855e-09
2398.0 5.566051806071853e-09
2399.0 5.563946790924521e-09
2400.0 5.561841775777188e-09
2401.0 5.559736760629856e-09
2402.0 5.557631745482524e-09
2403.0 5.555526730335191e-09
2404.0 5.553421715187859e-09
2405.0 5.5513167000405265e-09
2406.0 5.549211684893194e-09
2407.0 5.547106669745862e-09
2408.0 5.54500165459853e-09
2409.0 5.542896639451198e-09
2410.0 5.5407916243038654e-09
2411.0 5.538686609156533e-09
2412.0 5.536581594009201e-09
2413.0 5.534476578861868e-09
2414.0 5.532371563714536e-09
2415.0 5.530266548567203e-09
2416.0 5.52816153341987e-09
2417.0 5.526056518272538e-09
2418.0 5.523951503125206e-09
2419.0 5.521846487977873e-09
2420.0 5.519741472830541e-09
2421.0 5.517636457683209e-09
2422.0 5.515531442535877e-09
2423.0 5.5134264273885446e-09
2424.0 5.511321412241212e-09
2425.0 5.50921639709388e-09
2426.0 5.5071113819465474e-09
2427.0 5.505006366799215e-09
2428.0 5.502901351651883e-09
2429.0 5.50079633650455e-09
2430.0 5.498691321357218e-09
2431.0 5.4965863062098856e-09
2432.0 5.494481291062554e-09
2433.0 5.492376275915222e-09
2434.0 5.490271260767889e-09
2435.0 5.488166245620556e-09
2436.0 5.486061230473224e-09
2437.0 5.483956215325891e-09
2438.0 5.481851200178559e-09
2439.0 5.4797461850312266e-09
2440.0 5.477641169883894e-09
2441.0 5.475536154736562e-09
2442.0 5.4734311395892294e-09
2443.0 5.471326124441897e-09
2444.0 5.469221109294564e-09
2445.0 5.467116094147231e-09
2446.0 5.465011078999898e-09
2447.0 5.462906063852567e-09
2448.0 5.460801048705234e-09
2449.0 5.458696033557902e-09
2450.0 5.45659101841057e-09
2451.0 5.454486003263239e-09
2452.0 5.4523809881159065e-09
2453.0 5.450275972968574e-09
2454.0 5.448170957821242e-09
2455.0 5.4460659426739086e-09
2456.0 5.443960927526575e-09
2457.0 5.441855912379243e-09
2458.0 5.439750897231911e-09
2459.0 5.43764588208458e-09
2460.0 5.435540866937247e-09
2461.0 5.433435851789914e-09
2462.0 5.431330836642582e-09
2463.0 5.429225821495249e-09
2464.0 5.427120806347916e-09
2465.0 5.425015791200584e-09
2466.0 5.422910776053252e-09
2467.0 5.420805760905919e-09
2468.0 5.418700745758587e-09
2469.0 5.416595730611255e-09
2470.0 5.414490715463922e-09
2471.0 5.41238570031659e-09
2472.0 5.410280685169258e-09
2473.0 5.408175670021926e-09
2474.0 5.4060706548745935e-09
2475.0 5.403965639727261e-09
2476.0 5.401860624579929e-09
2477.0 5.399755609432596e-09
2478.0 5.397650594285264e-09
2479.0 5.395545579137931e-09
2480.0 5.393440563990599e-09
2481.0 5.391335548843267e-09
2482.0 5.389358138503151e-09
2483.0 5.387444310953917e-09
2484.0 5.385530483404682e-09
2485.0 5.383616655855447e-09
2486.0 5.381702828306211e-09
2487.0 5.379789000756978e-09
2488.0 5.377875173207744e-09
2489.0 5.375961345658509e-09
2490.0 5.374047518109274e-09
2491.0 5.372133690560039e-09
2492.0 5.370219863010806e-09
2493.0 5.368306035461571e-09
2494.0 5.3663922079123366e-09
2495.0 5.364478380363101e-09
2496.0 5.362564552813867e-09
2497.0 5.360650725264633e-09
2498.0 5.358736897715398e-09
2499.0 5.356823070166163e-09
2500.0 5.354909242616928e-09
2501.0 5.352995415067695e-09
2502.0 5.3510815875184606e-09
2503.0 5.3491677599692256e-09
2504.0 5.3472539324199906e-09
2505.0 5.345340104870756e-09
2506.0 5.343426277321522e-09
2507.0 5.341512449772287e-09
2508.0 5.339598622223053e-09
2509.0 5.337684794673817e-09
2510.0 5.3357709671245846e-09
2511.0 5.3338571395753496e-09
2512.0 5.3319433120261146e-09
2513.0 5.330029484476881e-09
2514.0 5.328115656927646e-09
2515.0 5.326201829378411e-09
2516.0 5.324288001829178e-09
2517.0 5.322374174279943e-09
2518.0 5.320460346730709e-09
2519.0 5.3185465191814736e-09
2520.0 5.3166326916322386e-09
2521.0 5.314718864083004e-09
2522.0 5.312805036533769e-09
2523.0 5.310891208984536e-09
2524.0 5.308977381435301e-09
2525.0 5.307063553886066e-09
2526.0 5.305149726336832e-09
2527.0 5.3032358987875976e-09
2528.0 5.3013220712383626e-09
2529.0 5.299408243689128e-09
2530.0 5.297494416139894e-09
2531.0 5.295580588590659e-09
2532.0 5.293666761041425e-09
2533.0 5.29175293349219e-09
2534.0 5.289839105942955e-09
2535.0 5.28792527839372e-09
2536.0 5.2860114508444866e-09
2537.0 5.284097623295252e-09
2538.0 5.282183795746017e-09
2539.0 5.280269968196782e-09
2540.0 5.278356140647548e-09
2541.0 5.276442313098313e-09
2542.0 5.274528485549079e-09
2543.0 5.272614657999845e-09
2544.0 5.270700830450609e-09
2545.0 5.2687870029013755e-09
2546.0 5.266873175352142e-09
2547.0 5.264959347802906e-09
2548.0 5.263045520253671e-09
2549.0 5.261131692704437e-09
2550.0 5.259217865155203e-09
2551.0 5.257304037605968e-09
2552.0 5.255390210056734e-09
2553.0 5.253476382507499e-09
2554.0 5.251562554958264e-09
2555.0 5.24964872740903e-09
2556.0 5.247734899859795e-09
2557.0 5.245821072310561e-09
2558.0 5.243907244761328e-09
2559.0 5.241993417212093e-09
2560.0 5.240079589662858e-09
2561.0 5.2381657621136235e-09
2562.0 5.236251934564389e-09
2563.0 5.234338107015154e-09
2564.0 5.232424279465919e-09
2565.0 5.230510451916686e-09
2566.0 5.228596624367451e-09
2567.0 5.226682796818217e-09
2568.0 5.224768969268982e-09
2569.0 5.222855141719747e-09
2570.0 5.220941314170512e-09
2571.0 5.219027486621278e-09
2572.0 5.217113659072044e-09
2573.0 5.215199831522809e-09
2574.0 5.2132860039735724e-09
2575.0 5.21137217642434e-09
2576.0 5.209458348875106e-09
2577.0 5.207544521325871e-09
2578.0 5.2056306937766365e-09
2579.0 5.203716866227401e-09
2580.0 5.201803038678167e-09
2581.0 5.199889211128933e-09
2582.0 5.197975383579698e-09
2583.0 5.196061556030463e-09
2584.0 5.194147728481229e-09
2585.0 5.192233900931995e-09
2586.0 5.19032007338276e-09
2587.0 5.1884062458335255e-09
2588.0 5.1864924182842905e-09
2589.0 5.1845785907350555e-09
2590.0 5.182664763185821e-09
2591.0 5.180750935636586e-09
2592.0 5.178837108087353e-09
2593.0 5.176923280538117e-09
2594.0 5.175009452988884e-09
2595.0 5.1730956254396495e-09
2596.0 5.1711817978904145e-09
2597.0 5.16926797034118e-09
2598.0 5.167354142791945e-09
2599.0 5.165440315242711e-09
2600.0 5.163526487693476e-09
2601.0 5.161612660144242e-09
2602.0 5.159698832595008e-09
2603.0 5.157785005045773e-09
2604.0 5.1558711774965385e-09
2605.0 5.1539573499473035e-09
2606.0 5.152043522398069e-09
2607.0 5.150129694848836e-09
2608.0 5.1482158672996e-09
2609.0 5.146302039750366e-09
2610.0 5.144388212201132e-09
2611.0 5.1424743846518975e-09
2612.0 5.1405605571026625e-09
2613.0 5.138646729553428e-09
2614.0 5.136732902004193e-09
2615.0 5.134819074454959e-09
2616.0 5.132905246905725e-09
2617.0 5.13099141935649e-09
2618.0 5.129077591807255e-09
2619.0 5.127163764258021e-09
2620.0 5.1252499367087865e-09
2621.0 5.1233361091595515e-09
2622.0 5.121422281610317e-09
2623.0 5.1195084540610814e-09
2624.0 5.117594626511847e-09
2625.0 5.115680798962613e-09
2626.0 5.113766971413379e-09
2627.0 5.111853143864145e-09
2628.0 5.109939316314909e-09
2629.0 5.1080254887656755e-09
2630.0 5.106111661216441e-09
2631.0 5.104197833667206e-09
2632.0 5.102284006117971e-09
2633.0 5.100370178568737e-09
2634.0 5.098456351019503e-09
2635.0 5.096542523470268e-09
2636.0 5.094628695921034e-09
2637.0 5.092714868371798e-09
2638.0 5.0908010408225644e-09
2639.0 5.08888721327333e-09
2640.0 5.086973385724095e-09
2641.0 5.085059558174861e-09
2642.0 5.083145730625625e-09
2643.0 5.081231903076391e-09
2644.0 5.079318075527156e-09
2645.0 5.077404247977923e-09
2646.0 5.0754904204286884e-09
2647.0 5.0735765928794534e-09
2648.0 5.071662765330219e-09
2649.0 5.069748937780984e-09
2650.0 5.06783511023175e-09
2651.0 5.065921282682517e-09
2652.0 5.064007455133282e-09
2653.0 5.0620936275840475e-09
2654.0 5.0601798000348124e-09
2655.0 5.058265972485578e-09
2656.0 5.056352144936343e-09
2657.0 5.054438317387109e-09
2658.0 5.052524489837873e-09
2659.0 5.050610662288639e-09
2660.0 5.048696834739405e-09
2661.0 5.046783007190171e-09
2662.0 5.0448691796409364e-09
2663.0 5.0429553520917014e-09
2664.0 5.041041524542467e-09
2665.0 5.039127696993233e-09
2666.0 5.037213869443998e-09
2667.0 5.035300041894763e-09
2668.0 5.033386214345529e-09
2669.0 5.031472386796295e-09
2670.0 5.02955855924706e-09
2671.0 5.0276447316978254e-09
2672.0 5.0257309041485896e-09
2673.0 5.0239145158927775e-09
2674.0 5.022179773925685e-09
2675.0 5.020445031958595e-09
2676.0 5.0187102899915055e-09
2677.0 5.016975548024417e-09
2678.0 5.015240806057327e-09
2679.0 5.0135060640902375e-09
2680.0 5.011771322123148e-09
2681.0 5.010036580156058e-09
2682.0 5.008301838188966e-09
2683.0 5.006567096221878e-09
2684.0 5.004832354254788e-09
2685.0 5.003097612287698e-09
2686.0 5.0013628703206085e-09
2687.0 4.999628128353519e-09
2688.0 4.997893386386427e-09
2689.0 4.996158644419338e-09
2690.0 4.994423902452248e-09
2691.0 4.9926891604851584e-09
2692.0 4.9909544185180686e-09
2693.0 4.989219676550979e-09
2694.0 4.987484934583888e-09
2695.0 4.985750192616798e-09
2696.0 4.984015450649708e-09
2697.0 4.982280708682619e-09
2698.0 4.9805459667155294e-09
2699.0 4.9788112247484396e-09
2700.0 4.977076482781349e-09
2701.0 4.97534174081426e-09
2702.0 4.97360699884717e-09
2703.0 4.97187225688008e-09
2704.0 4.97013751491299e-09
2705.0 4.9684027729459004e-09
2706.0 4.96666803097881e-09
2707.0 4.964933289011721e-09
2708.0 4.963198547044632e-09
2709.0 4.961463805077541e-09
2710.0 4.959729063110452e-09
2711.0 4.957994321143362e-09
2712.0 4.956259579176272e-09
2713.0 4.954524837209182e-09
2714.0 4.9527900952420925e-09
2715.0 4.951055353275002e-09
2716.0 4.949320611307912e-09
2717.0 4.947585869340823e-09
2718.0 4.945851127373733e-09
2719.0 4.944116385406643e-09
2720.0 4.942381643439553e-09
2721.0 4.940646901472463e-09
2722.0 4.938912159505374e-09
2723.0 4.937177417538284e-09
2724.0 4.935442675571194e-09
2725.0 4.933707933604104e-09
2726.0 4.931973191637014e-09
2727.0 4.9302384496699236e-09
2728.0 4.9285037077028345e-09
2729.0 4.926768965735745e-09
2730.0 4.925034223768656e-09
2731.0 4.923299481801566e-09
2732.0 4.921564739834476e-09
2733.0 4.919829997867385e-09
2734.0 4.918095255900295e-09
2735.0 4.9163605139332055e-09
2736.0 4.914625771966116e-09
2737.0 4.912891029999026e-09
2738.0 4.911156288031936e-09
2739.0 4.909421546064845e-09
2740.0 4.907686804097755e-09
2741.0 4.9059520621306655e-09
2742.0 4.904217320163576e-09
2743.0 4.902482578196487e-09
2744.0 4.900747836229397e-09
2745.0 4.899013094262306e-09
2746.0 4.897278352295217e-09
2747.0 4.895543610328128e-09
2748.0 4.893808868361037e-09
2749.0 4.892074126393948e-09
2750.0 4.8903393844268585e-09
2751.0 4.888604642459769e-09
2752.0 4.886869900492679e-09
2753.0 4.885135158525589e-09
2754.0 4.883400416558498e-09
2755.0 4.881665674591409e-09
2756.0 4.879930932624319e-09
2757.0 4.8781961906572295e-09
2758.0 4.87646144869014e-09
2759.0 4.87472670672305e-09
2760.0 4.872991964755959e-09
2761.0 4.871257222788869e-09
2762.0 4.86952248082178e-09
2763.0 4.86778773885469e-09
2764.0 4.8660529968876005e-09
2765.0 4.864318254920511e-09
2766.0 4.86258351295342e-09
2767.0 4.860848770986331e-09
2768.0 4.859114029019241e-09
2769.0 4.857379287052151e-09
2770.0 4.855644545085061e-09
2771.0 4.8539098031179715e-09
2772.0 4.852175061150881e-09
2773.0 4.850440319183792e-09
2774.0 4.848705577216702e-09
2775.0 4.846970835249612e-09
2776.0 4.845236093282522e-09
2777.0 4.843501351315432e-09
2778.0 4.841766609348342e-09
2779.0 4.840031867381253e-09
2780.0 4.838297125414163e-09
2781.0 4.836562383447073e-09
2782.0 4.834827641479983e-09
2783.0 4.833092899512893e-09
2784.0 4.8313581575458025e-09
2785.0 4.829623415578713e-09
2786.0 4.827888673611623e-09
2787.0 4.826153931644533e-09
2788.0 4.824419189677445e-09
2789.0 4.822684447710355e-09
2790.0 4.820949705743265e-09
2791.0 4.819214963776175e-09
2792.0 4.817480221809085e-09
2793.0 4.815745479841995e-09
2794.0 4.8140107378749056e-09
2795.0 4.812275995907816e-09
2796.0 4.810541253940726e-09
2797.0 4.808806511973636e-09
2798.0 4.807071770006546e-09
2799.0 4.8053370280394555e-09
2800.0 4.8036022860723664e-09
2801.0 4.8018675441052766e-09
2802.0 4.800132802138187e-09
2803.0 4.798398060171097e-09
2804.0 4.796663318204007e-09
2805.0 4.794928576236916e-09
2806.0 4.7931938342698265e-09
2807.0 4.791459092302737e-09
2808.0 4.7897243503356476e-09
2809.0 4.787989608368558e-09
2810.0 4.786254866401468e-09
2811.0 4.784520124434377e-09
2812.0 4.782785382467288e-09
2813.0 4.781050640500198e-09
2814.0 4.7793158985331084e-09
2815.0 4.7775811565660186e-09
2816.0 4.775846414598929e-09
2817.0 4.774111672631838e-09
2818.0 4.772376930664749e-09
2819.0 4.770642188697659e-09
2820.0 4.768907446730569e-09
2821.0 4.7671727047634794e-09
2822.0 4.7654379627963896e-09
2823.0 4.763703220829299e-09
2824.0 4.76196847886221e-09
2825.0 4.76023373689512e-09
2826.0 4.75849899492803e-09
2827.0 4.75676425296094e-09
2828.0 4.755029510993851e-09
2829.0 4.753294769026761e-09
2830.0 4.7515600270596715e-09
2831.0 4.749825285092582e-09
2832.0 4.748090543125491e-09
2833.0 4.746355801158402e-09
2834.0 4.744621059191312e-09
2835.0 4.742886317224222e-09
2836.0 4.741151575257132e-09
2837.0 4.7394168332900425e-09
2838.0 4.737682091322952e-09
2839.0 4.735947349355863e-09
2840.0 4.734212607388773e-09
2841.0 4.732477865421684e-09
2842.0 4.730743123454594e-09
2843.0 4.729008381487503e-09
2844.0 4.7272736395204135e-09
2845.0 4.725538897553324e-09
2846.0 4.723804155586234e-09
2847.0 4.722069413619144e-09
2848.0 4.720334671652054e-09
2849.0 4.718599929684964e-09
2850.0 4.7168651877178736e-09
2851.0 4.715130445750784e-09
2852.0 4.713395703783694e-09
2853.0 4.711660961816604e-09
2854.0 4.709926219849515e-09
2855.0 4.708191477882425e-09
2856.0 4.7064567359153344e-09
2857.0 4.704721993948245e-09
2858.0 4.7029872519811555e-09
2859.0 4.701252510014066e-09
2860.0 4.699517768046976e-09
2861.0 4.697783026079886e-09
2862.0 4.696048284112795e-09
2863.0 4.694313542145706e-09
2864.0 4.692578800178616e-09
2865.0 4.6908440582115265e-09
2866.0 4.689109316244437e-09
2867.0 4.687374574277347e-09
2868.0 4.685639832310257e-09
2869.0 4.683905090343168e-09
2870.0 4.682170348376078e-09
2871.0 4.680435606408987e-09
2872.0 4.6787008644418975e-09
2873.0 4.6769661224748085e-09
2874.0 4.675231380507719e-09
2875.0 4.673496638540629e-09
2876.0 4.671761896573539e-09
2877.0 4.670027154606448e-09
2878.0 4.668292412639359e-09
2879.0 4.666678932288172e-09
2880.0 4.665117525310008e-09
2881.0 4.6635561183318415e-09
2882.0 4.6619947113536766e-09
2883.0 4.66043330437551e-09
2884.0 4.658871897397345e-09
2885.0 4.657310490419179e-09
2886.0 4.655749083441013e-09
2887.0 4.654187676462848e-09
2888.0 4.652626269484682e-09
2889.0 4.6510648625065165e-09
2890.0 4.64950345552835e-09
2891.0 4.647942048550185e-09
2892.0 4.6463806415720185e-09
2893.0 4.644819234593854e-09
2894.0 4.643257827615688e-09
2895.0 4.641696420637523e-09
2896.0 4.6401350136593564e-09
2897.0 4.63857360668119e-09
2898.0 4.637012199703026e-09
2899.0 4.63545079272486e-09
2900.0 4.6338893857466935e-09
2901.0 4.632327978768527e-09
2902.0 4.630766571790363e-09
2903.0 4.6292051648121955e-09
2904.0 4.627643757834031e-09
2905.0 4.626082350855865e-09
2906.0 4.6245209438777e-09
2907.0 4.622959536899534e-09
2908.0 4.621398129921367e-09
2909.0 4.619836722943203e-09
2910.0 4.618275315965037e-09
2911.0 4.616713908986871e-09
2912.0 4.615152502008704e-09
2913.0 4.61359109503054e-09
2914.0 4.612029688052373e-09
2915.0 4.6104682810742085e-09
2916.0 4.608906874096042e-09
2917.0 4.607345467117877e-09
2918.0 4.605784060139711e-09
2919.0 4.6042226531615456e-09
2920.0 4.60266124618338e-09
2921.0 4.601099839205213e-09
2922.0 4.599538432227048e-09
2923.0 4.597977025248883e-09
2924.0 4.596415618270718e-09
2925.0 4.59485421129255e-09
2926.0 4.593292804314385e-09
2927.0 4.59173139733622e-09
2928.0 4.590169990358055e-09
2929.0 4.588608583379888e-09
2930.0 4.587047176401723e-09
2931.0 4.585485769423558e-09
2932.0 4.583924362445392e-09
2933.0 4.5823629554672254e-09
2934.0 4.58080154848906e-09
2935.0 4.579240141510895e-09
2936.0 4.5776787345327274e-09
2937.0 4.576117327554562e-09
2938.0 4.574555920576397e-09
2939.0 4.572994513598232e-09
2940.0 4.571433106620066e-09
2941.0 4.5698716996419e-09
2942.0 4.568310292663735e-09
2943.0 4.566748885685569e-09
2944.0 4.565187478707403e-09
2945.0 4.563626071729236e-09
2946.0 4.562064664751072e-09
2947.0 4.560503257772906e-09
2948.0 4.5589418507947396e-09
2949.0 4.557380443816574e-09
2950.0 4.555819036838408e-09
2951.0 4.554257629860243e-09
2952.0 4.5526962228820775e-09
2953.0 4.551134815903913e-09
2954.0 4.549573408925746e-09
2955.0 4.54801200194758e-09
2956.0 4.546450594969415e-09
2957.0 4.54488918799125e-09
2958.0 4.543327781013083e-09
2959.0 4.541766374034917e-09
2960.0 4.540204967056752e-09
2961.0 4.538643560078585e-09
2962.0 4.53708215310042e-09
2963.0 4.5355207461222545e-09
2964.0 4.53395933914409e-09
2965.0 4.532397932165924e-09
2966.0 4.530836525187757e-09
2967.0 4.529275118209592e-09
2968.0 4.527713711231427e-09
2969.0 4.526152304253259e-09
2970.0 4.5245908972750945e-09
2971.0 4.5230294902969296e-09
2972.0 4.521468083318763e-09
2973.0 4.519906676340598e-09
2974.0 4.5183452693624316e-09
2975.0 4.516783862384267e-09
2976.0 4.515222455406101e-09
2977.0 4.513661048427935e-09
2978.0 4.5120996414497695e-09
2979.0 4.510538234471604e-09
2980.0 4.508976827493438e-09
2981.0 4.507415420515272e-09
2982.0 4.505854013537107e-09
2983.0 4.50429260655894e-09
2984.0 4.502731199580775e-09
2985.0 4.501169792602609e-09
2986.0 4.4996083856244445e-09
2987.0 4.498046978646278e-09
2988.0 4.496485571668111e-09
2989.0 4.494924164689947e-09
2990.0 4.493362757711782e-09
2991.0 4.491801350733615e-09
2992.0 4.490239943755449e-09
2993.0 4.488678536777284e-09
2994.0 4.487117129799119e-09
2995.0 4.485555722820952e-09
2996.0 4.4839943158427864e-09
2997.0 4.4824329088646215e-09
2998.0 4.480871501886456e-09
2999.0 4.4793100949082884e-09
3000.0 4.477748687930124e-09
3001.0 4.476187280951959e-09
3002.0 4.474625873973793e-09
3003.0 4.473064466995626e-09
3004.0 4.4715030600174615e-09
3005.0 4.469941653039296e-09
3006.0 4.46838024606113e-09
3007.0 4.4668188390829635e-09
3008.0 4.4652574321047986e-09
3009.0 4.463696025126633e-09
3010.0 4.462134618148466e-09
3011.0 4.460573211170302e-09
3012.0 4.459011804192135e-09
3013.0 4.45745039721397e-09
3014.0 4.455888990235804e-09
3015.0 4.454327583257639e-09
3016.0 4.452766176279473e-09
3017.0 4.451204769301307e-09
3018.0 4.449643362323141e-09
3019.0 4.4480819553449764e-09
3020.0 4.44652054836681e-09
3021.0 4.444959141388643e-09
3022.0 4.443397734410479e-09
3023.0 4.441836327432312e-09
3024.0 4.440274920454147e-09
3025.0 4.438713513475981e-09
3026.0 4.437152106497816e-09
3027.0 4.435590699519651e-09
3028.0 4.434029292541484e-09
3029.0 4.432467885563318e-09
3030.0 4.4309064785851535e-09
3031.0 4.429345071606988e-09
3032.0 4.427783664628821e-09
3033.0 4.426222257650656e-09
3034.0 4.42466085067249e-09
3035.0 4.423099443694325e-09
3036.0 4.421538036716158e-09
3037.0 4.419976629737993e-09
3038.0 4.418415222759828e-09
3039.0 4.416853815781662e-09
3040.0 4.415292408803497e-09
3041.0 4.4137310018253305e-09
3042.0 4.412169594847165e-09
3043.0 4.410608187868999e-09
3044.0 4.409046780890834e-09
3045.0 4.407485373912667e-09
3046.0 4.405923966934502e-09
3047.0 4.404362559956336e-09
3048.0 4.402801152978171e-09
3049.0 4.401239746000005e-09
3050.0 4.399678339021838e-09
3051.0 4.398116932043674e-09
3052.0 4.396555525065508e-09
3053.0 4.394994118087342e-09
3054.0 4.393432711109176e-09
3055.0 4.391871304131011e-09
3056.0 4.3903098971528454e-09
3057.0 4.388748490174679e-09
3058.0 4.387187083196513e-09
3059.0 4.385625676218348e-09
3060.0 4.3840642692401825e-09
3061.0 4.382502862262015e-09
3062.0 4.380941455283851e-09
3063.0 4.379380048305685e-09
3064.0 4.37781864132752e-09
3065.0 4.376257234349353e-09
3066.0 4.374695827371188e-09
3067.0 4.3731344203930225e-09
3068.0 4.371573013414857e-09
3069.0 4.37001160643669e-09
3070.0 4.368450199458525e-09
3071.0 4.3668887924803596e-09
3072.0 4.365327385502193e-09
3073.0 4.363765978524029e-09
3074.0 4.3622045715458616e-09
3075.0 4.360643164567697e-09
3076.0 4.359081757589531e-09
3077.0 4.357520350611366e-09
3078.0 4.3559589436331995e-09
3079.0 4.354397536655034e-09
3080.0 4.352836129676869e-09
3081.0 4.351274722698703e-09
3082.0 4.349713315720537e-09
3083.0 4.34815190874237e-09
3084.0 4.346590501764206e-09
3085.0 4.3450290947860394e-09
3086.0 4.343467687807874e-09
3087.0 4.341906280829708e-09
3088.0 4.340344873851543e-09
3089.0 4.338783466873377e-09
3090.0 4.337222059895211e-09
3091.0 4.335660652917046e-09
3092.0 4.33409924593888e-09
3093.0 4.3325378389607145e-09
3094.0 4.330976431982547e-09
3095.0 4.329415025004383e-09
3096.0 4.3278536180262165e-09
3097.0 4.3262922110480516e-09
3098.0 4.324730804069885e-09
3099.0 4.32316939709172e-09
3100.0 4.321607990113554e-09
