2.0 9.012747319508072e-09
3.0 1.2163882159450325e-08
4.0 1.5128121422389225e-08
5.0 1.7901418593047465e-08
6.0 2.0496530800938642e-08
7.0 2.2899450201968164e-08
8.0 2.511998225591884e-08
9.0 2.7190188138363346e-08
10.0 2.909703319524082e-08
11.0 3.084924916854405e-08
12.0 3.250522392011806e-08
13.0 3.397156431989278e-08
14.0 3.533073232413624e-08
15.0 3.6628996011714574e-08
16.0 3.7785241995096925e-08
17.0 3.8783377684162516e-08
18.0 3.974831524446938e-08
19.0 4.064042975944714e-08
20.0 4.145209157051441e-08
21.0 4.2083458992376364e-08
22.0 4.2689417664234016e-08
23.0 4.3270906384101245e-08
24.0 4.3761582111723994e-08
25.0 4.422244366544654e-08
26.0 4.4497039401158464e-08
27.0 4.476198516420875e-08
28.0 4.4972754136154686e-08
29.0 4.5177224340443195e-08
30.0 4.531226382344448e-08
31.0 4.5447303306445764e-08
32.0 4.542326890485526e-08
33.0 4.5372446458365064e-08
34.0 4.528745412204489e-08
35.0 4.5161863490430525e-08
36.0 4.503627285881615e-08
37.0 4.487609598395976e-08
38.0 4.4710904898478795e-08
39.0 4.4534889827750205e-08
40.0 4.425042094596867e-08
41.0 4.396595206418713e-08
42.0 4.3675731048012194e-08
43.0 4.332992644489323e-08
44.0 4.298412184177429e-08
45.0 4.263831723865533e-08
46.0 4.2285071723637886e-08
47.0 4.193067461162922e-08
48.0 4.1576277499620564e-08
49.0 4.121258703406435e-08
50.0 4.08343334160192e-08
51.0 4.045607979797406e-08
52.0 4.007782617992891e-08
53.0 3.9689880501217276e-08
54.0 3.929660876645012e-08
55.0 3.890333703168296e-08
56.0 3.851006529691581e-08
57.0 3.811967135566553e-08
58.0 3.7731095996012195e-08
59.0 3.734252063635885e-08
60.0 3.69539452767055e-08
61.0 3.657252234613775e-08
62.0 3.621047950192972e-08
63.0 3.584843665772169e-08
64.0 3.5486393813513664e-08
65.0 3.5124350969305644e-08
66.0 3.477638134026774e-08
67.0 3.443811712968296e-08
68.0 3.409985291909819e-08
69.0 3.376158870851341e-08
70.0 3.342332449792864e-08
71.0 3.3089369152724025e-08
72.0 3.2758885290968274e-08
73.0 3.242840142921252e-08
74.0 3.2097917567456763e-08
75.0 3.176743370570102e-08
76.0 3.144078519084864e-08
77.0 3.114032751856023e-08
78.0 3.083986984627182e-08
79.0 3.0539412173983405e-08
80.0 3.0238954501695e-08
81.0 2.9938496829406594e-08
82.0 2.964765765895357e-08
83.0 2.9381102346945486e-08
84.0 2.91145470349374e-08
85.0 2.8847991722929318e-08
86.0 2.8581436410921236e-08
87.0 2.8314881098913143e-08
88.0 2.8048325786905058e-08
89.0 2.7789601372660508e-08
90.0 2.7530959594310262e-08
91.0 2.7272317815960023e-08
92.0 2.7013676037609784e-08
93.0 2.675503425925954e-08
94.0 2.6496392480909306e-08
95.0 2.6242644467309226e-08
96.0 2.600723999270861e-08
97.0 2.5771835518107996e-08
98.0 2.5536431043507384e-08
99.0 2.530102656890677e-08
100.0 2.5065622094306146e-08
101.0 2.483021761970554e-08
102.0 2.459481314510492e-08
103.0 2.438858147452999e-08
104.0 2.4185252802874134e-08
105.0 2.3981924131218276e-08
106.0 2.3778595459562425e-08
107.0 2.3575266787906567e-08
108.0 2.337193811625071e-08
109.0 2.3168609444594857e-08
110.0 2.2965651099492645e-08
111.0 2.277036808182661e-08
112.0 2.2575085064160568e-08
113.0 2.2379802046494534e-08
114.0 2.218451902882849e-08
115.0 2.1989236011162447e-08
116.0 2.1793952993496413e-08
117.0 2.1598669975830373e-08
118.0 2.1403386958164332e-08
119.0 2.1217874827226433e-08
120.0 2.1039529243769886e-08
121.0 2.0861183660313328e-08
122.0 2.068283807685678e-08
123.0 2.050449249340023e-08
124.0 2.032614690994368e-08
125.0 2.0147801326487128e-08
126.0 1.9969455743030577e-08
127.0 1.9791110159574026e-08
128.0 1.9626018387455997e-08
129.0 1.9476776309593875e-08
130.0 1.9327534231731747e-08
131.0 1.917829215386962e-08
132.0 1.9029050076007496e-08
133.0 1.887980799814537e-08
134.0 1.8730565920283246e-08
135.0 1.8581323842421117e-08
136.0 1.8432081764558995e-08
137.0 1.8282839686696867e-08
138.0 1.8138733884714815e-08
139.0 1.799762723291162e-08
140.0 1.7856520581108424e-08
141.0 1.771541392930523e-08
142.0 1.7574307277502033e-08
143.0 1.743320062569884e-08
144.0 1.7292093973895643e-08
145.0 1.715098732209245e-08
146.0 1.7009880670289255e-08
147.0 1.686877401848606e-08
148.0 1.6728265477116508e-08
149.0 1.6598979550054946e-08
150.0 1.6469693622993374e-08
151.0 1.6340407695931802e-08
152.0 1.6211121768870233e-08
153.0 1.6081835841808665e-08
154.0 1.5952549914747096e-08
155.0 1.5823263987685528e-08
156.0 1.5693978060623956e-08
157.0 1.556469213356239e-08
158.0 1.5435406206500822e-08
159.0 1.530612027943925e-08
160.0 1.5193082543790204e-08
161.0 1.508860781002764e-08
162.0 1.498413307626507e-08
163.0 1.4879658342502505e-08
164.0 1.4775183608739935e-08
165.0 1.467070887497737e-08
166.0 1.4566234141214801e-08
167.0 1.4461759407452236e-08
168.0 1.4357284673689672e-08
169.0 1.4252809939927101e-08
170.0 1.4148335206164537e-08
171.0 1.4043860472401966e-08
172.0 1.3942485038670881e-08
173.0 1.384613644753155e-08
174.0 1.3749787856392215e-08
175.0 1.3653439265252885e-08
176.0 1.3557090674113551e-08
177.0 1.3460742082974217e-08
178.0 1.3364393491834886e-08
179.0 1.326804490069555e-08
180.0 1.3171696309556219e-08
181.0 1.3075347718416885e-08
182.0 1.2978999127277551e-08
183.0 1.2882650536138219e-08
184.0 1.2786301944998882e-08
185.0 1.2691189283801086e-08
186.0 1.2602443329360925e-08
187.0 1.2513697374920764e-08
188.0 1.24249514204806e-08
189.0 1.2336205466040437e-08
190.0 1.2247459511600275e-08
191.0 1.215871355716011e-08
192.0 1.206996760271995e-08
193.0 1.1981221648279785e-08
194.0 1.1892475693839626e-08
195.0 1.1803729739399464e-08
196.0 1.1714983784959305e-08
197.0 1.1626237830519137e-08
198.0 1.1537491876078976e-08
199.0 1.1448745921638812e-08
200.0 1.1377568525089371e-08
201.0 1.1307804123017963e-08
202.0 1.123803972094656e-08
203.0 1.1168275318875154e-08
204.0 1.1098510916803748e-08
205.0 1.1028746514732344e-08
206.0 1.0958982112660937e-08
207.0 1.0889217710589532e-08
208.0 1.0819453308518125e-08
209.0 1.0749688906446717e-08
210.0 1.0679924504375313e-08
211.0 1.061016010230391e-08
212.0 1.0540395700232505e-08
213.0 1.0470631298161096e-08
214.0 1.0400866896089693e-08
215.0 1.0335626773555186e-08
216.0 1.0273505312910353e-08
217.0 1.0211383852265524e-08
218.0 1.0149262391620693e-08
219.0 1.0087140930975864e-08
220.0 1.0025019470331033e-08
221.0 9.962898009686206e-09
222.0 9.900776549041375e-09
223.0 9.838655088396546e-09
224.0 9.776533627751717e-09
225.0 9.714412167106888e-09
226.0 9.652290706462057e-09
227.0 9.590169245817228e-09
228.0 9.528047785172397e-09
229.0 9.46592632452757e-09
230.0 9.403804863882737e-09
231.0 9.34202976833634e-09
232.0 9.284389785585242e-09
233.0 9.226749802834143e-09
234.0 9.169109820083045e-09
235.0 9.111469837331945e-09
236.0 9.053829854580848e-09
237.0 8.99618987182975e-09
238.0 8.938549889078652e-09
239.0 8.880909906327552e-09
240.0 8.823269923576455e-09
241.0 8.765629940825354e-09
242.0 8.707989958074256e-09
243.0 8.650349975323158e-09
244.0 8.59270999257206e-09
245.0 8.535070009820962e-09
246.0 8.477430027069861e-09
247.0 8.419790044318762e-09
248.0 8.362150061567666e-09
249.0 8.3083533983307e-09
250.0 8.263939450465963e-09
251.0 8.219525502601224e-09
252.0 8.175111554736485e-09
253.0 8.130697606871748e-09
254.0 8.086283659007008e-09
255.0 8.04186971114227e-09
256.0 7.997455763277534e-09
257.0 7.953041815412794e-09
258.0 7.908627867548057e-09
259.0 7.864213919683319e-09
260.0 7.81979997181858e-09
261.0 7.775386023953841e-09
262.0 7.730972076089105e-09
263.0 7.686558128224366e-09
264.0 7.642144180359628e-09
265.0 7.59773023249489e-09
266.0 7.55331628463015e-09
267.0 7.508902336765414e-09
268.0 7.465351728298754e-09
269.0 7.42738660659896e-09
270.0 7.389421484899164e-09
271.0 7.351456363199367e-09
272.0 7.313491241499574e-09
273.0 7.2755261197997785e-09
274.0 7.2375609980999826e-09
275.0 7.199595876400189e-09
276.0 7.161630754700393e-09
277.0 7.1236656330005996e-09
278.0 7.085700511300804e-09
279.0 7.0477353896010084e-09
280.0 7.0097702679012125e-09
281.0 6.9718051462014165e-09
282.0 6.933840024501623e-09
283.0 6.895874902801827e-09
284.0 6.857909781102031e-09
285.0 6.8199446594022375e-09
286.0 6.781979537702442e-09
287.0 6.744014416002647e-09
288.0 6.706049294302852e-09
289.0 6.669352276765671e-09
290.0 6.633915133581469e-09
291.0 6.59847799039727e-09
292.0 6.563040847213068e-09
293.0 6.527603704028868e-09
294.0 6.4921665608446675e-09
295.0 6.4567294176604675e-09
296.0 6.421292274476267e-09
297.0 6.385855131292064e-09
298.0 6.350417988107865e-09
299.0 6.314980844923665e-09
300.0 6.279543701739464e-09
301.0 6.244106558555264e-09
302.0 6.208669415371062e-09
303.0 6.173232272186862e-09
304.0 6.137795129002661e-09
305.0 6.102357985818461e-09
306.0 6.066920842634261e-09
307.0 6.03148369945006e-09
308.0 5.996046556265859e-09
309.0 5.960609413081659e-09
310.0 5.925172269897459e-09
311.0 5.89204826262085e-09
312.0 5.8648666580188895e-09
313.0 5.837685053416933e-09
314.0 5.810503448814973e-09
315.0 5.783321844213017e-09
316.0 5.756140239611057e-09
317.0 5.728958635009101e-09
318.0 5.701777030407143e-09
319.0 5.674595425805185e-09
320.0 5.647413821203227e-09
321.0 5.62023221660127e-09
322.0 5.593050611999312e-09
323.0 5.565869007397354e-09
324.0 5.538687402795396e-09
325.0 5.511505798193438e-09
326.0 5.48432419359148e-09
327.0 5.457142588989522e-09
328.0 5.429960984387565e-09
329.0 5.402779379785607e-09
330.0 5.375597775183649e-09
331.0 5.348416170581691e-09
332.0 5.321234565979733e-09
333.0 5.294052961377775e-09
334.0 5.266871356775818e-09
335.0 5.2414354734297836e-09
336.0 5.2192824205562035e-09
337.0 5.197129367682625e-09
338.0 5.174976314809045e-09
339.0 5.152823261935466e-09
340.0 5.1306702090618865e-09
341.0 5.1085171561883065e-09
342.0 5.086364103314727e-09
343.0 5.064211050441147e-09
344.0 5.042057997567567e-09
345.0 5.019904944693988e-09
346.0 4.997751891820408e-09
347.0 4.975598838946829e-09
348.0 4.953445786073249e-09
349.0 4.931292733199669e-09
350.0 4.90913968032609e-09
351.0 4.886986627452511e-09
352.0 4.86483357457893e-09
353.0 4.84268052170535e-09
354.0 4.820527468831771e-09
355.0 4.798374415958191e-09
356.0 4.776221363084612e-09
357.0 4.754068310211032e-09
358.0 4.731915257337452e-09
359.0 4.7097622044638735e-09
360.0 4.6876091515902934e-09
361.0 4.666245104259008e-09
362.0 4.645474567553384e-09
363.0 4.624704030847758e-09
364.0 4.603933494142133e-09
365.0 4.583162957436508e-09
366.0 4.562392420730883e-09
367.0 4.541621884025258e-09
368.0 4.520851347319633e-09
369.0 4.500080810614008e-09
370.0 4.479310273908383e-09
371.0 4.4585397372027575e-09
372.0 4.437769200497132e-09
373.0 4.4169986637915074e-09
374.0 4.396228127085882e-09
375.0 4.375457590380257e-09
376.0 4.354687053674633e-09
377.0 4.333916516969007e-09
378.0 4.313145980263383e-09
379.0 4.292375443557757e-09
380.0 4.271604906852132e-09
381.0 4.250834370146506e-09
382.0 4.2300638334408816e-09
383.0 4.209293296735257e-09
384.0 4.1885227600296315e-09
385.0 4.167752223324006e-09
386.0 4.1469816866183806e-09
387.0 4.126211149912756e-09
388.0 4.105440613207131e-09
389.0 4.088522455387862e-09
390.0 4.072514850768441e-09
391.0 4.0565072461490206e-09
392.0 4.0404996415296e-09
393.0 4.024492036910179e-09
394.0 4.008484432290758e-09
395.0 3.992476827671338e-09
396.0 3.9764692230519175e-09
397.0 3.960461618432498e-09
398.0 3.944454013813075e-09
399.0 3.928446409193655e-09
400.0 3.912438804574235e-09
401.0 3.896431199954814e-09
402.0 3.880423595335393e-09
403.0 3.864415990715973e-09
404.0 3.8484083860965525e-09
405.0 3.832400781477131e-09
406.0 3.816393176857711e-09
407.0 3.80038557223829e-09
408.0 3.784377967618869e-09
409.0 3.7683703629994485e-09
410.0 3.752362758380028e-09
411.0 3.736355153760607e-09
412.0 3.720347549141187e-09
413.0 3.704339944521766e-09
414.0 3.688332339902346e-09
415.0 3.672324735282925e-09
416.0 3.6563171306635046e-09
417.0 3.6403095260440844e-09
418.0 3.6243019214246638e-09
419.0 3.611523764427554e-09
420.0 3.599070457762668e-09
421.0 3.586617151097783e-09
422.0 3.5741638444328958e-09
423.0 3.5617105377680103e-09
424.0 3.5492572311031244e-09
425.0 3.5368039244382385e-09
426.0 3.524350617773352e-09
427.0 3.511897311108466e-09
428.0 3.4994440044435796e-09
429.0 3.486990697778694e-09
430.0 3.474537391113807e-09
431.0 3.4620840844489215e-09
432.0 3.4496307777840356e-09
433.0 3.4371774711191497e-09
434.0 3.424724164454264e-09
435.0 3.412270857789377e-09
436.0 3.399817551124491e-09
437.0 3.387364244459605e-09
438.0 3.3749109377947182e-09
439.0 3.362457631129833e-09
440.0 3.350004324464947e-09
441.0 3.3375510178000605e-09
442.0 3.325097711135175e-09
443.0 3.3126444044702888e-09
444.0 3.300191097805402e-09
445.0 3.287737791140516e-09
446.0 3.2752844844756303e-09
447.0 3.2628311778107444e-09
448.0 3.250377871145859e-09
449.0 3.2379245644809718e-09
450.0 3.2254712578160867e-09
451.0 3.213564540703994e-09
452.0 3.201886172239433e-09
453.0 3.1902078037748735e-09
454.0 3.1785294353103125e-09
455.0 3.166851066845752e-09
456.0 3.1551726983811914e-09
457.0 3.1434943299166313e-09
458.0 3.1318159614520703e-09
459.0 3.12013759298751e-09
460.0 3.1084592245229496e-09
461.0 3.0967808560583895e-09
462.0 3.0851024875938285e-09
463.0 3.0734241191292676e-09
464.0 3.0617457506647066e-09
465.0 3.050067382200146e-09
466.0 3.038389013735586e-09
467.0 3.0267106452710254e-09
468.0 3.015032276806465e-09
469.0 3.003353908341904e-09
470.0 2.991675539877344e-09
471.0 2.9799971714127828e-09
472.0 2.9683188029482226e-09
473.0 2.956640434483662e-09
474.0 2.9449620660191015e-09
475.0 2.933283697554541e-09
476.0 2.9216053290899804e-09
477.0 2.909926960625419e-09
478.0 2.898248592160859e-09
479.0 2.8865702236962984e-09
480.0 2.8748918552317382e-09
481.0 2.8632134867671773e-09
482.0 2.851535118302617e-09
483.0 2.8398567498380566e-09
484.0 2.828178381373496e-09
485.0 2.8165552458110835e-09
486.0 2.8074312776725665e-09
487.0 2.7983073095340502e-09
488.0 2.7891833413955344e-09
489.0 2.7800593732570174e-09
490.0 2.770935405118501e-09
491.0 2.7618114369799845e-09
492.0 2.7526874688414666e-09
493.0 2.7435635007029508e-09
494.0 2.7344395325644337e-09
495.0 2.7253155644259175e-09
496.0 2.7161915962874012e-09
497.0 2.707067628148885e-09
498.0 2.6979436600103684e-09
499.0 2.6888196918718513e-09
500.0 2.6796957237333342e-09
501.0 2.6705717555948184e-09
502.0 2.6614477874563018e-09
503.0 2.6523238193177855e-09
504.0 2.643199851179269e-09
505.0 2.6340758830407522e-09
506.0 2.624951914902235e-09
507.0 2.615827946763719e-09
508.0 2.6067039786252023e-09
509.0 2.5975800104866852e-09
510.0 2.588456042348169e-09
511.0 2.5793320742096524e-09
512.0 2.5702081060711357e-09
513.0 2.5610841379326195e-09
514.0 2.5519601697941024e-09
515.0 2.542836201655586e-09
516.0 2.5337122335170695e-09
517.0 2.5245882653785533e-09
518.0 2.5154642972400362e-09
519.0 2.50634032910152e-09
520.0 2.4972163609630034e-09
521.0 2.4880923928244867e-09
522.0 2.47896842468597e-09
523.0 2.4713950014808915e-09
524.0 2.4645977199411355e-09
525.0 2.4578004384013794e-09
526.0 2.4510031568616237e-09
527.0 2.4442058753218673e-09
528.0 2.4374085937821116e-09
529.0 2.430611312242356e-09
530.0 2.4238140307025994e-09
531.0 2.4170167491628438e-09
532.0 2.410219467623088e-09
533.0 2.4034221860833325e-09
534.0 2.396624904543576e-09
535.0 2.3898276230038203e-09
536.0 2.383030341464064e-09
537.0 2.376233059924308e-09
538.0 2.3694357783845525e-09
539.0 2.362638496844796e-09
540.0 2.3558412153050404e-09
541.0 2.3490439337652847e-09
542.0 2.3422466522255286e-09
543.0 2.3354493706857726e-09
544.0 2.3286520891460165e-09
545.0 2.3218548076062604e-09
546.0 2.3150575260665047e-09
547.0 2.3082602445267487e-09
548.0 2.3014629629869926e-09
549.0 2.2946656814472365e-09
550.0 2.2878683999074805e-09
551.0 2.281071118367725e-09
552.0 2.2742738368279687e-09
553.0 2.2674765552882126e-09
554.0 2.2606792737484566e-09
555.0 2.253881992208701e-09
556.0 2.247084710668945e-09
557.0 2.240287429129189e-09
558.0 2.2334901475894327e-09
559.0 2.226692866049677e-09
560.0 2.2198955845099214e-09
561.0 2.213098302970165e-09
562.0 2.2063010214304092e-09
563.0 2.1997030745655402e-09
564.0 2.193365145063856e-09
565.0 2.187027215562172e-09
566.0 2.1806892860604884e-09
567.0 2.1743513565588045e-09
568.0 2.16801342705712e-09
569.0 2.1616754975554366e-09
570.0 2.1553375680537522e-09
571.0 2.1489996385520687e-09
572.0 2.1426617090503848e-09
573.0 2.136323779548701e-09
574.0 2.1299858500470173e-09
575.0 2.123647920545333e-09
576.0 2.117309991043649e-09
577.0 2.1109720615419654e-09
578.0 2.104634132040281e-09
579.0 2.0982962025385976e-09
580.0 2.091958273036913e-09
581.0 2.0856203435352293e-09
582.0 2.0792824140335457e-09
583.0 2.0729444845318614e-09
584.0 2.0666065550301774e-09
585.0 2.0602686255284935e-09
586.0 2.0539306960268095e-09
587.0 2.0475927665251256e-09
588.0 2.041254837023442e-09
589.0 2.034916907521758e-09
590.0 2.028578978020074e-09
591.0 2.0222410485183902e-09
592.0 2.0159031190167063e-09
593.0 2.0095651895150223e-09
594.0 2.0032272600133384e-09
595.0 1.9968893305116545e-09
596.0 1.990551401009971e-09
597.0 1.9842134715082866e-09
598.0 1.977875542006603e-09
599.0 1.9715376125049183e-09
600.0 1.9651996830032347e-09
601.0 1.958861753501551e-09
602.0 1.952523823999867e-09
603.0 1.9461858944981833e-09
604.0 1.9398479649964994e-09
605.0 1.9335100354948154e-09
606.0 1.9273030639091283e-09
607.0 1.922241620482271e-09
608.0 1.9171801770554146e-09
609.0 1.9121187336285578e-09
610.0 1.9070572902017005e-09
611.0 1.9019958467748436e-09
612.0 1.8969344033479868e-09
613.0 1.89187295992113e-09
614.0 1.886811516494273e-09
615.0 1.8817500730674162e-09
616.0 1.8766886296405594e-09
617.0 1.871627186213702e-09
618.0 1.8665657427868457e-09
619.0 1.8615042993599884e-09
620.0 1.856442855933132e-09
621.0 1.8513814125062745e-09
622.0 1.8463199690794176e-09
623.0 1.841258525652561e-09
624.0 1.8361970822257041e-09
625.0 1.8311356387988473e-09
626.0 1.8260741953719904e-09
627.0 1.8210127519451336e-09
628.0 1.8159513085182767e-09
629.0 1.8108898650914199e-09
630.0 1.805828421664563e-09
631.0 1.8007669782377061e-09
632.0 1.7957055348108489e-09
633.0 1.7906440913839918e-09
634.0 1.7855826479571352e-09
635.0 1.7805212045302781e-09
636.0 1.7754597611034215e-09
637.0 1.7703983176765646e-09
638.0 1.7653368742497078e-09
639.0 1.760275430822851e-09
640.0 1.755213987395994e-09
641.0 1.7501525439691372e-09
642.0 1.74509110054228e-09
643.0 1.740029657115423e-09
644.0 1.7349682136885662e-09
645.0 1.7299067702617094e-09
646.0 1.7248453268348525e-09
647.0 1.7197838834079954e-09
648.0 1.7147224399811388e-09
649.0 1.7096609965542817e-09
650.0 1.7045995531274247e-09
651.0 1.6995381097005678e-09
652.0 1.694476666273711e-09
653.0 1.6900393055821315e-09
654.0 1.6864169594798775e-09
655.0 1.682794613377624e-09
656.0 1.6791722672753701e-09
657.0 1.6755499211731162e-09
658.0 1.6719275750708626e-09
659.0 1.668305228968609e-09
660.0 1.6646828828663546e-09
661.0 1.661060536764101e-09
662.0 1.6574381906618475e-09
663.0 1.6538158445595937e-09
664.0 1.65019349845734e-09
665.0 1.6465711523550862e-09
666.0 1.6429488062528322e-09
667.0 1.6393264601505784e-09
668.0 1.6357041140483246e-09
669.0 1.632081767946071e-09
670.0 1.6284594218438173e-09
671.0 1.6248370757415635e-09
672.0 1.6212147296393102e-09
673.0 1.6175923835370562e-09
674.0 1.6139700374348022e-09
675.0 1.6103476913325482e-09
676.0 1.6067253452302947e-09
677.0 1.603102999128041e-09
678.0 1.5994806530257871e-09
679.0 1.5958583069235331e-09
680.0 1.5922359608212792e-09
681.0 1.5886136147190258e-09
682.0 1.5849912686167722e-09
683.0 1.5813689225145183e-09
684.0 1.5777465764122647e-09
685.0 1.5741242303100103e-09
686.0 1.5705018842077567e-09
687.0 1.5668795381055028e-09
688.0 1.5632571920032494e-09
689.0 1.5596348459009956e-09
690.0 1.5560124997987418e-09
691.0 1.5523901536964883e-09
692.0 1.5487678075942343e-09
693.0 1.5451454614919803e-09
694.0 1.5415231153897263e-09
695.0 1.537900769287473e-09
696.0 1.5342784231852192e-09
697.0 1.5306560770829652e-09
698.0 1.5270337309807112e-09
699.0 1.5234113848784579e-09
700.0 1.5197890387762043e-09
701.0 1.5161666926739503e-09
702.0 1.5125443465716968e-09
703.0 1.5089689506146342e-09
704.0 1.5056226471989615e-09
705.0 1.5022763437832891e-09
706.0 1.4989300403676165e-09
707.0 1.4955837369519443e-09
708.0 1.4922374335362713e-09
709.0 1.4888911301205997e-09
710.0 1.4855448267049265e-09
711.0 1.4821985232892545e-09
712.0 1.4788522198735819e-09
713.0 1.4755059164579095e-09
714.0 1.4721596130422368e-09
715.0 1.4688133096265646e-09
716.0 1.465467006210892e-09
717.0 1.46212070279522e-09
718.0 1.4587743993795468e-09
719.0 1.4554280959638748e-09
720.0 1.4520817925482022e-09
721.0 1.44873548913253e-09
722.0 1.4453891857168574e-09
723.0 1.442042882301185e-09
724.0 1.4386965788855123e-09
725.0 1.4353502754698401e-09
726.0 1.4320039720541677e-09
727.0 1.4286576686384951e-09
728.0 1.425311365222823e-09
729.0 1.4219650618071503e-09
730.0 1.4186187583914779e-09
731.0 1.4152724549758053e-09
732.0 1.4119261515601327e-09
733.0 1.4085798481444605e-09
734.0 1.405233544728788e-09
735.0 1.4018872413131154e-09
736.0 1.3985409378974432e-09
737.0 1.3951946344817706e-09
738.0 1.3918483310660984e-09
739.0 1.3885020276504258e-09
740.0 1.3851557242347532e-09
741.0 1.3818094208190808e-09
742.0 1.3784631174034086e-09
743.0 1.3751168139877362e-09
744.0 1.3717705105720635e-09
745.0 1.3684242071563913e-09
746.0 1.3650779037407187e-09
747.0 1.3617316003250463e-09
748.0 1.3583852969093735e-09
749.0 1.3550389934937015e-09
750.0 1.3516926900780285e-09
751.0 1.3483463866623565e-09
752.0 1.3450000832466839e-09
753.0 1.3416537798310117e-09
754.0 1.338307476415339e-09
755.0 1.3349611729996666e-09
756.0 1.3316148695839938e-09
757.0 1.3282900476521504e-09
758.0 1.3255578984233045e-09
759.0 1.3228257491944584e-09
760.0 1.320093599965613e-09
761.0 1.317361450736767e-09
762.0 1.3146293015079211e-09
763.0 1.3118971522790754e-09
764.0 1.3091650030502295e-09
765.0 1.3064328538213836e-09
766.0 1.303700704592538e-09
767.0 1.300968555363692e-09
768.0 1.298236406134846e-09
769.0 1.2955042569060003e-09
770.0 1.2927721076771544e-09
771.0 1.2900399584483087e-09
772.0 1.2873078092194628e-09
773.0 1.284575659990617e-09
774.0 1.2818435107617712e-09
775.0 1.2791113615329253e-09
776.0 1.2763792123040794e-09
777.0 1.273647063075234e-09
778.0 1.2709149138463878e-09
779.0 1.268182764617542e-09
780.0 1.2654506153886963e-09
781.0 1.2627184661598504e-09
782.0 1.2599863169310049e-09
783.0 1.2572541677021588e-09
784.0 1.2545220184733129e-09
785.0 1.2517898692444672e-09
786.0 1.2490577200156215e-09
787.0 1.2463255707867754e-09
788.0 1.2435934215579297e-09
789.0 1.2408612723290838e-09
790.0 1.238129123100238e-09
791.0 1.2353969738713923e-09
792.0 1.2326648246425464e-09
793.0 1.2299326754137007e-09
794.0 1.2272005261848548e-09
795.0 1.224468376956009e-09
796.0 1.2217362277271632e-09
797.0 1.2190040784983173e-09
798.0 1.2162719292694714e-09
799.0 1.2135397800406255e-09
800.0 1.21080763081178e-09
801.0 1.2080754815829341e-09
802.0 1.205343332354088e-09
803.0 1.2026111831252423e-09
804.0 1.1998790338963967e-09
805.0 1.1971468846675506e-09
806.0 1.1944147354387049e-09
807.0 1.191682586209859e-09
808.0 1.1889504369810133e-09
809.0 1.1862182877521674e-09
810.0 1.1834861385233215e-09
811.0 1.1807539892944758e-09
812.0 1.17802184006563e-09
813.0 1.1752896908367842e-09
814.0 1.1725575416079381e-09
815.0 1.1698253923790924e-09
816.0 1.1676963691971418e-09
817.0 1.165790257454458e-09
818.0 1.1638841457117743e-09
819.0 1.1619780339690904e-09
820.0 1.1600719222264066e-09
821.0 1.158165810483723e-09
822.0 1.1562596987410392e-09
823.0 1.1543535869983552e-09
824.0 1.1524474752556717e-09
825.0 1.1505413635129878e-09
826.0 1.148635251770304e-09
827.0 1.1467291400276199e-09
828.0 1.1448230282849366e-09
829.0 1.1429169165422528e-09
830.0 1.141010804799569e-09
831.0 1.1391046930568852e-09
832.0 1.1371985813142012e-09
833.0 1.1352924695715177e-09
834.0 1.1333863578288338e-09
835.0 1.1314802460861498e-09
836.0 1.1295741343434663e-09
837.0 1.1276680226007824e-09
838.0 1.1257619108580986e-09
839.0 1.1238557991154147e-09
840.0 1.1219496873727312e-09
841.0 1.1200435756300472e-09
842.0 1.1181374638873633e-09
843.0 1.1162313521446798e-09
844.0 1.1143252404019958e-09
845.0 1.1124191286593123e-09
846.0 1.1105130169166282e-09
847.0 1.1086069051739446e-09
848.0 1.1067007934312607e-09
849.0 1.1047946816885772e-09
850.0 1.102888569945893e-09
851.0 1.1009824582032097e-09
852.0 1.0990763464605258e-09
853.0 1.0971702347178418e-09
854.0 1.095264122975158e-09
855.0 1.0933580112324744e-09
856.0 1.0914518994897906e-09
857.0 1.089545787747107e-09
858.0 1.087639676004423e-09
859.0 1.0857335642617392e-09
860.0 1.0838274525190555e-09
861.0 1.0819213407763718e-09
862.0 1.0800152290336878e-09
863.0 1.078109117291004e-09
864.0 1.0762030055483204e-09
865.0 1.0742968938056366e-09
866.0 1.0723907820629529e-09
867.0 1.070484670320269e-09
868.0 1.0685785585775854e-09
869.0 1.0666724468349015e-09
870.0 1.0647663350922178e-09
871.0 1.062860223349534e-09
872.0 1.0609541116068503e-09
873.0 1.0590479998641664e-09
874.0 1.0571418881214828e-09
875.0 1.0552357763787989e-09
876.0 1.0533296646361152e-09
877.0 1.0514235528934312e-09
878.0 1.0495174411507475e-09
879.0 1.0477783288153763e-09
880.0 1.0460509386903123e-09
881.0 1.0443235485652483e-09
882.0 1.042596158440184e-09
883.0 1.04086876831512e-09
884.0 1.0391413781900562e-09
885.0 1.037413988064992e-09
886.0 1.035686597939928e-09
887.0 1.0339592078148637e-09
888.0 1.0322318176897996e-09
889.0 1.0305044275647358e-09
890.0 1.0287770374396716e-09
891.0 1.0270496473146075e-09
892.0 1.0253222571895433e-09
893.0 1.0235948670644793e-09
894.0 1.021867476939415e-09
895.0 1.020140086814351e-09
896.0 1.018412696689287e-09
897.0 1.016685306564223e-09
898.0 1.0149579164391587e-09
899.0 1.0132305263140949e-09
900.0 1.0115031361890306e-09
901.0 1.0097757460639666e-09
902.0 1.0080483559389026e-09
903.0 1.0063209658138383e-09
904.0 1.0045935756887741e-09
905.0 1.0028661855637103e-09
906.0 1.0011387954386463e-09
907.0 9.99411405313582e-10
908.0 9.97684015188518e-10
909.0 9.95956625063454e-10
910.0 9.942292349383897e-10
911.0 9.925018448133255e-10
912.0 9.907744546882617e-10
913.0 9.890470645631976e-10
914.0 9.873196744381332e-10
915.0 9.855922843130694e-10
916.0 9.838648941880051e-10
917.0 9.82137504062941e-10
918.0 9.80410113937877e-10
919.0 9.78682723812813e-10
920.0 9.769553336877488e-10
921.0 9.75227943562685e-10
922.0 9.735005534376207e-10
923.0 9.717731633125567e-10
924.0 9.700457731874925e-10
925.0 9.683183830624284e-10
926.0 9.665909929373644e-10
927.0 9.648636028123002e-10
928.0 9.631362126872363e-10
929.0 9.614088225621721e-10
930.0 9.59681432437108e-10
931.0 9.57954042312044e-10
932.0 9.562266521869798e-10
933.0 9.544992620619158e-10
934.0 9.52771871936852e-10
935.0 9.510444818117875e-10
936.0 9.493170916867233e-10
937.0 9.475897015616594e-10
938.0 9.458623114365954e-10
939.0 9.441349213115312e-10
940.0 9.424075311864671e-10
941.0 9.40680141061403e-10
942.0 9.389527509363389e-10
943.0 9.37225360811275e-10
944.0 9.354979706862108e-10
945.0 9.337705805611468e-10
946.0 9.321269198315595e-10
947.0 9.306768991970601e-10
948.0 9.29226878562561e-10
949.0 9.277768579280619e-10
950.0 9.263268372935625e-10
951.0 9.248768166590634e-10
952.0 9.234267960245643e-10
953.0 9.219767753900652e-10
954.0 9.205267547555658e-10
955.0 9.190767341210668e-10
956.0 9.176267134865676e-10
957.0 9.161766928520683e-10
958.0 9.147266722175691e-10
959.0 9.132766515830699e-10
960.0 9.118266309485709e-10
961.0 9.103766103140715e-10
962.0 9.089265896795725e-10
963.0 9.074765690450733e-10
964.0 9.06026548410574e-10
965.0 9.04576527776075e-10
966.0 9.031265071415758e-10
967.0 9.016764865070765e-10
968.0 9.002264658725774e-10
969.0 8.987764452380781e-10
970.0 8.97326424603579e-10
971.0 8.958764039690798e-10
972.0 8.944263833345805e-10
973.0 8.929763627000815e-10
974.0 8.915263420655822e-10
975.0 8.90076321431083e-10
976.0 8.886263007965837e-10
977.0 8.871762801620848e-10
978.0 8.857262595275856e-10
979.0 8.842762388930861e-10
980.0 8.828262182585871e-10
981.0 8.813761976240878e-10
982.0 8.799261769895888e-10
983.0 8.784761563550894e-10
984.0 8.770261357205903e-10
985.0 8.755761150860913e-10
986.0 8.74126094451592e-10
987.0 8.726760738170928e-10
988.0 8.712260531825935e-10
989.0 8.697760325480946e-10
990.0 8.683260119135951e-10
991.0 8.668759912790961e-10
992.0 8.654259706445968e-10
993.0 8.639759500100977e-10
994.0 8.625259293755985e-10
995.0 8.610759087410993e-10
996.0 8.596258881066e-10
997.0 8.58175867472101e-10
998.0 8.567258468376016e-10
999.0 8.552758262031026e-10
1000.0 8.538258055686034e-10
1001.0 8.523757849341044e-10
1002.0 8.509257642996051e-10
1003.0 8.494757436651057e-10
1004.0 8.480257230306067e-10
1005.0 8.465757023961075e-10
1006.0 8.451256817616083e-10
1007.0 8.436756611271091e-10
1008.0 8.422256404926098e-10
1009.0 8.407756198581108e-10
1010.0 8.393255992236116e-10
1011.0 8.378755785891124e-10
1012.0 8.364255579546131e-10
1013.0 8.349755373201141e-10
1014.0 8.335255166856147e-10
1015.0 8.320754960511156e-10
1016.0 8.306254754166164e-10
1017.0 8.291754547821173e-10
1018.0 8.277254341476181e-10
1019.0 8.264856605472914e-10
1020.0 8.254927312210852e-10
1021.0 8.244998018948792e-10
1022.0 8.235068725686736e-10
1023.0 8.225139432424676e-10
1024.0 8.215210139162616e-10
1025.0 8.205280845900558e-10
1026.0 8.1953515526385e-10
1027.0 8.185422259376442e-10
1028.0 8.175492966114382e-10
1029.0 8.165563672852324e-10
1030.0 8.155634379590264e-10
1031.0 8.145705086328204e-10
1032.0 8.135775793066146e-10
1033.0 8.125846499804087e-10
1034.0 8.115917206542027e-10
1035.0 8.105987913279968e-10
1036.0 8.096058620017911e-10
1037.0 8.086129326755851e-10
1038.0 8.076200033493792e-10
1039.0 8.066270740231734e-10
1040.0 8.056341446969674e-10
1041.0 8.046412153707614e-10
1042.0 8.036482860445555e-10
1043.0 8.026553567183497e-10
1044.0 8.016624273921438e-10
1045.0 8.006694980659379e-10
1046.0 7.996765687397319e-10
1047.0 7.986836394135261e-10
1048.0 7.9769071008732e-10
1049.0 7.966977807611142e-10
1050.0 7.957048514349085e-10
1051.0 7.947119221087025e-10
1052.0 7.937189927824966e-10
1053.0 7.927260634562907e-10
1054.0 7.917331341300847e-10
1055.0 7.90740204803879e-10
1056.0 7.897472754776728e-10
1057.0 7.887543461514671e-10
1058.0 7.877614168252613e-10
1059.0 7.867684874990554e-10
1060.0 7.857755581728495e-10
1061.0 7.847826288466434e-10
1062.0 7.837896995204374e-10
1063.0 7.827967701942317e-10
1064.0 7.818038408680257e-10
1065.0 7.808109115418198e-10
1066.0 7.798179822156138e-10
1067.0 7.788250528894081e-10
1068.0 7.778321235632022e-10
1069.0 7.768391942369964e-10
1070.0 7.758462649107903e-10
1071.0 7.748533355845845e-10
1072.0 7.738604062583786e-10
1073.0 7.728674769321727e-10
1074.0 7.718745476059667e-10
1075.0 7.708816182797609e-10
1076.0 7.698886889535549e-10
1077.0 7.688957596273491e-10
1078.0 7.679028303011433e-10
1079.0 7.669099009749374e-10
1080.0 7.659169716487313e-10
1081.0 7.649240423225255e-10
1082.0 7.639311129963196e-10
1083.0 7.629381836701137e-10
1084.0 7.619452543439077e-10
1085.0 7.609523250177017e-10
1086.0 7.59959395691496e-10
1087.0 7.589664663652901e-10
1088.0 7.579735370390841e-10
1089.0 7.569806077128781e-10
1090.0 7.559876783866724e-10
1091.0 7.549947490604664e-10
1092.0 7.540018197342606e-10
1093.0 7.530088904080548e-10
1094.0 7.520159610818488e-10
1095.0 7.510230317556428e-10
1096.0 7.50030102429437e-10
1097.0 7.490380093543369e-10
1098.0 7.481572428735659e-10
1099.0 7.472764763927947e-10
1100.0 7.463957099120236e-10
1101.0 7.455149434312525e-10
1102.0 7.446341769504814e-10
1103.0 7.437534104697103e-10
1104.0 7.428726439889392e-10
1105.0 7.419918775081679e-10
1106.0 7.41111111027397e-10
1107.0 7.40230344546626e-10
1108.0 7.393495780658548e-10
1109.0 7.384688115850837e-10
1110.0 7.375880451043124e-10
1111.0 7.367072786235414e-10
1112.0 7.358265121427704e-10
1113.0 7.349457456619991e-10
1114.0 7.340649791812281e-10
1115.0 7.33184212700457e-10
1116.0 7.32303446219686e-10
1117.0 7.314226797389148e-10
1118.0 7.305419132581437e-10
1119.0 7.296611467773724e-10
1120.0 7.287803802966015e-10
1121.0 7.278996138158303e-10
1122.0 7.270188473350593e-10
1123.0 7.261380808542882e-10
1124.0 7.252573143735168e-10
1125.0 7.243765478927459e-10
1126.0 7.234957814119749e-10
1127.0 7.226150149312035e-10
1128.0 7.217342484504326e-10
1129.0 7.208534819696614e-10
1130.0 7.199727154888903e-10
1131.0 7.190919490081193e-10
1132.0 7.182111825273482e-10
1133.0 7.173304160465771e-10
1134.0 7.16449649565806e-10
1135.0 7.155688830850348e-10
1136.0 7.146881166042638e-10
1137.0 7.138073501234924e-10
1138.0 7.129265836427213e-10
1139.0 7.120458171619504e-10
1140.0 7.111650506811794e-10
1141.0 7.10284284200408e-10
1142.0 7.094035177196371e-10
1143.0 7.085227512388659e-10
1144.0 7.07641984758095e-10
1145.0 7.067612182773237e-10
1146.0 7.058804517965526e-10
1147.0 7.049996853157816e-10
1148.0 7.041189188350105e-10
1149.0 7.032381523542391e-10
1150.0 7.023573858734683e-10
1151.0 7.014766193926972e-10
1152.0 7.005958529119259e-10
1153.0 6.997150864311548e-10
1154.0 6.988343199503834e-10
1155.0 6.979535534696125e-10
1156.0 6.970727869888416e-10
1157.0 6.961920205080704e-10
1158.0 6.953112540272994e-10
1159.0 6.944304875465283e-10
1160.0 6.935497210657571e-10
1161.0 6.926689545849859e-10
1162.0 6.917881881042147e-10
1163.0 6.909074216234436e-10
1164.0 6.900266551426728e-10
1165.0 6.891458886619015e-10
1166.0 6.882651221811306e-10
1167.0 6.873843557003594e-10
1168.0 6.865035892195882e-10
1169.0 6.85622822738817e-10
1170.0 6.847420562580461e-10
1171.0 6.838612897772749e-10
1172.0 6.829805232965038e-10
1173.0 6.820997568157327e-10
1174.0 6.812189903349616e-10
1175.0 6.803382238541906e-10
1176.0 6.794574573734192e-10
1177.0 6.785766908926481e-10
1178.0 6.776959244118773e-10
1179.0 6.76815157931106e-10
1180.0 6.759343914503351e-10
1181.0 6.750536249695638e-10
1182.0 6.742354759669366e-10
1183.0 6.734769661281713e-10
1184.0 6.727184562894063e-10
1185.0 6.719599464506411e-10
1186.0 6.712014366118761e-10
1187.0 6.704429267731108e-10
1188.0 6.696844169343457e-10
1189.0 6.689259070955804e-10
1190.0 6.681673972568152e-10
1191.0 6.674088874180502e-10
1192.0 6.666503775792851e-10
1193.0 6.658918677405199e-10
1194.0 6.651333579017548e-10
1195.0 6.643748480629897e-10
1196.0 6.636163382242243e-10
1197.0 6.628578283854593e-10
1198.0 6.620993185466942e-10
1199.0 6.61340808707929e-10
1200.0 6.605822988691639e-10
1201.0 6.598237890303988e-10
1202.0 6.590652791916334e-10
1203.0 6.583067693528684e-10
1204.0 6.575482595141033e-10
1205.0 6.567897496753381e-10
1206.0 6.560312398365729e-10
1207.0 6.552727299978079e-10
1208.0 6.545142201590426e-10
1209.0 6.537557103202776e-10
1210.0 6.529972004815124e-10
1211.0 6.522386906427471e-10
1212.0 6.51480180803982e-10
1213.0 6.507216709652167e-10
1214.0 6.499631611264517e-10
1215.0 6.492046512876865e-10
1216.0 6.484461414489214e-10
1217.0 6.476876316101562e-10
1218.0 6.469291217713912e-10
1219.0 6.46170611932626e-10
1220.0 6.454121020938608e-10
1221.0 6.446535922550957e-10
1222.0 6.438950824163306e-10
1223.0 6.431365725775653e-10
1224.0 6.423780627388001e-10
1225.0 6.416195529000349e-10
1226.0 6.408610430612699e-10
1227.0 6.401025332225048e-10
1228.0 6.393440233837398e-10
1229.0 6.385855135449746e-10
1230.0 6.378270037062093e-10
1231.0 6.370684938674443e-10
1232.0 6.36309984028679e-10
1233.0 6.355514741899138e-10
1234.0 6.347929643511487e-10
1235.0 6.340344545123835e-10
1236.0 6.332759446736182e-10
1237.0 6.32517434834853e-10
1238.0 6.317589249960881e-10
1239.0 6.310004151573229e-10
1240.0 6.302419053185577e-10
1241.0 6.294833954797926e-10
1242.0 6.287248856410276e-10
1243.0 6.279663758022625e-10
1244.0 6.272078659634971e-10
1245.0 6.26449356124732e-10
1246.0 6.256908462859668e-10
1247.0 6.249323364472017e-10
1248.0 6.241738266084367e-10
1249.0 6.234153167696714e-10
1250.0 6.226568069309062e-10
1251.0 6.218982970921411e-10
1252.0 6.211397872533761e-10
1253.0 6.203812774146108e-10
1254.0 6.196227675758457e-10
1255.0 6.188642577370805e-10
1256.0 6.181057478983154e-10
1257.0 6.173472380595502e-10
1258.0 6.16588728220785e-10
1259.0 6.158302183820199e-10
1260.0 6.150717085432548e-10
1261.0 6.143131987044897e-10
1262.0 6.135546888657245e-10
1263.0 6.127961790269594e-10
1264.0 6.120376691881942e-10
1265.0 6.11279159349429e-10
1266.0 6.105206495106638e-10
1267.0 6.097621396718986e-10
1268.0 6.090036298331336e-10
1269.0 6.082451199943685e-10
1270.0 6.074866101556033e-10
1271.0 6.06728100316838e-10
1272.0 6.05969590478073e-10
1273.0 6.053325672694739e-10
1274.0 6.048128746739252e-10
1275.0 6.042931820783765e-10
1276.0 6.03773489482828e-10
1277.0 6.032537968872794e-10
1278.0 6.027341042917308e-10
1279.0 6.022144116961823e-10
1280.0 6.016947191006338e-10
1281.0 6.011750265050851e-10
1282.0 6.006553339095365e-10
1283.0 6.00135641313988e-10
1284.0 5.996159487184396e-10
1285.0 5.990962561228909e-10
1286.0 5.985765635273424e-10
1287.0 5.980568709317936e-10
1288.0 5.97537178336245e-10
1289.0 5.970174857406965e-10
1290.0 5.964977931451481e-10
1291.0 5.959781005495991e-10
1292.0 5.954584079540508e-10
1293.0 5.949387153585022e-10
1294.0 5.944190227629536e-10
1295.0 5.93899330167405e-10
1296.0 5.933796375718565e-10
1297.0 5.928599449763079e-10
1298.0 5.923402523807593e-10
1299.0 5.918205597852107e-10
1300.0 5.913008671896622e-10
1301.0 5.907811745941137e-10
1302.0 5.902614819985651e-10
1303.0 5.897417894030165e-10
1304.0 5.892220968074679e-10
1305.0 5.887024042119193e-10
1306.0 5.881827116163708e-10
1307.0 5.876630190208222e-10
1308.0 5.871433264252736e-10
1309.0 5.866236338297251e-10
1310.0 5.861039412341765e-10
1311.0 5.855842486386279e-10
1312.0 5.850645560430793e-10
1313.0 5.845448634475308e-10
1314.0 5.840251708519822e-10
1315.0 5.835054782564336e-10
1316.0 5.82985785660885e-10
1317.0 5.824660930653365e-10
1318.0 5.819464004697879e-10
1319.0 5.814267078742394e-10
1320.0 5.809070152786907e-10
1321.0 5.803873226831421e-10
1322.0 5.798676300875935e-10
1323.0 5.79347937492045e-10
1324.0 5.788282448964964e-10
1325.0 5.783085523009478e-10
1326.0 5.777888597053991e-10
1327.0 5.772691671098505e-10
1328.0 5.767494745143021e-10
1329.0 5.762297819187535e-10
1330.0 5.75710089323205e-10
1331.0 5.751903967276562e-10
1332.0 5.746707041321077e-10
1333.0 5.741510115365592e-10
1334.0 5.736313189410106e-10
1335.0 5.731116263454621e-10
1336.0 5.725919337499135e-10
1337.0 5.72072241154365e-10
1338.0 5.715525485588163e-10
1339.0 5.710328559632678e-10
1340.0 5.705131633677192e-10
1341.0 5.699934707721707e-10
1342.0 5.694737781766219e-10
1343.0 5.689540855810734e-10
1344.0 5.684343929855248e-10
1345.0 5.679147003899764e-10
1346.0 5.673950077944278e-10
1347.0 5.668753151988793e-10
1348.0 5.663556226033305e-10
1349.0 5.658359300077821e-10
1350.0 5.653162374122336e-10
1351.0 5.647965448166849e-10
1352.0 5.642768522211364e-10
1353.0 5.637571596255876e-10
1354.0 5.63237467030039e-10
1355.0 5.627177744344905e-10
1356.0 5.62198081838942e-10
1357.0 5.616783892433934e-10
1358.0 5.611586966478447e-10
1359.0 5.606390040522961e-10
1360.0 5.601193114567476e-10
1361.0 5.59599618861199e-10
1362.0 5.590799262656504e-10
1363.0 5.58560233670102e-10
1364.0 5.580405410745535e-10
1365.0 5.575208484790049e-10
1366.0 5.570011558834563e-10
1367.0 5.564814632879078e-10
1368.0 5.559617706923592e-10
1369.0 5.554420780968106e-10
1370.0 5.549223855012619e-10
1371.0 5.544378857431266e-10
1372.0 5.539891855699631e-10
1373.0 5.535404853967996e-10
1374.0 5.530917852236359e-10
1375.0 5.526430850504722e-10
1376.0 5.521943848773088e-10
1377.0 5.517456847041452e-10
1378.0 5.512969845309816e-10
1379.0 5.50848284357818e-10
1380.0 5.503995841846546e-10
1381.0 5.499508840114911e-10
1382.0 5.495021838383273e-10
1383.0 5.490534836651638e-10
1384.0 5.486047834920002e-10
1385.0 5.481560833188367e-10
1386.0 5.47707383145673e-10
1387.0 5.472586829725094e-10
1388.0 5.468099827993459e-10
1389.0 5.463612826261823e-10
1390.0 5.459125824530187e-10
1391.0 5.454638822798551e-10
1392.0 5.450151821066915e-10
1393.0 5.44566481933528e-10
1394.0 5.441177817603644e-10
1395.0 5.436690815872009e-10
1396.0 5.432203814140372e-10
1397.0 5.427716812408736e-10
1398.0 5.423229810677101e-10
1399.0 5.418742808945465e-10
1400.0 5.414255807213828e-10
1401.0 5.409768805482193e-10
1402.0 5.405281803750558e-10
1403.0 5.400794802018922e-10
1404.0 5.396307800287285e-10
1405.0 5.39182079855565e-10
1406.0 5.387333796824015e-10
1407.0 5.38284679509238e-10
1408.0 5.378359793360742e-10
1409.0 5.373872791629107e-10
1410.0 5.36938578989747e-10
1411.0 5.364898788165836e-10
1412.0 5.360411786434199e-10
1413.0 5.355924784702564e-10
1414.0 5.351437782970927e-10
1415.0 5.346950781239292e-10
1416.0 5.342463779507657e-10
1417.0 5.33797677777602e-10
1418.0 5.333489776044386e-10
1419.0 5.329002774312751e-10
1420.0 5.324515772581113e-10
1421.0 5.320028770849477e-10
1422.0 5.315541769117843e-10
1423.0 5.311054767386206e-10
1424.0 5.30656776565457e-10
1425.0 5.302080763922935e-10
1426.0 5.297593762191298e-10
1427.0 5.293106760459663e-10
1428.0 5.288619758728027e-10
1429.0 5.28413275699639e-10
1430.0 5.279645755264757e-10
1431.0 5.27515875353312e-10
1432.0 5.270671751801483e-10
1433.0 5.266184750069848e-10
1434.0 5.261697748338213e-10
1435.0 5.257210746606577e-10
1436.0 5.25272374487494e-10
1437.0 5.248236743143305e-10
1438.0 5.243749741411669e-10
1439.0 5.239262739680033e-10
1440.0 5.234775737948398e-10
1441.0 5.230288736216761e-10
1442.0 5.225801734485126e-10
1443.0 5.221314732753489e-10
1444.0 5.216827731021855e-10
1445.0 5.212340729290219e-10
1446.0 5.207853727558583e-10
1447.0 5.203366725826948e-10
1448.0 5.198879724095311e-10
1449.0 5.194392722363675e-10
1450.0 5.18990572063204e-10
1451.0 5.185418718900404e-10
1452.0 5.180931717168768e-10
1453.0 5.176444715437132e-10
1454.0 5.171957713705497e-10
1455.0 5.167470711973861e-10
1456.0 5.162983710242224e-10
1457.0 5.158496708510588e-10
1458.0 5.154009706778954e-10
1459.0 5.149522705047317e-10
1460.0 5.145035703315681e-10
1461.0 5.140548701584047e-10
1462.0 5.136061699852411e-10
1463.0 5.131574698120775e-10
1464.0 5.127087696389139e-10
1465.0 5.122600694657503e-10
1466.0 5.118113692925867e-10
1467.0 5.113626691194231e-10
1468.0 5.109139689462596e-10
1469.0 5.10465268773096e-10
1470.0 5.100165685999325e-10
1471.0 5.095678684267689e-10
1472.0 5.091191682536051e-10
1473.0 5.086704680804417e-10
1474.0 5.082217679072782e-10
1475.0 5.077730677341145e-10
1476.0 5.073243675609508e-10
1477.0 5.069235740144854e-10
1478.0 5.065262012245507e-10
1479.0 5.061288284346163e-10
1480.0 5.057314556446817e-10
1481.0 5.053340828547471e-10
1482.0 5.049367100648126e-10
1483.0 5.045393372748781e-10
1484.0 5.041419644849435e-10
1485.0 5.037445916950091e-10
1486.0 5.033472189050745e-10
1487.0 5.0294984611514e-10
1488.0 5.025524733252055e-10
1489.0 5.021551005352709e-10
1490.0 5.017577277453363e-10
1491.0 5.013603549554018e-10
1492.0 5.009629821654673e-10
1493.0 5.005656093755328e-10
1494.0 5.001682365855982e-10
1495.0 4.997708637956635e-10
1496.0 4.993734910057291e-10
1497.0 4.989761182157945e-10
1498.0 4.9857874542586e-10
1499.0 4.981813726359254e-10
1500.0 4.97783999845991e-10
1501.0 4.973866270560564e-10
1502.0 4.969892542661219e-10
1503.0 4.965918814761873e-10
1504.0 4.961945086862529e-10
1505.0 4.957971358963182e-10
1506.0 4.953997631063837e-10
1507.0 4.950023903164493e-10
1508.0 4.946050175265146e-10
1509.0 4.9420764473658e-10
1510.0 4.938102719466455e-10
1511.0 4.93412899156711e-10
1512.0 4.930155263667764e-10
1513.0 4.926181535768419e-10
1514.0 4.922207807869073e-10
1515.0 4.918234079969729e-10
1516.0 4.914260352070383e-10
1517.0 4.910286624171038e-10
1518.0 4.906312896271693e-10
1519.0 4.902339168372348e-10
1520.0 4.898365440473001e-10
1521.0 4.894391712573657e-10
1522.0 4.89041798467431e-10
1523.0 4.886444256774965e-10
1524.0 4.882470528875619e-10
1525.0 4.878496800976274e-10
1526.0 4.874523073076929e-10
1527.0 4.870549345177583e-10
1528.0 4.866575617278238e-10
1529.0 4.862601889378892e-10
1530.0 4.858628161479548e-10
1531.0 4.854654433580202e-10
1532.0 4.850680705680857e-10
1533.0 4.846706977781512e-10
1534.0 4.842733249882166e-10
1535.0 4.838759521982819e-10
1536.0 4.834785794083475e-10
1537.0 4.830812066184128e-10
1538.0 4.826838338284783e-10
1539.0 4.822864610385438e-10
1540.0 4.818890882486093e-10
1541.0 4.814917154586747e-10
1542.0 4.810943426687403e-10
1543.0 4.806969698788057e-10
1544.0 4.802995970888711e-10
1545.0 4.799022242989367e-10
1546.0 4.795048515090021e-10
1547.0 4.791074787190676e-10
1548.0 4.78710105929133e-10
1549.0 4.783127331391984e-10
1550.0 4.779153603492638e-10
1551.0 4.775179875593294e-10
1552.0 4.771206147693948e-10
1553.0 4.767232419794603e-10
1554.0 4.763258691895257e-10
1555.0 4.759284963995912e-10
1556.0 4.755311236096567e-10
1557.0 4.751337508197221e-10
1558.0 4.747363780297875e-10
1559.0 4.74339005239853e-10
1560.0 4.739416324499186e-10
1561.0 4.73544259659984e-10
1562.0 4.731468868700494e-10
1563.0 4.727495140801148e-10
1564.0 4.723521412901803e-10
1565.0 4.719547685002458e-10
1566.0 4.715573957103112e-10
1567.0 4.711600229203766e-10
1568.0 4.707626501304422e-10
1569.0 4.703652773405076e-10
1570.0 4.699679045505731e-10
1571.0 4.695705317606386e-10
1572.0 4.69173158970704e-10
1573.0 4.687757861807694e-10
1574.0 4.683784133908348e-10
1575.0 4.679810406009003e-10
1576.0 4.675836678109658e-10
1577.0 4.671862950210312e-10
1578.0 4.667889222310968e-10
1579.0 4.663915494411622e-10
1580.0 4.659941766512277e-10
1581.0 4.655968038612932e-10
1582.0 4.651994310713585e-10
1583.0 4.6480205828142403e-10
1584.0 4.644046854914894e-10
1585.0 4.6400731270155497e-10
1586.0 4.636099399116204e-10
1587.0 4.632125671216858e-10
1588.0 4.628151943317513e-10
1589.0 4.6241782154181674e-10
1590.0 4.6204921479040866e-10
1591.0 4.617716529212613e-10
1592.0 4.6149409105211397e-10
1593.0 4.612165291829667e-10
1594.0 4.609389673138194e-10
1595.0 4.606614054446721e-10
1596.0 4.603838435755247e-10
1597.0 4.6010628170637744e-10
1598.0 4.598287198372301e-10
1599.0 4.595511579680828e-10
1600.0 4.592735960989355e-10
1601.0 4.589960342297882e-10
1602.0 4.5871847236064086e-10
1603.0 4.5844091049149355e-10
1604.0 4.581633486223463e-10
1605.0 4.578857867531988e-10
1606.0 4.5760822488405155e-10
1607.0 4.573306630149042e-10
1608.0 4.5705310114575686e-10
1609.0 4.5677553927660955e-10
1610.0 4.564979774074623e-10
1611.0 4.5622041553831497e-10
1612.0 4.5594285366916765e-10
1613.0 4.5566529180002034e-10
1614.0 4.55387729930873e-10
1615.0 4.5511016806172565e-10
1616.0 4.5483260619257834e-10
1617.0 4.5455504432343097e-10
1618.0 4.5427748245428365e-10
1619.0 4.539999205851363e-10
1620.0 4.53722358715989e-10
1621.0 4.5344479684684165e-10
1622.0 4.531672349776944e-10
1623.0 4.5288967310854707e-10
1624.0 4.526121112393997e-10
1625.0 4.523345493702524e-10
1626.0 4.520569875011051e-10
1627.0 4.517794256319578e-10
1628.0 4.515018637628105e-10
1629.0 4.512243018936632e-10
1630.0 4.5094674002451586e-10
1631.0 4.5066917815536844e-10
1632.0 4.503916162862211e-10
1633.0 4.501140544170739e-10
1634.0 4.4983649254792654e-10
1635.0 4.495589306787792e-10
1636.0 4.4928136880963186e-10
1637.0 4.490038069404846e-10
1638.0 4.4872624507133723e-10
1639.0 4.4844868320218996e-10
1640.0 4.4817112133304265e-10
1641.0 4.478935594638954e-10
1642.0 4.4761599759474807e-10
1643.0 4.473384357256007e-10
1644.0 4.470608738564534e-10
1645.0 4.4678331198730607e-10
1646.0 4.4650575011815865e-10
1647.0 4.4622818824901143e-10
1648.0 4.459506263798641e-10
1649.0 4.456730645107168e-10
1650.0 4.453955026415695e-10
1651.0 4.451179407724221e-10
1652.0 4.4484037890327475e-10
1653.0 4.4456281703412743e-10
1654.0 4.442852551649801e-10
1655.0 4.440076932958328e-10
1656.0 4.437301314266855e-10
1657.0 4.4345256955753817e-10
1658.0 4.431750076883909e-10
1659.0 4.4289744581924354e-10
1660.0 4.426198839500963e-10
1661.0 4.4234232208094896e-10
1662.0 4.4206476021180164e-10
1663.0 4.417871983426542e-10
1664.0 4.41509636473507e-10
1665.0 4.412320746043597e-10
1666.0 4.409545127352124e-10
1667.0 4.4067695086606506e-10
1668.0 4.403993889969177e-10
1669.0 4.4012182712777033e-10
1670.0 4.39844265258623e-10
1671.0 4.3956670338947575e-10
1672.0 4.3928914152032843e-10
1673.0 4.390115796511811e-10
1674.0 4.3873401778203375e-10
1675.0 4.3845645591288633e-10
1676.0 4.381788940437391e-10
1677.0 4.379013321745918e-10
1678.0 4.3762377030544443e-10
1679.0 4.373462084362971e-10
1680.0 4.370686465671498e-10
1681.0 4.367910846980026e-10
1682.0 4.365135228288551e-10
1683.0 4.3623596095970785e-10
1684.0 4.359583990905605e-10
1685.0 4.3568083722141317e-10
1686.0 4.3540327535226585e-10
1687.0 4.351257134831186e-10
1688.0 4.3484815161397127e-10
1689.0 4.3457058974482395e-10
1690.0 4.3429302787567664e-10
1691.0 4.340154660065293e-10
1692.0 4.337379041373819e-10
1693.0 4.334603422682346e-10
1694.0 4.3318278039908727e-10
1695.0 4.3290521852993995e-10
1696.0 4.3262765666079264e-10
1697.0 4.3235009479164537e-10
1698.0 4.3207253292249806e-10
1699.0 4.317949710533507e-10
1700.0 4.315174091842034e-10
1701.0 4.312398473150561e-10
1702.0 4.3096228544590874e-10
1703.0 4.3068472357676143e-10
1704.0 4.3040716170761416e-10
1705.0 4.3012959983846685e-10
1706.0 4.298520379693196e-10
1707.0 4.295744761001721e-10
1708.0 4.292969142310249e-10
1709.0 4.290193523618776e-10
1710.0 4.2874179049273027e-10
1711.0 4.2846422862358295e-10
1712.0 4.281866667544356e-10
1713.0 4.279431687206311e-10
1714.0 4.277087434952125e-10
1715.0 4.274743182697937e-10
1716.0 4.2723989304437506e-10
1717.0 4.2700546781895627e-10
1718.0 4.2677104259353754e-10
1719.0 4.265366173681189e-10
1720.0 4.2630219214270023e-10
1721.0 4.260677669172816e-10
1722.0 4.2583334169186276e-10
1723.0 4.2559891646644413e-10
1724.0 4.2536449124102544e-10
1725.0 4.251300660156067e-10
1726.0 4.248956407901879e-10
1727.0 4.2466121556476934e-10
1728.0 4.244267903393506e-10
1729.0 4.241923651139319e-10
1730.0 4.2395793988851314e-10
1731.0 4.2372351466309446e-10
1732.0 4.2348908943767583e-10
1733.0 4.2325466421225704e-10
1734.0 4.2302023898683836e-10
1735.0 4.2278581376141957e-10
1736.0 4.22551388536001e-10
1737.0 4.2231696331058216e-10
1738.0 4.220825380851636e-10
1739.0 4.218481128597448e-10
1740.0 4.216136876343261e-10
1741.0 4.213792624089074e-10
1742.0 4.211448371834888e-10
1743.0 4.2091041195807e-10
1744.0 4.2067598673265133e-10
1745.0 4.204415615072326e-10
1746.0 4.2020713628181396e-10
1747.0 4.1997271105639523e-10
1748.0 4.197382858309765e-10
1749.0 4.195038606055578e-10
1750.0 4.19269435380139e-10
1751.0 4.190350101547204e-10
1752.0 4.1880058492930166e-10
1753.0 4.1856615970388293e-10
1754.0 4.1833173447846424e-10
1755.0 4.180973092530456e-10
1756.0 4.178628840276268e-10
1757.0 4.1762845880220814e-10
1758.0 4.1739403357678946e-10
1759.0 4.1715960835137073e-10
1760.0 4.169251831259521e-10
1761.0 4.1669075790053326e-10
1762.0 4.1645633267511463e-10
1763.0 4.1622190744969595e-10
1764.0 4.159874822242772e-10
1765.0 4.157530569988585e-10
1766.0 4.1551863177343985e-10
1767.0 4.152842065480211e-10
1768.0 4.150497813226024e-10
1769.0 4.1481535609718375e-10
1770.0 4.145809308717649e-10
1771.0 4.1434650564634633e-10
1772.0 4.1411208042092754e-10
1773.0 4.138776551955088e-10
1774.0 4.1364322997009013e-10
1775.0 4.134088047446715e-10
1776.0 4.131743795192528e-10
1777.0 4.1293995429383403e-10
1778.0 4.1270552906841535e-10
1779.0 4.124711038429967e-10
1780.0 4.12236678617578e-10
1781.0 4.120022533921592e-10
1782.0 4.1176782816674056e-10
1783.0 4.1153340294132183e-10
1784.0 4.1129897771590315e-10
1785.0 4.110645524904844e-10
1786.0 4.1083012726506573e-10
1787.0 4.105957020396471e-10
1788.0 4.1036127681422826e-10
1789.0 4.1012685158880963e-10
1790.0 4.098924263633909e-10
1791.0 4.096580011379722e-10
1792.0 4.0942357591255343e-10
1793.0 4.0918915068713485e-10
1794.0 4.08954725461716e-10
1795.0 4.087203002362974e-10
1796.0 4.0848587501087865e-10
1797.0 4.0825144978546007e-10
1798.0 4.0801702456004133e-10
1799.0 4.077825993346226e-10
1800.0 4.0754817410920386e-10
1801.0 4.073137488837852e-10
1802.0 4.070793236583665e-10
1803.0 4.0684489843294776e-10
1804.0 4.066104732075291e-10
1805.0 4.063760479821103e-10
1806.0 4.061416227566916e-10
1807.0 4.059071975312729e-10
1808.0 4.0567277230585415e-10
1809.0 4.054383470804355e-10
1810.0 4.0520392185501683e-10
1811.0 4.0496949662959805e-10
1812.0 4.0473507140417936e-10
1813.0 4.0450064617876073e-10
1814.0 4.04266220953342e-10
1815.0 4.040317957279233e-10
1816.0 4.0379737050250453e-10
1817.0 4.035629452770859e-10
1818.0 4.033285200516672e-10
1819.0 4.030940948262485e-10
1820.0 4.0285966960082975e-10
1821.0 4.026252443754111e-10
1822.0 4.023908191499924e-10
1823.0 4.0215639392457365e-10
1824.0 4.0192196869915497e-10
1825.0 4.016875434737362e-10
1826.0 4.014531182483176e-10
1827.0 4.0121869302289876e-10
1828.0 4.0098426779748013e-10
1829.0 4.007498425720614e-10
1830.0 4.005154173466427e-10
1831.0 4.002809921212241e-10
1832.0 4.0004656689580535e-10
1833.0 3.998121416703866e-10
1834.0 3.99577716444968e-10
1835.0 3.9934329121954925e-10
1836.0 3.991088659941304e-10
1837.0 3.9887444076871183e-10
1838.0 3.986400155432931e-10
1839.0 3.9840559031787447e-10
1840.0 3.9817116509245563e-10
1841.0 3.97936739867037e-10
1842.0 3.977023146416183e-10
1843.0 3.9746788941619953e-10
1844.0 3.9723346419078085e-10
1845.0 3.9701826723369657e-10
1846.0 3.968050285294504e-10
1847.0 3.965917898252042e-10
1848.0 3.963785511209579e-10
1849.0 3.9616531241671175e-10
1850.0 3.9595207371246546e-10
1851.0 3.957388350082193e-10
1852.0 3.9552559630397305e-10
1853.0 3.9531235759972677e-10
1854.0 3.950991188954806e-10
1855.0 3.948858801912343e-10
1856.0 3.946726414869881e-10
1857.0 3.9445940278274194e-10
1858.0 3.9424616407849576e-10
1859.0 3.940329253742494e-10
1860.0 3.9381968667000325e-10
1861.0 3.9360644796575706e-10
1862.0 3.933932092615109e-10
1863.0 3.9317997055726465e-10
1864.0 3.929667318530184e-10
1865.0 3.9275349314877224e-10
1866.0 3.925402544445259e-10
1867.0 3.9232701574027983e-10
1868.0 3.921137770360335e-10
1869.0 3.9190053833178726e-10
1870.0 3.91687299627541e-10
1871.0 3.914740609232948e-10
1872.0 3.912608222190486e-10
1873.0 3.9104758351480244e-10
1874.0 3.9083434481055626e-10
1875.0 3.9062110610630997e-10
1876.0 3.904078674020638e-10
1877.0 3.901946286978175e-10
1878.0 3.8998138999357133e-10
1879.0 3.89768151289325e-10
1880.0 3.8955491258507886e-10
1881.0 3.8934167388083263e-10
1882.0 3.8912843517658635e-10
1883.0 3.889151964723402e-10
1884.0 3.88701957768094e-10
1885.0 3.884887190638478e-10
1886.0 3.8827548035960147e-10
1887.0 3.880622416553553e-10
1888.0 3.8784900295110916e-10
1889.0 3.876357642468629e-10
1890.0 3.8742252554261665e-10
1891.0 3.8720928683837047e-10
1892.0 3.8699604813412424e-10
1893.0 3.86782809429878e-10
1894.0 3.865695707256318e-10
1895.0 3.863563320213855e-10
1896.0 3.8614309331713936e-10
1897.0 3.85929854612893e-10
1898.0 3.8571661590864684e-10
1899.0 3.8550337720440066e-10
1900.0 3.8529013850015443e-10
1901.0 3.8507689979590825e-10
1902.0 3.848636610916619e-10
1903.0 3.8465042238741584e-10
1904.0 3.844371836831696e-10
1905.0 3.8422394497892327e-10
1906.0 3.840107062746771e-10
1907.0 3.837974675704309e-10
1908.0 3.8358422886618473e-10
1909.0 3.8337099016193845e-10
1910.0 3.831577514576922e-10
1911.0 3.8294451275344593e-10
1912.0 3.827312740491998e-10
1913.0 3.825180353449535e-10
1914.0 3.823047966407073e-10
1915.0 3.820915579364611e-10
1916.0 3.818783192322149e-10
1917.0 3.8166508052796864e-10
1918.0 3.8145184182372246e-10
1919.0 3.812386031194763e-10
1920.0 3.8102536441522995e-10
1921.0 3.808121257109838e-10
1922.0 3.805988870067376e-10
1923.0 3.803856483024914e-10
1924.0 3.801724095982451e-10
1925.0 3.7995917089399894e-10
1926.0 3.7974593218975266e-10
1927.0 3.7953269348550643e-10
1928.0 3.7931945478126025e-10
1929.0 3.7910621607701396e-10
1930.0 3.7889297737276783e-10
1931.0 3.786797386685215e-10
1932.0 3.784664999642753e-10
1933.0 3.7825326126002914e-10
1934.0 3.7804002255578296e-10
1935.0 3.778267838515366e-10
1936.0 3.776135451472905e-10
1937.0 3.774003064430443e-10
1938.0 3.7718706773879803e-10
1939.0 3.7697382903455185e-10
1940.0 3.767605903303055e-10
1941.0 3.765473516260594e-10
1942.0 3.763341129218132e-10
1943.0 3.7612087421756687e-10
1944.0 3.7590763551332064e-10
1945.0 3.756943968090745e-10
1946.0 3.7548115810482833e-10
1947.0 3.75267919400582e-10
1948.0 3.7505468069633587e-10
1949.0 3.7484144199208963e-10
1950.0 3.746282032878434e-10
1951.0 3.7441496458359717e-10
1952.0 3.74201725879351e-10
1953.0 3.7398848717510465e-10
1954.0 3.737752484708585e-10
1955.0 3.7356200976661234e-10
1956.0 3.73348771062366e-10
1957.0 3.731355323581199e-10
1958.0 3.7292229365387355e-10
1959.0 3.7270905494962737e-10
1960.0 3.724958162453812e-10
1961.0 3.72282577541135e-10
1962.0 3.7206933883688877e-10
1963.0 3.7185610013264254e-10
1964.0 3.7164286142839626e-10
1965.0 3.714296227241501e-10
1966.0 3.712163840199039e-10
1967.0 3.710031453156576e-10
1968.0 3.7078990661141143e-10
1969.0 3.705766679071651e-10
1970.0 3.70363429202919e-10
1971.0 3.701501904986727e-10
1972.0 3.6993695179442656e-10
1973.0 3.6972371309018043e-10
1974.0 3.6951047438593404e-10
1975.0 3.692972356816879e-10
1976.0 3.6908399697744163e-10
1977.0 3.688707582731954e-10
1978.0 3.686575195689492e-10
1979.0 3.68444280864703e-10
1980.0 3.6823104216045675e-10
1981.0 3.6801780345621057e-10
1982.0 3.678045647519643e-10
1983.0 3.675913260477181e-10
1984.0 3.6737808734347193e-10
1985.0 3.671648486392256e-10
1986.0 3.6695160993497946e-10
1987.0 3.6678830975408293e-10
1988.0 3.666326490775115e-10
1989.0 3.6647698840094024e-10
1990.0 3.6632132772436887e-10
1991.0 3.6616566704779744e-10
1992.0 3.660100063712261e-10
1993.0 3.658543456946547e-10
1994.0 3.6569868501808333e-10
1995.0 3.6554302434151206e-10
1996.0 3.653873636649407e-10
1997.0 3.6523170298836927e-10
1998.0 3.65076042311798e-10
1999.0 3.649203816352266e-10
2000.0 3.647647209586552e-10
2001.0 3.646090602820838e-10
2002.0 3.6445339960551246e-10
2003.0 3.642977389289412e-10
2004.0 3.6414207825236977e-10
2005.0 3.6398641757579835e-10
2006.0 3.6383075689922714e-10
2007.0 3.636750962226556e-10
2008.0 3.635194355460843e-10
2009.0 3.63363774869513e-10
2010.0 3.6320811419294165e-10
2011.0 3.6305245351637023e-10
2012.0 3.6289679283979886e-10
2013.0 3.627411321632276e-10
2014.0 3.625854714866561e-10
2015.0 3.624298108100848e-10
2016.0 3.622741501335135e-10
2017.0 3.6211848945694205e-10
2018.0 3.619628287803707e-10
2019.0 3.6180716810379926e-10
2020.0 3.61651507427228e-10
2021.0 3.6149584675065657e-10
2022.0 3.613401860740852e-10
2023.0 3.6118452539751393e-10
2024.0 3.610288647209425e-10
2025.0 3.608732040443711e-10
2026.0 3.6071754336779976e-10
2027.0 3.605618826912284e-10
2028.0 3.6040622201465713e-10
2029.0 3.6025056133808576e-10
2030.0 3.6009490066151433e-10
2031.0 3.5993923998494296e-10
2032.0 3.5978357930837164e-10
2033.0 3.5962791863180037e-10
2034.0 3.5947225795522885e-10
2035.0 3.593165972786576e-10
2036.0 3.591609366020861e-10
2037.0 3.590052759255148e-10
2038.0 3.5884961524894347e-10
2039.0 3.5869395457237204e-10
2040.0 3.585382938958008e-10
2041.0 3.5838263321922935e-10
2042.0 3.58226972542658e-10
2043.0 3.580713118660866e-10
2044.0 3.579156511895153e-10
2045.0 3.5775999051294387e-10
2046.0 3.5760432983637265e-10
2047.0 3.5744866915980113e-10
2048.0 3.572930084832298e-10
2049.0 3.5713734780665844e-10
2050.0 3.569816871300871e-10
2051.0 3.5682602645351575e-10
2052.0 3.566703657769444e-10
2053.0 3.565147051003731e-10
2054.0 3.5635904442380163e-10
2055.0 3.5620338374723026e-10
2056.0 3.5604772307065894e-10
2057.0 3.5589206239408757e-10
2058.0 3.5573640171751615e-10
2059.0 3.555807410409448e-10
2060.0 3.554250803643735e-10
2061.0 3.552694196878021e-10
2062.0 3.5511375901123066e-10
2063.0 3.5495809833465945e-10
2064.0 3.54802437658088e-10
2065.0 3.546467769815166e-10
2066.0 3.544911163049454e-10
2067.0 3.543354556283739e-10
2068.0 3.5417979495180254e-10
2069.0 3.540241342752312e-10
2070.0 3.5386847359865985e-10
2071.0 3.5371281292208853e-10
2072.0 3.5355715224551716e-10
2073.0 3.534014915689458e-10
2074.0 3.5324583089237437e-10
2075.0 3.5309017021580305e-10
2076.0 3.529345095392316e-10
2077.0 3.527788488626603e-10
2078.0 3.52623188186089e-10
2079.0 3.5246752750951756e-10
2080.0 3.523118668329462e-10
2081.0 3.5215620615637487e-10
2082.0 3.5200054547980345e-10
2083.0 3.5184488480323213e-10
2084.0 3.516892241266608e-10
2085.0 3.5153356345008944e-10
2086.0 3.5137790277351796e-10
2087.0 3.512222420969466e-10
2088.0 3.5106658142037533e-10
2089.0 3.5091092074380395e-10
2090.0 3.5075526006723264e-10
2091.0 3.5059959939066126e-10
2092.0 3.504439387140898e-10
2093.0 3.502882780375184e-10
2094.0 3.5013261736094715e-10
2095.0 3.499769566843758e-10
2096.0 3.4982129600780446e-10
2097.0 3.496656353312331e-10
2098.0 3.4950997465466167e-10
2099.0 3.4935431397809024e-10
2100.0 3.49198653301519e-10
2101.0 3.490429926249476e-10
2102.0 3.488873319483763e-10
2103.0 3.487316712718049e-10
2104.0 3.4857601059523354e-10
2105.0 3.484203499186621e-10
2106.0 3.482646892420908e-10
2107.0 3.481090285655194e-10
2108.0 3.4795336788894806e-10
2109.0 3.4779770721237674e-10
2110.0 3.4764204653580537e-10
2111.0 3.4748638585923395e-10
2112.0 3.473307251826625e-10
2113.0 3.4717506450609126e-10
2114.0 3.470194038295199e-10
2115.0 3.4686374315294846e-10
2116.0 3.467080824763772e-10
2117.0 3.465524217998057e-10
2118.0 3.463967611232344e-10
2119.0 3.46241100446663e-10
2120.0 3.460854397700917e-10
2121.0 3.459297790935204e-10
2122.0 3.4577411841694897e-10
2123.0 3.4561845774037765e-10
2124.0 3.4546279706380617e-10
2125.0 3.453071363872349e-10
2126.0 3.4515147571066353e-10
2127.0 3.449958150340922e-10
2128.0 3.4484015435752084e-10
2129.0 3.4468449368094947e-10
2130.0 3.4452883300437805e-10
2131.0 3.4437317232780673e-10
2132.0 3.442175116512353e-10
2133.0 3.44061850974664e-10
2134.0 3.4390619029809267e-10
2135.0 3.437505296215213e-10
2136.0 3.435948689449498e-10
2137.0 3.434392082683786e-10
2138.0 3.432835475918072e-10
2139.0 3.4312788691523576e-10
2140.0 3.429946921279236e-10
2141.0 3.428643739260368e-10
2142.0 3.4273405572415003e-10
2143.0 3.426037375222632e-10
2144.0 3.4247341932037646e-10
2145.0 3.4234310111848967e-10
2146.0 3.4221278291660294e-10
2147.0 3.4208246471471636e-10
2148.0 3.419521465128295e-10
2149.0 3.418218283109428e-10
2150.0 3.4169151010905605e-10
2151.0 3.4156119190716927e-10
2152.0 3.4143087370528253e-10
2153.0 3.413005555033958e-10
2154.0 3.4117023730150896e-10
2155.0 3.410399190996223e-10
2156.0 3.4090960089773554e-10
2157.0 3.407792826958488e-10
2158.0 3.40648964493962e-10
2159.0 3.405186462920753e-10
2160.0 3.403883280901885e-10
2161.0 3.402580098883018e-10
2162.0 3.40127691686415e-10
2163.0 3.3999737348452825e-10
2164.0 3.398670552826414e-10
2165.0 3.397367370807547e-10
2166.0 3.3960641887886794e-10
2167.0 3.3947610067698115e-10
2168.0 3.393457824750944e-10
2169.0 3.392154642732077e-10
2170.0 3.3908514607132095e-10
2171.0 3.389548278694343e-10
2172.0 3.388245096675475e-10
2173.0 3.3869419146566075e-10
2174.0 3.38563873263774e-10
2175.0 3.384335550618873e-10
2176.0 3.3830323686000044e-10
2177.0 3.3817291865811376e-10
2178.0 3.38042600456227e-10
2179.0 3.379122822543403e-10
2180.0 3.377819640524535e-10
2181.0 3.3765164585056677e-10
2182.0 3.3752132764868004e-10
2183.0 3.373910094467932e-10
2184.0 3.3726069124490646e-10
2185.0 3.3713037304301963e-10
2186.0 3.370000548411329e-10
2187.0 3.368697366392462e-10
2188.0 3.367394184373595e-10
2189.0 3.3660910023547264e-10
2190.0 3.364787820335859e-10
2191.0 3.363484638316992e-10
2192.0 3.362181456298125e-10
2193.0 3.3608782742792575e-10
2194.0 3.3595750922603897e-10
2195.0 3.358271910241522e-10
2196.0 3.356968728222655e-10
2197.0 3.3556655462037876e-10
2198.0 3.35436236418492e-10
2199.0 3.3530591821660535e-10
2200.0 3.3517560001471846e-10
2201.0 3.350452818128318e-10
2202.0 3.34914963610945e-10
2203.0 3.347846454090582e-10
2204.0 3.346543272071714e-10
2205.0 3.345240090052847e-10
2206.0 3.343936908033979e-10
2207.0 3.342633726015111e-10
2208.0 3.3413305439962443e-10
2209.0 3.340027361977377e-10
2210.0 3.338724179958509e-10
2211.0 3.337420997939642e-10
2212.0 3.3361178159207744e-10
2213.0 3.334814633901907e-10
2214.0 3.3335114518830397e-10
2215.0 3.3322082698641724e-10
2216.0 3.330905087845304e-10
2217.0 3.329601905826437e-10
2218.0 3.32829872380757e-10
2219.0 3.3269955417887014e-10
2220.0 3.3256923597698346e-10
2221.0 3.3243891777509673e-10
2222.0 3.3230859957321e-10
2223.0 3.3217828137132326e-10
2224.0 3.3204796316943647e-10
2225.0 3.319176449675497e-10
2226.0 3.317873267656629e-10
2227.0 3.316570085637761e-10
2228.0 3.315266903618894e-10
2229.0 3.313963721600027e-10
2230.0 3.312660539581159e-10
2231.0 3.311357357562292e-10
2232.0 3.3100541755434244e-10
2233.0 3.308750993524557e-10
2234.0 3.307447811505689e-10
2235.0 3.306144629486822e-10
2236.0 3.3048414474679545e-10
2237.0 3.303538265449086e-10
2238.0 3.302235083430219e-10
2239.0 3.300931901411352e-10
2240.0 3.2996287193924846e-10
2241.0 3.2983255373736173e-10
2242.0 3.2970223553547494e-10
2243.0 3.295719173335882e-10
2244.0 3.294415991317015e-10
2245.0 3.293112809298146e-10
2246.0 3.291809627279279e-10
2247.0 3.2905064452604117e-10
2248.0 3.2892032632415433e-10
2249.0 3.2879000812226765e-10
2250.0 3.286596899203809e-10
2251.0 3.285293717184941e-10
2252.0 3.283990535166074e-10
2253.0 3.2826873531472066e-10
2254.0 3.281384171128339e-10
2255.0 3.2800809891094724e-10
2256.0 3.278777807090604e-10
2257.0 3.2774746250717367e-10
2258.0 3.2761714430528694e-10
2259.0 3.274868261034001e-10
2260.0 3.2735650790151336e-10
2261.0 3.2722618969962663e-10
2262.0 3.2709587149773984e-10
2263.0 3.269655532958532e-10
2264.0 3.2683523509396653e-10
2265.0 3.267049168920797e-10
2266.0 3.265745986901928e-10
2267.0 3.264442804883061e-10
2268.0 3.263139622864194e-10
2269.0 3.2618364408453265e-10
2270.0 3.2605332588264587e-10
2271.0 3.2592300768075913e-10
2272.0 3.257926894788723e-10
2273.0 3.2566237127698566e-10
2274.0 3.255320530750989e-10
2275.0 3.254017348732121e-10
2276.0 3.252714166713254e-10
2277.0 3.2514109846943867e-10
2278.0 3.250107802675519e-10
2279.0 3.2488046206566515e-10
2280.0 3.247501438637783e-10
2281.0 3.246198256618916e-10
2282.0 3.2448950746000485e-10
2283.0 3.243591892581181e-10
2284.0 3.2422887105623133e-10
2285.0 3.240985528543446e-10
2286.0 3.2396823465245786e-10
2287.0 3.238379164505711e-10
2288.0 3.2370759824868434e-10
2289.0 3.2357728004679755e-10
2290.0 3.2344696184491087e-10
2291.0 3.2331664364302413e-10
2292.0 3.2318632544113735e-10
2293.0 3.230560072392506e-10
2294.0 3.229256890373639e-10
2295.0 3.227953708354771e-10
2296.0 3.2266505263359036e-10
2297.0 3.2253473443170357e-10
2298.0 3.2240441622981684e-10
2299.0 3.2227409802793016e-10
2300.0 3.2214377982604337e-10
2301.0 3.2201346162415664e-10
2302.0 3.2188314342226985e-10
2303.0 3.217528252203831e-10
2304.0 3.216235790038277e-10
2305.0 3.2150201913868266e-10
2306.0 3.2138045927353774e-10
2307.0 3.2125889940839277e-10
2308.0 3.211373395432478e-10
2309.0 3.210157796781029e-10
2310.0 3.2089421981295786e-10
2311.0 3.20772659947813e-10
2312.0 3.2065110008266793e-10
2313.0 3.20529540217523e-10
2314.0 3.2040798035237804e-10
2315.0 3.20286420487233e-10
2316.0 3.2016486062208816e-10
2317.0 3.2004330075694314e-10
2318.0 3.199217408917982e-10
2319.0 3.198001810266532e-10
2320.0 3.196786211615083e-10
2321.0 3.1955706129636336e-10
2322.0 3.194355014312184e-10
2323.0 3.193139415660734e-10
2324.0 3.191923817009284e-10
2325.0 3.190708218357835e-10
2326.0 3.1894926197063857e-10
2327.0 3.1882770210549355e-10
2328.0 3.1870614224034864e-10
2329.0 3.1858458237520367e-10
2330.0 3.184630225100587e-10
2331.0 3.1834146264491373e-10
2332.0 3.182199027797687e-10
2333.0 3.1809834291462384e-10
2334.0 3.1797678304947877e-10
2335.0 3.178552231843339e-10
2336.0 3.177336633191889e-10
2337.0 3.1761210345404397e-10
2338.0 3.17490543588899e-10
2339.0 3.17368983723754e-10
2340.0 3.1724742385860906e-10
2341.0 3.1712586399346415e-10
2342.0 3.1700430412831913e-10
2343.0 3.168827442631742e-10
2344.0 3.1676118439802924e-10
2345.0 3.166396245328843e-10
2346.0 3.1651806466773936e-10
2347.0 3.163965048025944e-10
2348.0 3.162749449374494e-10
2349.0 3.161533850723044e-10
2350.0 3.160318252071595e-10
2351.0 3.1591026534201446e-10
2352.0 3.157887054768696e-10
2353.0 3.156671456117246e-10
2354.0 3.155455857465796e-10
2355.0 3.154240258814347e-10
2356.0 3.153024660162897e-10
2357.0 3.151809061511448e-10
2358.0 3.1505934628599984e-10
2359.0 3.1493778642085487e-10
2360.0 3.1481622655570995e-10
2361.0 3.146946666905649e-10
2362.0 3.1457310682541996e-10
2363.0 3.14451546960275e-10
2364.0 3.143299870951301e-10
2365.0 3.1420842722998516e-10
2366.0 3.140868673648401e-10
2367.0 3.1396530749969517e-10
2368.0 3.138437476345502e-10
2369.0 3.137221877694053e-10
2370.0 3.1360062790426026e-10
2371.0 3.1347906803911535e-10
2372.0 3.1335750817397033e-10
2373.0 3.1323594830882536e-10
2374.0 3.1311438844368044e-10
2375.0 3.129928285785355e-10
2376.0 3.1287126871339055e-10
2377.0 3.127497088482456e-10
2378.0 3.126281489831006e-10
2379.0 3.125065891179557e-10
2380.0 3.123850292528107e-10
2381.0 3.1226346938766576e-10
2382.0 3.121419095225208e-10
2383.0 3.120203496573758e-10
2384.0 3.118987897922308e-10
2385.0 3.1177722992708584e-10
2386.0 3.1165567006194097e-10
2387.0 3.1153411019679595e-10
2388.0 3.1141255033165103e-10
2389.0 3.1129099046650607e-10
2390.0 3.111694306013611e-10
2391.0 3.1104787073621613e-10
2392.0 3.109263108710711e-10
2393.0 3.108047510059262e-10
2394.0 3.106831911407813e-10
2395.0 3.105616312756363e-10
2396.0 3.1044007141049134e-10
2397.0 3.1031851154534637e-10
2398.0 3.101969516802014e-10
2399.0 3.1007539181505633e-10
2400.0 3.0995383194991146e-10
2401.0 3.0983227208476655e-10
2402.0 3.097107122196215e-10
2403.0 3.0958915235447666e-10
2404.0 3.0946759248933164e-10
2405.0 3.0934603262418667e-10
2406.0 3.0922447275904175e-10
2407.0 3.091029128938968e-10
2408.0 3.0898135302875187e-10
2409.0 3.088597931636068e-10
2410.0 3.087382332984619e-10
2411.0 3.0861667343331696e-10
2412.0 3.0849511356817194e-10
2413.0 3.08373553703027e-10
2414.0 3.08251993837882e-10
2415.0 3.0813043397273714e-10
2416.0 3.080088741075921e-10
2417.0 3.078873142424472e-10
2418.0 3.0776575437730223e-10
2419.0 3.0764419451215727e-10
2420.0 3.0752263464701235e-10
2421.0 3.074010747818673e-10
2422.0 3.0727951491672236e-10
2423.0 3.071579550515774e-10
2424.0 3.0703639518643247e-10
2425.0 3.069148353212875e-10
2426.0 3.0679327545614254e-10
2427.0 3.066717155909976e-10
2428.0 3.065501557258526e-10
2429.0 3.064285958607077e-10
2430.0 3.063070359955628e-10
2431.0 3.0618547613041775e-10
2432.0 3.0606391626527283e-10
2433.0 3.0594235640012776e-10
2434.0 3.0582079653498284e-10
2435.0 3.0569923666983787e-10
2436.0 3.0557767680469295e-10
2437.0 3.0545611693954804e-10
2438.0 3.05334557074403e-10
2439.0 3.052129972092581e-10
2440.0 3.050914373441131e-10
2441.0 3.0496987747896816e-10
2442.0 3.048483176138232e-10
2443.0 3.047267577486782e-10
2444.0 3.046051978835332e-10
2445.0 3.0448363801838834e-10
2446.0 3.0436207815324337e-10
2447.0 3.042405182880984e-10
2448.0 3.0411895842295343e-10
2449.0 3.039973985578085e-10
2450.0 3.038758386926635e-10
2451.0 3.0375427882751853e-10
2452.0 3.0363271896237356e-10
2453.0 3.035111590972286e-10
2454.0 3.033895992320837e-10
2455.0 3.032680393669387e-10
2456.0 3.031464795017938e-10
2457.0 3.030249196366488e-10
2458.0 3.029033597715038e-10
2459.0 3.027817999063589e-10
2460.0 3.0266024004121386e-10
2461.0 3.0253868017606894e-10
2462.0 3.0241712031092403e-10
2463.0 3.0229556044577906e-10
2464.0 3.0217400058063404e-10
2465.0 3.0205244071548907e-10
2466.0 3.0193088085034415e-10
2467.0 3.018093209851992e-10
2468.0 3.0168776112005427e-10
2469.0 3.015662012549093e-10
2470.0 3.014446413897643e-10
2471.0 3.013230815246194e-10
2472.0 3.0120152165947434e-10
2473.0 3.010799617943294e-10
2474.0 3.0095840192918446e-10
2475.0 3.0083684206403954e-10
2476.0 3.0071528219889457e-10
2477.0 3.005937223337496e-10
2478.0 3.0047216246860463e-10
2479.0 3.003506026034597e-10
2480.0 3.0022904273831475e-10
2481.0 3.001074828731697e-10
2482.0 3.000036580348492e-10
2483.0 2.9990867018728503e-10
2484.0 2.998136823397208e-10
2485.0 2.997186944921567e-10
2486.0 2.9962370664459254e-10
2487.0 2.995287187970284e-10
2488.0 2.9943373094946416e-10
2489.0 2.993387431019e-10
2490.0 2.9924375525433583e-10
2491.0 2.9914876740677166e-10
2492.0 2.9905377955920755e-10
2493.0 2.9895879171164333e-10
2494.0 2.9886380386407917e-10
2495.0 2.98768816016515e-10
2496.0 2.986738281689509e-10
2497.0 2.9857884032138673e-10
2498.0 2.984838524738225e-10
2499.0 2.983888646262583e-10
2500.0 2.982938767786942e-10
2501.0 2.9819888893113e-10
2502.0 2.9810390108356585e-10
2503.0 2.980089132360017e-10
2504.0 2.979139253884375e-10
2505.0 2.978189375408733e-10
2506.0 2.9772394969330914e-10
2507.0 2.9762896184574497e-10
2508.0 2.975339739981808e-10
2509.0 2.9743898615061664e-10
2510.0 2.973439983030525e-10
2511.0 2.972490104554884e-10
2512.0 2.971540226079242e-10
2513.0 2.9705903476036e-10
2514.0 2.9696404691279587e-10
2515.0 2.968690590652317e-10
2516.0 2.9677407121766744e-10
2517.0 2.966790833701034e-10
2518.0 2.965840955225391e-10
2519.0 2.96489107674975e-10
2520.0 2.963941198274108e-10
2521.0 2.962991319798466e-10
2522.0 2.962041441322825e-10
2523.0 2.9610915628471834e-10
2524.0 2.960141684371541e-10
2525.0 2.9591918058959e-10
2526.0 2.958241927420259e-10
2527.0 2.957292048944617e-10
2528.0 2.956342170468975e-10
2529.0 2.955392291993333e-10
2530.0 2.9544424135176913e-10
2531.0 2.9534925350420496e-10
2532.0 2.9525426565664085e-10
2533.0 2.9515927780907664e-10
2534.0 2.950642899615124e-10
2535.0 2.949693021139483e-10
2536.0 2.9487431426638414e-10
2537.0 2.947793264188199e-10
2538.0 2.9468433857125576e-10
2539.0 2.9458935072369165e-10
2540.0 2.944943628761275e-10
2541.0 2.943993750285633e-10
2542.0 2.9430438718099915e-10
2543.0 2.942093993334349e-10
2544.0 2.9411441148587077e-10
2545.0 2.9401942363830655e-10
2546.0 2.9392443579074244e-10
2547.0 2.9382944794317833e-10
2548.0 2.937344600956141e-10
2549.0 2.9363947224804995e-10
2550.0 2.935444844004858e-10
2551.0 2.934494965529216e-10
2552.0 2.933545087053574e-10
2553.0 2.9325952085779334e-10
2554.0 2.931645330102291e-10
2555.0 2.9306954516266496e-10
2556.0 2.9297455731510084e-10
2557.0 2.928795694675367e-10
2558.0 2.9278458161997246e-10
2559.0 2.9268959377240824e-10
2560.0 2.9259460592484413e-10
2561.0 2.9249961807727997e-10
2562.0 2.924046302297158e-10
2563.0 2.923096423821516e-10
2564.0 2.9221465453458747e-10
2565.0 2.9211966668702326e-10
2566.0 2.9202467883945914e-10
2567.0 2.9192969099189487e-10
2568.0 2.9183470314433076e-10
2569.0 2.917397152967666e-10
2570.0 2.916447274492024e-10
2571.0 2.915497396016382e-10
2572.0 2.9145475175407415e-10
2573.0 2.9135976390650994e-10
2574.0 2.912647760589457e-10
2575.0 2.9116978821138155e-10
2576.0 2.910748003638174e-10
2577.0 2.909798125162533e-10
2578.0 2.908848246686891e-10
2579.0 2.907898368211249e-10
2580.0 2.906948489735608e-10
2581.0 2.905998611259965e-10
2582.0 2.9050487327843245e-10
2583.0 2.904098854308683e-10
2584.0 2.90314897583304e-10
2585.0 2.902199097357399e-10
2586.0 2.9012492188817574e-10
2587.0 2.900299340406116e-10
2588.0 2.899349461930474e-10
2589.0 2.8983995834548325e-10
2590.0 2.8974497049791903e-10
2591.0 2.896499826503549e-10
2592.0 2.8955499480279075e-10
2593.0 2.894600069552266e-10
2594.0 2.8936501910766237e-10
2595.0 2.892700312600983e-10
2596.0 2.8917504341253404e-10
2597.0 2.8908005556496993e-10
2598.0 2.889850677174057e-10
2599.0 2.8889007986984155e-10
2600.0 2.887950920222774e-10
2601.0 2.8870010417471327e-10
2602.0 2.886051163271491e-10
2603.0 2.8851012847958494e-10
2604.0 2.884151406320207e-10
2605.0 2.883201527844565e-10
2606.0 2.8822516493689244e-10
2607.0 2.8813017708932823e-10
2608.0 2.8803518924176406e-10
2609.0 2.879402013941999e-10
2610.0 2.8784521354663573e-10
2611.0 2.8775022569907157e-10
2612.0 2.876552378515074e-10
2613.0 2.875602500039432e-10
2614.0 2.8746526215637907e-10
2615.0 2.8737027430881486e-10
2616.0 2.872752864612507e-10
2617.0 2.8718029861368663e-10
2618.0 2.870853107661224e-10
2619.0 2.869903229185582e-10
2620.0 2.86895335070994e-10
2621.0 2.868003472234298e-10
2622.0 2.8670535937586565e-10
2623.0 2.866103715283016e-10
2624.0 2.865153836807373e-10
2625.0 2.8642039583317315e-10
2626.0 2.8632540798560904e-10
2627.0 2.862304201380449e-10
2628.0 2.861354322904807e-10
2629.0 2.8604044444291655e-10
2630.0 2.859454565953523e-10
2631.0 2.858504687477882e-10
2632.0 2.85755480900224e-10
2633.0 2.856604930526599e-10
2634.0 2.8556550520509567e-10
2635.0 2.854705173575315e-10
2636.0 2.8537552950996734e-10
2637.0 2.852805416624032e-10
2638.0 2.85185553814839e-10
2639.0 2.8509056596727485e-10
2640.0 2.8499557811971063e-10
2641.0 2.849005902721465e-10
2642.0 2.848056024245824e-10
2643.0 2.8471061457701824e-10
2644.0 2.8461562672945397e-10
2645.0 2.845206388818898e-10
2646.0 2.8442565103432564e-10
2647.0 2.8433066318676153e-10
2648.0 2.842356753391974e-10
2649.0 2.8414068749163315e-10
2650.0 2.84045699644069e-10
2651.0 2.8395071179650476e-10
2652.0 2.8385572394894065e-10
2653.0 2.8376073610137654e-10
2654.0 2.836657482538123e-10
2655.0 2.8357076040624816e-10
2656.0 2.8347577255868404e-10
2657.0 2.833807847111199e-10
2658.0 2.8328579686355566e-10
2659.0 2.8319080901599155e-10
2660.0 2.8309582116842733e-10
2661.0 2.830008333208631e-10
2662.0 2.8290584547329895e-10
2663.0 2.828108576257348e-10
2664.0 2.8271586977817067e-10
2665.0 2.8262088193060646e-10
2666.0 2.8252589408304234e-10
2667.0 2.824309062354782e-10
2668.0 2.82335918387914e-10
2669.0 2.822409305403498e-10
2670.0 2.821459426927856e-10
2671.0 2.820509548452215e-10
2672.0 2.819559669976573e-10
2673.0 2.8186887132187795e-10
2674.0 2.817883886511152e-10
2675.0 2.817079059803525e-10
2676.0 2.816274233095898e-10
2677.0 2.815469406388271e-10
2678.0 2.8146645796806434e-10
2679.0 2.813859752973017e-10
2680.0 2.81305492626539e-10
2681.0 2.812250099557763e-10
2682.0 2.8114452728501357e-10
2683.0 2.810640446142509e-10
2684.0 2.8098356194348813e-10
2685.0 2.8090307927272554e-10
2686.0 2.808225966019628e-10
2687.0 2.8074211393120005e-10
2688.0 2.8066163126043736e-10
2689.0 2.805811485896746e-10
2690.0 2.8050066591891197e-10
2691.0 2.8042018324814923e-10
2692.0 2.803397005773866e-10
2693.0 2.8025921790662384e-10
2694.0 2.8017873523586105e-10
2695.0 2.800982525650984e-10
2696.0 2.800177698943357e-10
2697.0 2.7993728722357297e-10
2698.0 2.798568045528103e-10
2699.0 2.7977632188204764e-10
2700.0 2.796958392112849e-10
2701.0 2.7961535654052215e-10
2702.0 2.795348738697595e-10
2703.0 2.7945439119899676e-10
2704.0 2.7937390852823407e-10
2705.0 2.792934258574713e-10
2706.0 2.792129431867087e-10
2707.0 2.79132460515946e-10
2708.0 2.790519778451832e-10
2709.0 2.789714951744206e-10
2710.0 2.788910125036578e-10
2711.0 2.788105298328951e-10
2712.0 2.787300471621325e-10
2713.0 2.7864956449136973e-10
2714.0 2.7856908182060704e-10
2715.0 2.7848859914984435e-10
2716.0 2.784081164790817e-10
2717.0 2.783276338083189e-10
2718.0 2.7824715113755617e-10
2719.0 2.7816666846679353e-10
2720.0 2.780861857960308e-10
2721.0 2.780057031252681e-10
2722.0 2.779252204545054e-10
2723.0 2.7784473778374265e-10
2724.0 2.7776425511298e-10
2725.0 2.7768377244221727e-10
2726.0 2.7760328977145463e-10
2727.0 2.7752280710069183e-10
2728.0 2.7744232442992914e-10
2729.0 2.7736184175916644e-10
2730.0 2.7728135908840375e-10
2731.0 2.772008764176411e-10
2732.0 2.7712039374687837e-10
2733.0 2.770399110761157e-10
2734.0 2.7695942840535293e-10
2735.0 2.768789457345902e-10
2736.0 2.7679846306382754e-10
2737.0 2.7671798039306475e-10
2738.0 2.766374977223021e-10
2739.0 2.765570150515394e-10
2740.0 2.764765323807767e-10
2741.0 2.76396049710014e-10
2742.0 2.7631556703925134e-10
2743.0 2.7623508436848865e-10
2744.0 2.7615460169772585e-10
2745.0 2.760741190269632e-10
2746.0 2.7599363635620046e-10
2747.0 2.759131536854378e-10
2748.0 2.7583267101467513e-10
2749.0 2.757521883439124e-10
2750.0 2.756717056731497e-10
2751.0 2.7559122300238695e-10
2752.0 2.755107403316243e-10
2753.0 2.7543025766086156e-10
2754.0 2.753497749900989e-10
2755.0 2.752692923193362e-10
2756.0 2.751888096485734e-10
2757.0 2.751083269778108e-10
2758.0 2.7502784430704805e-10
2759.0 2.749473616362853e-10
2760.0 2.7486687896552266e-10
2761.0 2.7478639629475987e-10
2762.0 2.7470591362399723e-10
2763.0 2.7462543095323453e-10
2764.0 2.7454494828247174e-10
2765.0 2.744644656117091e-10
2766.0 2.743839829409464e-10
2767.0 2.7430350027018376e-10
2768.0 2.7422301759942097e-10
2769.0 2.7414253492865833e-10
2770.0 2.740620522578956e-10
2771.0 2.739815695871329e-10
2772.0 2.7390108691637015e-10
2773.0 2.7382060424560745e-10
2774.0 2.737401215748448e-10
2775.0 2.73659638904082e-10
2776.0 2.735791562333194e-10
2777.0 2.734986735625567e-10
2778.0 2.734181908917939e-10
2779.0 2.7333770822103125e-10
2780.0 2.732572255502685e-10
2781.0 2.7317674287950586e-10
2782.0 2.7309626020874307e-10
2783.0 2.730157775379804e-10
2784.0 2.7293529486721773e-10
2785.0 2.72854812196455e-10
2786.0 2.727743295256923e-10
2787.0 2.726938468549296e-10
2788.0 2.7261336418416686e-10
2789.0 2.7253288151340417e-10
2790.0 2.724523988426415e-10
2791.0 2.723719161718788e-10
2792.0 2.722914335011161e-10
2793.0 2.7221095083035345e-10
2794.0 2.7213046815959065e-10
2795.0 2.720499854888279e-10
2796.0 2.7196950281806527e-10
2797.0 2.718890201473025e-10
2798.0 2.718085374765399e-10
2799.0 2.7172805480577714e-10
2800.0 2.716475721350145e-10
2801.0 2.7156708946425175e-10
2802.0 2.71486606793489e-10
2803.0 2.7140612412272637e-10
2804.0 2.713256414519636e-10
2805.0 2.712451587812009e-10
2806.0 2.711646761104382e-10
2807.0 2.7108419343967554e-10
2808.0 2.710037107689128e-10
2809.0 2.709232280981501e-10
2810.0 2.708427454273874e-10
2811.0 2.7076226275662467e-10
2812.0 2.706817800858621e-10
2813.0 2.706012974150993e-10
2814.0 2.705208147443366e-10
2815.0 2.704403320735739e-10
2816.0 2.703598494028112e-10
2817.0 2.7027936673204846e-10
2818.0 2.701988840612857e-10
2819.0 2.7011840139052313e-10
2820.0 2.700379187197604e-10
2821.0 2.699574360489976e-10
2822.0 2.6987695337823495e-10
2823.0 2.697964707074722e-10
2824.0 2.697159880367095e-10
2825.0 2.696355053659468e-10
2826.0 2.695550226951842e-10
2827.0 2.6947454002442143e-10
2828.0 2.6939405735365874e-10
2829.0 2.69313574682896e-10
2830.0 2.692330920121333e-10
2831.0 2.6915260934137056e-10
2832.0 2.690721266706079e-10
2833.0 2.689916439998452e-10
2834.0 2.689111613290825e-10
2835.0 2.688306786583198e-10
2836.0 2.6875019598755715e-10
2837.0 2.6866971331679435e-10
2838.0 2.6858923064603166e-10
2839.0 2.68508747975269e-10
2840.0 2.684282653045062e-10
2841.0 2.683477826337436e-10
2842.0 2.6826729996298084e-10
2843.0 2.681868172922182e-10
2844.0 2.681063346214555e-10
2845.0 2.680258519506927e-10
2846.0 2.6794536927993007e-10
2847.0 2.678648866091673e-10
2848.0 2.677844039384046e-10
2849.0 2.67703921267642e-10
2850.0 2.676234385968792e-10
2851.0 2.675429559261165e-10
2852.0 2.6746247325535386e-10
2853.0 2.6738199058459106e-10
2854.0 2.673015079138284e-10
2855.0 2.672210252430657e-10
2856.0 2.67140542572303e-10
2857.0 2.6706005990154024e-10
2858.0 2.6697957723077755e-10
2859.0 2.668990945600149e-10
2860.0 2.668186118892522e-10
2861.0 2.667381292184894e-10
2862.0 2.666576465477268e-10
2863.0 2.6657716387696403e-10
2864.0 2.6649668120620134e-10
2865.0 2.664161985354386e-10
2866.0 2.6633571586467596e-10
2867.0 2.6625523319391326e-10
2868.0 2.661747505231505e-10
2869.0 2.6609426785238783e-10
2870.0 2.6601378518162513e-10
2871.0 2.6593330251086244e-10
2872.0 2.6585281984009975e-10
2873.0 2.6577233716933706e-10
2874.0 2.656918544985743e-10
2875.0 2.656113718278116e-10
2876.0 2.655308891570489e-10
2877.0 2.6545040648628623e-10
2878.0 2.653699238155235e-10
2879.0 2.6529214894172403e-10
2880.0 2.652155368771143e-10
2881.0 2.651389248125045e-10
2882.0 2.650623127478947e-10
2883.0 2.6498570068328495e-10
2884.0 2.649090886186752e-10
2885.0 2.648324765540654e-10
2886.0 2.6475586448945566e-10
2887.0 2.646792524248458e-10
2888.0 2.6460264036023614e-10
2889.0 2.6452602829562636e-10
2890.0 2.644494162310166e-10
2891.0 2.6437280416640685e-10
2892.0 2.64296192101797e-10
2893.0 2.642195800371873e-10
2894.0 2.6414296797257745e-10
2895.0 2.640663559079677e-10
2896.0 2.63989743843358e-10
2897.0 2.639131317787482e-10
2898.0 2.6383651971413837e-10
2899.0 2.637599076495287e-10
2900.0 2.636832955849189e-10
2901.0 2.636066835203091e-10
2902.0 2.6353007145569935e-10
2903.0 2.634534593910896e-10
2904.0 2.633768473264798e-10
2905.0 2.6330023526187005e-10
2906.0 2.6322362319726027e-10
2907.0 2.6314701113265054e-10
2908.0 2.6307039906804076e-10
2909.0 2.6299378700343097e-10
2910.0 2.629171749388212e-10
2911.0 2.628405628742114e-10
2912.0 2.627639508096017e-10
2913.0 2.6268733874499184e-10
2914.0 2.626107266803821e-10
2915.0 2.6253411461577233e-10
2916.0 2.624575025511626e-10
2917.0 2.6238089048655277e-10
2918.0 2.6230427842194304e-10
2919.0 2.622276663573333e-10
2920.0 2.6215105429272347e-10
2921.0 2.620744422281137e-10
2922.0 2.6199783016350396e-10
2923.0 2.6192121809889423e-10
2924.0 2.618446060342844e-10
2925.0 2.6176799396967466e-10
2926.0 2.6169138190506493e-10
2927.0 2.616147698404551e-10
2928.0 2.615381577758453e-10
2929.0 2.6146154571123553e-10
2930.0 2.613849336466258e-10
2931.0 2.61308321582016e-10
2932.0 2.6123170951740624e-10
2933.0 2.6115509745279646e-10
2934.0 2.6107848538818673e-10
2935.0 2.6100187332357694e-10
2936.0 2.6092526125896716e-10
2937.0 2.6084864919435743e-10
2938.0 2.6077203712974765e-10
2939.0 2.6069542506513787e-10
2940.0 2.606188130005281e-10
2941.0 2.6054220093591835e-10
2942.0 2.604655888713086e-10
2943.0 2.603889768066988e-10
2944.0 2.60312364742089e-10
2945.0 2.602357526774793e-10
2946.0 2.601591406128695e-10
2947.0 2.600825285482597e-10
2948.0 2.6000591648364993e-10
2949.0 2.599293044190402e-10
2950.0 2.598526923544304e-10
2951.0 2.597760802898207e-10
2952.0 2.596994682252109e-10
2953.0 2.596228561606011e-10
2954.0 2.5954624409599134e-10
2955.0 2.5946963203138156e-10
2956.0 2.5939301996677177e-10
2957.0 2.5931640790216204e-10
2958.0 2.5923979583755226e-10
2959.0 2.5916318377294243e-10
2960.0 2.5908657170833275e-10
2961.0 2.5900995964372297e-10
2962.0 2.589333475791132e-10
2963.0 2.588567355145034e-10
2964.0 2.587801234498936e-10
2965.0 2.587035113852839e-10
2966.0 2.5862689932067405e-10
2967.0 2.585502872560643e-10
2968.0 2.5847367519145454e-10
2969.0 2.583970631268448e-10
2970.0 2.58320451062235e-10
2971.0 2.5824383899762525e-10
2972.0 2.581672269330155e-10
2973.0 2.5809061486840573e-10
2974.0 2.5801400280379595e-10
2975.0 2.5793739073918617e-10
2976.0 2.578607786745764e-10
2977.0 2.5778416660996666e-10
2978.0 2.5770755454535687e-10
2979.0 2.576309424807471e-10
2980.0 2.5755433041613736e-10
2981.0 2.5747771835152753e-10
2982.0 2.5740110628691774e-10
2983.0 2.57324494222308e-10
2984.0 2.572478821576983e-10
2985.0 2.571712700930885e-10
2986.0 2.570946580284787e-10
2987.0 2.5701804596386894e-10
2988.0 2.5694143389925915e-10
2989.0 2.568648218346494e-10
2990.0 2.5678820977003964e-10
2991.0 2.5671159770542986e-10
2992.0 2.566349856408201e-10
2993.0 2.5655837357621035e-10
2994.0 2.5648176151160056e-10
2995.0 2.564051494469908e-10
2996.0 2.5632853738238105e-10
2997.0 2.5625192531777127e-10
2998.0 2.5617531325316143e-10
2999.0 2.560987011885517e-10
3000.0 2.5602208912394197e-10
3001.0 2.559454770593322e-10
3002.0 2.558688649947224e-10
3003.0 2.557922529301127e-10
3004.0 2.5571564086550284e-10
3005.0 2.556390288008931e-10
3006.0 2.555624167362833e-10
3007.0 2.554858046716736e-10
3008.0 2.554091926070638e-10
3009.0 2.5533258054245404e-10
3010.0 2.552559684778442e-10
3011.0 2.5517935641323447e-10
3012.0 2.5510274434862474e-10
3013.0 2.550261322840149e-10
3014.0 2.549495202194052e-10
3015.0 2.548729081547954e-10
3016.0 2.5479629609018566e-10
3017.0 2.5471968402557583e-10
3018.0 2.546430719609661e-10
3019.0 2.5456645989635637e-10
3020.0 2.5448984783174653e-10
3021.0 2.5441323576713675e-10
3022.0 2.54336623702527e-10
3023.0 2.5426001163791724e-10
3024.0 2.5418339957330746e-10
3025.0 2.541067875086977e-10
3026.0 2.5403017544408794e-10
3027.0 2.5395356337947816e-10
3028.0 2.5387695131486843e-10
3029.0 2.538003392502586e-10
3030.0 2.5372372718564887e-10
3031.0 2.536471151210391e-10
3032.0 2.535705030564293e-10
3033.0 2.534938909918195e-10
3034.0 2.534172789272098e-10
3035.0 2.5334066686260006e-10
3036.0 2.532640547979903e-10
3037.0 2.5318744273338044e-10
3038.0 2.531108306687707e-10
3039.0 2.5303421860416093e-10
3040.0 2.5295760653955115e-10
3041.0 2.528809944749414e-10
3042.0 2.5280438241033163e-10
3043.0 2.5272777034572185e-10
3044.0 2.526511582811121e-10
3045.0 2.5257454621650234e-10
3046.0 2.5249793415189256e-10
3047.0 2.5242132208728277e-10
3048.0 2.52344710022673e-10
3049.0 2.5226809795806326e-10
3050.0 2.521914858934535e-10
3051.0 2.521148738288437e-10
3052.0 2.5203826176423397e-10
3053.0 2.519616496996242e-10
3054.0 2.518850376350144e-10
3055.0 2.518084255704046e-10
3056.0 2.5173181350579484e-10
3057.0 2.516552014411851e-10
3058.0 2.515785893765753e-10
3059.0 2.515019773119655e-10
3060.0 2.5142536524735576e-10
3061.0 2.513487531827461e-10
3062.0 2.5127214111813625e-10
3063.0 2.5119552905352646e-10
3064.0 2.511189169889167e-10
3065.0 2.5104230492430695e-10
3066.0 2.509656928596971e-10
3067.0 2.508890807950874e-10
3068.0 2.508124687304776e-10
3069.0 2.5073585666586787e-10
3070.0 2.506592446012581e-10
3071.0 2.5058263253664826e-10
3072.0 2.505060204720386e-10
3073.0 2.5042940840742874e-10
3074.0 2.50352796342819e-10
3075.0 2.5027618427820923e-10
3076.0 2.5019957221359945e-10
3077.0 2.501229601489897e-10
3078.0 2.5004634808437994e-10
3079.0 2.4996973601977015e-10
3080.0 2.498931239551604e-10
3081.0 2.498165118905506e-10
3082.0 2.497398998259408e-10
3083.0 2.496632877613311e-10
3084.0 2.4958667569672134e-10
3085.0 2.4951006363211156e-10
3086.0 2.494334515675018e-10
3087.0 2.49356839502892e-10
3088.0 2.492802274382822e-10
3089.0 2.4920361537367243e-10
3090.0 2.491270033090627e-10
3091.0 2.490503912444529e-10
3092.0 2.4897377917984314e-10
3093.0 2.488971671152334e-10
3094.0 2.488205550506236e-10
3095.0 2.4874394298601384e-10
3096.0 2.486673309214041e-10
3097.0 2.485907188567943e-10
3098.0 2.485141067921845e-10
3099.0 2.4843749472757477e-10
3100.0 2.4836088266296503e-10
