2.0 5.578136271209623e-09
3.0 7.223754847221705e-09
4.0 8.60775848625438e-09
5.0 9.762269193795437e-09
6.0 1.0719112995838585e-08
7.0 1.1506030599137033e-08
8.0 1.2138103394726347e-08
9.0 1.2640612111097206e-08
10.0 1.302478275905632e-08
11.0 1.331379411749364e-08
12.0 1.3497889573641202e-08
13.0 1.3610925637605372e-08
14.0 1.3657688927490389e-08
15.0 1.3638142083286908e-08
16.0 1.3578355190698579e-08
17.0 1.3475661312573007e-08
18.0 1.3334360375389358e-08
19.0 1.3169907068712284e-08
20.0 1.2989744279762966e-08
21.0 1.2793054147688059e-08
22.0 1.2586080629659838e-08
23.0 1.2369203674408842e-08
24.0 1.2146163584552529e-08
25.0 1.1922132196528325e-08
26.0 1.1698900805291796e-08
27.0 1.14758830668622e-08
28.0 1.1254064816130229e-08
29.0 1.1032709692605611e-08
30.0 1.0816459576568691e-08
31.0 1.0600209460531773e-08
32.0 1.0392180678245738e-08
33.0 1.0185536368704676e-08
34.0 9.984013022718728e-09
35.0 9.788574050771912e-09
36.0 9.593135078825095e-09
37.0 9.408173649489714e-09
38.0 9.224731223103388e-09
39.0 9.04237484169914e-09
40.0 8.870900378053122e-09
41.0 8.699425914407106e-09
42.0 8.529188296697827e-09
43.0 8.370902474436866e-09
44.0 8.212616652175907e-09
45.0 8.054330829914946e-09
46.0 7.90850704836597e-09
47.0 7.76461196168452e-09
48.0 7.62071687500307e-09
49.0 7.481274072714694e-09
50.0 7.348808224031779e-09
51.0 7.2163423753488645e-09
52.0 7.083876526665948e-09
53.0 6.958898475197281e-09
54.0 6.838035175902355e-09
55.0 6.717171876607428e-09
56.0 6.596308577312501e-09
57.0 6.48384576199738e-09
58.0 6.376691515723586e-09
59.0 6.269537269449792e-09
60.0 6.162383023175998e-09
61.0 6.057870824124139e-09
62.0 5.960517466175758e-09
63.0 5.863164108227377e-09
64.0 5.765810750278996e-09
65.0 5.6684573923306155e-09
66.0 5.576833785869977e-09
67.0 5.489161631522358e-09
68.0 5.401489477174741e-09
69.0 5.313817322827122e-09
70.0 5.2261451684795035e-09
71.0 5.144675957261648e-09
72.0 5.068204213476485e-09
73.0 4.991732469691322e-09
74.0 4.915260725906159e-09
75.0 4.838788982120994e-09
76.0 4.7633564519497165e-09
77.0 4.695020510649618e-09
78.0 4.62668456934952e-09
79.0 4.558348628049422e-09
80.0 4.490012686749324e-09
81.0 4.421676745449226e-09
82.0 4.355474156754572e-09
83.0 4.294657649340597e-09
84.0 4.233841141926622e-09
85.0 4.173024634512647e-09
86.0 4.112208127098672e-09
87.0 4.0513916196846976e-09
88.0 3.9905751122707225e-09
89.0 3.938179258480902e-09
90.0 3.885872264010151e-09
91.0 3.833565269539398e-09
92.0 3.781258275068648e-09
93.0 3.7289512805978964e-09
94.0 3.676644286127145e-09
95.0 3.625739574011247e-09
96.0 3.580091105784814e-09
97.0 3.5344426375583814e-09
98.0 3.488794169331948e-09
99.0 3.443145701105514e-09
100.0 3.3974972328790813e-09
101.0 3.3518487646526478e-09
102.0 3.306200296426215e-09
103.0 3.2653656191655722e-09
104.0 3.2250099644204913e-09
105.0 3.1846543096754103e-09
106.0 3.144298654930329e-09
107.0 3.103943000185248e-09
108.0 3.0635873454401666e-09
109.0 3.023231690695086e-09
110.0 2.983160436987501e-09
111.0 2.948983632555696e-09
112.0 2.914806828123891e-09
113.0 2.880630023692086e-09
114.0 2.846453219260281e-09
115.0 2.8122764148284754e-09
116.0 2.7780996103966698e-09
117.0 2.743922805964865e-09
118.0 2.70974600153306e-09
119.0 2.6785132405462234e-09
120.0 2.6494398155257684e-09
121.0 2.620366390505313e-09
122.0 2.591292965484858e-09
123.0 2.562219540464403e-09
124.0 2.533146115443948e-09
125.0 2.5040726904234923e-09
126.0 2.4749992654030373e-09
127.0 2.445925840382582e-09
128.0 2.4184539637781478e-09
129.0 2.3928973138267597e-09
130.0 2.3673406638753696e-09
131.0 2.341784013923981e-09
132.0 2.316227363972592e-09
133.0 2.2906707140212024e-09
134.0 2.265114064069813e-09
135.0 2.2395574141184242e-09
136.0 2.2140007641670353e-09
137.0 2.188444114215646e-09
138.0 2.165570535292856e-09
139.0 2.144263642650788e-09
140.0 2.1229567500087202e-09
141.0 2.1016498573666526e-09
142.0 2.080342964724585e-09
143.0 2.0590360720825174e-09
144.0 2.0377291794404494e-09
145.0 2.016422286798382e-09
146.0 1.9951153941563145e-09
147.0 1.973808501514247e-09
148.0 1.9526808778792265e-09
149.0 1.934916959022284e-09
150.0 1.917153040165342e-09
151.0 1.8993891213083993e-09
152.0 1.8816252024514572e-09
153.0 1.8638612835945143e-09
154.0 1.8460973647375722e-09
155.0 1.828333445880629e-09
156.0 1.8105695270236868e-09
157.0 1.7928056081667447e-09
158.0 1.775041689309802e-09
159.0 1.7572777704528596e-09
160.0 1.741011792130949e-09
161.0 1.7255352473713126e-09
162.0 1.7100587026116766e-09
163.0 1.6945821578520405e-09
164.0 1.6791056130924047e-09
165.0 1.663629068332768e-09
166.0 1.648152523573132e-09
167.0 1.6326759788134955e-09
168.0 1.6171994340538595e-09
169.0 1.6017228892942234e-09
170.0 1.5862463445345874e-09
171.0 1.5707697997749513e-09
172.0 1.5563490263271484e-09
173.0 1.5436406383030102e-09
174.0 1.5309322502788716e-09
175.0 1.5182238622547337e-09
176.0 1.5055154742305948e-09
177.0 1.4928070862064569e-09
178.0 1.4800986981823185e-09
179.0 1.4673903101581799e-09
180.0 1.4546819221340415e-09
181.0 1.4419735341099033e-09
182.0 1.4292651460857649e-09
183.0 1.4165567580616267e-09
184.0 1.4038483700374885e-09
185.0 1.3915062330725682e-09
186.0 1.3810507832210114e-09
187.0 1.3705953333694545e-09
188.0 1.3601398835178973e-09
189.0 1.3496844336663405e-09
190.0 1.3392289838147836e-09
191.0 1.3287735339632266e-09
192.0 1.3183180841116693e-09
193.0 1.3078626342601125e-09
194.0 1.2974071844085555e-09
195.0 1.2869517345569984e-09
196.0 1.2764962847054414e-09
197.0 1.2660408348538845e-09
198.0 1.2555853850023275e-09
199.0 1.2451299351507705e-09
200.0 1.2360296834035005e-09
201.0 1.2270384267968626e-09
202.0 1.2180471701902248e-09
203.0 1.2090559135835866e-09
204.0 1.200064656976949e-09
205.0 1.1910734003703111e-09
206.0 1.1820821437636736e-09
207.0 1.1730908871570354e-09
208.0 1.1640996305503977e-09
209.0 1.15510837394376e-09
210.0 1.146117117337122e-09
211.0 1.1371258607304844e-09
212.0 1.1281346041238462e-09
213.0 1.1191433475172085e-09
214.0 1.1101520909105703e-09
215.0 1.102132951609223e-09
216.0 1.0947839090973376e-09
217.0 1.087434866585452e-09
218.0 1.0800858240735667e-09
219.0 1.0727367815616813e-09
220.0 1.065387739049796e-09
221.0 1.0580386965379106e-09
222.0 1.050689654026025e-09
223.0 1.0433406115141395e-09
224.0 1.0359915690022544e-09
225.0 1.028642526490369e-09
226.0 1.0212934839784834e-09
227.0 1.013944441466598e-09
228.0 1.0065953989547127e-09
229.0 9.992463564428274e-10
230.0 9.918973139309418e-10
231.0 9.846563442332072e-10
232.0 9.787056121449793e-10
233.0 9.727548800567514e-10
234.0 9.66804147968523e-10
235.0 9.60853415880295e-10
236.0 9.549026837920669e-10
237.0 9.48951951703839e-10
238.0 9.43001219615611e-10
239.0 9.37050487527383e-10
240.0 9.310997554391548e-10
241.0 9.251490233509267e-10
242.0 9.191982912626988e-10
243.0 9.132475591744708e-10
244.0 9.072968270862426e-10
245.0 9.013460949980147e-10
246.0 8.953953629097868e-10
247.0 8.894446308215588e-10
248.0 8.834938987333307e-10
249.0 8.77807226141306e-10
250.0 8.727652033331724e-10
251.0 8.677231805250388e-10
252.0 8.62681157716905e-10
253.0 8.576391349087713e-10
254.0 8.525971121006377e-10
255.0 8.475550892925039e-10
256.0 8.425130664843703e-10
257.0 8.374710436762366e-10
258.0 8.324290208681029e-10
259.0 8.273869980599692e-10
260.0 8.223449752518355e-10
261.0 8.173029524437018e-10
262.0 8.122609296355683e-10
263.0 8.072189068274343e-10
264.0 8.021768840193008e-10
265.0 7.971348612111671e-10
266.0 7.920928384030334e-10
267.0 7.870508155948997e-10
268.0 7.821304756156878e-10
269.0 7.779973785587931e-10
270.0 7.738642815018985e-10
271.0 7.69731184445004e-10
272.0 7.655980873881094e-10
273.0 7.614649903312149e-10
274.0 7.573318932743203e-10
275.0 7.531987962174258e-10
276.0 7.490656991605313e-10
277.0 7.449326021036366e-10
278.0 7.40799505046742e-10
279.0 7.366664079898473e-10
280.0 7.325333109329529e-10
281.0 7.284002138760582e-10
282.0 7.242671168191638e-10
283.0 7.201340197622692e-10
284.0 7.160009227053747e-10
285.0 7.118678256484801e-10
286.0 7.077347285915856e-10
287.0 7.03601631534691e-10
288.0 6.994685344777964e-10
289.0 6.957639018719583e-10
290.0 6.924849530458638e-10
291.0 6.892060042197693e-10
292.0 6.859270553936745e-10
293.0 6.8264810656758e-10
294.0 6.793691577414854e-10
295.0 6.760902089153907e-10
296.0 6.728112600892963e-10
297.0 6.695323112632018e-10
298.0 6.662533624371072e-10
299.0 6.629744136110125e-10
300.0 6.59695464784918e-10
301.0 6.564165159588234e-10
302.0 6.53137567132729e-10
303.0 6.498586183066343e-10
304.0 6.465796694805398e-10
305.0 6.433007206544452e-10
306.0 6.400217718283507e-10
307.0 6.367428230022559e-10
308.0 6.334638741761614e-10
309.0 6.301849253500669e-10
310.0 6.269059765239722e-10
311.0 6.237728351951817e-10
312.0 6.210142705867296e-10
313.0 6.182557059782774e-10
314.0 6.154971413698252e-10
315.0 6.127385767613732e-10
316.0 6.099800121529212e-10
317.0 6.072214475444692e-10
318.0 6.044628829360172e-10
319.0 6.017043183275651e-10
320.0 5.989457537191131e-10
321.0 5.96187189110661e-10
322.0 5.93428624502209e-10
323.0 5.906700598937569e-10
324.0 5.87911495285305e-10
325.0 5.85152930676853e-10
326.0 5.823943660684007e-10
327.0 5.796358014599487e-10
328.0 5.768772368514966e-10
329.0 5.741186722430446e-10
330.0 5.713601076345925e-10
331.0 5.686015430261405e-10
332.0 5.658429784176883e-10
333.0 5.630844138092364e-10
334.0 5.603258492007844e-10
335.0 5.577374718769813e-10
336.0 5.554691319028833e-10
337.0 5.532007919287853e-10
338.0 5.509324519546873e-10
339.0 5.486641119805893e-10
340.0 5.463957720064914e-10
341.0 5.441274320323934e-10
342.0 5.418590920582952e-10
343.0 5.395907520841974e-10
344.0 5.373224121100994e-10
345.0 5.350540721360015e-10
346.0 5.327857321619034e-10
347.0 5.305173921878055e-10
348.0 5.282490522137075e-10
349.0 5.259807122396093e-10
350.0 5.237123722655115e-10
351.0 5.214440322914135e-10
352.0 5.191756923173157e-10
353.0 5.169073523432175e-10
354.0 5.146390123691194e-10
355.0 5.123706723950217e-10
356.0 5.101023324209236e-10
357.0 5.078339924468257e-10
358.0 5.055656524727276e-10
359.0 5.032973124986297e-10
360.0 5.010289725245317e-10
361.0 4.990415552749932e-10
362.0 4.972654554536316e-10
363.0 4.954893556322703e-10
364.0 4.937132558109089e-10
365.0 4.919371559895476e-10
366.0 4.901610561681861e-10
367.0 4.883849563468245e-10
368.0 4.866088565254631e-10
369.0 4.848327567041017e-10
370.0 4.830566568827403e-10
371.0 4.812805570613789e-10
372.0 4.795044572400174e-10
373.0 4.77728357418656e-10
374.0 4.759522575972946e-10
375.0 4.741761577759332e-10
376.0 4.724000579545718e-10
377.0 4.706239581332104e-10
378.0 4.688478583118489e-10
379.0 4.670717584904875e-10
380.0 4.6529565866912615e-10
381.0 4.635195588477647e-10
382.0 4.6174345902640326e-10
383.0 4.5996735920504173e-10
384.0 4.581912593836804e-10
385.0 4.5641515956231895e-10
386.0 4.5463905974095753e-10
387.0 4.528629599195961e-10
388.0 4.5108686009823464e-10
389.0 4.4954938997244986e-10
390.0 4.480683226666617e-10
391.0 4.465872553608736e-10
392.0 4.451061880550855e-10
393.0 4.436251207492973e-10
394.0 4.4214405344350914e-10
395.0 4.4066298613772103e-10
396.0 4.3918191883193283e-10
397.0 4.377008515261447e-10
398.0 4.362197842203565e-10
399.0 4.3473871691456837e-10
400.0 4.3325764960878026e-10
401.0 4.3177658230299216e-10
402.0 4.30295514997204e-10
403.0 4.288144476914158e-10
404.0 4.273333803856277e-10
405.0 4.258523130798395e-10
406.0 4.2437124577405134e-10
407.0 4.2289017846826313e-10
408.0 4.2140911116247503e-10
409.0 4.1992804385668693e-10
410.0 4.1844697655089877e-10
411.0 4.169659092451106e-10
412.0 4.154848419393225e-10
413.0 4.140037746335343e-10
414.0 4.125227073277462e-10
415.0 4.11041640021958e-10
416.0 4.095605727161698e-10
417.0 4.080795054103817e-10
418.0 4.065984381045936e-10
419.0 4.053493656795593e-10
420.0 4.041236296336525e-10
421.0 4.028978935877457e-10
422.0 4.016721575418389e-10
423.0 4.0044642149593207e-10
424.0 3.9922068545002533e-10
425.0 3.979949494041185e-10
426.0 3.967692133582117e-10
427.0 3.9554347731230485e-10
428.0 3.943177412663981e-10
429.0 3.930920052204913e-10
430.0 3.9186626917458453e-10
431.0 3.9064053312867774e-10
432.0 3.8941479708277095e-10
433.0 3.881890610368642e-10
434.0 3.8696332499095737e-10
435.0 3.8573758894505063e-10
436.0 3.845118528991438e-10
437.0 3.83286116853237e-10
438.0 3.820603808073302e-10
439.0 3.808346447614234e-10
440.0 3.796089087155166e-10
441.0 3.783831726696097e-10
442.0 3.771574366237031e-10
443.0 3.759317005777962e-10
444.0 3.747059645318895e-10
445.0 3.734802284859826e-10
446.0 3.722544924400759e-10
447.0 3.7102875639416913e-10
448.0 3.6980302034826234e-10
449.0 3.685772843023555e-10
450.0 3.673515482564487e-10
451.0 3.663201798359899e-10
452.0 3.653700123535438e-10
453.0 3.644198448710977e-10
454.0 3.634696773886516e-10
455.0 3.6251950990620547e-10
456.0 3.615693424237593e-10
457.0 3.606191749413132e-10
458.0 3.596690074588672e-10
459.0 3.58718839976421e-10
460.0 3.5776867249397484e-10
461.0 3.5681850501152875e-10
462.0 3.5586833752908266e-10
463.0 3.5491817004663656e-10
464.0 3.5396800256419037e-10
465.0 3.530178350817443e-10
466.0 3.5206766759929823e-10
467.0 3.5111750011685214e-10
468.0 3.50167332634406e-10
469.0 3.492171651519599e-10
470.0 3.4826699766951375e-10
471.0 3.4731683018706766e-10
472.0 3.463666627046216e-10
473.0 3.4541649522217537e-10
474.0 3.4446632773972933e-10
475.0 3.435161602572832e-10
476.0 3.4256599277483714e-10
477.0 3.41615825292391e-10
478.0 3.4066565780994485e-10
479.0 3.397154903274988e-10
480.0 3.387653228450526e-10
481.0 3.378151553626065e-10
482.0 3.3686498788016037e-10
483.0 3.359148203977144e-10
484.0 3.349646529152682e-10
485.0 3.340179205473643e-10
486.0 3.33226619562339e-10
487.0 3.324353185773136e-10
488.0 3.3164401759228824e-10
489.0 3.308527166072628e-10
490.0 3.300614156222375e-10
491.0 3.292701146372121e-10
492.0 3.2847881365218677e-10
493.0 3.276875126671614e-10
494.0 3.268962116821361e-10
495.0 3.261049106971106e-10
496.0 3.253136097120853e-10
497.0 3.245223087270599e-10
498.0 3.2373100774203457e-10
499.0 3.2293970675700917e-10
500.0 3.2214840577198383e-10
501.0 3.2135710478695844e-10
502.0 3.205658038019331e-10
503.0 3.197745028169077e-10
504.0 3.1898320183188236e-10
505.0 3.181919008468569e-10
506.0 3.174005998618316e-10
507.0 3.166092988768063e-10
508.0 3.158179978917809e-10
509.0 3.150266969067555e-10
510.0 3.142353959217301e-10
511.0 3.134440949367048e-10
512.0 3.126527939516794e-10
513.0 3.11861492966654e-10
514.0 3.110701919816287e-10
515.0 3.102788909966033e-10
516.0 3.0948759001157794e-10
517.0 3.086962890265525e-10
518.0 3.079049880415272e-10
519.0 3.071136870565018e-10
520.0 3.0632238607147647e-10
521.0 3.0553108508645113e-10
522.0 3.047397841014258e-10
523.0 3.040378908105697e-10
524.0 3.0338075148662484e-10
525.0 3.0272361216267986e-10
526.0 3.0206647283873504e-10
527.0 3.0140933351479016e-10
528.0 3.007521941908452e-10
529.0 3.000950548669003e-10
530.0 2.994379155429554e-10
531.0 2.9878077621901045e-10
532.0 2.981236368950656e-10
533.0 2.9746649757112065e-10
534.0 2.9680935824717577e-10
535.0 2.961522189232308e-10
536.0 2.95495079599286e-10
537.0 2.9483794027534104e-10
538.0 2.941808009513961e-10
539.0 2.9352366162745123e-10
540.0 2.928665223035063e-10
541.0 2.9220938297956143e-10
542.0 2.915522436556165e-10
543.0 2.9089510433167163e-10
544.0 2.902379650077267e-10
545.0 2.895808256837817e-10
546.0 2.8892368635983684e-10
547.0 2.8826654703589197e-10
548.0 2.876094077119471e-10
549.0 2.8695226838800216e-10
550.0 2.862951290640573e-10
551.0 2.8563798974011236e-10
552.0 2.8498085041616743e-10
553.0 2.8432371109222256e-10
554.0 2.8366657176827763e-10
555.0 2.8300943244433275e-10
556.0 2.8235229312038783e-10
557.0 2.816951537964429e-10
558.0 2.81038014472498e-10
559.0 2.8038087514855315e-10
560.0 2.797237358246082e-10
561.0 2.7906659650066334e-10
562.0 2.784094571767184e-10
563.0 2.778140178459065e-10
564.0 2.7729906159979684e-10
565.0 2.7678410535368706e-10
566.0 2.7626914910757733e-10
567.0 2.7575419286146755e-10
568.0 2.7523923661535783e-10
569.0 2.747242803692481e-10
570.0 2.742093241231384e-10
571.0 2.736943678770286e-10
572.0 2.731794116309189e-10
573.0 2.726644553848092e-10
574.0 2.721494991386994e-10
575.0 2.716345428925897e-10
576.0 2.7111958664647995e-10
577.0 2.7060463040037023e-10
578.0 2.700896741542605e-10
579.0 2.6957471790815077e-10
580.0 2.6905976166204104e-10
581.0 2.685448054159313e-10
582.0 2.680298491698216e-10
583.0 2.675148929237118e-10
584.0 2.669999366776021e-10
585.0 2.664849804314924e-10
586.0 2.6597002418538263e-10
587.0 2.654550679392729e-10
588.0 2.6494011169316317e-10
589.0 2.6442515544705345e-10
590.0 2.6391019920094367e-10
591.0 2.63395242954834e-10
592.0 2.6288028670872416e-10
593.0 2.623653304626145e-10
594.0 2.618503742165048e-10
595.0 2.6133541797039503e-10
596.0 2.608204617242853e-10
597.0 2.6030550547817557e-10
598.0 2.5979054923206585e-10
599.0 2.5927559298595607e-10
600.0 2.587606367398464e-10
601.0 2.582456804937366e-10
602.0 2.5773072424762694e-10
603.0 2.572157680015172e-10
604.0 2.5670081175540743e-10
605.0 2.561858555092977e-10
606.0 2.5567987653890573e-10
607.0 2.5525242449104504e-10
608.0 2.5482497244318425e-10
609.0 2.543975203953235e-10
610.0 2.5397006834746266e-10
611.0 2.53542616299602e-10
612.0 2.531151642517413e-10
613.0 2.526877122038805e-10
614.0 2.522602601560197e-10
615.0 2.518328081081589e-10
616.0 2.514053560602982e-10
617.0 2.509779040124374e-10
618.0 2.5055045196457667e-10
619.0 2.501229999167159e-10
620.0 2.496955478688552e-10
621.0 2.492680958209944e-10
622.0 2.4884064377313365e-10
623.0 2.484131917252729e-10
624.0 2.4798573967741216e-10
625.0 2.475582876295514e-10
626.0 2.4713083558169057e-10
627.0 2.4670338353382993e-10
628.0 2.462759314859691e-10
629.0 2.458484794381084e-10
630.0 2.454210273902476e-10
631.0 2.4499357534238686e-10
632.0 2.445661232945261e-10
633.0 2.441386712466653e-10
634.0 2.437112191988046e-10
635.0 2.432837671509439e-10
636.0 2.42856315103083e-10
637.0 2.424288630552223e-10
638.0 2.4200141100736156e-10
639.0 2.415739589595008e-10
640.0 2.4114650691163997e-10
641.0 2.407190548637793e-10
642.0 2.4029160281591853e-10
643.0 2.3986415076805774e-10
644.0 2.39436698720197e-10
645.0 2.3900924667233625e-10
646.0 2.3858179462447546e-10
647.0 2.3815434257661467e-10
648.0 2.3772689052875403e-10
649.0 2.3729943848089323e-10
650.0 2.3687198643303244e-10
651.0 2.364445343851717e-10
652.0 2.360170823373109e-10
653.0 2.3561862208754575e-10
654.0 2.3525802338575007e-10
655.0 2.3489742468395444e-10
656.0 2.3453682598215866e-10
657.0 2.3417622728036303e-10
658.0 2.338156285785673e-10
659.0 2.334550298767716e-10
660.0 2.3309443117497594e-10
661.0 2.3273383247318032e-10
662.0 2.3237323377138456e-10
663.0 2.320126350695889e-10
664.0 2.3165203636779325e-10
665.0 2.3129143766599757e-10
666.0 2.309308389642019e-10
667.0 2.305702402624062e-10
668.0 2.3020964156061049e-10
669.0 2.2984904285881483e-10
670.0 2.2948844415701915e-10
671.0 2.2912784545522347e-10
672.0 2.287672467534278e-10
673.0 2.284066480516321e-10
674.0 2.280460493498364e-10
675.0 2.2768545064804073e-10
676.0 2.2732485194624505e-10
677.0 2.2696425324444937e-10
678.0 2.2660365454265367e-10
679.0 2.26243055840858e-10
680.0 2.2588245713906236e-10
681.0 2.2552185843726663e-10
682.0 2.2516125973547093e-10
683.0 2.2480066103367525e-10
684.0 2.244400623318796e-10
685.0 2.240794636300839e-10
686.0 2.2371886492828824e-10
687.0 2.2335826622649253e-10
688.0 2.2299766752469688e-10
689.0 2.2263706882290117e-10
690.0 2.2227647012110552e-10
691.0 2.2191587141930982e-10
692.0 2.215552727175141e-10
693.0 2.2119467401571846e-10
694.0 2.208340753139228e-10
695.0 2.204734766121271e-10
696.0 2.2011287791033145e-10
697.0 2.197522792085357e-10
698.0 2.193916805067401e-10
699.0 2.1903108180494438e-10
700.0 2.1867048310314868e-10
701.0 2.1830988440135303e-10
702.0 2.1794928569955727e-10
703.0 2.1760096297893282e-10
704.0 2.1731254072747858e-10
705.0 2.170241184760244e-10
706.0 2.1673569622457014e-10
707.0 2.164472739731159e-10
708.0 2.1615885172166168e-10
709.0 2.1587042947020744e-10
710.0 2.1558200721875326e-10
711.0 2.15293584967299e-10
712.0 2.1500516271584482e-10
713.0 2.1471674046439058e-10
714.0 2.144283182129363e-10
715.0 2.141398959614821e-10
716.0 2.138514737100279e-10
717.0 2.1356305145857362e-10
718.0 2.1327462920711944e-10
719.0 2.129862069556652e-10
720.0 2.1269778470421097e-10
721.0 2.1240936245275677e-10
722.0 2.1212094020130248e-10
723.0 2.118325179498483e-10
724.0 2.1154409569839412e-10
725.0 2.1125567344693983e-10
726.0 2.1096725119548562e-10
727.0 2.106788289440314e-10
728.0 2.1039040669257715e-10
729.0 2.1010198444112287e-10
730.0 2.098135621896687e-10
731.0 2.0952513993821445e-10
732.0 2.0923671768676025e-10
733.0 2.08948295435306e-10
734.0 2.0865987318385175e-10
735.0 2.0837145093239754e-10
736.0 2.080830286809433e-10
737.0 2.077946064294891e-10
738.0 2.0750618417803487e-10
739.0 2.072177619265806e-10
740.0 2.0692933967512643e-10
741.0 2.066409174236722e-10
742.0 2.06352495172218e-10
743.0 2.0606407292076373e-10
744.0 2.0577565066930952e-10
745.0 2.0548722841785528e-10
746.0 2.0519880616640105e-10
747.0 2.0491038391494682e-10
748.0 2.0462196166349258e-10
749.0 2.043335394120384e-10
750.0 2.0404511716058411e-10
751.0 2.037566949091299e-10
752.0 2.034682726576757e-10
753.0 2.0317985040622147e-10
754.0 2.0289142815476726e-10
755.0 2.02603005903313e-10
756.0 2.023145836518588e-10
757.0 2.0202784054102337e-10
758.0 2.0178742480762683e-10
759.0 2.0154700907423025e-10
760.0 2.013065933408337e-10
761.0 2.0106617760743708e-10
762.0 2.008257618740405e-10
763.0 2.0058534614064399e-10
764.0 2.0034493040724732e-10
765.0 2.001045146738508e-10
766.0 1.9986409894045418e-10
767.0 1.9962368320705762e-10
768.0 1.9938326747366103e-10
769.0 1.9914285174026448e-10
770.0 1.9890243600686792e-10
771.0 1.9866202027347133e-10
772.0 1.984216045400748e-10
773.0 1.9818118880667813e-10
774.0 1.9794077307328163e-10
775.0 1.9770035733988504e-10
776.0 1.9745994160648848e-10
777.0 1.972195258730919e-10
778.0 1.969791101396953e-10
779.0 1.9673869440629875e-10
780.0 1.9649827867290214e-10
781.0 1.962578629395056e-10
782.0 1.9601744720610905e-10
783.0 1.9577703147271247e-10
784.0 1.9553661573931585e-10
785.0 1.9529620000591927e-10
786.0 1.9505578427252276e-10
787.0 1.9481536853912613e-10
788.0 1.945749528057296e-10
789.0 1.94334537072333e-10
790.0 1.9409412133893642e-10
791.0 1.9385370560553984e-10
792.0 1.936132898721433e-10
793.0 1.9337287413874672e-10
794.0 1.9313245840535013e-10
795.0 1.9289204267195357e-10
796.0 1.92651626938557e-10
797.0 1.9241121120516043e-10
798.0 1.9217079547176384e-10
799.0 1.9193037973836729e-10
800.0 1.916899640049707e-10
801.0 1.9144954827157412e-10
802.0 1.9120913253817758e-10
803.0 1.9096871680478097e-10
804.0 1.907283010713844e-10
805.0 1.9048788533798785e-10
806.0 1.9024746960459127e-10
807.0 1.9000705387119468e-10
808.0 1.897666381377981e-10
809.0 1.8952622240440156e-10
810.0 1.8928580667100498e-10
811.0 1.8904539093760842e-10
812.0 1.8880497520421184e-10
813.0 1.8856455947081525e-10
814.0 1.883241437374187e-10
815.0 1.8808372800402208e-10
816.0 1.8786689415326444e-10
817.0 1.876587760119787e-10
818.0 1.874506578706929e-10
819.0 1.872425397294071e-10
820.0 1.8703442158812132e-10
821.0 1.8682630344683558e-10
822.0 1.8661818530554982e-10
823.0 1.8641006716426398e-10
824.0 1.8620194902297825e-10
825.0 1.8599383088169246e-10
826.0 1.857857127404067e-10
827.0 1.855775945991209e-10
828.0 1.8536947645783512e-10
829.0 1.8516135831654939e-10
830.0 1.8495324017526357e-10
831.0 1.847451220339778e-10
832.0 1.84537003892692e-10
833.0 1.8432888575140624e-10
834.0 1.8412076761012047e-10
835.0 1.8391264946883469e-10
836.0 1.837045313275489e-10
837.0 1.8349641318626316e-10
838.0 1.8328829504497738e-10
839.0 1.830801769036916e-10
840.0 1.8287205876240583e-10
841.0 1.8266394062112004e-10
842.0 1.8245582247983428e-10
843.0 1.822477043385485e-10
844.0 1.8203958619726276e-10
845.0 1.8183146805597692e-10
846.0 1.8162334991469118e-10
847.0 1.814152317734054e-10
848.0 1.8120711363211958e-10
849.0 1.8099899549083384e-10
850.0 1.8079087734954808e-10
851.0 1.8058275920826232e-10
852.0 1.803746410669765e-10
853.0 1.8016652292569075e-10
854.0 1.7995840478440498e-10
855.0 1.7975028664311917e-10
856.0 1.795421685018334e-10
857.0 1.7933405036054762e-10
858.0 1.7912593221926189e-10
859.0 1.789178140779761e-10
860.0 1.787096959366903e-10
861.0 1.7850157779540452e-10
862.0 1.7829345965411874e-10
863.0 1.7808534151283298e-10
864.0 1.778772233715472e-10
865.0 1.7766910523026143e-10
866.0 1.7746098708897564e-10
867.0 1.7725286894768985e-10
868.0 1.770447508064041e-10
869.0 1.7683663266511833e-10
870.0 1.7662851452383251e-10
871.0 1.7642039638254678e-10
872.0 1.76212278241261e-10
873.0 1.7600416009997526e-10
874.0 1.7579604195868944e-10
875.0 1.7558792381740366e-10
876.0 1.7537980567611792e-10
877.0 1.7517168753483208e-10
878.0 1.7496356939354634e-10
879.0 1.7478944990991238e-10
880.0 1.7461771689831175e-10
881.0 1.744459838867112e-10
882.0 1.7427425087511063e-10
883.0 1.7410251786351005e-10
884.0 1.739307848519095e-10
885.0 1.7375905184030888e-10
886.0 1.735873188287083e-10
887.0 1.7341558581710774e-10
888.0 1.7324385280550715e-10
889.0 1.7307211979390654e-10
890.0 1.7290038678230598e-10
891.0 1.727286537707054e-10
892.0 1.7255692075910484e-10
893.0 1.7238518774750426e-10
894.0 1.722134547359037e-10
895.0 1.7204172172430309e-10
896.0 1.7186998871270253e-10
897.0 1.7169825570110194e-10
898.0 1.7152652268950139e-10
899.0 1.7135478967790083e-10
900.0 1.7118305666630022e-10
901.0 1.7101132365469963e-10
902.0 1.7083959064309902e-10
903.0 1.7066785763149852e-10
904.0 1.704961246198979e-10
905.0 1.7032439160829732e-10
906.0 1.7015265859669676e-10
907.0 1.6998092558509618e-10
908.0 1.698091925734956e-10
909.0 1.69637459561895e-10
910.0 1.6946572655029443e-10
911.0 1.6929399353869387e-10
912.0 1.6912226052709328e-10
913.0 1.6895052751549267e-10
914.0 1.6877879450389211e-10
915.0 1.6860706149229156e-10
916.0 1.6843532848069097e-10
917.0 1.682635954690904e-10
918.0 1.680918624574898e-10
919.0 1.6792012944588924e-10
920.0 1.6774839643428866e-10
921.0 1.675766634226881e-10
922.0 1.674049304110875e-10
923.0 1.672331973994869e-10
924.0 1.6706146438788637e-10
925.0 1.6688973137628576e-10
926.0 1.667179983646852e-10
927.0 1.665462653530846e-10
928.0 1.6637453234148404e-10
929.0 1.6620279932988345e-10
930.0 1.6603106631828287e-10
931.0 1.6585933330668228e-10
932.0 1.656876002950817e-10
933.0 1.6551586728348112e-10
934.0 1.6534413427188056e-10
935.0 1.6517240126027995e-10
936.0 1.650006682486794e-10
937.0 1.6482893523707883e-10
938.0 1.6465720222547825e-10
939.0 1.6448546921387766e-10
940.0 1.643137362022771e-10
941.0 1.6414200319067654e-10
942.0 1.639702701790759e-10
943.0 1.6379853716747538e-10
944.0 1.6362680415587482e-10
945.0 1.6345507114427418e-10
946.0 1.6329122268151197e-10
947.0 1.6314560873218546e-10
948.0 1.6299999478285897e-10
949.0 1.628543808335324e-10
950.0 1.627087668842059e-10
951.0 1.6256315293487936e-10
952.0 1.6241753898555285e-10
953.0 1.6227192503622634e-10
954.0 1.621263110868998e-10
955.0 1.6198069713757332e-10
956.0 1.6183508318824676e-10
957.0 1.6168946923892025e-10
958.0 1.6154385528959376e-10
959.0 1.613982413402672e-10
960.0 1.612526273909407e-10
961.0 1.6110701344161418e-10
962.0 1.6096139949228764e-10
963.0 1.608157855429611e-10
964.0 1.606701715936346e-10
965.0 1.605245576443081e-10
966.0 1.6037894369498155e-10
967.0 1.6023332974565504e-10
968.0 1.6008771579632853e-10
969.0 1.5994210184700202e-10
970.0 1.5979648789767545e-10
971.0 1.5965087394834897e-10
972.0 1.5950525999902246e-10
973.0 1.593596460496959e-10
974.0 1.5921403210036938e-10
975.0 1.5906841815104287e-10
976.0 1.5892280420171636e-10
977.0 1.5877719025238985e-10
978.0 1.5863157630306332e-10
979.0 1.5848596235373678e-10
980.0 1.5834034840441027e-10
981.0 1.5819473445508376e-10
982.0 1.5804912050575722e-10
983.0 1.5790350655643069e-10
984.0 1.5775789260710415e-10
985.0 1.5761227865777766e-10
986.0 1.5746666470845115e-10
987.0 1.5732105075912462e-10
988.0 1.571754368097981e-10
989.0 1.570298228604716e-10
990.0 1.5688420891114506e-10
991.0 1.5673859496181857e-10
992.0 1.5659298101249199e-10
993.0 1.564473670631655e-10
994.0 1.5630175311383902e-10
995.0 1.5615613916451245e-10
996.0 1.5601052521518594e-10
997.0 1.558649112658594e-10
998.0 1.557192973165329e-10
999.0 1.5557368336720636e-10
1000.0 1.5542806941787985e-10
1001.0 1.5528245546855336e-10
1002.0 1.551368415192268e-10
1003.0 1.5499122756990032e-10
1004.0 1.5484561362057378e-10
1005.0 1.5469999967124724e-10
1006.0 1.545543857219207e-10
1007.0 1.544087717725942e-10
1008.0 1.5426315782326769e-10
1009.0 1.5411754387394115e-10
1010.0 1.5397192992461464e-10
1011.0 1.5382631597528813e-10
1012.0 1.5368070202596162e-10
1013.0 1.535350880766351e-10
1014.0 1.5338947412730857e-10
1015.0 1.5324386017798203e-10
1016.0 1.5309824622865552e-10
1017.0 1.52952632279329e-10
1018.0 1.5280701833000245e-10
1019.0 1.5266880303836075e-10
1020.0 1.5253927427251414e-10
1021.0 1.524097455066675e-10
1022.0 1.5228021674082087e-10
1023.0 1.5215068797497422e-10
1024.0 1.5202115920912758e-10
1025.0 1.5189163044328095e-10
1026.0 1.5176210167743432e-10
1027.0 1.5163257291158768e-10
1028.0 1.5150304414574102e-10
1029.0 1.5137351537989442e-10
1030.0 1.5124398661404776e-10
1031.0 1.5111445784820112e-10
1032.0 1.5098492908235452e-10
1033.0 1.5085540031650788e-10
1034.0 1.507258715506612e-10
1035.0 1.505963427848146e-10
1036.0 1.5046681401896796e-10
1037.0 1.503372852531213e-10
1038.0 1.5020775648727466e-10
1039.0 1.5007822772142803e-10
1040.0 1.499486989555814e-10
1041.0 1.4981917018973476e-10
1042.0 1.4968964142388813e-10
1043.0 1.495601126580415e-10
1044.0 1.494305838921949e-10
1045.0 1.4930105512634818e-10
1046.0 1.4917152636050155e-10
1047.0 1.4904199759465494e-10
1048.0 1.489124688288083e-10
1049.0 1.4878294006296167e-10
1050.0 1.4865341129711504e-10
1051.0 1.485238825312684e-10
1052.0 1.4839435376542175e-10
1053.0 1.4826482499957514e-10
1054.0 1.4813529623372845e-10
1055.0 1.4800576746788182e-10
1056.0 1.478762387020352e-10
1057.0 1.477467099361886e-10
1058.0 1.4761718117034197e-10
1059.0 1.4748765240449531e-10
1060.0 1.4735812363864866e-10
1061.0 1.4722859487280202e-10
1062.0 1.4709906610695541e-10
1063.0 1.4696953734110876e-10
1064.0 1.4684000857526212e-10
1065.0 1.4671047980941551e-10
1066.0 1.4658095104356888e-10
1067.0 1.4645142227772222e-10
1068.0 1.4632189351187556e-10
1069.0 1.461923647460289e-10
1070.0 1.460628359801823e-10
1071.0 1.4593330721433566e-10
1072.0 1.4580377844848903e-10
1073.0 1.456742496826424e-10
1074.0 1.4554472091679576e-10
1075.0 1.4541519215094913e-10
1076.0 1.4528566338510247e-10
1077.0 1.4515613461925586e-10
1078.0 1.4502660585340918e-10
1079.0 1.4489707708756255e-10
1080.0 1.4476754832171594e-10
1081.0 1.446380195558693e-10
1082.0 1.4450849079002267e-10
1083.0 1.4437896202417604e-10
1084.0 1.4424943325832938e-10
1085.0 1.4411990449248275e-10
1086.0 1.4399037572663614e-10
1087.0 1.4386084696078948e-10
1088.0 1.4373131819494285e-10
1089.0 1.436017894290962e-10
1090.0 1.434722606632496e-10
1091.0 1.433427318974029e-10
1092.0 1.4321320313155631e-10
1093.0 1.4308367436570963e-10
1094.0 1.4295414559986302e-10
1095.0 1.428246168340164e-10
1096.0 1.4269508806816975e-10
1097.0 1.4256569871683262e-10
1098.0 1.4245486903307786e-10
1099.0 1.4234403934932316e-10
1100.0 1.4223320966556844e-10
1101.0 1.4212237998181374e-10
1102.0 1.42011550298059e-10
1103.0 1.4190072061430428e-10
1104.0 1.4178989093054958e-10
1105.0 1.4167906124679488e-10
1106.0 1.4156823156304016e-10
1107.0 1.4145740187928543e-10
1108.0 1.4134657219553068e-10
1109.0 1.41235742511776e-10
1110.0 1.4112491282802128e-10
1111.0 1.4101408314426655e-10
1112.0 1.4090325346051185e-10
1113.0 1.4079242377675713e-10
1114.0 1.406815940930024e-10
1115.0 1.405707644092477e-10
1116.0 1.4045993472549295e-10
1117.0 1.4034910504173827e-10
1118.0 1.4023827535798357e-10
1119.0 1.4012744567422882e-10
1120.0 1.4001661599047412e-10
1121.0 1.3990578630671942e-10
1122.0 1.397949566229647e-10
1123.0 1.3968412693920994e-10
1124.0 1.3957329725545524e-10
1125.0 1.3946246757170054e-10
1126.0 1.393516378879458e-10
1127.0 1.392408082041911e-10
1128.0 1.391299785204364e-10
1129.0 1.3901914883668166e-10
1130.0 1.3890831915292696e-10
1131.0 1.3879748946917224e-10
1132.0 1.3868665978541748e-10
1133.0 1.385758301016628e-10
1134.0 1.3846500041790808e-10
1135.0 1.3835417073415336e-10
1136.0 1.3824334105039866e-10
1137.0 1.3813251136664393e-10
1138.0 1.3802168168288923e-10
1139.0 1.379108519991345e-10
1140.0 1.378000223153798e-10
1141.0 1.3768919263162508e-10
1142.0 1.3757836294787035e-10
1143.0 1.3746753326411562e-10
1144.0 1.3735670358036092e-10
1145.0 1.372458738966062e-10
1146.0 1.371350442128515e-10
1147.0 1.3702421452909675e-10
1148.0 1.3691338484534205e-10
1149.0 1.3680255516158737e-10
1150.0 1.3669172547783262e-10
1151.0 1.3658089579407792e-10
1152.0 1.3647006611032322e-10
1153.0 1.3635923642656847e-10
1154.0 1.3624840674281377e-10
1155.0 1.3613757705905907e-10
1156.0 1.3602674737530431e-10
1157.0 1.359159176915496e-10
1158.0 1.3580508800779489e-10
1159.0 1.3569425832404013e-10
1160.0 1.3558342864028546e-10
1161.0 1.3547259895653073e-10
1162.0 1.3536176927277603e-10
1163.0 1.352509395890213e-10
1164.0 1.3514010990526658e-10
1165.0 1.3502928022151186e-10
1166.0 1.3491845053775716e-10
1167.0 1.3480762085400245e-10
1168.0 1.346967911702477e-10
1169.0 1.34585961486493e-10
1170.0 1.344751318027383e-10
1171.0 1.3436430211898358e-10
1172.0 1.3425347243522885e-10
1173.0 1.3414264275147418e-10
1174.0 1.3403181306771942e-10
1175.0 1.339209833839647e-10
1176.0 1.3381015370021002e-10
1177.0 1.3369932401645527e-10
1178.0 1.3358849433270057e-10
1179.0 1.3347766464894584e-10
1180.0 1.3336683496519112e-10
1181.0 1.3325600528143642e-10
1182.0 1.331526710318473e-10
1183.0 1.3305647570640006e-10
1184.0 1.3296028038095284e-10
1185.0 1.3286408505550562e-10
1186.0 1.3276788973005838e-10
1187.0 1.3267169440461113e-10
1188.0 1.3257549907916391e-10
1189.0 1.3247930375371664e-10
1190.0 1.3238310842826942e-10
1191.0 1.3228691310282218e-10
1192.0 1.3219071777737494e-10
1193.0 1.320945224519277e-10
1194.0 1.3199832712648042e-10
1195.0 1.319021318010332e-10
1196.0 1.3180593647558596e-10
1197.0 1.3170974115013874e-10
1198.0 1.316135458246915e-10
1199.0 1.3151735049924425e-10
1200.0 1.31421155173797e-10
1201.0 1.3132495984834978e-10
1202.0 1.3122876452290254e-10
1203.0 1.311325691974553e-10
1204.0 1.3103637387200805e-10
1205.0 1.3094017854656078e-10
1206.0 1.3084398322111356e-10
1207.0 1.3074778789566632e-10
1208.0 1.306515925702191e-10
1209.0 1.3055539724477185e-10
1210.0 1.304592019193246e-10
1211.0 1.3036300659387736e-10
1212.0 1.3026681126843015e-10
1213.0 1.3017061594298287e-10
1214.0 1.3007442061753566e-10
1215.0 1.299782252920884e-10
1216.0 1.2988202996664114e-10
1217.0 1.2978583464119392e-10
1218.0 1.2968963931574668e-10
1219.0 1.2959344399029943e-10
1220.0 1.2949724866485221e-10
1221.0 1.2940105333940497e-10
1222.0 1.2930485801395772e-10
1223.0 1.2920866268851048e-10
1224.0 1.2911246736306324e-10
1225.0 1.29016272037616e-10
1226.0 1.2892007671216877e-10
1227.0 1.288238813867215e-10
1228.0 1.2872768606127428e-10
1229.0 1.2863149073582704e-10
1230.0 1.285352954103798e-10
1231.0 1.2843910008493257e-10
1232.0 1.2834290475948533e-10
1233.0 1.2824670943403808e-10
1234.0 1.2815051410859084e-10
1235.0 1.280543187831436e-10
1236.0 1.2795812345769635e-10
1237.0 1.2786192813224908e-10
1238.0 1.2776573280680191e-10
1239.0 1.2766953748135464e-10
1240.0 1.275733421559074e-10
1241.0 1.2747714683046015e-10
1242.0 1.273809515050129e-10
1243.0 1.2728475617956566e-10
1244.0 1.2718856085411845e-10
1245.0 1.270923655286712e-10
1246.0 1.2699617020322396e-10
1247.0 1.2689997487777669e-10
1248.0 1.268037795523295e-10
1249.0 1.2670758422688222e-10
1250.0 1.26611388901435e-10
1251.0 1.2651519357598776e-10
1252.0 1.2641899825054051e-10
1253.0 1.263228029250933e-10
1254.0 1.2622660759964602e-10
1255.0 1.261304122741988e-10
1256.0 1.2603421694875156e-10
1257.0 1.2593802162330432e-10
1258.0 1.2584182629785707e-10
1259.0 1.2574563097240985e-10
1260.0 1.2564943564696258e-10
1261.0 1.2555324032151534e-10
1262.0 1.2545704499606812e-10
1263.0 1.2536084967062087e-10
1264.0 1.2526465434517366e-10
1265.0 1.2516845901972638e-10
1266.0 1.2507226369427914e-10
1267.0 1.249760683688319e-10
1268.0 1.2487987304338468e-10
1269.0 1.2478367771793743e-10
1270.0 1.2468748239249021e-10
1271.0 1.2459128706704294e-10
1272.0 1.244950917415957e-10
1273.0 1.24403515805361e-10
1274.0 1.243164012305739e-10
1275.0 1.2422928665578686e-10
1276.0 1.241421720809998e-10
1277.0 1.2405505750621274e-10
1278.0 1.2396794293142566e-10
1279.0 1.238808283566386e-10
1280.0 1.2379371378185157e-10
1281.0 1.2370659920706446e-10
1282.0 1.2361948463227742e-10
1283.0 1.2353237005749034e-10
1284.0 1.234452554827033e-10
1285.0 1.2335814090791622e-10
1286.0 1.2327102633312914e-10
1287.0 1.2318391175834207e-10
1288.0 1.2309679718355502e-10
1289.0 1.2300968260876795e-10
1290.0 1.2292256803398087e-10
1291.0 1.2283545345919382e-10
1292.0 1.2274833888440678e-10
1293.0 1.226612243096197e-10
1294.0 1.2257410973483263e-10
1295.0 1.2248699516004558e-10
1296.0 1.223998805852585e-10
1297.0 1.2231276601047143e-10
1298.0 1.2222565143568436e-10
1299.0 1.221385368608973e-10
1300.0 1.2205142228611023e-10
1301.0 1.2196430771132316e-10
1302.0 1.2187719313653608e-10
1303.0 1.2179007856174906e-10
1304.0 1.2170296398696196e-10
1305.0 1.2161584941217491e-10
1306.0 1.2152873483738784e-10
1307.0 1.2144162026260076e-10
1308.0 1.2135450568781372e-10
1309.0 1.2126739111302664e-10
1310.0 1.2118027653823957e-10
1311.0 1.2109316196345252e-10
1312.0 1.2100604738866544e-10
1313.0 1.2091893281387834e-10
1314.0 1.2083181823909132e-10
1315.0 1.2074470366430422e-10
1316.0 1.2065758908951715e-10
1317.0 1.2057047451473012e-10
1318.0 1.2048335993994305e-10
1319.0 1.2039624536515598e-10
1320.0 1.2030913079036893e-10
1321.0 1.2022201621558185e-10
1322.0 1.201349016407948e-10
1323.0 1.200477870660077e-10
1324.0 1.1996067249122066e-10
1325.0 1.198735579164336e-10
1326.0 1.197864433416465e-10
1327.0 1.1969932876685946e-10
1328.0 1.1961221419207238e-10
1329.0 1.1952509961728536e-10
1330.0 1.1943798504249826e-10
1331.0 1.193508704677112e-10
1332.0 1.1926375589292414e-10
1333.0 1.1917664131813706e-10
1334.0 1.1908952674335002e-10
1335.0 1.1900241216856294e-10
1336.0 1.189152975937759e-10
1337.0 1.1882818301898882e-10
1338.0 1.1874106844420172e-10
1339.0 1.1865395386941467e-10
1340.0 1.1856683929462762e-10
1341.0 1.1847972471984057e-10
1342.0 1.1839261014505347e-10
1343.0 1.1830549557026642e-10
1344.0 1.1821838099547938e-10
1345.0 1.181312664206923e-10
1346.0 1.1804415184590523e-10
1347.0 1.1795703727111815e-10
1348.0 1.178699226963311e-10
1349.0 1.1778280812154406e-10
1350.0 1.1769569354675696e-10
1351.0 1.176085789719699e-10
1352.0 1.1752146439718286e-10
1353.0 1.1743434982239576e-10
1354.0 1.1734723524760868e-10
1355.0 1.1726012067282166e-10
1356.0 1.1717300609803456e-10
1357.0 1.1708589152324751e-10
1358.0 1.1699877694846044e-10
1359.0 1.1691166237367336e-10
1360.0 1.1682454779888632e-10
1361.0 1.1673743322409924e-10
1362.0 1.1665031864931217e-10
1363.0 1.1656320407452514e-10
1364.0 1.1647608949973804e-10
1365.0 1.1638897492495098e-10
1366.0 1.1630186035016393e-10
1367.0 1.1621474577537685e-10
1368.0 1.161276312005898e-10
1369.0 1.1604051662580271e-10
1370.0 1.1595340205101564e-10
1371.0 1.1587146065084487e-10
1372.0 1.157947816142078e-10
1373.0 1.1571810257757069e-10
1374.0 1.1564142354093357e-10
1375.0 1.1556474450429644e-10
1376.0 1.1548806546765934e-10
1377.0 1.1541138643102222e-10
1378.0 1.1533470739438512e-10
1379.0 1.1525802835774799e-10
1380.0 1.1518134932111087e-10
1381.0 1.1510467028447376e-10
1382.0 1.1502799124783666e-10
1383.0 1.1495131221119958e-10
1384.0 1.1487463317456242e-10
1385.0 1.1479795413792531e-10
1386.0 1.147212751012882e-10
1387.0 1.1464459606465109e-10
1388.0 1.1456791702801399e-10
1389.0 1.1449123799137688e-10
1390.0 1.1441455895473976e-10
1391.0 1.1433787991810266e-10
1392.0 1.1426120088146558e-10
1393.0 1.1418452184482843e-10
1394.0 1.1410784280819131e-10
1395.0 1.140311637715542e-10
1396.0 1.1395448473491709e-10
1397.0 1.1387780569827999e-10
1398.0 1.1380112666164288e-10
1399.0 1.1372444762500575e-10
1400.0 1.1364776858836864e-10
1401.0 1.1357108955173155e-10
1402.0 1.1349441051509443e-10
1403.0 1.1341773147845732e-10
1404.0 1.133410524418202e-10
1405.0 1.1326437340518308e-10
1406.0 1.1318769436854599e-10
1407.0 1.1311101533190888e-10
1408.0 1.1303433629527175e-10
1409.0 1.1295765725863464e-10
1410.0 1.1288097822199753e-10
1411.0 1.1280429918536043e-10
1412.0 1.1272762014872329e-10
1413.0 1.126509411120862e-10
1414.0 1.1257426207544908e-10
1415.0 1.1249758303881199e-10
1416.0 1.1242090400217488e-10
1417.0 1.1234422496553776e-10
1418.0 1.1226754592890064e-10
1419.0 1.1219086689226353e-10
1420.0 1.1211418785562643e-10
1421.0 1.1203750881898929e-10
1422.0 1.119608297823522e-10
1423.0 1.1188415074571508e-10
1424.0 1.1180747170907794e-10
1425.0 1.1173079267244086e-10
1426.0 1.1165411363580373e-10
1427.0 1.1157743459916664e-10
1428.0 1.1150075556252953e-10
1429.0 1.1142407652589241e-10
1430.0 1.113473974892553e-10
1431.0 1.1127071845261818e-10
1432.0 1.1119403941598108e-10
1433.0 1.1111736037934394e-10
1434.0 1.1104068134270686e-10
1435.0 1.1096400230606976e-10
1436.0 1.1088732326943265e-10
1437.0 1.1081064423279553e-10
1438.0 1.1073396519615841e-10
1439.0 1.106572861595213e-10
1440.0 1.1058060712288418e-10
1441.0 1.1050392808624708e-10
1442.0 1.1042724904960995e-10
1443.0 1.1035057001297286e-10
1444.0 1.1027389097633571e-10
1445.0 1.1019721193969862e-10
1446.0 1.1012053290306151e-10
1447.0 1.1004385386642441e-10
1448.0 1.0996717482978727e-10
1449.0 1.0989049579315016e-10
1450.0 1.0981381675651306e-10
1451.0 1.0973713771987595e-10
1452.0 1.0966045868323885e-10
1453.0 1.0958377964660171e-10
1454.0 1.095071006099646e-10
1455.0 1.0943042157332751e-10
1456.0 1.0935374253669041e-10
1457.0 1.0927706350005327e-10
1458.0 1.0920038446341616e-10
1459.0 1.0912370542677906e-10
1460.0 1.0904702639014195e-10
1461.0 1.0897034735350485e-10
1462.0 1.0889366831686771e-10
1463.0 1.088169892802306e-10
1464.0 1.087403102435935e-10
1465.0 1.0866363120695641e-10
1466.0 1.0858695217031927e-10
1467.0 1.0851027313368216e-10
1468.0 1.0843359409704504e-10
1469.0 1.0835691506040795e-10
1470.0 1.0828023602377085e-10
1471.0 1.0820355698713371e-10
1472.0 1.081268779504966e-10
1473.0 1.0805019891385949e-10
1474.0 1.0797351987722236e-10
1475.0 1.0789684084058528e-10
1476.0 1.0782016180394815e-10
1477.0 1.0775184718467544e-10
1478.0 1.0768412982380513e-10
1479.0 1.0761641246293486e-10
1480.0 1.0754869510206452e-10
1481.0 1.0748097774119421e-10
1482.0 1.0741326038032393e-10
1483.0 1.0734554301945362e-10
1484.0 1.0727782565858331e-10
1485.0 1.0721010829771305e-10
1486.0 1.0714239093684273e-10
1487.0 1.0707467357597241e-10
1488.0 1.0700695621510213e-10
1489.0 1.069392388542318e-10
1490.0 1.0687152149336149e-10
1491.0 1.068038041324912e-10
1492.0 1.0673608677162092e-10
1493.0 1.066683694107506e-10
1494.0 1.0660065204988031e-10
1495.0 1.0653293468900999e-10
1496.0 1.064652173281397e-10
1497.0 1.0639749996726941e-10
1498.0 1.0632978260639909e-10
1499.0 1.062620652455288e-10
1500.0 1.0619434788465849e-10
1501.0 1.061266305237882e-10
1502.0 1.0605891316291788e-10
1503.0 1.059911958020476e-10
1504.0 1.0592347844117728e-10
1505.0 1.0585576108030698e-10
1506.0 1.057880437194367e-10
1507.0 1.0572032635856641e-10
1508.0 1.0565260899769607e-10
1509.0 1.0558489163682578e-10
1510.0 1.0551717427595549e-10
1511.0 1.0544945691508518e-10
1512.0 1.0538173955421488e-10
1513.0 1.0531402219334457e-10
1514.0 1.0524630483247428e-10
1515.0 1.0517858747160396e-10
1516.0 1.051108701107337e-10
1517.0 1.0504315274986336e-10
1518.0 1.0497543538899305e-10
1519.0 1.0490771802812277e-10
1520.0 1.0484000066725245e-10
1521.0 1.0477228330638215e-10
1522.0 1.0470456594551185e-10
1523.0 1.0463684858464157e-10
1524.0 1.0456913122377123e-10
1525.0 1.0450141386290094e-10
1526.0 1.0443369650203066e-10
1527.0 1.0436597914116036e-10
1528.0 1.0429826178029005e-10
1529.0 1.0423054441941976e-10
1530.0 1.0416282705854944e-10
1531.0 1.0409510969767915e-10
1532.0 1.0402739233680884e-10
1533.0 1.0395967497593855e-10
1534.0 1.0389195761506823e-10
1535.0 1.0382424025419793e-10
1536.0 1.0375652289332764e-10
1537.0 1.036888055324573e-10
1538.0 1.0362108817158705e-10
1539.0 1.0355337081071672e-10
1540.0 1.0348565344984645e-10
1541.0 1.0341793608897612e-10
1542.0 1.0335021872810581e-10
1543.0 1.0328250136723553e-10
1544.0 1.0321478400636524e-10
1545.0 1.0314706664549491e-10
1546.0 1.0307934928462463e-10
1547.0 1.0301163192375432e-10
1548.0 1.0294391456288402e-10
1549.0 1.0287619720201372e-10
1550.0 1.0280847984114341e-10
1551.0 1.0274076248027312e-10
1552.0 1.026730451194028e-10
1553.0 1.0260532775853252e-10
1554.0 1.025376103976622e-10
1555.0 1.024698930367919e-10
1556.0 1.024021756759216e-10
1557.0 1.023344583150513e-10
1558.0 1.02266740954181e-10
1559.0 1.0219902359331069e-10
1560.0 1.021313062324404e-10
1561.0 1.020635888715701e-10
1562.0 1.019958715106998e-10
1563.0 1.019281541498295e-10
1564.0 1.0186043678895921e-10
1565.0 1.0179271942808887e-10
1566.0 1.0172500206721859e-10
1567.0 1.0165728470634829e-10
1568.0 1.01589567345478e-10
1569.0 1.0152184998460768e-10
1570.0 1.0145413262373738e-10
1571.0 1.0138641526286708e-10
1572.0 1.0131869790199678e-10
1573.0 1.0125098054112648e-10
1574.0 1.0118326318025616e-10
1575.0 1.0111554581938587e-10
1576.0 1.0104782845851556e-10
1577.0 1.0098011109764529e-10
1578.0 1.0091239373677495e-10
1579.0 1.0084467637590465e-10
1580.0 1.0077695901503437e-10
1581.0 1.0070924165416408e-10
1582.0 1.0064152429329377e-10
1583.0 1.0057380693242346e-10
1584.0 1.0050608957155316e-10
1585.0 1.0043837221068286e-10
1586.0 1.0037065484981256e-10
1587.0 1.0030293748894223e-10
1588.0 1.0023522012807195e-10
1589.0 1.0016750276720164e-10
1590.0 1.0010127037099165e-10
1591.0 1.0003973790704842e-10
1592.0 9.99782054431052e-11
1593.0 9.9916672979162e-11
1594.0 9.985514051521877e-11
1595.0 9.979360805127554e-11
1596.0 9.973207558733231e-11
1597.0 9.967054312338912e-11
1598.0 9.96090106594459e-11
1599.0 9.954747819550269e-11
1600.0 9.948594573155949e-11
1601.0 9.942441326761623e-11
1602.0 9.936288080367302e-11
1603.0 9.93013483397298e-11
1604.0 9.923981587578659e-11
1605.0 9.917828341184338e-11
1606.0 9.911675094790015e-11
1607.0 9.905521848395693e-11
1608.0 9.899368602001372e-11
1609.0 9.89321535560705e-11
1610.0 9.887062109212729e-11
1611.0 9.880908862818406e-11
1612.0 9.874755616424085e-11
1613.0 9.868602370029763e-11
1614.0 9.86244912363544e-11
1615.0 9.85629587724112e-11
1616.0 9.850142630846795e-11
1617.0 9.843989384452478e-11
1618.0 9.837836138058155e-11
1619.0 9.831682891663832e-11
1620.0 9.825529645269509e-11
1621.0 9.819376398875187e-11
1622.0 9.813223152480866e-11
1623.0 9.807069906086544e-11
1624.0 9.800916659692223e-11
1625.0 9.794763413297902e-11
1626.0 9.788610166903579e-11
1627.0 9.782456920509256e-11
1628.0 9.776303674114936e-11
1629.0 9.770150427720615e-11
1630.0 9.763997181326291e-11
1631.0 9.75784393493197e-11
1632.0 9.751690688537648e-11
1633.0 9.745537442143328e-11
1634.0 9.739384195749004e-11
1635.0 9.733230949354683e-11
1636.0 9.727077702960359e-11
1637.0 9.72092445656604e-11
1638.0 9.714771210171719e-11
1639.0 9.708617963777395e-11
1640.0 9.702464717383074e-11
1641.0 9.696311470988751e-11
1642.0 9.690158224594431e-11
1643.0 9.684004978200107e-11
1644.0 9.677851731805786e-11
1645.0 9.671698485411464e-11
1646.0 9.665545239017143e-11
1647.0 9.659391992622822e-11
1648.0 9.6532387462285e-11
1649.0 9.647085499834176e-11
1650.0 9.640932253439856e-11
1651.0 9.634779007045534e-11
1652.0 9.628625760651212e-11
1653.0 9.622472514256892e-11
1654.0 9.616319267862568e-11
1655.0 9.610166021468249e-11
1656.0 9.604012775073924e-11
1657.0 9.597859528679604e-11
1658.0 9.59170628228528e-11
1659.0 9.58555303589096e-11
1660.0 9.579399789496637e-11
1661.0 9.573246543102316e-11
1662.0 9.567093296707995e-11
1663.0 9.560940050313671e-11
1664.0 9.55478680391935e-11
1665.0 9.548633557525028e-11
1666.0 9.542480311130708e-11
1667.0 9.536327064736386e-11
1668.0 9.530173818342064e-11
1669.0 9.52402057194774e-11
1670.0 9.51786732555342e-11
1671.0 9.511714079159099e-11
1672.0 9.505560832764777e-11
1673.0 9.499407586370456e-11
1674.0 9.493254339976131e-11
1675.0 9.487101093581813e-11
1676.0 9.480947847187488e-11
1677.0 9.474794600793169e-11
1678.0 9.468641354398846e-11
1679.0 9.462488108004523e-11
1680.0 9.456334861610201e-11
1681.0 9.45018161521588e-11
1682.0 9.44402836882156e-11
1683.0 9.437875122427237e-11
1684.0 9.431721876032916e-11
1685.0 9.425568629638592e-11
1686.0 9.419415383244272e-11
1687.0 9.41326213684995e-11
1688.0 9.407108890455629e-11
1689.0 9.400955644061308e-11
1690.0 9.394802397666984e-11
1691.0 9.388649151272662e-11
1692.0 9.382495904878341e-11
1693.0 9.376342658484021e-11
1694.0 9.370189412089696e-11
1695.0 9.364036165695376e-11
1696.0 9.357882919301052e-11
1697.0 9.351729672906732e-11
1698.0 9.34557642651241e-11
1699.0 9.339423180118088e-11
1700.0 9.333269933723765e-11
1701.0 9.327116687329444e-11
1702.0 9.320963440935124e-11
1703.0 9.3148101945408e-11
1704.0 9.308656948146481e-11
1705.0 9.302503701752157e-11
1706.0 9.296350455357836e-11
1707.0 9.290197208963514e-11
1708.0 9.284043962569193e-11
1709.0 9.27789071617487e-11
1710.0 9.271737469780548e-11
1711.0 9.265584223386226e-11
1712.0 9.259430976991905e-11
1713.0 9.25382064040118e-11
1714.0 9.248354906335957e-11
1715.0 9.24288917227073e-11
1716.0 9.237423438205504e-11
1717.0 9.23195770414028e-11
1718.0 9.226491970075054e-11
1719.0 9.221026236009829e-11
1720.0 9.215560501944604e-11
1721.0 9.210094767879379e-11
1722.0 9.204629033814156e-11
1723.0 9.199163299748928e-11
1724.0 9.193697565683705e-11
1725.0 9.18823183161848e-11
1726.0 9.182766097553255e-11
1727.0 9.177300363488028e-11
1728.0 9.171834629422805e-11
1729.0 9.166368895357578e-11
1730.0 9.160903161292352e-11
1731.0 9.155437427227128e-11
1732.0 9.149971693161904e-11
1733.0 9.144505959096677e-11
1734.0 9.139040225031451e-11
1735.0 9.133574490966227e-11
1736.0 9.128108756901002e-11
1737.0 9.122643022835776e-11
1738.0 9.117177288770552e-11
1739.0 9.111711554705329e-11
1740.0 9.106245820640102e-11
1741.0 9.100780086574878e-11
1742.0 9.095314352509652e-11
1743.0 9.089848618444426e-11
1744.0 9.084382884379201e-11
1745.0 9.078917150313976e-11
1746.0 9.073451416248751e-11
1747.0 9.067985682183524e-11
1748.0 9.0625199481183e-11
1749.0 9.057054214053075e-11
1750.0 9.05158847998785e-11
1751.0 9.046122745922627e-11
1752.0 9.0406570118574e-11
1753.0 9.035191277792173e-11
1754.0 9.02972554372695e-11
1755.0 9.024259809661723e-11
1756.0 9.0187940755965e-11
1757.0 9.013328341531276e-11
1758.0 9.007862607466049e-11
1759.0 9.002396873400823e-11
1760.0 8.996931139335599e-11
1761.0 8.991465405270374e-11
1762.0 8.985999671205148e-11
1763.0 8.980533937139924e-11
1764.0 8.975068203074698e-11
1765.0 8.969602469009473e-11
1766.0 8.964136734944248e-11
1767.0 8.958671000879024e-11
1768.0 8.953205266813798e-11
1769.0 8.947739532748574e-11
1770.0 8.942273798683347e-11
1771.0 8.936808064618123e-11
1772.0 8.931342330552897e-11
1773.0 8.925876596487672e-11
1774.0 8.920410862422448e-11
1775.0 8.914945128357222e-11
1776.0 8.909479394291995e-11
1777.0 8.904013660226772e-11
1778.0 8.898547926161545e-11
1779.0 8.89308219209632e-11
1780.0 8.887616458031098e-11
1781.0 8.88215072396587e-11
1782.0 8.876684989900645e-11
1783.0 8.87121925583542e-11
1784.0 8.865753521770196e-11
1785.0 8.860287787704971e-11
1786.0 8.854822053639746e-11
1787.0 8.84935631957452e-11
1788.0 8.843890585509296e-11
1789.0 8.83842485144407e-11
1790.0 8.832959117378845e-11
1791.0 8.82749338331362e-11
1792.0 8.822027649248395e-11
1793.0 8.816561915183169e-11
1794.0 8.811096181117946e-11
1795.0 8.805630447052718e-11
1796.0 8.800164712987494e-11
1797.0 8.794698978922271e-11
1798.0 8.789233244857044e-11
1799.0 8.78376751079182e-11
1800.0 8.778301776726594e-11
1801.0 8.772836042661368e-11
1802.0 8.767370308596144e-11
1803.0 8.761904574530919e-11
1804.0 8.756438840465693e-11
1805.0 8.750973106400467e-11
1806.0 8.745507372335243e-11
1807.0 8.740041638270017e-11
1808.0 8.734575904204792e-11
1809.0 8.729110170139569e-11
1810.0 8.723644436074342e-11
1811.0 8.718178702009115e-11
1812.0 8.712712967943892e-11
1813.0 8.707247233878668e-11
1814.0 8.701781499813442e-11
1815.0 8.696315765748217e-11
1816.0 8.690850031682991e-11
1817.0 8.685384297617767e-11
1818.0 8.679918563552541e-11
1819.0 8.674452829487316e-11
1820.0 8.66898709542209e-11
1821.0 8.663521361356866e-11
1822.0 8.65805562729164e-11
1823.0 8.652589893226415e-11
1824.0 8.647124159161192e-11
1825.0 8.641658425095966e-11
1826.0 8.63619269103074e-11
1827.0 8.630726956965516e-11
1828.0 8.625261222900289e-11
1829.0 8.619795488835066e-11
1830.0 8.614329754769841e-11
1831.0 8.608864020704614e-11
1832.0 8.603398286639391e-11
1833.0 8.597932552574164e-11
1834.0 8.592466818508938e-11
1835.0 8.587001084443714e-11
1836.0 8.581535350378487e-11
1837.0 8.576069616313263e-11
1838.0 8.57060388224804e-11
1839.0 8.565138148182812e-11
1840.0 8.559672414117589e-11
1841.0 8.554206680052363e-11
1842.0 8.548740945987138e-11
1843.0 8.543275211921913e-11
1844.0 8.537809477856688e-11
1845.0 8.532907491127841e-11
1846.0 8.528062917776119e-11
1847.0 8.523218344424398e-11
1848.0 8.51837377107268e-11
1849.0 8.513529197720957e-11
1850.0 8.508684624369239e-11
1851.0 8.503840051017519e-11
1852.0 8.498995477665799e-11
1853.0 8.494150904314078e-11
1854.0 8.48930633096236e-11
1855.0 8.484461757610638e-11
1856.0 8.479617184258918e-11
1857.0 8.474772610907198e-11
1858.0 8.469928037555476e-11
1859.0 8.465083464203756e-11
1860.0 8.460238890852038e-11
1861.0 8.455394317500318e-11
1862.0 8.450549744148597e-11
1863.0 8.445705170796877e-11
1864.0 8.440860597445156e-11
1865.0 8.436016024093437e-11
1866.0 8.431171450741717e-11
1867.0 8.426326877389997e-11
1868.0 8.421482304038276e-11
1869.0 8.416637730686556e-11
1870.0 8.411793157334838e-11
1871.0 8.406948583983116e-11
1872.0 8.402104010631396e-11
1873.0 8.397259437279676e-11
1874.0 8.392414863927954e-11
1875.0 8.387570290576236e-11
1876.0 8.382725717224516e-11
1877.0 8.377881143872795e-11
1878.0 8.373036570521075e-11
1879.0 8.368191997169357e-11
1880.0 8.363347423817635e-11
1881.0 8.358502850465915e-11
1882.0 8.353658277114195e-11
1883.0 8.348813703762473e-11
1884.0 8.343969130410754e-11
1885.0 8.339124557059035e-11
1886.0 8.334279983707314e-11
1887.0 8.329435410355594e-11
1888.0 8.324590837003874e-11
1889.0 8.319746263652153e-11
1890.0 8.314901690300434e-11
1891.0 8.310057116948714e-11
1892.0 8.305212543596993e-11
1893.0 8.300367970245273e-11
1894.0 8.295523396893553e-11
1895.0 8.290678823541831e-11
1896.0 8.285834250190113e-11
1897.0 8.280989676838394e-11
1898.0 8.276145103486672e-11
1899.0 8.271300530134951e-11
1900.0 8.266455956783233e-11
1901.0 8.261611383431512e-11
1902.0 8.256766810079792e-11
1903.0 8.251922236728072e-11
1904.0 8.247077663376351e-11
1905.0 8.242233090024632e-11
1906.0 8.237388516672913e-11
1907.0 8.232543943321191e-11
1908.0 8.22769936996947e-11
1909.0 8.222854796617751e-11
1910.0 8.218010223266029e-11
1911.0 8.213165649914311e-11
1912.0 8.208321076562591e-11
1913.0 8.20347650321087e-11
1914.0 8.19863192985915e-11
1915.0 8.19378735650743e-11
1916.0 8.18894278315571e-11
1917.0 8.18409820980399e-11
1918.0 8.17925363645227e-11
1919.0 8.174409063100548e-11
1920.0 8.16956448974883e-11
1921.0 8.16471991639711e-11
1922.0 8.159875343045391e-11
1923.0 8.155030769693669e-11
1924.0 8.150186196341949e-11
1925.0 8.14534162299023e-11
1926.0 8.140497049638509e-11
1927.0 8.135652476286789e-11
1928.0 8.130807902935069e-11
1929.0 8.125963329583348e-11
1930.0 8.12111875623163e-11
1931.0 8.11627418287991e-11
1932.0 8.111429609528188e-11
1933.0 8.106585036176468e-11
1934.0 8.101740462824748e-11
1935.0 8.096895889473026e-11
1936.0 8.092051316121308e-11
1937.0 8.087206742769588e-11
1938.0 8.082362169417867e-11
1939.0 8.077517596066147e-11
1940.0 8.072673022714429e-11
1941.0 8.067828449362707e-11
1942.0 8.062983876010987e-11
1943.0 8.058139302659267e-11
1944.0 8.053294729307545e-11
1945.0 8.048450155955826e-11
1946.0 8.043605582604107e-11
1947.0 8.038761009252386e-11
1948.0 8.033916435900666e-11
1949.0 8.029071862548945e-11
1950.0 8.024227289197225e-11
1951.0 8.019382715845506e-11
1952.0 8.014538142493786e-11
1953.0 8.009693569142065e-11
1954.0 8.004848995790345e-11
1955.0 8.000004422438627e-11
1956.0 7.995159849086905e-11
1957.0 7.990315275735185e-11
1958.0 7.985470702383466e-11
1959.0 7.980626129031744e-11
1960.0 7.975781555680023e-11
1961.0 7.970936982328305e-11
1962.0 7.966092408976584e-11
1963.0 7.961247835624864e-11
1964.0 7.956403262273144e-11
1965.0 7.951558688921426e-11
1966.0 7.946714115569705e-11
1967.0 7.941869542217985e-11
1968.0 7.937024968866264e-11
1969.0 7.932180395514543e-11
1970.0 7.927335822162823e-11
1971.0 7.922491248811105e-11
1972.0 7.917646675459383e-11
1973.0 7.912802102107663e-11
1974.0 7.907957528755945e-11
1975.0 7.903112955404222e-11
1976.0 7.898268382052504e-11
1977.0 7.893423808700782e-11
1978.0 7.888579235349062e-11
1979.0 7.883734661997342e-11
1980.0 7.878890088645624e-11
1981.0 7.874045515293902e-11
1982.0 7.869200941942182e-11
1983.0 7.864356368590463e-11
1984.0 7.859511795238741e-11
1985.0 7.854667221887021e-11
1986.0 7.849822648535302e-11
1987.0 7.845400943069859e-11
1988.0 7.841043927163291e-11
1989.0 7.836686911256719e-11
1990.0 7.832329895350148e-11
1991.0 7.827972879443576e-11
1992.0 7.823615863537007e-11
1993.0 7.819258847630437e-11
1994.0 7.814901831723868e-11
1995.0 7.810544815817295e-11
1996.0 7.806187799910725e-11
1997.0 7.801830784004156e-11
1998.0 7.797473768097585e-11
1999.0 7.793116752191014e-11
2000.0 7.788759736284443e-11
2001.0 7.784402720377874e-11
2002.0 7.780045704471303e-11
2003.0 7.775688688564733e-11
2004.0 7.771331672658162e-11
2005.0 7.766974656751592e-11
2006.0 7.762617640845023e-11
2007.0 7.758260624938451e-11
2008.0 7.75390360903188e-11
2009.0 7.74954659312531e-11
2010.0 7.745189577218741e-11
2011.0 7.740832561312169e-11
2012.0 7.736475545405599e-11
2013.0 7.732118529499028e-11
2014.0 7.727761513592457e-11
2015.0 7.723404497685888e-11
2016.0 7.719047481779318e-11
2017.0 7.714690465872745e-11
2018.0 7.710333449966177e-11
2019.0 7.705976434059606e-11
2020.0 7.701619418153034e-11
2021.0 7.697262402246464e-11
2022.0 7.692905386339895e-11
2023.0 7.688548370433324e-11
2024.0 7.684191354526755e-11
2025.0 7.679834338620183e-11
2026.0 7.675477322713613e-11
2027.0 7.671120306807044e-11
2028.0 7.666763290900472e-11
2029.0 7.662406274993901e-11
2030.0 7.658049259087329e-11
2031.0 7.653692243180761e-11
2032.0 7.64933522727419e-11
2033.0 7.644978211367621e-11
2034.0 7.640621195461048e-11
2035.0 7.63626417955448e-11
2036.0 7.631907163647909e-11
2037.0 7.627550147741338e-11
2038.0 7.623193131834767e-11
2039.0 7.618836115928198e-11
2040.0 7.614479100021627e-11
2041.0 7.610122084115056e-11
2042.0 7.605765068208486e-11
2043.0 7.601408052301916e-11
2044.0 7.597051036395345e-11
2045.0 7.592694020488776e-11
2046.0 7.588337004582204e-11
2047.0 7.583979988675633e-11
2048.0 7.579622972769064e-11
2049.0 7.575265956862493e-11
2050.0 7.570908940955922e-11
2051.0 7.566551925049352e-11
2052.0 7.562194909142781e-11
2053.0 7.557837893236211e-11
2054.0 7.55348087732964e-11
2055.0 7.549123861423071e-11
2056.0 7.544766845516499e-11
2057.0 7.54040982960993e-11
2058.0 7.536052813703359e-11
2059.0 7.531695797796787e-11
2060.0 7.527338781890219e-11
2061.0 7.522981765983648e-11
2062.0 7.518624750077076e-11
2063.0 7.514267734170507e-11
2064.0 7.509910718263936e-11
2065.0 7.505553702357366e-11
2066.0 7.501196686450794e-11
2067.0 7.496839670544225e-11
2068.0 7.492482654637654e-11
2069.0 7.488125638731085e-11
2070.0 7.483768622824514e-11
2071.0 7.479411606917943e-11
2072.0 7.475054591011374e-11
2073.0 7.470697575104803e-11
2074.0 7.466340559198231e-11
2075.0 7.461983543291662e-11
2076.0 7.457626527385091e-11
2077.0 7.45326951147852e-11
2078.0 7.448912495571951e-11
2079.0 7.44455547966538e-11
2080.0 7.440198463758809e-11
2081.0 7.435841447852239e-11
2082.0 7.431484431945669e-11
2083.0 7.427127416039098e-11
2084.0 7.422770400132528e-11
2085.0 7.418413384225957e-11
2086.0 7.414056368319388e-11
2087.0 7.409699352412818e-11
2088.0 7.405342336506245e-11
2089.0 7.400985320599675e-11
2090.0 7.396628304693105e-11
2091.0 7.392271288786534e-11
2092.0 7.387914272879964e-11
2093.0 7.383557256973394e-11
2094.0 7.379200241066824e-11
2095.0 7.374843225160255e-11
2096.0 7.370486209253683e-11
2097.0 7.366129193347113e-11
2098.0 7.36177217744054e-11
2099.0 7.357415161533972e-11
2100.0 7.353058145627401e-11
2101.0 7.348701129720829e-11
2102.0 7.34434411381426e-11
2103.0 7.33998709790769e-11
2104.0 7.335630082001121e-11
2105.0 7.331273066094547e-11
2106.0 7.326916050187978e-11
2107.0 7.322559034281407e-11
2108.0 7.318202018374838e-11
2109.0 7.313845002468267e-11
2110.0 7.309487986561695e-11
2111.0 7.305130970655127e-11
2112.0 7.300773954748556e-11
2113.0 7.296416938841984e-11
2114.0 7.292059922935416e-11
2115.0 7.287702907028843e-11
2116.0 7.283345891122276e-11
2117.0 7.278988875215704e-11
2118.0 7.274631859309133e-11
2119.0 7.270274843402562e-11
2120.0 7.265917827495994e-11
2121.0 7.261560811589422e-11
2122.0 7.257203795682851e-11
2123.0 7.252846779776281e-11
2124.0 7.24848976386971e-11
2125.0 7.24413274796314e-11
2126.0 7.239775732056571e-11
2127.0 7.235418716149998e-11
2128.0 7.231061700243428e-11
2129.0 7.226704684336859e-11
2130.0 7.222347668430287e-11
2131.0 7.217990652523717e-11
2132.0 7.213633636617147e-11
2133.0 7.209276620710577e-11
2134.0 7.204919604804007e-11
2135.0 7.200562588897436e-11
2136.0 7.196205572990866e-11
2137.0 7.191848557084294e-11
2138.0 7.187491541177725e-11
2139.0 7.183134525271154e-11
2140.0 7.179223670716171e-11
2141.0 7.175369943712501e-11
2142.0 7.171516216708831e-11
2143.0 7.16766248970516e-11
2144.0 7.16380876270149e-11
2145.0 7.159955035697818e-11
2146.0 7.156101308694148e-11
2147.0 7.152247581690477e-11
2148.0 7.148393854686807e-11
2149.0 7.144540127683137e-11
2150.0 7.140686400679466e-11
2151.0 7.136832673675796e-11
2152.0 7.132978946672126e-11
2153.0 7.129125219668456e-11
2154.0 7.125271492664784e-11
2155.0 7.121417765661113e-11
2156.0 7.117564038657444e-11
2157.0 7.113710311653773e-11
2158.0 7.109856584650102e-11
2159.0 7.106002857646432e-11
2160.0 7.10214913064276e-11
2161.0 7.098295403639092e-11
2162.0 7.094441676635422e-11
2163.0 7.090587949631749e-11
2164.0 7.08673422262808e-11
2165.0 7.082880495624409e-11
2166.0 7.079026768620738e-11
2167.0 7.075173041617069e-11
2168.0 7.071319314613396e-11
2169.0 7.067465587609727e-11
2170.0 7.063611860606055e-11
2171.0 7.059758133602385e-11
2172.0 7.055904406598716e-11
2173.0 7.052050679595043e-11
2174.0 7.048196952591373e-11
2175.0 7.044343225587702e-11
2176.0 7.040489498584032e-11
2177.0 7.036635771580362e-11
2178.0 7.032782044576691e-11
2179.0 7.028928317573022e-11
2180.0 7.025074590569351e-11
2181.0 7.02122086356568e-11
2182.0 7.017367136562011e-11
2183.0 7.013513409558338e-11
2184.0 7.009659682554668e-11
2185.0 7.005805955550997e-11
2186.0 7.001952228547328e-11
2187.0 6.998098501543657e-11
2188.0 6.994244774539985e-11
2189.0 6.990391047536315e-11
2190.0 6.986537320532644e-11
2191.0 6.982683593528974e-11
2192.0 6.978829866525304e-11
2193.0 6.974976139521633e-11
2194.0 6.971122412517964e-11
2195.0 6.96726868551429e-11
2196.0 6.963414958510621e-11
2197.0 6.959561231506951e-11
2198.0 6.95570750450328e-11
2199.0 6.95185377749961e-11
2200.0 6.948000050495939e-11
2201.0 6.944146323492269e-11
2202.0 6.9402925964886e-11
2203.0 6.936438869484927e-11
2204.0 6.932585142481257e-11
2205.0 6.928731415477586e-11
2206.0 6.924877688473916e-11
2207.0 6.921023961470246e-11
2208.0 6.917170234466575e-11
2209.0 6.913316507462905e-11
2210.0 6.909462780459233e-11
2211.0 6.905609053455563e-11
2212.0 6.901755326451893e-11
2213.0 6.897901599448222e-11
2214.0 6.894047872444552e-11
2215.0 6.890194145440879e-11
2216.0 6.88634041843721e-11
2217.0 6.882486691433539e-11
2218.0 6.878632964429869e-11
2219.0 6.874779237426199e-11
2220.0 6.870925510422528e-11
2221.0 6.867071783418858e-11
2222.0 6.863218056415188e-11
2223.0 6.859364329411515e-11
2224.0 6.855510602407846e-11
2225.0 6.851656875404175e-11
2226.0 6.847803148400504e-11
2227.0 6.843949421396835e-11
2228.0 6.840095694393164e-11
2229.0 6.836241967389494e-11
2230.0 6.832388240385821e-11
2231.0 6.828534513382152e-11
2232.0 6.824680786378482e-11
2233.0 6.820827059374811e-11
2234.0 6.81697333237114e-11
2235.0 6.81311960536747e-11
2236.0 6.8092658783638e-11
2237.0 6.80541215136013e-11
2238.0 6.801558424356457e-11
2239.0 6.797704697352788e-11
2240.0 6.793850970349117e-11
2241.0 6.789997243345447e-11
2242.0 6.786143516341777e-11
2243.0 6.782289789338106e-11
2244.0 6.778436062334436e-11
2245.0 6.774582335330763e-11
2246.0 6.770728608327093e-11
2247.0 6.766874881323422e-11
2248.0 6.763021154319753e-11
2249.0 6.759167427316083e-11
2250.0 6.755313700312412e-11
2251.0 6.751459973308742e-11
2252.0 6.747606246305072e-11
2253.0 6.7437525193014e-11
2254.0 6.739898792297729e-11
2255.0 6.736045065294059e-11
2256.0 6.732191338290389e-11
2257.0 6.728337611286718e-11
2258.0 6.724483884283048e-11
2259.0 6.720630157279378e-11
2260.0 6.716776430275706e-11
2261.0 6.712922703272036e-11
2262.0 6.709068976268366e-11
2263.0 6.705215249264695e-11
2264.0 6.701361522261025e-11
2265.0 6.697507795257353e-11
2266.0 6.693654068253683e-11
2267.0 6.689800341250012e-11
2268.0 6.685946614246342e-11
2269.0 6.682092887242672e-11
2270.0 6.678239160239001e-11
2271.0 6.674385433235332e-11
2272.0 6.670531706231661e-11
2273.0 6.666677979227991e-11
2274.0 6.662824252224321e-11
2275.0 6.658970525220648e-11
2276.0 6.655116798216978e-11
2277.0 6.651263071213308e-11
2278.0 6.647409344209637e-11
2279.0 6.643555617205968e-11
2280.0 6.639701890202295e-11
2281.0 6.635848163198625e-11
2282.0 6.631994436194954e-11
2283.0 6.628140709191285e-11
2284.0 6.624286982187614e-11
2285.0 6.620433255183944e-11
2286.0 6.616579528180273e-11
2287.0 6.612725801176601e-11
2288.0 6.608872074172931e-11
2289.0 6.605018347169261e-11
2290.0 6.60116462016559e-11
2291.0 6.597310893161921e-11
2292.0 6.59345716615825e-11
2293.0 6.589603439154579e-11
2294.0 6.58574971215091e-11
2295.0 6.581895985147237e-11
2296.0 6.578042258143567e-11
2297.0 6.574188531139896e-11
2298.0 6.570334804136226e-11
2299.0 6.566481077132557e-11
2300.0 6.562627350128886e-11
2301.0 6.558773623125215e-11
2302.0 6.554919896121543e-11
2303.0 6.551066169117873e-11
2304.0 6.547271870287607e-11
2305.0 6.543903683467576e-11
2306.0 6.540535496647547e-11
2307.0 6.537167309827516e-11
2308.0 6.533799123007486e-11
2309.0 6.530430936187458e-11
2310.0 6.527062749367428e-11
2311.0 6.523694562547399e-11
2312.0 6.520326375727369e-11
2313.0 6.51695818890734e-11
2314.0 6.513590002087311e-11
2315.0 6.510221815267279e-11
2316.0 6.50685362844725e-11
2317.0 6.503485441627221e-11
2318.0 6.500117254807192e-11
2319.0 6.496749067987162e-11
2320.0 6.493380881167133e-11
2321.0 6.490012694347103e-11
2322.0 6.486644507527075e-11
2323.0 6.483276320707045e-11
2324.0 6.479908133887014e-11
2325.0 6.476539947066985e-11
2326.0 6.473171760246955e-11
2327.0 6.469803573426926e-11
2328.0 6.466435386606896e-11
2329.0 6.463067199786868e-11
2330.0 6.459699012966836e-11
2331.0 6.456330826146807e-11
2332.0 6.452962639326778e-11
2333.0 6.449594452506747e-11
2334.0 6.446226265686719e-11
2335.0 6.44285807886669e-11
2336.0 6.43948989204666e-11
2337.0 6.43612170522663e-11
2338.0 6.432753518406599e-11
2339.0 6.42938533158657e-11
2340.0 6.426017144766541e-11
2341.0 6.422648957946511e-11
2342.0 6.419280771126482e-11
2343.0 6.415912584306453e-11
2344.0 6.412544397486423e-11
2345.0 6.409176210666395e-11
2346.0 6.405808023846363e-11
2347.0 6.402439837026334e-11
2348.0 6.399071650206304e-11
2349.0 6.395703463386275e-11
2350.0 6.392335276566246e-11
2351.0 6.388967089746216e-11
2352.0 6.385598902926187e-11
2353.0 6.382230716106156e-11
2354.0 6.378862529286127e-11
2355.0 6.375494342466097e-11
2356.0 6.372126155646068e-11
2357.0 6.368757968826038e-11
2358.0 6.365389782006009e-11
2359.0 6.36202159518598e-11
2360.0 6.358653408365951e-11
2361.0 6.355285221545919e-11
2362.0 6.35191703472589e-11
2363.0 6.348548847905861e-11
2364.0 6.345180661085831e-11
2365.0 6.341812474265803e-11
2366.0 6.338444287445772e-11
2367.0 6.335076100625743e-11
2368.0 6.331707913805714e-11
2369.0 6.328339726985682e-11
2370.0 6.324971540165654e-11
2371.0 6.321603353345624e-11
2372.0 6.318235166525595e-11
2373.0 6.314866979705566e-11
2374.0 6.311498792885536e-11
2375.0 6.308130606065507e-11
2376.0 6.304762419245477e-11
2377.0 6.301394232425448e-11
2378.0 6.298026045605417e-11
2379.0 6.294657858785388e-11
2380.0 6.291289671965358e-11
2381.0 6.287921485145329e-11
2382.0 6.2845532983253e-11
2383.0 6.281185111505271e-11
2384.0 6.277816924685241e-11
2385.0 6.27444873786521e-11
2386.0 6.271080551045181e-11
2387.0 6.267712364225151e-11
2388.0 6.264344177405122e-11
2389.0 6.260975990585092e-11
2390.0 6.257607803765063e-11
2391.0 6.254239616945034e-11
2392.0 6.250871430125003e-11
2393.0 6.247503243304974e-11
2394.0 6.244135056484943e-11
2395.0 6.240766869664915e-11
2396.0 6.237398682844886e-11
2397.0 6.234030496024856e-11
2398.0 6.230662309204826e-11
2399.0 6.227294122384797e-11
2400.0 6.223925935564768e-11
2401.0 6.220557748744737e-11
2402.0 6.217189561924707e-11
2403.0 6.213821375104678e-11
2404.0 6.210453188284649e-11
2405.0 6.207085001464619e-11
2406.0 6.20371681464459e-11
2407.0 6.200348627824561e-11
2408.0 6.196980441004529e-11
2409.0 6.1936122541845e-11
2410.0 6.190244067364471e-11
2411.0 6.186875880544442e-11
2412.0 6.183507693724412e-11
2413.0 6.180139506904383e-11
2414.0 6.176771320084353e-11
2415.0 6.173403133264324e-11
2416.0 6.170034946444296e-11
2417.0 6.166666759624263e-11
2418.0 6.163298572804235e-11
2419.0 6.159930385984205e-11
2420.0 6.156562199164176e-11
2421.0 6.153194012344147e-11
2422.0 6.149825825524117e-11
2423.0 6.146457638704086e-11
2424.0 6.143089451884057e-11
2425.0 6.139721265064028e-11
2426.0 6.136353078243998e-11
2427.0 6.132984891423968e-11
2428.0 6.129616704603939e-11
2429.0 6.126248517783911e-11
2430.0 6.12288033096388e-11
2431.0 6.11951214414385e-11
2432.0 6.116143957323822e-11
2433.0 6.11277577050379e-11
2434.0 6.109407583683762e-11
2435.0 6.106039396863732e-11
2436.0 6.102671210043703e-11
2437.0 6.099303023223673e-11
2438.0 6.095934836403644e-11
2439.0 6.092566649583613e-11
2440.0 6.089198462763584e-11
2441.0 6.085830275943555e-11
2442.0 6.082462089123525e-11
2443.0 6.079093902303496e-11
2444.0 6.075725715483466e-11
2445.0 6.072357528663437e-11
2446.0 6.068989341843406e-11
2447.0 6.065621155023377e-11
2448.0 6.062252968203347e-11
2449.0 6.058884781383318e-11
2450.0 6.055516594563289e-11
2451.0 6.052148407743259e-11
2452.0 6.04878022092323e-11
2453.0 6.0454120341032e-11
2454.0 6.04204384728317e-11
2455.0 6.038675660463139e-11
2456.0 6.035307473643111e-11
2457.0 6.031939286823082e-11
2458.0 6.028571100003052e-11
2459.0 6.025202913183023e-11
2460.0 6.021834726362993e-11
2461.0 6.018466539542964e-11
2462.0 6.015098352722933e-11
2463.0 6.011730165902903e-11
2464.0 6.008361979082874e-11
2465.0 6.004993792262845e-11
2466.0 6.001625605442816e-11
2467.0 5.998257418622786e-11
2468.0 5.994889231802757e-11
2469.0 5.991521044982728e-11
2470.0 5.988152858162698e-11
2471.0 5.984784671342667e-11
2472.0 5.981416484522638e-11
2473.0 5.978048297702607e-11
2474.0 5.974680110882579e-11
2475.0 5.97131192406255e-11
2476.0 5.96794373724252e-11
2477.0 5.964575550422491e-11
2478.0 5.961207363602459e-11
2479.0 5.957839176782431e-11
2480.0 5.954470989962401e-11
2481.0 5.951102803142372e-11
2482.0 5.94799014969409e-11
2483.0 5.94500482314903e-11
2484.0 5.942019496603968e-11
2485.0 5.939034170058907e-11
2486.0 5.936048843513845e-11
2487.0 5.933063516968786e-11
2488.0 5.930078190423723e-11
2489.0 5.927092863878661e-11
2490.0 5.9241075373336e-11
2491.0 5.92112221078854e-11
2492.0 5.918136884243478e-11
2493.0 5.915151557698417e-11
2494.0 5.912166231153355e-11
2495.0 5.909180904608296e-11
2496.0 5.906195578063233e-11
2497.0 5.903210251518172e-11
2498.0 5.90022492497311e-11
2499.0 5.897239598428048e-11
2500.0 5.894254271882988e-11
2501.0 5.891268945337927e-11
2502.0 5.888283618792865e-11
2503.0 5.885298292247803e-11
2504.0 5.882312965702743e-11
2505.0 5.879327639157681e-11
2506.0 5.87634231261262e-11
2507.0 5.873356986067558e-11
2508.0 5.870371659522498e-11
2509.0 5.867386332977436e-11
2510.0 5.864401006432374e-11
2511.0 5.861415679887313e-11
2512.0 5.858430353342253e-11
2513.0 5.85544502679719e-11
2514.0 5.852459700252129e-11
2515.0 5.84947437370707e-11
2516.0 5.846489047162008e-11
2517.0 5.843503720616946e-11
2518.0 5.840518394071884e-11
2519.0 5.837533067526825e-11
2520.0 5.834547740981763e-11
2521.0 5.831562414436701e-11
2522.0 5.828577087891639e-11
2523.0 5.82559176134658e-11
2524.0 5.822606434801518e-11
2525.0 5.8196211082564574e-11
2526.0 5.8166357817113955e-11
2527.0 5.813650455166334e-11
2528.0 5.810665128621273e-11
2529.0 5.807679802076211e-11
2530.0 5.8046944755311506e-11
2531.0 5.8017091489860893e-11
2532.0 5.7987238224410275e-11
2533.0 5.795738495895966e-11
2534.0 5.7927531693509056e-11
2535.0 5.7897678428058444e-11
2536.0 5.7867825162607825e-11
2537.0 5.783797189715721e-11
2538.0 5.7808118631706594e-11
2539.0 5.7778265366255994e-11
2540.0 5.7748412100805375e-11
2541.0 5.771855883535476e-11
2542.0 5.7688705569904144e-11
2543.0 5.7658852304453545e-11
2544.0 5.7628999039002926e-11
2545.0 5.7599145773552313e-11
2546.0 5.756929250810171e-11
2547.0 5.7539439242651095e-11
2548.0 5.7509585977200476e-11
2549.0 5.7479732711749864e-11
2550.0 5.7449879446299245e-11
2551.0 5.7420026180848645e-11
2552.0 5.7390172915398027e-11
2553.0 5.7360319649947414e-11
2554.0 5.7330466384496795e-11
2555.0 5.730061311904619e-11
2556.0 5.727075985359558e-11
2557.0 5.724090658814497e-11
2558.0 5.7211053322694346e-11
2559.0 5.718120005724374e-11
2560.0 5.715134679179314e-11
2561.0 5.712149352634252e-11
2562.0 5.7091640260891896e-11
2563.0 5.706178699544129e-11
2564.0 5.703193372999068e-11
2565.0 5.700208046454007e-11
2566.0 5.697222719908946e-11
2567.0 5.694237393363884e-11
2568.0 5.691252066818823e-11
2569.0 5.688266740273762e-11
2570.0 5.6852814137287e-11
2571.0 5.682296087183639e-11
2572.0 5.679310760638578e-11
2573.0 5.676325434093517e-11
2574.0 5.673340107548456e-11
2575.0 5.670354781003394e-11
2576.0 5.667369454458333e-11
2577.0 5.664384127913272e-11
2578.0 5.6613988013682104e-11
2579.0 5.658413474823149e-11
2580.0 5.6554281482780886e-11
2581.0 5.6524428217330273e-11
2582.0 5.6494574951879655e-11
2583.0 5.646472168642904e-11
2584.0 5.6434868420978423e-11
2585.0 5.6405015155527824e-11
2586.0 5.6375161890077205e-11
2587.0 5.634530862462659e-11
2588.0 5.6315455359175974e-11
2589.0 5.6285602093725374e-11
2590.0 5.625574882827474e-11
2591.0 5.622589556282414e-11
2592.0 5.6196042297373524e-11
2593.0 5.616618903192291e-11
2594.0 5.613633576647229e-11
2595.0 5.6106482501021693e-11
2596.0 5.6076629235571074e-11
2597.0 5.604677597012046e-11
2598.0 5.6016922704669856e-11
2599.0 5.5987069439219244e-11
2600.0 5.595721617376864e-11
2601.0 5.592736290831801e-11
2602.0 5.5897509642867394e-11
2603.0 5.5867656377416794e-11
2604.0 5.5837803111966175e-11
2605.0 5.580794984651556e-11
2606.0 5.577809658106496e-11
2607.0 5.574824331561434e-11
2608.0 5.5718390050163726e-11
2609.0 5.568853678471311e-11
2610.0 5.5658683519262494e-11
2611.0 5.562883025381189e-11
2612.0 5.559897698836129e-11
2613.0 5.556912372291066e-11
2614.0 5.5539270457460045e-11
2615.0 5.550941719200944e-11
2616.0 5.5479563926558826e-11
2617.0 5.544971066110821e-11
2618.0 5.541985739565761e-11
2619.0 5.539000413020699e-11
2620.0 5.536015086475639e-11
2621.0 5.533029759930576e-11
2622.0 5.5300444333855146e-11
2623.0 5.527059106840454e-11
2624.0 5.524073780295393e-11
2625.0 5.521088453750332e-11
2626.0 5.518103127205271e-11
2627.0 5.515117800660209e-11
2628.0 5.512132474115148e-11
2629.0 5.509147147570087e-11
2630.0 5.506161821025025e-11
2631.0 5.503176494479964e-11
2632.0 5.5001911679349035e-11
2633.0 5.497205841389842e-11
2634.0 5.49422051484478e-11
2635.0 5.491235188299719e-11
2636.0 5.488249861754657e-11
2637.0 5.485264535209597e-11
2638.0 5.4822792086645354e-11
2639.0 5.479293882119474e-11
2640.0 5.4763085555744135e-11
2641.0 5.473323229029352e-11
2642.0 5.470337902484289e-11
2643.0 5.467352575939229e-11
2644.0 5.464367249394167e-11
2645.0 5.4613819228491073e-11
2646.0 5.4583965963040454e-11
2647.0 5.455411269758984e-11
2648.0 5.452425943213922e-11
2649.0 5.4494406166688624e-11
2650.0 5.4464552901238005e-11
2651.0 5.443469963578738e-11
2652.0 5.4404846370336774e-11
2653.0 5.437499310488616e-11
2654.0 5.434513983943554e-11
2655.0 5.4315286573984936e-11
2656.0 5.4285433308534324e-11
2657.0 5.425558004308371e-11
2658.0 5.4225726777633106e-11
2659.0 5.419587351218249e-11
2660.0 5.416602024673186e-11
2661.0 5.4136166981281256e-11
2662.0 5.410631371583064e-11
2663.0 5.407646045038004e-11
2664.0 5.4046607184929425e-11
2665.0 5.4016753919478806e-11
2666.0 5.3986900654028206e-11
2667.0 5.395704738857759e-11
2668.0 5.3927194123126975e-11
2669.0 5.3897340857676356e-11
2670.0 5.386748759222576e-11
2671.0 5.383763432677514e-11
2672.0 5.380778106132454e-11
2673.0 5.3779956138396216e-11
2674.0 5.375383080331789e-11
2675.0 5.372770546823957e-11
2676.0 5.3701580133161254e-11
2677.0 5.367545479808293e-11
2678.0 5.364932946300461e-11
2679.0 5.3623204127926286e-11
2680.0 5.359707879284797e-11
2681.0 5.3570953457769645e-11
2682.0 5.354482812269133e-11
2683.0 5.351870278761301e-11
2684.0 5.3492577452534695e-11
2685.0 5.346645211745637e-11
2686.0 5.344032678237804e-11
2687.0 5.341420144729973e-11
2688.0 5.33880761122214e-11
2689.0 5.3361950777143086e-11
2690.0 5.333582544206477e-11
2691.0 5.330970010698645e-11
2692.0 5.3283574771908137e-11
2693.0 5.325744943682981e-11
2694.0 5.3231324101751495e-11
2695.0 5.320519876667317e-11
2696.0 5.3179073431594854e-11
2697.0 5.3152948096516533e-11
2698.0 5.312682276143822e-11
2699.0 5.310069742635989e-11
2700.0 5.3074572091281565e-11
2701.0 5.304844675620325e-11
2702.0 5.3022321421124924e-11
2703.0 5.299619608604661e-11
2704.0 5.297007075096829e-11
2705.0 5.2943945415889975e-11
2706.0 5.291782008081165e-11
2707.0 5.289169474573333e-11
2708.0 5.2865569410655006e-11
2709.0 5.283944407557669e-11
2710.0 5.2813318740498365e-11
2711.0 5.2787193405420044e-11
2712.0 5.276106807034173e-11
2713.0 5.27349427352634e-11
2714.0 5.270881740018509e-11
2715.0 5.2682692065106774e-11
2716.0 5.265656673002845e-11
2717.0 5.263044139495013e-11
2718.0 5.260431605987181e-11
2719.0 5.25781907247935e-11
2720.0 5.255206538971517e-11
2721.0 5.252594005463686e-11
2722.0 5.249981471955853e-11
2723.0 5.2473689384480216e-11
2724.0 5.244756404940189e-11
2725.0 5.2421438714323574e-11
2726.0 5.2395313379245254e-11
2727.0 5.236918804416693e-11
2728.0 5.234306270908861e-11
2729.0 5.2316937374010285e-11
2730.0 5.2290812038931965e-11
2731.0 5.2264686703853644e-11
2732.0 5.223856136877533e-11
2733.0 5.221243603369701e-11
2734.0 5.218631069861869e-11
2735.0 5.216018536354037e-11
2736.0 5.213406002846205e-11
2737.0 5.2107934693383726e-11
2738.0 5.2081809358305406e-11
2739.0 5.205568402322709e-11
2740.0 5.202955868814878e-11
2741.0 5.2003433353070457e-11
2742.0 5.1977308017992136e-11
2743.0 5.1951182682913815e-11
2744.0 5.192505734783549e-11
2745.0 5.189893201275717e-11
2746.0 5.1872806677678853e-11
2747.0 5.184668134260053e-11
2748.0 5.182055600752221e-11
2749.0 5.179443067244389e-11
2750.0 5.176830533736557e-11
2751.0 5.174218000228725e-11
2752.0 5.171605466720893e-11
2753.0 5.168992933213061e-11
2754.0 5.166380399705229e-11
2755.0 5.163767866197397e-11
2756.0 5.161155332689565e-11
2757.0 5.1585427991817326e-11
2758.0 5.1559302656739005e-11
2759.0 5.1533177321660685e-11
2760.0 5.150705198658237e-11
2761.0 5.148092665150405e-11
2762.0 5.145480131642573e-11
2763.0 5.142867598134741e-11
2764.0 5.1402550646269094e-11
2765.0 5.1376425311190774e-11
2766.0 5.135029997611245e-11
2767.0 5.132417464103413e-11
2768.0 5.129804930595582e-11
2769.0 5.127192397087749e-11
2770.0 5.124579863579917e-11
2771.0 5.121967330072085e-11
2772.0 5.119354796564253e-11
2773.0 5.116742263056421e-11
2774.0 5.114129729548589e-11
2775.0 5.1115171960407574e-11
2776.0 5.108904662532925e-11
2777.0 5.106292129025093e-11
2778.0 5.103679595517261e-11
2779.0 5.1010670620094285e-11
2780.0 5.0984545285015964e-11
2781.0 5.095841994993765e-11
2782.0 5.093229461485933e-11
2783.0 5.090616927978101e-11
2784.0 5.088004394470269e-11
2785.0 5.085391860962437e-11
2786.0 5.0827793274546046e-11
2787.0 5.0801667939467726e-11
2788.0 5.077554260438941e-11
2789.0 5.07494172693111e-11
2790.0 5.0723291934232777e-11
2791.0 5.0697166599154456e-11
2792.0 5.0671041264076135e-11
2793.0 5.064491592899782e-11
2794.0 5.061879059391949e-11
2795.0 5.059266525884117e-11
2796.0 5.056653992376285e-11
2797.0 5.054041458868453e-11
2798.0 5.051428925360621e-11
2799.0 5.048816391852789e-11
2800.0 5.046203858344957e-11
2801.0 5.043591324837125e-11
2802.0 5.040978791329293e-11
2803.0 5.0383662578214615e-11
2804.0 5.035753724313629e-11
2805.0 5.033141190805797e-11
2806.0 5.0305286572979646e-11
2807.0 5.0279161237901325e-11
2808.0 5.0253035902823005e-11
2809.0 5.022691056774469e-11
2810.0 5.020078523266637e-11
2811.0 5.017465989758805e-11
2812.0 5.014853456250973e-11
2813.0 5.012240922743141e-11
2814.0 5.0096283892353094e-11
2815.0 5.007015855727477e-11
2816.0 5.004403322219645e-11
2817.0 5.001790788711814e-11
2818.0 4.999178255203982e-11
2819.0 4.996565721696149e-11
2820.0 4.993953188188317e-11
2821.0 4.991340654680485e-11
2822.0 4.988728121172653e-11
2823.0 4.986115587664821e-11
2824.0 4.9835030541569894e-11
2825.0 4.980890520649157e-11
2826.0 4.978277987141325e-11
2827.0 4.975665453633493e-11
2828.0 4.973052920125661e-11
2829.0 4.9704403866178284e-11
2830.0 4.967827853109997e-11
2831.0 4.965215319602165e-11
2832.0 4.962602786094334e-11
2833.0 4.959990252586501e-11
2834.0 4.957377719078669e-11
2835.0 4.9547651855708366e-11
2836.0 4.9521526520630046e-11
2837.0 4.9495401185551725e-11
2838.0 4.946927585047341e-11
2839.0 4.9443150515395097e-11
2840.0 4.9417025180316776e-11
2841.0 4.9390899845238455e-11
2842.0 4.936477451016014e-11
2843.0 4.9338649175081814e-11
2844.0 4.931252384000349e-11
2845.0 4.928639850492517e-11
2846.0 4.926027316984685e-11
2847.0 4.923414783476853e-11
2848.0 4.920802249969021e-11
2849.0 4.918189716461189e-11
2850.0 4.915577182953357e-11
2851.0 4.9129646494455255e-11
2852.0 4.9103521159376935e-11
2853.0 4.9077395824298614e-11
2854.0 4.905127048922029e-11
2855.0 4.9025145154141966e-11
2856.0 4.8999019819063646e-11
2857.0 4.8972894483985325e-11
2858.0 4.8946769148907004e-11
2859.0 4.892064381382869e-11
2860.0 4.889451847875037e-11
2861.0 4.886839314367207e-11
2862.0 4.884226780859373e-11
2863.0 4.881614247351541e-11
2864.0 4.879001713843709e-11
2865.0 4.876389180335877e-11
2866.0 4.873776646828045e-11
2867.0 4.871164113320214e-11
2868.0 4.868551579812382e-11
2869.0 4.865939046304549e-11
2870.0 4.863326512796717e-11
2871.0 4.860713979288886e-11
2872.0 4.858101445781053e-11
2873.0 4.8554889122732214e-11
2874.0 4.852876378765389e-11
2875.0 4.850263845257557e-11
2876.0 4.847651311749725e-11
2877.0 4.845038778241893e-11
2878.0 4.842426244734061e-11
2879.0 4.840084627065792e-11
2880.0 4.837859348780478e-11
2881.0 4.835634070495165e-11
2882.0 4.83340879220985e-11
2883.0 4.8311835139245366e-11
2884.0 4.828958235639223e-11
2885.0 4.82673295735391e-11
2886.0 4.824507679068596e-11
2887.0 4.8222824007832817e-11
2888.0 4.820057122497968e-11
2889.0 4.817831844212655e-11
2890.0 4.8156065659273406e-11
2891.0 4.8133812876420273e-11
2892.0 4.811156009356713e-11
2893.0 4.8089307310714e-11
2894.0 4.8067054527860856e-11
2895.0 4.804480174500772e-11
2896.0 4.802254896215458e-11
2897.0 4.800029617930145e-11
2898.0 4.797804339644831e-11
2899.0 4.795579061359517e-11
2900.0 4.793353783074203e-11
2901.0 4.79112850478889e-11
2902.0 4.7889032265035757e-11
2903.0 4.786677948218262e-11
2904.0 4.784452669932948e-11
2905.0 4.782227391647634e-11
2906.0 4.780002113362321e-11
2907.0 4.777776835077007e-11
2908.0 4.775551556791693e-11
2909.0 4.7733262785063796e-11
2910.0 4.771101000221066e-11
2911.0 4.768875721935752e-11
2912.0 4.766650443650439e-11
2913.0 4.764425165365125e-11
2914.0 4.762199887079811e-11
2915.0 4.759974608794497e-11
2916.0 4.757749330509183e-11
2917.0 4.75552405222387e-11
2918.0 4.753298773938556e-11
2919.0 4.751073495653242e-11
2920.0 4.748848217367929e-11
2921.0 4.746622939082615e-11
2922.0 4.744397660797301e-11
2923.0 4.742172382511987e-11
2924.0 4.739947104226673e-11
2925.0 4.7377218259413603e-11
2926.0 4.735496547656046e-11
2927.0 4.733271269370732e-11
2928.0 4.731045991085418e-11
2929.0 4.728820712800105e-11
2930.0 4.726595434514791e-11
2931.0 4.724370156229477e-11
2932.0 4.722144877944163e-11
2933.0 4.71991959965885e-11
2934.0 4.717694321373536e-11
2935.0 4.715469043088222e-11
2936.0 4.7132437648029093e-11
2937.0 4.7110184865175954e-11
2938.0 4.708793208232281e-11
2939.0 4.706567929946967e-11
2940.0 4.704342651661653e-11
2941.0 4.70211737337634e-11
2942.0 4.699892095091026e-11
2943.0 4.697666816805712e-11
2944.0 4.6954415385203994e-11
2945.0 4.693216260235085e-11
2946.0 4.690990981949771e-11
2947.0 4.688765703664457e-11
2948.0 4.686540425379144e-11
2949.0 4.68431514709383e-11
2950.0 4.682089868808515e-11
2951.0 4.679864590523202e-11
2952.0 4.677639312237889e-11
2953.0 4.675414033952575e-11
2954.0 4.673188755667261e-11
2955.0 4.670963477381947e-11
2956.0 4.6687381990966344e-11
2957.0 4.66651292081132e-11
2958.0 4.664287642526006e-11
2959.0 4.662062364240692e-11
2960.0 4.659837085955379e-11
2961.0 4.657611807670065e-11
2962.0 4.655386529384751e-11
2963.0 4.6531612510994365e-11
2964.0 4.650935972814124e-11
2965.0 4.64871069452881e-11
2966.0 4.646485416243496e-11
2967.0 4.644260137958182e-11
2968.0 4.642034859672869e-11
2969.0 4.639809581387555e-11
2970.0 4.6375843031022404e-11
2971.0 4.635359024816927e-11
2972.0 4.633133746531614e-11
2973.0 4.6309084682463e-11
2974.0 4.628683189960986e-11
2975.0 4.626457911675672e-11
2976.0 4.624232633390359e-11
2977.0 4.622007355105045e-11
2978.0 4.619782076819731e-11
2979.0 4.617556798534417e-11
2980.0 4.615331520249104e-11
2981.0 4.61310624196379e-11
2982.0 4.610880963678476e-11
2983.0 4.6086556853931616e-11
2984.0 4.606430407107849e-11
2985.0 4.604205128822535e-11
2986.0 4.601979850537221e-11
2987.0 4.599754572251907e-11
2988.0 4.597529293966594e-11
2989.0 4.5953040156812794e-11
2990.0 4.5930787373959655e-11
2991.0 4.590853459110652e-11
2992.0 4.588628180825339e-11
2993.0 4.586402902540025e-11
2994.0 4.584177624254711e-11
2995.0 4.581952345969397e-11
2996.0 4.579727067684084e-11
2997.0 4.57750178939877e-11
2998.0 4.575276511113456e-11
2999.0 4.573051232828142e-11
3000.0 4.570825954542829e-11
3001.0 4.568600676257515e-11
3002.0 4.5663753979722006e-11
3003.0 4.564150119686887e-11
3004.0 4.561924841401574e-11
3005.0 4.55969956311626e-11
3006.0 4.557474284830946e-11
3007.0 4.555249006545633e-11
3008.0 4.5530237282603185e-11
3009.0 4.5507984499750046e-11
3010.0 4.5485731716896906e-11
3011.0 4.546347893404378e-11
3012.0 4.544122615119064e-11
3013.0 4.54189733683375e-11
3014.0 4.539672058548436e-11
3015.0 4.5374467802631224e-11
3016.0 4.535221501977809e-11
3017.0 4.532996223692495e-11
3018.0 4.5307709454071813e-11
3019.0 4.5285456671218674e-11
3020.0 4.526320388836554e-11
3021.0 4.5240951105512396e-11
3022.0 4.521869832265926e-11
3023.0 4.519644553980613e-11
3024.0 4.517419275695299e-11
3025.0 4.515193997409985e-11
3026.0 4.512968719124672e-11
3027.0 4.5107434408393575e-11
3028.0 4.5085181625540436e-11
3029.0 4.5062928842687297e-11
3030.0 4.504067605983416e-11
3031.0 4.501842327698103e-11
3032.0 4.499617049412789e-11
3033.0 4.4973917711274753e-11
3034.0 4.4951664928421614e-11
3035.0 4.4929412145568475e-11
3036.0 4.490715936271534e-11
3037.0 4.488490657986221e-11
3038.0 4.4862653797009065e-11
3039.0 4.484040101415593e-11
3040.0 4.4818148231302786e-11
3041.0 4.479589544844965e-11
3042.0 4.477364266559652e-11
3043.0 4.475138988274338e-11
3044.0 4.472913709989024e-11
3045.0 4.4706884317037104e-11
3046.0 4.468463153418397e-11
3047.0 4.4662378751330826e-11
3048.0 4.464012596847769e-11
3049.0 4.461787318562456e-11
3050.0 4.4595620402771415e-11
3051.0 4.457336761991828e-11
3052.0 4.455111483706514e-11
3053.0 4.4528862054212005e-11
3054.0 4.4506609271358866e-11
3055.0 4.4484356488505727e-11
3056.0 4.4462103705652594e-11
3057.0 4.4439850922799455e-11
3058.0 4.441759813994632e-11
3059.0 4.439534535709318e-11
3060.0 4.4373092574240044e-11
3061.0 4.4350839791386905e-11
3062.0 4.432858700853377e-11
3063.0 4.4306334225680633e-11
3064.0 4.4284081442827494e-11
3065.0 4.426182865997436e-11
3066.0 4.4239575877121216e-11
3067.0 4.421732309426808e-11
3068.0 4.419507031141495e-11
3069.0 4.417281752856181e-11
3070.0 4.4150564745708667e-11
3071.0 4.4128311962855534e-11
3072.0 4.4106059180002395e-11
3073.0 4.4083806397149256e-11
3074.0 4.4061553614296117e-11
3075.0 4.403930083144298e-11
3076.0 4.401704804858985e-11
3077.0 4.399479526573671e-11
3078.0 4.3972542482883573e-11
3079.0 4.395028970003043e-11
3080.0 4.3928036917177295e-11
3081.0 4.3905784134324156e-11
3082.0 4.3883531351471024e-11
3083.0 4.386127856861789e-11
3084.0 4.3839025785764746e-11
3085.0 4.3816773002911607e-11
3086.0 4.379452022005847e-11
3087.0 4.3772267437205335e-11
3088.0 4.37500146543522e-11
3089.0 4.3727761871499057e-11
3090.0 4.3705509088645924e-11
3091.0 4.3683256305792785e-11
3092.0 4.3661003522939646e-11
3093.0 4.363875074008651e-11
3094.0 4.361649795723337e-11
3095.0 4.359424517438024e-11
3096.0 4.3571992391527096e-11
3097.0 4.3549739608673964e-11
3098.0 4.352748682582082e-11
3099.0 4.3505234042967686e-11
3100.0 4.3482981260114547e-11
