2.0 1.316097890876801e-07
3.0 1.7582341913203903e-07
4.0 2.1619936785425859e-07
5.0 2.5284559555836216e-07
6.0 2.859562259103595e-07
7.0 3.1583945723350485e-07
8.0 3.426089329110385e-07
9.0 3.6663506397714424e-07
10.0 3.8809316844123967e-07
11.0 4.074009374819884e-07
12.0 4.241890538585758e-07
13.0 4.391621717243589e-07
14.0 4.523237231647232e-07
15.0 4.6368295871567647e-07
16.0 4.7357164483824827e-07
17.0 4.818638299439092e-07
18.0 4.886074403087014e-07
19.0 4.941078852466501e-07
20.0 4.985906906347073e-07
21.0 5.016368811755493e-07
22.0 5.037571965341648e-07
23.0 5.049858457834919e-07
24.0 5.048020904114695e-07
25.0 5.042826097789499e-07
26.0 5.025327792531696e-07
27.0 5.005959158190307e-07
28.0 4.976090138862245e-07
29.0 4.945267888064498e-07
30.0 4.903938256761015e-07
31.0 4.862608625457531e-07
32.0 4.8142247246598e-07
33.0 4.764652884757975e-07
34.0 4.713085799446491e-07
35.0 4.6591481017997407e-07
36.0 4.605210404152988e-07
37.0 4.548980413576065e-07
38.0 4.492418093191464e-07
39.0 4.4357100742506167e-07
40.0 4.3775421897123917e-07
41.0 4.319374305174167e-07
42.0 4.261328812999559e-07
43.0 4.2044660133907294e-07
44.0 4.1476032137819e-07
45.0 4.09074041417307e-07
46.0 4.036364351840909e-07
47.0 3.982373150827467e-07
48.0 3.9283819498140284e-07
49.0 3.8754047297603115e-07
50.0 3.824016468876368e-07
51.0 3.7726282079924244e-07
52.0 3.7212399471084806e-07
53.0 3.6718955739033367e-07
54.0 3.623674373645934e-07
55.0 3.5754531733885323e-07
56.0 3.5272319731311304e-07
57.0 3.481358635270003e-07
58.0 3.4369689964029006e-07
59.0 3.392579357535799e-07
60.0 3.3481897186686977e-07
61.0 3.3047067001331225e-07
62.0 3.263680242873478e-07
63.0 3.222653785613834e-07
64.0 3.1816273283541896e-07
65.0 3.140600871094545e-07
66.0 3.1013973939553284e-07
67.0 3.0634511124666154e-07
68.0 3.0255048309779024e-07
69.0 2.987558549489189e-07
70.0 2.9496122680004754e-07
71.0 2.913605395015238e-07
72.0 2.8791610272202067e-07
73.0 2.8447166594251745e-07
74.0 2.810272291630142e-07
75.0 2.775827923835111e-07
76.0 2.7417651429843765e-07
77.0 2.7103081456088653e-07
78.0 2.678851148233354e-07
79.0 2.647394150857843e-07
80.0 2.6159371534823317e-07
81.0 2.5844801561068205e-07
82.0 2.5537763820023325e-07
83.0 2.5249742727936883e-07
84.0 2.496172163585043e-07
85.0 2.467370054376399e-07
86.0 2.4385679451677536e-07
87.0 2.40976583595911e-07
88.0 2.380963726750465e-07
89.0 2.3550652951324522e-07
90.0 2.3291975047003872e-07
91.0 2.3033297142683213e-07
92.0 2.2774619238362563e-07
93.0 2.251594133404191e-07
94.0 2.225726342972126e-07
95.0 2.200425024847663e-07
96.0 2.1772470427226033e-07
97.0 2.1540690605975433e-07
98.0 2.130891078472483e-07
99.0 2.107713096347423e-07
100.0 2.0845351142223628e-07
101.0 2.0613571320973026e-07
102.0 2.0381791499722431e-07
103.0 2.0169949024598577e-07
104.0 1.996009052380247e-07
105.0 1.9750232023006356e-07
106.0 1.9540373522210253e-07
107.0 1.9330515021414145e-07
108.0 1.9120656520618035e-07
109.0 1.8910798019821924e-07
110.0 1.8702074702456692e-07
111.0 1.8516879010767122e-07
112.0 1.8331683319077554e-07
113.0 1.8146487627387984e-07
114.0 1.7961291935698416e-07
115.0 1.7776096244008846e-07
116.0 1.7590900552319275e-07
117.0 1.740570486062971e-07
118.0 1.722050916894014e-07
119.0 1.7048105563447208e-07
120.0 1.6885084432202948e-07
121.0 1.6722063300958696e-07
122.0 1.6559042169714441e-07
123.0 1.639602103847019e-07
124.0 1.6232999907225934e-07
125.0 1.606997877598169e-07
126.0 1.5906957644737435e-07
127.0 1.5743936513493178e-07
128.0 1.558913347049098e-07
129.0 1.5444158105179206e-07
130.0 1.5299182739867425e-07
131.0 1.5154207374555644e-07
132.0 1.5009232009243863e-07
133.0 1.4864256643932084e-07
134.0 1.4719281278620303e-07
135.0 1.4574305913308525e-07
136.0 1.4429330547996744e-07
137.0 1.4284355182684965e-07
138.0 1.4151317179050693e-07
139.0 1.4025249583791323e-07
140.0 1.3899181988531948e-07
141.0 1.3773114393272573e-07
142.0 1.36470467980132e-07
143.0 1.3520979202753828e-07
144.0 1.3394911607494452e-07
145.0 1.3268844012235074e-07
146.0 1.3142776416975702e-07
147.0 1.301670882171633e-07
148.0 1.2891528640909247e-07
149.0 1.2782999415459662e-07
150.0 1.2674470190010085e-07
151.0 1.2565940964560497e-07
152.0 1.2457411739110911e-07
153.0 1.234888251366133e-07
154.0 1.2240353288211743e-07
155.0 1.2131824062762158e-07
156.0 1.2023294837312573e-07
157.0 1.1914765611862987e-07
158.0 1.1806236386413405e-07
159.0 1.1697707160963821e-07
160.0 1.1598191274409451e-07
161.0 1.1503425531178962e-07
162.0 1.1408659787948473e-07
163.0 1.131389404471798e-07
164.0 1.1219128301487485e-07
165.0 1.1124362558256991e-07
166.0 1.10295968150265e-07
167.0 1.0934831071796013e-07
168.0 1.0840065328565517e-07
169.0 1.0745299585335025e-07
170.0 1.0650533842104533e-07
171.0 1.055576809887404e-07
172.0 1.0466122324760964e-07
173.0 1.0384780773719675e-07
174.0 1.0303439222678389e-07
175.0 1.0222097671637103e-07
176.0 1.0140756120595819e-07
177.0 1.005941456955453e-07
178.0 9.978073018513246e-08
179.0 9.896731467471961e-08
180.0 9.815389916430673e-08
181.0 9.734048365389389e-08
182.0 9.652706814348103e-08
183.0 9.571365263306816e-08
184.0 9.490023712265532e-08
185.0 9.41072819514536e-08
186.0 9.341972513297489e-08
187.0 9.273216831449616e-08
188.0 9.204461149601748e-08
189.0 9.135705467753877e-08
190.0 9.066949785906008e-08
191.0 8.998194104058138e-08
192.0 8.929438422210266e-08
193.0 8.860682740362395e-08
194.0 8.791927058514524e-08
195.0 8.723171376666657e-08
196.0 8.654415694818784e-08
197.0 8.585660012970914e-08
198.0 8.516904331123045e-08
199.0 8.448148649275175e-08
200.0 8.388498282763399e-08
201.0 8.329580233631956e-08
202.0 8.27066218450051e-08
203.0 8.211744135369066e-08
204.0 8.152826086237621e-08
205.0 8.093908037106175e-08
206.0 8.03498998797473e-08
207.0 7.976071938843285e-08
208.0 7.917153889711841e-08
209.0 7.858235840580397e-08
210.0 7.799317791448951e-08
211.0 7.740399742317506e-08
212.0 7.681481693186062e-08
213.0 7.622563644054618e-08
214.0 7.563645594923172e-08
215.0 7.510078931759594e-08
216.0 7.460201068843399e-08
217.0 7.410323205927202e-08
218.0 7.360445343011006e-08
219.0 7.310567480094808e-08
220.0 7.260689617178615e-08
221.0 7.210811754262417e-08
222.0 7.160933891346222e-08
223.0 7.111056028430024e-08
224.0 7.061178165513829e-08
225.0 7.011300302597634e-08
226.0 6.961422439681438e-08
227.0 6.911544576765241e-08
228.0 6.861666713849045e-08
229.0 6.81178885093285e-08
230.0 6.761910988016655e-08
231.0 6.712672022508967e-08
232.0 6.671060594708638e-08
233.0 6.62944916690831e-08
234.0 6.58783773910798e-08
235.0 6.546226311307652e-08
236.0 6.504614883507323e-08
237.0 6.463003455706995e-08
238.0 6.421392027906666e-08
239.0 6.379780600106338e-08
240.0 6.338169172306009e-08
241.0 6.296557744505681e-08
242.0 6.254946316705352e-08
243.0 6.213334888905025e-08
244.0 6.171723461104695e-08
245.0 6.130112033304365e-08
246.0 6.088500605504037e-08
247.0 6.04688917770371e-08
248.0 6.005277749903379e-08
249.0 5.965607709982495e-08
250.0 5.930677190112683e-08
251.0 5.895746670242872e-08
252.0 5.8608161503730626e-08
253.0 5.825885630503251e-08
254.0 5.79095511063344e-08
255.0 5.7560245907636304e-08
256.0 5.721094070893818e-08
257.0 5.6861635510240064e-08
258.0 5.651233031154195e-08
259.0 5.616302511284384e-08
260.0 5.581371991414573e-08
261.0 5.546441471544763e-08
262.0 5.51151095167495e-08
263.0 5.476580431805138e-08
264.0 5.441649911935328e-08
265.0 5.406719392065518e-08
266.0 5.371788872195706e-08
267.0 5.336858352325896e-08
268.0 5.3026741876251834e-08
269.0 5.273318664973764e-08
270.0 5.2439631423223456e-08
271.0 5.2146076196709274e-08
272.0 5.1852520970195085e-08
273.0 5.155896574368089e-08
274.0 5.1265410517166694e-08
275.0 5.097185529065252e-08
276.0 5.067830006413832e-08
277.0 5.038474483762413e-08
278.0 5.0091189611109945e-08
279.0 4.9797634384595776e-08
280.0 4.9504079158081573e-08
281.0 4.92105239315674e-08
282.0 4.891696870505321e-08
283.0 4.8623413478539026e-08
284.0 4.832985825202483e-08
285.0 4.8036303025510655e-08
286.0 4.774274779899646e-08
287.0 4.744919257248227e-08
288.0 4.715563734596809e-08
289.0 4.688855901923659e-08
290.0 4.66477857610997e-08
291.0 4.640701250296283e-08
292.0 4.616623924482594e-08
293.0 4.592546598668907e-08
294.0 4.568469272855217e-08
295.0 4.544391947041529e-08
296.0 4.520314621227839e-08
297.0 4.4962372954141516e-08
298.0 4.472159969600464e-08
299.0 4.4480826437867757e-08
300.0 4.424005317973086e-08
301.0 4.399927992159398e-08
302.0 4.37585066634571e-08
303.0 4.351773340532022e-08
304.0 4.3276960147183335e-08
305.0 4.3036186889046445e-08
306.0 4.279541363090956e-08
307.0 4.255464037277268e-08
308.0 4.2313867114635796e-08
309.0 4.207309385649891e-08
310.0 4.1832320598362043e-08
311.0 4.1603125698849015e-08
312.0 4.140367538504274e-08
313.0 4.1204225071236455e-08
314.0 4.100477475743018e-08
315.0 4.08053244436239e-08
316.0 4.060587412981763e-08
317.0 4.0406423816011335e-08
318.0 4.0206973502205065e-08
319.0 4.0007523188398776e-08
320.0 3.98080728745925e-08
321.0 3.960862256078623e-08
322.0 3.940917224697994e-08
323.0 3.920972193317366e-08
324.0 3.901027161936738e-08
325.0 3.8810821305561096e-08
326.0 3.861137099175482e-08
327.0 3.841192067794854e-08
328.0 3.8212470364142266e-08
329.0 3.8013020050335976e-08
330.0 3.7813569736529706e-08
331.0 3.76141194227234e-08
332.0 3.741466910891713e-08
333.0 3.7215218795110856e-08
334.0 3.701576848130457e-08
335.0 3.682792678751256e-08
336.0 3.666191511463403e-08
337.0 3.649590344175551e-08
338.0 3.6329891768876996e-08
339.0 3.616388009599848e-08
340.0 3.599786842311994e-08
341.0 3.583185675024143e-08
342.0 3.56658450773629e-08
343.0 3.549983340448439e-08
344.0 3.533382173160588e-08
345.0 3.516781005872735e-08
346.0 3.500179838584883e-08
347.0 3.483578671297031e-08
348.0 3.466977504009178e-08
349.0 3.4503763367213264e-08
350.0 3.433775169433475e-08
351.0 3.4171740021456224e-08
352.0 3.400572834857771e-08
353.0 3.383971667569919e-08
354.0 3.367370500282067e-08
355.0 3.3507693329942146e-08
356.0 3.334168165706362e-08
357.0 3.31756699841851e-08
358.0 3.300965831130658e-08
359.0 3.284364663842806e-08
360.0 3.267763496554954e-08
361.0 3.252907610540485e-08
362.0 3.239364570792599e-08
363.0 3.225821531044716e-08
364.0 3.212278491296832e-08
365.0 3.198735451548948e-08
366.0 3.1851924118010644e-08
367.0 3.171649372053182e-08
368.0 3.1581063323052967e-08
369.0 3.144563292557413e-08
370.0 3.131020252809529e-08
371.0 3.1174772130616444e-08
372.0 3.1039341733137605e-08
373.0 3.090391133565877e-08
374.0 3.076848093817993e-08
375.0 3.063305054070108e-08
376.0 3.0497620143222244e-08
377.0 3.0362189745743406e-08
378.0 3.022675934826457e-08
379.0 3.009132895078572e-08
380.0 2.995589855330689e-08
381.0 2.9820468155828044e-08
382.0 2.968503775834921e-08
383.0 2.9549607360870367e-08
384.0 2.941417696339153e-08
385.0 2.9278746565912687e-08
386.0 2.914331616843385e-08
387.0 2.900788577095501e-08
388.0 2.8872455373476167e-08
389.0 2.875738825020197e-08
390.0 2.8647134216458523e-08
391.0 2.8536880182715083e-08
392.0 2.8426626148971635e-08
393.0 2.8316372115228195e-08
394.0 2.820611808148476e-08
395.0 2.8095864047741313e-08
396.0 2.798561001399787e-08
397.0 2.787535598025443e-08
398.0 2.7765101946510988e-08
399.0 2.7654847912767547e-08
400.0 2.75445938790241e-08
401.0 2.7434339845280653e-08
402.0 2.7324085811537215e-08
403.0 2.721383177779377e-08
404.0 2.7103577744050327e-08
405.0 2.6993323710306887e-08
406.0 2.6883069676563446e-08
407.0 2.6772815642820005e-08
408.0 2.6662561609076558e-08
409.0 2.6552307575333117e-08
410.0 2.6442053541589673e-08
411.0 2.6331799507846233e-08
412.0 2.6221545474102792e-08
413.0 2.6111291440359345e-08
414.0 2.6001037406615897e-08
415.0 2.5890783372872463e-08
416.0 2.578052933912902e-08
417.0 2.5670275305385572e-08
418.0 2.556002127164213e-08
419.0 2.5467254908043907e-08
420.0 2.5376247630246367e-08
421.0 2.5285240352448823e-08
422.0 2.519423307465129e-08
423.0 2.5103225796853748e-08
424.0 2.5012218519056204e-08
425.0 2.4921211241258664e-08
426.0 2.483020396346112e-08
427.0 2.4739196685663576e-08
428.0 2.4648189407866042e-08
429.0 2.45571821300685e-08
430.0 2.4466174852270954e-08
431.0 2.437516757447341e-08
432.0 2.4284160296675876e-08
433.0 2.419315301887833e-08
434.0 2.4102145741080792e-08
435.0 2.4011138463283254e-08
436.0 2.392013118548571e-08
437.0 2.3829123907688173e-08
438.0 2.373811662989063e-08
439.0 2.364710935209309e-08
440.0 2.355610207429554e-08
441.0 2.3465094796498e-08
442.0 2.3374087518700464e-08
443.0 2.3283080240902923e-08
444.0 2.3192072963105383e-08
445.0 2.310106568530784e-08
446.0 2.30100584075103e-08
447.0 2.2919051129712757e-08
448.0 2.2828043851915214e-08
449.0 2.2737036574117676e-08
450.0 2.2646029296320136e-08
451.0 2.2567195555662235e-08
452.0 2.249344755205746e-08
453.0 2.2419699548452697e-08
454.0 2.2345951544847933e-08
455.0 2.2272203541243162e-08
456.0 2.2198455537638398e-08
457.0 2.212470753403363e-08
458.0 2.2050959530428863e-08
459.0 2.1977211526824103e-08
460.0 2.1903463523219335e-08
461.0 2.1829715519614568e-08
462.0 2.1755967516009794e-08
463.0 2.168221951240503e-08
464.0 2.1608471508800266e-08
465.0 2.15347235051955e-08
466.0 2.1460975501590724e-08
467.0 2.1387227497985964e-08
468.0 2.1313479494381196e-08
469.0 2.123973149077643e-08
470.0 2.116598348717166e-08
471.0 2.1092235483566898e-08
472.0 2.101848747996213e-08
473.0 2.0944739476357363e-08
474.0 2.0870991472752596e-08
475.0 2.0797243469147835e-08
476.0 2.0723495465543067e-08
477.0 2.0649747461938293e-08
478.0 2.057599945833353e-08
479.0 2.0502251454728762e-08
480.0 2.0428503451123998e-08
481.0 2.035475544751923e-08
482.0 2.0281007443914463e-08
483.0 2.0207259440309693e-08
484.0 2.0133511436704932e-08
485.0 2.00600729339129e-08
486.0 2.0000638662634734e-08
487.0 1.9941204391356567e-08
488.0 1.9881770120078397e-08
489.0 1.9822335848800227e-08
490.0 1.9762901577522063e-08
491.0 1.970346730624389e-08
492.0 1.9644033034965726e-08
493.0 1.9584598763687556e-08
494.0 1.952516449240939e-08
495.0 1.946573022113122e-08
496.0 1.9406295949853052e-08
497.0 1.9346861678574886e-08
498.0 1.9287427407296716e-08
499.0 1.9227993136018545e-08
500.0 1.9168558864740382e-08
501.0 1.910912459346221e-08
502.0 1.9049690322184042e-08
503.0 1.8990256050905878e-08
504.0 1.8930821779627705e-08
505.0 1.8871387508349538e-08
506.0 1.8811953237071368e-08
507.0 1.87525189657932e-08
508.0 1.8693084694515034e-08
509.0 1.8633650423236868e-08
510.0 1.8574216151958698e-08
511.0 1.851478188068053e-08
512.0 1.845534760940236e-08
513.0 1.8395913338124194e-08
514.0 1.8336479066846024e-08
515.0 1.8277044795567857e-08
516.0 1.8217610524289687e-08
517.0 1.8158176253011523e-08
518.0 1.8098741981733353e-08
519.0 1.8039307710455186e-08
520.0 1.7979873439177016e-08
521.0 1.7920439167898846e-08
522.0 1.786100489662068e-08
523.0 1.7808644009520415e-08
524.0 1.775982377968001e-08
525.0 1.7711003549839606e-08
526.0 1.76621833199992e-08
527.0 1.761336309015879e-08
528.0 1.7564542860318386e-08
529.0 1.7515722630477976e-08
530.0 1.7466902400637566e-08
531.0 1.741808217079716e-08
532.0 1.7369261940956757e-08
533.0 1.732044171111635e-08
534.0 1.7271621481275944e-08
535.0 1.7222801251435534e-08
536.0 1.7173981021595128e-08
537.0 1.712516079175472e-08
538.0 1.7076340561914315e-08
539.0 1.7027520332073908e-08
540.0 1.6978700102233498e-08
541.0 1.692987987239309e-08
542.0 1.6881059642552685e-08
543.0 1.683223941271228e-08
544.0 1.678341918287187e-08
545.0 1.6734598953031462e-08
546.0 1.668577872319106e-08
547.0 1.6636958493350653e-08
548.0 1.6588138263510246e-08
549.0 1.6539318033669836e-08
550.0 1.6490497803829427e-08
551.0 1.6441677573989023e-08
552.0 1.6392857344148617e-08
553.0 1.634403711430821e-08
554.0 1.6295216884467804e-08
555.0 1.6246396654627397e-08
556.0 1.6197576424786984e-08
557.0 1.614875619494658e-08
558.0 1.6099935965106175e-08
559.0 1.6051115735265765e-08
560.0 1.6002295505425362e-08
561.0 1.5953475275584955e-08
562.0 1.590465504574455e-08
563.0 1.5859984031753554e-08
564.0 1.582072536343229e-08
565.0 1.5781466695111034e-08
566.0 1.574220802678977e-08
567.0 1.570294935846851e-08
568.0 1.566369069014725e-08
569.0 1.5624432021825985e-08
570.0 1.5585173353504726e-08
571.0 1.5545914685183468e-08
572.0 1.5506656016862203e-08
573.0 1.546739734854094e-08
574.0 1.5428138680219683e-08
575.0 1.5388880011898422e-08
576.0 1.5349621343577164e-08
577.0 1.53103626752559e-08
578.0 1.5271104006934637e-08
579.0 1.5231845338613376e-08
580.0 1.5192586670292117e-08
581.0 1.515332800197086e-08
582.0 1.5114069333649594e-08
583.0 1.5074810665328333e-08
584.0 1.5035551997007074e-08
585.0 1.499629332868581e-08
586.0 1.4957034660364555e-08
587.0 1.491777599204329e-08
588.0 1.4878517323722028e-08
589.0 1.4839258655400768e-08
590.0 1.479999998707951e-08
591.0 1.4760741318758245e-08
592.0 1.4721482650436982e-08
593.0 1.4682223982115722e-08
594.0 1.4642965313794462e-08
595.0 1.4603706645473202e-08
596.0 1.4564447977151942e-08
597.0 1.452518930883068e-08
598.0 1.448593064050942e-08
599.0 1.4446671972188161e-08
600.0 1.4407413303866896e-08
601.0 1.4368154635545633e-08
602.0 1.4328895967224376e-08
603.0 1.4289637298903113e-08
604.0 1.4250378630581853e-08
605.0 1.4211119962260593e-08
606.0 1.4172662189065048e-08
607.0 1.4141210085681778e-08
608.0 1.4109757982298508e-08
609.0 1.4078305878915241e-08
610.0 1.404685377553197e-08
611.0 1.4015401672148699e-08
612.0 1.3983949568765434e-08
613.0 1.3952497465382163e-08
614.0 1.3921045361998893e-08
615.0 1.3889593258615623e-08
616.0 1.3858141155232356e-08
617.0 1.3826689051849086e-08
618.0 1.3795236948465814e-08
619.0 1.3763784845082549e-08
620.0 1.3732332741699282e-08
621.0 1.370088063831601e-08
622.0 1.3669428534932736e-08
623.0 1.3637976431549473e-08
624.0 1.3606524328166204e-08
625.0 1.3575072224782929e-08
626.0 1.3543620121399662e-08
627.0 1.3512168018016392e-08
628.0 1.3480715914633128e-08
629.0 1.3449263811249855e-08
630.0 1.3417811707866585e-08
631.0 1.3386359604483314e-08
632.0 1.3354907501100047e-08
633.0 1.3323455397716776e-08
634.0 1.3292003294333507e-08
635.0 1.326055119095024e-08
636.0 1.322909908756697e-08
637.0 1.31976469841837e-08
638.0 1.3166194880800433e-08
639.0 1.3134742777417163e-08
640.0 1.3103290674033894e-08
641.0 1.3071838570650624e-08
642.0 1.3040386467267357e-08
643.0 1.3008934363884087e-08
644.0 1.2977482260500816e-08
645.0 1.2946030157117546e-08
646.0 1.291457805373428e-08
647.0 1.2883125950351009e-08
648.0 1.2851673846967739e-08
649.0 1.2820221743584472e-08
650.0 1.2788769640201202e-08
651.0 1.2757317536817931e-08
652.0 1.2725865433434661e-08
653.0 1.2696928410459164e-08
654.0 1.2671275931518915e-08
655.0 1.2645623452578667e-08
656.0 1.2619970973638426e-08
657.0 1.259431849469818e-08
658.0 1.2568666015757932e-08
659.0 1.2543013536817688e-08
660.0 1.2517361057877442e-08
661.0 1.2491708578937194e-08
662.0 1.246605609999695e-08
663.0 1.2440403621056702e-08
664.0 1.2414751142116459e-08
665.0 1.2389098663176213e-08
666.0 1.2363446184235964e-08
667.0 1.2337793705295723e-08
668.0 1.2312141226355473e-08
669.0 1.2286488747415227e-08
670.0 1.2260836268474984e-08
671.0 1.2235183789534737e-08
672.0 1.220953131059449e-08
673.0 1.2183878831654244e-08
674.0 1.2158226352713998e-08
675.0 1.2132573873773752e-08
676.0 1.2106921394833508e-08
677.0 1.208126891589326e-08
678.0 1.2055616436953012e-08
679.0 1.2029963958012766e-08
680.0 1.2004311479072524e-08
681.0 1.1978659000132278e-08
682.0 1.195300652119203e-08
683.0 1.1927354042251785e-08
684.0 1.1901701563311538e-08
685.0 1.1876049084371293e-08
686.0 1.1850396605431045e-08
687.0 1.1824744126490801e-08
688.0 1.1799091647550555e-08
689.0 1.1773439168610309e-08
690.0 1.1747786689670063e-08
691.0 1.1722134210729818e-08
692.0 1.169648173178957e-08
693.0 1.1670829252849323e-08
694.0 1.1645176773909079e-08
695.0 1.1619524294968834e-08
696.0 1.1593871816028586e-08
697.0 1.1568219337088344e-08
698.0 1.1542566858148094e-08
699.0 1.1516914379207851e-08
700.0 1.1491261900267605e-08
701.0 1.1465609421327356e-08
702.0 1.1439956942387115e-08
703.0 1.1415144354054033e-08
704.0 1.1394429999558179e-08
705.0 1.1373715645062333e-08
706.0 1.1353001290566483e-08
707.0 1.1332286936070634e-08
708.0 1.1311572581574785e-08
709.0 1.1290858227078936e-08
710.0 1.1270143872583083e-08
711.0 1.1249429518087237e-08
712.0 1.1228715163591385e-08
713.0 1.1208000809095538e-08
714.0 1.1187286454599686e-08
715.0 1.1166572100103837e-08
716.0 1.1145857745607988e-08
717.0 1.112514339111214e-08
718.0 1.1104429036616289e-08
719.0 1.108371468212044e-08
720.0 1.1063000327624588e-08
721.0 1.104228597312874e-08
722.0 1.102157161863289e-08
723.0 1.100085726413704e-08
724.0 1.098014290964119e-08
725.0 1.0959428555145342e-08
726.0 1.0938714200649492e-08
727.0 1.0917999846153643e-08
728.0 1.0897285491657794e-08
729.0 1.0876571137161944e-08
730.0 1.0855856782666093e-08
731.0 1.0835142428170244e-08
732.0 1.0814428073674394e-08
733.0 1.0793713719178543e-08
734.0 1.0772999364682693e-08
735.0 1.0752285010186846e-08
736.0 1.0731570655690995e-08
737.0 1.0710856301195147e-08
738.0 1.0690141946699296e-08
739.0 1.0669427592203446e-08
740.0 1.0648713237707598e-08
741.0 1.0627998883211748e-08
742.0 1.06072845287159e-08
743.0 1.0586570174220049e-08
744.0 1.0565855819724198e-08
745.0 1.0545141465228351e-08
746.0 1.0524427110732499e-08
747.0 1.0503712756236649e-08
748.0 1.0482998401740803e-08
749.0 1.0462284047244953e-08
750.0 1.04415696927491e-08
751.0 1.042085533825325e-08
752.0 1.0400140983757401e-08
753.0 1.037942662926155e-08
754.0 1.0358712274765705e-08
755.0 1.0337997920269855e-08
756.0 1.0317283565774004e-08
757.0 1.0296718611939577e-08
758.0 1.0280275612367806e-08
759.0 1.0263832612796034e-08
760.0 1.0247389613224266e-08
761.0 1.0230946613652496e-08
762.0 1.0214503614080723e-08
763.0 1.0198060614508952e-08
764.0 1.0181617614937183e-08
765.0 1.0165174615365414e-08
766.0 1.0148731615793643e-08
767.0 1.0132288616221872e-08
768.0 1.01158456166501e-08
769.0 1.009940261707833e-08
770.0 1.0082959617506558e-08
771.0 1.0066516617934788e-08
772.0 1.0050073618363018e-08
773.0 1.003363061879125e-08
774.0 1.0017187619219477e-08
775.0 1.0000744619647706e-08
776.0 9.984301620075935e-09
777.0 9.967858620504166e-09
778.0 9.951415620932394e-09
779.0 9.934972621360625e-09
780.0 9.918529621788854e-09
781.0 9.902086622217083e-09
782.0 9.885643622645312e-09
783.0 9.869200623073545e-09
784.0 9.85275762350177e-09
785.0 9.836314623930001e-09
786.0 9.81987162435823e-09
787.0 9.80342862478646e-09
788.0 9.786985625214689e-09
789.0 9.770542625642917e-09
790.0 9.754099626071146e-09
791.0 9.737656626499377e-09
792.0 9.721213626927606e-09
793.0 9.704770627355837e-09
794.0 9.688327627784064e-09
795.0 9.671884628212294e-09
796.0 9.655441628640524e-09
797.0 9.638998629068754e-09
798.0 9.622555629496983e-09
799.0 9.606112629925212e-09
800.0 9.589669630353441e-09
801.0 9.573226630781669e-09
802.0 9.5567836312099e-09
803.0 9.54034063163813e-09
804.0 9.523897632066358e-09
805.0 9.50745463249459e-09
806.0 9.491011632922817e-09
807.0 9.474568633351047e-09
808.0 9.458125633779277e-09
809.0 9.441682634207504e-09
810.0 9.425239634635735e-09
811.0 9.408796635063966e-09
812.0 9.392353635492197e-09
813.0 9.375910635920424e-09
814.0 9.359467636348652e-09
815.0 9.343024636776883e-09
816.0 9.328788972894333e-09
817.0 9.315369125834754e-09
818.0 9.301949278775176e-09
819.0 9.288529431715597e-09
820.0 9.275109584656019e-09
821.0 9.261689737596437e-09
822.0 9.248269890536858e-09
823.0 9.234850043477281e-09
824.0 9.221430196417701e-09
825.0 9.208010349358122e-09
826.0 9.194590502298544e-09
827.0 9.181170655238965e-09
828.0 9.167750808179387e-09
829.0 9.154330961119808e-09
830.0 9.140911114060226e-09
831.0 9.127491267000648e-09
832.0 9.11407141994107e-09
833.0 9.100651572881492e-09
834.0 9.087231725821914e-09
835.0 9.073811878762333e-09
836.0 9.060392031702755e-09
837.0 9.046972184643174e-09
838.0 9.033552337583594e-09
839.0 9.020132490524016e-09
840.0 9.006712643464439e-09
841.0 8.99329279640486e-09
842.0 8.979872949345282e-09
843.0 8.966453102285703e-09
844.0 8.953033255226124e-09
845.0 8.939613408166544e-09
846.0 8.926193561106966e-09
847.0 8.912773714047385e-09
848.0 8.899353866987807e-09
849.0 8.885934019928227e-09
850.0 8.87251417286865e-09
851.0 8.859094325809071e-09
852.0 8.845674478749493e-09
853.0 8.832254631689914e-09
854.0 8.818834784630335e-09
855.0 8.805414937570755e-09
856.0 8.791995090511173e-09
857.0 8.778575243451596e-09
858.0 8.765155396392018e-09
859.0 8.751735549332438e-09
860.0 8.73831570227286e-09
861.0 8.724895855213282e-09
862.0 8.711476008153702e-09
863.0 8.698056161094125e-09
864.0 8.684636314034546e-09
865.0 8.671216466974964e-09
866.0 8.657796619915386e-09
867.0 8.644376772855807e-09
868.0 8.630956925796229e-09
869.0 8.617537078736652e-09
870.0 8.604117231677072e-09
871.0 8.590697384617491e-09
872.0 8.577277537557913e-09
873.0 8.563857690498336e-09
874.0 8.550437843438752e-09
875.0 8.537017996379175e-09
876.0 8.523598149319597e-09
877.0 8.51017830226002e-09
878.0 8.496758455200441e-09
879.0 8.485748260323539e-09
880.0 8.474907206463998e-09
881.0 8.464066152604459e-09
882.0 8.45322509874492e-09
883.0 8.44238404488538e-09
884.0 8.431542991025842e-09
885.0 8.420701937166301e-09
886.0 8.409860883306762e-09
887.0 8.399019829447224e-09
888.0 8.388178775587683e-09
889.0 8.377337721728143e-09
890.0 8.366496667868606e-09
891.0 8.355655614009066e-09
892.0 8.344814560149529e-09
893.0 8.333973506289989e-09
894.0 8.32313245243045e-09
895.0 8.312291398570912e-09
896.0 8.301450344711371e-09
897.0 8.29060929085183e-09
898.0 8.279768236992292e-09
899.0 8.268927183132751e-09
900.0 8.258086129273212e-09
901.0 8.247245075413676e-09
902.0 8.236404021554135e-09
903.0 8.225562967694597e-09
904.0 8.214721913835056e-09
905.0 8.203880859975516e-09
906.0 8.193039806115979e-09
907.0 8.182198752256438e-09
908.0 8.1713576983969e-09
909.0 8.160516644537359e-09
910.0 8.14967559067782e-09
911.0 8.138834536818282e-09
912.0 8.127993482958744e-09
913.0 8.117152429099205e-09
914.0 8.106311375239665e-09
915.0 8.095470321380126e-09
916.0 8.084629267520588e-09
917.0 8.073788213661049e-09
918.0 8.06294715980151e-09
919.0 8.052106105941968e-09
920.0 8.041265052082429e-09
921.0 8.03042399822289e-09
922.0 8.01958294436335e-09
923.0 8.008741890503812e-09
924.0 7.997900836644271e-09
925.0 7.987059782784733e-09
926.0 7.976218728925194e-09
927.0 7.965377675065655e-09
928.0 7.954536621206115e-09
929.0 7.943695567346576e-09
930.0 7.932854513487037e-09
931.0 7.922013459627497e-09
932.0 7.911172405767958e-09
933.0 7.900331351908418e-09
934.0 7.889490298048882e-09
935.0 7.878649244189341e-09
936.0 7.867808190329802e-09
937.0 7.856967136470262e-09
938.0 7.846126082610723e-09
939.0 7.835285028751187e-09
940.0 7.824443974891646e-09
941.0 7.813602921032107e-09
942.0 7.802761867172567e-09
943.0 7.791920813313026e-09
944.0 7.781079759453487e-09
945.0 7.770238705593949e-09
946.0 7.76005053580361e-09
947.0 7.751372284155189e-09
948.0 7.742694032506766e-09
949.0 7.734015780858343e-09
950.0 7.725337529209918e-09
951.0 7.716659277561495e-09
952.0 7.707981025913073e-09
953.0 7.69930277426465e-09
954.0 7.690624522616228e-09
955.0 7.681946270967802e-09
956.0 7.673268019319382e-09
957.0 7.664589767670957e-09
958.0 7.655911516022534e-09
959.0 7.647233264374109e-09
960.0 7.638555012725686e-09
961.0 7.629876761077264e-09
962.0 7.62119850942884e-09
963.0 7.61252025778042e-09
964.0 7.603842006131993e-09
965.0 7.595163754483573e-09
966.0 7.586485502835148e-09
967.0 7.577807251186725e-09
968.0 7.569128999538304e-09
969.0 7.560450747889877e-09
970.0 7.551772496241457e-09
971.0 7.543094244593031e-09
972.0 7.53441599294461e-09
973.0 7.525737741296183e-09
974.0 7.517059489647763e-09
975.0 7.50838123799934e-09
976.0 7.499702986350917e-09
977.0 7.491024734702493e-09
978.0 7.482346483054069e-09
979.0 7.473668231405647e-09
980.0 7.464989979757224e-09
981.0 7.4563117281088e-09
982.0 7.447633476460377e-09
983.0 7.4389552248119536e-09
984.0 7.430276973163529e-09
985.0 7.421598721515107e-09
986.0 7.412920469866683e-09
987.0 7.404242218218259e-09
988.0 7.3955639665698385e-09
989.0 7.386885714921416e-09
990.0 7.378207463272992e-09
991.0 7.369529211624569e-09
992.0 7.360850959976145e-09
993.0 7.352172708327722e-09
994.0 7.3434944566793e-09
995.0 7.3348162050308746e-09
996.0 7.326137953382452e-09
997.0 7.3174597017340266e-09
998.0 7.308781450085606e-09
999.0 7.3001031984371835e-09
1000.0 7.2914249467887595e-09
1001.0 7.2827466951403355e-09
1002.0 7.2740684434919115e-09
1003.0 7.265390191843492e-09
1004.0 7.256711940195068e-09
1005.0 7.248033688546644e-09
1006.0 7.23935543689822e-09
1007.0 7.230677185249797e-09
1008.0 7.221998933601373e-09
1009.0 7.213320681952951e-09
1010.0 7.204642430304527e-09
1011.0 7.195964178656103e-09
1012.0 7.187285927007681e-09
1013.0 7.178607675359257e-09
1014.0 7.169929423710835e-09
1015.0 7.161251172062411e-09
1016.0 7.152572920413989e-09
1017.0 7.143894668765565e-09
1018.0 7.135216417117143e-09
1019.0 7.1272673637121944e-09
1020.0 7.120174438489078e-09
1021.0 7.113081513265964e-09
1022.0 7.105988588042847e-09
1023.0 7.0988956628197306e-09
1024.0 7.091802737596613e-09
1025.0 7.084709812373498e-09
1026.0 7.077616887150383e-09
1027.0 7.070523961927267e-09
1028.0 7.063431036704149e-09
1029.0 7.056338111481032e-09
1030.0 7.049245186257916e-09
1031.0 7.0421522610347995e-09
1032.0 7.0350593358116825e-09
1033.0 7.027966410588565e-09
1034.0 7.020873485365449e-09
1035.0 7.013780560142334e-09
1036.0 7.006687634919217e-09
1037.0 6.999594709696101e-09
1038.0 6.992501784472984e-09
1039.0 6.985408859249869e-09
1040.0 6.9783159340267514e-09
1041.0 6.971223008803635e-09
1042.0 6.964130083580518e-09
1043.0 6.957037158357404e-09
1044.0 6.9499442331342875e-09
1045.0 6.942851307911171e-09
1046.0 6.935758382688055e-09
1047.0 6.92866545746494e-09
1048.0 6.921572532241824e-09
1049.0 6.914479607018705e-09
1050.0 6.907386681795589e-09
1051.0 6.900293756572473e-09
1052.0 6.893200831349358e-09
1053.0 6.8861079061262395e-09
1054.0 6.879014980903123e-09
1055.0 6.871922055680007e-09
1056.0 6.864829130456892e-09
1057.0 6.857736205233774e-09
1058.0 6.850643280010658e-09
1059.0 6.8435503547875424e-09
1060.0 6.836457429564425e-09
1061.0 6.8293645043413084e-09
1062.0 6.822271579118191e-09
1063.0 6.8151786538950736e-09
1064.0 6.808085728671961e-09
1065.0 6.800992803448843e-09
1066.0 6.7938998782257275e-09
1067.0 6.786806953002611e-09
1068.0 6.779714027779495e-09
1069.0 6.772621102556379e-09
1070.0 6.765528177333262e-09
1071.0 6.758435252110146e-09
1072.0 6.751342326887031e-09
1073.0 6.744249401663915e-09
1074.0 6.737156476440798e-09
1075.0 6.73006355121768e-09
1076.0 6.722970625994565e-09
1077.0 6.715877700771449e-09
1078.0 6.708784775548331e-09
1079.0 6.701691850325214e-09
1080.0 6.694598925102098e-09
1081.0 6.6875059998789816e-09
1082.0 6.680413074655867e-09
1083.0 6.673320149432748e-09
1084.0 6.666227224209632e-09
1085.0 6.659134298986518e-09
1086.0 6.652041373763401e-09
1087.0 6.6449484485402845e-09
1088.0 6.637855523317168e-09
1089.0 6.630762598094051e-09
1090.0 6.623669672870935e-09
1091.0 6.616576747647819e-09
1092.0 6.609483822424703e-09
1093.0 6.602390897201587e-09
1094.0 6.595297971978471e-09
1095.0 6.5882050467553535e-09
1096.0 6.581112121532237e-09
1097.0 6.574028906820398e-09
1098.0 6.568238411654268e-09
1099.0 6.56244791648814e-09
1100.0 6.556657421322008e-09
1101.0 6.550866926155879e-09
1102.0 6.545076430989749e-09
1103.0 6.539285935823619e-09
1104.0 6.5334954406574884e-09
1105.0 6.527704945491359e-09
1106.0 6.521914450325227e-09
1107.0 6.516123955159099e-09
1108.0 6.510333459992969e-09
1109.0 6.504542964826838e-09
1110.0 6.49875246966071e-09
1111.0 6.492961974494578e-09
1112.0 6.4871714793284485e-09
1113.0 6.48138098416232e-09
1114.0 6.475590488996189e-09
1115.0 6.469799993830061e-09
1116.0 6.464009498663928e-09
1117.0 6.458219003497798e-09
1118.0 6.452428508331667e-09
1119.0 6.4466380131655375e-09
1120.0 6.4408475179994085e-09
1121.0 6.435057022833279e-09
1122.0 6.429266527667149e-09
1123.0 6.423476032501018e-09
1124.0 6.4176855373348886e-09
1125.0 6.411895042168757e-09
1126.0 6.40610454700263e-09
1127.0 6.400314051836499e-09
1128.0 6.394523556670369e-09
1129.0 6.388733061504238e-09
1130.0 6.3829425663381065e-09
1131.0 6.377152071171979e-09
1132.0 6.3713615760058494e-09
1133.0 6.365571080839719e-09
1134.0 6.35978058567359e-09
1135.0 6.353990090507458e-09
1136.0 6.348199595341326e-09
1137.0 6.3424091001752e-09
1138.0 6.33661860500907e-09
1139.0 6.3308281098429385e-09
1140.0 6.325037614676809e-09
1141.0 6.319247119510679e-09
1142.0 6.3134566243445475e-09
1143.0 6.307666129178418e-09
1144.0 6.301875634012288e-09
1145.0 6.296085138846158e-09
1146.0 6.290294643680028e-09
1147.0 6.2845041485138985e-09
1148.0 6.278713653347768e-09
1149.0 6.272923158181639e-09
1150.0 6.267132663015508e-09
1151.0 6.2613421678493785e-09
1152.0 6.255551672683247e-09
1153.0 6.249761177517117e-09
1154.0 6.2439706823509875e-09
1155.0 6.2381801871848586e-09
1156.0 6.232389692018729e-09
1157.0 6.226599196852597e-09
1158.0 6.220808701686469e-09
1159.0 6.215018206520337e-09
1160.0 6.209227711354207e-09
1161.0 6.203437216188079e-09
1162.0 6.197646721021948e-09
1163.0 6.191856225855818e-09
1164.0 6.186065730689688e-09
1165.0 6.180275235523558e-09
1166.0 6.174484740357429e-09
1167.0 6.168694245191298e-09
1168.0 6.16290375002517e-09
1169.0 6.157113254859038e-09
1170.0 6.151322759692908e-09
1171.0 6.145532264526779e-09
1172.0 6.139741769360648e-09
1173.0 6.1339512741945175e-09
1174.0 6.1281607790283885e-09
1175.0 6.122370283862258e-09
1176.0 6.116579788696128e-09
1177.0 6.110789293529998e-09
1178.0 6.1049987983638685e-09
1179.0 6.099208303197738e-09
1180.0 6.093417808031609e-09
1181.0 6.087627312865478e-09
1182.0 6.082392480588115e-09
1183.0 6.0776868818579615e-09
1184.0 6.072981283127808e-09
1185.0 6.068275684397654e-09
1186.0 6.0635700856675e-09
1187.0 6.0588644869373454e-09
1188.0 6.054158888207193e-09
1189.0 6.049453289477037e-09
1190.0 6.044747690746884e-09
1191.0 6.04004209201673e-09
1192.0 6.035336493286575e-09
1193.0 6.030630894556421e-09
1194.0 6.025925295826268e-09
1195.0 6.021219697096114e-09
1196.0 6.01651409836596e-09
1197.0 6.011808499635806e-09
1198.0 6.007102900905653e-09
1199.0 6.002397302175499e-09
1200.0 5.997691703445346e-09
1201.0 5.99298610471519e-09
1202.0 5.988280505985035e-09
1203.0 5.983574907254883e-09
1204.0 5.978869308524729e-09
1205.0 5.974163709794575e-09
1206.0 5.96945811106442e-09
1207.0 5.964752512334266e-09
1208.0 5.960046913604111e-09
1209.0 5.955341314873958e-09
1210.0 5.950635716143804e-09
1211.0 5.94593011741365e-09
1212.0 5.941224518683497e-09
1213.0 5.936518919953343e-09
1214.0 5.931813321223189e-09
1215.0 5.927107722493034e-09
1216.0 5.92240212376288e-09
1217.0 5.917696525032726e-09
1218.0 5.912990926302571e-09
1219.0 5.908285327572418e-09
1220.0 5.903579728842263e-09
1221.0 5.8988741301121114e-09
1222.0 5.8941685313819566e-09
1223.0 5.8894629326518026e-09
1224.0 5.8847573339216486e-09
1225.0 5.880051735191495e-09
1226.0 5.87534613646134e-09
1227.0 5.870640537731186e-09
1228.0 5.8659349390010325e-09
1229.0 5.861229340270878e-09
1230.0 5.8565237415407245e-09
1231.0 5.85181814281057e-09
1232.0 5.8471125440804164e-09
1233.0 5.8424069453502624e-09
1234.0 5.837701346620107e-09
1235.0 5.832995747889955e-09
1236.0 5.828290149159801e-09
1237.0 5.823584550429647e-09
1238.0 5.818878951699492e-09
1239.0 5.814173352969338e-09
1240.0 5.809467754239184e-09
1241.0 5.8047621555090295e-09
1242.0 5.800056556778876e-09
1243.0 5.795350958048723e-09
1244.0 5.790645359318567e-09
1245.0 5.785939760588415e-09
1246.0 5.781234161858261e-09
1247.0 5.776528563128107e-09
1248.0 5.771822964397952e-09
1249.0 5.767117365667799e-09
1250.0 5.762411766937644e-09
1251.0 5.757706168207491e-09
1252.0 5.753000569477338e-09
1253.0 5.748294970747183e-09
1254.0 5.743589372017028e-09
1255.0 5.738883773286875e-09
1256.0 5.734178174556721e-09
1257.0 5.729472575826567e-09
1258.0 5.724766977096412e-09
1259.0 5.720061378366259e-09
1260.0 5.715355779636105e-09
1261.0 5.710650180905951e-09
1262.0 5.705944582175797e-09
1263.0 5.701238983445642e-09
1264.0 5.696533384715488e-09
1265.0 5.691827785985335e-09
1266.0 5.687122187255181e-09
1267.0 5.682416588525027e-09
1268.0 5.677710989794872e-09
1269.0 5.6730053910647196e-09
1270.0 5.668299792334565e-09
1271.0 5.66359419360441e-09
1272.0 5.658888594874257e-09
1273.0 5.654596224595938e-09
1274.0 5.650702946361883e-09
1275.0 5.6468096681278275e-09
1276.0 5.642916389893774e-09
1277.0 5.6390231116597195e-09
1278.0 5.635129833425664e-09
1279.0 5.631236555191608e-09
1280.0 5.627343276957555e-09
1281.0 5.6234499987234995e-09
1282.0 5.619556720489445e-09
1283.0 5.615663442255389e-09
1284.0 5.611770164021335e-09
1285.0 5.60787688578728e-09
1286.0 5.603983607553226e-09
1287.0 5.60009032931917e-09
1288.0 5.5961970510851154e-09
1289.0 5.59230377285106e-09
1290.0 5.588410494617007e-09
1291.0 5.584517216382951e-09
1292.0 5.580623938148895e-09
1293.0 5.576730659914842e-09
1294.0 5.5728373816807874e-09
1295.0 5.568944103446732e-09
1296.0 5.565050825212677e-09
1297.0 5.561157546978622e-09
1298.0 5.557264268744568e-09
1299.0 5.553370990510514e-09
1300.0 5.549477712276459e-09
1301.0 5.5455844340424026e-09
1302.0 5.541691155808349e-09
1303.0 5.537797877574295e-09
1304.0 5.533904599340239e-09
1305.0 5.530011321106185e-09
1306.0 5.526118042872129e-09
1307.0 5.522224764638075e-09
1308.0 5.518331486404019e-09
1309.0 5.514438208169965e-09
1310.0 5.5105449299359106e-09
1311.0 5.506651651701855e-09
1312.0 5.502758373467801e-09
1313.0 5.498865095233746e-09
1314.0 5.494971816999692e-09
1315.0 5.491078538765635e-09
1316.0 5.487185260531581e-09
1317.0 5.483291982297527e-09
1318.0 5.479398704063473e-09
1319.0 5.475505425829417e-09
1320.0 5.471612147595362e-09
1321.0 5.467718869361308e-09
1322.0 5.463825591127254e-09
1323.0 5.459932312893199e-09
1324.0 5.456039034659143e-09
1325.0 5.452145756425089e-09
1326.0 5.448252478191034e-09
1327.0 5.44435919995698e-09
1328.0 5.440465921722925e-09
1329.0 5.43657264348887e-09
1330.0 5.4326793652548145e-09
1331.0 5.42878608702076e-09
1332.0 5.424892808786705e-09
1333.0 5.42099953055265e-09
1334.0 5.417106252318595e-09
1335.0 5.413212974084542e-09
1336.0 5.4093196958504865e-09
1337.0 5.4054264176164305e-09
1338.0 5.401533139382376e-09
1339.0 5.397639861148322e-09
1340.0 5.3937465829142665e-09
1341.0 5.389853304680212e-09
1342.0 5.385960026446158e-09
1343.0 5.3820667482121025e-09
1344.0 5.378173469978047e-09
1345.0 5.374280191743994e-09
1346.0 5.370386913509939e-09
1347.0 5.366493635275883e-09
1348.0 5.362600357041828e-09
1349.0 5.358707078807773e-09
1350.0 5.354813800573719e-09
1351.0 5.350920522339665e-09
1352.0 5.347027244105609e-09
1353.0 5.343133965871555e-09
1354.0 5.339240687637499e-09
1355.0 5.335347409403446e-09
1356.0 5.3314541311693904e-09
1357.0 5.327560852935335e-09
1358.0 5.323667574701282e-09
1359.0 5.3197742964672264e-09
1360.0 5.31588101823317e-09
1361.0 5.311987739999116e-09
1362.0 5.308094461765062e-09
1363.0 5.304201183531008e-09
1364.0 5.300307905296951e-09
1365.0 5.296414627062898e-09
1366.0 5.292521348828842e-09
1367.0 5.288628070594788e-09
1368.0 5.284734792360734e-09
1369.0 5.280841514126678e-09
1370.0 5.276948235892622e-09
1371.0 5.273366974490013e-09
1372.0 5.270103109293303e-09
1373.0 5.266839244096593e-09
1374.0 5.263575378899882e-09
1375.0 5.260311513703173e-09
1376.0 5.257047648506463e-09
1377.0 5.253783783309754e-09
1378.0 5.2505199181130445e-09
1379.0 5.247256052916336e-09
1380.0 5.243992187719625e-09
1381.0 5.240728322522915e-09
1382.0 5.2374644573262055e-09
1383.0 5.234200592129496e-09
1384.0 5.230936726932786e-09
1385.0 5.227672861736076e-09
1386.0 5.224408996539367e-09
1387.0 5.221145131342658e-09
1388.0 5.217881266145948e-09
1389.0 5.214617400949238e-09
1390.0 5.211353535752527e-09
1391.0 5.208089670555818e-09
1392.0 5.204825805359108e-09
1393.0 5.201561940162399e-09
1394.0 5.198298074965688e-09
1395.0 5.195034209768978e-09
1396.0 5.191770344572269e-09
1397.0 5.188506479375559e-09
1398.0 5.1852426141788495e-09
1399.0 5.18197874898214e-09
1400.0 5.178714883785429e-09
1401.0 5.175451018588719e-09
1402.0 5.1721871533920105e-09
1403.0 5.1689232881953015e-09
1404.0 5.165659422998592e-09
1405.0 5.16239555780188e-09
1406.0 5.1591316926051715e-09
1407.0 5.155867827408462e-09
1408.0 5.152603962211753e-09
1409.0 5.149340097015042e-09
1410.0 5.146076231818332e-09
1411.0 5.142812366621623e-09
1412.0 5.139548501424912e-09
1413.0 5.136284636228203e-09
1414.0 5.1330207710314934e-09
1415.0 5.1297569058347845e-09
1416.0 5.126493040638074e-09
1417.0 5.123229175441364e-09
1418.0 5.119965310244654e-09
1419.0 5.116701445047944e-09
1420.0 5.113437579851234e-09
1421.0 5.110173714654524e-09
1422.0 5.1069098494578154e-09
1423.0 5.103645984261106e-09
1424.0 5.100382119064396e-09
1425.0 5.097118253867685e-09
1426.0 5.093854388670976e-09
1427.0 5.090590523474266e-09
1428.0 5.087326658277557e-09
1429.0 5.084062793080847e-09
1430.0 5.080798927884138e-09
1431.0 5.077535062687428e-09
1432.0 5.074271197490718e-09
1433.0 5.071007332294009e-09
1434.0 5.0677434670972976e-09
1435.0 5.06447960190059e-09
1436.0 5.061215736703879e-09
1437.0 5.057951871507169e-09
1438.0 5.05468800631046e-09
1439.0 5.05142414111375e-09
1440.0 5.048160275917038e-09
1441.0 5.04489641072033e-09
1442.0 5.041632545523619e-09
1443.0 5.038368680326911e-09
1444.0 5.035104815130201e-09
1445.0 5.03184094993349e-09
1446.0 5.0285770847367805e-09
1447.0 5.025313219540072e-09
1448.0 5.022049354343362e-09
1449.0 5.018785489146652e-09
1450.0 5.015521623949942e-09
1451.0 5.012257758753233e-09
1452.0 5.008993893556522e-09
1453.0 5.0057300283598114e-09
1454.0 5.0024661631631025e-09
1455.0 4.999202297966392e-09
1456.0 4.995938432769685e-09
1457.0 4.992674567572973e-09
1458.0 4.989410702376264e-09
1459.0 4.986146837179555e-09
1460.0 4.982882971982845e-09
1461.0 4.979619106786136e-09
1462.0 4.976355241589425e-09
1463.0 4.973091376392715e-09
1464.0 4.969827511196005e-09
1465.0 4.966563645999295e-09
1466.0 4.963299780802585e-09
1467.0 4.960035915605876e-09
1468.0 4.956772050409166e-09
1469.0 4.953508185212457e-09
1470.0 4.950244320015747e-09
1471.0 4.946980454819037e-09
1472.0 4.943716589622327e-09
1473.0 4.940452724425617e-09
1474.0 4.937188859228908e-09
1475.0 4.9339249940321986e-09
1476.0 4.930661128835489e-09
1477.0 4.927903004158238e-09
1478.0 4.925180991712302e-09
1479.0 4.9224589792663665e-09
1480.0 4.919736966820434e-09
1481.0 4.917014954374499e-09
1482.0 4.9142929419285644e-09
1483.0 4.9115709294826296e-09
1484.0 4.908848917036695e-09
1485.0 4.906126904590761e-09
1486.0 4.903404892144826e-09
1487.0 4.900682879698892e-09
1488.0 4.897960867252956e-09
1489.0 4.895238854807022e-09
1490.0 4.892516842361088e-09
1491.0 4.8897948299151525e-09
1492.0 4.8870728174692185e-09
1493.0 4.884350805023284e-09
1494.0 4.881628792577349e-09
1495.0 4.878906780131415e-09
1496.0 4.876184767685479e-09
1497.0 4.873462755239546e-09
1498.0 4.87074074279361e-09
1499.0 4.868018730347677e-09
1500.0 4.865296717901742e-09
1501.0 4.862574705455807e-09
1502.0 4.8598526930098726e-09
1503.0 4.8571306805639385e-09
1504.0 4.854408668118004e-09
1505.0 4.851686655672069e-09
1506.0 4.848964643226134e-09
1507.0 4.846242630780198e-09
1508.0 4.843520618334265e-09
1509.0 4.84079860588833e-09
1510.0 4.8380765934423955e-09
1511.0 4.8353545809964615e-09
1512.0 4.832632568550526e-09
1513.0 4.829910556104592e-09
1514.0 4.827188543658658e-09
1515.0 4.824466531212723e-09
1516.0 4.821744518766788e-09
1517.0 4.819022506320854e-09
1518.0 4.816300493874918e-09
1519.0 4.813578481428985e-09
1520.0 4.81085646898305e-09
1521.0 4.8081344565371155e-09
1522.0 4.805412444091181e-09
1523.0 4.802690431645246e-09
1524.0 4.799968419199313e-09
1525.0 4.797246406753377e-09
1526.0 4.794524394307441e-09
1527.0 4.791802381861508e-09
1528.0 4.789080369415573e-09
1529.0 4.786358356969638e-09
1530.0 4.783636344523705e-09
1531.0 4.78091433207777e-09
1532.0 4.778192319631835e-09
1533.0 4.7754703071859e-09
1534.0 4.772748294739965e-09
1535.0 4.770026282294032e-09
1536.0 4.767304269848097e-09
1537.0 4.764582257402162e-09
1538.0 4.761860244956227e-09
1539.0 4.759138232510293e-09
1540.0 4.756416220064358e-09
1541.0 4.753694207618424e-09
1542.0 4.750972195172489e-09
1543.0 4.748250182726554e-09
1544.0 4.745528170280621e-09
1545.0 4.742806157834685e-09
1546.0 4.74008414538875e-09
1547.0 4.737362132942816e-09
1548.0 4.734640120496881e-09
1549.0 4.7319181080509466e-09
1550.0 4.7291960956050126e-09
1551.0 4.726474083159077e-09
1552.0 4.723752070713143e-09
1553.0 4.721030058267207e-09
1554.0 4.718308045821275e-09
1555.0 4.71558603337534e-09
1556.0 4.712864020929404e-09
1557.0 4.71014200848347e-09
1558.0 4.707419996037535e-09
1559.0 4.7046979835916015e-09
1560.0 4.701975971145667e-09
1561.0 4.699253958699731e-09
1562.0 4.696531946253798e-09
1563.0 4.693809933807863e-09
1564.0 4.691087921361928e-09
1565.0 4.688365908915993e-09
1566.0 4.685643896470059e-09
1567.0 4.682921884024124e-09
1568.0 4.680199871578189e-09
1569.0 4.677477859132255e-09
1570.0 4.67475584668632e-09
1571.0 4.672033834240387e-09
1572.0 4.669311821794452e-09
1573.0 4.666589809348516e-09
1574.0 4.663867796902582e-09
1575.0 4.661145784456648e-09
1576.0 4.658423772010714e-09
1577.0 4.655701759564779e-09
1578.0 4.652979747118844e-09
1579.0 4.65025773467291e-09
1580.0 4.647535722226975e-09
1581.0 4.644813709781041e-09
1582.0 4.642091697335106e-09
1583.0 4.63936968488917e-09
1584.0 4.636647672443235e-09
1585.0 4.633925659997302e-09
1586.0 4.631203647551367e-09
1587.0 4.6284816351054325e-09
1588.0 4.625759622659499e-09
1589.0 4.623037610213564e-09
1590.0 4.62041199628689e-09
1591.0 4.6180914849146805e-09
1592.0 4.615770973542473e-09
1593.0 4.613450462170264e-09
1594.0 4.611129950798055e-09
1595.0 4.608809439425847e-09
1596.0 4.606488928053639e-09
1597.0 4.604168416681431e-09
1598.0 4.6018479053092215e-09
1599.0 4.599527393937013e-09
1600.0 4.597206882564804e-09
1601.0 4.594886371192597e-09
1602.0 4.592565859820388e-09
1603.0 4.590245348448179e-09
1604.0 4.587924837075971e-09
1605.0 4.5856043257037625e-09
1606.0 4.583283814331555e-09
1607.0 4.580963302959346e-09
1608.0 4.578642791587137e-09
1609.0 4.576322280214929e-09
1610.0 4.574001768842721e-09
1611.0 4.571681257470511e-09
1612.0 4.569360746098302e-09
1613.0 4.567040234726095e-09
1614.0 4.564719723353886e-09
1615.0 4.562399211981678e-09
1616.0 4.56007870060947e-09
1617.0 4.55775818923726e-09
1618.0 4.555437677865052e-09
1619.0 4.553117166492844e-09
1620.0 4.5507966551206345e-09
1621.0 4.548476143748427e-09
1622.0 4.546155632376217e-09
1623.0 4.543835121004008e-09
1624.0 4.541514609631802e-09
1625.0 4.539194098259592e-09
1626.0 4.536873586887383e-09
1627.0 4.534553075515177e-09
1628.0 4.532232564142966e-09
1629.0 4.529912052770758e-09
1630.0 4.5275915413985506e-09
1631.0 4.5252710300263414e-09
1632.0 4.522950518654133e-09
1633.0 4.520630007281925e-09
1634.0 4.518309495909715e-09
1635.0 4.515988984537506e-09
1636.0 4.513668473165299e-09
1637.0 4.51134796179309e-09
1638.0 4.509027450420883e-09
1639.0 4.506706939048674e-09
1640.0 4.504386427676465e-09
1641.0 4.502065916304257e-09
1642.0 4.499745404932048e-09
1643.0 4.49742489355984e-09
1644.0 4.49510438218763e-09
1645.0 4.492783870815423e-09
1646.0 4.490463359443215e-09
1647.0 4.488142848071006e-09
1648.0 4.485822336698796e-09
1649.0 4.483501825326589e-09
1650.0 4.481181313954381e-09
1651.0 4.478860802582172e-09
1652.0 4.476540291209964e-09
1653.0 4.4742197798377545e-09
1654.0 4.471899268465546e-09
1655.0 4.469578757093338e-09
1656.0 4.4672582457211295e-09
1657.0 4.46493773434892e-09
1658.0 4.462617222976712e-09
1659.0 4.460296711604505e-09
1660.0 4.4579762002322955e-09
1661.0 4.455655688860087e-09
1662.0 4.453335177487878e-09
1663.0 4.45101466611567e-09
1664.0 4.4486941547434606e-09
1665.0 4.446373643371253e-09
1666.0 4.444053131999044e-09
1667.0 4.441732620626836e-09
1668.0 4.439412109254627e-09
1669.0 4.437091597882419e-09
1670.0 4.434771086510209e-09
1671.0 4.4324505751380015e-09
1672.0 4.430130063765793e-09
1673.0 4.427809552393584e-09
1674.0 4.425489041021376e-09
1675.0 4.423168529649168e-09
1676.0 4.420848018276958e-09
1677.0 4.418527506904751e-09
1678.0 4.416206995532542e-09
1679.0 4.413886484160333e-09
1680.0 4.411565972788125e-09
1681.0 4.409245461415917e-09
1682.0 4.406924950043708e-09
1683.0 4.404604438671499e-09
1684.0 4.402283927299292e-09
1685.0 4.399963415927082e-09
1686.0 4.3976429045548736e-09
1687.0 4.395322393182666e-09
1688.0 4.393001881810457e-09
1689.0 4.390681370438249e-09
1690.0 4.388360859066041e-09
1691.0 4.386040347693831e-09
1692.0 4.383719836321623e-09
1693.0 4.381399324949415e-09
1694.0 4.379078813577206e-09
1695.0 4.376758302204997e-09
1696.0 4.37443779083279e-09
1697.0 4.3721172794605805e-09
1698.0 4.369796768088373e-09
1699.0 4.367476256716163e-09
1700.0 4.365155745343955e-09
1701.0 4.3628352339717464e-09
1702.0 4.360514722599538e-09
1703.0 4.358194211227329e-09
1704.0 4.3558736998551215e-09
1705.0 4.353553188482912e-09
1706.0 4.351232677110703e-09
1707.0 4.348912165738496e-09
1708.0 4.3465916543662874e-09
1709.0 4.344271142994078e-09
1710.0 4.34195063162187e-09
1711.0 4.339630120249661e-09
1712.0 4.337309608877454e-09
1713.0 4.335236881331236e-09
1714.0 4.333230150322159e-09
1715.0 4.331223419313081e-09
1716.0 4.3292166883040035e-09
1717.0 4.327209957294926e-09
1718.0 4.325203226285848e-09
1719.0 4.3231964952767704e-09
1720.0 4.321189764267692e-09
1721.0 4.319183033258615e-09
1722.0 4.317176302249538e-09
1723.0 4.315169571240461e-09
1724.0 4.313162840231384e-09
1725.0 4.311156109222308e-09
1726.0 4.3091493782132285e-09
1727.0 4.3071426472041495e-09
1728.0 4.305135916195073e-09
1729.0 4.303129185185995e-09
1730.0 4.301122454176916e-09
1731.0 4.29911572316784e-09
1732.0 4.2971089921587624e-09
1733.0 4.295102261149684e-09
1734.0 4.293095530140607e-09
1735.0 4.2910887991315285e-09
1736.0 4.289082068122451e-09
1737.0 4.287075337113373e-09
1738.0 4.285068606104296e-09
1739.0 4.283061875095219e-09
1740.0 4.281055144086141e-09
1741.0 4.279048413077063e-09
1742.0 4.277041682067986e-09
1743.0 4.275034951058908e-09
1744.0 4.273028220049829e-09
1745.0 4.271021489040752e-09
1746.0 4.2690147580316745e-09
1747.0 4.267008027022596e-09
1748.0 4.2650012960135206e-09
1749.0 4.262994565004442e-09
1750.0 4.260987833995366e-09
1751.0 4.258981102986287e-09
1752.0 4.256974371977209e-09
1753.0 4.254967640968133e-09
1754.0 4.252960909959055e-09
1755.0 4.250954178949977e-09
1756.0 4.2489474479409e-09
1757.0 4.246940716931822e-09
1758.0 4.244933985922743e-09
1759.0 4.2429272549136666e-09
1760.0 4.2409205239045875e-09
1761.0 4.23891379289551e-09
1762.0 4.2369070618864335e-09
1763.0 4.234900330877355e-09
1764.0 4.232893599868278e-09
1765.0 4.230886868859201e-09
1766.0 4.228880137850123e-09
1767.0 4.226873406841046e-09
1768.0 4.2248666758319666e-09
1769.0 4.222859944822891e-09
1770.0 4.2208532138138126e-09
1771.0 4.218846482804735e-09
1772.0 4.216839751795658e-09
1773.0 4.2148330207865795e-09
1774.0 4.212826289777502e-09
1775.0 4.210819558768423e-09
1776.0 4.2088128277593465e-09
1777.0 4.20680609675027e-09
1778.0 4.204799365741191e-09
1779.0 4.202792634732114e-09
1780.0 4.200785903723036e-09
1781.0 4.1987791727139586e-09
1782.0 4.196772441704881e-09
1783.0 4.194765710695804e-09
1784.0 4.1927589796867255e-09
1785.0 4.190752248677648e-09
1786.0 4.1887455176685715e-09
1787.0 4.186738786659492e-09
1788.0 4.184732055650415e-09
1789.0 4.1827253246413385e-09
1790.0 4.18071859363226e-09
1791.0 4.178711862623182e-09
1792.0 4.176705131614104e-09
1793.0 4.174698400605028e-09
1794.0 4.172691669595949e-09
1795.0 4.170684938586872e-09
1796.0 4.168678207577794e-09
1797.0 4.166671476568717e-09
1798.0 4.16466474555964e-09
1799.0 4.162658014550561e-09
1800.0 4.1606512835414845e-09
1801.0 4.158644552532406e-09
1802.0 4.156637821523328e-09
1803.0 4.154631090514251e-09
1804.0 4.152624359505173e-09
1805.0 4.150617628496096e-09
1806.0 4.148610897487018e-09
1807.0 4.146604166477941e-09
1808.0 4.144597435468862e-09
1809.0 4.1425907044597845e-09
1810.0 4.140583973450709e-09
1811.0 4.1385772424416305e-09
1812.0 4.136570511432553e-09
1813.0 4.134563780423475e-09
1814.0 4.1325570494143974e-09
1815.0 4.13055031840532e-09
1816.0 4.12854358739624e-09
1817.0 4.126536856387165e-09
1818.0 4.124530125378086e-09
1819.0 4.122523394369009e-09
1820.0 4.120516663359932e-09
1821.0 4.118509932350854e-09
1822.0 4.1165032013417765e-09
1823.0 4.114496470332698e-09
1824.0 4.1124897393236225e-09
1825.0 4.1104830083145434e-09
1826.0 4.108476277305466e-09
1827.0 4.106469546296388e-09
1828.0 4.104462815287311e-09
1829.0 4.102456084278234e-09
1830.0 4.100449353269155e-09
1831.0 4.098442622260077e-09
1832.0 4.096435891251001e-09
1833.0 4.094429160241922e-09
1834.0 4.092422429232846e-09
1835.0 4.090415698223768e-09
1836.0 4.0884089672146894e-09
1837.0 4.086402236205611e-09
1838.0 4.084395505196535e-09
1839.0 4.082388774187457e-09
1840.0 4.08038204317838e-09
1841.0 4.078375312169302e-09
1842.0 4.076368581160225e-09
1843.0 4.074361850151147e-09
1844.0 4.072355119142069e-09
1845.0 4.070587333977938e-09
1846.0 4.0688438836301765e-09
1847.0 4.067100433282415e-09
1848.0 4.065356982934653e-09
1849.0 4.063613532586892e-09
1850.0 4.061870082239129e-09
1851.0 4.060126631891367e-09
1852.0 4.058383181543607e-09
1853.0 4.056639731195845e-09
1854.0 4.054896280848083e-09
1855.0 4.05315283050032e-09
1856.0 4.051409380152558e-09
1857.0 4.049665929804796e-09
1858.0 4.047922479457036e-09
1859.0 4.0461790291092735e-09
1860.0 4.044435578761512e-09
1861.0 4.0426921284137505e-09
1862.0 4.040948678065987e-09
1863.0 4.0392052277182275e-09
1864.0 4.037461777370464e-09
1865.0 4.035718327022703e-09
1866.0 4.0339748766749404e-09
1867.0 4.032231426327179e-09
1868.0 4.0304879759794166e-09
1869.0 4.028744525631656e-09
1870.0 4.027001075283894e-09
1871.0 4.025257624936131e-09
1872.0 4.023514174588371e-09
1873.0 4.021770724240608e-09
1874.0 4.0200272738928475e-09
1875.0 4.018283823545085e-09
1876.0 4.016540373197324e-09
1877.0 4.014796922849562e-09
1878.0 4.0130534725018e-09
1879.0 4.011310022154038e-09
1880.0 4.009566571806276e-09
1881.0 4.007823121458514e-09
1882.0 4.006079671110752e-09
1883.0 4.00433622076299e-09
1884.0 4.002592770415229e-09
1885.0 4.000849320067468e-09
1886.0 3.999105869719706e-09
1887.0 3.997362419371943e-09
1888.0 3.995618969024181e-09
1889.0 3.993875518676421e-09
1890.0 3.992132068328659e-09
1891.0 3.990388617980897e-09
1892.0 3.9886451676331336e-09
1893.0 3.986901717285373e-09
1894.0 3.985158266937612e-09
1895.0 3.983414816589851e-09
1896.0 3.9816713662420875e-09
1897.0 3.979927915894326e-09
1898.0 3.9781844655465645e-09
1899.0 3.976441015198802e-09
1900.0 3.974697564851041e-09
1901.0 3.9729541145032775e-09
1902.0 3.971210664155517e-09
1903.0 3.969467213807756e-09
1904.0 3.967723763459994e-09
1905.0 3.965980313112232e-09
1906.0 3.964236862764471e-09
1907.0 3.962493412416708e-09
1908.0 3.960749962068947e-09
1909.0 3.959006511721184e-09
1910.0 3.957263061373422e-09
1911.0 3.9555196110256615e-09
1912.0 3.953776160677899e-09
1913.0 3.952032710330137e-09
1914.0 3.950289259982376e-09
1915.0 3.948545809634614e-09
1916.0 3.946802359286852e-09
1917.0 3.94505890893909e-09
1918.0 3.943315458591328e-09
1919.0 3.941572008243566e-09
1920.0 3.9398285578958045e-09
1921.0 3.938085107548043e-09
1922.0 3.936341657200281e-09
1923.0 3.93459820685252e-09
1924.0 3.932854756504758e-09
1925.0 3.931111306156996e-09
1926.0 3.929367855809234e-09
1927.0 3.927624405461473e-09
1928.0 3.925880955113711e-09
1929.0 3.924137504765949e-09
1930.0 3.922394054418187e-09
1931.0 3.920650604070425e-09
1932.0 3.918907153722664e-09
1933.0 3.9171637033749015e-09
1934.0 3.91542025302714e-09
1935.0 3.913676802679379e-09
1936.0 3.911933352331616e-09
1937.0 3.910189901983855e-09
1938.0 3.908446451636094e-09
1939.0 3.906703001288332e-09
1940.0 3.90495955094057e-09
1941.0 3.903216100592809e-09
1942.0 3.9014726502450454e-09
1943.0 3.899729199897285e-09
1944.0 3.897985749549522e-09
1945.0 3.896242299201761e-09
1946.0 3.894498848853999e-09
1947.0 3.892755398506237e-09
1948.0 3.8910119481584755e-09
1949.0 3.889268497810715e-09
1950.0 3.887525047462952e-09
1951.0 3.885781597115189e-09
1952.0 3.8840381467674294e-09
1953.0 3.882294696419667e-09
1954.0 3.880551246071904e-09
1955.0 3.8788077957241424e-09
1956.0 3.877064345376381e-09
1957.0 3.875320895028619e-09
1958.0 3.873577444680858e-09
1959.0 3.8718339943330955e-09
1960.0 3.870090543985334e-09
1961.0 3.8683470936375725e-09
1962.0 3.86660364328981e-09
1963.0 3.864860192942048e-09
1964.0 3.863116742594287e-09
1965.0 3.861373292246525e-09
1966.0 3.859629841898763e-09
1967.0 3.857886391551002e-09
1968.0 3.856142941203242e-09
1969.0 3.854399490855479e-09
1970.0 3.852656040507716e-09
1971.0 3.850912590159955e-09
1972.0 3.849169139812192e-09
1973.0 3.847425689464431e-09
1974.0 3.8456822391166695e-09
1975.0 3.843938788768907e-09
1976.0 3.842195338421146e-09
1977.0 3.840451888073384e-09
1978.0 3.838708437725623e-09
1979.0 3.8369649873778594e-09
1980.0 3.835221537030099e-09
1981.0 3.833478086682336e-09
1982.0 3.831734636334575e-09
1983.0 3.829991185986813e-09
1984.0 3.828247735639051e-09
1985.0 3.82650428529129e-09
1986.0 3.824760834943529e-09
1987.0 3.823195756588567e-09
1988.0 3.821657965256113e-09
1989.0 3.820120173923658e-09
1990.0 3.818582382591203e-09
1991.0 3.817044591258748e-09
1992.0 3.8155067999262924e-09
1993.0 3.813969008593838e-09
1994.0 3.812431217261382e-09
1995.0 3.8108934259289285e-09
1996.0 3.809355634596473e-09
1997.0 3.807817843264018e-09
1998.0 3.806280051931563e-09
1999.0 3.804742260599108e-09
2000.0 3.803204469266652e-09
2001.0 3.8016666779341965e-09
2002.0 3.800128886601742e-09
2003.0 3.798591095269286e-09
2004.0 3.797053303936832e-09
2005.0 3.795515512604377e-09
2006.0 3.793977721271922e-09
2007.0 3.792439929939467e-09
2008.0 3.790902138607011e-09
2009.0 3.789364347274556e-09
2010.0 3.7878265559421014e-09
2011.0 3.786288764609646e-09
2012.0 3.784750973277191e-09
2013.0 3.783213181944736e-09
2014.0 3.781675390612281e-09
2015.0 3.780137599279826e-09
2016.0 3.778599807947371e-09
2017.0 3.7770620166149165e-09
2018.0 3.77552422528246e-09
2019.0 3.7739864339500055e-09
2020.0 3.77244864261755e-09
2021.0 3.7709108512850954e-09
2022.0 3.76937305995264e-09
2023.0 3.767835268620185e-09
2024.0 3.76629747728773e-09
2025.0 3.764759685955276e-09
2026.0 3.7632218946228206e-09
2027.0 3.761684103290365e-09
2028.0 3.7601463119579104e-09
2029.0 3.758608520625455e-09
2030.0 3.757070729293e-09
2031.0 3.755532937960545e-09
2032.0 3.753995146628089e-09
2033.0 3.752457355295635e-09
2034.0 3.750919563963179e-09
2035.0 3.749381772630725e-09
2036.0 3.747843981298268e-09
2037.0 3.7463061899658145e-09
2038.0 3.744768398633359e-09
2039.0 3.7432306073009044e-09
2040.0 3.74169281596845e-09
2041.0 3.7401550246359935e-09
2042.0 3.738617233303538e-09
2043.0 3.737079441971083e-09
2044.0 3.7355416506386296e-09
2045.0 3.734003859306174e-09
2046.0 3.732466067973718e-09
2047.0 3.730928276641264e-09
2048.0 3.7293904853088085e-09
2049.0 3.727852693976354e-09
2050.0 3.726314902643898e-09
2051.0 3.724777111311443e-09
2052.0 3.7232393199789883e-09
2053.0 3.721701528646533e-09
2054.0 3.720163737314078e-09
2055.0 3.718625945981623e-09
2056.0 3.717088154649168e-09
2057.0 3.715550363316713e-09
2058.0 3.714012571984258e-09
2059.0 3.7124747806518033e-09
2060.0 3.710936989319347e-09
2061.0 3.709399197986892e-09
2062.0 3.7078614066544373e-09
2063.0 3.7063236153219823e-09
2064.0 3.7047858239895272e-09
2065.0 3.703248032657072e-09
2066.0 3.701710241324617e-09
2067.0 3.700172449992162e-09
2068.0 3.698634658659707e-09
2069.0 3.697096867327251e-09
2070.0 3.6955590759947965e-09
2071.0 3.694021284662341e-09
2072.0 3.6924834933298855e-09
2073.0 3.690945701997432e-09
2074.0 3.6894079106649763e-09
2075.0 3.6878701193325216e-09
2076.0 3.686332328000066e-09
2077.0 3.684794536667611e-09
2078.0 3.6832567453351556e-09
2079.0 3.6817189540027014e-09
2080.0 3.6801811626702455e-09
2081.0 3.6786433713377913e-09
2082.0 3.6771055800053362e-09
2083.0 3.6755677886728795e-09
2084.0 3.6740299973404265e-09
2085.0 3.6724922060079715e-09
2086.0 3.6709544146755156e-09
2087.0 3.6694166233430597e-09
2088.0 3.6678788320106047e-09
2089.0 3.6663410406781513e-09
2090.0 3.6648032493456946e-09
2091.0 3.6632654580132403e-09
2092.0 3.6617276666807844e-09
2093.0 3.6601898753483306e-09
2094.0 3.6586520840158747e-09
2095.0 3.6571142926834197e-09
2096.0 3.6555765013509655e-09
2097.0 3.6540387100185104e-09
2098.0 3.6525009186860545e-09
2099.0 3.6509631273536e-09
2100.0 3.6494253360211436e-09
2101.0 3.647887544688689e-09
2102.0 3.6463497533562335e-09
2103.0 3.644811962023779e-09
2104.0 3.643274170691323e-09
2105.0 3.641736379358868e-09
2106.0 3.6401985880264137e-09
2107.0 3.6386607966939586e-09
2108.0 3.6371230053615036e-09
2109.0 3.6355852140290485e-09
2110.0 3.6340474226965926e-09
2111.0 3.632509631364139e-09
2112.0 3.6309718400316838e-09
2113.0 3.6294340486992287e-09
2114.0 3.627896257366774e-09
2115.0 3.6263584660343178e-09
2116.0 3.624820674701864e-09
2117.0 3.6232828833694077e-09
2118.0 3.621745092036954e-09
2119.0 3.620207300704498e-09
2120.0 3.6186695093720437e-09
2121.0 3.617131718039588e-09
2122.0 3.615593926707133e-09
2123.0 3.6140561353746777e-09
2124.0 3.6125183440422227e-09
2125.0 3.6109805527097672e-09
2126.0 3.609442761377312e-09
2127.0 3.607904970044857e-09
2128.0 3.606367178712402e-09
2129.0 3.604829387379946e-09
2130.0 3.603291596047491e-09
2131.0 3.601753804715037e-09
2132.0 3.600216013382582e-09
2133.0 3.5986782220501268e-09
2134.0 3.5971404307176713e-09
2135.0 3.5956026393852163e-09
2136.0 3.594064848052761e-09
2137.0 3.5925270567203053e-09
2138.0 3.590989265387851e-09
2139.0 3.5894514740553952e-09
2140.0 3.588061554301563e-09
2141.0 3.5866905683732707e-09
2142.0 3.585319582444982e-09
2143.0 3.583948596516691e-09
2144.0 3.5825776105884006e-09
2145.0 3.58120662466011e-09
2146.0 3.5798356387318187e-09
2147.0 3.578464652803529e-09
2148.0 3.5770936668752385e-09
2149.0 3.575722680946947e-09
2150.0 3.5743516950186574e-09
2151.0 3.5729807090903675e-09
2152.0 3.5716097231620756e-09
2153.0 3.5702387372337857e-09
2154.0 3.5688677513054957e-09
2155.0 3.5674967653772046e-09
2156.0 3.5661257794489143e-09
2157.0 3.5647547935206235e-09
2158.0 3.5633838075923324e-09
2159.0 3.5620128216640437e-09
2160.0 3.560641835735752e-09
2161.0 3.559270849807461e-09
2162.0 3.5578998638791715e-09
2163.0 3.5565288779508808e-09
2164.0 3.5551578920225905e-09
2165.0 3.5537869060943e-09
2166.0 3.5524159201660094e-09
2167.0 3.5510449342377195e-09
2168.0 3.549673948309428e-09
2169.0 3.5483029623811376e-09
2170.0 3.5469319764528477e-09
2171.0 3.5455609905245557e-09
2172.0 3.5441900045962662e-09
2173.0 3.5428190186679767e-09
2174.0 3.541448032739685e-09
2175.0 3.5400770468113957e-09
2176.0 3.5387060608831045e-09
2177.0 3.537335074954814e-09
2178.0 3.5359640890265243e-09
2179.0 3.5345931030982327e-09
2180.0 3.5332221171699416e-09
2181.0 3.531851131241653e-09
2182.0 3.5304801453133614e-09
2183.0 3.5291091593850702e-09
2184.0 3.52773817345678e-09
2185.0 3.5263671875284896e-09
2186.0 3.5249962016001997e-09
2187.0 3.5236252156719093e-09
2188.0 3.522254229743618e-09
2189.0 3.5208832438153283e-09
2190.0 3.519512257887038e-09
2191.0 3.518141271958747e-09
2192.0 3.5167702860304565e-09
2193.0 3.515399300102165e-09
2194.0 3.5140283141738763e-09
2195.0 3.512657328245585e-09
2196.0 3.5112863423172944e-09
2197.0 3.509915356389005e-09
2198.0 3.5085443704607137e-09
2199.0 3.507173384532423e-09
2200.0 3.5058023986041335e-09
2201.0 3.504431412675843e-09
2202.0 3.5030604267475516e-09
2203.0 3.5016894408192625e-09
2204.0 3.50031845489097e-09
2205.0 3.4989474689626803e-09
2206.0 3.4975764830343903e-09
2207.0 3.4962054971060984e-09
2208.0 3.4948345111778085e-09
2209.0 3.493463525249519e-09
2210.0 3.4920925393212274e-09
2211.0 3.4907215533929367e-09
2212.0 3.4893505674646463e-09
2213.0 3.487979581536355e-09
2214.0 3.4866085956080653e-09
2215.0 3.485237609679775e-09
2216.0 3.4838666237514855e-09
2217.0 3.4824956378231943e-09
2218.0 3.4811246518949036e-09
2219.0 3.479753665966614e-09
2220.0 3.478382680038323e-09
2221.0 3.4770116941100314e-09
2222.0 3.475640708181742e-09
2223.0 3.4742697222534516e-09
2224.0 3.4728987363251604e-09
2225.0 3.4715277503968705e-09
2226.0 3.4701567644685794e-09
2227.0 3.46878577854029e-09
2228.0 3.467414792611999e-09
2229.0 3.466043806683707e-09
2230.0 3.4646728207554185e-09
2231.0 3.4633018348271273e-09
2232.0 3.4619308488988366e-09
2233.0 3.4605598629705455e-09
2234.0 3.459188877042257e-09
2235.0 3.4578178911139652e-09
2236.0 3.456446905185675e-09
2237.0 3.4550759192573846e-09
2238.0 3.4537049333290943e-09
2239.0 3.4523339474008035e-09
2240.0 3.4509629614725132e-09
2241.0 3.4495919755442225e-09
2242.0 3.448220989615932e-09
2243.0 3.446850003687642e-09
2244.0 3.445479017759351e-09
2245.0 3.44410803183106e-09
2246.0 3.4427370459027705e-09
2247.0 3.44136605997448e-09
2248.0 3.4399950740461894e-09
2249.0 3.4386240881178983e-09
2250.0 3.4372531021896088e-09
2251.0 3.4358821162613164e-09
2252.0 3.434511130333027e-09
2253.0 3.4331401444047366e-09
2254.0 3.431769158476445e-09
2255.0 3.4303981725481555e-09
2256.0 3.429027186619865e-09
2257.0 3.4276562006915736e-09
2258.0 3.426285214763284e-09
2259.0 3.424914228834994e-09
2260.0 3.4235432429067035e-09
2261.0 3.4221722569784127e-09
2262.0 3.4208012710501232e-09
2263.0 3.4194302851218313e-09
2264.0 3.4180592991935414e-09
2265.0 3.4166883132652502e-09
2266.0 3.41531732733696e-09
2267.0 3.41394634140867e-09
2268.0 3.412575355480379e-09
2269.0 3.4112043695520893e-09
2270.0 3.4098333836237978e-09
2271.0 3.4084623976955087e-09
2272.0 3.407091411767217e-09
2273.0 3.405720425838927e-09
2274.0 3.404349439910636e-09
2275.0 3.4029784539823466e-09
2276.0 3.401607468054054e-09
2277.0 3.4002364821257647e-09
2278.0 3.3988654961974744e-09
2279.0 3.3974945102691832e-09
2280.0 3.3961235243408933e-09
2281.0 3.394752538412603e-09
2282.0 3.393381552484312e-09
2283.0 3.3920105665560224e-09
2284.0 3.390639580627731e-09
2285.0 3.3892685946994405e-09
2286.0 3.38789760877115e-09
2287.0 3.3865266228428594e-09
2288.0 3.3851556369145683e-09
2289.0 3.3837846509862788e-09
2290.0 3.382413665057988e-09
2291.0 3.3810426791296977e-09
2292.0 3.3796716932014074e-09
2293.0 3.3783007072731167e-09
2294.0 3.3769297213448263e-09
2295.0 3.375558735416536e-09
2296.0 3.3741877494882453e-09
2297.0 3.372816763559956e-09
2298.0 3.3714457776316646e-09
2299.0 3.3700747917033743e-09
2300.0 3.3687038057750836e-09
2301.0 3.3673328198467924e-09
2302.0 3.365961833918503e-09
2303.0 3.3645908479902114e-09
2304.0 3.3632374858124526e-09
2305.0 3.362010489486724e-09
2306.0 3.360783493160997e-09
2307.0 3.359556496835269e-09
2308.0 3.3583295005095405e-09
2309.0 3.3571025041838124e-09
2310.0 3.3558755078580847e-09
2311.0 3.354648511532356e-09
2312.0 3.353421515206628e-09
2313.0 3.3521945188809004e-09
2314.0 3.350967522555172e-09
2315.0 3.3497405262294446e-09
2316.0 3.348513529903716e-09
2317.0 3.3472865335779883e-09
2318.0 3.3460595372522594e-09
2319.0 3.3448325409265325e-09
2320.0 3.343605544600804e-09
2321.0 3.342378548275076e-09
2322.0 3.3411515519493473e-09
2323.0 3.3399245556236196e-09
2324.0 3.3386975592978924e-09
2325.0 3.337470562972163e-09
2326.0 3.3362435666464357e-09
2327.0 3.335016570320708e-09
2328.0 3.3337895739949795e-09
2329.0 3.3325625776692526e-09
2330.0 3.3313355813435237e-09
2331.0 3.3301085850177968e-09
2332.0 3.328881588692067e-09
2333.0 3.3276545923663406e-09
2334.0 3.326427596040611e-09
2335.0 3.3252005997148827e-09
2336.0 3.323973603389155e-09
2337.0 3.322746607063427e-09
2338.0 3.3215196107376996e-09
2339.0 3.3202926144119723e-09
2340.0 3.3190656180862438e-09
2341.0 3.317838621760515e-09
2342.0 3.316611625434788e-09
2343.0 3.3153846291090594e-09
2344.0 3.3141576327833317e-09
2345.0 3.3129306364576044e-09
2346.0 3.311703640131875e-09
2347.0 3.310476643806148e-09
2348.0 3.30924964748042e-09
2349.0 3.3080226511546915e-09
2350.0 3.3067956548289634e-09
2351.0 3.305568658503235e-09
2352.0 3.304341662177507e-09
2353.0 3.303114665851779e-09
2354.0 3.3018876695260514e-09
2355.0 3.3006606732003237e-09
2356.0 3.299433676874596e-09
2357.0 3.298206680548867e-09
2358.0 3.2969796842231393e-09
2359.0 3.2957526878974112e-09
2360.0 3.2945256915716827e-09
2361.0 3.293298695245956e-09
2362.0 3.2920716989202277e-09
2363.0 3.290844702594499e-09
2364.0 3.289617706268771e-09
2365.0 3.2883907099430434e-09
2366.0 3.287163713617315e-09
2367.0 3.285936717291587e-09
2368.0 3.284709720965859e-09
2369.0 3.2834827246401313e-09
2370.0 3.282255728314403e-09
2371.0 3.2810287319886755e-09
2372.0 3.279801735662947e-09
2373.0 3.278574739337219e-09
2374.0 3.277347743011491e-09
2375.0 3.2761207466857626e-09
2376.0 3.2748937503600345e-09
2377.0 3.273666754034306e-09
2378.0 3.2724397577085783e-09
2379.0 3.271212761382851e-09
2380.0 3.2699857650571216e-09
2381.0 3.2687587687313956e-09
2382.0 3.267531772405666e-09
2383.0 3.2663047760799377e-09
2384.0 3.265077779754209e-09
2385.0 3.2638507834284823e-09
2386.0 3.2626237871027554e-09
2387.0 3.261396790777027e-09
2388.0 3.2601697944512988e-09
2389.0 3.25894279812557e-09
2390.0 3.2577158017998425e-09
2391.0 3.2564888054741144e-09
2392.0 3.2552618091483867e-09
2393.0 3.254034812822658e-09
2394.0 3.25280781649693e-09
2395.0 3.2515808201712024e-09
2396.0 3.2503538238454734e-09
2397.0 3.249126827519747e-09
2398.0 3.247899831194018e-09
2399.0 3.24667283486829e-09
2400.0 3.2454458385425614e-09
2401.0 3.2442188422168337e-09
2402.0 3.2429918458911064e-09
2403.0 3.241764849565378e-09
2404.0 3.24053785323965e-09
2405.0 3.2393108569139212e-09
2406.0 3.2380838605881944e-09
2407.0 3.236856864262466e-09
2408.0 3.2356298679367385e-09
2409.0 3.234402871611011e-09
2410.0 3.233175875285281e-09
2411.0 3.231948878959554e-09
2412.0 3.2307218826338257e-09
2413.0 3.229494886308098e-09
2414.0 3.22826788998237e-09
2415.0 3.2270408936566413e-09
2416.0 3.2258138973309136e-09
2417.0 3.2245869010051855e-09
2418.0 3.223359904679458e-09
2419.0 3.2221329083537297e-09
2420.0 3.220905912028002e-09
2421.0 3.2196789157022735e-09
2422.0 3.2184519193765466e-09
2423.0 3.217224923050817e-09
2424.0 3.2159979267250908e-09
2425.0 3.2147709303993622e-09
2426.0 3.2135439340736333e-09
2427.0 3.2123169377479064e-09
2428.0 3.211089941422178e-09
2429.0 3.2098629450964498e-09
2430.0 3.208635948770722e-09
2431.0 3.2074089524449936e-09
2432.0 3.2061819561192654e-09
2433.0 3.2049549597935377e-09
2434.0 3.2037279634678096e-09
2435.0 3.202500967142081e-09
2436.0 3.201273970816353e-09
2437.0 3.2000469744906253e-09
2438.0 3.1988199781648976e-09
2439.0 3.197592981839169e-09
2440.0 3.196365985513441e-09
2441.0 3.1951389891877124e-09
2442.0 3.1939119928619843e-09
2443.0 3.1926849965362574e-09
2444.0 3.191458000210529e-09
2445.0 3.190231003884801e-09
2446.0 3.189004007559073e-09
2447.0 3.1877770112333445e-09
2448.0 3.186550014907617e-09
2449.0 3.1853230185818887e-09
2450.0 3.184096022256162e-09
2451.0 3.182869025930432e-09
2452.0 3.181642029604705e-09
2453.0 3.1804150332789767e-09
2454.0 3.1791880369532486e-09
2455.0 3.177961040627521e-09
2456.0 3.1767340443017923e-09
2457.0 3.175507047976065e-09
2458.0 3.1742800516503365e-09
2459.0 3.173053055324609e-09
2460.0 3.17182605899888e-09
2461.0 3.170599062673153e-09
2462.0 3.1693720663474245e-09
2463.0 3.1681450700216964e-09
2464.0 3.166918073695968e-09
2465.0 3.165691077370241e-09
2466.0 3.164464081044512e-09
2467.0 3.1632370847187843e-09
2468.0 3.162010088393056e-09
2469.0 3.1607830920673285e-09
2470.0 3.1595560957416008e-09
2471.0 3.1583290994158723e-09
2472.0 3.157102103090145e-09
2473.0 3.1558751067644173e-09
2474.0 3.1546481104386887e-09
2475.0 3.153421114112961e-09
2476.0 3.152194117787232e-09
2477.0 3.1509671214615052e-09
2478.0 3.1497401251357763e-09
2479.0 3.1485131288100478e-09
2480.0 3.14728613248432e-09
2481.0 3.146059136158592e-09
2482.0 3.144908096598119e-09
2483.0 3.1437949046957917e-09
2484.0 3.1426817127934635e-09
2485.0 3.141568520891136e-09
2486.0 3.14045532898881e-09
2487.0 3.139342137086481e-09
2488.0 3.1382289451841544e-09
2489.0 3.1371157532818266e-09
2490.0 3.1360025613795e-09
2491.0 3.134889369477172e-09
2492.0 3.1337761775748436e-09
2493.0 3.1326629856725154e-09
2494.0 3.1315497937701884e-09
2495.0 3.130436601867861e-09
2496.0 3.1293234099655337e-09
2497.0 3.128210218063206e-09
2498.0 3.1270970261608785e-09
2499.0 3.125983834258551e-09
2500.0 3.1248706423562237e-09
2501.0 3.123757450453896e-09
2502.0 3.1226442585515685e-09
2503.0 3.1215310666492407e-09
2504.0 3.120417874746913e-09
2505.0 3.1193046828445856e-09
2506.0 3.118191490942258e-09
2507.0 3.1170782990399304e-09
2508.0 3.115965107137603e-09
2509.0 3.1148519152352756e-09
2510.0 3.1137387233329474e-09
2511.0 3.1126255314306204e-09
2512.0 3.1115123395282922e-09
2513.0 3.110399147625965e-09
2514.0 3.1092859557236383e-09
2515.0 3.1081727638213097e-09
2516.0 3.107059571918983e-09
2517.0 3.1059463800166545e-09
2518.0 3.104833188114328e-09
2519.0 3.1037199962120005e-09
2520.0 3.1026068043096727e-09
2521.0 3.101493612407345e-09
2522.0 3.100380420505018e-09
2523.0 3.09926722860269e-09
2524.0 3.098154036700362e-09
2525.0 3.0970408447980346e-09
2526.0 3.095927652895707e-09
2527.0 3.0948144609933794e-09
2528.0 3.093701269091052e-09
2529.0 3.0925880771887246e-09
2530.0 3.091474885286397e-09
2531.0 3.0903616933840695e-09
2532.0 3.089248501481742e-09
2533.0 3.0881353095794143e-09
2534.0 3.087022117677087e-09
2535.0 3.08590892577476e-09
2536.0 3.0847957338724317e-09
2537.0 3.0836825419701043e-09
2538.0 3.082569350067776e-09
2539.0 3.081456158165449e-09
2540.0 3.0803429662631213e-09
2541.0 3.0792297743607936e-09
2542.0 3.0781165824584674e-09
2543.0 3.077003390556139e-09
2544.0 3.0758901986538114e-09
2545.0 3.0747770067514836e-09
2546.0 3.073663814849156e-09
2547.0 3.0725506229468293e-09
2548.0 3.071437431044502e-09
2549.0 3.070324239142174e-09
2550.0 3.069211047239846e-09
2551.0 3.068097855337519e-09
2552.0 3.0669846634351907e-09
2553.0 3.0658714715328633e-09
2554.0 3.0647582796305363e-09
2555.0 3.0636450877282085e-09
2556.0 3.0625318958258807e-09
2557.0 3.061418703923553e-09
2558.0 3.0603055120212256e-09
2559.0 3.0591923201188986e-09
2560.0 3.0580791282165704e-09
2561.0 3.056965936314243e-09
2562.0 3.0558527444119156e-09
2563.0 3.054739552509588e-09
2564.0 3.05362636060726e-09
2565.0 3.0525131687049322e-09
2566.0 3.0513999768026052e-09
2567.0 3.050286784900278e-09
2568.0 3.0491735929979505e-09
2569.0 3.0480604010956223e-09
2570.0 3.0469472091932953e-09
2571.0 3.045834017290968e-09
2572.0 3.0447208253886397e-09
2573.0 3.043607633486312e-09
2574.0 3.0424944415839845e-09
2575.0 3.041381249681658e-09
2576.0 3.0402680577793293e-09
2577.0 3.039154865877002e-09
2578.0 3.038041673974674e-09
2579.0 3.036928482072347e-09
2580.0 3.0358152901700194e-09
2581.0 3.034702098267692e-09
2582.0 3.033588906365365e-09
2583.0 3.0324757144630373e-09
2584.0 3.0313625225607095e-09
2585.0 3.0302493306583817e-09
2586.0 3.0291361387560543e-09
2587.0 3.028022946853727e-09
2588.0 3.0269097549513987e-09
2589.0 3.0257965630490717e-09
2590.0 3.0246833711467443e-09
2591.0 3.0235701792444165e-09
2592.0 3.0224569873420887e-09
2593.0 3.021343795439761e-09
2594.0 3.020230603537434e-09
2595.0 3.0191174116351066e-09
2596.0 3.018004219732779e-09
2597.0 3.0168910278304514e-09
2598.0 3.015777835928124e-09
2599.0 3.0146646440257962e-09
2600.0 3.0135514521234684e-09
2601.0 3.0124382602211415e-09
2602.0 3.0113250683188137e-09
2603.0 3.010211876416486e-09
2604.0 3.009098684514159e-09
2605.0 3.00798549261183e-09
2606.0 3.0068723007095037e-09
2607.0 3.005759108807176e-09
2608.0 3.004645916904848e-09
2609.0 3.0035327250025207e-09
2610.0 3.0024195331001938e-09
2611.0 3.001306341197865e-09
2612.0 3.000193149295538e-09
2613.0 2.9990799573932104e-09
2614.0 2.997966765490883e-09
2615.0 2.9968535735885556e-09
2616.0 2.995740381686228e-09
2617.0 2.9946271897839004e-09
2618.0 2.9935139978815726e-09
2619.0 2.9924008059792453e-09
2620.0 2.991287614076917e-09
2621.0 2.99017442217459e-09
2622.0 2.989061230272262e-09
2623.0 2.9879480383699353e-09
2624.0 2.986834846467607e-09
2625.0 2.9857216545652793e-09
2626.0 2.9846084626629523e-09
2627.0 2.9834952707606245e-09
2628.0 2.9823820788582976e-09
2629.0 2.9812688869559694e-09
2630.0 2.980155695053643e-09
2631.0 2.979042503151314e-09
2632.0 2.9779293112489868e-09
2633.0 2.9768161193466594e-09
2634.0 2.9757029274443324e-09
2635.0 2.9745897355420046e-09
2636.0 2.973476543639677e-09
2637.0 2.972363351737349e-09
2638.0 2.9712501598350217e-09
2639.0 2.970136967932694e-09
2640.0 2.9690237760303665e-09
2641.0 2.9679105841280383e-09
2642.0 2.9667973922257117e-09
2643.0 2.965684200323384e-09
2644.0 2.9645710084210565e-09
2645.0 2.9634578165187287e-09
2646.0 2.9623446246164014e-09
2647.0 2.961231432714074e-09
2648.0 2.9601182408117458e-09
2649.0 2.9590050489094188e-09
2650.0 2.9578918570070906e-09
2651.0 2.956778665104764e-09
2652.0 2.9556654732024354e-09
2653.0 2.954552281300108e-09
2654.0 2.953439089397781e-09
2655.0 2.952325897495453e-09
2656.0 2.9512127055931255e-09
2657.0 2.950099513690799e-09
2658.0 2.9489863217884703e-09
2659.0 2.947873129886143e-09
2660.0 2.9467599379838155e-09
2661.0 2.9456467460814877e-09
2662.0 2.9445335541791607e-09
2663.0 2.943420362276833e-09
2664.0 2.9423071703745056e-09
2665.0 2.9411939784721778e-09
2666.0 2.9400807865698504e-09
2667.0 2.938967594667523e-09
2668.0 2.937854402765195e-09
2669.0 2.936741210862868e-09
2670.0 2.93562801896054e-09
2671.0 2.9345148270582126e-09
2672.0 2.9334016351558844e-09
2673.0 2.9323447857988657e-09
2674.0 2.931335146961958e-09
2675.0 2.93032550812505e-09
2676.0 2.929315869288143e-09
2677.0 2.9283062304512355e-09
2678.0 2.9272965916143273e-09
2679.0 2.9262869527774207e-09
2680.0 2.925277313940513e-09
2681.0 2.9242676751036047e-09
2682.0 2.923258036266697e-09
2683.0 2.922248397429789e-09
2684.0 2.9212387585928826e-09
2685.0 2.920229119755975e-09
2686.0 2.919219480919067e-09
2687.0 2.918209842082159e-09
2688.0 2.917200203245252e-09
2689.0 2.916190564408345e-09
2690.0 2.9151809255714364e-09
2691.0 2.914171286734529e-09
2692.0 2.913161647897621e-09
2693.0 2.912152009060714e-09
2694.0 2.911142370223806e-09
2695.0 2.9101327313868987e-09
2696.0 2.909123092549991e-09
2697.0 2.9081134537130836e-09
2698.0 2.9071038148761758e-09
2699.0 2.906094176039268e-09
2700.0 2.9050845372023615e-09
2701.0 2.9040748983654537e-09
2702.0 2.903065259528546e-09
2703.0 2.9020556206916385e-09
2704.0 2.90104598185473e-09
2705.0 2.9000363430178234e-09
2706.0 2.899026704180915e-09
2707.0 2.898017065344008e-09
2708.0 2.8970074265071004e-09
2709.0 2.8959977876701927e-09
2710.0 2.8949881488332857e-09
2711.0 2.893978509996378e-09
2712.0 2.8929688711594706e-09
2713.0 2.8919592323225628e-09
2714.0 2.8909495934856546e-09
2715.0 2.8899399546487476e-09
2716.0 2.8889303158118394e-09
2717.0 2.8879206769749325e-09
2718.0 2.8869110381380247e-09
2719.0 2.885901399301117e-09
2720.0 2.8848917604642096e-09
2721.0 2.883882121627302e-09
2722.0 2.882872482790395e-09
2723.0 2.8818628439534866e-09
2724.0 2.880853205116579e-09
2725.0 2.8798435662796715e-09
2726.0 2.8788339274427645e-09
2727.0 2.8778242886058567e-09
2728.0 2.8768146497689494e-09
2729.0 2.8758050109320416e-09
2730.0 2.874795372095134e-09
2731.0 2.8737857332582264e-09
2732.0 2.8727760944213187e-09
2733.0 2.8717664555844113e-09
2734.0 2.870756816747504e-09
2735.0 2.8697471779105966e-09
2736.0 2.868737539073689e-09
2737.0 2.867727900236781e-09
2738.0 2.866718261399873e-09
2739.0 2.8657086225629663e-09
2740.0 2.8646989837260585e-09
2741.0 2.8636893448891507e-09
2742.0 2.862679706052243e-09
2743.0 2.8616700672153356e-09
2744.0 2.8606604283784286e-09
2745.0 2.859650789541521e-09
2746.0 2.8586411507046122e-09
2747.0 2.8576315118677053e-09
2748.0 2.8566218730307975e-09
2749.0 2.85561223419389e-09
2750.0 2.8546025953569827e-09
2751.0 2.8535929565200746e-09
2752.0 2.8525833176831676e-09
2753.0 2.8515736788462594e-09
2754.0 2.8505640400093516e-09
2755.0 2.8495544011724447e-09
2756.0 2.8485447623355373e-09
2757.0 2.8475351234986295e-09
2758.0 2.8465254846617217e-09
2759.0 2.8455158458248144e-09
2760.0 2.8445062069879066e-09
2761.0 2.8434965681509996e-09
2762.0 2.8424869293140923e-09
2763.0 2.8414772904771837e-09
2764.0 2.8404676516402763e-09
2765.0 2.839458012803369e-09
2766.0 2.8384483739664616e-09
2767.0 2.837438735129554e-09
2768.0 2.836429096292646e-09
2769.0 2.8354194574557386e-09
2770.0 2.8344098186188317e-09
2771.0 2.8334001797819235e-09
2772.0 2.832390540945016e-09
2773.0 2.8313809021081083e-09
2774.0 2.8303712632712014e-09
2775.0 2.829361624434293e-09
2776.0 2.8283519855973862e-09
2777.0 2.827342346760478e-09
2778.0 2.8263327079235703e-09
2779.0 2.8253230690866633e-09
2780.0 2.824313430249755e-09
2781.0 2.8233037914128477e-09
2782.0 2.8222941525759404e-09
2783.0 2.821284513739033e-09
2784.0 2.8202748749021252e-09
2785.0 2.8192652360652174e-09
2786.0 2.8182555972283105e-09
2787.0 2.8172459583914023e-09
2788.0 2.816236319554495e-09
2789.0 2.8152266807175876e-09
2790.0 2.81421704188068e-09
2791.0 2.8132074030437724e-09
2792.0 2.812197764206865e-09
2793.0 2.811188125369957e-09
2794.0 2.81017848653305e-09
2795.0 2.809168847696142e-09
2796.0 2.8081592088592347e-09
2797.0 2.8071495700223266e-09
2798.0 2.806139931185419e-09
2799.0 2.805130292348512e-09
2800.0 2.8041206535116045e-09
2801.0 2.8031110146746967e-09
2802.0 2.8021013758377885e-09
2803.0 2.801091737000882e-09
2804.0 2.800082098163974e-09
2805.0 2.7990724593270664e-09
2806.0 2.798062820490159e-09
2807.0 2.7970531816532512e-09
2808.0 2.796043542816344e-09
2809.0 2.7950339039794365e-09
2810.0 2.794024265142528e-09
2811.0 2.7930146263056213e-09
2812.0 2.7920049874687127e-09
2813.0 2.7909953486318058e-09
2814.0 2.7899857097948984e-09
2815.0 2.7889760709579906e-09
2816.0 2.7879664321210833e-09
2817.0 2.786956793284175e-09
2818.0 2.7859471544472677e-09
2819.0 2.7849375156103603e-09
2820.0 2.7839278767734526e-09
2821.0 2.7829182379365456e-09
2822.0 2.7819085990996374e-09
2823.0 2.78089896026273e-09
2824.0 2.7798893214258227e-09
2825.0 2.778879682588915e-09
2826.0 2.7778700437520075e-09
2827.0 2.7768604049150993e-09
2828.0 2.775850766078192e-09
2829.0 2.774841127241285e-09
2830.0 2.7738314884043764e-09
2831.0 2.77282184956747e-09
2832.0 2.771812210730562e-09
2833.0 2.7708025718936543e-09
2834.0 2.7697929330567473e-09
2835.0 2.768783294219839e-09
2836.0 2.7677736553829318e-09
2837.0 2.7667640165460236e-09
2838.0 2.7657543777091162e-09
2839.0 2.7647447388722093e-09
2840.0 2.7637351000353015e-09
2841.0 2.7627254611983937e-09
2842.0 2.7617158223614863e-09
2843.0 2.7607061835245786e-09
2844.0 2.759696544687671e-09
2845.0 2.758686905850764e-09
2846.0 2.7576772670138556e-09
2847.0 2.7566676281769487e-09
2848.0 2.7556579893400405e-09
2849.0 2.7546483505031335e-09
2850.0 2.753638711666226e-09
2851.0 2.7526290728293184e-09
2852.0 2.7516194339924106e-09
2853.0 2.7506097951555024e-09
2854.0 2.749600156318595e-09
2855.0 2.748590517481688e-09
2856.0 2.7475808786447807e-09
2857.0 2.746571239807873e-09
2858.0 2.7455616009709647e-09
2859.0 2.7445519621340578e-09
2860.0 2.7435423232971504e-09
2861.0 2.742532684460242e-09
2862.0 2.741523045623335e-09
2863.0 2.7405134067864275e-09
2864.0 2.73950376794952e-09
2865.0 2.738494129112612e-09
2866.0 2.7374844902757046e-09
2867.0 2.736474851438797e-09
2868.0 2.7354652126018894e-09
2869.0 2.734455573764982e-09
2870.0 2.7334459349280743e-09
2871.0 2.732436296091167e-09
2872.0 2.731426657254259e-09
2873.0 2.730417018417352e-09
2874.0 2.7294073795804435e-09
2875.0 2.7283977407435366e-09
2876.0 2.727388101906629e-09
2877.0 2.7263784630697214e-09
2878.0 2.7253688242328137e-09
2879.0 2.7244291346672896e-09
2880.0 2.72351948341582e-09
2881.0 2.7226098321643498e-09
2882.0 2.72170018091288e-09
2883.0 2.7207905296614103e-09
2884.0 2.7198808784099398e-09
2885.0 2.71897122715847e-09
2886.0 2.7180615759070003e-09
2887.0 2.71715192465553e-09
2888.0 2.7162422734040605e-09
2889.0 2.7153326221525904e-09
2890.0 2.7144229709011206e-09
2891.0 2.7135133196496505e-09
2892.0 2.7126036683981804e-09
2893.0 2.7116940171467107e-09
2894.0 2.71078436589524e-09
2895.0 2.709874714643771e-09
2896.0 2.7089650633923007e-09
2897.0 2.7080554121408306e-09
2898.0 2.7071457608893613e-09
2899.0 2.7062361096378903e-09
2900.0 2.7053264583864206e-09
2901.0 2.704416807134951e-09
2902.0 2.7035071558834807e-09
2903.0 2.702597504632011e-09
2904.0 2.7016878533805405e-09
2905.0 2.7007782021290716e-09
2906.0 2.6998685508776006e-09
2907.0 2.6989588996261313e-09
2908.0 2.6980492483746608e-09
2909.0 2.697139597123191e-09
2910.0 2.6962299458717214e-09
2911.0 2.695320294620251e-09
2912.0 2.6944106433687815e-09
2913.0 2.693500992117311e-09
2914.0 2.692591340865841e-09
2915.0 2.6916816896143715e-09
2916.0 2.6907720383629014e-09
2917.0 2.6898623871114313e-09
2918.0 2.6889527358599616e-09
2919.0 2.688043084608491e-09
2920.0 2.687133433357022e-09
2921.0 2.6862237821055516e-09
2922.0 2.685314130854082e-09
2923.0 2.6844044796026113e-09
2924.0 2.6834948283511416e-09
2925.0 2.682585177099672e-09
2926.0 2.6816755258482018e-09
2927.0 2.680765874596732e-09
2928.0 2.6798562233452615e-09
2929.0 2.6789465720937918e-09
2930.0 2.678036920842322e-09
2931.0 2.677127269590852e-09
2932.0 2.676217618339382e-09
2933.0 2.6753079670879125e-09
2934.0 2.6743983158364424e-09
2935.0 2.6734886645849727e-09
2936.0 2.672579013333502e-09
2937.0 2.671669362082032e-09
2938.0 2.6707597108305623e-09
2939.0 2.669850059579092e-09
2940.0 2.668940408327623e-09
2941.0 2.6680307570761523e-09
2942.0 2.6671211058246826e-09
2943.0 2.6662114545732124e-09
2944.0 2.6653018033217423e-09
2945.0 2.6643921520702726e-09
2946.0 2.6634825008188025e-09
2947.0 2.6625728495673323e-09
2948.0 2.661663198315863e-09
2949.0 2.6607535470643925e-09
2950.0 2.6598438958129228e-09
2951.0 2.6589342445614522e-09
2952.0 2.658024593309983e-09
2953.0 2.657114942058513e-09
2954.0 2.656205290807043e-09
2955.0 2.6552956395555734e-09
2956.0 2.6543859883041032e-09
2957.0 2.653476337052633e-09
2958.0 2.652566685801163e-09
2959.0 2.651657034549693e-09
2960.0 2.6507473832982235e-09
2961.0 2.6498377320467534e-09
2962.0 2.6489280807952837e-09
2963.0 2.6480184295438136e-09
2964.0 2.647108778292343e-09
2965.0 2.6461991270408737e-09
2966.0 2.6452894757894036e-09
2967.0 2.644379824537934e-09
2968.0 2.6434701732864633e-09
2969.0 2.6425605220349936e-09
2970.0 2.6416508707835243e-09
2971.0 2.6407412195320538e-09
2972.0 2.6398315682805845e-09
2973.0 2.638921917029113e-09
2974.0 2.638012265777644e-09
2975.0 2.637102614526174e-09
2976.0 2.6361929632747044e-09
2977.0 2.635283312023234e-09
2978.0 2.634373660771764e-09
2979.0 2.633464009520294e-09
2980.0 2.632554358268824e-09
2981.0 2.631644707017354e-09
2982.0 2.6307350557658844e-09
2983.0 2.6298254045144143e-09
2984.0 2.628915753262944e-09
2985.0 2.628006102011474e-09
2986.0 2.6270964507600047e-09
2987.0 2.6261867995085346e-09
2988.0 2.625277148257064e-09
2989.0 2.6243674970055943e-09
2990.0 2.623457845754124e-09
2991.0 2.6225481945026553e-09
2992.0 2.6216385432511848e-09
2993.0 2.6207288919997146e-09
2994.0 2.619819240748244e-09
2995.0 2.6189095894967748e-09
2996.0 2.617999938245305e-09
2997.0 2.617090286993835e-09
2998.0 2.616180635742365e-09
2999.0 2.6152709844908947e-09
3000.0 2.6143613332394254e-09
3001.0 2.6134516819879553e-09
3002.0 2.612542030736485e-09
3003.0 2.6116323794850146e-09
3004.0 2.610722728233545e-09
3005.0 2.6098130769820756e-09
3006.0 2.6089034257306054e-09
3007.0 2.6079937744791353e-09
3008.0 2.607084123227665e-09
3009.0 2.606174471976195e-09
3010.0 2.6052648207247253e-09
3011.0 2.6043551694732548e-09
3012.0 2.6034455182217855e-09
3013.0 2.6025358669703158e-09
3014.0 2.6016262157188452e-09
3015.0 2.600716564467376e-09
3016.0 2.5998069132159054e-09
3017.0 2.598897261964436e-09
3018.0 2.5979876107129655e-09
3019.0 2.597077959461496e-09
3020.0 2.5961683082100257e-09
3021.0 2.5952586569585555e-09
3022.0 2.5943490057070862e-09
3023.0 2.593439354455616e-09
3024.0 2.5925297032041456e-09
3025.0 2.591620051952676e-09
3026.0 2.5907104007012057e-09
3027.0 2.589800749449736e-09
3028.0 2.5888910981982663e-09
3029.0 2.587981446946796e-09
3030.0 2.587071795695326e-09
3031.0 2.586162144443856e-09
3032.0 2.5852524931923866e-09
3033.0 2.5843428419409165e-09
3034.0 2.5834331906894463e-09
3035.0 2.5825235394379766e-09
3036.0 2.581613888186507e-09
3037.0 2.5807042369350368e-09
3038.0 2.5797945856835666e-09
3039.0 2.578884934432096e-09
3040.0 2.577975283180627e-09
3041.0 2.577065631929157e-09
3042.0 2.5761559806776865e-09
3043.0 2.575246329426217e-09
3044.0 2.5743366781747467e-09
3045.0 2.573427026923277e-09
3046.0 2.5725173756718064e-09
3047.0 2.571607724420337e-09
3048.0 2.570698073168867e-09
3049.0 2.5697884219173973e-09
3050.0 2.5688787706659276e-09
3051.0 2.567969119414457e-09
3052.0 2.5670594681629865e-09
3053.0 2.5661498169115176e-09
3054.0 2.565240165660047e-09
3055.0 2.5643305144085773e-09
3056.0 2.5634208631571076e-09
3057.0 2.562511211905637e-09
3058.0 2.5616015606541678e-09
3059.0 2.5606919094026972e-09
3060.0 2.5597822581512275e-09
3061.0 2.558872606899757e-09
3062.0 2.5579629556482877e-09
3063.0 2.5570533043968175e-09
3064.0 2.556143653145348e-09
3065.0 2.5552340018938777e-09
3066.0 2.5543243506424084e-09
3067.0 2.553414699390938e-09
3068.0 2.5525050481394677e-09
3069.0 2.5515953968879976e-09
3070.0 2.5506857456365283e-09
3071.0 2.5497760943850573e-09
3072.0 2.548866443133588e-09
3073.0 2.547956791882118e-09
3074.0 2.5470471406306478e-09
3075.0 2.546137489379179e-09
3076.0 2.5452278381277075e-09
3077.0 2.544318186876238e-09
3078.0 2.543408535624768e-09
3079.0 2.5424988843732988e-09
3080.0 2.5415892331218282e-09
3081.0 2.540679581870358e-09
3082.0 2.5397699306188884e-09
3083.0 2.5388602793674182e-09
3084.0 2.5379506281159485e-09
3085.0 2.5370409768644784e-09
3086.0 2.5361313256130083e-09
3087.0 2.5352216743615386e-09
3088.0 2.5343120231100684e-09
3089.0 2.5334023718585987e-09
3090.0 2.5324927206071286e-09
3091.0 2.5315830693556584e-09
3092.0 2.530673418104189e-09
3093.0 2.529763766852719e-09
3094.0 2.528854115601249e-09
3095.0 2.5279444643497788e-09
3096.0 2.5270348130983086e-09
3097.0 2.5261251618468393e-09
3098.0 2.5252155105953688e-09
3099.0 2.524305859343899e-09
3100.0 2.5233962080924293e-09
