2.0 1.358563181715726e-06
3.0 1.7181206386912962e-06
4.0 2.0009761903306463e-06
5.0 2.2194576316834296e-06
6.0 2.385184125346772e-06
7.0 2.5064080318587947e-06
8.0 2.5873988014981615e-06
9.0 2.6374854756202946e-06
10.0 2.660293553175442e-06
11.0 2.662112156439604e-06
12.0 2.6453391755677207e-06
13.0 2.6149978961738763e-06
14.0 2.574389641058889e-06
15.0 2.525978083249708e-06
16.0 2.4728246230089454e-06
17.0 2.415042554762109e-06
18.0 2.3552588967237555e-06
19.0 2.2948504782008556e-06
20.0 2.234339891495392e-06
21.0 2.1744518361927765e-06
22.0 2.1154536615929754e-06
23.0 2.0573124885407286e-06
24.0 2.0016270416520152e-06
25.0 1.946583872881825e-06
26.0 1.8944425159189467e-06
27.0 1.8428406192230003e-06
28.0 1.794267355582865e-06
29.0 1.7459927831614056e-06
30.0 1.7010106558471152e-06
31.0 1.656028528532825e-06
32.0 1.6141392508329436e-06
33.0 1.5727708090612944e-06
34.0 1.5330408481574638e-06
35.0 1.4952576166822805e-06
36.0 1.4574743852070963e-06
37.0 1.4225362303860324e-06
38.0 1.3880105463119908e-06
39.0 1.3537813257858594e-06
40.0 1.3225226009573406e-06
41.0 1.2912638761288221e-06
42.0 1.2602943689967644e-06
43.0 1.2321196082801392e-06
44.0 1.2039448475635143e-06
45.0 1.175770086846889e-06
46.0 1.150022712169053e-06
47.0 1.1246510132816205e-06
48.0 1.0992793143941879e-06
49.0 1.074957451796325e-06
50.0 1.0522807354737192e-06
51.0 1.029604019151114e-06
52.0 1.0069273028285085e-06
53.0 9.858521027924674e-07
54.0 9.656569803590729e-07
55.0 9.454618579256786e-07
56.0 9.252667354922844e-07
57.0 9.065275498263253e-07
58.0 8.887084231555767e-07
59.0 8.708892964848278e-07
60.0 8.530701698140791e-07
61.0 8.358176421649727e-07
62.0 8.201003604916563e-07
63.0 8.043830788183399e-07
64.0 7.886657971450237e-07
65.0 7.729485154717073e-07
66.0 7.583923345843307e-07
67.0 7.446368924661389e-07
68.0 7.308814503479471e-07
69.0 7.171260082297551e-07
70.0 7.033705661115632e-07
71.0 6.90618149971146e-07
72.0 6.786738324305729e-07
73.0 6.667295148899998e-07
74.0 6.547851973494264e-07
75.0 6.428408798088532e-07
76.0 6.31099073051716e-07
77.0 6.20740173285814e-07
78.0 6.103812735199121e-07
79.0 6.000223737540099e-07
80.0 5.896634739881077e-07
81.0 5.793045742222057e-07
82.0 5.693578396796456e-07
83.0 5.604516998274929e-07
84.0 5.515455599753401e-07
85.0 5.426394201231871e-07
86.0 5.337332802710344e-07
87.0 5.248271404188816e-07
88.0 5.159210005667288e-07
89.0 5.082574626141757e-07
90.0 5.006070372730184e-07
91.0 4.929566119318611e-07
92.0 4.853061865907039e-07
93.0 4.776557612495465e-07
94.0 4.700053359083892e-07
95.0 4.6260316118644376e-07
96.0 4.561315164649444e-07
97.0 4.4965987174344524e-07
98.0 4.4318822702194606e-07
99.0 4.367165823004466e-07
100.0 4.302449375789474e-07
101.0 4.237732928574482e-07
102.0 4.17301648135949e-07
103.0 4.116976844209189e-07
104.0 4.0618006403516454e-07
105.0 4.006624436494104e-07
106.0 3.95144823263656e-07
107.0 3.896272028779017e-07
108.0 3.841095824921474e-07
109.0 3.7859196210639314e-07
110.0 3.731128373239197e-07
111.0 3.684315661037151e-07
112.0 3.637502948835107e-07
113.0 3.5906902366330626e-07
114.0 3.543877524431017e-07
115.0 3.497064812228973e-07
116.0 3.450252100026929e-07
117.0 3.403439387824884e-07
118.0 3.3566266756228394e-07
119.0 3.3144626669469383e-07
120.0 3.2757082929821706e-07
121.0 3.236953919017402e-07
122.0 3.198199545052633e-07
123.0 3.159445171087866e-07
124.0 3.1206907971230967e-07
125.0 3.081936423158329e-07
126.0 3.0431820491935597e-07
127.0 3.0044276752287904e-07
128.0 2.9684088969164126e-07
129.0 2.935661506251761e-07
130.0 2.902914115587109e-07
131.0 2.870166724922459e-07
132.0 2.837419334257807e-07
133.0 2.8046719435931557e-07
134.0 2.7719245529285044e-07
135.0 2.739177162263853e-07
136.0 2.706429771599201e-07
137.0 2.6736823809345495e-07
138.0 2.6443615499534765e-07
139.0 2.617041539669701e-07
140.0 2.589721529385925e-07
141.0 2.562401519102151e-07
142.0 2.5350815088183754e-07
143.0 2.5077614985346e-07
144.0 2.480441488250824e-07
145.0 2.4531214779670497e-07
146.0 2.425801467683274e-07
147.0 2.398481457399499e-07
148.0 2.3714038132314516e-07
149.0 2.3488737931895576e-07
150.0 2.3263437731476637e-07
151.0 2.303813753105769e-07
152.0 2.2812837330638745e-07
153.0 2.2587537130219803e-07
154.0 2.2362236929800861e-07
155.0 2.213693672938192e-07
156.0 2.1911636528962978e-07
157.0 2.168633632854403e-07
158.0 2.146103612812509e-07
159.0 2.1235735927706144e-07
160.0 2.103536769089762e-07
161.0 2.0848138913491632e-07
162.0 2.0660910136085638e-07
163.0 2.0473681358679653e-07
164.0 2.028645258127366e-07
165.0 2.0099223803867674e-07
166.0 1.9911995026461685e-07
167.0 1.9724766249055697e-07
168.0 1.9537537471649712e-07
169.0 1.9350308694243713e-07
170.0 1.916307991683773e-07
171.0 1.8975851139431745e-07
172.0 1.8801459158471826e-07
173.0 1.8647887541613898e-07
174.0 1.8494315924755968e-07
175.0 1.8340744307898044e-07
176.0 1.8187172691040116e-07
177.0 1.8033601074182186e-07
178.0 1.788002945732426e-07
179.0 1.7726457840466326e-07
180.0 1.75728862236084e-07
181.0 1.7419314606750466e-07
182.0 1.726574298989254e-07
183.0 1.7112171373034607e-07
184.0 1.6958599756176682e-07
185.0 1.6809399036396475e-07
186.0 1.668271433392954e-07
187.0 1.6556029631462612e-07
188.0 1.6429344928995694e-07
189.0 1.6302660226528766e-07
190.0 1.6175975524061834e-07
191.0 1.6049290821594908e-07
192.0 1.592260611912798e-07
193.0 1.5795921416661056e-07
194.0 1.5669236714194127e-07
195.0 1.5542552011727204e-07
196.0 1.5415867309260273e-07
197.0 1.5289182606793347e-07
198.0 1.516249790432642e-07
199.0 1.5035813201859492e-07
200.0 1.4930337717590718e-07
201.0 1.4826568036859374e-07
202.0 1.4722798356128023e-07
203.0 1.4619028675396676e-07
204.0 1.451525899466533e-07
205.0 1.441148931393398e-07
206.0 1.430771963320263e-07
207.0 1.4203949952471285e-07
208.0 1.4100180271739938e-07
209.0 1.399641059100859e-07
210.0 1.3892640910277242e-07
211.0 1.3788871229545892e-07
212.0 1.3685101548814547e-07
213.0 1.35813318680832e-07
214.0 1.347756218735185e-07
215.0 1.3385214226963177e-07
216.0 1.3300739450284028e-07
217.0 1.3216264673604884e-07
218.0 1.3131789896925738e-07
219.0 1.3047315120246594e-07
220.0 1.2962840343567445e-07
221.0 1.2878365566888298e-07
222.0 1.2793890790209154e-07
223.0 1.2709416013530008e-07
224.0 1.2624941236850864e-07
225.0 1.2540466460171717e-07
226.0 1.245599168349257e-07
227.0 1.2371516906813424e-07
228.0 1.2287042130134278e-07
229.0 1.2202567353455134e-07
230.0 1.2118092576775985e-07
231.0 1.20347813996731e-07
232.0 1.1965361967200885e-07
233.0 1.1895942534728673e-07
234.0 1.182652310225646e-07
235.0 1.1757103669784245e-07
236.0 1.1687684237312033e-07
237.0 1.161826480483982e-07
238.0 1.1548845372367604e-07
239.0 1.1479425939895395e-07
240.0 1.1410006507423178e-07
241.0 1.1340587074950966e-07
242.0 1.1271167642478753e-07
243.0 1.120174821000654e-07
244.0 1.1132328777534326e-07
245.0 1.106290934506211e-07
246.0 1.0993489912589898e-07
247.0 1.0924070480117684e-07
248.0 1.0854651047645472e-07
249.0 1.0789058418730687e-07
250.0 1.0732808184699483e-07
251.0 1.067655795066828e-07
252.0 1.0620307716637072e-07
253.0 1.0564057482605872e-07
254.0 1.0507807248574667e-07
255.0 1.045155701454346e-07
256.0 1.0395306780512257e-07
257.0 1.0339056546481053e-07
258.0 1.0282806312449848e-07
259.0 1.0226556078418644e-07
260.0 1.0170305844387439e-07
261.0 1.0114055610356236e-07
262.0 1.0057805376325032e-07
263.0 1.0001555142293827e-07
264.0 9.945304908262624e-08
265.0 9.889054674231416e-08
266.0 9.832804440200212e-08
267.0 9.77655420616901e-08
268.0 9.721730704150266e-08
269.0 9.67613763085188e-08
270.0 9.630544557553499e-08
271.0 9.584951484255112e-08
272.0 9.53935841095673e-08
273.0 9.493765337658343e-08
274.0 9.448172264359958e-08
275.0 9.402579191061576e-08
276.0 9.35698611776319e-08
277.0 9.311393044464805e-08
278.0 9.265799971166422e-08
279.0 9.220206897868036e-08
280.0 9.174613824569653e-08
281.0 9.12902075127127e-08
282.0 9.083427677972885e-08
283.0 9.037834604674501e-08
284.0 8.992241531376117e-08
285.0 8.946648458077731e-08
286.0 8.901055384779345e-08
287.0 8.855462311480962e-08
288.0 8.809869238182576e-08
289.0 8.768486992117753e-08
290.0 8.731288245636635e-08
291.0 8.69408949915552e-08
292.0 8.656890752674405e-08
293.0 8.619692006193285e-08
294.0 8.58249325971217e-08
295.0 8.545294513231055e-08
296.0 8.508095766749937e-08
297.0 8.470897020268823e-08
298.0 8.433698273787707e-08
299.0 8.396499527306589e-08
300.0 8.359300780825475e-08
301.0 8.322102034344357e-08
302.0 8.284903287863241e-08
303.0 8.247704541382126e-08
304.0 8.210505794901008e-08
305.0 8.173307048419892e-08
306.0 8.136108301938777e-08
307.0 8.098909555457661e-08
308.0 8.061710808976544e-08
309.0 8.024512062495428e-08
310.0 7.987313316014312e-08
311.0 7.952080238255638e-08
312.0 7.921896926503111e-08
313.0 7.891713614750583e-08
314.0 7.86153030299805e-08
315.0 7.831346991245525e-08
316.0 7.801163679492994e-08
317.0 7.770980367740465e-08
318.0 7.740797055987935e-08
319.0 7.710613744235406e-08
320.0 7.680430432482878e-08
321.0 7.650247120730349e-08
322.0 7.62006380897782e-08
323.0 7.589880497225291e-08
324.0 7.55969718547276e-08
325.0 7.529513873720233e-08
326.0 7.499330561967703e-08
327.0 7.469147250215177e-08
328.0 7.438963938462646e-08
329.0 7.408780626710117e-08
330.0 7.378597314957587e-08
331.0 7.348414003205059e-08
332.0 7.31823069145253e-08
333.0 7.288047379699999e-08
334.0 7.257864067947472e-08
335.0 7.229641429734882e-08
336.0 7.205105839968089e-08
337.0 7.180570250201293e-08
338.0 7.156034660434501e-08
339.0 7.131499070667708e-08
340.0 7.106963480900913e-08
341.0 7.082427891134123e-08
342.0 7.057892301367328e-08
343.0 7.033356711600534e-08
344.0 7.008821121833739e-08
345.0 6.984285532066946e-08
346.0 6.959749942300154e-08
347.0 6.93521435253336e-08
348.0 6.910678762766567e-08
349.0 6.886143172999773e-08
350.0 6.86160758323298e-08
351.0 6.837071993466185e-08
352.0 6.81253640369939e-08
353.0 6.788000813932599e-08
354.0 6.763465224165805e-08
355.0 6.738929634399014e-08
356.0 6.71439404463222e-08
357.0 6.689858454865426e-08
358.0 6.66532286509863e-08
359.0 6.64078727533184e-08
360.0 6.616251685565045e-08
361.0 6.594373472356312e-08
362.0 6.574494207366627e-08
363.0 6.554614942376939e-08
364.0 6.534735677387253e-08
365.0 6.514856412397565e-08
366.0 6.494977147407878e-08
367.0 6.47509788241819e-08
368.0 6.455218617428506e-08
369.0 6.435339352438816e-08
370.0 6.415460087449132e-08
371.0 6.395580822459444e-08
372.0 6.375701557469757e-08
373.0 6.35582229248007e-08
374.0 6.335943027490383e-08
375.0 6.316063762500696e-08
376.0 6.296184497511008e-08
377.0 6.276305232521321e-08
378.0 6.256425967531636e-08
379.0 6.236546702541946e-08
380.0 6.21666743755226e-08
381.0 6.196788172562575e-08
382.0 6.176908907572887e-08
383.0 6.157029642583201e-08
384.0 6.137150377593513e-08
385.0 6.117271112603826e-08
386.0 6.09739184761414e-08
387.0 6.077512582624453e-08
388.0 6.057633317634764e-08
389.0 6.040690650191625e-08
390.0 6.024442080699796e-08
391.0 6.008193511207962e-08
392.0 5.99194494171613e-08
393.0 5.975696372224299e-08
394.0 5.9594478027324665e-08
395.0 5.943199233240634e-08
396.0 5.9269506637488016e-08
397.0 5.9107020942569715e-08
398.0 5.894453524765139e-08
399.0 5.878204955273306e-08
400.0 5.861956385781475e-08
401.0 5.845707816289644e-08
402.0 5.82945924679781e-08
403.0 5.8132106773059775e-08
404.0 5.796962107814146e-08
405.0 5.780713538322314e-08
406.0 5.764464968830482e-08
407.0 5.7482163993386497e-08
408.0 5.731967829846819e-08
409.0 5.715719260354985e-08
410.0 5.6994706908631546e-08
411.0 5.683222121371322e-08
412.0 5.6669735518794904e-08
413.0 5.6507249823876576e-08
414.0 5.634476412895826e-08
415.0 5.618227843403993e-08
416.0 5.6019792739121626e-08
417.0 5.5857307044203305e-08
418.0 5.569482134928497e-08
419.0 5.555876353245695e-08
420.0 5.542536409748912e-08
421.0 5.529196466252128e-08
422.0 5.515856522755344e-08
423.0 5.50251657925856e-08
424.0 5.4891766357617765e-08
425.0 5.4758366922649925e-08
426.0 5.462496748768209e-08
427.0 5.4491568052714246e-08
428.0 5.435816861774642e-08
429.0 5.422476918277857e-08
430.0 5.4091369747810746e-08
431.0 5.3957970312842893e-08
432.0 5.382457087787506e-08
433.0 5.369117144290721e-08
434.0 5.3557772007939374e-08
435.0 5.342437257297154e-08
436.0 5.3290973138003715e-08
437.0 5.315757370303587e-08
438.0 5.302417426806803e-08
439.0 5.289077483310018e-08
440.0 5.275737539813235e-08
441.0 5.2623975963164517e-08
442.0 5.249057652819669e-08
443.0 5.235717709322883e-08
444.0 5.222377765826099e-08
445.0 5.209037822329315e-08
446.0 5.195697878832532e-08
447.0 5.182357935335748e-08
448.0 5.1690179918389646e-08
449.0 5.15567804834218e-08
450.0 5.142338104845396e-08
451.0 5.1307764547699765e-08
452.0 5.119957722109653e-08
453.0 5.109138989449331e-08
454.0 5.0983202567890075e-08
455.0 5.0875015241286856e-08
456.0 5.0766827914683624e-08
457.0 5.06586405880804e-08
458.0 5.055045326147716e-08
459.0 5.0442265934873954e-08
460.0 5.033407860827072e-08
461.0 5.022589128166749e-08
462.0 5.0117703955064264e-08
463.0 5.000951662846103e-08
464.0 4.99013293018578e-08
465.0 4.979314197525457e-08
466.0 4.968495464865134e-08
467.0 4.957676732204813e-08
468.0 4.946857999544489e-08
469.0 4.936039266884167e-08
470.0 4.925220534223844e-08
471.0 4.914401801563521e-08
472.0 4.903583068903198e-08
473.0 4.892764336242875e-08
474.0 4.8819456035825525e-08
475.0 4.87112687092223e-08
476.0 4.860308138261906e-08
477.0 4.849489405601584e-08
478.0 4.83867067294126e-08
479.0 4.82785194028094e-08
480.0 4.8170332076206165e-08
481.0 4.806214474960294e-08
482.0 4.795395742299971e-08
483.0 4.784577009639647e-08
484.0 4.773758276979325e-08
485.0 4.762978658359743e-08
486.0 4.7539688641135636e-08
487.0 4.744959069867384e-08
488.0 4.735949275621207e-08
489.0 4.726939481375026e-08
490.0 4.7179296871288474e-08
491.0 4.708919892882668e-08
492.0 4.699910098636489e-08
493.0 4.6909003043903105e-08
494.0 4.681890510144131e-08
495.0 4.672880715897952e-08
496.0 4.663870921651773e-08
497.0 4.6548611274055936e-08
498.0 4.645851333159415e-08
499.0 4.6368415389132354e-08
500.0 4.627831744667056e-08
501.0 4.618821950420877e-08
502.0 4.609812156174698e-08
503.0 4.600802361928518e-08
504.0 4.59179256768234e-08
505.0 4.582782773436162e-08
506.0 4.5737729791899816e-08
507.0 4.564763184943803e-08
508.0 4.555753390697624e-08
509.0 4.546743596451445e-08
510.0 4.5377338022052653e-08
511.0 4.5287240079590866e-08
512.0 4.519714213712907e-08
513.0 4.510704419466729e-08
514.0 4.5016946252205484e-08
515.0 4.49268483097437e-08
516.0 4.483675036728192e-08
517.0 4.4746652424820115e-08
518.0 4.4656554482358315e-08
519.0 4.4566456539896534e-08
520.0 4.4476358597434733e-08
521.0 4.438626065497296e-08
522.0 4.429616271251117e-08
523.0 4.421625418356101e-08
524.0 4.4141446073309485e-08
525.0 4.4066637963057965e-08
526.0 4.399182985280645e-08
527.0 4.391702174255493e-08
528.0 4.384221363230341e-08
529.0 4.376740552205189e-08
530.0 4.3692597411800374e-08
531.0 4.361778930154887e-08
532.0 4.354298119129734e-08
533.0 4.346817308104583e-08
534.0 4.3393364970794315e-08
535.0 4.331855686054278e-08
536.0 4.324374875029127e-08
537.0 4.316894064003974e-08
538.0 4.309413252978822e-08
539.0 4.301932441953672e-08
540.0 4.294451630928519e-08
541.0 4.286970819903368e-08
542.0 4.279490008878216e-08
543.0 4.272009197853064e-08
544.0 4.2645283868279124e-08
545.0 4.257047575802761e-08
546.0 4.249566764777609e-08
547.0 4.242085953752458e-08
548.0 4.2346051427273045e-08
549.0 4.227124331702153e-08
550.0 4.2196435206770026e-08
551.0 4.2121627096518486e-08
552.0 4.204681898626698e-08
553.0 4.1972010876015454e-08
554.0 4.189720276576393e-08
555.0 4.182239465551243e-08
556.0 4.17475865452609e-08
557.0 4.167277843500938e-08
558.0 4.159797032475787e-08
559.0 4.152316221450635e-08
560.0 4.144835410425483e-08
561.0 4.137354599400331e-08
562.0 4.129873788375178e-08
563.0 4.122930672759737e-08
564.0 4.11668894109924e-08
565.0 4.110447209438741e-08
566.0 4.104205477778244e-08
567.0 4.097963746117747e-08
568.0 4.091722014457249e-08
569.0 4.0854802827967527e-08
570.0 4.079238551136254e-08
571.0 4.0729968194757555e-08
572.0 4.066755087815258e-08
573.0 4.060513356154761e-08
574.0 4.054271624494263e-08
575.0 4.048029892833765e-08
576.0 4.041788161173268e-08
577.0 4.0355464295127695e-08
578.0 4.0293046978522726e-08
579.0 4.023062966191775e-08
580.0 4.016821234531278e-08
581.0 4.010579502870779e-08
582.0 4.004337771210281e-08
583.0 3.998096039549784e-08
584.0 3.9918543078892865e-08
585.0 3.985612576228788e-08
586.0 3.97937084456829e-08
587.0 3.9731291129077925e-08
588.0 3.9668873812472956e-08
589.0 3.9606456495867974e-08
590.0 3.954403917926299e-08
591.0 3.948162186265803e-08
592.0 3.941920454605305e-08
593.0 3.935678722944807e-08
594.0 3.9294369912843096e-08
595.0 3.923195259623811e-08
596.0 3.916953527963314e-08
597.0 3.9107117963028175e-08
598.0 3.9044700646423186e-08
599.0 3.898228332981822e-08
600.0 3.8919866013213235e-08
601.0 3.885744869660825e-08
602.0 3.879503138000328e-08
603.0 3.873261406339831e-08
604.0 3.8670196746793326e-08
605.0 3.8607779430188343e-08
606.0 3.8546327763697937e-08
607.0 3.849332292830892e-08
608.0 3.8440318092919886e-08
609.0 3.8387313257530854e-08
610.0 3.833430842214183e-08
611.0 3.828130358675279e-08
612.0 3.8228298751363764e-08
613.0 3.8175293915974746e-08
614.0 3.8122289080585714e-08
615.0 3.806928424519668e-08
616.0 3.801627940980765e-08
617.0 3.7963274574418624e-08
618.0 3.791026973902959e-08
619.0 3.785726490364057e-08
620.0 3.780426006825154e-08
621.0 3.775125523286251e-08
622.0 3.7698250397473484e-08
623.0 3.764524556208445e-08
624.0 3.759224072669542e-08
625.0 3.7539235891306395e-08
626.0 3.748623105591736e-08
627.0 3.743322622052833e-08
628.0 3.7380221385139306e-08
629.0 3.7327216549750274e-08
630.0 3.727421171436125e-08
631.0 3.722120687897222e-08
632.0 3.716820204358319e-08
633.0 3.711519720819416e-08
634.0 3.7062192372805133e-08
635.0 3.70091875374161e-08
636.0 3.695618270202707e-08
637.0 3.6903177866638044e-08
638.0 3.685017303124901e-08
639.0 3.679716819585998e-08
640.0 3.674416336047097e-08
641.0 3.669115852508194e-08
642.0 3.66381536896929e-08
643.0 3.658514885430387e-08
644.0 3.6532144018914847e-08
645.0 3.6479139183525815e-08
646.0 3.642613434813679e-08
647.0 3.637312951274776e-08
648.0 3.6320124677358725e-08
649.0 3.6267119841969707e-08
650.0 3.6214115006580675e-08
651.0 3.616111017119165e-08
652.0 3.6108105335802604e-08
653.0 3.605846383188949e-08
654.0 3.6013214636987135e-08
655.0 3.596796544208477e-08
656.0 3.592271624718242e-08
657.0 3.5877467052280036e-08
658.0 3.5832217857377674e-08
659.0 3.578696866247532e-08
660.0 3.574171946757294e-08
661.0 3.569647027267058e-08
662.0 3.565122107776821e-08
663.0 3.560597188286585e-08
664.0 3.556072268796348e-08
665.0 3.551547349306112e-08
666.0 3.5470224298158745e-08
667.0 3.5424975103256397e-08
668.0 3.537972590835403e-08
669.0 3.533447671345166e-08
670.0 3.528922751854929e-08
671.0 3.524397832364693e-08
672.0 3.5198729128744574e-08
673.0 3.515347993384219e-08
674.0 3.510823073893983e-08
675.0 3.506298154403747e-08
676.0 3.50177323491351e-08
677.0 3.497248315423274e-08
678.0 3.492723395933037e-08
679.0 3.4881984764428e-08
680.0 3.483673556952564e-08
681.0 3.4791486374623277e-08
682.0 3.4746237179720915e-08
683.0 3.470098798481854e-08
684.0 3.4655738789916184e-08
685.0 3.4610489595013816e-08
686.0 3.456524040011145e-08
687.0 3.451999120520908e-08
688.0 3.447474201030672e-08
689.0 3.442949281540435e-08
690.0 3.4384243620501986e-08
691.0 3.433899442559962e-08
692.0 3.4293745230697256e-08
693.0 3.42484960357949e-08
694.0 3.420324684089253e-08
695.0 3.415799764599015e-08
696.0 3.41127484510878e-08
697.0 3.406749925618543e-08
698.0 3.402225006128307e-08
699.0 3.39770008663807e-08
700.0 3.3931751671478334e-08
701.0 3.388650247657597e-08
702.0 3.38412532816736e-08
703.0 3.3797050627736876e-08
704.0 3.375795455501537e-08
705.0 3.371885848229387e-08
706.0 3.3679762409572384e-08
707.0 3.364066633685088e-08
708.0 3.360157026412937e-08
709.0 3.356247419140788e-08
710.0 3.352337811868637e-08
711.0 3.3484282045964866e-08
712.0 3.344518597324338e-08
713.0 3.340608990052188e-08
714.0 3.3366993827800374e-08
715.0 3.332789775507888e-08
716.0 3.328880168235738e-08
717.0 3.3249705609635875e-08
718.0 3.321060953691438e-08
719.0 3.317151346419289e-08
720.0 3.313241739147137e-08
721.0 3.3093321318749884e-08
722.0 3.3054225246028384e-08
723.0 3.301512917330688e-08
724.0 3.297603310058537e-08
725.0 3.2936937027863885e-08
726.0 3.289784095514238e-08
727.0 3.285874488242088e-08
728.0 3.281964880969939e-08
729.0 3.278055273697789e-08
730.0 3.274145666425638e-08
731.0 3.270236059153489e-08
732.0 3.266326451881338e-08
733.0 3.2624168446091876e-08
734.0 3.258507237337039e-08
735.0 3.254597630064888e-08
736.0 3.2506880227927384e-08
737.0 3.24677841552059e-08
738.0 3.242868808248438e-08
739.0 3.238959200976289e-08
740.0 3.235049593704139e-08
741.0 3.2311399864319886e-08
742.0 3.227230379159839e-08
743.0 3.223320771887689e-08
744.0 3.2194111646155394e-08
745.0 3.215501557343389e-08
746.0 3.2115919500712395e-08
747.0 3.2076823427990895e-08
748.0 3.2037727355269396e-08
749.0 3.199863128254789e-08
750.0 3.1959535209826397e-08
751.0 3.19204391371049e-08
752.0 3.18813430643834e-08
753.0 3.184224699166189e-08
754.0 3.18031509189404e-08
755.0 3.176405484621889e-08
756.0 3.172495877349739e-08
757.0 3.168604361734277e-08
758.0 3.165211993717585e-08
759.0 3.161819625700893e-08
760.0 3.1584272576842004e-08
761.0 3.1550348896675086e-08
762.0 3.151642521650817e-08
763.0 3.1482501536341244e-08
764.0 3.144857785617431e-08
765.0 3.1414654176007394e-08
766.0 3.138073049584047e-08
767.0 3.1346806815673545e-08
768.0 3.131288313550662e-08
769.0 3.12789594553397e-08
770.0 3.124503577517278e-08
771.0 3.121111209500585e-08
772.0 3.1177188414838934e-08
773.0 3.114326473467201e-08
774.0 3.110934105450508e-08
775.0 3.107541737433816e-08
776.0 3.104149369417124e-08
777.0 3.100757001400431e-08
778.0 3.09736463338374e-08
779.0 3.093972265367047e-08
780.0 3.090579897350355e-08
781.0 3.0871875293336625e-08
782.0 3.08379516131697e-08
783.0 3.0804027933002776e-08
784.0 3.0770104252835844e-08
785.0 3.073618057266893e-08
786.0 3.0702256892502015e-08
787.0 3.066833321233509e-08
788.0 3.0634409532168165e-08
789.0 3.060048585200124e-08
790.0 3.0566562171834316e-08
791.0 3.05326384916674e-08
792.0 3.049871481150047e-08
793.0 3.046479113133355e-08
794.0 3.0430867451166624e-08
795.0 3.03969437709997e-08
796.0 3.036302009083278e-08
797.0 3.032909641066585e-08
798.0 3.029517273049894e-08
799.0 3.026124905033201e-08
800.0 3.022732537016509e-08
801.0 3.0193401689998164e-08
802.0 3.0159478009831246e-08
803.0 3.012555432966432e-08
804.0 3.0091630649497396e-08
805.0 3.005770696933047e-08
806.0 3.002378328916355e-08
807.0 2.998985960899662e-08
808.0 2.9955935928829704e-08
809.0 2.992201224866278e-08
810.0 2.9888088568495855e-08
811.0 2.985416488832893e-08
812.0 2.982024120816201e-08
813.0 2.978631752799509e-08
814.0 2.9752393847828163e-08
815.0 2.971847016766124e-08
816.0 2.9687391599628036e-08
817.0 2.965736456641723e-08
818.0 2.9627337533206426e-08
819.0 2.9597310499995608e-08
820.0 2.9567283466784796e-08
821.0 2.9537256433573995e-08
822.0 2.9507229400363183e-08
823.0 2.9477202367152375e-08
824.0 2.9447175333941567e-08
825.0 2.9417148300730755e-08
826.0 2.9387121267519944e-08
827.0 2.935709423430914e-08
828.0 2.932706720109833e-08
829.0 2.9297040167887512e-08
830.0 2.9267013134676707e-08
831.0 2.92369861014659e-08
832.0 2.920695906825509e-08
833.0 2.9176932035044283e-08
834.0 2.9146905001833475e-08
835.0 2.9116877968622663e-08
836.0 2.9086850935411858e-08
837.0 2.9056823902201043e-08
838.0 2.9026796868990242e-08
839.0 2.8996769835779427e-08
840.0 2.896674280256862e-08
841.0 2.893671576935781e-08
842.0 2.8906688736147002e-08
843.0 2.887666170293619e-08
844.0 2.8846634669725383e-08
845.0 2.8816607636514578e-08
846.0 2.8786580603303763e-08
847.0 2.8756553570092955e-08
848.0 2.872652653688215e-08
849.0 2.8696499503671335e-08
850.0 2.866647247046053e-08
851.0 2.8636445437249722e-08
852.0 2.860641840403891e-08
853.0 2.8576391370828102e-08
854.0 2.854636433761729e-08
855.0 2.851633730440648e-08
856.0 2.8486310271195674e-08
857.0 2.8456283237984863e-08
858.0 2.842625620477406e-08
859.0 2.8396229171563243e-08
860.0 2.8366202138352438e-08
861.0 2.833617510514163e-08
862.0 2.8306148071930815e-08
863.0 2.827612103872001e-08
864.0 2.8246094005509205e-08
865.0 2.821606697229839e-08
866.0 2.8186039939087582e-08
867.0 2.8156012905876774e-08
868.0 2.8125985872665963e-08
869.0 2.8095958839455158e-08
870.0 2.806593180624435e-08
871.0 2.8035904773033535e-08
872.0 2.8005877739822723e-08
873.0 2.797585070661192e-08
874.0 2.7945823673401113e-08
875.0 2.79157966401903e-08
876.0 2.788576960697949e-08
877.0 2.7855742573768682e-08
878.0 2.782571554055787e-08
879.0 2.7798800594333038e-08
880.0 2.777210409521967e-08
881.0 2.7745407596106298e-08
882.0 2.7718711096992928e-08
883.0 2.7692014597879554e-08
884.0 2.766531809876618e-08
885.0 2.7638621599652818e-08
886.0 2.761192510053944e-08
887.0 2.7585228601426068e-08
888.0 2.7558532102312698e-08
889.0 2.7531835603199325e-08
890.0 2.7505139104085958e-08
891.0 2.747844260497258e-08
892.0 2.7451746105859208e-08
893.0 2.742504960674584e-08
894.0 2.739835310763247e-08
895.0 2.73716566085191e-08
896.0 2.7344960109405725e-08
897.0 2.7318263610292352e-08
898.0 2.729156711117898e-08
899.0 2.7264870612065615e-08
900.0 2.7238174112952242e-08
901.0 2.7211477613838875e-08
902.0 2.7184781114725495e-08
903.0 2.7158084615612122e-08
904.0 2.7131388116498755e-08
905.0 2.7104691617385382e-08
906.0 2.707799511827202e-08
907.0 2.7051298619158646e-08
908.0 2.702460212004527e-08
909.0 2.69979056209319e-08
910.0 2.6971209121818526e-08
911.0 2.694451262270516e-08
912.0 2.6917816123591786e-08
913.0 2.689111962447841e-08
914.0 2.6864423125365046e-08
915.0 2.6837726626251673e-08
916.0 2.6811030127138303e-08
917.0 2.678433362802493e-08
918.0 2.6757637128911553e-08
919.0 2.6730940629798186e-08
920.0 2.6704244130684813e-08
921.0 2.6677547631571443e-08
922.0 2.6650851132458073e-08
923.0 2.6624154633344696e-08
924.0 2.659745813423133e-08
925.0 2.6570761635117956e-08
926.0 2.6544065136004583e-08
927.0 2.6517368636891217e-08
928.0 2.649067213777784e-08
929.0 2.6463975638664467e-08
930.0 2.64372791395511e-08
931.0 2.6410582640437727e-08
932.0 2.638388614132436e-08
933.0 2.6357189642210984e-08
934.0 2.6330493143097617e-08
935.0 2.630379664398424e-08
936.0 2.6277100144870867e-08
937.0 2.6250403645757504e-08
938.0 2.6223707146644127e-08
939.0 2.619701064753076e-08
940.0 2.6170314148417384e-08
941.0 2.6143617649304014e-08
942.0 2.6116921150190644e-08
943.0 2.6090224651077267e-08
944.0 2.6063528151963897e-08
945.0 2.603683165285053e-08
946.0 2.601106550583942e-08
947.0 2.5987450974381278e-08
948.0 2.596383644292313e-08
949.0 2.594022191146498e-08
950.0 2.5916607380006836e-08
951.0 2.589299284854869e-08
952.0 2.5869378317090542e-08
953.0 2.5845763785632392e-08
954.0 2.5822149254174245e-08
955.0 2.57985347227161e-08
956.0 2.5774920191257957e-08
957.0 2.5751305659799806e-08
958.0 2.5727691128341662e-08
959.0 2.5704076596883515e-08
960.0 2.5680462065425368e-08
961.0 2.565684753396722e-08
962.0 2.5633233002509077e-08
963.0 2.5609618471050933e-08
964.0 2.5586003939592786e-08
965.0 2.5562389408134636e-08
966.0 2.5538774876676492e-08
967.0 2.5515160345218345e-08
968.0 2.5491545813760198e-08
969.0 2.5467931282302047e-08
970.0 2.5444316750843903e-08
971.0 2.542070221938576e-08
972.0 2.539708768792761e-08
973.0 2.5373473156469465e-08
974.0 2.5349858625011318e-08
975.0 2.5326244093553167e-08
976.0 2.530262956209502e-08
977.0 2.527901503063688e-08
978.0 2.5255400499178733e-08
979.0 2.523178596772059e-08
980.0 2.5208171436262438e-08
981.0 2.5184556904804298e-08
982.0 2.516094237334615e-08
983.0 2.5137327841888003e-08
984.0 2.5113713310429846e-08
985.0 2.509009877897171e-08
986.0 2.5066484247513562e-08
987.0 2.504286971605541e-08
988.0 2.5019255184597264e-08
989.0 2.499564065313912e-08
990.0 2.4972026121680973e-08
991.0 2.4948411590222826e-08
992.0 2.4924797058764682e-08
993.0 2.4901182527306535e-08
994.0 2.4877567995848388e-08
995.0 2.485395346439024e-08
996.0 2.48303389329321e-08
997.0 2.4806724401473953e-08
998.0 2.4783109870015806e-08
999.0 2.475949533855765e-08
1000.0 2.47358808070995e-08
1001.0 2.4712266275641358e-08
1002.0 2.468865174418321e-08
1003.0 2.4665037212725063e-08
1004.0 2.4641422681266923e-08
1005.0 2.461780814980878e-08
1006.0 2.459419361835063e-08
1007.0 2.457057908689248e-08
1008.0 2.4546964555434338e-08
1009.0 2.452335002397619e-08
1010.0 2.4499735492518047e-08
1011.0 2.44761209610599e-08
1012.0 2.4452506429601752e-08
1013.0 2.4428891898143605e-08
1014.0 2.440527736668545e-08
1015.0 2.4381662835227304e-08
1016.0 2.4358048303769167e-08
1017.0 2.433443377231102e-08
1018.0 2.4310819240852873e-08
1019.0 2.4288234636723227e-08
1020.0 2.4266859237112474e-08
1021.0 2.424548383750171e-08
1022.0 2.422410843789095e-08
1023.0 2.4202733038280194e-08
1024.0 2.4181357638669428e-08
1025.0 2.415998223905867e-08
1026.0 2.4138606839447905e-08
1027.0 2.4117231439837155e-08
1028.0 2.4095856040226392e-08
1029.0 2.407448064061563e-08
1030.0 2.4053105241004866e-08
1031.0 2.403172984139411e-08
1032.0 2.401035444178335e-08
1033.0 2.3988979042172586e-08
1034.0 2.396760364256183e-08
1035.0 2.3946228242951073e-08
1036.0 2.3924852843340307e-08
1037.0 2.3903477443729547e-08
1038.0 2.3882102044118788e-08
1039.0 2.3860726644508028e-08
1040.0 2.383935124489727e-08
1041.0 2.3817975845286505e-08
1042.0 2.3796600445675752e-08
1043.0 2.377522504606499e-08
1044.0 2.375384964645423e-08
1045.0 2.3732474246843466e-08
1046.0 2.3711098847232706e-08
1047.0 2.3689723447621943e-08
1048.0 2.3668348048011186e-08
1049.0 2.364697264840043e-08
1050.0 2.3625597248789667e-08
1051.0 2.360422184917891e-08
1052.0 2.358284644956815e-08
1053.0 2.3561471049957384e-08
1054.0 2.3540095650346628e-08
1055.0 2.351872025073586e-08
1056.0 2.3497344851125105e-08
1057.0 2.347596945151435e-08
1058.0 2.3454594051903585e-08
1059.0 2.343321865229283e-08
1060.0 2.3411843252682066e-08
1061.0 2.339046785307131e-08
1062.0 2.336909245346054e-08
1063.0 2.3347717053849783e-08
1064.0 2.3326341654239026e-08
1065.0 2.3304966254628267e-08
1066.0 2.3283590855017507e-08
1067.0 2.3262215455406744e-08
1068.0 2.3240840055795984e-08
1069.0 2.3219464656185224e-08
1070.0 2.3198089256574464e-08
1071.0 2.3176713856963698e-08
1072.0 2.3155338457352945e-08
1073.0 2.3133963057742185e-08
1074.0 2.3112587658131422e-08
1075.0 2.3091212258520662e-08
1076.0 2.3069836858909906e-08
1077.0 2.3048461459299143e-08
1078.0 2.3027086059688383e-08
1079.0 2.3005710660077623e-08
1080.0 2.2984335260466863e-08
1081.0 2.29629598608561e-08
1082.0 2.2941584461245344e-08
1083.0 2.292020906163458e-08
1084.0 2.289883366202382e-08
1085.0 2.2877458262413064e-08
1086.0 2.2856082862802308e-08
1087.0 2.2834707463191545e-08
1088.0 2.2813332063580782e-08
1089.0 2.2791956663970025e-08
1090.0 2.2770581264359262e-08
1091.0 2.27492058647485e-08
1092.0 2.272783046513774e-08
1093.0 2.270645506552698e-08
1094.0 2.2685079665916223e-08
1095.0 2.266370426630546e-08
1096.0 2.2642328866694697e-08
1097.0 2.2620969390001294e-08
1098.0 2.260172966435891e-08
1099.0 2.258248993871653e-08
1100.0 2.2563250213074137e-08
1101.0 2.2544010487431757e-08
1102.0 2.2524770761789366e-08
1103.0 2.2505531036146985e-08
1104.0 2.2486291310504604e-08
1105.0 2.2467051584862216e-08
1106.0 2.244781185921983e-08
1107.0 2.2428572133577444e-08
1108.0 2.2409332407935063e-08
1109.0 2.2390092682292682e-08
1110.0 2.237085295665029e-08
1111.0 2.2351613231007907e-08
1112.0 2.2332373505365526e-08
1113.0 2.231313377972314e-08
1114.0 2.2293894054080758e-08
1115.0 2.2274654328438367e-08
1116.0 2.2255414602795986e-08
1117.0 2.22361748771536e-08
1118.0 2.221693515151122e-08
1119.0 2.2197695425868833e-08
1120.0 2.217845570022645e-08
1121.0 2.2159215974584065e-08
1122.0 2.2139976248941684e-08
1123.0 2.2120736523299296e-08
1124.0 2.2101496797656912e-08
1125.0 2.208225707201452e-08
1126.0 2.2063017346372146e-08
1127.0 2.2043777620729756e-08
1128.0 2.202453789508737e-08
1129.0 2.2005298169444987e-08
1130.0 2.1986058443802603e-08
1131.0 2.1966818718160222e-08
1132.0 2.1947578992517834e-08
1133.0 2.1928339266875443e-08
1134.0 2.1909099541233062e-08
1135.0 2.188985981559068e-08
1136.0 2.1870620089948297e-08
1137.0 2.1851380364305916e-08
1138.0 2.183214063866353e-08
1139.0 2.1812900913021144e-08
1140.0 2.1793661187378757e-08
1141.0 2.1774421461736376e-08
1142.0 2.1755181736093985e-08
1143.0 2.1735942010451604e-08
1144.0 2.1716702284809216e-08
1145.0 2.169746255916684e-08
1146.0 2.167822283352445e-08
1147.0 2.1658983107882064e-08
1148.0 2.1639743382239683e-08
1149.0 2.1620503656597302e-08
1150.0 2.160126393095491e-08
1151.0 2.1582024205312527e-08
1152.0 2.156278447967014e-08
1153.0 2.1543544754027755e-08
1154.0 2.1524305028385374e-08
1155.0 2.1505065302742993e-08
1156.0 2.148582557710061e-08
1157.0 2.1466585851458224e-08
1158.0 2.1447346125815847e-08
1159.0 2.1428106400173452e-08
1160.0 2.1408866674531068e-08
1161.0 2.138962694888868e-08
1162.0 2.1370387223246296e-08
1163.0 2.1351147497603915e-08
1164.0 2.1331907771961528e-08
1165.0 2.131266804631914e-08
1166.0 2.1293428320676766e-08
1167.0 2.1274188595034378e-08
1168.0 2.1254948869391994e-08
1169.0 2.1235709143749603e-08
1170.0 2.1216469418107222e-08
1171.0 2.119722969246484e-08
1172.0 2.1177989966822454e-08
1173.0 2.1158750241180066e-08
1174.0 2.1139510515537685e-08
1175.0 2.1120270789895304e-08
1176.0 2.1101031064252916e-08
1177.0 2.1081791338610532e-08
1178.0 2.1062551612968148e-08
1179.0 2.104331188732576e-08
1180.0 2.1024072161683373e-08
1181.0 2.1004832436040992e-08
1182.0 2.098662543764824e-08
1183.0 2.096940204625293e-08
1184.0 2.095217865485763e-08
1185.0 2.0934955263462326e-08
1186.0 2.0917731872067025e-08
1187.0 2.0900508480671717e-08
1188.0 2.088328508927642e-08
1189.0 2.0866061697881115e-08
1190.0 2.0848838306485814e-08
1191.0 2.0831614915090506e-08
1192.0 2.0814391523695202e-08
1193.0 2.0797168132299904e-08
1194.0 2.0779944740904596e-08
1195.0 2.0762721349509292e-08
1196.0 2.074549795811399e-08
1197.0 2.072827456671869e-08
1198.0 2.0711051175323385e-08
1199.0 2.0693827783928084e-08
1200.0 2.0676604392532783e-08
1201.0 2.065938100113748e-08
1202.0 2.0642157609742174e-08
1203.0 2.0624934218346866e-08
1204.0 2.060771082695157e-08
1205.0 2.0590487435556264e-08
1206.0 2.057326404416096e-08
1207.0 2.0556040652765658e-08
1208.0 2.0538817261370357e-08
1209.0 2.0521593869975056e-08
1210.0 2.0504370478579748e-08
1211.0 2.0487147087184447e-08
1212.0 2.0469923695789146e-08
1213.0 2.045270030439384e-08
1214.0 2.0435476912998533e-08
1215.0 2.0418253521603236e-08
1216.0 2.040103013020793e-08
1217.0 2.0383806738812633e-08
1218.0 2.0366583347417325e-08
1219.0 2.034935995602202e-08
1220.0 2.0332136564626723e-08
1221.0 2.031491317323142e-08
1222.0 2.029768978183611e-08
1223.0 2.028046639044081e-08
1224.0 2.026324299904551e-08
1225.0 2.024601960765021e-08
1226.0 2.0228796216254903e-08
1227.0 2.02115728248596e-08
1228.0 2.01943494334643e-08
1229.0 2.0177126042068996e-08
1230.0 2.0159902650673685e-08
1231.0 2.0142679259278387e-08
1232.0 2.012545586788309e-08
1233.0 2.0108232476487785e-08
1234.0 2.0091009085092477e-08
1235.0 2.007378569369718e-08
1236.0 2.005656230230187e-08
1237.0 2.0039338910906567e-08
1238.0 2.0022115519511266e-08
1239.0 2.000489212811596e-08
1240.0 1.998766873672066e-08
1241.0 1.9970445345325356e-08
1242.0 1.9953221953930058e-08
1243.0 1.9935998562534747e-08
1244.0 1.9918775171139452e-08
1245.0 1.9901551779744145e-08
1246.0 1.9884328388348843e-08
1247.0 1.986710499695354e-08
1248.0 1.9849881605558238e-08
1249.0 1.9832658214162933e-08
1250.0 1.981543482276763e-08
1251.0 1.979821143137233e-08
1252.0 1.978098803997703e-08
1253.0 1.976376464858172e-08
1254.0 1.9746541257186418e-08
1255.0 1.9729317865791117e-08
1256.0 1.9712094474395812e-08
1257.0 1.9694871083000508e-08
1258.0 1.9677647691605206e-08
1259.0 1.9660424300209905e-08
1260.0 1.9643200908814604e-08
1261.0 1.9625977517419296e-08
1262.0 1.9608754126024e-08
1263.0 1.9591530734628687e-08
1264.0 1.957430734323339e-08
1265.0 1.955708395183809e-08
1266.0 1.9539860560442787e-08
1267.0 1.952263716904748e-08
1268.0 1.950541377765218e-08
1269.0 1.9488190386256874e-08
1270.0 1.9470966994861566e-08
1271.0 1.9453743603466268e-08
1272.0 1.943652021207096e-08
1273.0 1.94201384991517e-08
1274.0 1.9404569671168412e-08
1275.0 1.9389000843185124e-08
1276.0 1.9373432015201836e-08
1277.0 1.935786318721855e-08
1278.0 1.934229435923527e-08
1279.0 1.9326725531251977e-08
1280.0 1.9311156703268692e-08
1281.0 1.9295587875285407e-08
1282.0 1.928001904730212e-08
1283.0 1.926445021931883e-08
1284.0 1.9248881391335546e-08
1285.0 1.923331256335226e-08
1286.0 1.9217743735368976e-08
1287.0 1.9202174907385684e-08
1288.0 1.9186606079402396e-08
1289.0 1.9171037251419114e-08
1290.0 1.915546842343583e-08
1291.0 1.913989959545254e-08
1292.0 1.912433076746925e-08
1293.0 1.9108761939485967e-08
1294.0 1.909319311150268e-08
1295.0 1.9077624283519394e-08
1296.0 1.906205545553611e-08
1297.0 1.904648662755281e-08
1298.0 1.903091779956953e-08
1299.0 1.9015348971586247e-08
1300.0 1.8999780143602962e-08
1301.0 1.8984211315619677e-08
1302.0 1.896864248763639e-08
1303.0 1.89530736596531e-08
1304.0 1.8937504831669812e-08
1305.0 1.8921936003686527e-08
1306.0 1.8906367175703246e-08
1307.0 1.889079834771996e-08
1308.0 1.8875229519736662e-08
1309.0 1.885966069175338e-08
1310.0 1.88440918637701e-08
1311.0 1.8828523035786814e-08
1312.0 1.881295420780352e-08
1313.0 1.8797385379820234e-08
1314.0 1.878181655183695e-08
1315.0 1.8766247723853654e-08
1316.0 1.875067889587038e-08
1317.0 1.8735110067887094e-08
1318.0 1.8719541239903802e-08
1319.0 1.8703972411920514e-08
1320.0 1.868840358393723e-08
1321.0 1.8672834755953947e-08
1322.0 1.8657265927970656e-08
1323.0 1.8641697099987367e-08
1324.0 1.8626128272004082e-08
1325.0 1.8610559444020797e-08
1326.0 1.8594990616037516e-08
1327.0 1.8579421788054224e-08
1328.0 1.8563852960070936e-08
1329.0 1.8548284132087654e-08
1330.0 1.853271530410436e-08
1331.0 1.851714647612108e-08
1332.0 1.8501577648137796e-08
1333.0 1.8486008820154507e-08
1334.0 1.8470439992171216e-08
1335.0 1.845487116418793e-08
1336.0 1.8439302336204652e-08
1337.0 1.8423733508221358e-08
1338.0 1.8408164680238073e-08
1339.0 1.8392595852254788e-08
1340.0 1.8377027024271493e-08
1341.0 1.8361458196288208e-08
1342.0 1.8345889368304926e-08
1343.0 1.833032054032164e-08
1344.0 1.8314751712338346e-08
1345.0 1.8299182884355064e-08
1346.0 1.828361405637178e-08
1347.0 1.826804522838849e-08
1348.0 1.8252476400405206e-08
1349.0 1.823690757242192e-08
1350.0 1.8221338744438633e-08
1351.0 1.820576991645534e-08
1352.0 1.8190201088472063e-08
1353.0 1.8174632260488774e-08
1354.0 1.815906343250549e-08
1355.0 1.8143494604522198e-08
1356.0 1.8127925776538913e-08
1357.0 1.811235694855563e-08
1358.0 1.8096788120572343e-08
1359.0 1.8081219292589058e-08
1360.0 1.8065650464605766e-08
1361.0 1.805008163662248e-08
1362.0 1.8034512808639193e-08
1363.0 1.8018943980655908e-08
1364.0 1.8003375152672623e-08
1365.0 1.7987806324689334e-08
1366.0 1.7972237496706046e-08
1367.0 1.795666866872276e-08
1368.0 1.7941099840739476e-08
1369.0 1.7925531012756194e-08
1370.0 1.79099621847729e-08
1371.0 1.7895185632298553e-08
1372.0 1.7881215014681624e-08
1373.0 1.78672443970647e-08
1374.0 1.785327377944777e-08
1375.0 1.7839303161830845e-08
1376.0 1.782533254421392e-08
1377.0 1.7811361926596988e-08
1378.0 1.7797391308980066e-08
1379.0 1.7783420691363144e-08
1380.0 1.7769450073746215e-08
1381.0 1.775547945612929e-08
1382.0 1.774150883851236e-08
1383.0 1.7727538220895436e-08
1384.0 1.771356760327851e-08
1385.0 1.7699596985661582e-08
1386.0 1.7685626368044657e-08
1387.0 1.7671655750427735e-08
1388.0 1.76576851328108e-08
1389.0 1.7643714515193878e-08
1390.0 1.7629743897576956e-08
1391.0 1.7615773279960027e-08
1392.0 1.76018026623431e-08
1393.0 1.7587832044726176e-08
1394.0 1.7573861427109244e-08
1395.0 1.7559890809492322e-08
1396.0 1.754592019187539e-08
1397.0 1.753194957425847e-08
1398.0 1.7517978956641546e-08
1399.0 1.7504008339024615e-08
1400.0 1.749003772140769e-08
1401.0 1.7476067103790764e-08
1402.0 1.746209648617384e-08
1403.0 1.7448125868556913e-08
1404.0 1.7434155250939988e-08
1405.0 1.742018463332306e-08
1406.0 1.7406214015706134e-08
1407.0 1.7392243398089202e-08
1408.0 1.737827278047228e-08
1409.0 1.7364302162855355e-08
1410.0 1.7350331545238426e-08
1411.0 1.73363609276215e-08
1412.0 1.7322390310004576e-08
1413.0 1.730841969238765e-08
1414.0 1.7294449074770725e-08
1415.0 1.7280478457153803e-08
1416.0 1.726650783953687e-08
1417.0 1.7252537221919946e-08
1418.0 1.7238566604303017e-08
1419.0 1.7224595986686092e-08
1420.0 1.7210625369069167e-08
1421.0 1.719665475145224e-08
1422.0 1.718268413383531e-08
1423.0 1.7168713516218384e-08
1424.0 1.715474289860146e-08
1425.0 1.7140772280984537e-08
1426.0 1.712680166336761e-08
1427.0 1.7112831045750683e-08
1428.0 1.7098860428133758e-08
1429.0 1.7084889810516832e-08
1430.0 1.7070919192899904e-08
1431.0 1.705694857528298e-08
1432.0 1.7042977957666053e-08
1433.0 1.7029007340049124e-08
1434.0 1.7015036722432196e-08
1435.0 1.7001066104815274e-08
1436.0 1.698709548719835e-08
1437.0 1.6973124869581423e-08
1438.0 1.6959154251964498e-08
1439.0 1.694518363434757e-08
1440.0 1.693121301673064e-08
1441.0 1.6917242399113715e-08
1442.0 1.690327178149679e-08
1443.0 1.6889301163879865e-08
1444.0 1.687533054626294e-08
1445.0 1.6861359928646008e-08
1446.0 1.6847389311029086e-08
1447.0 1.683341869341216e-08
1448.0 1.6819448075795235e-08
1449.0 1.680547745817831e-08
1450.0 1.679150684056138e-08
1451.0 1.6777536222944452e-08
1452.0 1.676356560532753e-08
1453.0 1.67495949877106e-08
1454.0 1.6735624370093673e-08
1455.0 1.6721653752476748e-08
1456.0 1.6707683134859823e-08
1457.0 1.6693712517242897e-08
1458.0 1.667974189962597e-08
1459.0 1.6665771282009047e-08
1460.0 1.665180066439212e-08
1461.0 1.6637830046775196e-08
1462.0 1.6623859429158267e-08
1463.0 1.660988881154134e-08
1464.0 1.659591819392441e-08
1465.0 1.6581947576307488e-08
1466.0 1.6567976958690563e-08
1467.0 1.6554006341073634e-08
1468.0 1.6540035723456706e-08
1469.0 1.6526065105839777e-08
1470.0 1.6512094488222855e-08
1471.0 1.649812387060593e-08
1472.0 1.6484153252989005e-08
1473.0 1.647018263537208e-08
1474.0 1.645621201775515e-08
1475.0 1.6442241400138222e-08
1476.0 1.64282707825213e-08
1477.0 1.6415688988388177e-08
1478.0 1.6403206362727772e-08
1479.0 1.639072373706737e-08
1480.0 1.637824111140696e-08
1481.0 1.636575848574656e-08
1482.0 1.635327586008615e-08
1483.0 1.6340793234425752e-08
1484.0 1.6328310608765347e-08
1485.0 1.6315827983104935e-08
1486.0 1.630334535744453e-08
1487.0 1.6290862731784128e-08
1488.0 1.6278380106123726e-08
1489.0 1.6265897480463318e-08
1490.0 1.6253414854802912e-08
1491.0 1.6240932229142507e-08
1492.0 1.6228449603482102e-08
1493.0 1.6215966977821697e-08
1494.0 1.6203484352161295e-08
1495.0 1.6191001726500893e-08
1496.0 1.6178519100840484e-08
1497.0 1.6166036475180082e-08
1498.0 1.6153553849519674e-08
1499.0 1.6141071223859265e-08
1500.0 1.6128588598198863e-08
1501.0 1.6116105972538458e-08
1502.0 1.6103623346878053e-08
1503.0 1.6091140721217644e-08
1504.0 1.6078658095557242e-08
1505.0 1.6066175469896837e-08
1506.0 1.6053692844236435e-08
1507.0 1.6041210218576027e-08
1508.0 1.6028727592915625e-08
1509.0 1.6016244967255216e-08
1510.0 1.6003762341594814e-08
1511.0 1.599127971593441e-08
1512.0 1.5978797090274e-08
1513.0 1.59663144646136e-08
1514.0 1.5953831838953193e-08
1515.0 1.5941349213292788e-08
1516.0 1.592886658763238e-08
1517.0 1.5916383961971978e-08
1518.0 1.5903901336311576e-08
1519.0 1.5891418710651167e-08
1520.0 1.5878936084990762e-08
1521.0 1.5866453459330354e-08
1522.0 1.585397083366995e-08
1523.0 1.5841488208009546e-08
1524.0 1.582900558234914e-08
1525.0 1.581652295668874e-08
1526.0 1.580404033102833e-08
1527.0 1.579155770536793e-08
1528.0 1.5779075079707523e-08
1529.0 1.5766592454047118e-08
1530.0 1.5754109828386713e-08
1531.0 1.5741627202726304e-08
1532.0 1.57291445770659e-08
1533.0 1.5716661951405494e-08
1534.0 1.5704179325745085e-08
1535.0 1.5691696700084684e-08
1536.0 1.567921407442428e-08
1537.0 1.5666731448763876e-08
1538.0 1.5654248823103474e-08
1539.0 1.5641766197443066e-08
1540.0 1.5629283571782664e-08
1541.0 1.5616800946122255e-08
1542.0 1.5604318320461854e-08
1543.0 1.5591835694801445e-08
1544.0 1.557935306914104e-08
1545.0 1.5566870443480634e-08
1546.0 1.555438781782023e-08
1547.0 1.554190519215982e-08
1548.0 1.552942256649942e-08
1549.0 1.5516939940839017e-08
1550.0 1.550445731517861e-08
1551.0 1.5491974689518206e-08
1552.0 1.5479492063857798e-08
1553.0 1.5467009438197396e-08
1554.0 1.5454526812536994e-08
1555.0 1.5442044186876585e-08
1556.0 1.542956156121618e-08
1557.0 1.5417078935555775e-08
1558.0 1.540459630989537e-08
1559.0 1.5392113684234965e-08
1560.0 1.537963105857456e-08
1561.0 1.5367148432914154e-08
1562.0 1.535466580725375e-08
1563.0 1.5342183181593344e-08
1564.0 1.532970055593294e-08
1565.0 1.5317217930272533e-08
1566.0 1.530473530461213e-08
1567.0 1.5292252678951726e-08
1568.0 1.527977005329132e-08
1569.0 1.5267287427630912e-08
1570.0 1.5254804801970507e-08
1571.0 1.5242322176310102e-08
1572.0 1.52298395506497e-08
1573.0 1.5217356924989295e-08
1574.0 1.5204874299328886e-08
1575.0 1.5192391673668484e-08
1576.0 1.517990904800808e-08
1577.0 1.5167426422347674e-08
1578.0 1.515494379668727e-08
1579.0 1.5142461171026863e-08
1580.0 1.5129978545366458e-08
1581.0 1.5117495919706053e-08
1582.0 1.5105013294045647e-08
1583.0 1.5092530668385242e-08
1584.0 1.5080048042724837e-08
1585.0 1.5067565417064435e-08
1586.0 1.505508279140403e-08
1587.0 1.504260016574362e-08
1588.0 1.503011754008322e-08
1589.0 1.5017634914422814e-08
1590.0 1.500548509918878e-08
1591.0 1.4994388633238714e-08
1592.0 1.498329216728865e-08
1593.0 1.497219570133858e-08
1594.0 1.4961099235388516e-08
1595.0 1.4950002769438445e-08
1596.0 1.493890630348838e-08
1597.0 1.4927809837538312e-08
1598.0 1.4916713371588247e-08
1599.0 1.490561690563818e-08
1600.0 1.4894520439688116e-08
1601.0 1.4883423973738049e-08
1602.0 1.4872327507787981e-08
1603.0 1.4861231041837913e-08
1604.0 1.4850134575887848e-08
1605.0 1.4839038109937785e-08
1606.0 1.4827941643987716e-08
1607.0 1.4816845178037648e-08
1608.0 1.4805748712087582e-08
1609.0 1.4794652246137514e-08
1610.0 1.4783555780187449e-08
1611.0 1.477245931423738e-08
1612.0 1.4761362848287319e-08
1613.0 1.4750266382337247e-08
1614.0 1.4739169916387183e-08
1615.0 1.4728073450437116e-08
1616.0 1.4716976984487051e-08
1617.0 1.4705880518536983e-08
1618.0 1.469478405258692e-08
1619.0 1.4683687586636847e-08
1620.0 1.467259112068678e-08
1621.0 1.4661494654736717e-08
1622.0 1.4650398188786649e-08
1623.0 1.4639301722836582e-08
1624.0 1.4628205256886517e-08
1625.0 1.461710879093645e-08
1626.0 1.4606012324986386e-08
1627.0 1.4594915859036318e-08
1628.0 1.458381939308625e-08
1629.0 1.4572722927136183e-08
1630.0 1.4561626461186115e-08
1631.0 1.4550529995236052e-08
1632.0 1.4539433529285983e-08
1633.0 1.4528337063335919e-08
1634.0 1.4517240597385852e-08
1635.0 1.4506144131435785e-08
1636.0 1.4495047665485717e-08
1637.0 1.448395119953565e-08
1638.0 1.4472854733585584e-08
1639.0 1.446175826763552e-08
1640.0 1.4450661801685453e-08
1641.0 1.4439565335735386e-08
1642.0 1.442846886978532e-08
1643.0 1.4417372403835252e-08
1644.0 1.4406275937885185e-08
1645.0 1.439517947193512e-08
1646.0 1.4384083005985052e-08
1647.0 1.4372986540034987e-08
1648.0 1.436189007408492e-08
1649.0 1.4350793608134852e-08
1650.0 1.4339697142184783e-08
1651.0 1.4328600676234721e-08
1652.0 1.4317504210284656e-08
1653.0 1.4306407744334586e-08
1654.0 1.429531127838452e-08
1655.0 1.4284214812434453e-08
1656.0 1.4273118346484387e-08
1657.0 1.426202188053432e-08
1658.0 1.4250925414584255e-08
1659.0 1.4239828948634184e-08
1660.0 1.4228732482684119e-08
1661.0 1.4217636016734054e-08
1662.0 1.4206539550783986e-08
1663.0 1.4195443084833921e-08
1664.0 1.4184346618883853e-08
1665.0 1.4173250152933788e-08
1666.0 1.4162153686983722e-08
1667.0 1.4151057221033653e-08
1668.0 1.4139960755083588e-08
1669.0 1.412886428913352e-08
1670.0 1.4117767823183452e-08
1671.0 1.410667135723339e-08
1672.0 1.4095574891283322e-08
1673.0 1.4084478425333251e-08
1674.0 1.407338195938319e-08
1675.0 1.4062285493433123e-08
1676.0 1.4051189027483055e-08
1677.0 1.4040092561532988e-08
1678.0 1.4028996095582923e-08
1679.0 1.4017899629632857e-08
1680.0 1.400680316368279e-08
1681.0 1.399570669773272e-08
1682.0 1.3984610231782657e-08
1683.0 1.3973513765832589e-08
1684.0 1.396241729988252e-08
1685.0 1.3951320833932458e-08
1686.0 1.3940224367982391e-08
1687.0 1.3929127902032323e-08
1688.0 1.3918031436082258e-08
1689.0 1.390693497013219e-08
1690.0 1.3895838504182125e-08
1691.0 1.3884742038232058e-08
1692.0 1.3873645572281989e-08
1693.0 1.3862549106331924e-08
1694.0 1.3851452640381857e-08
1695.0 1.384035617443179e-08
1696.0 1.3829259708481724e-08
1697.0 1.3818163242531656e-08
1698.0 1.380706677658159e-08
1699.0 1.3795970310631521e-08
1700.0 1.3784873844681456e-08
1701.0 1.3773777378731391e-08
1702.0 1.3762680912781327e-08
1703.0 1.375158444683126e-08
1704.0 1.3740487980881192e-08
1705.0 1.3729391514931125e-08
1706.0 1.371829504898106e-08
1707.0 1.370719858303099e-08
1708.0 1.3696102117080922e-08
1709.0 1.3685005651130858e-08
1710.0 1.367390918518079e-08
1711.0 1.3662812719230723e-08
1712.0 1.3651716253280663e-08
1713.0 1.3641641793231618e-08
1714.0 1.363183954162933e-08
1715.0 1.3622037290027039e-08
1716.0 1.361223503842475e-08
1717.0 1.360243278682246e-08
1718.0 1.359263053522017e-08
1719.0 1.358282828361788e-08
1720.0 1.3573026032015592e-08
1721.0 1.3563223780413302e-08
1722.0 1.3553421528811014e-08
1723.0 1.3543619277208722e-08
1724.0 1.3533817025606433e-08
1725.0 1.3524014774004144e-08
1726.0 1.3514212522401854e-08
1727.0 1.3504410270799566e-08
1728.0 1.3494608019197277e-08
1729.0 1.3484805767594988e-08
1730.0 1.3475003515992696e-08
1731.0 1.3465201264390409e-08
1732.0 1.3455399012788116e-08
1733.0 1.3445596761185828e-08
1734.0 1.343579450958354e-08
1735.0 1.342599225798125e-08
1736.0 1.3416190006378959e-08
1737.0 1.3406387754776673e-08
1738.0 1.339658550317438e-08
1739.0 1.3386783251572092e-08
1740.0 1.3376980999969806e-08
1741.0 1.3367178748367514e-08
1742.0 1.3357376496765227e-08
1743.0 1.3347574245162936e-08
1744.0 1.3337771993560647e-08
1745.0 1.3327969741958355e-08
1746.0 1.3318167490356068e-08
1747.0 1.3308365238753775e-08
1748.0 1.3298562987151485e-08
1749.0 1.3288760735549197e-08
1750.0 1.327895848394691e-08
1751.0 1.326915623234462e-08
1752.0 1.325935398074233e-08
1753.0 1.324955172914004e-08
1754.0 1.3239749477537748e-08
1755.0 1.322994722593546e-08
1756.0 1.3220144974333168e-08
1757.0 1.3210342722730882e-08
1758.0 1.3200540471128592e-08
1759.0 1.3190738219526301e-08
1760.0 1.3180935967924016e-08
1761.0 1.3171133716321725e-08
1762.0 1.3161331464719434e-08
1763.0 1.3151529213117142e-08
1764.0 1.3141726961514856e-08
1765.0 1.3131924709912569e-08
1766.0 1.3122122458310275e-08
1767.0 1.3112320206707988e-08
1768.0 1.3102517955105697e-08
1769.0 1.3092715703503408e-08
1770.0 1.3082913451901121e-08
1771.0 1.3073111200298832e-08
1772.0 1.3063308948696541e-08
1773.0 1.305350669709425e-08
1774.0 1.3043704445491963e-08
1775.0 1.3033902193889673e-08
1776.0 1.3024099942287379e-08
1777.0 1.3014297690685092e-08
1778.0 1.3004495439082806e-08
1779.0 1.2994693187480514e-08
1780.0 1.2984890935878225e-08
1781.0 1.2975088684275936e-08
1782.0 1.2965286432673645e-08
1783.0 1.2955484181071358e-08
1784.0 1.2945681929469069e-08
1785.0 1.2935879677866778e-08
1786.0 1.2926077426264491e-08
1787.0 1.2916275174662197e-08
1788.0 1.290647292305991e-08
1789.0 1.2896670671457619e-08
1790.0 1.288686841985533e-08
1791.0 1.287706616825304e-08
1792.0 1.2867263916650754e-08
1793.0 1.2857461665048465e-08
1794.0 1.284765941344617e-08
1795.0 1.2837857161843882e-08
1796.0 1.2828054910241593e-08
1797.0 1.2818252658639304e-08
1798.0 1.2808450407037015e-08
1799.0 1.2798648155434723e-08
1800.0 1.2788845903832437e-08
1801.0 1.2779043652230148e-08
1802.0 1.2769241400627857e-08
1803.0 1.2759439149025565e-08
1804.0 1.2749636897423278e-08
1805.0 1.2739834645820986e-08
1806.0 1.2730032394218702e-08
1807.0 1.2720230142616406e-08
1808.0 1.271042789101412e-08
1809.0 1.2700625639411831e-08
1810.0 1.269082338780954e-08
1811.0 1.2681021136207253e-08
1812.0 1.2671218884604961e-08
1813.0 1.2661416633002672e-08
1814.0 1.2651614381400385e-08
1815.0 1.2641812129798094e-08
1816.0 1.2632009878195804e-08
1817.0 1.2622207626593515e-08
1818.0 1.2612405374991224e-08
1819.0 1.2602603123388935e-08
1820.0 1.259280087178665e-08
1821.0 1.2582998620184356e-08
1822.0 1.257319636858207e-08
1823.0 1.2563394116979781e-08
1824.0 1.255359186537749e-08
1825.0 1.2543789613775198e-08
1826.0 1.253398736217291e-08
1827.0 1.2524185110570618e-08
1828.0 1.2514382858968333e-08
1829.0 1.2504580607366042e-08
1830.0 1.2494778355763753e-08
1831.0 1.2484976104161463e-08
1832.0 1.2475173852559175e-08
1833.0 1.2465371600956881e-08
1834.0 1.2455569349354594e-08
1835.0 1.2445767097752303e-08
1836.0 1.2435964846150016e-08
1837.0 1.242616259454773e-08
1838.0 1.2416360342945436e-08
1839.0 1.2406558091343146e-08
1840.0 1.2396755839740859e-08
1841.0 1.2386953588138566e-08
1842.0 1.2377151336536277e-08
1843.0 1.2367349084933987e-08
1844.0 1.2357546833331701e-08
1845.0 1.234879382079371e-08
1846.0 1.2340147665271638e-08
1847.0 1.2331501509749567e-08
1848.0 1.2322855354227492e-08
1849.0 1.231420919870542e-08
1850.0 1.2305563043183348e-08
1851.0 1.2296916887661279e-08
1852.0 1.2288270732139205e-08
1853.0 1.2279624576617135e-08
1854.0 1.2270978421095062e-08
1855.0 1.2262332265572985e-08
1856.0 1.2253686110050917e-08
1857.0 1.2245039954528842e-08
1858.0 1.2236393799006772e-08
1859.0 1.2227747643484699e-08
1860.0 1.2219101487962624e-08
1861.0 1.2210455332440556e-08
1862.0 1.2201809176918479e-08
1863.0 1.219316302139641e-08
1864.0 1.2184516865874336e-08
1865.0 1.217587071035226e-08
1866.0 1.2167224554830194e-08
1867.0 1.2158578399308119e-08
1868.0 1.2149932243786044e-08
1869.0 1.2141286088263976e-08
1870.0 1.2132639932741901e-08
1871.0 1.2123993777219831e-08
1872.0 1.2115347621697756e-08
1873.0 1.2106701466175688e-08
1874.0 1.2098055310653614e-08
1875.0 1.2089409155131543e-08
1876.0 1.2080762999609468e-08
1877.0 1.2072116844087395e-08
1878.0 1.2063470688565326e-08
1879.0 1.2054824533043251e-08
1880.0 1.2046178377521181e-08
1881.0 1.2037532221999105e-08
1882.0 1.2028886066477035e-08
1883.0 1.2020239910954961e-08
1884.0 1.2011593755432891e-08
1885.0 1.200294759991082e-08
1886.0 1.1994301444388747e-08
1887.0 1.1985655288866675e-08
1888.0 1.1977009133344603e-08
1889.0 1.1968362977822528e-08
1890.0 1.1959716822300457e-08
1891.0 1.1951070666778383e-08
1892.0 1.1942424511256312e-08
1893.0 1.1933778355734239e-08
1894.0 1.1925132200212167e-08
1895.0 1.1916486044690097e-08
1896.0 1.1907839889168022e-08
1897.0 1.189919373364595e-08
1898.0 1.1890547578123875e-08
1899.0 1.1881901422601804e-08
1900.0 1.1873255267079734e-08
1901.0 1.186460911155766e-08
1902.0 1.1855962956035586e-08
1903.0 1.1847316800513517e-08
1904.0 1.1838670644991442e-08
1905.0 1.183002448946937e-08
1906.0 1.1821378333947297e-08
1907.0 1.1812732178425224e-08
1908.0 1.1804086022903157e-08
1909.0 1.1795439867381082e-08
1910.0 1.1786793711859011e-08
1911.0 1.1778147556336938e-08
1912.0 1.1769501400814866e-08
1913.0 1.1760855245292794e-08
1914.0 1.1752209089770723e-08
1915.0 1.1743562934248648e-08
1916.0 1.1734916778726574e-08
1917.0 1.1726270623204503e-08
1918.0 1.1717624467682433e-08
1919.0 1.1708978312160356e-08
1920.0 1.1700332156638288e-08
1921.0 1.1691686001116216e-08
1922.0 1.1683039845594141e-08
1923.0 1.1674393690072068e-08
1924.0 1.1665747534549998e-08
1925.0 1.1657101379027925e-08
1926.0 1.1648455223505853e-08
1927.0 1.163980906798378e-08
1928.0 1.1631162912461705e-08
1929.0 1.162251675693964e-08
1930.0 1.1613870601417565e-08
1931.0 1.1605224445895492e-08
1932.0 1.1596578290373417e-08
1933.0 1.1587932134851345e-08
1934.0 1.1579285979329273e-08
1935.0 1.1570639823807204e-08
1936.0 1.1561993668285127e-08
1937.0 1.1553347512763057e-08
1938.0 1.1544701357240982e-08
1939.0 1.1536055201718914e-08
1940.0 1.152740904619684e-08
1941.0 1.1518762890674765e-08
1942.0 1.1510116735152697e-08
1943.0 1.1501470579630625e-08
1944.0 1.1492824424108552e-08
1945.0 1.1484178268586477e-08
1946.0 1.1475532113064407e-08
1947.0 1.1466885957542334e-08
1948.0 1.1458239802020264e-08
1949.0 1.1449593646498189e-08
1950.0 1.1440947490976114e-08
1951.0 1.1432301335454044e-08
1952.0 1.1423655179931973e-08
1953.0 1.1415009024409898e-08
1954.0 1.140636286888783e-08
1955.0 1.139771671336576e-08
1956.0 1.1389070557843684e-08
1957.0 1.138042440232161e-08
1958.0 1.1371778246799541e-08
1959.0 1.1363132091277466e-08
1960.0 1.1354485935755396e-08
1961.0 1.1345839780233323e-08
1962.0 1.1337193624711246e-08
1963.0 1.132854746918918e-08
1964.0 1.1319901313667105e-08
1965.0 1.1311255158145035e-08
1966.0 1.130260900262296e-08
1967.0 1.1293962847100885e-08
1968.0 1.1285316691578816e-08
1969.0 1.1276670536056745e-08
1970.0 1.126802438053467e-08
1971.0 1.1259378225012597e-08
1972.0 1.1250732069490525e-08
1973.0 1.1242085913968455e-08
1974.0 1.1233439758446382e-08
1975.0 1.1224793602924308e-08
1976.0 1.1216147447402238e-08
1977.0 1.1207501291880165e-08
1978.0 1.1198855136358094e-08
1979.0 1.1190208980836019e-08
1980.0 1.118156282531395e-08
1981.0 1.1172916669791875e-08
1982.0 1.1164270514269802e-08
1983.0 1.1155624358747729e-08
1984.0 1.1146978203225657e-08
1985.0 1.1138332047703582e-08
1986.0 1.1129685892181512e-08
1987.0 1.1122018174536502e-08
1988.0 1.1114500136535431e-08
1989.0 1.1106982098534357e-08
1990.0 1.1099464060533284e-08
1991.0 1.1091946022532215e-08
1992.0 1.1084427984531143e-08
1993.0 1.1076909946530069e-08
1994.0 1.1069391908528995e-08
1995.0 1.1061873870527923e-08
1996.0 1.105435583252685e-08
1997.0 1.1046837794525779e-08
1998.0 1.1039319756524702e-08
1999.0 1.1031801718523635e-08
2000.0 1.1024283680522556e-08
2001.0 1.1016765642521486e-08
2002.0 1.1009247604520414e-08
2003.0 1.100172956651934e-08
2004.0 1.0994211528518266e-08
2005.0 1.0986693490517194e-08
2006.0 1.0979175452516122e-08
2007.0 1.097165741451505e-08
2008.0 1.0964139376513976e-08
2009.0 1.0956621338512904e-08
2010.0 1.0949103300511834e-08
2011.0 1.0941585262510757e-08
2012.0 1.0934067224509686e-08
2013.0 1.0926549186508612e-08
2014.0 1.0919031148507542e-08
2015.0 1.091151311050647e-08
2016.0 1.0903995072505395e-08
2017.0 1.0896477034504322e-08
2018.0 1.0888958996503249e-08
2019.0 1.0881440958502177e-08
2020.0 1.0873922920501103e-08
2021.0 1.086640488250003e-08
2022.0 1.0858886844498959e-08
2023.0 1.0851368806497887e-08
2024.0 1.0843850768496815e-08
2025.0 1.0836332730495741e-08
2026.0 1.0828814692494669e-08
2027.0 1.0821296654493597e-08
2028.0 1.0813778616492525e-08
2029.0 1.080626057849145e-08
2030.0 1.0798742540490375e-08
2031.0 1.0791224502489302e-08
2032.0 1.0783706464488231e-08
2033.0 1.0776188426487156e-08
2034.0 1.0768670388486084e-08
2035.0 1.0761152350485013e-08
2036.0 1.0753634312483941e-08
2037.0 1.0746116274482868e-08
2038.0 1.0738598236481794e-08
2039.0 1.073108019848072e-08
2040.0 1.072356216047965e-08
2041.0 1.071604412247858e-08
2042.0 1.0708526084477507e-08
2043.0 1.0701008046476433e-08
2044.0 1.0693490008475358e-08
2045.0 1.0685971970474288e-08
2046.0 1.0678453932473214e-08
2047.0 1.067093589447214e-08
2048.0 1.0663417856471068e-08
2049.0 1.0655899818469994e-08
2050.0 1.0648381780468922e-08
2051.0 1.0640863742467848e-08
2052.0 1.0633345704466776e-08
2053.0 1.0625827666465706e-08
2054.0 1.0618309628464629e-08
2055.0 1.0610791590463558e-08
2056.0 1.0603273552462483e-08
2057.0 1.0595755514461413e-08
2058.0 1.0588237476460342e-08
2059.0 1.0580719438459267e-08
2060.0 1.0573201400458193e-08
2061.0 1.0565683362457126e-08
2062.0 1.055816532445605e-08
2063.0 1.0550647286454977e-08
2064.0 1.0543129248453905e-08
2065.0 1.0535611210452833e-08
2066.0 1.0528093172451759e-08
2067.0 1.0520575134450682e-08
2068.0 1.0513057096449615e-08
2069.0 1.0505539058448541e-08
2070.0 1.0498021020447469e-08
2071.0 1.0490502982446397e-08
2072.0 1.0482984944445321e-08
2073.0 1.0475466906444251e-08
2074.0 1.0467948868443179e-08
2075.0 1.0460430830442105e-08
2076.0 1.0452912792441031e-08
2077.0 1.0445394754439958e-08
2078.0 1.0437876716438884e-08
2079.0 1.0430358678437813e-08
2080.0 1.042284064043674e-08
2081.0 1.0415322602435668e-08
2082.0 1.0407804564434596e-08
2083.0 1.0400286526433523e-08
2084.0 1.039276848843245e-08
2085.0 1.0385250450431374e-08
2086.0 1.0377732412430302e-08
2087.0 1.0370214374429228e-08
2088.0 1.0362696336428158e-08
2089.0 1.035517829842709e-08
2090.0 1.0347660260426014e-08
2091.0 1.0340142222424942e-08
2092.0 1.0332624184423866e-08
2093.0 1.0325106146422796e-08
2094.0 1.0317588108421724e-08
2095.0 1.031007007042065e-08
2096.0 1.0302552032419578e-08
2097.0 1.0295033994418504e-08
2098.0 1.0287515956417432e-08
2099.0 1.0279997918416358e-08
2100.0 1.0272479880415283e-08
2101.0 1.0264961842414214e-08
2102.0 1.0257443804413139e-08
2103.0 1.0249925766412065e-08
2104.0 1.0242407728410995e-08
2105.0 1.0234889690409921e-08
2106.0 1.0227371652408849e-08
2107.0 1.0219853614407775e-08
2108.0 1.0212335576406705e-08
2109.0 1.0204817538405633e-08
2110.0 1.0197299500404557e-08
2111.0 1.0189781462403488e-08
2112.0 1.0182263424402415e-08
2113.0 1.0174745386401343e-08
2114.0 1.0167227348400269e-08
2115.0 1.0159709310399197e-08
2116.0 1.0152191272398121e-08
2117.0 1.014467323439705e-08
2118.0 1.0137155196395974e-08
2119.0 1.0129637158394904e-08
2120.0 1.012211912039383e-08
2121.0 1.0114601082392758e-08
2122.0 1.0107083044391684e-08
2123.0 1.0099565006390614e-08
2124.0 1.0092046968389541e-08
2125.0 1.0084528930388468e-08
2126.0 1.0077010892387396e-08
2127.0 1.0069492854386324e-08
2128.0 1.006197481638525e-08
2129.0 1.0054456778384176e-08
2130.0 1.0046938740383106e-08
2131.0 1.003942070238203e-08
2132.0 1.0031902664380956e-08
2133.0 1.0024384626379883e-08
2134.0 1.0016866588378812e-08
2135.0 1.000934855037774e-08
2136.0 1.0001830512376666e-08
2137.0 9.994312474375596e-09
2138.0 9.98679443637452e-09
2139.0 9.97927639837345e-09
2140.0 9.972671563716289e-09
2141.0 9.96618365776822e-09
2142.0 9.959695751820149e-09
2143.0 9.953207845872078e-09
2144.0 9.94671993992401e-09
2145.0 9.94023203397594e-09
2146.0 9.933744128027873e-09
2147.0 9.927256222079802e-09
2148.0 9.920768316131731e-09
2149.0 9.914280410183664e-09
2150.0 9.907792504235593e-09
2151.0 9.901304598287523e-09
2152.0 9.894816692339455e-09
2153.0 9.888328786391385e-09
2154.0 9.881840880443316e-09
2155.0 9.875352974495246e-09
2156.0 9.868865068547176e-09
2157.0 9.862377162599105e-09
2158.0 9.855889256651038e-09
2159.0 9.849401350702969e-09
2160.0 9.8429134447549e-09
2161.0 9.836425538806829e-09
2162.0 9.829937632858758e-09
2163.0 9.823449726910692e-09
2164.0 9.816961820962623e-09
2165.0 9.810473915014551e-09
2166.0 9.80398600906648e-09
2167.0 9.797498103118411e-09
2168.0 9.791010197170346e-09
2169.0 9.784522291222273e-09
2170.0 9.778034385274206e-09
2171.0 9.771546479326132e-09
2172.0 9.765058573378064e-09
2173.0 9.758570667429997e-09
2174.0 9.752082761481928e-09
2175.0 9.745594855533857e-09
2176.0 9.739106949585785e-09
2177.0 9.732619043637718e-09
2178.0 9.726131137689647e-09
2179.0 9.719643231741578e-09
2180.0 9.713155325793507e-09
2181.0 9.706667419845438e-09
2182.0 9.70017951389737e-09
2183.0 9.693691607949302e-09
2184.0 9.687203702001231e-09
2185.0 9.68071579605316e-09
2186.0 9.674227890105093e-09
2187.0 9.667739984157022e-09
2188.0 9.661252078208955e-09
2189.0 9.654764172260884e-09
2190.0 9.648276266312813e-09
2191.0 9.641788360364744e-09
2192.0 9.635300454416677e-09
2193.0 9.628812548468606e-09
2194.0 9.622324642520535e-09
2195.0 9.615836736572466e-09
2196.0 9.609348830624397e-09
2197.0 9.602860924676327e-09
2198.0 9.596373018728261e-09
2199.0 9.589885112780187e-09
2200.0 9.58339720683212e-09
2201.0 9.576909300884049e-09
2202.0 9.570421394935981e-09
2203.0 9.56393348898791e-09
2204.0 9.55744558303984e-09
2205.0 9.550957677091771e-09
2206.0 9.544469771143702e-09
2207.0 9.537981865195633e-09
2208.0 9.531493959247562e-09
2209.0 9.525006053299491e-09
2210.0 9.518518147351426e-09
2211.0 9.512030241403358e-09
2212.0 9.505542335455284e-09
2213.0 9.499054429507215e-09
2214.0 9.492566523559145e-09
2215.0 9.486078617611077e-09
2216.0 9.47959071166301e-09
2217.0 9.473102805714936e-09
2218.0 9.466614899766868e-09
2219.0 9.4601269938188e-09
2220.0 9.45363908787073e-09
2221.0 9.447151181922661e-09
2222.0 9.440663275974592e-09
2223.0 9.434175370026518e-09
2224.0 9.427687464078452e-09
2225.0 9.421199558130383e-09
2226.0 9.414711652182311e-09
2227.0 9.408223746234242e-09
2228.0 9.401735840286173e-09
2229.0 9.395247934338104e-09
2230.0 9.388760028390033e-09
2231.0 9.382272122441963e-09
2232.0 9.375784216493895e-09
2233.0 9.369296310545826e-09
2234.0 9.362808404597759e-09
2235.0 9.356320498649688e-09
2236.0 9.349832592701617e-09
2237.0 9.343344686753545e-09
2238.0 9.336856780805481e-09
2239.0 9.330368874857408e-09
2240.0 9.32388096890934e-09
2241.0 9.317393062961269e-09
2242.0 9.3109051570132e-09
2243.0 9.30441725106513e-09
2244.0 9.29792934511706e-09
2245.0 9.291441439168991e-09
2246.0 9.284953533220922e-09
2247.0 9.278465627272853e-09
2248.0 9.271977721324782e-09
2249.0 9.265489815376713e-09
2250.0 9.259001909428642e-09
2251.0 9.252514003480573e-09
2252.0 9.246026097532506e-09
2253.0 9.239538191584437e-09
2254.0 9.233050285636366e-09
2255.0 9.226562379688295e-09
2256.0 9.220074473740225e-09
2257.0 9.213586567792157e-09
2258.0 9.207098661844088e-09
2259.0 9.200610755896018e-09
2260.0 9.19412284994795e-09
2261.0 9.18763494399988e-09
2262.0 9.18114703805181e-09
2263.0 9.174659132103743e-09
2264.0 9.168171226155669e-09
2265.0 9.1616833202076e-09
2266.0 9.15519541425953e-09
2267.0 9.148707508311465e-09
2268.0 9.142219602363393e-09
2269.0 9.135731696415324e-09
2270.0 9.129243790467253e-09
2271.0 9.122755884519184e-09
2272.0 9.116267978571115e-09
2273.0 9.109780072623044e-09
2274.0 9.103292166674977e-09
2275.0 9.096804260726906e-09
2276.0 9.090316354778837e-09
2277.0 9.083828448830767e-09
2278.0 9.077340542882697e-09
2279.0 9.070852636934627e-09
2280.0 9.06436473098656e-09
2281.0 9.05787682503849e-09
2282.0 9.05138891909042e-09
2283.0 9.04490101314235e-09
2284.0 9.03841310719428e-09
2285.0 9.031925201246213e-09
2286.0 9.025437295298143e-09
2287.0 9.018949389350073e-09
2288.0 9.012461483402002e-09
2289.0 9.005973577453933e-09
2290.0 8.999485671505864e-09
2291.0 8.992997765557795e-09
2292.0 8.986509859609724e-09
2293.0 8.980021953661654e-09
2294.0 8.973534047713584e-09
2295.0 8.967046141765519e-09
2296.0 8.96055823581745e-09
2297.0 8.954070329869379e-09
2298.0 8.947582423921307e-09
2299.0 8.94109451797324e-09
2300.0 8.934606612025169e-09
2301.0 8.9281187060771e-09
2302.0 8.921630800129029e-09
2303.0 8.915142894180961e-09
2304.0 8.908762144903049e-09
2305.0 8.903149730600253e-09
2306.0 8.897537316297454e-09
2307.0 8.891924901994652e-09
2308.0 8.886312487691857e-09
2309.0 8.88070007338906e-09
2310.0 8.875087659086259e-09
2311.0 8.869475244783457e-09
2312.0 8.863862830480661e-09
2313.0 8.85825041617786e-09
2314.0 8.852638001875067e-09
2315.0 8.847025587572263e-09
2316.0 8.841413173269464e-09
2317.0 8.835800758966665e-09
2318.0 8.830188344663866e-09
2319.0 8.824575930361066e-09
2320.0 8.818963516058268e-09
2321.0 8.813351101755471e-09
2322.0 8.807738687452669e-09
2323.0 8.802126273149872e-09
2324.0 8.79651385884707e-09
2325.0 8.790901444544276e-09
2326.0 8.785289030241473e-09
2327.0 8.779676615938675e-09
2328.0 8.774064201635877e-09
2329.0 8.768451787333078e-09
2330.0 8.76283937303028e-09
2331.0 8.75722695872748e-09
2332.0 8.751614544424682e-09
2333.0 8.74600213012188e-09
2334.0 8.740389715819084e-09
2335.0 8.734777301516284e-09
2336.0 8.729164887213486e-09
2337.0 8.723552472910684e-09
2338.0 8.717940058607885e-09
2339.0 8.712327644305088e-09
2340.0 8.706715230002289e-09
2341.0 8.70110281569949e-09
2342.0 8.69549040139669e-09
2343.0 8.689877987093891e-09
2344.0 8.684265572791095e-09
2345.0 8.678653158488295e-09
2346.0 8.673040744185494e-09
2347.0 8.667428329882697e-09
2348.0 8.661815915579895e-09
2349.0 8.656203501277098e-09
2350.0 8.650591086974297e-09
2351.0 8.644978672671502e-09
2352.0 8.639366258368703e-09
2353.0 8.6337538440659e-09
2354.0 8.628141429763103e-09
2355.0 8.622529015460306e-09
2356.0 8.616916601157505e-09
2357.0 8.611304186854703e-09
2358.0 8.605691772551908e-09
2359.0 8.600079358249107e-09
2360.0 8.594466943946307e-09
2361.0 8.58885452964351e-09
2362.0 8.58324211534071e-09
2363.0 8.577629701037912e-09
2364.0 8.572017286735114e-09
2365.0 8.566404872432316e-09
2366.0 8.560792458129515e-09
2367.0 8.555180043826715e-09
2368.0 8.549567629523916e-09
2369.0 8.54395521522112e-09
2370.0 8.538342800918318e-09
2371.0 8.53273038661552e-09
2372.0 8.527117972312722e-09
2373.0 8.521505558009921e-09
2374.0 8.515893143707126e-09
2375.0 8.510280729404325e-09
2376.0 8.504668315101526e-09
2377.0 8.499055900798727e-09
2378.0 8.493443486495925e-09
2379.0 8.487831072193128e-09
2380.0 8.48221865789033e-09
2381.0 8.47660624358753e-09
2382.0 8.470993829284731e-09
2383.0 8.465381414981931e-09
2384.0 8.459769000679135e-09
2385.0 8.454156586376335e-09
2386.0 8.448544172073534e-09
2387.0 8.442931757770735e-09
2388.0 8.43731934346794e-09
2389.0 8.43170692916514e-09
2390.0 8.426094514862339e-09
2391.0 8.420482100559541e-09
2392.0 8.414869686256741e-09
2393.0 8.409257271953944e-09
2394.0 8.403644857651143e-09
2395.0 8.398032443348344e-09
2396.0 8.392420029045545e-09
2397.0 8.386807614742748e-09
2398.0 8.381195200439946e-09
2399.0 8.375582786137149e-09
2400.0 8.369970371834348e-09
2401.0 8.364357957531551e-09
2402.0 8.35874554322875e-09
2403.0 8.353133128925953e-09
2404.0 8.347520714623156e-09
2405.0 8.341908300320354e-09
2406.0 8.336295886017553e-09
2407.0 8.330683471714758e-09
2408.0 8.325071057411959e-09
2409.0 8.319458643109158e-09
2410.0 8.31384622880636e-09
2411.0 8.30823381450356e-09
2412.0 8.302621400200762e-09
2413.0 8.297008985897963e-09
2414.0 8.291396571595164e-09
2415.0 8.285784157292365e-09
2416.0 8.280171742989566e-09
2417.0 8.274559328686766e-09
2418.0 8.268946914383968e-09
2419.0 8.26333450008117e-09
2420.0 8.257722085778369e-09
2421.0 8.252109671475572e-09
2422.0 8.24649725717277e-09
2423.0 8.240884842869972e-09
2424.0 8.235272428567172e-09
2425.0 8.229660014264375e-09
2426.0 8.224047599961574e-09
2427.0 8.218435185658777e-09
2428.0 8.21282277135598e-09
2429.0 8.20721035705318e-09
2430.0 8.201597942750379e-09
2431.0 8.195985528447581e-09
2432.0 8.190373114144783e-09
2433.0 8.184760699841984e-09
2434.0 8.179148285539183e-09
2435.0 8.173535871236384e-09
2436.0 8.167923456933585e-09
2437.0 8.162311042630785e-09
2438.0 8.156698628327991e-09
2439.0 8.151086214025189e-09
2440.0 8.14547379972239e-09
2441.0 8.139861385419591e-09
2442.0 8.13424897111679e-09
2443.0 8.128636556813993e-09
2444.0 8.123024142511194e-09
2445.0 8.117411728208395e-09
2446.0 8.111799313905595e-09
2447.0 8.106186899602796e-09
2448.0 8.100574485299999e-09
2449.0 8.0949620709972e-09
2450.0 8.089349656694401e-09
2451.0 8.083737242391602e-09
2452.0 8.078124828088802e-09
2453.0 8.072512413786003e-09
2454.0 8.066899999483204e-09
2455.0 8.061287585180407e-09
2456.0 8.055675170877606e-09
2457.0 8.050062756574809e-09
2458.0 8.04445034227201e-09
2459.0 8.038837927969208e-09
2460.0 8.03322551366641e-09
2461.0 8.02761309936361e-09
2462.0 8.022000685060813e-09
2463.0 8.016388270758012e-09
2464.0 8.010775856455215e-09
2465.0 8.005163442152416e-09
2466.0 7.999551027849617e-09
2467.0 7.993938613546817e-09
2468.0 7.98832619924402e-09
2469.0 7.982713784941219e-09
2470.0 7.97710137063842e-09
2471.0 7.971488956335621e-09
2472.0 7.965876542032823e-09
2473.0 7.960264127730024e-09
2474.0 7.954651713427225e-09
2475.0 7.949039299124426e-09
2476.0 7.943426884821627e-09
2477.0 7.937814470518826e-09
2478.0 7.93220205621603e-09
2479.0 7.926589641913229e-09
2480.0 7.920977227610431e-09
2481.0 7.915364813307631e-09
2482.0 7.910311799540985e-09
2483.0 7.905537523292815e-09
2484.0 7.900763247044645e-09
2485.0 7.895988970796474e-09
2486.0 7.891214694548306e-09
2487.0 7.886440418300132e-09
2488.0 7.881666142051963e-09
2489.0 7.876891865803791e-09
2490.0 7.872117589555623e-09
2491.0 7.867343313307449e-09
2492.0 7.86256903705928e-09
2493.0 7.857794760811108e-09
2494.0 7.85302048456294e-09
2495.0 7.848246208314768e-09
2496.0 7.843471932066595e-09
2497.0 7.838697655818425e-09
2498.0 7.833923379570255e-09
2499.0 7.829149103322084e-09
2500.0 7.824374827073914e-09
2501.0 7.819600550825742e-09
2502.0 7.814826274577572e-09
2503.0 7.810051998329401e-09
2504.0 7.805277722081233e-09
2505.0 7.800503445833059e-09
2506.0 7.795729169584889e-09
2507.0 7.790954893336718e-09
2508.0 7.78618061708855e-09
2509.0 7.781406340840378e-09
2510.0 7.776632064592207e-09
2511.0 7.771857788344035e-09
2512.0 7.767083512095865e-09
2513.0 7.762309235847695e-09
2514.0 7.757534959599524e-09
2515.0 7.752760683351354e-09
2516.0 7.747986407103182e-09
2517.0 7.743212130855013e-09
2518.0 7.738437854606841e-09
2519.0 7.73366357835867e-09
2520.0 7.728889302110499e-09
2521.0 7.72411502586233e-09
2522.0 7.71934074961416e-09
2523.0 7.714566473365988e-09
2524.0 7.709792197117817e-09
2525.0 7.705017920869644e-09
2526.0 7.700243644621475e-09
2527.0 7.695469368373306e-09
2528.0 7.690695092125133e-09
2529.0 7.68592081587696e-09
2530.0 7.681146539628792e-09
2531.0 7.67637226338062e-09
2532.0 7.671597987132451e-09
2533.0 7.66682371088428e-09
2534.0 7.662049434636107e-09
2535.0 7.657275158387937e-09
2536.0 7.652500882139768e-09
2537.0 7.647726605891596e-09
2538.0 7.642952329643426e-09
2539.0 7.638178053395254e-09
2540.0 7.633403777147085e-09
2541.0 7.628629500898915e-09
2542.0 7.623855224650743e-09
2543.0 7.61908094840257e-09
2544.0 7.614306672154402e-09
2545.0 7.609532395906232e-09
2546.0 7.604758119658061e-09
2547.0 7.599983843409891e-09
2548.0 7.595209567161719e-09
2549.0 7.590435290913547e-09
2550.0 7.585661014665378e-09
2551.0 7.580886738417206e-09
2552.0 7.576112462169034e-09
2553.0 7.571338185920864e-09
2554.0 7.566563909672694e-09
2555.0 7.561789633424523e-09
2556.0 7.557015357176353e-09
2557.0 7.552241080928181e-09
2558.0 7.547466804680012e-09
2559.0 7.54269252843184e-09
2560.0 7.537918252183671e-09
2561.0 7.5331439759355e-09
2562.0 7.528369699687329e-09
2563.0 7.523595423439159e-09
2564.0 7.518821147190987e-09
2565.0 7.514046870942816e-09
2566.0 7.509272594694646e-09
2567.0 7.504498318446474e-09
2568.0 7.499724042198304e-09
2569.0 7.494949765950133e-09
2570.0 7.490175489701963e-09
2571.0 7.485401213453791e-09
2572.0 7.48062693720562e-09
2573.0 7.47585266095745e-09
2574.0 7.471078384709278e-09
2575.0 7.466304108461108e-09
2576.0 7.46152983221294e-09
2577.0 7.456755555964767e-09
2578.0 7.451981279716597e-09
2579.0 7.447207003468427e-09
2580.0 7.442432727220254e-09
2581.0 7.437658450972085e-09
2582.0 7.4328841747239146e-09
2583.0 7.428109898475744e-09
2584.0 7.423335622227572e-09
2585.0 7.418561345979401e-09
2586.0 7.413787069731231e-09
2587.0 7.409012793483059e-09
2588.0 7.404238517234889e-09
2589.0 7.399464240986718e-09
2590.0 7.394689964738548e-09
2591.0 7.38991568849038e-09
2592.0 7.385141412242207e-09
2593.0 7.3803671359940366e-09
2594.0 7.3755928597458646e-09
2595.0 7.370818583497694e-09
2596.0 7.366044307249524e-09
2597.0 7.361270031001352e-09
2598.0 7.356495754753183e-09
2599.0 7.351721478505013e-09
2600.0 7.346947202256841e-09
2601.0 7.342172926008669e-09
2602.0 7.3373986497605e-09
2603.0 7.332624373512328e-09
2604.0 7.3278500972641586e-09
2605.0 7.323075821015986e-09
2606.0 7.318301544767817e-09
2607.0 7.313527268519645e-09
2608.0 7.308752992271475e-09
2609.0 7.303978716023305e-09
2610.0 7.299204439775132e-09
2611.0 7.294430163526962e-09
2612.0 7.289655887278792e-09
2613.0 7.284881611030622e-09
2614.0 7.280107334782449e-09
2615.0 7.27533305853428e-09
2616.0 7.270558782286108e-09
2617.0 7.265784506037939e-09
2618.0 7.261010229789768e-09
2619.0 7.256235953541597e-09
2620.0 7.2514616772934255e-09
2621.0 7.246687401045255e-09
2622.0 7.241913124797085e-09
2623.0 7.237138848548915e-09
2624.0 7.232364572300742e-09
2625.0 7.227590296052573e-09
2626.0 7.2228160198044025e-09
2627.0 7.218041743556233e-09
2628.0 7.21326746730806e-09
2629.0 7.208493191059888e-09
2630.0 7.203718914811719e-09
2631.0 7.19894463856355e-09
2632.0 7.194170362315376e-09
2633.0 7.189396086067205e-09
2634.0 7.184621809819035e-09
2635.0 7.179847533570865e-09
2636.0 7.175073257322696e-09
2637.0 7.1702989810745245e-09
2638.0 7.1655247048263525e-09
2639.0 7.160750428578181e-09
2640.0 7.155976152330012e-09
2641.0 7.151201876081841e-09
2642.0 7.14642759983367e-09
2643.0 7.141653323585498e-09
2644.0 7.136879047337329e-09
2645.0 7.132104771089158e-09
2646.0 7.127330494840986e-09
2647.0 7.122556218592815e-09
2648.0 7.117781942344644e-09
2649.0 7.1130076660964745e-09
2650.0 7.108233389848303e-09
2651.0 7.1034591136001355e-09
2652.0 7.0986848373519634e-09
2653.0 7.0939105611037914e-09
2654.0 7.089136284855622e-09
2655.0 7.0843620086074516e-09
2656.0 7.07958773235928e-09
2657.0 7.0748134561111075e-09
2658.0 7.070039179862938e-09
2659.0 7.065264903614768e-09
2660.0 7.0604906273665965e-09
2661.0 7.055716351118426e-09
2662.0 7.050942074870254e-09
2663.0 7.046167798622085e-09
2664.0 7.041393522373914e-09
2665.0 7.036619246125743e-09
2666.0 7.031844969877573e-09
2667.0 7.027070693629401e-09
2668.0 7.022296417381232e-09
2669.0 7.01752214113306e-09
2670.0 7.0127478648848905e-09
2671.0 7.0079735886367185e-09
2672.0 7.003199312388548e-09
2673.0 6.998829026178109e-09
2674.0 6.994797251117583e-09
2675.0 6.990765476057058e-09
2676.0 6.986733700996534e-09
2677.0 6.9827019259360095e-09
2678.0 6.978670150875484e-09
2679.0 6.97463837581496e-09
2680.0 6.970606600754435e-09
2681.0 6.96657482569391e-09
2682.0 6.962543050633386e-09
2683.0 6.958511275572861e-09
2684.0 6.954479500512338e-09
2685.0 6.950447725451813e-09
2686.0 6.946415950391289e-09
2687.0 6.942384175330764e-09
2688.0 6.938352400270239e-09
2689.0 6.9343206252097146e-09
2690.0 6.9302888501491896e-09
2691.0 6.926257075088664e-09
2692.0 6.9222253000281404e-09
2693.0 6.918193524967615e-09
2694.0 6.914161749907092e-09
2695.0 6.910129974846566e-09
2696.0 6.906098199786042e-09
2697.0 6.902066424725517e-09
2698.0 6.898034649664995e-09
2699.0 6.894002874604468e-09
2700.0 6.889971099543944e-09
2701.0 6.885939324483419e-09
2702.0 6.881907549422894e-09
2703.0 6.87787577436237e-09
2704.0 6.873843999301847e-09
2705.0 6.869812224241321e-09
2706.0 6.8657804491807955e-09
2707.0 6.861748674120272e-09
2708.0 6.857716899059748e-09
2709.0 6.853685123999223e-09
2710.0 6.8496533489387e-09
2711.0 6.845621573878174e-09
2712.0 6.84158979881765e-09
2713.0 6.837558023757123e-09
2714.0 6.8335262486966e-09
2715.0 6.8294944736360755e-09
2716.0 6.8254626985755505e-09
2717.0 6.821430923515026e-09
2718.0 6.8173991484545005e-09
2719.0 6.813367373393976e-09
2720.0 6.809335598333452e-09
2721.0 6.805303823272929e-09
2722.0 6.801272048212402e-09
2723.0 6.79724027315188e-09
2724.0 6.793208498091355e-09
2725.0 6.789176723030828e-09
2726.0 6.785144947970305e-09
2727.0 6.7811131729097805e-09
2728.0 6.777081397849255e-09
2729.0 6.773049622788733e-09
2730.0 6.769017847728206e-09
2731.0 6.764986072667682e-09
2732.0 6.760954297607157e-09
2733.0 6.756922522546633e-09
2734.0 6.752890747486109e-09
2735.0 6.748858972425585e-09
2736.0 6.74482719736506e-09
2737.0 6.740795422304534e-09
2738.0 6.73676364724401e-09
2739.0 6.7327318721834855e-09
2740.0 6.728700097122961e-09
2741.0 6.724668322062437e-09
2742.0 6.72063654700191e-09
2743.0 6.716604771941388e-09
2744.0 6.712572996880862e-09
2745.0 6.708541221820339e-09
2746.0 6.704509446759814e-09
2747.0 6.700477671699287e-09
2748.0 6.696445896638764e-09
2749.0 6.692414121578241e-09
2750.0 6.688382346517714e-09
2751.0 6.68435057145719e-09
2752.0 6.6803187963966656e-09
2753.0 6.676287021336141e-09
2754.0 6.672255246275617e-09
2755.0 6.668223471215092e-09
2756.0 6.664191696154567e-09
2757.0 6.660159921094043e-09
2758.0 6.656128146033519e-09
2759.0 6.652096370972994e-09
2760.0 6.648064595912471e-09
2761.0 6.644032820851945e-09
2762.0 6.64000104579142e-09
2763.0 6.635969270730896e-09
2764.0 6.6319374956703714e-09
2765.0 6.627905720609847e-09
2766.0 6.623873945549321e-09
2767.0 6.619842170488796e-09
2768.0 6.615810395428273e-09
2769.0 6.611778620367748e-09
2770.0 6.607746845307225e-09
2771.0 6.603715070246698e-09
2772.0 6.599683295186174e-09
2773.0 6.595651520125648e-09
2774.0 6.591619745065125e-09
2775.0 6.5875879700046e-09
2776.0 6.5835561949440765e-09
2777.0 6.5795244198835515e-09
2778.0 6.575492644823027e-09
2779.0 6.571460869762503e-09
2780.0 6.567429094701978e-09
2781.0 6.563397319641453e-09
2782.0 6.559365544580929e-09
2783.0 6.555333769520405e-09
2784.0 6.551301994459879e-09
2785.0 6.547270219399356e-09
2786.0 6.543238444338829e-09
2787.0 6.539206669278306e-09
2788.0 6.53517489421778e-09
2789.0 6.531143119157257e-09
2790.0 6.527111344096732e-09
2791.0 6.523079569036207e-09
2792.0 6.519047793975682e-09
2793.0 6.515016018915158e-09
2794.0 6.510984243854632e-09
2795.0 6.506952468794111e-09
2796.0 6.502920693733584e-09
2797.0 6.498888918673059e-09
2798.0 6.494857143612534e-09
2799.0 6.490825368552011e-09
2800.0 6.4867935934914865e-09
2801.0 6.482761818430961e-09
2802.0 6.478730043370437e-09
2803.0 6.474698268309912e-09
2804.0 6.470666493249387e-09
2805.0 6.466634718188863e-09
2806.0 6.462602943128339e-09
2807.0 6.458571168067816e-09
2808.0 6.454539393007289e-09
2809.0 6.450507617946765e-09
2810.0 6.4464758428862415e-09
2811.0 6.442444067825716e-09
2812.0 6.4384122927651915e-09
2813.0 6.4343805177046666e-09
2814.0 6.430348742644143e-09
2815.0 6.426316967583617e-09
2816.0 6.422285192523092e-09
2817.0 6.41825341746257e-09
2818.0 6.414221642402045e-09
2819.0 6.410189867341521e-09
2820.0 6.406158092280994e-09
2821.0 6.40212631722047e-09
2822.0 6.398094542159946e-09
2823.0 6.39406276709942e-09
2824.0 6.3900309920388966e-09
2825.0 6.3859992169783716e-09
2826.0 6.381967441917848e-09
2827.0 6.3779356668573224e-09
2828.0 6.373903891796798e-09
2829.0 6.3698721167362724e-09
2830.0 6.365840341675748e-09
2831.0 6.361808566615224e-09
2832.0 6.357776791554699e-09
2833.0 6.353745016494175e-09
2834.0 6.349713241433651e-09
2835.0 6.345681466373126e-09
2836.0 6.3416496913126024e-09
2837.0 6.337617916252076e-09
2838.0 6.333586141191554e-09
2839.0 6.329554366131028e-09
2840.0 6.3255225910705025e-09
2841.0 6.3214908160099775e-09
2842.0 6.3174590409494525e-09
2843.0 6.313427265888929e-09
2844.0 6.309395490828403e-09
2845.0 6.305363715767879e-09
2846.0 6.301331940707355e-09
2847.0 6.29730016564683e-09
2848.0 6.293268390586307e-09
2849.0 6.2892366155257825e-09
2850.0 6.2852048404652575e-09
2851.0 6.281173065404733e-09
2852.0 6.277141290344208e-09
2853.0 6.273109515283684e-09
2854.0 6.269077740223158e-09
2855.0 6.265045965162635e-09
2856.0 6.26101419010211e-09
2857.0 6.256982415041585e-09
2858.0 6.252950639981061e-09
2859.0 6.248918864920535e-09
2860.0 6.244887089860011e-09
2861.0 6.2408553147994875e-09
2862.0 6.236823539738962e-09
2863.0 6.232791764678438e-09
2864.0 6.228759989617914e-09
2865.0 6.224728214557388e-09
2866.0 6.220696439496863e-09
2867.0 6.216664664436339e-09
2868.0 6.212632889375814e-09
2869.0 6.20860111431529e-09
2870.0 6.204569339254767e-09
2871.0 6.200537564194241e-09
2872.0 6.196505789133717e-09
2873.0 6.1924740140731925e-09
2874.0 6.188442239012668e-09
2875.0 6.184410463952143e-09
2876.0 6.180378688891618e-09
2877.0 6.176346913831093e-09
2878.0 6.172315138770568e-09
2879.0 6.1687232997426864e-09
2880.0 6.165320382435513e-09
2881.0 6.161917465128342e-09
2882.0 6.158514547821168e-09
2883.0 6.155111630513996e-09
2884.0 6.151708713206824e-09
2885.0 6.148305795899651e-09
2886.0 6.144902878592478e-09
2887.0 6.141499961285306e-09
2888.0 6.138097043978135e-09
2889.0 6.134694126670961e-09
2890.0 6.13129120936379e-09
2891.0 6.127888292056617e-09
2892.0 6.124485374749443e-09
2893.0 6.121082457442271e-09
2894.0 6.1176795401351e-09
2895.0 6.114276622827926e-09
2896.0 6.110873705520753e-09
2897.0 6.107470788213581e-09
2898.0 6.104067870906409e-09
2899.0 6.100664953599237e-09
2900.0 6.097262036292063e-09
2901.0 6.093859118984891e-09
2902.0 6.090456201677719e-09
2903.0 6.087053284370545e-09
2904.0 6.083650367063372e-09
2905.0 6.080247449756201e-09
2906.0 6.076844532449029e-09
2907.0 6.073441615141856e-09
2908.0 6.070038697834682e-09
2909.0 6.066635780527511e-09
2910.0 6.0632328632203364e-09
2911.0 6.059829945913166e-09
2912.0 6.056427028605994e-09
2913.0 6.053024111298819e-09
2914.0 6.049621193991647e-09
2915.0 6.0462182766844744e-09
2916.0 6.042815359377301e-09
2917.0 6.039412442070132e-09
2918.0 6.036009524762956e-09
2919.0 6.032606607455784e-09
2920.0 6.029203690148612e-09
2921.0 6.0258007728414385e-09
2922.0 6.0223978555342655e-09
2923.0 6.018994938227094e-09
2924.0 6.015592020919921e-09
2925.0 6.012189103612749e-09
2926.0 6.008786186305576e-09
2927.0 6.0053832689984035e-09
2928.0 6.001980351691231e-09
2929.0 5.998577434384059e-09
2930.0 5.995174517076887e-09
2931.0 5.991771599769713e-09
2932.0 5.9883686824625415e-09
2933.0 5.984965765155369e-09
2934.0 5.9815628478481945e-09
2935.0 5.978159930541024e-09
2936.0 5.974757013233851e-09
2937.0 5.971354095926679e-09
2938.0 5.967951178619508e-09
2939.0 5.9645482613123325e-09
2940.0 5.96114534400516e-09
2941.0 5.957742426697989e-09
2942.0 5.954339509390813e-09
2943.0 5.950936592083642e-09
2944.0 5.94753367477647e-09
2945.0 5.944130757469299e-09
2946.0 5.9407278401621244e-09
2947.0 5.937324922854952e-09
2948.0 5.933922005547779e-09
2949.0 5.9305190882406085e-09
2950.0 5.927116170933435e-09
2951.0 5.9237132536262624e-09
2952.0 5.920310336319089e-09
2953.0 5.916907419011918e-09
2954.0 5.913504501704744e-09
2955.0 5.910101584397572e-09
2956.0 5.9066986670904004e-09
2957.0 5.903295749783227e-09
2958.0 5.899892832476057e-09
2959.0 5.896489915168882e-09
2960.0 5.893086997861709e-09
2961.0 5.889684080554537e-09
2962.0 5.886281163247364e-09
2963.0 5.8828782459401915e-09
2964.0 5.879475328633019e-09
2965.0 5.876072411325847e-09
2966.0 5.872669494018675e-09
2967.0 5.869266576711502e-09
2968.0 5.865863659404329e-09
2969.0 5.862460742097157e-09
2970.0 5.859057824789983e-09
2971.0 5.855654907482812e-09
2972.0 5.852251990175639e-09
2973.0 5.848849072868467e-09
2974.0 5.845446155561293e-09
2975.0 5.842043238254122e-09
2976.0 5.8386403209469475e-09
2977.0 5.835237403639778e-09
2978.0 5.831834486332602e-09
2979.0 5.82843156902543e-09
2980.0 5.825028651718258e-09
2981.0 5.821625734411085e-09
2982.0 5.818222817103914e-09
2983.0 5.814819899796741e-09
2984.0 5.811416982489567e-09
2985.0 5.808014065182396e-09
2986.0 5.804611147875223e-09
2987.0 5.80120823056805e-09
2988.0 5.797805313260877e-09
2989.0 5.794402395953704e-09
2990.0 5.790999478646532e-09
2991.0 5.78759656133936e-09
2992.0 5.784193644032188e-09
2993.0 5.780790726725015e-09
2994.0 5.7773878094178415e-09
2995.0 5.77398489211067e-09
2996.0 5.770581974803498e-09
2997.0 5.767179057496325e-09
2998.0 5.763776140189152e-09
2999.0 5.7603732228819795e-09
3000.0 5.756970305574806e-09
3001.0 5.753567388267635e-09
3002.0 5.750164470960462e-09
3003.0 5.74676155365329e-09
3004.0 5.7433586363461175e-09
3005.0 5.739955719038945e-09
3006.0 5.736552801731771e-09
3007.0 5.7331498844246e-09
3008.0 5.729746967117425e-09
3009.0 5.726344049810253e-09
3010.0 5.72294113250308e-09
3011.0 5.71953821519591e-09
3012.0 5.7161352978887355e-09
3013.0 5.712732380581563e-09
3014.0 5.70932946327439e-09
3015.0 5.705926545967218e-09
3016.0 5.702523628660046e-09
3017.0 5.699120711352875e-09
3018.0 5.6957177940457e-09
3019.0 5.692314876738528e-09
3020.0 5.688911959431356e-09
3021.0 5.685509042124184e-09
3022.0 5.6821061248170115e-09
3023.0 5.678703207509838e-09
3024.0 5.675300290202665e-09
3025.0 5.671897372895494e-09
3026.0 5.66849445558832e-09
3027.0 5.665091538281147e-09
3028.0 5.6616886209739756e-09
3029.0 5.6582857036668025e-09
3030.0 5.65488278635963e-09
3031.0 5.651479869052458e-09
3032.0 5.648076951745285e-09
3033.0 5.644674034438113e-09
3034.0 5.64127111713094e-09
3035.0 5.6378681998237675e-09
3036.0 5.634465282516594e-09
3037.0 5.631062365209423e-09
3038.0 5.62765944790225e-09
3039.0 5.624256530595078e-09
3040.0 5.6208536132879055e-09
3041.0 5.6174506959807316e-09
3042.0 5.6140477786735585e-09
3043.0 5.610644861366389e-09
3044.0 5.607241944059213e-09
3045.0 5.603839026752041e-09
3046.0 5.600436109444869e-09
3047.0 5.597033192137696e-09
3048.0 5.593630274830523e-09
3049.0 5.590227357523351e-09
3050.0 5.586824440216178e-09
3051.0 5.583421522909007e-09
3052.0 5.580018605601833e-09
3053.0 5.576615688294661e-09
3054.0 5.573212770987488e-09
3055.0 5.569809853680316e-09
3056.0 5.566406936373144e-09
3057.0 5.563004019065969e-09
3058.0 5.559601101758799e-09
3059.0 5.556198184451626e-09
3060.0 5.552795267144453e-09
3061.0 5.549392349837282e-09
3062.0 5.545989432530108e-09
3063.0 5.542586515222936e-09
3064.0 5.539183597915764e-09
3065.0 5.5357806806085905e-09
3066.0 5.5323777633014174e-09
3067.0 5.528974845994246e-09
3068.0 5.525571928687074e-09
3069.0 5.5221690113799016e-09
3070.0 5.518766094072727e-09
3071.0 5.515363176765556e-09
3072.0 5.511960259458382e-09
3073.0 5.5085573421512085e-09
3074.0 5.505154424844038e-09
3075.0 5.501751507536866e-09
3076.0 5.498348590229691e-09
3077.0 5.4949456729225196e-09
3078.0 5.491542755615346e-09
3079.0 5.488139838308175e-09
3080.0 5.484736921001003e-09
3081.0 5.481334003693828e-09
3082.0 5.477931086386657e-09
3083.0 5.4745281690794845e-09
3084.0 5.4711252517723114e-09
3085.0 5.467722334465139e-09
3086.0 5.464319417157966e-09
3087.0 5.460916499850795e-09
3088.0 5.457513582543622e-09
3089.0 5.454110665236451e-09
3090.0 5.450707747929276e-09
3091.0 5.447304830622104e-09
3092.0 5.443901913314932e-09
3093.0 5.440498996007757e-09
3094.0 5.437096078700586e-09
3095.0 5.433693161393413e-09
3096.0 5.430290244086241e-09
3097.0 5.426887326779069e-09
3098.0 5.423484409471896e-09
3099.0 5.420081492164722e-09
3100.0 5.4166785748575516e-09
