2.0 1.608526332577652e-06
3.0 2.0338160529591912e-06
4.0 2.3681776702294025e-06
5.0 2.626249814253293e-06
6.0 2.821825707920497e-06
7.0 2.964691378718459e-06
8.0 3.0598946661125466e-06
9.0 3.1185387833883325e-06
10.0 3.1449120333731647e-06
11.0 3.146480077558376e-06
12.0 3.1261294423508176e-06
13.0 3.0897682026046906e-06
14.0 3.0413259393987143e-06
15.0 2.983736792215516e-06
16.0 2.920590365970848e-06
17.0 2.8520305896365256e-06
18.0 2.7811575240683583e-06
19.0 2.709589810468141e-06
20.0 2.6379370404621533e-06
21.0 2.5670558423781283e-06
22.0 2.4972434678262216e-06
23.0 2.428460426103074e-06
24.0 2.3626098873236937e-06
25.0 2.297524955004002e-06
26.0 2.23588738523436e-06
27.0 2.1748886654810745e-06
28.0 2.117476571835125e-06
29.0 2.0604183121190646e-06
30.0 2.0072603304104244e-06
31.0 1.9541023487017847e-06
32.0 1.9046084795293375e-06
33.0 1.8557316469709705e-06
34.0 1.8087922920170416e-06
35.0 1.7641549136952372e-06
36.0 1.7195175353734322e-06
37.0 1.6782434718875843e-06
38.0 1.6374570117782035e-06
39.0 1.5970215200341226e-06
40.0 1.560102649562605e-06
41.0 1.5231837790910874e-06
42.0 1.4866069677191401e-06
43.0 1.4533355157843484e-06
44.0 1.4200640638495568e-06
45.0 1.3867926119147649e-06
46.0 1.3563874999149916e-06
47.0 1.3264259986567508e-06
48.0 1.2964644973985102e-06
49.0 1.267745696883275e-06
50.0 1.2409742709434182e-06
51.0 1.2142028450035616e-06
52.0 1.1874314190637047e-06
53.0 1.1625538820790797e-06
54.0 1.1387170895847757e-06
55.0 1.114880297090472e-06
56.0 1.0910435045961675e-06
57.0 1.0689242096336853e-06
58.0 1.0478902633544338e-06
59.0 1.0268563170751821e-06
60.0 1.0058223707959308e-06
61.0 9.854589094548364e-07
62.0 9.669121814009801e-07
63.0 9.483654533471237e-07
64.0 9.298187252932675e-07
65.0 9.112719972394109e-07
66.0 8.940976318032078e-07
67.0 8.778696992405689e-07
68.0 8.616417666779302e-07
69.0 8.454138341152912e-07
70.0 8.291859015526525e-07
71.0 8.141402720220515e-07
72.0 8.000471775662661e-07
73.0 7.859540831104803e-07
74.0 7.718609886546946e-07
75.0 7.577678941989089e-07
76.0 7.439142789780512e-07
77.0 7.316960211570192e-07
78.0 7.194777633359878e-07
79.0 7.072595055149561e-07
80.0 6.950412476939246e-07
81.0 6.828229898728929e-07
82.0 6.710916740646433e-07
83.0 6.605897421159256e-07
84.0 6.50087810167208e-07
85.0 6.395858782184901e-07
86.0 6.290839462697725e-07
87.0 6.185820143210548e-07
88.0 6.080800823723368e-07
89.0 5.990416695536789e-07
90.0 5.900187005852428e-07
91.0 5.809957316168069e-07
92.0 5.719727626483707e-07
93.0 5.629497936799348e-07
94.0 5.539268247114987e-07
95.0 5.451971995778602e-07
96.0 5.375671295615131e-07
97.0 5.299370595451661e-07
98.0 5.223069895288191e-07
99.0 5.146769195124718e-07
100.0 5.070468494961249e-07
101.0 4.994167794797778e-07
102.0 4.917867094634307e-07
103.0 4.851811571259103e-07
104.0 4.786775550058456e-07
105.0 4.721739528857808e-07
106.0 4.6567035076571605e-07
107.0 4.5916674864565146e-07
108.0 4.526631465255867e-07
109.0 4.4615954440552195e-07
110.0 4.3970127223022314e-07
111.0 4.3418250105832945e-07
112.0 4.286637298864357e-07
113.0 4.231449587145419e-07
114.0 4.1762618754264816e-07
115.0 4.121074163707544e-07
116.0 4.0658864519886057e-07
117.0 4.0106987402696693e-07
118.0 3.955511028550731e-07
119.0 3.905809845630871e-07
120.0 3.860132808138172e-07
121.0 3.814455770645473e-07
122.0 3.768778733152774e-07
123.0 3.7231016956600754e-07
124.0 3.677424658167377e-07
125.0 3.631747620674677e-07
126.0 3.586070583181979e-07
127.0 3.540393545689281e-07
128.0 3.4979459092967624e-07
129.0 3.4593601824154166e-07
130.0 3.420774455534074e-07
131.0 3.382188728652729e-07
132.0 3.343603001771385e-07
133.0 3.30501727489004e-07
134.0 3.266431548008696e-07
135.0 3.2278458211273514e-07
136.0 3.189260094246007e-07
137.0 3.150674367364664e-07
138.0 3.1161236921611324e-07
139.0 3.083929145452995e-07
140.0 3.051734598744857e-07
141.0 3.019540052036719e-07
142.0 2.987345505328581e-07
143.0 2.9551509586204426e-07
144.0 2.9229564119123045e-07
145.0 2.8907618652041665e-07
146.0 2.8585673184960284e-07
147.0 2.82637277178789e-07
148.0 2.7944638623089403e-07
149.0 2.7679144922642667e-07
150.0 2.741365122219596e-07
151.0 2.714815752174924e-07
152.0 2.6882663821302517e-07
153.0 2.6617170120855797e-07
154.0 2.635167642040907e-07
155.0 2.608618271996236e-07
156.0 2.582068901951564e-07
157.0 2.555519531906892e-07
158.0 2.52897016186222e-07
159.0 2.5024207918175487e-07
160.0 2.4788151770171356e-07
161.0 2.456760958373374e-07
162.0 2.434706739729613e-07
163.0 2.412652521085851e-07
164.0 2.3905983024420896e-07
165.0 2.3685440837983274e-07
166.0 2.3464898651545658e-07
167.0 2.3244356465108044e-07
168.0 2.3023814278670428e-07
169.0 2.2803272092232812e-07
170.0 2.2582729905795198e-07
171.0 2.236218771935758e-07
172.0 2.2156757096319805e-07
173.0 2.197583634640003e-07
174.0 2.1794915596480255e-07
175.0 2.1613994846560485e-07
176.0 2.1433074096640707e-07
177.0 2.125215334672094e-07
178.0 2.1071232596801165e-07
179.0 2.0890311846881392e-07
180.0 2.0709391096961617e-07
181.0 2.0528470347041844e-07
182.0 2.0347549597122067e-07
183.0 2.0166628847202302e-07
184.0 1.9985708097282524e-07
185.0 1.9809934865044168e-07
186.0 1.9660678294071083e-07
187.0 1.9511421723097993e-07
188.0 1.93621651521249e-07
189.0 1.9212908581151816e-07
190.0 1.906365201017873e-07
191.0 1.891439543920565e-07
192.0 1.876513886823256e-07
193.0 1.8615882297259476e-07
194.0 1.8466625726286376e-07
195.0 1.8317369155313296e-07
196.0 1.816811258434021e-07
197.0 1.8018856013367127e-07
198.0 1.7869599442394037e-07
199.0 1.772034287142095e-07
200.0 1.7596116444115438e-07
201.0 1.747390312767575e-07
202.0 1.7351689811236073e-07
203.0 1.722947649479639e-07
204.0 1.7107263178356704e-07
205.0 1.6985049861917024e-07
206.0 1.6862836545477339e-07
207.0 1.674062322903766e-07
208.0 1.6618409912597973e-07
209.0 1.6496196596158293e-07
210.0 1.6373983279718607e-07
211.0 1.6251769963278927e-07
212.0 1.6129556646839242e-07
213.0 1.6007343330399556e-07
214.0 1.5885130013959879e-07
215.0 1.5776366882474248e-07
216.0 1.5676875189431638e-07
217.0 1.5577383496389023e-07
218.0 1.547789180334641e-07
219.0 1.53784001103038e-07
220.0 1.527890841726118e-07
221.0 1.5179416724218576e-07
222.0 1.5079925031175956e-07
223.0 1.498043333813335e-07
224.0 1.4880941645090737e-07
225.0 1.478144995204812e-07
226.0 1.4681958259005507e-07
227.0 1.4582466565962892e-07
228.0 1.448297487292028e-07
229.0 1.438348317987767e-07
230.0 1.4283991486835052e-07
231.0 1.4185868913111483e-07
232.0 1.4104091701088854e-07
233.0 1.402231448906623e-07
234.0 1.39405372770436e-07
235.0 1.3858760065020973e-07
236.0 1.3776982852998341e-07
237.0 1.3695205640975715e-07
238.0 1.3613428428953086e-07
239.0 1.353165121693046e-07
240.0 1.344987400490783e-07
241.0 1.3368096792885205e-07
242.0 1.3286319580862576e-07
243.0 1.320454236883995e-07
244.0 1.312276515681732e-07
245.0 1.3040987944794694e-07
246.0 1.2959210732772068e-07
247.0 1.287743352074944e-07
248.0 1.279565630872681e-07
249.0 1.2718392933397343e-07
250.0 1.2652149210421227e-07
251.0 1.258590548744511e-07
252.0 1.2519661764469e-07
253.0 1.2453418041492887e-07
254.0 1.2387174318516776e-07
255.0 1.2320930595540657e-07
256.0 1.2254686872564547e-07
257.0 1.218844314958843e-07
258.0 1.212219942661232e-07
259.0 1.2055955703636206e-07
260.0 1.198971198066009e-07
261.0 1.192346825768398e-07
262.0 1.1857224534707865e-07
263.0 1.179098081173175e-07
264.0 1.1724737088755635e-07
265.0 1.1658493365779522e-07
266.0 1.159224964280341e-07
267.0 1.1526005919827293e-07
268.0 1.1461443070810768e-07
269.0 1.1407754854967388e-07
270.0 1.1354066639124005e-07
271.0 1.1300378423280622e-07
272.0 1.1246690207437239e-07
273.0 1.1193001991593855e-07
274.0 1.113931377575047e-07
275.0 1.108562555990709e-07
276.0 1.103193734406371e-07
277.0 1.0978249128220327e-07
278.0 1.0924560912376942e-07
279.0 1.0870872696533561e-07
280.0 1.0817184480690177e-07
281.0 1.0763496264846794e-07
282.0 1.0709808049003411e-07
283.0 1.0656119833160028e-07
284.0 1.0602431617316645e-07
285.0 1.0548743401473265e-07
286.0 1.049505518562988e-07
287.0 1.04413669697865e-07
288.0 1.0387678753943116e-07
289.0 1.0338941147884892e-07
290.0 1.0295122022881942e-07
291.0 1.0251302897878996e-07
292.0 1.0207483772876053e-07
293.0 1.0163664647873106e-07
294.0 1.0119845522870157e-07
295.0 1.0076026397867211e-07
296.0 1.0032207272864265e-07
297.0 9.988388147861319e-08
298.0 9.944569022858372e-08
299.0 9.900749897855422e-08
300.0 9.85693077285248e-08
301.0 9.813111647849531e-08
302.0 9.769292522846585e-08
303.0 9.725473397843636e-08
304.0 9.68165427284069e-08
305.0 9.637835147837744e-08
306.0 9.594016022834798e-08
307.0 9.55019689783185e-08
308.0 9.506377772828903e-08
309.0 9.46255864782596e-08
310.0 9.418739522823013e-08
311.0 9.377238245297114e-08
312.0 9.341691474379264e-08
313.0 9.30614470346142e-08
314.0 9.270597932543568e-08
315.0 9.235051161625721e-08
316.0 9.199504390707875e-08
317.0 9.163957619790028e-08
318.0 9.128410848872176e-08
319.0 9.092864077954329e-08
320.0 9.057317307036482e-08
321.0 9.021770536118633e-08
322.0 8.986223765200786e-08
323.0 8.950676994282937e-08
324.0 8.91513022336509e-08
325.0 8.879583452447241e-08
326.0 8.844036681529393e-08
327.0 8.808489910611546e-08
328.0 8.772943139693698e-08
329.0 8.737396368775846e-08
330.0 8.701849597858e-08
331.0 8.66630282694015e-08
332.0 8.630756056022304e-08
333.0 8.595209285104455e-08
334.0 8.559662514186607e-08
335.0 8.526425907413677e-08
336.0 8.497533566499668e-08
337.0 8.468641225585659e-08
338.0 8.43974888467165e-08
339.0 8.41085654375764e-08
340.0 8.381964202843632e-08
341.0 8.353071861929625e-08
342.0 8.324179521015614e-08
343.0 8.295287180101605e-08
344.0 8.266394839187597e-08
345.0 8.237502498273587e-08
346.0 8.208610157359578e-08
347.0 8.17971781644557e-08
348.0 8.15082547553156e-08
349.0 8.121933134617551e-08
350.0 8.093040793703542e-08
351.0 8.064148452789533e-08
352.0 8.035256111875524e-08
353.0 8.006363770961515e-08
354.0 7.977471430047507e-08
355.0 7.948579089133497e-08
356.0 7.919686748219486e-08
357.0 7.89079440730548e-08
358.0 7.86190206639147e-08
359.0 7.833009725477461e-08
360.0 7.804117384563452e-08
361.0 7.778348011917052e-08
362.0 7.754927817763154e-08
363.0 7.731507623609253e-08
364.0 7.708087429455354e-08
365.0 7.684667235301455e-08
366.0 7.661247041147558e-08
367.0 7.637826846993657e-08
368.0 7.614406652839759e-08
369.0 7.59098645868586e-08
370.0 7.567566264531963e-08
371.0 7.544146070378063e-08
372.0 7.520725876224164e-08
373.0 7.497305682070263e-08
374.0 7.473885487916364e-08
375.0 7.450465293762466e-08
376.0 7.427045099608566e-08
377.0 7.403624905454666e-08
378.0 7.380204711300768e-08
379.0 7.356784517146867e-08
380.0 7.333364322992969e-08
381.0 7.309944128839072e-08
382.0 7.286523934685172e-08
383.0 7.263103740531273e-08
384.0 7.239683546377373e-08
385.0 7.216263352223475e-08
386.0 7.192843158069575e-08
387.0 7.169422963915676e-08
388.0 7.146002769761776e-08
389.0 7.126044184230588e-08
390.0 7.10690378894003e-08
391.0 7.087763393649474e-08
392.0 7.068622998358918e-08
393.0 7.049482603068361e-08
394.0 7.030342207777802e-08
395.0 7.011201812487244e-08
396.0 6.992061417196688e-08
397.0 6.972921021906131e-08
398.0 6.953780626615575e-08
399.0 6.934640231325017e-08
400.0 6.91549983603446e-08
401.0 6.896359440743902e-08
402.0 6.877219045453346e-08
403.0 6.858078650162788e-08
404.0 6.83893825487223e-08
405.0 6.819797859581675e-08
406.0 6.800657464291117e-08
407.0 6.781517069000561e-08
408.0 6.762376673710002e-08
409.0 6.743236278419445e-08
410.0 6.724095883128889e-08
411.0 6.704955487838331e-08
412.0 6.685815092547773e-08
413.0 6.666674697257217e-08
414.0 6.64753430196666e-08
415.0 6.628393906676102e-08
416.0 6.609253511385546e-08
417.0 6.590113116094988e-08
418.0 6.57097272080443e-08
419.0 6.554946555028955e-08
420.0 6.539233649789304e-08
421.0 6.523520744549655e-08
422.0 6.507807839310004e-08
423.0 6.492094934070355e-08
424.0 6.476382028830705e-08
425.0 6.460669123591057e-08
426.0 6.444956218351407e-08
427.0 6.429243313111756e-08
428.0 6.413530407872106e-08
429.0 6.397817502632457e-08
430.0 6.382104597392807e-08
431.0 6.366391692153158e-08
432.0 6.350678786913509e-08
433.0 6.334965881673859e-08
434.0 6.319252976434208e-08
435.0 6.30354007119456e-08
436.0 6.287827165954909e-08
437.0 6.27211426071526e-08
438.0 6.256401355475609e-08
439.0 6.24068845023596e-08
440.0 6.224975544996312e-08
441.0 6.209262639756662e-08
442.0 6.193549734517012e-08
443.0 6.177836829277361e-08
444.0 6.162123924037712e-08
445.0 6.146411018798063e-08
446.0 6.130698113558413e-08
447.0 6.114985208318764e-08
448.0 6.099272303079113e-08
449.0 6.083559397839464e-08
450.0 6.067846492599813e-08
451.0 6.054222721599748e-08
452.0 6.041471727943632e-08
453.0 6.028720734287516e-08
454.0 6.015969740631399e-08
455.0 6.003218746975285e-08
456.0 5.990467753319168e-08
457.0 5.977716759663052e-08
458.0 5.964965766006937e-08
459.0 5.9522147723508206e-08
460.0 5.939463778694704e-08
461.0 5.926712785038591e-08
462.0 5.9139617913824743e-08
463.0 5.901210797726358e-08
464.0 5.888459804070242e-08
465.0 5.8757088104141255e-08
466.0 5.8629578167580096e-08
467.0 5.850206823101895e-08
468.0 5.837455829445779e-08
469.0 5.824704835789663e-08
470.0 5.811953842133547e-08
471.0 5.799202848477433e-08
472.0 5.7864518548213164e-08
473.0 5.7737008611652006e-08
474.0 5.760949867509084e-08
475.0 5.748198873852969e-08
476.0 5.735447880196853e-08
477.0 5.722696886540738e-08
478.0 5.70994589288462e-08
479.0 5.6971948992285054e-08
480.0 5.6844439055723896e-08
481.0 5.671692911916274e-08
482.0 5.658941918260159e-08
483.0 5.646190924604043e-08
484.0 5.633439930947927e-08
485.0 5.6207350368546835e-08
486.0 5.610116046657564e-08
487.0 5.599497056460444e-08
488.0 5.588878066263325e-08
489.0 5.578259076066204e-08
490.0 5.567640085869085e-08
491.0 5.557021095671965e-08
492.0 5.546402105474846e-08
493.0 5.535783115277727e-08
494.0 5.525164125080606e-08
495.0 5.5145451348834886e-08
496.0 5.503926144686368e-08
497.0 5.493307154489248e-08
498.0 5.482688164292129e-08
499.0 5.472069174095009e-08
500.0 5.4614501838978894e-08
501.0 5.45083119370077e-08
502.0 5.440212203503651e-08
503.0 5.429593213306531e-08
504.0 5.4189742231094114e-08
505.0 5.408355232912292e-08
506.0 5.397736242715172e-08
507.0 5.387117252518054e-08
508.0 5.376498262320932e-08
509.0 5.365879272123815e-08
510.0 5.3552602819266945e-08
511.0 5.344641291729575e-08
512.0 5.3340223015324555e-08
513.0 5.3234033113353356e-08
514.0 5.312784321138215e-08
515.0 5.302165330941096e-08
516.0 5.2915463407439775e-08
517.0 5.280927350546858e-08
518.0 5.270308360349738e-08
519.0 5.2596893701526187e-08
520.0 5.249070379955498e-08
521.0 5.238451389758379e-08
522.0 5.22783239956126e-08
523.0 5.218413945780011e-08
524.0 5.209596433198853e-08
525.0 5.2007789206176945e-08
526.0 5.1919614080365355e-08
527.0 5.183143895455377e-08
528.0 5.1743263828742194e-08
529.0 5.165508870293062e-08
530.0 5.156691357711904e-08
531.0 5.147873845130746e-08
532.0 5.139056332549587e-08
533.0 5.130238819968429e-08
534.0 5.121421307387271e-08
535.0 5.1126037948061134e-08
536.0 5.1037862822249556e-08
537.0 5.094968769643797e-08
538.0 5.086151257062639e-08
539.0 5.077333744481481e-08
540.0 5.068516231900323e-08
541.0 5.059698719319164e-08
542.0 5.0508812067380073e-08
543.0 5.042063694156849e-08
544.0 5.0332461815756906e-08
545.0 5.024428668994532e-08
546.0 5.015611156413374e-08
547.0 5.006793643832215e-08
548.0 4.997976131251057e-08
549.0 4.9891586186698993e-08
550.0 4.9803411060887416e-08
551.0 4.9715235935075826e-08
552.0 4.962706080926425e-08
553.0 4.9538885683452665e-08
554.0 4.945071055764108e-08
555.0 4.936253543182949e-08
556.0 4.9274360306017927e-08
557.0 4.918618518020635e-08
558.0 4.909801005439476e-08
559.0 4.9009834928583175e-08
560.0 4.8921659802771605e-08
561.0 4.883348467696002e-08
562.0 4.874530955114844e-08
563.0 4.86634517036188e-08
564.0 4.8589834279097886e-08
565.0 4.8516216854576985e-08
566.0 4.844259943005607e-08
567.0 4.8368982005535164e-08
568.0 4.8295364581014257e-08
569.0 4.822174715649334e-08
570.0 4.814812973197242e-08
571.0 4.807451230745152e-08
572.0 4.800089488293061e-08
573.0 4.7927277458409707e-08
574.0 4.7853660033888806e-08
575.0 4.778004260936789e-08
576.0 4.770642518484699e-08
577.0 4.763280776032607e-08
578.0 4.755919033580516e-08
579.0 4.748557291128425e-08
580.0 4.741195548676335e-08
581.0 4.7338338062242435e-08
582.0 4.7264720637721534e-08
583.0 4.719110321320062e-08
584.0 4.7117485788679706e-08
585.0 4.7043868364158805e-08
586.0 4.697025093963789e-08
587.0 4.689663351511699e-08
588.0 4.682301609059607e-08
589.0 4.6749398666075176e-08
590.0 4.6675781241554255e-08
591.0 4.660216381703334e-08
592.0 4.652854639251242e-08
593.0 4.6454928967991533e-08
594.0 4.638131154347062e-08
595.0 4.6307694118949706e-08
596.0 4.62340766944288e-08
597.0 4.61604592699079e-08
598.0 4.608684184538699e-08
599.0 4.601322442086607e-08
600.0 4.593960699634517e-08
601.0 4.586598957182425e-08
602.0 4.5792372147303354e-08
603.0 4.571875472278244e-08
604.0 4.564513729826154e-08
605.0 4.557151987374062e-08
606.0 4.549904026647416e-08
607.0 4.543651348790581e-08
608.0 4.537398670933744e-08
609.0 4.5311459930769114e-08
610.0 4.5248933152200735e-08
611.0 4.518640637363238e-08
612.0 4.512387959506404e-08
613.0 4.506135281649567e-08
614.0 4.4998826037927325e-08
615.0 4.4936299259358966e-08
616.0 4.4873772480790614e-08
617.0 4.481124570222226e-08
618.0 4.474871892365391e-08
619.0 4.468619214508556e-08
620.0 4.4623665366517203e-08
621.0 4.456113858794885e-08
622.0 4.449861180938047e-08
623.0 4.443608503081213e-08
624.0 4.4373558252243774e-08
625.0 4.431103147367542e-08
626.0 4.424850469510707e-08
627.0 4.4185977916538716e-08
628.0 4.412345113797037e-08
629.0 4.4060924359402004e-08
630.0 4.399839758083365e-08
631.0 4.3935870802265286e-08
632.0 4.387334402369694e-08
633.0 4.3810817245128574e-08
634.0 4.374829046656023e-08
635.0 4.368576368799187e-08
636.0 4.362323690942353e-08
637.0 4.356071013085517e-08
638.0 4.349818335228682e-08
639.0 4.343565657371846e-08
640.0 4.337312979515011e-08
641.0 4.3310603016581754e-08
642.0 4.324807623801339e-08
643.0 4.3185549459445036e-08
644.0 4.312302268087669e-08
645.0 4.306049590230833e-08
646.0 4.2997969123739965e-08
647.0 4.2935442345171626e-08
648.0 4.287291556660327e-08
649.0 4.281038878803492e-08
650.0 4.2747862009466555e-08
651.0 4.268533523089819e-08
652.0 4.2622808452329843e-08
653.0 4.256424536973638e-08
654.0 4.251085863615012e-08
655.0 4.2457471902563893e-08
656.0 4.240408516897765e-08
657.0 4.23506984353914e-08
658.0 4.2297311701805166e-08
659.0 4.2243924968218924e-08
660.0 4.2190538234632675e-08
661.0 4.2137151501046445e-08
662.0 4.208376476746021e-08
663.0 4.203037803387395e-08
664.0 4.197699130028771e-08
665.0 4.192360456670147e-08
666.0 4.187021783311523e-08
667.0 4.181683109952899e-08
668.0 4.176344436594274e-08
669.0 4.17100576323565e-08
670.0 4.1656670898770263e-08
671.0 4.1603284165184014e-08
672.0 4.154989743159778e-08
673.0 4.149651069801153e-08
674.0 4.1443123964425294e-08
675.0 4.138973723083906e-08
676.0 4.133635049725281e-08
677.0 4.128296376366656e-08
678.0 4.122957703008033e-08
679.0 4.117619029649408e-08
680.0 4.1122803562907846e-08
681.0 4.10694168293216e-08
682.0 4.101603009573535e-08
683.0 4.096264336214912e-08
684.0 4.090925662856287e-08
685.0 4.085586989497663e-08
686.0 4.080248316139039e-08
687.0 4.074909642780414e-08
688.0 4.06957096942179e-08
689.0 4.064232296063167e-08
690.0 4.058893622704543e-08
691.0 4.053554949345918e-08
692.0 4.048216275987294e-08
693.0 4.0428776026286694e-08
694.0 4.037538929270046e-08
695.0 4.032200255911421e-08
696.0 4.026861582552796e-08
697.0 4.021522909194174e-08
698.0 4.016184235835548e-08
699.0 4.010845562476925e-08
700.0 4.0055068891182997e-08
701.0 4.000168215759676e-08
702.0 3.994829542401051e-08
703.0 3.98961386192788e-08
704.0 3.984998323426288e-08
705.0 3.980382784924695e-08
706.0 3.975767246423103e-08
707.0 3.971151707921512e-08
708.0 3.966536169419919e-08
709.0 3.9619206309183277e-08
710.0 3.957305092416736e-08
711.0 3.9526895539151436e-08
712.0 3.9480740154135516e-08
713.0 3.9434584769119596e-08
714.0 3.938842938410368e-08
715.0 3.934227399908776e-08
716.0 3.929611861407184e-08
717.0 3.924996322905593e-08
718.0 3.920380784404001e-08
719.0 3.915765245902408e-08
720.0 3.911149707400816e-08
721.0 3.9065341688992255e-08
722.0 3.901918630397633e-08
723.0 3.89730309189604e-08
724.0 3.8926875533944495e-08
725.0 3.888072014892858e-08
726.0 3.8834564763912655e-08
727.0 3.878840937889673e-08
728.0 3.874225399388082e-08
729.0 3.8696098608864894e-08
730.0 3.864994322384899e-08
731.0 3.860378783883306e-08
732.0 3.855763245381714e-08
733.0 3.851147706880122e-08
734.0 3.846532168378531e-08
735.0 3.841916629876937e-08
736.0 3.8373010913753453e-08
737.0 3.832685552873754e-08
738.0 3.8280700143721626e-08
739.0 3.8234544758705706e-08
740.0 3.818838937368979e-08
741.0 3.814223398867387e-08
742.0 3.809607860365795e-08
743.0 3.8049923218642026e-08
744.0 3.8003767833626106e-08
745.0 3.795761244861019e-08
746.0 3.791145706359428e-08
747.0 3.786530167857835e-08
748.0 3.781914629356244e-08
749.0 3.777299090854652e-08
750.0 3.7726835523530605e-08
751.0 3.768068013851468e-08
752.0 3.7634524753498765e-08
753.0 3.758836936848284e-08
754.0 3.7542213983466924e-08
755.0 3.749605859845099e-08
756.0 3.7449903213435084e-08
757.0 3.740396112017122e-08
758.0 3.736390373208997e-08
759.0 3.732384634400873e-08
760.0 3.728378895592748e-08
761.0 3.724373156784623e-08
762.0 3.7203674179765004e-08
763.0 3.7163616791683756e-08
764.0 3.7123559403602495e-08
765.0 3.7083502015521247e-08
766.0 3.704344462744001e-08
767.0 3.7003387239358764e-08
768.0 3.696332985127752e-08
769.0 3.692327246319628e-08
770.0 3.6883215075115027e-08
771.0 3.684315768703379e-08
772.0 3.680310029895256e-08
773.0 3.67630429108713e-08
774.0 3.6722985522790054e-08
775.0 3.6682928134708806e-08
776.0 3.6642870746627565e-08
777.0 3.660281335854632e-08
778.0 3.656275597046507e-08
779.0 3.652269858238382e-08
780.0 3.648264119430259e-08
781.0 3.6442583806221345e-08
782.0 3.64025264181401e-08
783.0 3.636246903005885e-08
784.0 3.63224116419776e-08
785.0 3.628235425389636e-08
786.0 3.624229686581512e-08
787.0 3.620223947773387e-08
788.0 3.616218208965262e-08
789.0 3.612212470157138e-08
790.0 3.6082067313490146e-08
791.0 3.604200992540889e-08
792.0 3.600195253732765e-08
793.0 3.59618951492464e-08
794.0 3.5921837761165154e-08
795.0 3.588178037308392e-08
796.0 3.584172298500267e-08
797.0 3.5801665596921424e-08
798.0 3.576160820884017e-08
799.0 3.5721550820758934e-08
800.0 3.568149343267769e-08
801.0 3.564143604459644e-08
802.0 3.56013786565152e-08
803.0 3.5561321268433955e-08
804.0 3.5521263880352714e-08
805.0 3.5481206492271466e-08
806.0 3.544114910419022e-08
807.0 3.540109171610898e-08
808.0 3.536103432802773e-08
809.0 3.5320976939946474e-08
810.0 3.528091955186524e-08
811.0 3.5240862163784e-08
812.0 3.520080477570275e-08
813.0 3.516074738762151e-08
814.0 3.5120689999540254e-08
815.0 3.508063261145902e-08
816.0 3.5043930364357665e-08
817.0 3.500846815540193e-08
818.0 3.49730059464462e-08
819.0 3.4937543737490466e-08
820.0 3.490208152853473e-08
821.0 3.4866619319579004e-08
822.0 3.4831157110623274e-08
823.0 3.4795694901667536e-08
824.0 3.476023269271181e-08
825.0 3.472477048375608e-08
826.0 3.4689308274800344e-08
827.0 3.465384606584461e-08
828.0 3.461838385688888e-08
829.0 3.458292164793315e-08
830.0 3.454745943897742e-08
831.0 3.451199723002169e-08
832.0 3.447653502106596e-08
833.0 3.444107281211022e-08
834.0 3.4405610603154505e-08
835.0 3.437014839419876e-08
836.0 3.433468618524304e-08
837.0 3.42992239762873e-08
838.0 3.426376176733157e-08
839.0 3.422829955837584e-08
840.0 3.419283734942011e-08
841.0 3.415737514046437e-08
842.0 3.412191293150864e-08
843.0 3.408645072255291e-08
844.0 3.405098851359718e-08
845.0 3.4015526304641454e-08
846.0 3.3980064095685717e-08
847.0 3.3944601886729986e-08
848.0 3.3909139677774255e-08
849.0 3.3873677468818524e-08
850.0 3.3838215259862794e-08
851.0 3.3802753050907056e-08
852.0 3.376729084195133e-08
853.0 3.3731828632995595e-08
854.0 3.369636642403987e-08
855.0 3.366090421508413e-08
856.0 3.3625442006128396e-08
857.0 3.358997979717267e-08
858.0 3.3554517588216935e-08
859.0 3.351905537926121e-08
860.0 3.348359317030547e-08
861.0 3.344813096134974e-08
862.0 3.341266875239401e-08
863.0 3.3377206543438275e-08
864.0 3.334174433448255e-08
865.0 3.330628212552682e-08
866.0 3.327081991657109e-08
867.0 3.323535770761535e-08
868.0 3.319989549865962e-08
869.0 3.316443328970389e-08
870.0 3.312897108074816e-08
871.0 3.309350887179243e-08
872.0 3.3058046662836705e-08
873.0 3.302258445388097e-08
874.0 3.298712224492524e-08
875.0 3.2951660035969506e-08
876.0 3.2916197827013775e-08
877.0 3.288073561805804e-08
878.0 3.284527340910231e-08
879.0 3.281347455109543e-08
880.0 3.2781932835140367e-08
881.0 3.275039111918532e-08
882.0 3.271884940323027e-08
883.0 3.268730768727521e-08
884.0 3.265576597132016e-08
885.0 3.26242242553651e-08
886.0 3.2592682539410047e-08
887.0 3.2561140823455005e-08
888.0 3.2529599107499944e-08
889.0 3.2498057391544883e-08
890.0 3.246651567558984e-08
891.0 3.243497395963478e-08
892.0 3.240343224367973e-08
893.0 3.237189052772468e-08
894.0 3.2340348811769624e-08
895.0 3.230880709581457e-08
896.0 3.2277265379859516e-08
897.0 3.224572366390446e-08
898.0 3.22141819479494e-08
899.0 3.218264023199435e-08
900.0 3.21510985160393e-08
901.0 3.2119556800084243e-08
902.0 3.208801508412919e-08
903.0 3.205647336817414e-08
904.0 3.202493165221908e-08
905.0 3.199338993626403e-08
906.0 3.196184822030898e-08
907.0 3.193030650435392e-08
908.0 3.189876478839887e-08
909.0 3.186722307244382e-08
910.0 3.183568135648876e-08
911.0 3.180413964053372e-08
912.0 3.177259792457865e-08
913.0 3.17410562086236e-08
914.0 3.170951449266855e-08
915.0 3.1677972776713495e-08
916.0 3.164643106075844e-08
917.0 3.1614889344803386e-08
918.0 3.158334762884834e-08
919.0 3.155180591289328e-08
920.0 3.152026419693822e-08
921.0 3.148872248098317e-08
922.0 3.145718076502812e-08
923.0 3.1425639049073066e-08
924.0 3.139409733311802e-08
925.0 3.136255561716296e-08
926.0 3.133101390120791e-08
927.0 3.1299472185252855e-08
928.0 3.1267930469297794e-08
929.0 3.1236388753342746e-08
930.0 3.120484703738769e-08
931.0 3.117330532143264e-08
932.0 3.114176360547758e-08
933.0 3.111022188952253e-08
934.0 3.107868017356747e-08
935.0 3.104713845761242e-08
936.0 3.1015596741657365e-08
937.0 3.098405502570232e-08
938.0 3.095251330974726e-08
939.0 3.092097159379221e-08
940.0 3.0889429877837154e-08
941.0 3.0857888161882106e-08
942.0 3.0826346445927045e-08
943.0 3.079480472997199e-08
944.0 3.076326301401694e-08
945.0 3.073172129806189e-08
946.0 3.070127782138281e-08
947.0 3.067337423116318e-08
948.0 3.064547064094354e-08
949.0 3.0617567050723914e-08
950.0 3.058966346050427e-08
951.0 3.056175987028465e-08
952.0 3.053385628006501e-08
953.0 3.0505952689845384e-08
954.0 3.0478049099625754e-08
955.0 3.045014550940611e-08
956.0 3.042224191918648e-08
957.0 3.0394338328966854e-08
958.0 3.036643473874722e-08
959.0 3.033853114852759e-08
960.0 3.031062755830795e-08
961.0 3.028272396808831e-08
962.0 3.025482037786869e-08
963.0 3.022691678764905e-08
964.0 3.019901319742942e-08
965.0 3.017110960720979e-08
966.0 3.014320601699016e-08
967.0 3.011530242677053e-08
968.0 3.008739883655089e-08
969.0 3.005949524633126e-08
970.0 3.003159165611163e-08
971.0 3.0003688065892e-08
972.0 2.997578447567236e-08
973.0 2.9947880885452727e-08
974.0 2.9919977295233104e-08
975.0 2.989207370501347e-08
976.0 2.986417011479383e-08
977.0 2.98362665245742e-08
978.0 2.9808362934354574e-08
979.0 2.978045934413494e-08
980.0 2.9752555753915306e-08
981.0 2.9724652163695673e-08
982.0 2.969674857347604e-08
983.0 2.966884498325641e-08
984.0 2.964094139303678e-08
985.0 2.961303780281715e-08
986.0 2.958513421259751e-08
987.0 2.9557230622377875e-08
988.0 2.952932703215825e-08
989.0 2.950142344193862e-08
990.0 2.9473519851718984e-08
991.0 2.9445616261499348e-08
992.0 2.941771267127972e-08
993.0 2.9389809081060086e-08
994.0 2.936190549084045e-08
995.0 2.9334001900620814e-08
996.0 2.930609831040119e-08
997.0 2.9278194720181556e-08
998.0 2.925029112996193e-08
999.0 2.9222387539742298e-08
1000.0 2.9194483949522662e-08
1001.0 2.9166580359303023e-08
1002.0 2.9138676769083397e-08
1003.0 2.9110773178863764e-08
1004.0 2.9082869588644135e-08
1005.0 2.9054965998424496e-08
1006.0 2.9027062408204863e-08
1007.0 2.8999158817985237e-08
1008.0 2.8971255227765605e-08
1009.0 2.894335163754597e-08
1010.0 2.8915448047326333e-08
1011.0 2.8887544457106707e-08
1012.0 2.885964086688706e-08
1013.0 2.8831737276667442e-08
1014.0 2.8803833686447806e-08
1015.0 2.877593009622817e-08
1016.0 2.874802650600853e-08
1017.0 2.8720122915788912e-08
1018.0 2.869221932556928e-08
1019.0 2.8665532270487107e-08
1020.0 2.8640273510144672e-08
1021.0 2.8615014749802223e-08
1022.0 2.8589755989459785e-08
1023.0 2.8564497229117346e-08
1024.0 2.8539238468774898e-08
1025.0 2.851397970843246e-08
1026.0 2.8488720948090014e-08
1027.0 2.8463462187747572e-08
1028.0 2.843820342740513e-08
1029.0 2.8412944667062692e-08
1030.0 2.8387685906720247e-08
1031.0 2.8362427146377808e-08
1032.0 2.833716838603536e-08
1033.0 2.831190962569292e-08
1034.0 2.8286650865350476e-08
1035.0 2.826139210500803e-08
1036.0 2.8236133344665592e-08
1037.0 2.8210874584323144e-08
1038.0 2.8185615823980705e-08
1039.0 2.8160357063638264e-08
1040.0 2.8135098303295815e-08
1041.0 2.8109839542953373e-08
1042.0 2.8084580782610935e-08
1043.0 2.8059322022268493e-08
1044.0 2.803406326192605e-08
1045.0 2.800880450158361e-08
1046.0 2.7983545741241167e-08
1047.0 2.795828698089872e-08
1048.0 2.7933028220556277e-08
1049.0 2.7907769460213835e-08
1050.0 2.7882510699871397e-08
1051.0 2.7857251939528958e-08
1052.0 2.783199317918651e-08
1053.0 2.780673441884407e-08
1054.0 2.778147565850163e-08
1055.0 2.775621689815919e-08
1056.0 2.7730958137816742e-08
1057.0 2.7705699377474304e-08
1058.0 2.768044061713186e-08
1059.0 2.7655181856789417e-08
1060.0 2.7629923096446975e-08
1061.0 2.7604664336104533e-08
1062.0 2.757940557576209e-08
1063.0 2.7554146815419643e-08
1064.0 2.752888805507721e-08
1065.0 2.7503629294734772e-08
1066.0 2.747837053439232e-08
1067.0 2.7453111774049875e-08
1068.0 2.7427853013707427e-08
1069.0 2.7402594253364985e-08
1070.0 2.7377335493022547e-08
1071.0 2.7352076732680105e-08
1072.0 2.7326817972337666e-08
1073.0 2.730155921199522e-08
1074.0 2.7276300451652782e-08
1075.0 2.7251041691310334e-08
1076.0 2.722578293096789e-08
1077.0 2.7200524170625457e-08
1078.0 2.7175265410283015e-08
1079.0 2.7150006649940567e-08
1080.0 2.7124747889598125e-08
1081.0 2.7099489129255686e-08
1082.0 2.7074230368913238e-08
1083.0 2.7048971608570796e-08
1084.0 2.702371284822836e-08
1085.0 2.6998454087885912e-08
1086.0 2.697319532754347e-08
1087.0 2.6947936567201025e-08
1088.0 2.6922677806858587e-08
1089.0 2.6897419046516145e-08
1090.0 2.6872160286173706e-08
1091.0 2.684690152583126e-08
1092.0 2.6821642765488823e-08
1093.0 2.679638400514637e-08
1094.0 2.6771125244803932e-08
1095.0 2.6745866484461494e-08
1096.0 2.6720607724119045e-08
1097.0 2.6695367757060118e-08
1098.0 2.6672629660832875e-08
1099.0 2.664989156460565e-08
1100.0 2.6627153468378406e-08
1101.0 2.660441537215117e-08
1102.0 2.6581677275923933e-08
1103.0 2.65589391796967e-08
1104.0 2.6536201083469454e-08
1105.0 2.6513462987242217e-08
1106.0 2.649072489101498e-08
1107.0 2.6467986794787748e-08
1108.0 2.644524869856051e-08
1109.0 2.6422510602333272e-08
1110.0 2.639977250610603e-08
1111.0 2.63770344098788e-08
1112.0 2.6354296313651563e-08
1113.0 2.633155821742432e-08
1114.0 2.630882012119709e-08
1115.0 2.6286082024969844e-08
1116.0 2.6263343928742614e-08
1117.0 2.6240605832515375e-08
1118.0 2.621786773628814e-08
1119.0 2.61951296400609e-08
1120.0 2.6172391543833672e-08
1121.0 2.6149653447606426e-08
1122.0 2.6126915351379193e-08
1123.0 2.6104177255151947e-08
1124.0 2.6081439158924714e-08
1125.0 2.6058701062697477e-08
1126.0 2.6035962966470244e-08
1127.0 2.6013224870242998e-08
1128.0 2.5990486774015765e-08
1129.0 2.5967748677788525e-08
1130.0 2.5945010581561292e-08
1131.0 2.592227248533406e-08
1132.0 2.589953438910682e-08
1133.0 2.5876796292879577e-08
1134.0 2.5854058196652347e-08
1135.0 2.5831320100425104e-08
1136.0 2.580858200419787e-08
1137.0 2.5785843907970628e-08
1138.0 2.5763105811743395e-08
1139.0 2.5740367715516162e-08
1140.0 2.571762961928892e-08
1141.0 2.5694891523061683e-08
1142.0 2.5672153426834443e-08
1143.0 2.5649415330607207e-08
1144.0 2.5626677234379974e-08
1145.0 2.560393913815274e-08
1146.0 2.5581201041925494e-08
1147.0 2.5558462945698268e-08
1148.0 2.553572484947102e-08
1149.0 2.5512986753243785e-08
1150.0 2.549024865701655e-08
1151.0 2.5467510560789316e-08
1152.0 2.544477246456207e-08
1153.0 2.5422034368334837e-08
1154.0 2.53992962721076e-08
1155.0 2.537655817588036e-08
1156.0 2.5353820079653134e-08
1157.0 2.533108198342589e-08
1158.0 2.530834388719865e-08
1159.0 2.5285605790971415e-08
1160.0 2.526286769474418e-08
1161.0 2.524012959851694e-08
1162.0 2.5217391502289703e-08
1163.0 2.5194653406062463e-08
1164.0 2.5171915309835237e-08
1165.0 2.5149177213607994e-08
1166.0 2.5126439117380754e-08
1167.0 2.5103701021153518e-08
1168.0 2.508096292492628e-08
1169.0 2.5058224828699045e-08
1170.0 2.5035486732471812e-08
1171.0 2.5012748636244566e-08
1172.0 2.4990010540017333e-08
1173.0 2.4967272443790097e-08
1174.0 2.4944534347562864e-08
1175.0 2.4921796251335614e-08
1176.0 2.489905815510838e-08
1177.0 2.487632005888114e-08
1178.0 2.485358196265391e-08
1179.0 2.4830843866426675e-08
1180.0 2.480810577019943e-08
1181.0 2.4785367673972196e-08
1182.0 2.4763850406061773e-08
1183.0 2.4743495899447277e-08
1184.0 2.4723141392832782e-08
1185.0 2.4702786886218277e-08
1186.0 2.468243237960378e-08
1187.0 2.4662077872989283e-08
1188.0 2.4641723366374785e-08
1189.0 2.4621368859760296e-08
1190.0 2.460101435314579e-08
1191.0 2.4580659846531296e-08
1192.0 2.4560305339916794e-08
1193.0 2.4539950833302302e-08
1194.0 2.4519596326687794e-08
1195.0 2.4499241820073295e-08
1196.0 2.44788873134588e-08
1197.0 2.4458532806844308e-08
1198.0 2.4438178300229803e-08
1199.0 2.4417823793615308e-08
1200.0 2.4397469287000813e-08
1201.0 2.437711478038631e-08
1202.0 2.4356760273771816e-08
1203.0 2.4336405767157307e-08
1204.0 2.4316051260542812e-08
1205.0 2.4295696753928314e-08
1206.0 2.4275342247313815e-08
1207.0 2.4254987740699323e-08
1208.0 2.423463323408482e-08
1209.0 2.421427872747032e-08
1210.0 2.4193924220855828e-08
1211.0 2.417356971424133e-08
1212.0 2.4153215207626824e-08
1213.0 2.4132860701012326e-08
1214.0 2.4112506194397834e-08
1215.0 2.4092151687783332e-08
1216.0 2.4071797181168833e-08
1217.0 2.405144267455433e-08
1218.0 2.403108816793984e-08
1219.0 2.4010733661325338e-08
1220.0 2.3990379154710843e-08
1221.0 2.3970024648096344e-08
1222.0 2.3949670141481842e-08
1223.0 2.3929315634867347e-08
1224.0 2.390896112825285e-08
1225.0 2.3888606621638343e-08
1226.0 2.3868252115023848e-08
1227.0 2.3847897608409353e-08
1228.0 2.3827543101794845e-08
1229.0 2.380718859518036e-08
1230.0 2.3786834088565854e-08
1231.0 2.376647958195136e-08
1232.0 2.3746125075336867e-08
1233.0 2.372577056872237e-08
1234.0 2.3705416062107863e-08
1235.0 2.368506155549337e-08
1236.0 2.366470704887887e-08
1237.0 2.3644352542264365e-08
1238.0 2.362399803564987e-08
1239.0 2.3603643529035374e-08
1240.0 2.358328902242088e-08
1241.0 2.3562934515806377e-08
1242.0 2.354258000919188e-08
1243.0 2.3522225502577387e-08
1244.0 2.3501870995962885e-08
1245.0 2.3481516489348386e-08
1246.0 2.3461161982733888e-08
1247.0 2.3440807476119383e-08
1248.0 2.3420452969504894e-08
1249.0 2.340009846289039e-08
1250.0 2.337974395627589e-08
1251.0 2.33593894496614e-08
1252.0 2.3339034943046897e-08
1253.0 2.33186804364324e-08
1254.0 2.3298325929817903e-08
1255.0 2.32779714232034e-08
1256.0 2.3257616916588903e-08
1257.0 2.32372624099744e-08
1258.0 2.32169079033599e-08
1259.0 2.319655339674541e-08
1260.0 2.3176198890130906e-08
1261.0 2.315584438351641e-08
1262.0 2.313548987690192e-08
1263.0 2.311513537028742e-08
1264.0 2.3094780863672915e-08
1265.0 2.307442635705842e-08
1266.0 2.3054071850443924e-08
1267.0 2.3033717343829423e-08
1268.0 2.301336283721492e-08
1269.0 2.299300833060043e-08
1270.0 2.297265382398593e-08
1271.0 2.2952299317371425e-08
1272.0 2.293194481075693e-08
1273.0 2.2912586568817682e-08
1274.0 2.2894190509671282e-08
1275.0 2.287579445052488e-08
1276.0 2.2857398391378477e-08
1277.0 2.2839002332232084e-08
1278.0 2.2820606273085685e-08
1279.0 2.2802210213939286e-08
1280.0 2.278381415479289e-08
1281.0 2.276541809564649e-08
1282.0 2.274702203650009e-08
1283.0 2.2728625977353695e-08
1284.0 2.27102299182073e-08
1285.0 2.2691833859060893e-08
1286.0 2.2673437799914497e-08
1287.0 2.2655041740768098e-08
1288.0 2.2636645681621702e-08
1289.0 2.26182496224753e-08
1290.0 2.2599853563328903e-08
1291.0 2.258145750418251e-08
1292.0 2.256306144503611e-08
1293.0 2.254466538588971e-08
1294.0 2.252626932674331e-08
1295.0 2.2507873267596913e-08
1296.0 2.2489477208450514e-08
1297.0 2.2471081149304118e-08
1298.0 2.245268509015772e-08
1299.0 2.243428903101132e-08
1300.0 2.241589297186492e-08
1301.0 2.2397496912718524e-08
1302.0 2.2379100853572125e-08
1303.0 2.2360704794425722e-08
1304.0 2.2342308735279326e-08
1305.0 2.2323912676132927e-08
1306.0 2.230551661698653e-08
1307.0 2.2287120557840128e-08
1308.0 2.2268724498693732e-08
1309.0 2.225032843954734e-08
1310.0 2.2231932380400933e-08
1311.0 2.2213536321254534e-08
1312.0 2.2195140262108135e-08
1313.0 2.217674420296174e-08
1314.0 2.215834814381535e-08
1315.0 2.2139952084668947e-08
1316.0 2.212155602552254e-08
1317.0 2.210315996637614e-08
1318.0 2.2084763907229745e-08
1319.0 2.2066367848083353e-08
1320.0 2.204797178893695e-08
1321.0 2.2029575729790554e-08
1322.0 2.2011179670644155e-08
1323.0 2.1992783611497755e-08
1324.0 2.197438755235136e-08
1325.0 2.195599149320496e-08
1326.0 2.1937595434058564e-08
1327.0 2.1919199374912165e-08
1328.0 2.190080331576577e-08
1329.0 2.1882407256619363e-08
1330.0 2.1864011197472967e-08
1331.0 2.1845615138326577e-08
1332.0 2.182721907918017e-08
1333.0 2.1808823020033772e-08
1334.0 2.179042696088737e-08
1335.0 2.1772030901740977e-08
1336.0 2.1753634842594577e-08
1337.0 2.1735238783448178e-08
1338.0 2.1716842724301782e-08
1339.0 2.1698446665155376e-08
1340.0 2.1680050606008987e-08
1341.0 2.1661654546862587e-08
1342.0 2.164325848771618e-08
1343.0 2.162486242856979e-08
1344.0 2.1606466369423393e-08
1345.0 2.158807031027699e-08
1346.0 2.156967425113059e-08
1347.0 2.1551278191984195e-08
1348.0 2.1532882132837795e-08
1349.0 2.15144860736914e-08
1350.0 2.1496090014545003e-08
1351.0 2.1477693955398594e-08
1352.0 2.1459297896252198e-08
1353.0 2.144090183710581e-08
1354.0 2.1422505777959406e-08
1355.0 2.1404109718813007e-08
1356.0 2.1385713659666614e-08
1357.0 2.1367317600520208e-08
1358.0 2.1348921541373812e-08
1359.0 2.1330525482227413e-08
1360.0 2.131212942308101e-08
1361.0 2.1293733363934617e-08
1362.0 2.127533730478822e-08
1363.0 2.125694124564182e-08
1364.0 2.1238545186495416e-08
1365.0 2.122014912734902e-08
1366.0 2.1201753068202624e-08
1367.0 2.1183357009056225e-08
1368.0 2.116496094990983e-08
1369.0 2.1146564890763426e-08
1370.0 2.112816883161703e-08
1371.0 2.1110709128821465e-08
1372.0 2.1094201925773277e-08
1373.0 2.1077694722725082e-08
1374.0 2.1061187519676897e-08
1375.0 2.10446803166287e-08
1376.0 2.10281731135805e-08
1377.0 2.101166591053231e-08
1378.0 2.099515870748412e-08
1379.0 2.0978651504435927e-08
1380.0 2.0962144301387742e-08
1381.0 2.0945637098339544e-08
1382.0 2.0929129895291355e-08
1383.0 2.0912622692243157e-08
1384.0 2.0896115489194963e-08
1385.0 2.0879608286146778e-08
1386.0 2.0863101083098583e-08
1387.0 2.0846593880050388e-08
1388.0 2.08300866770022e-08
1389.0 2.0813579473954002e-08
1390.0 2.0797072270905817e-08
1391.0 2.0780565067857622e-08
1392.0 2.0764057864809427e-08
1393.0 2.074755066176124e-08
1394.0 2.073104345871304e-08
1395.0 2.0714536255664856e-08
1396.0 2.069802905261666e-08
1397.0 2.0681521849568467e-08
1398.0 2.0665014646520282e-08
1399.0 2.0648507443472084e-08
1400.0 2.0632000240423892e-08
1401.0 2.0615493037375697e-08
1402.0 2.0598985834327506e-08
1403.0 2.058247863127932e-08
1404.0 2.0565971428231123e-08
1405.0 2.0549464225182935e-08
1406.0 2.0532957022134743e-08
1407.0 2.0516449819086545e-08
1408.0 2.0499942616038357e-08
1409.0 2.0483435412990162e-08
1410.0 2.046692820994197e-08
1411.0 2.045042100689378e-08
1412.0 2.0433913803845584e-08
1413.0 2.0417406600797393e-08
1414.0 2.04008993977492e-08
1415.0 2.0384392194701003e-08
1416.0 2.0367884991652822e-08
1417.0 2.0351377788604624e-08
1418.0 2.0334870585556432e-08
1419.0 2.031836338250824e-08
1420.0 2.0301856179460043e-08
1421.0 2.028534897641185e-08
1422.0 2.0268841773363663e-08
1423.0 2.025233457031547e-08
1424.0 2.023582736726728e-08
1425.0 2.0219320164219082e-08
1426.0 2.0202812961170894e-08
1427.0 2.01863057581227e-08
1428.0 2.016979855507451e-08
1429.0 2.0153291352026316e-08
1430.0 2.0136784148978124e-08
1431.0 2.0120276945929933e-08
1432.0 2.0103769742881748e-08
1433.0 2.0087262539833543e-08
1434.0 2.007075533678536e-08
1435.0 2.0054248133737164e-08
1436.0 2.0037740930688972e-08
1437.0 2.0021233727640787e-08
1438.0 2.000472652459259e-08
1439.0 1.9988219321544394e-08
1440.0 1.9971712118496203e-08
1441.0 1.995520491544801e-08
1442.0 1.993869771239982e-08
1443.0 1.992219050935163e-08
1444.0 1.9905683306303437e-08
1445.0 1.9889176103255242e-08
1446.0 1.987266890020705e-08
1447.0 1.9856161697158856e-08
1448.0 1.9839654494110668e-08
1449.0 1.9823147291062473e-08
1450.0 1.9806640088014278e-08
1451.0 1.979013288496609e-08
1452.0 1.9773625681917895e-08
1453.0 1.9757118478869707e-08
1454.0 1.9740611275821512e-08
1455.0 1.9724104072773314e-08
1456.0 1.970759686972513e-08
1457.0 1.9691089666676934e-08
1458.0 1.9674582463628746e-08
1459.0 1.9658075260580548e-08
1460.0 1.964156805753236e-08
1461.0 1.962506085448417e-08
1462.0 1.9608553651435974e-08
1463.0 1.959204644838778e-08
1464.0 1.957553924533959e-08
1465.0 1.9559032042291396e-08
1466.0 1.9542524839243208e-08
1467.0 1.9526017636195013e-08
1468.0 1.9509510433146818e-08
1469.0 1.9493003230098627e-08
1470.0 1.9476496027050438e-08
1471.0 1.9459988824002247e-08
1472.0 1.9443481620954052e-08
1473.0 1.9426974417905854e-08
1474.0 1.941046721485767e-08
1475.0 1.9393960011809474e-08
1476.0 1.9377452808761283e-08
1477.0 1.936258882575772e-08
1478.0 1.934784217632755e-08
1479.0 1.933309552689738e-08
1480.0 1.9318348877467208e-08
1481.0 1.9303602228037036e-08
1482.0 1.9288855578606865e-08
1483.0 1.9274108929176696e-08
1484.0 1.925936227974652e-08
1485.0 1.924461563031635e-08
1486.0 1.9229868980886178e-08
1487.0 1.9215122331456006e-08
1488.0 1.9200375682025834e-08
1489.0 1.9185629032595666e-08
1490.0 1.9170882383165497e-08
1491.0 1.9156135733735325e-08
1492.0 1.9141389084305154e-08
1493.0 1.912664243487498e-08
1494.0 1.911189578544481e-08
1495.0 1.9097149136014635e-08
1496.0 1.9082402486584463e-08
1497.0 1.906765583715429e-08
1498.0 1.905290918772412e-08
1499.0 1.9038162538293955e-08
1500.0 1.902341588886378e-08
1501.0 1.9008669239433608e-08
1502.0 1.8993922590003436e-08
1503.0 1.8979175940573264e-08
1504.0 1.8964429291143092e-08
1505.0 1.894968264171292e-08
1506.0 1.8934935992282746e-08
1507.0 1.8920189342852584e-08
1508.0 1.8905442693422405e-08
1509.0 1.889069604399224e-08
1510.0 1.887594939456207e-08
1511.0 1.8861202745131897e-08
1512.0 1.8846456095701722e-08
1513.0 1.8831709446271553e-08
1514.0 1.8816962796841378e-08
1515.0 1.880221614741121e-08
1516.0 1.8787469497981038e-08
1517.0 1.8772722848550863e-08
1518.0 1.8757976199120698e-08
1519.0 1.8743229549690523e-08
1520.0 1.872848290026035e-08
1521.0 1.8713736250830182e-08
1522.0 1.8698989601400007e-08
1523.0 1.868424295196984e-08
1524.0 1.8669496302539667e-08
1525.0 1.8654749653109495e-08
1526.0 1.8640003003679324e-08
1527.0 1.8625256354249155e-08
1528.0 1.8610509704818977e-08
1529.0 1.8595763055388812e-08
1530.0 1.858101640595864e-08
1531.0 1.8566269756528465e-08
1532.0 1.8551523107098296e-08
1533.0 1.8536776457668125e-08
1534.0 1.8522029808237953e-08
1535.0 1.850728315880778e-08
1536.0 1.849253650937761e-08
1537.0 1.847778985994744e-08
1538.0 1.846304321051727e-08
1539.0 1.8448296561087094e-08
1540.0 1.843354991165693e-08
1541.0 1.8418803262226754e-08
1542.0 1.8404056612796582e-08
1543.0 1.838930996336641e-08
1544.0 1.837456331393624e-08
1545.0 1.8359816664506067e-08
1546.0 1.8345070015075895e-08
1547.0 1.833032336564572e-08
1548.0 1.8315576716215555e-08
1549.0 1.8300830066785383e-08
1550.0 1.828608341735521e-08
1551.0 1.8271336767925043e-08
1552.0 1.8256590118494868e-08
1553.0 1.82418434690647e-08
1554.0 1.8227096819634524e-08
1555.0 1.8212350170204353e-08
1556.0 1.819760352077418e-08
1557.0 1.8182856871344016e-08
1558.0 1.816811022191384e-08
1559.0 1.8153363572483672e-08
1560.0 1.8138616923053497e-08
1561.0 1.812387027362333e-08
1562.0 1.8109123624193153e-08
1563.0 1.8094376974762982e-08
1564.0 1.807963032533281e-08
1565.0 1.806488367590264e-08
1566.0 1.8050137026472473e-08
1567.0 1.80353903770423e-08
1568.0 1.8020643727612133e-08
1569.0 1.8005897078181958e-08
1570.0 1.7991150428751786e-08
1571.0 1.797640377932161e-08
1572.0 1.7961657129891442e-08
1573.0 1.7946910480461267e-08
1574.0 1.79321638310311e-08
1575.0 1.7917417181600927e-08
1576.0 1.790267053217076e-08
1577.0 1.7887923882740584e-08
1578.0 1.7873177233310415e-08
1579.0 1.785843058388024e-08
1580.0 1.784368393445007e-08
1581.0 1.7828937285019897e-08
1582.0 1.7814190635589728e-08
1583.0 1.779944398615956e-08
1584.0 1.7784697336729385e-08
1585.0 1.7769950687299216e-08
1586.0 1.7755204037869044e-08
1587.0 1.7740457388438873e-08
1588.0 1.7725710739008698e-08
1589.0 1.771096408957853e-08
1590.0 1.769661163313397e-08
1591.0 1.7683506802563598e-08
1592.0 1.7670401971993224e-08
1593.0 1.7657297141422854e-08
1594.0 1.764419231085248e-08
1595.0 1.7631087480282103e-08
1596.0 1.7617982649711726e-08
1597.0 1.7604877819141358e-08
1598.0 1.759177298857098e-08
1599.0 1.7578668158000614e-08
1600.0 1.7565563327430237e-08
1601.0 1.7552458496859863e-08
1602.0 1.7539353666289486e-08
1603.0 1.752624883571912e-08
1604.0 1.7513144005148742e-08
1605.0 1.7500039174578368e-08
1606.0 1.7486934344007994e-08
1607.0 1.747382951343762e-08
1608.0 1.7460724682867246e-08
1609.0 1.7447619852296876e-08
1610.0 1.74345150217265e-08
1611.0 1.7421410191156125e-08
1612.0 1.740830536058575e-08
1613.0 1.739520053001538e-08
1614.0 1.7382095699445007e-08
1615.0 1.7368990868874633e-08
1616.0 1.735588603830426e-08
1617.0 1.7342781207733886e-08
1618.0 1.7329676377163512e-08
1619.0 1.731657154659314e-08
1620.0 1.7303466716022767e-08
1621.0 1.7290361885452394e-08
1622.0 1.727725705488202e-08
1623.0 1.7264152224311646e-08
1624.0 1.725104739374127e-08
1625.0 1.72379425631709e-08
1626.0 1.7224837732600525e-08
1627.0 1.721173290203015e-08
1628.0 1.7198628071459774e-08
1629.0 1.7185523240889403e-08
1630.0 1.7172418410319033e-08
1631.0 1.715931357974866e-08
1632.0 1.7146208749178282e-08
1633.0 1.7133103918607908e-08
1634.0 1.7119999088037537e-08
1635.0 1.7106894257467164e-08
1636.0 1.709378942689679e-08
1637.0 1.7080684596326416e-08
1638.0 1.7067579765756042e-08
1639.0 1.7054474935185675e-08
1640.0 1.7041370104615298e-08
1641.0 1.7028265274044924e-08
1642.0 1.7015160443474547e-08
1643.0 1.700205561290417e-08
1644.0 1.6988950782333803e-08
1645.0 1.6975845951763426e-08
1646.0 1.6962741121193055e-08
1647.0 1.694963629062268e-08
1648.0 1.6936531460052304e-08
1649.0 1.692342662948193e-08
1650.0 1.691032179891156e-08
1651.0 1.6897216968341183e-08
1652.0 1.6884112137770812e-08
1653.0 1.687100730720044e-08
1654.0 1.6857902476630065e-08
1655.0 1.684479764605969e-08
1656.0 1.683169281548932e-08
1657.0 1.6818587984918943e-08
1658.0 1.6805483154348573e-08
1659.0 1.6792378323778202e-08
1660.0 1.6779273493207825e-08
1661.0 1.6766168662637448e-08
1662.0 1.675306383206708e-08
1663.0 1.6739959001496704e-08
1664.0 1.672685417092633e-08
1665.0 1.6713749340355953e-08
1666.0 1.6700644509785586e-08
1667.0 1.668753967921521e-08
1668.0 1.6674434848644838e-08
1669.0 1.666133001807446e-08
1670.0 1.6648225187504087e-08
1671.0 1.663512035693372e-08
1672.0 1.6622015526363343e-08
1673.0 1.6608910695792966e-08
1674.0 1.6595805865222592e-08
1675.0 1.6582701034652225e-08
1676.0 1.656959620408185e-08
1677.0 1.6556491373511477e-08
1678.0 1.6543386542941103e-08
1679.0 1.653028171237073e-08
1680.0 1.651717688180036e-08
1681.0 1.6504072051229982e-08
1682.0 1.6490967220659608e-08
1683.0 1.6477862390089234e-08
1684.0 1.6464757559518864e-08
1685.0 1.6451652728948487e-08
1686.0 1.6438547898378113e-08
1687.0 1.6425443067807742e-08
1688.0 1.6412338237237365e-08
1689.0 1.6399233406666988e-08
1690.0 1.6386128576096618e-08
1691.0 1.6373023745526247e-08
1692.0 1.635991891495587e-08
1693.0 1.63468140843855e-08
1694.0 1.6333709253815126e-08
1695.0 1.6320604423244752e-08
1696.0 1.630749959267438e-08
1697.0 1.6294394762104008e-08
1698.0 1.628128993153363e-08
1699.0 1.6268185100963257e-08
1700.0 1.6255080270392886e-08
1701.0 1.624197543982251e-08
1702.0 1.622887060925214e-08
1703.0 1.6215765778681765e-08
1704.0 1.620266094811139e-08
1705.0 1.6189556117541014e-08
1706.0 1.6176451286970647e-08
1707.0 1.616334645640027e-08
1708.0 1.6150241625829896e-08
1709.0 1.6137136795259525e-08
1710.0 1.6124031964689145e-08
1711.0 1.6110927134118774e-08
1712.0 1.6097822303548404e-08
1713.0 1.608592556951308e-08
1714.0 1.6074350608650494e-08
1715.0 1.6062775647787912e-08
1716.0 1.605120068692533e-08
1717.0 1.603962572606275e-08
1718.0 1.6028050765200167e-08
1719.0 1.601647580433758e-08
1720.0 1.6004900843475e-08
1721.0 1.5993325882612415e-08
1722.0 1.5981750921749833e-08
1723.0 1.597017596088725e-08
1724.0 1.595860100002467e-08
1725.0 1.5947026039162084e-08
1726.0 1.59354510782995e-08
1727.0 1.5923876117436917e-08
1728.0 1.5912301156574332e-08
1729.0 1.5900726195711757e-08
1730.0 1.5889151234849168e-08
1731.0 1.587757627398659e-08
1732.0 1.5866001313124e-08
1733.0 1.5854426352261423e-08
1734.0 1.584285139139884e-08
1735.0 1.5831276430536256e-08
1736.0 1.5819701469673677e-08
1737.0 1.580812650881109e-08
1738.0 1.5796551547948507e-08
1739.0 1.5784976587085922e-08
1740.0 1.577340162622334e-08
1741.0 1.5761826665360758e-08
1742.0 1.5750251704498173e-08
1743.0 1.573867674363559e-08
1744.0 1.5727101782773006e-08
1745.0 1.5715526821910424e-08
1746.0 1.5703951861047842e-08
1747.0 1.569237690018526e-08
1748.0 1.568080193932268e-08
1749.0 1.566922697846009e-08
1750.0 1.5657652017597515e-08
1751.0 1.5646077056734927e-08
1752.0 1.5634502095872345e-08
1753.0 1.5622927135009763e-08
1754.0 1.5611352174147178e-08
1755.0 1.5599777213284596e-08
1756.0 1.558820225242201e-08
1757.0 1.557662729155943e-08
1758.0 1.5565052330696847e-08
1759.0 1.5553477369834265e-08
1760.0 1.554190240897168e-08
1761.0 1.5530327448109098e-08
1762.0 1.5518752487246516e-08
1763.0 1.5507177526383928e-08
1764.0 1.5495602565521346e-08
1765.0 1.5484027604658764e-08
1766.0 1.547245264379618e-08
1767.0 1.54608776829336e-08
1768.0 1.5449302722071016e-08
1769.0 1.5437727761208434e-08
1770.0 1.5426152800345855e-08
1771.0 1.5414577839483267e-08
1772.0 1.5403002878620688e-08
1773.0 1.5391427917758103e-08
1774.0 1.5379852956895518e-08
1775.0 1.536827799603294e-08
1776.0 1.5356703035170354e-08
1777.0 1.5345128074307766e-08
1778.0 1.5333553113445187e-08
1779.0 1.5321978152582605e-08
1780.0 1.531040319172002e-08
1781.0 1.529882823085744e-08
1782.0 1.5287253269994853e-08
1783.0 1.5275678309132275e-08
1784.0 1.5264103348269693e-08
1785.0 1.5252528387407104e-08
1786.0 1.5240953426544526e-08
1787.0 1.5229378465681937e-08
1788.0 1.5217803504819362e-08
1789.0 1.5206228543956774e-08
1790.0 1.5194653583094192e-08
1791.0 1.518307862223161e-08
1792.0 1.5171503661369028e-08
1793.0 1.5159928700506443e-08
1794.0 1.5148353739643865e-08
1795.0 1.5136778778781276e-08
1796.0 1.5125203817918694e-08
1797.0 1.5113628857056113e-08
1798.0 1.510205389619353e-08
1799.0 1.5090478935330946e-08
1800.0 1.5078903974468364e-08
1801.0 1.5067329013605782e-08
1802.0 1.5055754052743197e-08
1803.0 1.5044179091880615e-08
1804.0 1.503260413101803e-08
1805.0 1.5021029170155448e-08
1806.0 1.5009454209292866e-08
1807.0 1.499787924843028e-08
1808.0 1.49863042875677e-08
1809.0 1.4974729326705114e-08
1810.0 1.4963154365842532e-08
1811.0 1.4951579404979954e-08
1812.0 1.494000444411737e-08
1813.0 1.4928429483254783e-08
1814.0 1.49168545223922e-08
1815.0 1.490527956152962e-08
1816.0 1.4893704600667036e-08
1817.0 1.4882129639804451e-08
1818.0 1.4870554678941871e-08
1819.0 1.4858979718079286e-08
1820.0 1.4847404757216707e-08
1821.0 1.4835829796354119e-08
1822.0 1.482425483549154e-08
1823.0 1.4812679874628957e-08
1824.0 1.480110491376637e-08
1825.0 1.4789529952903793e-08
1826.0 1.4777954992041205e-08
1827.0 1.4766380031178624e-08
1828.0 1.475480507031604e-08
1829.0 1.4743230109453457e-08
1830.0 1.4731655148590876e-08
1831.0 1.4720080187728294e-08
1832.0 1.4708505226865712e-08
1833.0 1.4696930266003125e-08
1834.0 1.4685355305140543e-08
1835.0 1.4673780344277958e-08
1836.0 1.4662205383415378e-08
1837.0 1.4650630422552794e-08
1838.0 1.4639055461690213e-08
1839.0 1.4627480500827629e-08
1840.0 1.4615905539965044e-08
1841.0 1.4604330579102462e-08
1842.0 1.4592755618239879e-08
1843.0 1.4581180657377297e-08
1844.0 1.4569605696514713e-08
1845.0 1.4559271378804349e-08
1846.0 1.4549063411160019e-08
1847.0 1.4538855443515693e-08
1848.0 1.4528647475871364e-08
1849.0 1.4518439508227037e-08
1850.0 1.4508231540582708e-08
1851.0 1.4498023572938382e-08
1852.0 1.448781560529405e-08
1853.0 1.4477607637649722e-08
1854.0 1.4467399670005398e-08
1855.0 1.445719170236107e-08
1856.0 1.4446983734716742e-08
1857.0 1.4436775767072413e-08
1858.0 1.4426567799428084e-08
1859.0 1.4416359831783757e-08
1860.0 1.4406151864139428e-08
1861.0 1.4395943896495106e-08
1862.0 1.4385735928850773e-08
1863.0 1.4375527961206446e-08
1864.0 1.436531999356212e-08
1865.0 1.4355112025917792e-08
1866.0 1.4344904058273464e-08
1867.0 1.4334696090629137e-08
1868.0 1.4324488122984808e-08
1869.0 1.431428015534048e-08
1870.0 1.4304072187696155e-08
1871.0 1.4293864220051824e-08
1872.0 1.4283656252407494e-08
1873.0 1.4273448284763171e-08
1874.0 1.4263240317118844e-08
1875.0 1.4253032349474514e-08
1876.0 1.4242824381830188e-08
1877.0 1.423261641418586e-08
1878.0 1.422240844654153e-08
1879.0 1.4212200478897203e-08
1880.0 1.4201992511252872e-08
1881.0 1.4191784543608546e-08
1882.0 1.4181576575964222e-08
1883.0 1.4171368608319892e-08
1884.0 1.4161160640675566e-08
1885.0 1.4150952673031239e-08
1886.0 1.4140744705386908e-08
1887.0 1.4130536737742581e-08
1888.0 1.4120328770098252e-08
1889.0 1.4110120802453925e-08
1890.0 1.4099912834809596e-08
1891.0 1.4089704867165267e-08
1892.0 1.4079496899520943e-08
1893.0 1.4069288931876614e-08
1894.0 1.4059080964232287e-08
1895.0 1.404887299658796e-08
1896.0 1.4038665028943629e-08
1897.0 1.4028457061299301e-08
1898.0 1.4018249093654972e-08
1899.0 1.4008041126010645e-08
1900.0 1.3997833158366316e-08
1901.0 1.398762519072199e-08
1902.0 1.3977417223077665e-08
1903.0 1.3967209255433334e-08
1904.0 1.3957001287789009e-08
1905.0 1.3946793320144681e-08
1906.0 1.393658535250035e-08
1907.0 1.3926377384856023e-08
1908.0 1.3916169417211698e-08
1909.0 1.3905961449567367e-08
1910.0 1.3895753481923038e-08
1911.0 1.3885545514278716e-08
1912.0 1.3875337546634383e-08
1913.0 1.3865129578990053e-08
1914.0 1.385492161134573e-08
1915.0 1.3844713643701402e-08
1916.0 1.3834505676057074e-08
1917.0 1.3824297708412747e-08
1918.0 1.3814089740768416e-08
1919.0 1.3803881773124087e-08
1920.0 1.3793673805479762e-08
1921.0 1.3783465837835434e-08
1922.0 1.3773257870191104e-08
1923.0 1.3763049902546777e-08
1924.0 1.3752841934902448e-08
1925.0 1.374263396725812e-08
1926.0 1.3732425999613796e-08
1927.0 1.3722218031969469e-08
1928.0 1.371201006432514e-08
1929.0 1.3701802096680811e-08
1930.0 1.3691594129036484e-08
1931.0 1.3681386161392156e-08
1932.0 1.3671178193747827e-08
1933.0 1.36609702261035e-08
1934.0 1.3650762258459173e-08
1935.0 1.3640554290814842e-08
1936.0 1.3630346323170515e-08
1937.0 1.362013835552619e-08
1938.0 1.360993038788186e-08
1939.0 1.3599722420237536e-08
1940.0 1.3589514452593207e-08
1941.0 1.3579306484948878e-08
1942.0 1.3569098517304551e-08
1943.0 1.3558890549660222e-08
1944.0 1.3548682582015895e-08
1945.0 1.3538474614371564e-08
1946.0 1.3528266646727237e-08
1947.0 1.3518058679082911e-08
1948.0 1.3507850711438584e-08
1949.0 1.3497642743794257e-08
1950.0 1.3487434776149926e-08
1951.0 1.3477226808505599e-08
1952.0 1.3467018840861273e-08
1953.0 1.3456810873216943e-08
1954.0 1.3446602905572617e-08
1955.0 1.3436394937928285e-08
1956.0 1.3426186970283959e-08
1957.0 1.3415979002639632e-08
1958.0 1.3405771034995303e-08
1959.0 1.3395563067350979e-08
1960.0 1.3385355099706648e-08
1961.0 1.3375147132062322e-08
1962.0 1.3364939164417994e-08
1963.0 1.3354731196773665e-08
1964.0 1.3344523229129337e-08
1965.0 1.3334315261485013e-08
1966.0 1.332410729384068e-08
1967.0 1.3313899326196357e-08
1968.0 1.3303691358552023e-08
1969.0 1.3293483390907699e-08
1970.0 1.3283275423263372e-08
1971.0 1.3273067455619043e-08
1972.0 1.3262859487974716e-08
1973.0 1.3252651520330387e-08
1974.0 1.324244355268606e-08
1975.0 1.3232235585041732e-08
1976.0 1.3222027617397403e-08
1977.0 1.3211819649753077e-08
1978.0 1.3201611682108752e-08
1979.0 1.3191403714464418e-08
1980.0 1.3181195746820094e-08
1981.0 1.3170987779175763e-08
1982.0 1.3160779811531438e-08
1983.0 1.3150571843887109e-08
1984.0 1.3140363876242781e-08
1985.0 1.3130155908598452e-08
1986.0 1.3119947940954125e-08
1987.0 1.3110898157094793e-08
1988.0 1.310202555008094e-08
1989.0 1.309315294306709e-08
1990.0 1.308428033605323e-08
1991.0 1.307540772903938e-08
1992.0 1.3066535122025523e-08
1993.0 1.3057662515011667e-08
1994.0 1.3048789907997812e-08
1995.0 1.3039917300983961e-08
1996.0 1.3031044693970107e-08
1997.0 1.3022172086956248e-08
1998.0 1.3013299479942394e-08
1999.0 1.3004426872928536e-08
2000.0 1.2995554265914684e-08
2001.0 1.298668165890083e-08
2002.0 1.2977809051886976e-08
2003.0 1.2968936444873119e-08
2004.0 1.2960063837859266e-08
2005.0 1.2951191230845412e-08
2006.0 1.2942318623831555e-08
2007.0 1.29334460168177e-08
2008.0 1.2924573409803843e-08
2009.0 1.2915700802789991e-08
2010.0 1.2906828195776135e-08
2011.0 1.2897955588762286e-08
2012.0 1.2889082981748427e-08
2013.0 1.2880210374734572e-08
2014.0 1.287133776772072e-08
2015.0 1.2862465160706865e-08
2016.0 1.2853592553693008e-08
2017.0 1.2844719946679154e-08
2018.0 1.2835847339665298e-08
2019.0 1.2826974732651442e-08
2020.0 1.281810212563759e-08
2021.0 1.2809229518623734e-08
2022.0 1.280035691160988e-08
2023.0 1.2791484304596026e-08
2024.0 1.2782611697582172e-08
2025.0 1.2773739090568315e-08
2026.0 1.276486648355446e-08
2027.0 1.2755993876540608e-08
2028.0 1.2747121269526748e-08
2029.0 1.2738248662512897e-08
2030.0 1.2729376055499045e-08
2031.0 1.2720503448485186e-08
2032.0 1.2711630841471333e-08
2033.0 1.270275823445748e-08
2034.0 1.2693885627443622e-08
2035.0 1.268501302042977e-08
2036.0 1.2676140413415914e-08
2037.0 1.2667267806402063e-08
2038.0 1.2658395199388206e-08
2039.0 1.264952259237435e-08
2040.0 1.2640649985360498e-08
2041.0 1.263177737834664e-08
2042.0 1.2622904771332786e-08
2043.0 1.2614032164318932e-08
2044.0 1.2605159557305075e-08
2045.0 1.2596286950291221e-08
2046.0 1.2587414343277369e-08
2047.0 1.2578541736263513e-08
2048.0 1.2569669129249657e-08
2049.0 1.2560796522235801e-08
2050.0 1.2551923915221949e-08
2051.0 1.2543051308208093e-08
2052.0 1.253417870119424e-08
2053.0 1.2525306094180382e-08
2054.0 1.251643348716653e-08
2055.0 1.2507560880152674e-08
2056.0 1.2498688273138822e-08
2057.0 1.2489815666124964e-08
2058.0 1.248094305911111e-08
2059.0 1.2472070452097256e-08
2060.0 1.24631978450834e-08
2061.0 1.2454325238069545e-08
2062.0 1.2445452631055689e-08
2063.0 1.2436580024041837e-08
2064.0 1.2427707417027983e-08
2065.0 1.2418834810014129e-08
2066.0 1.2409962203000273e-08
2067.0 1.2401089595986417e-08
2068.0 1.2392216988972563e-08
2069.0 1.2383344381958707e-08
2070.0 1.2374471774944853e-08
2071.0 1.2365599167931e-08
2072.0 1.2356726560917142e-08
2073.0 1.2347853953903291e-08
2074.0 1.2338981346889436e-08
2075.0 1.233010873987558e-08
2076.0 1.2321236132861726e-08
2077.0 1.2312363525847872e-08
2078.0 1.2303490918834018e-08
2079.0 1.229461831182016e-08
2080.0 1.2285745704806305e-08
2081.0 1.2276873097792454e-08
2082.0 1.2268000490778597e-08
2083.0 1.2259127883764743e-08
2084.0 1.2250255276750889e-08
2085.0 1.2241382669737031e-08
2086.0 1.2232510062723179e-08
2087.0 1.2223637455709323e-08
2088.0 1.2214764848695468e-08
2089.0 1.220589224168161e-08
2090.0 1.2197019634667754e-08
2091.0 1.2188147027653904e-08
2092.0 1.2179274420640046e-08
2093.0 1.2170401813626196e-08
2094.0 1.216152920661234e-08
2095.0 1.2152656599598486e-08
2096.0 1.2143783992584632e-08
2097.0 1.2134911385570778e-08
2098.0 1.2126038778556922e-08
2099.0 1.2117166171543063e-08
2100.0 1.2108293564529209e-08
2101.0 1.2099420957515353e-08
2102.0 1.2090548350501503e-08
2103.0 1.208167574348765e-08
2104.0 1.2072803136473795e-08
2105.0 1.2063930529459939e-08
2106.0 1.2055057922446083e-08
2107.0 1.2046185315432226e-08
2108.0 1.203731270841837e-08
2109.0 1.2028440101404521e-08
2110.0 1.2019567494390665e-08
2111.0 1.2010694887376808e-08
2112.0 1.2001822280362957e-08
2113.0 1.1992949673349102e-08
2114.0 1.1984077066335246e-08
2115.0 1.1975204459321389e-08
2116.0 1.1966331852307533e-08
2117.0 1.1957459245293682e-08
2118.0 1.1948586638279825e-08
2119.0 1.1939714031265974e-08
2120.0 1.1930841424252118e-08
2121.0 1.1921968817238261e-08
2122.0 1.1913096210224409e-08
2123.0 1.1904223603210551e-08
2124.0 1.1895350996196697e-08
2125.0 1.1886478389182842e-08
2126.0 1.1877605782168986e-08
2127.0 1.1868733175155137e-08
2128.0 1.1859860568141278e-08
2129.0 1.1850987961127424e-08
2130.0 1.1842115354113568e-08
2131.0 1.183324274709971e-08
2132.0 1.1824370140085863e-08
2133.0 1.1815497533072004e-08
2134.0 1.1806624926058149e-08
2135.0 1.1797752319044293e-08
2136.0 1.178887971203044e-08
2137.0 1.1780007105016587e-08
2138.0 1.1771134498002731e-08
2139.0 1.176226189098888e-08
2140.0 1.1754468410143924e-08
2141.0 1.1746813103157746e-08
2142.0 1.173915779617157e-08
2143.0 1.1731502489185395e-08
2144.0 1.1723847182199221e-08
2145.0 1.1716191875213042e-08
2146.0 1.1708536568226866e-08
2147.0 1.170088126124069e-08
2148.0 1.169322595425451e-08
2149.0 1.1685570647268336e-08
2150.0 1.1677915340282159e-08
2151.0 1.1670260033295983e-08
2152.0 1.1662604726309808e-08
2153.0 1.165494941932363e-08
2154.0 1.1647294112337455e-08
2155.0 1.1639638805351276e-08
2156.0 1.16319834983651e-08
2157.0 1.1624328191378926e-08
2158.0 1.161667288439275e-08
2159.0 1.1609017577406571e-08
2160.0 1.1601362270420397e-08
2161.0 1.1593706963434223e-08
2162.0 1.1586051656448044e-08
2163.0 1.1578396349461869e-08
2164.0 1.157074104247569e-08
2165.0 1.1563085735489514e-08
2166.0 1.1555430428503338e-08
2167.0 1.1547775121517161e-08
2168.0 1.1540119814530987e-08
2169.0 1.1532464507544806e-08
2170.0 1.1524809200558632e-08
2171.0 1.1517153893572455e-08
2172.0 1.1509498586586281e-08
2173.0 1.1501843279600106e-08
2174.0 1.1494187972613927e-08
2175.0 1.1486532665627751e-08
2176.0 1.147887735864158e-08
2177.0 1.1471222051655398e-08
2178.0 1.146356674466922e-08
2179.0 1.1455911437683045e-08
2180.0 1.1448256130696871e-08
2181.0 1.1440600823710692e-08
2182.0 1.1432945516724516e-08
2183.0 1.1425290209738337e-08
2184.0 1.1417634902752162e-08
2185.0 1.140997959576599e-08
2186.0 1.1402324288779809e-08
2187.0 1.1394668981793635e-08
2188.0 1.138701367480746e-08
2189.0 1.1379358367821282e-08
2190.0 1.1371703060835108e-08
2191.0 1.136404775384893e-08
2192.0 1.1356392446862753e-08
2193.0 1.1348737139876576e-08
2194.0 1.1341081832890397e-08
2195.0 1.1333426525904225e-08
2196.0 1.1325771218918047e-08
2197.0 1.1318115911931873e-08
2198.0 1.1310460604945693e-08
2199.0 1.1302805297959519e-08
2200.0 1.1295149990973343e-08
2201.0 1.1287494683987164e-08
2202.0 1.1279839377000992e-08
2203.0 1.1272184070014813e-08
2204.0 1.1264528763028637e-08
2205.0 1.1256873456042458e-08
2206.0 1.1249218149056282e-08
2207.0 1.1241562842070108e-08
2208.0 1.123390753508393e-08
2209.0 1.1226252228097755e-08
2210.0 1.1218596921111575e-08
2211.0 1.1210941614125401e-08
2212.0 1.1203286307139227e-08
2213.0 1.1195631000153046e-08
2214.0 1.1187975693166872e-08
2215.0 1.1180320386180695e-08
2216.0 1.117266507919452e-08
2217.0 1.1165009772208342e-08
2218.0 1.1157354465222168e-08
2219.0 1.1149699158235994e-08
2220.0 1.1142043851249813e-08
2221.0 1.113438854426364e-08
2222.0 1.1126733237277465e-08
2223.0 1.1119077930291286e-08
2224.0 1.1111422623305112e-08
2225.0 1.1103767316318932e-08
2226.0 1.1096112009332758e-08
2227.0 1.1088456702346577e-08
2228.0 1.1080801395360401e-08
2229.0 1.1073146088374226e-08
2230.0 1.106549078138805e-08
2231.0 1.1057835474401876e-08
2232.0 1.10501801674157e-08
2233.0 1.1042524860429522e-08
2234.0 1.1034869553443348e-08
2235.0 1.1027214246457167e-08
2236.0 1.1019558939470995e-08
2237.0 1.1011903632484819e-08
2238.0 1.1004248325498642e-08
2239.0 1.0996593018512464e-08
2240.0 1.0988937711526287e-08
2241.0 1.0981282404540108e-08
2242.0 1.0973627097553934e-08
2243.0 1.096597179056776e-08
2244.0 1.0958316483581583e-08
2245.0 1.0950661176595405e-08
2246.0 1.0943005869609231e-08
2247.0 1.093535056262305e-08
2248.0 1.0927695255636878e-08
2249.0 1.0920039948650703e-08
2250.0 1.0912384641664524e-08
2251.0 1.0904729334678348e-08
2252.0 1.089707402769217e-08
2253.0 1.0889418720705995e-08
2254.0 1.0881763413719818e-08
2255.0 1.0874108106733642e-08
2256.0 1.0866452799747463e-08
2257.0 1.0858797492761286e-08
2258.0 1.0851142185775114e-08
2259.0 1.0843486878788935e-08
2260.0 1.0835831571802759e-08
2261.0 1.0828176264816585e-08
2262.0 1.0820520957830406e-08
2263.0 1.081286565084423e-08
2264.0 1.0805210343858053e-08
2265.0 1.0797555036871879e-08
2266.0 1.0789899729885702e-08
2267.0 1.0782244422899526e-08
2268.0 1.077458911591335e-08
2269.0 1.0766933808927172e-08
2270.0 1.0759278501941e-08
2271.0 1.0751623194954822e-08
2272.0 1.0743967887968645e-08
2273.0 1.0736312580982467e-08
2274.0 1.072865727399629e-08
2275.0 1.0721001967010114e-08
2276.0 1.071334666002394e-08
2277.0 1.0705691353037765e-08
2278.0 1.0698036046051584e-08
2279.0 1.069038073906541e-08
2280.0 1.0682725432079233e-08
2281.0 1.0675070125093057e-08
2282.0 1.0667414818106881e-08
2283.0 1.0659759511120706e-08
2284.0 1.0652104204134528e-08
2285.0 1.064444889714835e-08
2286.0 1.0636793590162177e-08
2287.0 1.0629138283176001e-08
2288.0 1.0621482976189823e-08
2289.0 1.0613827669203645e-08
2290.0 1.0606172362217471e-08
2291.0 1.0598517055231292e-08
2292.0 1.0590861748245117e-08
2293.0 1.0583206441258938e-08
2294.0 1.0575551134272765e-08
2295.0 1.056789582728659e-08
2296.0 1.056024052030041e-08
2297.0 1.0552585213314235e-08
2298.0 1.054492990632806e-08
2299.0 1.0537274599341885e-08
2300.0 1.0529619292355705e-08
2301.0 1.052196398536953e-08
2302.0 1.0514308678383353e-08
2303.0 1.0506653371397176e-08
2304.0 1.0499124560642148e-08
2305.0 1.0492502753421903e-08
2306.0 1.048588094620166e-08
2307.0 1.047925913898142e-08
2308.0 1.0472637331761174e-08
2309.0 1.0466015524540931e-08
2310.0 1.0459393717320685e-08
2311.0 1.0452771910100445e-08
2312.0 1.04461501028802e-08
2313.0 1.0439528295659957e-08
2314.0 1.0432906488439712e-08
2315.0 1.042628468121947e-08
2316.0 1.0419662873999224e-08
2317.0 1.041304106677898e-08
2318.0 1.0406419259558737e-08
2319.0 1.0399797452338492e-08
2320.0 1.039317564511825e-08
2321.0 1.0386553837898005e-08
2322.0 1.037993203067776e-08
2323.0 1.0373310223457516e-08
2324.0 1.0366688416237274e-08
2325.0 1.0360066609017033e-08
2326.0 1.0353444801796788e-08
2327.0 1.0346822994576544e-08
2328.0 1.0340201187356298e-08
2329.0 1.0333579380136055e-08
2330.0 1.0326957572915812e-08
2331.0 1.032033576569557e-08
2332.0 1.0313713958475327e-08
2333.0 1.0307092151255079e-08
2334.0 1.030047034403484e-08
2335.0 1.0293848536814597e-08
2336.0 1.028722672959435e-08
2337.0 1.0280604922374107e-08
2338.0 1.0273983115153864e-08
2339.0 1.026736130793362e-08
2340.0 1.0260739500713375e-08
2341.0 1.025411769349313e-08
2342.0 1.0247495886272886e-08
2343.0 1.0240874079052645e-08
2344.0 1.0234252271832401e-08
2345.0 1.0227630464612157e-08
2346.0 1.0221008657391914e-08
2347.0 1.0214386850171671e-08
2348.0 1.0207765042951428e-08
2349.0 1.0201143235731182e-08
2350.0 1.0194521428510938e-08
2351.0 1.0187899621290695e-08
2352.0 1.018127781407045e-08
2353.0 1.017465600685021e-08
2354.0 1.0168034199629962e-08
2355.0 1.0161412392409723e-08
2356.0 1.0154790585189477e-08
2357.0 1.0148168777969236e-08
2358.0 1.0141546970748988e-08
2359.0 1.0134925163528744e-08
2360.0 1.0128303356308501e-08
2361.0 1.0121681549088257e-08
2362.0 1.0115059741868014e-08
2363.0 1.010843793464777e-08
2364.0 1.0101816127427527e-08
2365.0 1.009519432020728e-08
2366.0 1.0088572512987041e-08
2367.0 1.0081950705766795e-08
2368.0 1.0075328898546551e-08
2369.0 1.0068707091326305e-08
2370.0 1.0062085284106065e-08
2371.0 1.0055463476885821e-08
2372.0 1.0048841669665575e-08
2373.0 1.0042219862445332e-08
2374.0 1.0035598055225088e-08
2375.0 1.0028976248004845e-08
2376.0 1.0022354440784601e-08
2377.0 1.0015732633564358e-08
2378.0 1.0009110826344114e-08
2379.0 1.0002489019123873e-08
2380.0 9.995867211903627e-09
2381.0 9.989245404683384e-09
2382.0 9.98262359746314e-09
2383.0 9.976001790242895e-09
2384.0 9.969379983022654e-09
2385.0 9.962758175802408e-09
2386.0 9.956136368582164e-09
2387.0 9.949514561361918e-09
2388.0 9.942892754141675e-09
2389.0 9.936270946921434e-09
2390.0 9.929649139701188e-09
2391.0 9.923027332480945e-09
2392.0 9.9164055252607e-09
2393.0 9.909783718040461e-09
2394.0 9.903161910820214e-09
2395.0 9.896540103599971e-09
2396.0 9.889918296379727e-09
2397.0 9.883296489159484e-09
2398.0 9.87667468193924e-09
2399.0 9.870052874718997e-09
2400.0 9.863431067498752e-09
2401.0 9.856809260278508e-09
2402.0 9.850187453058267e-09
2403.0 9.843565645838021e-09
2404.0 9.836943838617777e-09
2405.0 9.83032203139753e-09
2406.0 9.823700224177291e-09
2407.0 9.817078416957047e-09
2408.0 9.810456609736806e-09
2409.0 9.803834802516558e-09
2410.0 9.797212995296314e-09
2411.0 9.790591188076071e-09
2412.0 9.783969380855827e-09
2413.0 9.777347573635584e-09
2414.0 9.77072576641534e-09
2415.0 9.764103959195098e-09
2416.0 9.757482151974852e-09
2417.0 9.75086034475461e-09
2418.0 9.744238537534365e-09
2419.0 9.737616730314122e-09
2420.0 9.730994923093878e-09
2421.0 9.724373115873635e-09
2422.0 9.717751308653391e-09
2423.0 9.711129501433147e-09
2424.0 9.7045076942129e-09
2425.0 9.697885886992656e-09
2426.0 9.691264079772414e-09
2427.0 9.68464227255217e-09
2428.0 9.678020465331926e-09
2429.0 9.671398658111682e-09
2430.0 9.664776850891441e-09
2431.0 9.658155043671197e-09
2432.0 9.651533236450952e-09
2433.0 9.64491142923071e-09
2434.0 9.638289622010465e-09
2435.0 9.631667814790222e-09
2436.0 9.625046007569978e-09
2437.0 9.618424200349735e-09
2438.0 9.611802393129494e-09
2439.0 9.60518058590925e-09
2440.0 9.598558778689004e-09
2441.0 9.591936971468761e-09
2442.0 9.585315164248517e-09
2443.0 9.578693357028272e-09
2444.0 9.572071549808026e-09
2445.0 9.565449742587784e-09
2446.0 9.55882793536754e-09
2447.0 9.552206128147297e-09
2448.0 9.545584320927052e-09
2449.0 9.53896251370681e-09
2450.0 9.53234070648657e-09
2451.0 9.525718899266324e-09
2452.0 9.519097092046078e-09
2453.0 9.512475284825834e-09
2454.0 9.505853477605591e-09
2455.0 9.499231670385347e-09
2456.0 9.492609863165104e-09
2457.0 9.485988055944863e-09
2458.0 9.479366248724617e-09
2459.0 9.472744441504376e-09
2460.0 9.46612263428413e-09
2461.0 9.459500827063887e-09
2462.0 9.452879019843643e-09
2463.0 9.446257212623396e-09
2464.0 9.439635405403152e-09
2465.0 9.43301359818291e-09
2466.0 9.426391790962667e-09
2467.0 9.419769983742422e-09
2468.0 9.413148176522183e-09
2469.0 9.406526369301935e-09
2470.0 9.39990456208169e-09
2471.0 9.393282754861448e-09
2472.0 9.386660947641205e-09
2473.0 9.38003914042096e-09
2474.0 9.373417333200715e-09
2475.0 9.366795525980476e-09
2476.0 9.36017371876023e-09
2477.0 9.353551911539988e-09
2478.0 9.346930104319742e-09
2479.0 9.3403082970995e-09
2480.0 9.333686489879255e-09
2481.0 9.327064682659014e-09
2482.0 9.321104416420772e-09
2483.0 9.315473782136333e-09
2484.0 9.309843147851895e-09
2485.0 9.30421251356746e-09
2486.0 9.298581879283023e-09
2487.0 9.292951244998587e-09
2488.0 9.287320610714148e-09
2489.0 9.281689976429712e-09
2490.0 9.27605934214528e-09
2491.0 9.270428707860844e-09
2492.0 9.264798073576404e-09
2493.0 9.259167439291968e-09
2494.0 9.253536805007534e-09
2495.0 9.247906170723096e-09
2496.0 9.242275536438659e-09
2497.0 9.236644902154221e-09
2498.0 9.231014267869785e-09
2499.0 9.225383633585349e-09
2500.0 9.219752999300913e-09
2501.0 9.214122365016475e-09
2502.0 9.208491730732038e-09
2503.0 9.202861096447604e-09
2504.0 9.197230462163166e-09
2505.0 9.191599827878728e-09
2506.0 9.185969193594292e-09
2507.0 9.18033855930986e-09
2508.0 9.17470792502542e-09
2509.0 9.169077290740983e-09
2510.0 9.163446656456548e-09
2511.0 9.157816022172112e-09
2512.0 9.152185387887676e-09
2513.0 9.146554753603237e-09
2514.0 9.140924119318803e-09
2515.0 9.135293485034365e-09
2516.0 9.129662850749927e-09
2517.0 9.124032216465492e-09
2518.0 9.118401582181057e-09
2519.0 9.112770947896621e-09
2520.0 9.107140313612184e-09
2521.0 9.101509679327744e-09
2522.0 9.095879045043307e-09
2523.0 9.090248410758876e-09
2524.0 9.084617776474436e-09
2525.0 9.07898714219e-09
2526.0 9.073356507905564e-09
2527.0 9.067725873621128e-09
2528.0 9.06209523933669e-09
2529.0 9.056464605052256e-09
2530.0 9.050833970767819e-09
2531.0 9.045203336483381e-09
2532.0 9.039572702198945e-09
2533.0 9.033942067914508e-09
2534.0 9.028311433630073e-09
2535.0 9.022680799345634e-09
2536.0 9.0170501650612e-09
2537.0 9.011419530776764e-09
2538.0 9.005788896492328e-09
2539.0 9.00015826220789e-09
2540.0 8.994527627923452e-09
2541.0 8.988896993639015e-09
2542.0 8.98326635935458e-09
2543.0 8.977635725070144e-09
2544.0 8.97200509078571e-09
2545.0 8.966374456501272e-09
2546.0 8.960743822216835e-09
2547.0 8.955113187932399e-09
2548.0 8.94948255364796e-09
2549.0 8.943851919363525e-09
2550.0 8.938221285079091e-09
2551.0 8.932590650794653e-09
2552.0 8.926960016510216e-09
2553.0 8.92132938222578e-09
2554.0 8.915698747941344e-09
2555.0 8.910068113656906e-09
2556.0 8.90443747937247e-09
2557.0 8.898806845088032e-09
2558.0 8.893176210803595e-09
2559.0 8.88754557651916e-09
2560.0 8.881914942234723e-09
2561.0 8.876284307950288e-09
2562.0 8.87065367366585e-09
2563.0 8.865023039381415e-09
2564.0 8.859392405096977e-09
2565.0 8.853761770812543e-09
2566.0 8.848131136528105e-09
2567.0 8.84250050224367e-09
2568.0 8.836869867959233e-09
2569.0 8.831239233674796e-09
2570.0 8.82560859939036e-09
2571.0 8.819977965105922e-09
2572.0 8.814347330821484e-09
2573.0 8.80871669653705e-09
2574.0 8.803086062252614e-09
2575.0 8.797455427968176e-09
2576.0 8.79182479368374e-09
2577.0 8.786194159399306e-09
2578.0 8.780563525114865e-09
2579.0 8.77493289083043e-09
2580.0 8.769302256545995e-09
2581.0 8.763671622261559e-09
2582.0 8.758040987977121e-09
2583.0 8.752410353692685e-09
2584.0 8.746779719408248e-09
2585.0 8.741149085123812e-09
2586.0 8.735518450839376e-09
2587.0 8.729887816554938e-09
2588.0 8.724257182270502e-09
2589.0 8.718626547986064e-09
2590.0 8.71299591370163e-09
2591.0 8.707365279417194e-09
2592.0 8.701734645132758e-09
2593.0 8.69610401084832e-09
2594.0 8.690473376563883e-09
2595.0 8.684842742279449e-09
2596.0 8.679212107995011e-09
2597.0 8.673581473710575e-09
2598.0 8.667950839426137e-09
2599.0 8.6623202051417e-09
2600.0 8.656689570857265e-09
2601.0 8.651058936572828e-09
2602.0 8.645428302288392e-09
2603.0 8.639797668003956e-09
2604.0 8.634167033719518e-09
2605.0 8.628536399435084e-09
2606.0 8.622905765150646e-09
2607.0 8.61727513086621e-09
2608.0 8.611644496581773e-09
2609.0 8.606013862297337e-09
2610.0 8.6003832280129e-09
2611.0 8.594752593728465e-09
2612.0 8.589121959444027e-09
2613.0 8.58349132515959e-09
2614.0 8.577860690875153e-09
2615.0 8.572230056590717e-09
2616.0 8.566599422306283e-09
2617.0 8.560968788021845e-09
2618.0 8.555338153737408e-09
2619.0 8.549707519452972e-09
2620.0 8.544076885168536e-09
2621.0 8.538446250884098e-09
2622.0 8.532815616599662e-09
2623.0 8.527184982315226e-09
2624.0 8.52155434803079e-09
2625.0 8.515923713746353e-09
2626.0 8.510293079461918e-09
2627.0 8.50466244517748e-09
2628.0 8.499031810893045e-09
2629.0 8.493401176608607e-09
2630.0 8.487770542324171e-09
2631.0 8.482139908039733e-09
2632.0 8.476509273755297e-09
2633.0 8.47087863947086e-09
2634.0 8.465248005186425e-09
2635.0 8.459617370901988e-09
2636.0 8.453986736617553e-09
2637.0 8.448356102333116e-09
2638.0 8.44272546804868e-09
2639.0 8.437094833764242e-09
2640.0 8.431464199479806e-09
2641.0 8.425833565195369e-09
2642.0 8.420202930910933e-09
2643.0 8.414572296626498e-09
2644.0 8.40894166234206e-09
2645.0 8.403311028057623e-09
2646.0 8.397680393773189e-09
2647.0 8.39204975948875e-09
2648.0 8.386419125204313e-09
2649.0 8.380788490919877e-09
2650.0 8.37515785663544e-09
2651.0 8.369527222351005e-09
2652.0 8.363896588066568e-09
2653.0 8.358265953782134e-09
2654.0 8.352635319497696e-09
2655.0 8.34700468521326e-09
2656.0 8.341374050928822e-09
2657.0 8.335743416644386e-09
2658.0 8.33011278235995e-09
2659.0 8.324482148075513e-09
2660.0 8.318851513791075e-09
2661.0 8.31322087950664e-09
2662.0 8.307590245222203e-09
2663.0 8.301959610937767e-09
2664.0 8.29632897665333e-09
2665.0 8.290698342368895e-09
2666.0 8.285067708084457e-09
2667.0 8.279437073800021e-09
2668.0 8.273806439515584e-09
2669.0 8.268175805231148e-09
2670.0 8.26254517094671e-09
2671.0 8.256914536662276e-09
2672.0 8.251283902377838e-09
2673.0 8.246130371872857e-09
2674.0 8.241376615951227e-09
2675.0 8.236622860029599e-09
2676.0 8.231869104107973e-09
2677.0 8.227115348186343e-09
2678.0 8.222361592264715e-09
2679.0 8.217607836343085e-09
2680.0 8.212854080421456e-09
2681.0 8.20810032449983e-09
2682.0 8.203346568578201e-09
2683.0 8.198592812656572e-09
2684.0 8.193839056734946e-09
2685.0 8.189085300813314e-09
2686.0 8.184331544891685e-09
2687.0 8.179577788970058e-09
2688.0 8.174824033048432e-09
2689.0 8.170070277126802e-09
2690.0 8.165316521205173e-09
2691.0 8.160562765283545e-09
2692.0 8.155809009361917e-09
2693.0 8.151055253440289e-09
2694.0 8.14630149751866e-09
2695.0 8.141547741597031e-09
2696.0 8.136793985675402e-09
2697.0 8.132040229753772e-09
2698.0 8.127286473832144e-09
2699.0 8.122532717910518e-09
2700.0 8.117778961988888e-09
2701.0 8.113025206067262e-09
2702.0 8.10827145014563e-09
2703.0 8.103517694224002e-09
2704.0 8.098763938302374e-09
2705.0 8.094010182380746e-09
2706.0 8.089256426459118e-09
2707.0 8.084502670537487e-09
2708.0 8.07974891461586e-09
2709.0 8.074995158694233e-09
2710.0 8.070241402772603e-09
2711.0 8.065487646850977e-09
2712.0 8.060733890929347e-09
2713.0 8.055980135007718e-09
2714.0 8.051226379086091e-09
2715.0 8.046472623164463e-09
2716.0 8.041718867242832e-09
2717.0 8.036965111321204e-09
2718.0 8.032211355399576e-09
2719.0 8.027457599477948e-09
2720.0 8.022703843556318e-09
2721.0 8.01795008763469e-09
2722.0 8.013196331713061e-09
2723.0 8.008442575791433e-09
2724.0 8.003688819869807e-09
2725.0 7.998935063948175e-09
2726.0 7.994181308026549e-09
2727.0 7.989427552104921e-09
2728.0 7.984673796183291e-09
2729.0 7.979920040261663e-09
2730.0 7.975166284340034e-09
2731.0 7.970412528418406e-09
2732.0 7.965658772496778e-09
2733.0 7.960905016575148e-09
2734.0 7.95615126065352e-09
2735.0 7.951397504731892e-09
2736.0 7.946643748810264e-09
2737.0 7.941889992888636e-09
2738.0 7.937136236967007e-09
2739.0 7.932382481045377e-09
2740.0 7.92762872512375e-09
2741.0 7.922874969202123e-09
2742.0 7.918121213280493e-09
2743.0 7.913367457358865e-09
2744.0 7.908613701437235e-09
2745.0 7.903859945515607e-09
2746.0 7.89910618959398e-09
2747.0 7.894352433672351e-09
2748.0 7.889598677750722e-09
2749.0 7.884844921829094e-09
2750.0 7.880091165907464e-09
2751.0 7.875337409985836e-09
2752.0 7.87058365406421e-09
2753.0 7.865829898142579e-09
2754.0 7.86107614222095e-09
2755.0 7.856322386299323e-09
2756.0 7.851568630377695e-09
2757.0 7.846814874456067e-09
2758.0 7.842061118534439e-09
2759.0 7.837307362612809e-09
2760.0 7.832553606691181e-09
2761.0 7.827799850769552e-09
2762.0 7.823046094847924e-09
2763.0 7.818292338926294e-09
2764.0 7.813538583004666e-09
2765.0 7.808784827083038e-09
2766.0 7.80403107116141e-09
2767.0 7.79927731523978e-09
2768.0 7.794523559318152e-09
2769.0 7.789769803396524e-09
2770.0 7.785016047474896e-09
2771.0 7.780262291553268e-09
2772.0 7.775508535631639e-09
2773.0 7.77075477971001e-09
2774.0 7.766001023788383e-09
2775.0 7.761247267866752e-09
2776.0 7.756493511945125e-09
2777.0 7.751739756023497e-09
2778.0 7.746986000101868e-09
2779.0 7.74223224418024e-09
2780.0 7.73747848825861e-09
2781.0 7.732724732336982e-09
2782.0 7.727970976415354e-09
2783.0 7.723217220493728e-09
2784.0 7.718463464572098e-09
2785.0 7.71370970865047e-09
2786.0 7.70895595272884e-09
2787.0 7.704202196807211e-09
2788.0 7.699448440885585e-09
2789.0 7.694694684963957e-09
2790.0 7.689940929042325e-09
2791.0 7.685187173120697e-09
2792.0 7.68043341719907e-09
2793.0 7.675679661277443e-09
2794.0 7.670925905355815e-09
2795.0 7.666172149434184e-09
2796.0 7.661418393512557e-09
2797.0 7.65666463759093e-09
2798.0 7.651910881669301e-09
2799.0 7.64715712574767e-09
2800.0 7.642403369826042e-09
2801.0 7.637649613904414e-09
2802.0 7.632895857982785e-09
2803.0 7.628142102061157e-09
2804.0 7.623388346139529e-09
2805.0 7.6186345902179e-09
2806.0 7.613880834296271e-09
2807.0 7.609127078374643e-09
2808.0 7.604373322453015e-09
2809.0 7.599619566531385e-09
2810.0 7.594865810609757e-09
2811.0 7.590112054688128e-09
2812.0 7.5853582987665e-09
2813.0 7.580604542844872e-09
2814.0 7.575850786923244e-09
2815.0 7.571097031001616e-09
2816.0 7.566343275079988e-09
2817.0 7.56158951915836e-09
2818.0 7.55683576323673e-09
2819.0 7.552082007315102e-09
2820.0 7.547328251393473e-09
2821.0 7.542574495471845e-09
2822.0 7.537820739550217e-09
2823.0 7.533066983628587e-09
2824.0 7.528313227706959e-09
2825.0 7.52355947178533e-09
2826.0 7.518805715863702e-09
2827.0 7.514051959942072e-09
2828.0 7.509298204020446e-09
2829.0 7.504544448098818e-09
2830.0 7.49979069217719e-09
2831.0 7.495036936255562e-09
2832.0 7.49028318033393e-09
2833.0 7.485529424412302e-09
2834.0 7.480775668490674e-09
2835.0 7.476021912569046e-09
2836.0 7.471268156647417e-09
2837.0 7.466514400725789e-09
2838.0 7.46176064480416e-09
2839.0 7.457006888882533e-09
2840.0 7.452253132960903e-09
2841.0 7.447499377039275e-09
2842.0 7.4427456211176464e-09
2843.0 7.437991865196019e-09
2844.0 7.43323810927439e-09
2845.0 7.4284843533527625e-09
2846.0 7.423730597431133e-09
2847.0 7.418976841509505e-09
2848.0 7.414223085587876e-09
2849.0 7.409469329666247e-09
2850.0 7.404715573744619e-09
2851.0 7.399961817822991e-09
2852.0 7.395208061901362e-09
2853.0 7.390454305979734e-09
2854.0 7.385700550058104e-09
2855.0 7.380946794136477e-09
2856.0 7.37619303821485e-09
2857.0 7.37143928229322e-09
2858.0 7.366685526371592e-09
2859.0 7.361931770449963e-09
2860.0 7.357178014528334e-09
2861.0 7.352424258606707e-09
2862.0 7.347670502685078e-09
2863.0 7.342916746763449e-09
2864.0 7.338162990841821e-09
2865.0 7.333409234920191e-09
2866.0 7.328655478998563e-09
2867.0 7.323901723076935e-09
2868.0 7.319147967155305e-09
2869.0 7.314394211233677e-09
2870.0 7.309640455312049e-09
2871.0 7.304886699390421e-09
2872.0 7.300132943468794e-09
2873.0 7.295379187547165e-09
2874.0 7.290625431625535e-09
2875.0 7.2858716757039074e-09
2876.0 7.2811179197822795e-09
2877.0 7.276364163860651e-09
2878.0 7.271610407939022e-09
2879.0 7.267375126520179e-09
2880.0 7.263362493595529e-09
2881.0 7.259349860670881e-09
2882.0 7.255337227746231e-09
2883.0 7.251324594821581e-09
2884.0 7.247311961896934e-09
2885.0 7.243299328972282e-09
2886.0 7.239286696047634e-09
2887.0 7.235274063122984e-09
2888.0 7.231261430198335e-09
2889.0 7.227248797273687e-09
2890.0 7.223236164349037e-09
2891.0 7.219223531424388e-09
2892.0 7.215210898499738e-09
2893.0 7.211198265575091e-09
2894.0 7.207185632650442e-09
2895.0 7.203172999725792e-09
2896.0 7.199160366801142e-09
2897.0 7.195147733876495e-09
2898.0 7.191135100951845e-09
2899.0 7.187122468027196e-09
2900.0 7.183109835102548e-09
2901.0 7.179097202177897e-09
2902.0 7.1750845692532485e-09
2903.0 7.1710719363286e-09
2904.0 7.167059303403949e-09
2905.0 7.163046670479302e-09
2906.0 7.1590340375546515e-09
2907.0 7.155021404630003e-09
2908.0 7.151008771705352e-09
2909.0 7.146996138780705e-09
2910.0 7.142983505856055e-09
2911.0 7.138970872931406e-09
2912.0 7.134958240006756e-09
2913.0 7.130945607082108e-09
2914.0 7.1269329741574574e-09
2915.0 7.122920341232809e-09
2916.0 7.118907708308161e-09
2917.0 7.114895075383512e-09
2918.0 7.110882442458863e-09
2919.0 7.106869809534215e-09
2920.0 7.102857176609565e-09
2921.0 7.098844543684915e-09
2922.0 7.094831910760266e-09
2923.0 7.0908192778356185e-09
2924.0 7.0868066449109694e-09
2925.0 7.082794011986319e-09
2926.0 7.07878137906167e-09
2927.0 7.074768746137021e-09
2928.0 7.070756113212372e-09
2929.0 7.066743480287722e-09
2930.0 7.062730847363073e-09
2931.0 7.058718214438423e-09
2932.0 7.054705581513775e-09
2933.0 7.050692948589126e-09
2934.0 7.046680315664476e-09
2935.0 7.042667682739827e-09
2936.0 7.038655049815179e-09
2937.0 7.034642416890529e-09
2938.0 7.0306297839658786e-09
2939.0 7.026617151041233e-09
2940.0 7.022604518116583e-09
2941.0 7.018591885191933e-09
2942.0 7.014579252267285e-09
2943.0 7.010566619342633e-09
2944.0 7.006553986417987e-09
2945.0 7.002541353493337e-09
2946.0 6.998528720568687e-09
2947.0 6.994516087644039e-09
2948.0 6.990503454719388e-09
2949.0 6.9864908217947415e-09
2950.0 6.982478188870091e-09
2951.0 6.978465555945441e-09
2952.0 6.974452923020793e-09
2953.0 6.9704402900961445e-09
2954.0 6.966427657171494e-09
2955.0 6.9624150242468455e-09
2956.0 6.9584023913221965e-09
2957.0 6.9543897583975474e-09
2958.0 6.950377125472899e-09
2959.0 6.946364492548248e-09
2960.0 6.9423518596235995e-09
2961.0 6.938339226698952e-09
2962.0 6.934326593774303e-09
2963.0 6.930313960849653e-09
2964.0 6.926301327925003e-09
2965.0 6.922288695000355e-09
2966.0 6.918276062075705e-09
2967.0 6.914263429151056e-09
2968.0 6.910250796226405e-09
2969.0 6.906238163301757e-09
2970.0 6.90222553037711e-09
2971.0 6.89821289745246e-09
2972.0 6.894200264527811e-09
2973.0 6.89018763160316e-09
2974.0 6.886174998678512e-09
2975.0 6.882162365753864e-09
2976.0 6.878149732829215e-09
2977.0 6.874137099904566e-09
2978.0 6.870124466979917e-09
2979.0 6.866111834055267e-09
2980.0 6.862099201130617e-09
2981.0 6.858086568205969e-09
2982.0 6.8540739352813195e-09
2983.0 6.850061302356671e-09
2984.0 6.846048669432022e-09
2985.0 6.8420360365073715e-09
2986.0 6.838023403582723e-09
2987.0 6.834010770658073e-09
2988.0 6.829998137733424e-09
2989.0 6.825985504808774e-09
2990.0 6.8219728718841255e-09
2991.0 6.817960238959477e-09
2992.0 6.813947606034829e-09
2993.0 6.809934973110178e-09
2994.0 6.80592234018553e-09
2995.0 6.801909707260881e-09
2996.0 6.797897074336233e-09
2997.0 6.793884441411582e-09
2998.0 6.789871808486932e-09
2999.0 6.785859175562285e-09
3000.0 6.781846542637637e-09
3001.0 6.777833909712987e-09
3002.0 6.773821276788338e-09
3003.0 6.769808643863688e-09
3004.0 6.76579601093904e-09
3005.0 6.76178337801439e-09
3006.0 6.757770745089741e-09
3007.0 6.753758112165093e-09
3008.0 6.749745479240442e-09
3009.0 6.7457328463157935e-09
3010.0 6.741720213391144e-09
3011.0 6.737707580466495e-09
3012.0 6.733694947541847e-09
3013.0 6.7296823146171965e-09
3014.0 6.7256696816925474e-09
3015.0 6.721657048767899e-09
3016.0 6.71764441584325e-09
3017.0 6.713631782918602e-09
3018.0 6.70961914999395e-09
3019.0 6.705606517069301e-09
3020.0 6.701593884144654e-09
3021.0 6.697581251220004e-09
3022.0 6.693568618295354e-09
3023.0 6.689555985370707e-09
3024.0 6.685543352446056e-09
3025.0 6.681530719521409e-09
3026.0 6.677518086596759e-09
3027.0 6.673505453672109e-09
3028.0 6.66949282074746e-09
3029.0 6.665480187822811e-09
3030.0 6.661467554898163e-09
3031.0 6.657454921973512e-09
3032.0 6.653442289048863e-09
3033.0 6.6494296561242155e-09
3034.0 6.645417023199565e-09
3035.0 6.6414043902749165e-09
3036.0 6.637391757350268e-09
3037.0 6.6333791244256184e-09
3038.0 6.62936649150097e-09
3039.0 6.62535385857632e-09
3040.0 6.6213412256516704e-09
3041.0 6.617328592727022e-09
3042.0 6.613315959802373e-09
3043.0 6.609303326877724e-09
3044.0 6.605290693953075e-09
3045.0 6.601278061028427e-09
3046.0 6.597265428103777e-09
3047.0 6.593252795179127e-09
3048.0 6.589240162254478e-09
3049.0 6.585227529329829e-09
3050.0 6.58121489640518e-09
3051.0 6.577202263480532e-09
3052.0 6.573189630555881e-09
3053.0 6.569176997631233e-09
3054.0 6.5651643647065846e-09
3055.0 6.561151731781935e-09
3056.0 6.557139098857285e-09
3057.0 6.553126465932635e-09
3058.0 6.549113833007987e-09
3059.0 6.545101200083339e-09
3060.0 6.541088567158689e-09
3061.0 6.5370759342340396e-09
3062.0 6.533063301309391e-09
3063.0 6.5290506683847415e-09
3064.0 6.525038035460092e-09
3065.0 6.521025402535444e-09
3066.0 6.5170127696107935e-09
3067.0 6.513000136686145e-09
3068.0 6.508987503761495e-09
3069.0 6.504974870836846e-09
3070.0 6.500962237912198e-09
3071.0 6.496949604987547e-09
3072.0 6.4929369720629e-09
3073.0 6.488924339138249e-09
3074.0 6.484911706213601e-09
3075.0 6.480899073288953e-09
3076.0 6.476886440364303e-09
3077.0 6.472873807439655e-09
3078.0 6.468861174515005e-09
3079.0 6.464848541590355e-09
3080.0 6.460835908665706e-09
3081.0 6.456823275741057e-09
3082.0 6.452810642816409e-09
3083.0 6.44879800989176e-09
3084.0 6.444785376967111e-09
3085.0 6.4407727440424615e-09
3086.0 6.436760111117812e-09
3087.0 6.432747478193163e-09
3088.0 6.4287348452685135e-09
3089.0 6.4247222123438645e-09
3090.0 6.420709579419216e-09
3091.0 6.416696946494568e-09
3092.0 6.412684313569917e-09
3093.0 6.408671680645269e-09
3094.0 6.4046590477206176e-09
3095.0 6.400646414795969e-09
3096.0 6.3966337818713195e-09
3097.0 6.392621148946672e-09
3098.0 6.388608516022023e-09
3099.0 6.384595883097372e-09
3100.0 6.380583250172724e-09
