2.0 0.003913870577898655
3.0 0.002216244669282009
4.0 0.0014820062168566695
5.0 0.0010856751779029833
6.0 0.0008426337387699255
7.0 0.0006806334485743205
8.0 0.0005660993995783717
9.0 0.00048149146511439797
10.0 0.00041683026010994533
11.0 0.0003660558790603002
12.0 0.000325294188218289
13.0 0.0002919629235048992
14.0 0.0002642804357376031
15.0 0.00024098121219601188
16.0 0.0002211437715525462
17.0 0.00020408260134746836
18.0 0.0001892781028858178
19.0 0.00017632989514839296
20.0 0.000164924919613856
21.0 0.00015481517861190027
22.0 0.00014580189511814362
23.0 0.0001377240450382432
24.0 0.0001304499243733641
25.0 0.0001238708596439902
26.0 0.00011789645590342823
27.0 0.00011245096378580082
28.0 0.0001074704717607823
29.0 0.00010290071433141616
30.0 9.869534514562404e-05
31.0 9.481456467500855e-05
32.0 9.122402091645573e-05
33.0 8.789392221572592e-05
34.0 8.479831627934322e-05
35.0 8.191450040940538e-05
36.0 7.922253611469544e-05
37.0 7.670484731765261e-05
38.0 7.434588594940347e-05
39.0 7.213185220058342e-05
40.0 7.00504593580541e-05
41.0 6.80907352122031e-05
42.0 6.624285361616078e-05
43.0 6.449799102728334e-05
44.0 6.284820384447017e-05
45.0 6.128632313349675e-05
46.0 5.9805863952633956e-05
47.0 5.84009469873408e-05
48.0 5.7066230602436315e-05
49.0 5.579685174337428e-05
50.0 5.458837438089652e-05
51.0 5.343674440773833e-05
52.0 5.233825007182156e-05
53.0 5.128948717505556e-05
54.0 5.0287328386438926e-05
55.0 4.932889611735196e-05
56.0 4.841153848952209e-05
57.0 4.753280799515426e-05
58.0 4.669044250657375e-05
59.0 4.588234834139111e-05
60.0 4.5106585130256617e-05
61.0 4.43613522690186e-05
62.0 4.364497676659187e-05
63.0 4.2955902324944124e-05
64.0 4.229267950903205e-05
65.0 4.165395688285133e-05
66.0 4.103847300349273e-05
67.0 4.0445049178621106e-05
68.0 3.987258290445562e-05
69.0 3.932004191140313e-05
70.0 3.878645875322225e-05
71.0 3.827092588316718e-05
72.0 3.7772591167145954e-05
73.0 3.729065378966673e-05
74.0 3.6824360513357074e-05
75.0 3.6373002257225804e-05
76.0 3.593591096267992e-05
77.0 3.5512456719684175e-05
78.0 3.510204512841948e-05
79.0 3.470411487441267e-05
80.0 3.431813549741933e-05
81.0 3.3943605336383236e-05
82.0 3.358004963460387e-05
83.0 3.322701879084725e-05
84.0 3.288408674355962e-05
85.0 3.255084947661084e-05
86.0 3.222692363612301e-05
87.0 3.19119452489471e-05
88.0 3.160556853424985e-05
89.0 3.130746480047809e-05
90.0 3.101732142068835e-05
91.0 3.0734840879876235e-05
92.0 3.0459739888520376e-05
93.0 3.0191748557077837e-05
94.0 2.9930609626637437e-05
95.0 2.96760777513611e-05
96.0 2.942791882872498e-05
97.0 2.918590937391727e-05
98.0 2.894983593506158e-05
99.0 2.8719494546216896e-05
100.0 2.8494690215361314e-05
101.0 2.8275236444798388e-05
102.0 2.806095478163602e-05
103.0 2.785167439617898e-05
104.0 2.7647231686250607e-05
105.0 2.7447469905617662e-05
106.0 2.7252238814836947e-05
107.0 2.7061394352974247e-05
108.0 2.68747983287664e-05
109.0 2.669231812990752e-05
110.0 2.6513826449240957e-05
111.0 2.6339201026730628e-05
112.0 2.6168324406169927e-05
113.0 2.60010837056637e-05
114.0 2.5837370400989733e-05
115.0 2.5677080121011617e-05
116.0 2.552011245437454e-05
117.0 2.536637076677085e-05
118.0 2.5215762028112915e-05
119.0 2.506819664899751e-05
120.0 2.49235883258891e-05
121.0 2.4781853894489004e-05
122.0 2.4642913190794286e-05
123.0 2.4506688919383816e-05
124.0 2.4373106528500558e-05
125.0 2.424209409152784e-05
126.0 2.4113582194484257e-05
127.0 2.3987503829186775e-05
128.0 2.386379429175431e-05
129.0 2.3742391086145697e-05
130.0 2.3623233832445574e-05
131.0 2.350626417962997e-05
132.0 2.3391425722560737e-05
133.0 2.3278663922973415e-05
134.0 2.3167926034238315e-05
135.0 2.3059161029687794e-05
136.0 2.2952319534315995e-05
137.0 2.2847353759668782e-05
138.0 2.2744217441752888e-05
139.0 2.2642865781803652e-05
140.0 2.2543255389760254e-05
141.0 2.2445344230306294e-05
142.0 2.234909157134228e-05
143.0 2.2254457934764e-05
144.0 2.2161405049428406e-05
145.0 2.2069895806195412e-05
146.0 2.197989421494037e-05
147.0 2.1891365363438056e-05
148.0 2.1804275378024627e-05
149.0 2.1718591385949205e-05
150.0 2.163428147933187e-05
151.0 2.1551314680649208e-05
152.0 2.1469660909673117e-05
153.0 2.1389290951792676e-05
154.0 2.131017642765248e-05
155.0 2.1232289764044718e-05
156.0 2.1155604165995458e-05
157.0 2.108009358998889e-05
158.0 2.100573271827624e-05
159.0 2.09324969342189e-05
160.0 2.086036229861782e-05
161.0 2.0789305526984074e-05
162.0 2.0719303967707327e-05
163.0 2.0650335581081702e-05
164.0 2.0582378919150164e-05
165.0 2.0515413106330837e-05
166.0 2.0449417820790363e-05
167.0 2.038437327653115e-05
168.0 2.0320260206161165e-05
169.0 2.0257059844316307e-05
170.0 2.019475391170698e-05
171.0 2.0133324599761846e-05
172.0 2.007275455584311e-05
173.0 2.001302686900882e-05
174.0 1.9954125056298934e-05
175.0 1.9896033049523097e-05
176.0 1.9838735182528874e-05
177.0 1.9782216178930522e-05
178.0 1.9726461140278968e-05
179.0 1.9671455534654975e-05
180.0 1.9617185185667865e-05
181.0 1.956363626184341e-05
182.0 1.951079526638494e-05
183.0 1.945864902729265e-05
184.0 1.9407184687826653e-05
185.0 1.9356389697300036e-05
186.0 1.9306251802188842e-05
187.0 1.9256759037546348e-05
188.0 1.920789971870971e-05
189.0 1.915966243328756e-05
190.0 1.9112036033417518e-05
191.0 1.906500962828326e-05
192.0 1.901857257688104e-05
193.0 1.8972714481026247e-05
194.0 1.8927425178590615e-05
195.0 1.888269473696159e-05
196.0 1.883851344671523e-05
197.0 1.8794871815494823e-05
198.0 1.8751760562087323e-05
199.0 1.8709170610690482e-05
200.0 1.8667093085363378e-05
201.0 1.86255193046538e-05
202.0 1.8584440776395835e-05
203.0 1.8543849192671607e-05
204.0 1.850373642493108e-05
205.0 1.846409451926429e-05
206.0 1.8424915691820534e-05
207.0 1.8386192324369212e-05
208.0 1.8347916959997342e-05
209.0 1.8310082298938832e-05
210.0 1.8272681194530976e-05
211.0 1.8235706649293572e-05
212.0 1.8199151811126502e-05
213.0 1.816300996962162e-05
214.0 1.8127274552484925e-05
215.0 1.8091939122065337e-05
216.0 1.805699737198635e-05
217.0 1.802244312387706e-05
218.0 1.798827032419922e-05
219.0 1.795447304116705e-05
220.0 1.792104546175668e-05
221.0 1.7887981888802287e-05
222.0 1.7855276738175904e-05
223.0 1.7822924536048284e-05
224.0 1.7790919916228005e-05
225.0 1.775925761757632e-05
226.0 1.7727932481495246e-05
227.0 1.7696939449486514e-05
228.0 1.7666273560779044e-05
229.0 1.7635929950022807e-05
230.0 1.7605903845046833e-05
231.0 1.7576190564679406e-05
232.0 1.7546785516628395e-05
233.0 1.7517684195419875e-05
234.0 1.7488882180393083e-05
235.0 1.7460375133750095e-05
236.0 1.7432158798658347e-05
237.0 1.7404228997404465e-05
238.0 1.7376581629597757e-05
239.0 1.7349212670421807e-05
240.0 1.7322118168932773e-05
241.0 1.7295294246402847e-05
242.0 1.726873709470757e-05
243.0 1.7242442974755654e-05
244.0 1.7216408214959972e-05
245.0 1.7190629209748577e-05
246.0 1.7165102418114397e-05
247.0 1.71398243622026e-05
248.0 1.7114791625934407e-05
249.0 1.7090000853666263e-05
250.0 1.7065448748883424e-05
251.0 1.704113207292681e-05
252.0 1.7017047643752235e-05
253.0 1.6993192334721058e-05
254.0 1.6969563073421273e-05
255.0 1.694615684051826e-05
256.0 1.692297066863427e-05
257.0 1.6900001641255786e-05
258.0 1.687724689166806e-05
259.0 1.6854703601915966e-05
260.0 1.683236900179046e-05
261.0 1.681024036783988e-05
262.0 1.678831502240545e-05
263.0 1.6766590332680243e-05
264.0 1.674506370979097e-05
265.0 1.6723732607901985e-05
266.0 1.670259452334081e-05
267.0 1.6681646993744697e-05
268.0 1.6660887597227535e-05
269.0 1.6640313951566597e-05
270.0 1.6619923713408603e-05
271.0 1.6599714577494512e-05
272.0 1.6579684275902595e-05
273.0 1.6559830577309223e-05
274.0 1.6540151286266986e-05
275.0 1.6520644242499566e-05
276.0 1.6501307320213023e-05
277.0 1.648213842742297e-05
278.0 1.6463135505297245e-05
279.0 1.644429652751371e-05
280.0 1.6425619499632676e-05
281.0 1.64071024584837e-05
282.0 1.638874347156626e-05
283.0 1.6370540636463987e-05
284.0 1.635249208027216e-05
285.0 1.633459595903801e-05
286.0 1.631685045721357e-05
287.0 1.629925378712076e-05
288.0 1.6281804188428345e-05
289.0 1.6264499927640472e-05
290.0 1.6247339297596535e-05
291.0 1.6230320616982022e-05
292.0 1.62134422298501e-05
293.0 1.6196702505153637e-05
294.0 1.6180099836287472e-05
295.0 1.616363264064055e-05
296.0 1.6147299359157797e-05
297.0 1.6131098455911435e-05
298.0 1.611502841768149e-05
299.0 1.6099087753545315e-05
300.0 1.608327499447584e-05
301.0 1.60675886929484e-05
302.0 1.6052027422555896e-05
303.0 1.603658977763207e-05
304.0 1.6021274372882746e-05
305.0 1.6006079843024792e-05
306.0 1.5991004842432648e-05
307.0 1.5976048044792226e-05
308.0 1.5961208142761997e-05
309.0 1.5946483847641135e-05
310.0 1.5931873889044472e-05
311.0 1.5917377014584184e-05
312.0 1.5902991989557986e-05
313.0 1.5888717596643725e-05
314.0 1.587455263560019e-05
315.0 1.586049592297401e-05
316.0 1.58465462918125e-05
317.0 1.5832702591382294e-05
318.0 1.5818963686893655e-05
319.0 1.580532845923031e-05
320.0 1.579179580468471e-05
321.0 1.5778364634698565e-05
322.0 1.5765033875608514e-05
323.0 1.5751802468396886e-05
324.0 1.5738669368447346e-05
325.0 1.5725633545305382e-05
326.0 1.5712693982443487e-05
327.0 1.5699849677030933e-05
328.0 1.5687099639708062e-05
329.0 1.567444289436495e-05
330.0 1.5661878477924385e-05
331.0 1.5649405440129012e-05
332.0 1.5637022843332636e-05
333.0 1.5624729762295492e-05
334.0 1.561252528398346e-05
335.0 1.5600408507371122e-05
336.0 1.5588378543248563e-05
337.0 1.5576434514031866e-05
338.0 1.556457555357715e-05
339.0 1.555280080699819e-05
340.0 1.554110943048741e-05
341.0 1.552950059114027e-05
342.0 1.551797346678294e-05
343.0 1.550652724580319e-05
344.0 1.5495161126984415e-05
345.0 1.5483874319342766e-05
346.0 1.5472666041967276e-05
347.0 1.546153552386294e-05
348.0 1.5450482003796694e-05
349.0 1.5439504730146213e-05
350.0 1.5428602960751476e-05
351.0 1.5417775962769034e-05
352.0 1.540702301252894e-05
353.0 1.5396343395394286e-05
354.0 1.538573640562323e-05
355.0 1.5375201346233588e-05
356.0 1.5364737528869805e-05
357.0 1.535434427367232e-05
358.0 1.5344020909149308e-05
359.0 1.5333766772050646e-05
360.0 1.5323581207244193e-05
361.0 1.53134635675942e-05
362.0 1.5303413213841913e-05
363.0 1.529342951448827e-05
364.0 1.5283511845678664e-05
365.0 1.5273659591089715e-05
366.0 1.5263872141818047e-05
367.0 1.5254148896270993e-05
368.0 1.5244489260059199e-05
369.0 1.5234892645891093e-05
370.0 1.5225358473469202e-05
371.0 1.5215886169388215e-05
372.0 1.5206475167034854e-05
373.0 1.519712490648942e-05
374.0 1.5187834834429053e-05
375.0 1.5178604404032634e-05
376.0 1.5169433074887304e-05
377.0 1.5160320312896574e-05
378.0 1.5151265590190002e-05
379.0 1.5142268385034376e-05
380.0 1.513332818174642e-05
381.0 1.5124444470606942e-05
382.0 1.5115616747776434e-05
383.0 1.5106844515212084e-05
384.0 1.509812728058618e-05
385.0 1.5089464557205844e-05
386.0 1.5080855863934136e-05
387.0 1.5072300725112429e-05
388.0 1.5063798670484087e-05
389.0 1.5055349235119396e-05
390.0 1.5046951959341721e-05
391.0 1.5038606388654871e-05
392.0 1.5030312073671677e-05
393.0 1.5022068570043694e-05
394.0 1.5013875438392072e-05
395.0 1.5005732244239545e-05
396.0 1.4997638557943517e-05
397.0 1.4989593954630223e-05
398.0 1.4981598014129962e-05
399.0 1.4973650320913349e-05
400.0 1.4965750464028613e-05
401.0 1.4957898037039886e-05
402.0 1.4950092637966463e-05
403.0 1.4942333869223043e-05
404.0 1.4934621337560914e-05
405.0 1.492695465401007e-05
406.0 1.4919333433822232e-05
407.0 1.4911757296414773e-05
408.0 1.4904225865315529e-05
409.0 1.4896738768108458e-05
410.0 1.4889295636380163e-05
411.0 1.4881896105667243e-05
412.0 1.4874539815404467e-05
413.0 1.4867226408873739e-05
414.0 1.4859955533153859e-05
415.0 1.4852726839071077e-05
416.0 1.484553998115038e-05
417.0 1.4838394617567543e-05
418.0 1.4831290410101914e-05
419.0 1.4824227024089919e-05
420.0 1.481720412837927e-05
421.0 1.4810221395283886e-05
422.0 1.4803278500539484e-05
423.0 1.4796375123259841e-05
424.0 1.4789510945893725e-05
425.0 1.478268565418248e-05
426.0 1.4775898937118232e-05
427.0 1.4769150486902735e-05
428.0 1.4762439998906825e-05
429.0 1.4755767171630498e-05
430.0 1.4749131706663547e-05
431.0 1.4742533308646819e-05
432.0 1.4735971685234033e-05
433.0 1.472944654705416e-05
434.0 1.4722957607674356e-05
435.0 1.4716504583563449e-05
436.0 1.4710087194055971e-05
437.0 1.4703705161316684e-05
438.0 1.4697358210305663e-05
439.0 1.4691046068743869e-05
440.0 1.4684768467079215e-05
441.0 1.4678525138453156e-05
442.0 1.4672315818667717e-05
443.0 1.4666140246153053e-05
444.0 1.4659998161935423e-05
445.0 1.4653889309605665e-05
446.0 1.4647813435288103e-05
447.0 1.464177028760991e-05
448.0 1.4635759617670893e-05
449.0 1.4629781179013739e-05
450.0 1.4623834727594642e-05
451.0 1.4617920021754399e-05
452.0 1.4612036822189864e-05
453.0 1.4606184891925843e-05
454.0 1.4600363996287368e-05
455.0 1.4594573902872368e-05
456.0 1.4588814381524714e-05
457.0 1.4583085204307657e-05
458.0 1.457738614547763e-05
459.0 1.4571716981458408e-05
460.0 1.4566077490815645e-05
461.0 1.4560467454231747e-05
462.0 1.4554886654481101e-05
463.0 1.454933487640566e-05
464.0 1.4543811906890832e-05
465.0 1.4538317534841742e-05
466.0 1.4532851551159779e-05
467.0 1.452741374871951e-05
468.0 1.4522003922345858e-05
469.0 1.4516621868791643e-05
470.0 1.4511267386715393e-05
471.0 1.4505940276659469e-05
472.0 1.4500640341028491e-05
473.0 1.4495367384068052e-05
474.0 1.4490121211843714e-05
475.0 1.4484901632220301e-05
476.0 1.4479708454841463e-05
477.0 1.4474541491109498e-05
478.0 1.4469400554165487e-05
479.0 1.4464285458869649e-05
480.0 1.4459196021781975e-05
481.0 1.4454132061143146e-05
482.0 1.4449093396855652e-05
483.0 1.4444079850465208e-05
484.0 1.4439091245142396e-05
485.0 1.443412740566455e-05
486.0 1.4429188158397881e-05
487.0 1.4424273331279833e-05
488.0 1.4419382753801693e-05
489.0 1.4414516256991386e-05
490.0 1.4409673673396544e-05
491.0 1.4404854837067754e-05
492.0 1.4400059583542055e-05
493.0 1.4395287749826628e-05
494.0 1.4390539174382707e-05
495.0 1.438581369710971e-05
496.0 1.4381111159329539e-05
497.0 1.4376431403771128e-05
498.0 1.4371774274555151e-05
499.0 1.436713961717896e-05
500.0 1.4362527278501681e-05
501.0 1.4357937106729526e-05
502.0 1.4353368951401287e-05
503.0 1.4348822663374011e-05
504.0 1.4344298094808859e-05
505.0 1.433979509915714e-05
506.0 1.4335313531146526e-05
507.0 1.4330853246767455e-05
508.0 1.4326414103259666e-05
509.0 1.4321995959098953e-05
510.0 1.4317598673984044e-05
511.0 1.431322210882368e-05
512.0 1.4308866125723813e-05
513.0 1.4304530587975015e-05
514.0 1.4300215360039994e-05
515.0 1.4295920307541305e-05
516.0 1.4291645297249186e-05
517.0 1.4287390197069565e-05
518.0 1.4283154876032201e-05
519.0 1.4278939204278975e-05
520.0 1.427474305305233e-05
521.0 1.4270566294683854e-05
522.0 1.4266408802582989e-05
523.0 1.4262270451225891e-05
524.0 1.4258151116144435e-05
525.0 1.4254050673915326e-05
526.0 1.4249969002149373e-05
527.0 1.4245905979480869e-05
528.0 1.4241861485557117e-05
529.0 1.423783540102808e-05
530.0 1.4233827607536138e-05
531.0 1.4229837987705999e-05
532.0 1.4225866425134712e-05
533.0 1.422191280438179e-05
534.0 1.4217977010959492e-05
535.0 1.4214058931323161e-05
536.0 1.4210158452861742e-05
537.0 1.4206275463888359e-05
538.0 1.4202409853631049e-05
539.0 1.4198561512223556e-05
540.0 1.4194730330696291e-05
541.0 1.419091620096736e-05
542.0 1.4187119015833696e-05
543.0 1.4183338668962331e-05
544.0 1.417957505488173e-05
545.0 1.4175828068973257e-05
546.0 1.417209760746272e-05
547.0 1.4168383567412032e-05
548.0 1.4164685846710952e-05
549.0 1.416100434406895e-05
550.0 1.4157338959007121e-05
551.0 1.415368959185025e-05
552.0 1.4150056143718923e-05
553.0 1.4146438516521743e-05
554.0 1.4142836612947655e-05
555.0 1.4139250336458333e-05
556.0 1.4135679591280666e-05
557.0 1.4132124282399332e-05
558.0 1.4128584315549456e-05
559.0 1.4125059597209349e-05
560.0 1.412155003459334e-05
561.0 1.4118055535644667e-05
562.0 1.4114576009028485e-05
563.0 1.411111136412491e-05
564.0 1.4107661511022187e-05
565.0 1.41042263605099e-05
566.0 1.410080582407227e-05
567.0 1.4097399813881549e-05
568.0 1.4094008242791447e-05
569.0 1.4090631024330672e-05
570.0 1.4087268072696525e-05
571.0 1.4083919302748565e-05
572.0 1.408058463000235e-05
573.0 1.4077263970623254e-05
574.0 1.4073957241420328e-05
575.0 1.4070664359840271e-05
576.0 1.4067385243961427e-05
577.0 1.4064119812487876e-05
578.0 1.4060867984743573e-05
579.0 1.405762968066656e-05
580.0 1.4054404820803256e-05
581.0 1.4051193326302766e-05
582.0 1.4047995118911315e-05
583.0 1.4044810120966685e-05
584.0 1.4041638255392755e-05
585.0 1.403847944569407e-05
586.0 1.4035333615950495e-05
587.0 1.4032200690811909e-05
588.0 1.4029080595492964e-05
589.0 1.4025973255767904e-05
590.0 1.4022878597965434e-05
591.0 1.4019796548963645e-05
592.0 1.4016727036185002e-05
593.0 1.401366998759138e-05
594.0 1.4010625331679143e-05
595.0 1.4007592997474306e-05
596.0 1.400457291452771e-05
597.0 1.4001565012910287e-05
598.0 1.3998569223208344e-05
599.0 1.3995585476518912e-05
600.0 1.3992613704445155e-05
601.0 1.3989653839091806e-05
602.0 1.398670581306066e-05
603.0 1.3983769559446127e-05
604.0 1.3980845011830816e-05
605.0 1.3977932104281172e-05
606.0 1.3975030771343163e-05
607.0 1.3972140948037997e-05
608.0 1.3969262569857915e-05
609.0 1.396639557276199e-05
610.0 1.3963539893172002e-05
611.0 1.3960695467968335e-05
612.0 1.395786223448593e-05
613.0 1.3955040130510276e-05
614.0 1.3952229094273437e-05
615.0 1.394942906445013e-05
616.0 1.3946639980153846e-05
617.0 1.3943861780932988e-05
618.0 1.3941094406767081e-05
619.0 1.3938337798063e-05
620.0 1.3935591895651247e-05
621.0 1.3932856640782252e-05
622.0 1.3930131975122737e-05
623.0 1.3927417840752091e-05
624.0 1.3924714180158806e-05
625.0 1.3922020936236926e-05
626.0 1.3919338052282548e-05
627.0 1.3916665471990356e-05
628.0 1.3914003139450196e-05
629.0 1.3911350999143665e-05
630.0 1.3908708995940761e-05
631.0 1.3906077075096543e-05
632.0 1.390345518224785e-05
633.0 1.390084326341003e-05
634.0 1.3898241264973716e-05
635.0 1.3895649133701634e-05
636.0 1.3893066816725425e-05
637.0 1.3890494261542531e-05
638.0 1.3887931416013088e-05
639.0 1.3885378228356854e-05
640.0 1.3882834647150177e-05
641.0 1.3880300621322975e-05
642.0 1.3877776100155778e-05
643.0 1.3875261033276756e-05
644.0 1.3872755370658823e-05
645.0 1.387025906261673e-05
646.0 1.3867772059804215e-05
647.0 1.3865294313211159e-05
648.0 1.3862825774160789e-05
649.0 1.3860366394306904e-05
650.0 1.3857916125631116e-05
651.0 1.3855474920440128e-05
652.0 1.385304273136305e-05
653.0 1.3850619511348716e-05
654.0 1.384820521366304e-05
655.0 1.3845799791886416e-05
656.0 1.3843403199911102e-05
657.0 1.3841015391938675e-05
658.0 1.383863632247747e-05
659.0 1.3836265946340075e-05
660.0 1.3833904218640843e-05
661.0 1.3831551094793408e-05
662.0 1.3829206530508247e-05
663.0 1.3826870481790271e-05
664.0 1.3824542904936405e-05
665.0 1.3822223756533234e-05
666.0 1.3819912993454643e-05
667.0 1.3817610572859482e-05
668.0 1.3815316452189271e-05
669.0 1.3813030589165908e-05
670.0 1.3810752941789405e-05
671.0 1.3808483468335655e-05
672.0 1.3806222127354202e-05
673.0 1.3803968877666054e-05
674.0 1.3801723678361491e-05
675.0 1.3799486488797917e-05
676.0 1.3797257268597727e-05
677.0 1.379503597764618e-05
678.0 1.3792822576089311e-05
679.0 1.3790617024331851e-05
680.0 1.378841928303517e-05
681.0 1.3786229313115236e-05
682.0 1.3784047075740606e-05
683.0 1.3781872532330417e-05
684.0 1.377970564455241e-05
685.0 1.3777546374320963e-05
686.0 1.377539468379515e-05
687.0 1.3773250535376823e-05
688.0 1.3771113891708684e-05
689.0 1.3768984715672416e-05
690.0 1.3766862970386794e-05
691.0 1.3764748619205847e-05
692.0 1.3762641625716995e-05
693.0 1.3760541953739256e-05
694.0 1.3758449567321422e-05
695.0 1.3756364430740276e-05
696.0 1.3754286508498825e-05
697.0 1.375221576532454e-05
698.0 1.375015216616762e-05
699.0 1.3748095676199271e-05
700.0 1.3746046260809989e-05
701.0 1.3744003885607882e-05
702.0 1.3741968516416986e-05
703.0 1.3739940119275608e-05
704.0 1.3737918660434669e-05
705.0 1.3735904106356092e-05
706.0 1.3733896423711169e-05
707.0 1.3731895579378972e-05
708.0 1.3729901540444757e-05
709.0 1.3727914274198398e-05
710.0 1.3725933748132825e-05
711.0 1.3723959929942481e-05
712.0 1.372199278752179e-05
713.0 1.3720032288963645e-05
714.0 1.3718078402557897e-05
715.0 1.3716131096789878e-05
716.0 1.3714190340338906e-05
717.0 1.3712256102076846e-05
718.0 1.3710328351066633e-05
719.0 1.3708407056560862e-05
720.0 1.3706492188000341e-05
721.0 1.3704583715012696e-05
722.0 1.370268160741096e-05
723.0 1.3700785835192196e-05
724.0 1.369889636853611e-05
725.0 1.3697013177803708e-05
726.0 1.3695136233535925e-05
727.0 1.36932655064523e-05
728.0 1.3691400967449647e-05
729.0 1.3689542587600735e-05
730.0 1.3687690338152988e-05
731.0 1.36858441905272e-05
732.0 1.368400411631624e-05
733.0 1.3682170087283793e-05
734.0 1.36803420753631e-05
735.0 1.367852005265571e-05
736.0 1.3676703991430236e-05
737.0 1.3674893864121147e-05
738.0 1.3673089643327537e-05
739.0 1.367129130181192e-05
740.0 1.3669498812499053e-05
741.0 1.3667712148474729e-05
742.0 1.3665931282984623e-05
743.0 1.3664156189433115e-05
744.0 1.3662386841382143e-05
745.0 1.366062321255006e-05
746.0 1.3658865276810497e-05
747.0 1.3657113008191243e-05
748.0 1.3655366380873123e-05
749.0 1.3653625369188904e-05
750.0 1.3651889947622186e-05
751.0 1.3650160090806336e-05
752.0 1.3648435773523385e-05
753.0 1.3646716970702983e-05
754.0 1.3645003657421331e-05
755.0 1.3643295808900127e-05
756.0 1.3641593400505537e-05
757.0 1.3639896407747151e-05
758.0 1.3638204806276968e-05
759.0 1.363651857188838e-05
760.0 1.3634837680515158e-05
761.0 1.3633162108230471e-05
762.0 1.363149183124588e-05
763.0 1.3629826825910364e-05
764.0 1.3628167068709352e-05
765.0 1.3626512536263752e-05
766.0 1.3624863205328997e-05
767.0 1.3623219052794095e-05
768.0 1.362158005568069e-05
769.0 1.3619946191142135e-05
770.0 1.3618317436462552e-05
771.0 1.361669376905593e-05
772.0 1.3615075166465208e-05
773.0 1.3613461606361376e-05
774.0 1.3611853066542577e-05
775.0 1.3610249524933222e-05
776.0 1.360865095958311e-05
777.0 1.3607057348666559e-05
778.0 1.3605468670481528e-05
779.0 1.3603884903448775e-05
780.0 1.3602306026110998e-05
781.0 1.3600732017131988e-05
782.0 1.3599162855295794e-05
783.0 1.3597598519505897e-05
784.0 1.359603898878438e-05
785.0 1.3594484242271114e-05
786.0 1.3592934259222944e-05
787.0 1.3591389019012894e-05
788.0 1.3589848501129363e-05
789.0 1.3588312685175328e-05
790.0 1.3586781550867579e-05
791.0 1.358525507803592e-05
792.0 1.3583733246622408e-05
793.0 1.358221603668059e-05
794.0 1.3580703428374736e-05
795.0 1.3579195401979094e-05
796.0 1.3577691937877132e-05
797.0 1.3576193016560808e-05
798.0 1.3574698618629832e-05
799.0 1.3573208724790929e-05
800.0 1.3571723315857126e-05
801.0 1.3570242372747032e-05
802.0 1.3568765876484119e-05
803.0 1.3567293808196028e-05
804.0 1.3565826149113856e-05
805.0 1.3564362880571465e-05
806.0 1.3562903984004802e-05
807.0 1.3561449440951203e-05
808.0 1.3559999233048713e-05
809.0 1.3558553342035427e-05
810.0 1.355711174974881e-05
811.0 1.3555674438125041e-05
812.0 1.3554241389198346e-05
813.0 1.3552812585100356e-05
814.0 1.3551388008059458e-05
815.0 1.3549967640400153e-05
816.0 1.3548551464542408e-05
817.0 1.3547139463001046e-05
818.0 1.3545731618385098e-05
819.0 1.3544327913397195e-05
820.0 1.3542928330832941e-05
821.0 1.3541532853580307e-05
822.0 1.3540141464619022e-05
823.0 1.3538754147019968e-05
824.0 1.3537370883944585e-05
825.0 1.3535991658644274e-05
826.0 1.3534616454459812e-05
827.0 1.3533245254820761e-05
828.0 1.35318780432449e-05
829.0 1.3530514803337635e-05
830.0 1.3529155518791439e-05
831.0 1.3527800173385279e-05
832.0 1.352644875098406e-05
833.0 1.3525101235538063e-05
834.0 1.3523757611082389e-05
835.0 1.3522417861736417e-05
836.0 1.352108197170325e-05
837.0 1.3519749925269184e-05
838.0 1.3518421706803162e-05
839.0 1.3517097300756248e-05
840.0 1.3515776691661092e-05
841.0 1.3514459864131412e-05
842.0 1.3513146802861474e-05
843.0 1.3511837492625563e-05
844.0 1.3510531918277483e-05
845.0 1.3509230064750048e-05
846.0 1.3507931917054569e-05
847.0 1.3506637460280358e-05
848.0 1.3505346679594229e-05
849.0 1.3504059560240005e-05
850.0 1.3502776087538033e-05
851.0 1.3501496246884683e-05
852.0 1.3500220023751883e-05
853.0 1.3498947403686633e-05
854.0 1.3497678372310523e-05
855.0 1.3496412915319271e-05
856.0 1.3495151018482252e-05
857.0 1.349389266764203e-05
858.0 1.3492637848713897e-05
859.0 1.3491386547685423e-05
860.0 1.349013875061599e-05
861.0 1.3488894443636353e-05
862.0 1.348765361294818e-05
863.0 1.3486416244823614e-05
864.0 1.3485182325604832e-05
865.0 1.348395184170361e-05
866.0 1.348272477960088e-05
867.0 1.348150112584631e-05
868.0 1.3480280867057862e-05
869.0 1.347906398992138e-05
870.0 1.3477850481190163e-05
871.0 1.347664032768454e-05
872.0 1.3475433516291466e-05
873.0 1.3474230033964101e-05
874.0 1.3473029867721402e-05
875.0 1.3471833004647721e-05
876.0 1.3470639431892392e-05
877.0 1.3469449136669345e-05
878.0 1.3468262106256684e-05
879.0 1.3467078327996321e-05
880.0 1.3465897789293567e-05
881.0 1.346472047761674e-05
882.0 1.3463546380496792e-05
883.0 1.3462375485526912e-05
884.0 1.3461207780362157e-05
885.0 1.3460043252719067e-05
886.0 1.3458881890375285e-05
887.0 1.3457723681169201e-05
888.0 1.3456568612999563e-05
889.0 1.3455416673825123e-05
890.0 1.3454267851664267e-05
891.0 1.3453122134594652e-05
892.0 1.3451979510752853e-05
893.0 1.3450839968333998e-05
894.0 1.3449703495591421e-05
895.0 1.3448570080836303e-05
896.0 1.3447439712437333e-05
897.0 1.3446312378820349e-05
898.0 1.3445188068468003e-05
899.0 1.3444066769919416e-05
900.0 1.3442948471769843e-05
901.0 1.3441833162670324e-05
902.0 1.3440720831327365e-05
903.0 1.3439611466502597e-05
904.0 1.3438505057012445e-05
905.0 1.3437401591727807e-05
906.0 1.3436301059573723e-05
907.0 1.3435203449529058e-05
908.0 1.3434108750626174e-05
909.0 1.3433016951950614e-05
910.0 1.3431928042640796e-05
911.0 1.3430842011887684e-05
912.0 1.3429758848934484e-05
913.0 1.3428678543076337e-05
914.0 1.3427601083660005e-05
915.0 1.3426526460083574e-05
916.0 1.3425454661796142e-05
917.0 1.3424385678297525e-05
918.0 1.3423319499137955e-05
919.0 1.3422256113917784e-05
920.0 1.3421195512287196e-05
921.0 1.3420137683945896e-05
922.0 1.3419082618642841e-05
923.0 1.3418030306175942e-05
924.0 1.3416980736391775e-05
925.0 1.3415933899185294e-05
926.0 1.3414889784499567e-05
927.0 1.3413848382325466e-05
928.0 1.3412809682701421e-05
929.0 1.341177367571311e-05
930.0 1.3410740351493216e-05
931.0 1.3409709700221124e-05
932.0 1.3408681712122681e-05
933.0 1.3407656377469894e-05
934.0 1.3406633686580695e-05
935.0 1.3405613629818649e-05
936.0 1.3404596197592701e-05
937.0 1.340358138035692e-05
938.0 1.3402569168610234e-05
939.0 1.3401559552896162e-05
940.0 1.3400552523802573e-05
941.0 1.3399548071961421e-05
942.0 1.3398546188048499e-05
943.0 1.3397546862783182e-05
944.0 1.3396550086928177e-05
945.0 1.3395555851289279e-05
946.0 1.3394564146715124e-05
947.0 1.3393574964096941e-05
948.0 1.3392588294368317e-05
949.0 1.3391604128504937e-05
950.0 1.339062245752437e-05
951.0 1.3389643272485817e-05
952.0 1.3388666564489871e-05
953.0 1.3387692324678285e-05
954.0 1.3386720544233746e-05
955.0 1.3385751214379637e-05
956.0 1.3384784326379801e-05
957.0 1.3383819871538333e-05
958.0 1.338285784119932e-05
959.0 1.3381898226746652e-05
960.0 1.3380941019603764e-05
961.0 1.3379986211233445e-05
962.0 1.3379033793137588e-05
963.0 1.337808375685699e-05
964.0 1.3377136093971127e-05
965.0 1.3376190796097939e-05
966.0 1.3375247854893608e-05
967.0 1.3374307262052355e-05
968.0 1.3373369009306219e-05
969.0 1.3372433088424849e-05
970.0 1.3371499491215297e-05
971.0 1.3370568209521805e-05
972.0 1.3369639235225596e-05
973.0 1.3368712560244684e-05
974.0 1.3367788176533643e-05
975.0 1.336686607608343e-05
976.0 1.336594625092117e-05
977.0 1.3365028693109962e-05
978.0 1.336411339474867e-05
979.0 1.3363200347971737e-05
980.0 1.3362289544948983e-05
981.0 1.3361380977885407e-05
982.0 1.3360474639021008e-05
983.0 1.3359570520630567e-05
984.0 1.3358668615023481e-05
985.0 1.3357768914543562e-05
986.0 1.3356871411568842e-05
987.0 1.3355976098511399e-05
988.0 1.335508296781716e-05
989.0 1.335419201196572e-05
990.0 1.3353303223470161e-05
991.0 1.335241659487686e-05
992.0 1.3351532118765324e-05
993.0 1.3350649787747986e-05
994.0 1.3349769594470051e-05
995.0 1.3348891531609296e-05
996.0 1.3348015591875913e-05
997.0 1.3347141768012315e-05
998.0 1.3346270052792976e-05
999.0 1.3345400439024244e-05
1000.0 1.3344532919544183e-05
1001.0 1.3343667487222391e-05
1002.0 1.3342804134959836e-05
1003.0 1.3341942855688677e-05
1004.0 1.3341083642372113e-05
1005.0 1.3340226488004198e-05
1006.0 1.3339371385609688e-05
1007.0 1.333851832824387e-05
1008.0 1.33376673089924e-05
1009.0 1.3336818320971141e-05
1010.0 1.3335971357325995e-05
1011.0 1.3335126411232753e-05
1012.0 1.3334283475896926e-05
1013.0 1.3333442544553596e-05
1014.0 1.3332603610467241e-05
1015.0 1.3331766666931607e-05
1016.0 1.3330931707269517e-05
1017.0 1.3330098724832747e-05
1018.0 1.3329267713001851e-05
1019.0 1.3328438665186024e-05
1020.0 1.3327611574822937e-05
1021.0 1.33267864353786e-05
1022.0 1.3325963240347192e-05
1023.0 1.3325141983250939e-05
1024.0 1.3324322657639937e-05
1025.0 1.332350525709203e-05
1026.0 1.332268977521265e-05
1027.0 1.3321876205634671e-05
1028.0 1.3321064542018269e-05
1029.0 1.3320254778050785e-05
1030.0 1.3319446907446567e-05
1031.0 1.3318640923946836e-05
1032.0 1.3317836821319554e-05
1033.0 1.331703459335927e-05
1034.0 1.3316234233886985e-05
1035.0 1.3315435736750022e-05
1036.0 1.3314639095821874e-05
1037.0 1.3313844305002085e-05
1038.0 1.3313051358216092e-05
1039.0 1.3312260249415118e-05
1040.0 1.3311470972576014e-05
1041.0 1.3310683521701133e-05
1042.0 1.3309897890818206e-05
1043.0 1.3309114073980206e-05
1044.0 1.33083320652652e-05
1045.0 1.3307551858776255e-05
1046.0 1.3306773448641274e-05
1047.0 1.3305996829012885e-05
1048.0 1.3305221994068314e-05
1049.0 1.3304448938009248e-05
1050.0 1.3303677655061722e-05
1051.0 1.3302908139475984e-05
1052.0 1.3302140385526374e-05
1053.0 1.33013743875112e-05
1054.0 1.3300610139752615e-05
1055.0 1.3299847636596495e-05
1056.0 1.3299086872412319e-05
1057.0 1.3298327841593044e-05
1058.0 1.3297570538554989e-05
1059.0 1.329681495773771e-05
1060.0 1.3296061093603898e-05
1061.0 1.3295308940639232e-05
1062.0 1.329455849335229e-05
1063.0 1.3293809746274422e-05
1064.0 1.3293062693959626e-05
1065.0 1.3292317330984446e-05
1066.0 1.3291573651947849e-05
1067.0 1.329083165147112e-05
1068.0 1.3290091324197738e-05
1069.0 1.3289352664793269e-05
1070.0 1.3288615667945257e-05
1071.0 1.3287880328363112e-05
1072.0 1.3287146640777996e-05
1073.0 1.3286414599942717e-05
1074.0 1.3285684200631617e-05
1075.0 1.3284955437640468e-05
1076.0 1.3284228305786357e-05
1077.0 1.3283502799907591e-05
1078.0 1.3282778914863573e-05
1079.0 1.3282056645534718e-05
1080.0 1.3281335986822328e-05
1081.0 1.3280616933648502e-05
1082.0 1.3279899480956018e-05
1083.0 1.3279183623708242e-05
1084.0 1.3278469356889023e-05
1085.0 1.3277756675502585e-05
1086.0 1.3277045574573436e-05
1087.0 1.3276336049146246e-05
1088.0 1.327562809428578e-05
1089.0 1.3274921705076766e-05
1090.0 1.327421687662381e-05
1091.0 1.3273513604051305e-05
1092.0 1.327281188250332e-05
1093.0 1.3272111707143506e-05
1094.0 1.3271413073155002e-05
1095.0 1.3270715975740336e-05
1096.0 1.3270020410121337e-05
1097.0 1.3269326371539027e-05
1098.0 1.3268633855253533e-05
1099.0 1.3267942856544e-05
1100.0 1.3267253370708481e-05
1101.0 1.3266565393063866e-05
1102.0 1.3265878918945763e-05
1103.0 1.3265193943708431e-05
1104.0 1.3264510462724674e-05
1105.0 1.3263828471385758e-05
1106.0 1.326314796510131e-05
1107.0 1.3262468939299241e-05
1108.0 1.3261791389425653e-05
1109.0 1.3261115310944743e-05
1110.0 1.3260440699338723e-05
1111.0 1.325976755010773e-05
1112.0 1.3259095858769744e-05
1113.0 1.3258425620860478e-05
1114.0 1.3257756831933333e-05
1115.0 1.325708948755927e-05
1116.0 1.3256423583326756e-05
1117.0 1.3255759114841661e-05
1118.0 1.3255096077727182e-05
1119.0 1.3254434467623755e-05
1120.0 1.3253774280188979e-05
1121.0 1.3253115511097522e-05
1122.0 1.3252458156041047e-05
1123.0 1.3251802210728132e-05
1124.0 1.325114767088418e-05
1125.0 1.3250494532251341e-05
1126.0 1.3249842790588442e-05
1127.0 1.3249192441670887e-05
1128.0 1.3248543481290598e-05
1129.0 1.3247895905255926e-05
1130.0 1.3247249709391564e-05
1131.0 1.3246604889538487e-05
1132.0 1.3245961441553866e-05
1133.0 1.3245319361310984e-05
1134.0 1.3244678644699167e-05
1135.0 1.3244039287623706e-05
1136.0 1.3243401286005781e-05
1137.0 1.3242764635782386e-05
1138.0 1.3242129332906253e-05
1139.0 1.3241495373345772e-05
1140.0 1.324086275308493e-05
1141.0 1.324023146812322e-05
1142.0 1.3239601514475585e-05
1143.0 1.3238972888172331e-05
1144.0 1.3238345585259063e-05
1145.0 1.3237719601796608e-05
1146.0 1.3237094933860944e-05
1147.0 1.323647157754313e-05
1148.0 1.3235849528949235e-05
1149.0 1.3235228784200265e-05
1150.0 1.3234609339432097e-05
1151.0 1.3233991190795404e-05
1152.0 1.3233374334455589e-05
1153.0 1.3232758766592717e-05
1154.0 1.3232144483401437e-05
1155.0 1.3231531481090933e-05
1156.0 1.3230919755884832e-05
1157.0 1.3230309304021154e-05
1158.0 1.3229700121752241e-05
1159.0 1.3229092205344688e-05
1160.0 1.3228485551079269e-05
1161.0 1.3227880155250891e-05
1162.0 1.3227276014168507e-05
1163.0 1.3226673124155065e-05
1164.0 1.3226071481547432e-05
1165.0 1.3225471082696346e-05
1166.0 1.322487192396633e-05
1167.0 1.3224274001735642e-05
1168.0 1.3223677312396214e-05
1169.0 1.3223081852353575e-05
1170.0 1.32224876180268e-05
1171.0 1.3221894605848445e-05
1172.0 1.3221302812264481e-05
1173.0 1.322071223373424e-05
1174.0 1.3220122866730338e-05
1175.0 1.3219534707738636e-05
1176.0 1.3218947753258158e-05
1177.0 1.3218361999801042e-05
1178.0 1.321777744389248e-05
1179.0 1.3217194082070655e-05
1180.0 1.321661191088668e-05
1181.0 1.3216030926904541e-05
1182.0 1.3215451126701037e-05
1183.0 1.3214872506865728e-05
1184.0 1.3214295064000864e-05
1185.0 1.3213718794721339e-05
1186.0 1.3213143695654626e-05
1187.0 1.321256976344072e-05
1188.0 1.3211996994732092e-05
1189.0 1.3211425386193612e-05
1190.0 1.3210854934502513e-05
1191.0 1.3210285636348318e-05
1192.0 1.3209717488432804e-05
1193.0 1.3209150487469921e-05
1194.0 1.3208584630185759e-05
1195.0 1.3208019913318481e-05
1196.0 1.3207456333618278e-05
1197.0 1.3206893887847299e-05
1198.0 1.3206332572779613e-05
1199.0 1.3205772385201152e-05
1200.0 1.3205213321909641e-05
1201.0 1.3204655379714576e-05
1202.0 1.3204098555437141e-05
1203.0 1.3203542845910171e-05
1204.0 1.32029882479781e-05
1205.0 1.32024347584969e-05
1206.0 1.320188237433404e-05
1207.0 1.3201331092368421e-05
1208.0 1.3200780909490346e-05
1209.0 1.3200231822601442e-05
1210.0 1.3199683828614636e-05
1211.0 1.3199136924454082e-05
1212.0 1.3198591107055123e-05
1213.0 1.3198046373364246e-05
1214.0 1.3197502720339018e-05
1215.0 1.3196960144948044e-05
1216.0 1.3196418644170923e-05
1217.0 1.319587821499819e-05
1218.0 1.3195338854431273e-05
1219.0 1.3194800559482442e-05
1220.0 1.3194263327174765e-05
1221.0 1.3193727154542053e-05
1222.0 1.319319203862882e-05
1223.0 1.3192657976490231e-05
1224.0 1.3192124965192059e-05
1225.0 1.319159300181063e-05
1226.0 1.3191062083432787e-05
1227.0 1.3190532207155839e-05
1228.0 1.3190003370087511e-05
1229.0 1.3189475569345904e-05
1230.0 1.3188948802059445e-05
1231.0 1.3188423065366847e-05
1232.0 1.318789835641706e-05
1233.0 1.3187374672369221e-05
1234.0 1.3186852010392624e-05
1235.0 1.318633036766666e-05
1236.0 1.3185809741380782e-05
1237.0 1.3185290128734461e-05
1238.0 1.3184771526937132e-05
1239.0 1.3184253933208165e-05
1240.0 1.3183737344776811e-05
1241.0 1.3183221758882168e-05
1242.0 1.3182707172773126e-05
1243.0 1.3182193583708337e-05
1244.0 1.3181680988956163e-05
1245.0 1.3181169385794638e-05
1246.0 1.3180658771511428e-05
1247.0 1.3180149143403788e-05
1248.0 1.3179640498778513e-05
1249.0 1.3179132834951911e-05
1250.0 1.3178626149249749e-05
1251.0 1.3178120439007215e-05
1252.0 1.3177615701568888e-05
1253.0 1.3177111934288679e-05
1254.0 1.3176609134529806e-05
1255.0 1.3176107299664751e-05
1256.0 1.3175606427075206e-05
1257.0 1.3175106514152058e-05
1258.0 1.3174607558295333e-05
1259.0 1.3174109556914155e-05
1260.0 1.3173612507426717e-05
1261.0 1.3173116407260234e-05
1262.0 1.3172621253850911e-05
1263.0 1.3172127044643899e-05
1264.0 1.317163377709326e-05
1265.0 1.3171141448661924e-05
1266.0 1.3170650056821661e-05
1267.0 1.317015959905303e-05
1268.0 1.3169670072845355e-05
1269.0 1.316918147569668e-05
1270.0 1.3168693805113728e-05
1271.0 1.3168207058611876e-05
1272.0 1.3167721233715103e-05
1273.0 1.3167236327955973e-05
1274.0 1.316675233887558e-05
1275.0 1.3166269264023519e-05
1276.0 1.3165787100957853e-05
1277.0 1.3165305847245071e-05
1278.0 1.3164825500460062e-05
1279.0 1.3164346058186067e-05
1280.0 1.3163867518014652e-05
1281.0 1.3163389877545671e-05
1282.0 1.316291313438723e-05
1283.0 1.3162437286155652e-05
1284.0 1.3161962330475447e-05
1285.0 1.3161488264979272e-05
1286.0 1.3161015087307897e-05
1287.0 1.3160542795110175e-05
1288.0 1.3160071386043004e-05
1289.0 1.3159600857771296e-05
1290.0 1.315913120796794e-05
1291.0 1.3158662434313776e-05
1292.0 1.3158194534497552e-05
1293.0 1.3157727506215895e-05
1294.0 1.3157261347173282e-05
1295.0 1.3156796055082e-05
1296.0 1.3156331627662123e-05
1297.0 1.3155868062641469e-05
1298.0 1.3155405357755571e-05
1299.0 1.3154943510747651e-05
1300.0 1.3154482519368582e-05
1301.0 1.3154022381376855e-05
1302.0 1.3153563094538554e-05
1303.0 1.3153104656627319e-05
1304.0 1.315264706542431e-05
1305.0 1.3152190318718195e-05
1306.0 1.3151734414305093e-05
1307.0 1.3151279349988562e-05
1308.0 1.3150825123579559e-05
1309.0 1.315037173289642e-05
1310.0 1.3149919175764816e-05
1311.0 1.3149467450017729e-05
1312.0 1.3149016553495422e-05
1313.0 1.314856648404541e-05
1314.0 1.3148117239522432e-05
1315.0 1.3147668817788412e-05
1316.0 1.3147221216712442e-05
1317.0 1.3146774434170738e-05
1318.0 1.3146328468046632e-05
1319.0 1.3145883316230516e-05
1320.0 1.3145438976619834e-05
1321.0 1.3144995447119045e-05
1322.0 1.31445527256396e-05
1323.0 1.3144110810099903e-05
1324.0 1.3143669698425285e-05
1325.0 1.314322938854799e-05
1326.0 1.3142789878407126e-05
1327.0 1.3142351165948654e-05
1328.0 1.3141913249125352e-05
1329.0 1.3141476125896783e-05
1330.0 1.3141039794229276e-05
1331.0 1.3140604252095897e-05
1332.0 1.3140169497476423e-05
1333.0 1.3139735528357299e-05
1334.0 1.3139302342731638e-05
1335.0 1.3138869938599171e-05
1336.0 1.3138438313966231e-05
1337.0 1.3138007466845729e-05
1338.0 1.3137577395257111e-05
1339.0 1.3137148097226358e-05
1340.0 1.3136719570785931e-05
1341.0 1.3136291813974768e-05
1342.0 1.3135864824838245e-05
1343.0 1.3135438601428153e-05
1344.0 1.3135013141802676e-05
1345.0 1.3134588444026358e-05
1346.0 1.3134164506170088e-05
1347.0 1.3133741326311055e-05
1348.0 1.3133318902532754e-05
1349.0 1.3132897232924925e-05
1350.0 1.3132476315583559e-05
1351.0 1.3132056148610854e-05
1352.0 1.3131636730115194e-05
1353.0 1.313121805821113e-05
1354.0 1.3130800131019342e-05
1355.0 1.313038294666664e-05
1356.0 1.312996650328591e-05
1357.0 1.3129550799016108e-05
1358.0 1.3129135832002233e-05
1359.0 1.3128721600395294e-05
1360.0 1.3128308102352301e-05
1361.0 1.312789533603623e-05
1362.0 1.3127483299616e-05
1363.0 1.3127071991266457e-05
1364.0 1.3126661409168341e-05
1365.0 1.312625155150827e-05
1366.0 1.3125842416478715e-05
1367.0 1.3125434002277967e-05
1368.0 1.3125026307110138e-05
1369.0 1.3124619329185106e-05
1370.0 1.3124213066718521e-05
1371.0 1.3123807517931766e-05
1372.0 1.312340268105194e-05
1373.0 1.3122998554311828e-05
1374.0 1.3122595135949891e-05
1375.0 1.3122192424210237e-05
1376.0 1.3121790417342597e-05
1377.0 1.3121389113602308e-05
1378.0 1.3120988511250282e-05
1379.0 1.3120588608552998e-05
1380.0 1.3120189403782466e-05
1381.0 1.3119790895216213e-05
1382.0 1.3119393081137267e-05
1383.0 1.3118995959834116e-05
1384.0 1.311859952960071e-05
1385.0 1.3118203788736425e-05
1386.0 1.3117808735546047e-05
1387.0 1.3117414368339747e-05
1388.0 1.3117020685433065e-05
1389.0 1.3116627685146887e-05
1390.0 1.3116235365807422e-05
1391.0 1.3115843725746186e-05
1392.0 1.3115452763299977e-05
1393.0 1.3115062476810855e-05
1394.0 1.3114672864626127e-05
1395.0 1.3114283925098317e-05
1396.0 1.3113895656585156e-05
1397.0 1.3113508057449553e-05
1398.0 1.3113121126059582e-05
1399.0 1.3112734860788463e-05
1400.0 1.3112349260014524e-05
1401.0 1.3111964322121213e-05
1402.0 1.3111580045497047e-05
1403.0 1.3111196428535616e-05
1404.0 1.3110813469635548e-05
1405.0 1.3110431167200494e-05
1406.0 1.3110049519639116e-05
1407.0 1.3109668525365057e-05
1408.0 1.3109288182796929e-05
1409.0 1.3108908490358289e-05
1410.0 1.3108529446477623e-05
1411.0 1.3108151049588331e-05
1412.0 1.3107773298128697e-05
1413.0 1.3107396190541881e-05
1414.0 1.3107019725275898e-05
1415.0 1.3106643900783591e-05
1416.0 1.310626871552263e-05
1417.0 1.3105894167955473e-05
1418.0 1.3105520256549364e-05
1419.0 1.3105146979776307e-05
1420.0 1.3104774336113047e-05
1421.0 1.3104402324041056e-05
1422.0 1.3104030942046517e-05
1423.0 1.3103660188620297e-05
1424.0 1.3103290062257934e-05
1425.0 1.3102920561459629e-05
1426.0 1.310255168473021e-05
1427.0 1.3102183430579126e-05
1428.0 1.3101815797520429e-05
1429.0 1.3101448784072754e-05
1430.0 1.3101082388759305e-05
1431.0 1.3100716610107829e-05
1432.0 1.3100351446650609e-05
1433.0 1.3099986896924445e-05
1434.0 1.3099622959470633e-05
1435.0 1.3099259632834945e-05
1436.0 1.3098896915567628e-05
1437.0 1.3098534806223365e-05
1438.0 1.3098173303361278e-05
1439.0 1.3097812405544897e-05
1440.0 1.3097452111342156e-05
1441.0 1.3097092419325362e-05
1442.0 1.309673332807119e-05
1443.0 1.3096374836160665e-05
1444.0 1.3096016942179142e-05
1445.0 1.3095659644716289e-05
1446.0 1.3095302942366079e-05
1447.0 1.3094946833726764e-05
1448.0 1.3094591317400866e-05
1449.0 1.3094236391995156e-05
1450.0 1.3093882056120643e-05
1451.0 1.3093528308392552e-05
1452.0 1.3093175147430318e-05
1453.0 1.3092822571857558e-05
1454.0 1.3092470580302066e-05
1455.0 1.3092119171395792e-05
1456.0 1.3091768343774828e-05
1457.0 1.3091418096079393e-05
1458.0 1.3091068426953816e-05
1459.0 1.3090719335046524e-05
1460.0 1.3090370819010023e-05
1461.0 1.3090022877500885e-05
1462.0 1.3089675509179734e-05
1463.0 1.3089328712711227e-05
1464.0 1.3088982486764046e-05
1465.0 1.3088636830010872e-05
1466.0 1.3088291741128387e-05
1467.0 1.3087947218797239e-05
1468.0 1.3087603261702047e-05
1469.0 1.3087259868531369e-05
1470.0 1.3086917037977701e-05
1471.0 1.3086574768737457e-05
1472.0 1.3086233059510953e-05
1473.0 1.3085891909002394e-05
1474.0 1.3085551315919864e-05
1475.0 1.3085211278975304e-05
1476.0 1.3084871796884504e-05
1477.0 1.3084532868367084e-05
1478.0 1.3084194492146486e-05
1479.0 1.308385666694996e-05
1480.0 1.3083519391508535e-05
1481.0 1.3083182664557029e-05
1482.0 1.3082846484834019e-05
1483.0 1.308251085108183e-05
1484.0 1.3082175762046525e-05
1485.0 1.3081841216477887e-05
1486.0 1.3081507213129415e-05
1487.0 1.3081173750758292e-05
1488.0 1.3080840828125388e-05
1489.0 1.3080508443995247e-05
1490.0 1.3080176597136057e-05
1491.0 1.307984528631966e-05
1492.0 1.3079514510321515e-05
1493.0 1.3079184267920705e-05
1494.0 1.3078854557899915e-05
1495.0 1.307852537904541e-05
1496.0 1.3078196730147043e-05
1497.0 1.3077868609998225e-05
1498.0 1.3077541017395919e-05
1499.0 1.3077213951140623e-05
1500.0 1.3076887410036367e-05
1501.0 1.3076561392890686e-05
1502.0 1.3076235898514616e-05
1503.0 1.3075910925722686e-05
1504.0 1.307558647333289e-05
1505.0 1.3075262540166693e-05
1506.0 1.3074939125049005e-05
1507.0 1.3074616226808173e-05
1508.0 1.3074293844275974e-05
1509.0 1.307397197628759e-05
1510.0 1.307365062168161e-05
1511.0 1.3073329779300008e-05
1512.0 1.3073009447988136e-05
1513.0 1.3072689626594709e-05
1514.0 1.3072370313971793e-05
1515.0 1.3072051508974794e-05
1516.0 1.3071733210462452e-05
1517.0 1.3071415417296817e-05
1518.0 1.3071098128343244e-05
1519.0 1.3070781342470383e-05
1520.0 1.3070465058550167e-05
1521.0 1.3070149275457792e-05
1522.0 1.3069833992071717e-05
1523.0 1.3069519207273647e-05
1524.0 1.306920491994852e-05
1525.0 1.3068891128984495e-05
1526.0 1.306857783327295e-05
1527.0 1.3068265031708454e-05
1528.0 1.3067952723188775e-05
1529.0 1.306764090661485e-05
1530.0 1.3067329580890786e-05
1531.0 1.3067018744923848e-05
1532.0 1.3066708397624445e-05
1533.0 1.3066398537906115e-05
1534.0 1.3066089164685518e-05
1535.0 1.306578027688243e-05
1536.0 1.3065471873419724e-05
1537.0 1.3065163953223364e-05
1538.0 1.3064856515222388e-05
1539.0 1.3064549558348912e-05
1540.0 1.3064243081538092e-05
1541.0 1.3063937083728148e-05
1542.0 1.3063631563860324e-05
1543.0 1.306332652087889e-05
1544.0 1.3063021953731134e-05
1545.0 1.3062717861367344e-05
1546.0 1.3062414242740807e-05
1547.0 1.3062111096807783e-05
1548.0 1.3061808422527515e-05
1549.0 1.30615062188622e-05
1550.0 1.3061204484776987e-05
1551.0 1.3060903219239971e-05
1552.0 1.3060602421222175e-05
1553.0 1.3060302089697541e-05
1554.0 1.3060002223642925e-05
1555.0 1.3059702822038083e-05
1556.0 1.3059403883865657e-05
1557.0 1.3059105408111176e-05
1558.0 1.3058807393763035e-05
1559.0 1.3058509839812493e-05
1560.0 1.3058212745253654e-05
1561.0 1.3057916109083464e-05
1562.0 1.3057619930301706e-05
1563.0 1.3057324207910976e-05
1564.0 1.3057028940916687e-05
1565.0 1.3056734128327048e-05
1566.0 1.3056439769153066e-05
1567.0 1.3056145862408526e-05
1568.0 1.3055852407109988e-05
1569.0 1.305555940227677e-05
1570.0 1.3055266846930951e-05
1571.0 1.305497474009735e-05
1572.0 1.3054683080803522e-05
1573.0 1.3054391868079743e-05
1574.0 1.3054101100959008e-05
1575.0 1.305381077847702e-05
1576.0 1.305352089967218e-05
1577.0 1.3053231463585571e-05
1578.0 1.3052942469260962e-05
1579.0 1.3052653915744786e-05
1580.0 1.3052365802086138e-05
1581.0 1.3052078127336768e-05
1582.0 1.305179089055106e-05
1583.0 1.3051504090786043e-05
1584.0 1.3051217727101359e-05
1585.0 1.3050931798559272e-05
1586.0 1.3050646304224649e-05
1587.0 1.3050361243164958e-05
1588.0 1.3050076614450255e-05
1589.0 1.304979241715317e-05
1590.0 1.3049508650348911e-05
1591.0 1.3049225313115247e-05
1592.0 1.3048942404532501e-05
1593.0 1.3048659923683536e-05
1594.0 1.3048377869653754e-05
1595.0 1.3048096241531091e-05
1596.0 1.3047815038405995e-05
1597.0 1.3047534259371424e-05
1598.0 1.3047253903522844e-05
1599.0 1.304697396995821e-05
1600.0 1.3046694457777962e-05
1601.0 1.3046415366085021e-05
1602.0 1.3046136693984774e-05
1603.0 1.3045858440585065e-05
1604.0 1.3045580604996196e-05
1605.0 1.3045303186330911e-05
1606.0 1.3045026183704384e-05
1607.0 1.3044749596234223e-05
1608.0 1.3044473423040451e-05
1609.0 1.3044197663245505e-05
1610.0 1.3043922315974222e-05
1611.0 1.3043647380353833e-05
1612.0 1.304337285551396e-05
1613.0 1.30430987405866e-05
1614.0 1.3042825034706123e-05
1615.0 1.304255173700926e-05
1616.0 1.3042278846635093e-05
1617.0 1.3042006362725064e-05
1618.0 1.3041734284422939e-05
1619.0 1.3041462610874825e-05
1620.0 1.3041191341229149e-05
1621.0 1.3040920474636654e-05
1622.0 1.3040650010250393e-05
1623.0 1.3040379947225717e-05
1624.0 1.3040110284720269e-05
1625.0 1.303984102189398e-05
1626.0 1.3039572157909059e-05
1627.0 1.303930369192998e-05
1628.0 1.3039035623123485e-05
1629.0 1.3038767950658568e-05
1630.0 1.3038500673706468e-05
1631.0 1.3038233791440673e-05
1632.0 1.303796730303689e-05
1633.0 1.3037701207673065e-05
1634.0 1.3037435504529351e-05
1635.0 1.3037170192788116e-05
1636.0 1.3036905271633935e-05
1637.0 1.303664074025357e-05
1638.0 1.3036376597835978e-05
1639.0 1.3036112843572294e-05
1640.0 1.3035849476655833e-05
1641.0 1.303558649628207e-05
1642.0 1.3035323901648642e-05
1643.0 1.3035061691955341e-05
1644.0 1.3034799866404101e-05
1645.0 1.3034538424199e-05
1646.0 1.3034277364546243e-05
1647.0 1.3034016686654162e-05
1648.0 1.3033756389733203e-05
1649.0 1.3033496472995928e-05
1650.0 1.3033236935657001e-05
1651.0 1.3032977776933179e-05
1652.0 1.3032718996043313e-05
1653.0 1.3032460592208337e-05
1654.0 1.3032202564651259e-05
1655.0 1.3031944912597162e-05
1656.0 1.3031687635273184e-05
1657.0 1.3031430731908528e-05
1658.0 1.3031174201734436e-05
1659.0 1.30309180439842e-05
1660.0 1.3030662257893148e-05
1661.0 1.3030406842698633e-05
1662.0 1.3030151797640037e-05
1663.0 1.3029897121958752e-05
1664.0 1.3029642814898182e-05
1665.0 1.3029388875703738e-05
1666.0 1.3029135303622823e-05
1667.0 1.3028882097904829e-05
1668.0 1.3028629257801137e-05
1669.0 1.30283767825651e-05
1670.0 1.3028124671452047e-05
1671.0 1.3027872923719266e-05
1672.0 1.3027621538626008e-05
1673.0 1.3027370515433475e-05
1674.0 1.3027119853404812e-05
1675.0 1.3026869551805103e-05
1676.0 1.3026619609901368e-05
1677.0 1.3026370026962554e-05
1678.0 1.3026120802259525e-05
1679.0 1.3025871935065062e-05
1680.0 1.3025623424653855e-05
1681.0 1.302537527030249e-05
1682.0 1.302512747128946e-05
1683.0 1.3024880026895134e-05
1684.0 1.3024632936401777e-05
1685.0 1.3024386199093527e-05
1686.0 1.3024139814256392e-05
1687.0 1.3023893781178248e-05
1688.0 1.302364809914883e-05
1689.0 1.3023402767459725e-05
1690.0 1.3023157785404372e-05
1691.0 1.3022913152278048e-05
1692.0 1.302266886737787e-05
1693.0 1.3022424930002779e-05
1694.0 1.3022181339453548e-05
1695.0 1.302193809503276e-05
1696.0 1.3021695196044821e-05
1697.0 1.3021452641795935e-05
1698.0 1.3021210431594109e-05
1699.0 1.302096856474915e-05
1700.0 1.3020727040572652e-05
1701.0 1.302048585837799e-05
1702.0 1.3020245017480325e-05
1703.0 1.3020004517196578e-05
1704.0 1.3019764356845453e-05
1705.0 1.3019524535747403e-05
1706.0 1.3019285053224642e-05
1707.0 1.3019045908601133e-05
1708.0 1.3018807101202589e-05
1709.0 1.3018568630356453e-05
1710.0 1.3018330495391907e-05
1711.0 1.3018092695639863e-05
1712.0 1.3017855230432957e-05
1713.0 1.3017618099105531e-05
1714.0 1.3017381300993654e-05
1715.0 1.3017144835435092e-05
1716.0 1.3016908701769315e-05
1717.0 1.301667289933749e-05
1718.0 1.301643742748247e-05
1719.0 1.3016202285548804e-05
1720.0 1.301596747288271e-05
1721.0 1.301573298883208e-05
1722.0 1.3015498832746485e-05
1723.0 1.3015265003977152e-05
1724.0 1.301503150187697e-05
1725.0 1.3014798325800482e-05
1726.0 1.3014565475103879e-05
1727.0 1.3014332949144994e-05
1728.0 1.30141007472833e-05
1729.0 1.30138688688799e-05
1730.0 1.3013637313297533e-05
1731.0 1.3013406079900551e-05
1732.0 1.3013175168054929e-05
1733.0 1.3012944577128254e-05
1734.0 1.3012714306489722e-05
1735.0 1.301248435551013e-05
1736.0 1.3012254723561873e-05
1737.0 1.3012025410018938e-05
1738.0 1.3011796414256901e-05
1739.0 1.3011567735652921e-05
1740.0 1.3011339373585738e-05
1741.0 1.3011111327435656e-05
1742.0 1.3010883596584557e-05
1743.0 1.3010656180415882e-05
1744.0 1.3010429078314626e-05
1745.0 1.3010202289667348e-05
1746.0 1.300997581386215e-05
1747.0 1.3009749650288674e-05
1748.0 1.3009523798338107e-05
1749.0 1.3009298257403172e-05
1750.0 1.3009073026878114e-05
1751.0 1.300884810615871e-05
1752.0 1.3008623494642256e-05
1753.0 1.300839919172756e-05
1754.0 1.3008175196814946e-05
1755.0 1.3007951509306241e-05
1756.0 1.3007728128604774e-05
1757.0 1.3007505054115374e-05
1758.0 1.3007282285244356e-05
1759.0 1.3007059821399529e-05
1760.0 1.3006837661990182e-05
1761.0 1.3006615806427087e-05
1762.0 1.3006394254122481e-05
1763.0 1.3006173004490083e-05
1764.0 1.3005952056945067e-05
1765.0 1.3005731410904073e-05
1766.0 1.3005511065785193e-05
1767.0 1.300529102100798e-05
1768.0 1.3005071275993418e-05
1769.0 1.3004851830163951e-05
1770.0 1.3004632682943451e-05
1771.0 1.3004413833757228e-05
1772.0 1.300419528203202e-05
1773.0 1.300397702719599e-05
1774.0 1.3003759068678724e-05
1775.0 1.3003541405911225e-05
1776.0 1.3003324038325905e-05
1777.0 1.3003106965356588e-05
1778.0 1.3002890186438496e-05
1779.0 1.300267370100826e-05
1780.0 1.3002457508503896e-05
1781.0 1.3002241608364814e-05
1782.0 1.3002026000031818e-05
1783.0 1.3001810682947084e-05
1784.0 1.3001595656554174e-05
1785.0 1.300138092029802e-05
1786.0 1.3001166473624926e-05
1787.0 1.300095231598256e-05
1788.0 1.3000738446819956e-05
1789.0 1.3000524865587498e-05
1790.0 1.3000311571736934e-05
1791.0 1.3000098564721352e-05
1792.0 1.299988584399519e-05
1793.0 1.2999673409014226e-05
1794.0 1.2999461259235577e-05
1795.0 1.2999249394117691e-05
1796.0 1.2999037813120348e-05
1797.0 1.2998826515704649e-05
1798.0 1.2998615501333018e-05
1799.0 1.29984047694692e-05
1800.0 1.2998194319578249e-05
1801.0 1.299798415112653e-05
1802.0 1.2997774263581713e-05
1803.0 1.2997564656412767e-05
1804.0 1.2997355329089965e-05
1805.0 1.299714628108487e-05
1806.0 1.2996937511870332e-05
1807.0 1.2996729020920494e-05
1808.0 1.2996520807710774e-05
1809.0 1.2996312871717872e-05
1810.0 1.299610521241976e-05
1811.0 1.2995897829295688e-05
1812.0 1.2995690721826163e-05
1813.0 1.299548388949296e-05
1814.0 1.2995277331779117e-05
1815.0 1.2995071048168918e-05
1816.0 1.2994865038147907e-05
1817.0 1.2994659301202877e-05
1818.0 1.2994453836821855e-05
1819.0 1.2994248644494122e-05
1820.0 1.2994043723710187e-05
1821.0 1.2993839073961798e-05
1822.0 1.2993634694741926e-05
1823.0 1.2993430585544775e-05
1824.0 1.2993226745865767e-05
1825.0 1.2993023175201544e-05
1826.0 1.2992819873049966e-05
1827.0 1.29926168389101e-05
1828.0 1.2992414072282222e-05
1829.0 1.2992211572667816e-05
1830.0 1.2992009339569566e-05
1831.0 1.2991807372491345e-05
1832.0 1.2991605670938233e-05
1833.0 1.2991404234416492e-05
1834.0 1.299120306243357e-05
1835.0 1.2991002154498103e-05
1836.0 1.2990801510119908e-05
1837.0 1.2990601128809969e-05
1838.0 1.2990401010080452e-05
1839.0 1.299020115344469e-05
1840.0 1.2990001558417179e-05
1841.0 1.2989802224513582e-05
1842.0 1.2989603151250716e-05
1843.0 1.2989404338146558e-05
1844.0 1.2989205784720236e-05
1845.0 1.298900749049203e-05
1846.0 1.2988809454983356e-05
1847.0 1.2988611677716785e-05
1848.0 1.2988414158216018e-05
1849.0 1.2988216896005893e-05
1850.0 1.2988019890612383e-05
1851.0 1.2987823141562588e-05
1852.0 1.2987626648384731e-05
1853.0 1.2987430410608167e-05
1854.0 1.2987234427763358e-05
1855.0 1.2987038699381888e-05
1856.0 1.2986843224996455e-05
1857.0 1.2986648004140863e-05
1858.0 1.2986453036350024e-05
1859.0 1.298625832115995e-05
1860.0 1.2986063858107755e-05
1861.0 1.2985869646731655e-05
1862.0 1.2985675686570944e-05
1863.0 1.2985481977166023e-05
1864.0 1.298528851805837e-05
1865.0 1.2985095308790552e-05
1866.0 1.2984902348906209e-05
1867.0 1.2984709637950067e-05
1868.0 1.2984517175467924e-05
1869.0 1.2984324961006646e-05
1870.0 1.298413299411417e-05
1871.0 1.29839412743395e-05
1872.0 1.2983749801232696e-05
1873.0 1.2983558574344882e-05
1874.0 1.2983367593228239e-05
1875.0 1.2983176857435997e-05
1876.0 1.2982986366522436e-05
1877.0 1.2982796120042884e-05
1878.0 1.2982606117553716e-05
1879.0 1.2982416358612344e-05
1880.0 1.2982226842777215e-05
1881.0 1.2982037569607817e-05
1882.0 1.298184853866467e-05
1883.0 1.2981659749509313e-05
1884.0 1.2981471201704323e-05
1885.0 1.2981282894813296e-05
1886.0 1.2981094828400844e-05
1887.0 1.2980907002032598e-05
1888.0 1.2980719415275209e-05
1889.0 1.2980532067696331e-05
1890.0 1.2980344958864632e-05
1891.0 1.2980158088349782e-05
1892.0 1.2979971455722455e-05
1893.0 1.2979785060554327e-05
1894.0 1.2979598902418068e-05
1895.0 1.2979412980887346e-05
1896.0 1.297922729553681e-05
1897.0 1.297904184594211e-05
1898.0 1.2978856631679877e-05
1899.0 1.2978671652327724e-05
1900.0 1.2978486907464238e-05
1901.0 1.2978302396668998e-05
1902.0 1.2978118119522545e-05
1903.0 1.2977934075606394e-05
1904.0 1.2977750264503034e-05
1905.0 1.2977566685795912e-05
1906.0 1.297738333906945e-05
1907.0 1.2977200223909016e-05
1908.0 1.2977017339900947e-05
1909.0 1.2976834686632531e-05
1910.0 1.2976652263692013e-05
1911.0 1.297647007066858e-05
1912.0 1.2976288107152374e-05
1913.0 1.2976106372734474e-05
1914.0 1.2975924867006907e-05
1915.0 1.2975743589562637e-05
1916.0 1.2975562539995562e-05
1917.0 1.2975381717900522e-05
1918.0 1.2975201122873276e-05
1919.0 1.2975020754510522e-05
1920.0 1.2974840612409879e-05
1921.0 1.2974660696169893e-05
1922.0 1.2974481005390024e-05
1923.0 1.2974301539670654e-05
1924.0 1.2974122298613087e-05
1925.0 1.2973943281819529e-05
1926.0 1.2973764488893105e-05
1927.0 1.297358591943784e-05
1928.0 1.2973407573058673e-05
1929.0 1.2973229449361442e-05
1930.0 1.2973051547952882e-05
1931.0 1.297287386844063e-05
1932.0 1.2972696410433217e-05
1933.0 1.2972519173540068e-05
1934.0 1.2972342157371497e-05
1935.0 1.2972165361538705e-05
1936.0 1.297198878565378e-05
1937.0 1.297181242932969e-05
1938.0 1.2971636292180291e-05
1939.0 1.2971460373820305e-05
1940.0 1.2971284673865339e-05
1941.0 1.2971109191931869e-05
1942.0 1.2970933927637243e-05
1943.0 1.2970758880599675e-05
1944.0 1.297058405043825e-05
1945.0 1.2970409436772909e-05
1946.0 1.2970235039224458e-05
1947.0 1.2970060857414565e-05
1948.0 1.2969886890965745e-05
1949.0 1.2969713139501377e-05
1950.0 1.2969539602645685e-05
1951.0 1.2969366280023741e-05
1952.0 1.296919317126147e-05
1953.0 1.2969020275985637e-05
1954.0 1.2968847593823848e-05
1955.0 1.2968675124404554e-05
1956.0 1.2968502867357035e-05
1957.0 1.2968330822311416e-05
1958.0 1.2968158988898647e-05
1959.0 1.296798736675051e-05
1960.0 1.296781595549962e-05
1961.0 1.2967644754779412e-05
1962.0 1.2967473764224147e-05
1963.0 1.2967302983468909e-05
1964.0 1.2967132412149594e-05
1965.0 1.2966962049902928e-05
1966.0 1.2966791896366438e-05
1967.0 1.2966621951178472e-05
1968.0 1.2966452213978182e-05
1969.0 1.2966282684405537e-05
1970.0 1.2966113362101301e-05
1971.0 1.2965944246707044e-05
1972.0 1.2965775337865144e-05
1973.0 1.2965606635218774e-05
1974.0 1.2965438138411899e-05
1975.0 1.2965269847089288e-05
1976.0 1.2965101760896491e-05
1977.0 1.2964933879479861e-05
1978.0 1.2964766202486533e-05
1979.0 1.2964598729564425e-05
1980.0 1.2964431460362241e-05
1981.0 1.2964264394529473e-05
1982.0 1.2964097531716383e-05
1983.0 1.2963930871574016e-05
1984.0 1.2963764413754191e-05
1985.0 1.29635981579095e-05
1986.0 1.2963432103693309e-05
1987.0 1.2963266250759749e-05
1988.0 1.2963100598763716e-05
1989.0 1.2962935147360881e-05
1990.0 1.2962769896207668e-05
1991.0 1.2962604844961262e-05
1992.0 1.2962439993279616e-05
1993.0 1.2962275340821427e-05
1994.0 1.2962110887246158e-05
1995.0 1.2961946632214016e-05
1996.0 1.2961782575385962e-05
1997.0 1.2961618716423705e-05
1998.0 1.29614550549897e-05
1999.0 1.2961291590747152e-05
2000.0 1.2961128323359995e-05
2001.0 1.2960965252492916e-05
2002.0 1.2960802377811337e-05
2003.0 1.2960639698981413e-05
2004.0 1.2960477215670036e-05
2005.0 1.2960314927544832e-05
2006.0 1.2960152834274153e-05
2007.0 1.2959990935527084e-05
2008.0 1.2959829230973432e-05
2009.0 1.2959667720283734e-05
2010.0 1.2959506403129244e-05
2011.0 1.2959345279181942e-05
2012.0 1.2959184348114521e-05
2013.0 1.2959023609600393e-05
2014.0 1.2958863063313691e-05
2015.0 1.295870270892925e-05
2016.0 1.2958542546122625e-05
2017.0 1.2958382574570073e-05
2018.0 1.2958222793948565e-05
2019.0 1.2958063203935772e-05
2020.0 1.2957903804210073e-05
2021.0 1.2957744594450545e-05
2022.0 1.2957585574336965e-05
2023.0 1.2957426743549807e-05
2024.0 1.2957268101770246e-05
2025.0 1.2957109648680147e-05
2026.0 1.2956951383962067e-05
2027.0 1.2956793307299254e-05
2028.0 1.2956635418375644e-05
2029.0 1.2956477716875861e-05
2030.0 1.2956320202485218e-05
2031.0 1.2956162874889697e-05
2032.0 1.2956005733775978e-05
2033.0 1.2955848778831411e-05
2034.0 1.2955692009744023e-05
2035.0 1.2955535426202524e-05
2036.0 1.295537902789629e-05
2037.0 1.2955222814515374e-05
2038.0 1.2955066785750499e-05
2039.0 1.2954910941293053e-05
2040.0 1.2954755280835097e-05
2041.0 1.2954599804069351e-05
2042.0 1.2954444510689203e-05
2043.0 1.2954289400388699e-05
2044.0 1.295413447286255e-05
2045.0 1.2953979727806117e-05
2046.0 1.2953825164915426e-05
2047.0 1.295367078388715e-05
2048.0 1.2953516584418623e-05
2049.0 1.2953362566207823e-05
2050.0 1.295320872895338e-05
2051.0 1.2953055072354576e-05
2052.0 1.2952901596111328e-05
2053.0 1.2952748299924209e-05
2054.0 1.2952595183494435e-05
2055.0 1.2952442246523847e-05
2056.0 1.2952289488714944e-05
2057.0 1.2952136909770852e-05
2058.0 1.2951984509395337e-05
2059.0 1.2951832287292797e-05
2060.0 1.2951680243168265e-05
2061.0 1.2951528376727401e-05
2062.0 1.2951376687676502e-05
2063.0 1.2951225175722483e-05
2064.0 1.2951073840572891e-05
2065.0 1.2950922681935894e-05
2066.0 1.2950771699520286e-05
2067.0 1.2950620893035482e-05
2068.0 1.295047026219151e-05
2069.0 1.2950319806699026e-05
2070.0 1.2950169526269295e-05
2071.0 1.2950019420614197e-05
2072.0 1.2949869489446228e-05
2073.0 1.2949719732478496e-05
2074.0 1.2949570149424713e-05
2075.0 1.2949420739999206e-05
2076.0 1.2949271503916904e-05
2077.0 1.2949122440893342e-05
2078.0 1.2948973550644662e-05
2079.0 1.2948824832887601e-05
2080.0 1.2948676287339505e-05
2081.0 1.294852791371831e-05
2082.0 1.2948379711742557e-05
2083.0 1.2948231681131374e-05
2084.0 1.2948083821604495e-05
2085.0 1.2947936132882233e-05
2086.0 1.2947788614685505e-05
2087.0 1.2947641266735806e-05
2088.0 1.2947494088755229e-05
2089.0 1.2947347080466443e-05
2090.0 1.2947200241592715e-05
2091.0 1.2947053571857884e-05
2092.0 1.2946907070986373e-05
2093.0 1.294676073870319e-05
2094.0 1.2946614574733922e-05
2095.0 1.2946468578804728e-05
2096.0 1.2946322750642345e-05
2097.0 1.2946177089974088e-05
2098.0 1.294603159652784e-05
2099.0 1.2945886270032058e-05
2100.0 1.2945741110215772e-05
2101.0 1.2945596116808573e-05
2102.0 1.2945451289540626e-05
2103.0 1.2945306628142658e-05
2104.0 1.2945162132345963e-05
2105.0 1.2945017801882395e-05
2106.0 1.2944873636484368e-05
2107.0 1.2944729635884863e-05
2108.0 1.294458579981741e-05
2109.0 1.2944442128016103e-05
2110.0 1.2944298620215588e-05
2111.0 1.2944155276151068e-05
2112.0 1.2944012095558296e-05
2113.0 1.2943869078173579e-05
2114.0 1.2943726223733769e-05
2115.0 1.294358353197627e-05
2116.0 1.2943441002639035e-05
2117.0 1.2943298635460558e-05
2118.0 1.294315643017988e-05
2119.0 1.2943014386536588e-05
2120.0 1.2942872504270802e-05
2121.0 1.2942730783123193e-05
2122.0 1.294258922283496e-05
2123.0 1.2942447823147845e-05
2124.0 1.2942306583804128e-05
2125.0 1.294216550454662e-05
2126.0 1.2942024585118666e-05
2127.0 1.2941883825264144e-05
2128.0 1.2941743224727458e-05
2129.0 1.2941602783253552e-05
2130.0 1.2941462500587885e-05
2131.0 1.2941322376476451e-05
2132.0 1.2941182410665767e-05
2133.0 1.2941042602902873e-05
2134.0 1.2940902952935332e-05
2135.0 1.294076346051123e-05
2136.0 1.294062412537917e-05
2137.0 1.2940484947288276e-05
2138.0 1.2940345925988187e-05
2139.0 1.2940207061229058e-05
2140.0 1.2940068352761561e-05
2141.0 1.2939929800336884e-05
2142.0 1.2939791403706717e-05
2143.0 1.293965316262327e-05
2144.0 1.2939515076839263e-05
2145.0 1.2939377146107915e-05
2146.0 1.2939239370182963e-05
2147.0 1.293910174881864e-05
2148.0 1.293896428176969e-05
2149.0 1.293882696879136e-05
2150.0 1.293868980963939e-05
2151.0 1.2938552804070036e-05
2152.0 1.293841595184004e-05
2153.0 1.2938279252706644e-05
2154.0 1.2938142706427596e-05
2155.0 1.2938006312761129e-05
2156.0 1.2937870071465974e-05
2157.0 1.293773398230136e-05
2158.0 1.2937598045026997e-05
2159.0 1.2937462259403099e-05
2160.0 1.2937326625190356e-05
2161.0 1.2937191142149956e-05
2162.0 1.2937055810043573e-05
2163.0 1.2936920628633358e-05
2164.0 1.2936785597681959e-05
2165.0 1.2936650716952496e-05
2166.0 1.293651598620858e-05
2167.0 1.2936381405214297e-05
2168.0 1.2936246973734218e-05
2169.0 1.2936112691533384e-05
2170.0 1.2935978558377323e-05
2171.0 1.2935844574032036e-05
2172.0 1.2935710738263993e-05
2173.0 1.2935577050840145e-05
2174.0 1.2935443511527912e-05
2175.0 1.2935310120095186e-05
2176.0 1.2935176876310333e-05
2177.0 1.2935043779942181e-05
2178.0 1.2934910830760033e-05
2179.0 1.2934778028533652e-05
2180.0 1.2934645373033272e-05
2181.0 1.2934512864029587e-05
2182.0 1.2934380501293763e-05
2183.0 1.2934248284597412e-05
2184.0 1.2934116213712626e-05
2185.0 1.2933984288411942e-05
2186.0 1.2933852508468361e-05
2187.0 1.2933720873655346e-05
2188.0 1.2933589383746809e-05
2189.0 1.2933458038517122e-05
2190.0 1.2933326837741107e-05
2191.0 1.2933195781194047e-05
2192.0 1.2933064868651667e-05
2193.0 1.293293409989015e-05
2194.0 1.2932803474686126e-05
2195.0 1.2932672992816673e-05
2196.0 1.2932542654059318e-05
2197.0 1.2932412458192034e-05
2198.0 1.2932282404993238e-05
2199.0 1.2932152494241793e-05
2200.0 1.2932022725717007e-05
2201.0 1.2931893099198625e-05
2202.0 1.2931763614466834e-05
2203.0 1.2931634271302266e-05
2204.0 1.2931505069485985e-05
2205.0 1.2931376008799497e-05
2206.0 1.2931247089024744e-05
2207.0 1.29311183099441e-05
2208.0 1.2930989671340381e-05
2209.0 1.2930861172996829e-05
2210.0 1.2930732814697121e-05
2211.0 1.2930604596225367e-05
2212.0 1.2930476517366105e-05
2213.0 1.2930348577904305e-05
2214.0 1.293022077762536e-05
2215.0 1.2930093116315094e-05
2216.0 1.292996559375976e-05
2217.0 1.2929838209746029e-05
2218.0 1.2929710964060998e-05
2219.0 1.2929583856492192e-05
2220.0 1.2929456886827553e-05
2221.0 1.2929330054855447e-05
2222.0 1.2929203360364653e-05
2223.0 1.2929076803144378e-05
2224.0 1.292895038298424e-05
2225.0 1.292882409967428e-05
2226.0 1.292869795300495e-05
2227.0 1.2928571942767119e-05
2228.0 1.2928446068752067e-05
2229.0 1.2928320330751491e-05
2230.0 1.2928194728557496e-05
2231.0 1.29280692619626e-05
2232.0 1.2927943930759731e-05
2233.0 1.2927818734742224e-05
2234.0 1.2927693673703822e-05
2235.0 1.2927568747438677e-05
2236.0 1.2927443955741346e-05
2237.0 1.2927319298406786e-05
2238.0 1.292719477523037e-05
2239.0 1.2927070386007859e-05
2240.0 1.2926946130535425e-05
2241.0 1.2926822008609642e-05
2242.0 1.2926698020027478e-05
2243.0 1.2926574164586304e-05
2244.0 1.2926450442083889e-05
2245.0 1.2926326852318397e-05
2246.0 1.2926203395088388e-05
2247.0 1.292608007019282e-05
2248.0 1.2925956877431045e-05
2249.0 1.2925833816602807e-05
2250.0 1.2925710887508242e-05
2251.0 1.2925588089947876e-05
2252.0 1.2925465423722629e-05
2253.0 1.2925342888633811e-05
2254.0 1.2925220484483116e-05
2255.0 1.2925098211072627e-05
2256.0 1.2924976068204818e-05
2257.0 1.2924854055682545e-05
2258.0 1.2924732173309047e-05
2259.0 1.2924610420887953e-05
2260.0 1.2924488798223272e-05
2261.0 1.292436730511939e-05
2262.0 1.2924245941381083e-05
2263.0 1.2924124706813505e-05
2264.0 1.2924003601222184e-05
2265.0 1.2923882624413032e-05
2266.0 1.2923761776192336e-05
2267.0 1.2923641056366761e-05
2268.0 1.2923520464743347e-05
2269.0 1.292340000112951e-05
2270.0 1.2923279665333038e-05
2271.0 1.2923159457162096e-05
2272.0 1.2923039376425214e-05
2273.0 1.2922919422931302e-05
2274.0 1.2922799596489636e-05
2275.0 1.2922679896909859e-05
2276.0 1.2922560324001987e-05
2277.0 1.2922440877576403e-05
2278.0 1.2922321557443857e-05
2279.0 1.2922202363415464e-05
2280.0 1.2922083295302705e-05
2281.0 1.2921964352917423e-05
2282.0 1.292184553607183e-05
2283.0 1.2921726844578493e-05
2284.0 1.2921608278250349e-05
2285.0 1.2921489836900688e-05
2286.0 1.2921371520343168e-05
2287.0 1.2921253328391796e-05
2288.0 1.2921135260860952e-05
2289.0 1.2921017317565354e-05
2290.0 1.2920899498320099e-05
2291.0 1.292078180294062e-05
2292.0 1.2920664231242718e-05
2293.0 1.2920546783042539e-05
2294.0 1.2920429458156593e-05
2295.0 1.292031225640173e-05
2296.0 1.2920195177595162e-05
2297.0 1.2920078221554446e-05
2298.0 1.2919961388097491e-05
2299.0 1.2919844677042555e-05
2300.0 1.2919728088208245e-05
2301.0 1.2919611621413513e-05
2302.0 1.2919495276477661e-05
2303.0 1.2919379053220335e-05
2304.0 1.2919262951461526e-05
2305.0 1.2919146971021571e-05
2306.0 1.2919031111721146e-05
2307.0 1.2918915373381278e-05
2308.0 1.2918799755823324e-05
2309.0 1.2918684258868995e-05
2310.0 1.2918568882340333e-05
2311.0 1.2918453626059722e-05
2312.0 1.2918338489849886e-05
2313.0 1.2918223473533887e-05
2314.0 1.291810857693512e-05
2315.0 1.2917993799877322e-05
2316.0 1.2917879142184565e-05
2317.0 1.2917764603681249e-05
2318.0 1.2917650184192114e-05
2319.0 1.2917535883542233e-05
2320.0 1.2917421701557009e-05
2321.0 1.2917307638062179e-05
2322.0 1.291719369288381e-05
2323.0 1.2917079865848296e-05
2324.0 1.2916966156782365e-05
2325.0 1.291685256551307e-05
2326.0 1.2916739091867795e-05
2327.0 1.2916625735674252e-05
2328.0 1.291651249676047e-05
2329.0 1.2916399374954814e-05
2330.0 1.2916286370085971e-05
2331.0 1.2916173481982948e-05
2332.0 1.2916060710475077e-05
2333.0 1.291594805539202e-05
2334.0 1.2915835516563748e-05
2335.0 1.2915723093820561e-05
2336.0 1.291561078699308e-05
2337.0 1.2915498595912239e-05
2338.0 1.29153865204093e-05
2339.0 1.2915274560315832e-05
2340.0 1.2915162715463729e-05
2341.0 1.2915050985685203e-05
2342.0 1.2914939370812776e-05
2343.0 1.291482787067929e-05
2344.0 1.2914716485117892e-05
2345.0 1.2914605213962058e-05
2346.0 1.2914494057045567e-05
2347.0 1.2914383014202508e-05
2348.0 1.2914272085267288e-05
2349.0 1.2914161270074623e-05
2350.0 1.2914050568459536e-05
2351.0 1.2913939980257362e-05
2352.0 1.2913829505303747e-05
2353.0 1.2913719143434638e-05
2354.0 1.2913608894486296e-05
2355.0 1.2913498758295286e-05
2356.0 1.2913388734698479e-05
2357.0 1.2913278823533047e-05
2358.0 1.2913169024636474e-05
2359.0 1.2913059337846541e-05
2360.0 1.291294976300134e-05
2361.0 1.2912840299939255e-05
2362.0 1.291273094849898e-05
2363.0 1.2912621708519502e-05
2364.0 1.2912512579840119e-05
2365.0 1.2912403562300422e-05
2366.0 1.2912294655740297e-05
2367.0 1.2912185859999936e-05
2368.0 1.2912077174919824e-05
2369.0 1.2911968600340744e-05
2370.0 1.2911860136103778e-05
2371.0 1.2911751782050297e-05
2372.0 1.2911643538021972e-05
2373.0 1.2911535403860766e-05
2374.0 1.2911427379408937e-05
2375.0 1.2911319464509034e-05
2376.0 1.29112116590039e-05
2377.0 1.2911103962736671e-05
2378.0 1.2910996375550764e-05
2379.0 1.2910888897289898e-05
2380.0 1.2910781527798078e-05
2381.0 1.2910674266919594e-05
2382.0 1.291056711449903e-05
2383.0 1.291046007038125e-05
2384.0 1.2910353134411415e-05
2385.0 1.2910246306434961e-05
2386.0 1.2910139586297619e-05
2387.0 1.29100329738454e-05
2388.0 1.2909926468924598e-05
2389.0 1.2909820071381795e-05
2390.0 1.2909713781063853e-05
2391.0 1.2909607597817919e-05
2392.0 1.2909501521491416e-05
2393.0 1.2909395551932057e-05
2394.0 1.2909289688987828e-05
2395.0 1.2909183932506996e-05
2396.0 1.290907828233811e-05
2397.0 1.2908972738329997e-05
2398.0 1.2908867300331758e-05
2399.0 1.2908761968192778e-05
2400.0 1.2908656741762709e-05
2401.0 1.290855162089149e-05
2402.0 1.2908446605429327e-05
2403.0 1.290834169522671e-05
2404.0 1.2908236890134388e-05
2405.0 1.2908132190003402e-05
2406.0 1.290802759468505e-05
2407.0 1.2907923104030911e-05
2408.0 1.2907818717892837e-05
2409.0 1.2907714436122941e-05
2410.0 1.2907610258573623e-05
2411.0 1.2907506185097534e-05
2412.0 1.290740221554761e-05
2413.0 1.2907298349777047e-05
2414.0 1.290719458763931e-05
2415.0 1.2907090928988137e-05
2416.0 1.2906987373677524e-05
2417.0 1.290688392156174e-05
2418.0 1.2906780572495319e-05
2419.0 1.2906677326333058e-05
2420.0 1.290657418293002e-05
2421.0 1.2906471142141529e-05
2422.0 1.2906368203823176e-05
2423.0 1.2906265367830815e-05
2424.0 1.2906162634020559e-05
2425.0 1.2906060002248783e-05
2426.0 1.2905957472372125e-05
2427.0 1.2905855044247485e-05
2428.0 1.2905752717732016e-05
2429.0 1.2905650492683138e-05
2430.0 1.2905548368958522e-05
2431.0 1.2905446346416109e-05
2432.0 1.290534442491408e-05
2433.0 1.290524260431089e-05
2434.0 1.2905140884465243e-05
2435.0 1.2905039265236093e-05
2436.0 1.2904937746482662e-05
2437.0 1.2904836328064416e-05
2438.0 1.2904735009841079e-05
2439.0 1.2904633791672631e-05
2440.0 1.29045326734193e-05
2441.0 1.2904431654941571e-05
2442.0 1.2904330736100178e-05
2443.0 1.2904229916756105e-05
2444.0 1.2904129196770594e-05
2445.0 1.2904028576005127e-05
2446.0 1.2903928054321443e-05
2447.0 1.2903827631581525e-05
2448.0 1.2903727307647613e-05
2449.0 1.2903627082382186e-05
2450.0 1.290352695564797e-05
2451.0 1.2903426927307949e-05
2452.0 1.2903326997225341e-05
2453.0 1.2903227165263617e-05
2454.0 1.2903127431286489e-05
2455.0 1.2903027795157918e-05
2456.0 1.2902928256742108e-05
2457.0 1.2902828815903502e-05
2458.0 1.2902729472506791e-05
2459.0 1.2902630226416909e-05
2460.0 1.2902531077499029e-05
2461.0 1.2902432025618567e-05
2462.0 1.290233307064118e-05
2463.0 1.2902234212432766e-05
2464.0 1.2902135450859462e-05
2465.0 1.2902036785787643e-05
2466.0 1.2901938217083928e-05
2467.0 1.2901839744615167e-05
2468.0 1.2901741368248456e-05
2469.0 1.290164308785112e-05
2470.0 1.2901544903290728e-05
2471.0 1.2901446814435078e-05
2472.0 1.2901348821152214e-05
2473.0 1.2901250923310403e-05
2474.0 1.2901153120778156e-05
2475.0 1.2901055413424216e-05
2476.0 1.2900957801117556e-05
2477.0 1.2900860283727387e-05
2478.0 1.2900762861123148e-05
2479.0 1.2900665533174517e-05
2480.0 1.2900568299751395e-05
2481.0 1.290047116072392e-05
2482.0 1.2900374115962463e-05
2483.0 1.2900277165337616e-05
2484.0 1.290018030872021e-05
2485.0 1.2900083545981297e-05
2486.0 1.2899986876992167e-05
2487.0 1.2899890301624329e-05
2488.0 1.2899793819749525e-05
2489.0 1.2899697431239726e-05
2490.0 1.2899601135967122e-05
2491.0 1.2899504933804134e-05
2492.0 1.289940882462341e-05
2493.0 1.2899312808297824e-05
2494.0 1.2899216884700469e-05
2495.0 1.2899121053704666e-05
2496.0 1.289902531518396e-05
2497.0 1.2898929669012118e-05
2498.0 1.2898834115063131e-05
2499.0 1.2898738653211212e-05
2500.0 1.2898643283330794e-05
2501.0 1.2898548005296532e-05
2502.0 1.2898452818983306e-05
2503.0 1.2898357724266212e-05
2504.0 1.2898262721020563e-05
2505.0 1.28981678091219e-05
2506.0 1.2898072988445978e-05
2507.0 1.2897978258868768e-05
2508.0 1.2897883620266461e-05
2509.0 1.2897789072515472e-05
2510.0 1.2897694615492422e-05
2511.0 1.2897600249074158e-05
2512.0 1.2897505973137735e-05
2513.0 1.289741178756043e-05
2514.0 1.2897317692219732e-05
2515.0 1.2897223686993347e-05
2516.0 1.289712977175919e-05
2517.0 1.2897035946395402e-05
2518.0 1.2896942210780324e-05
2519.0 1.2896848564792512e-05
2520.0 1.2896755008310742e-05
2521.0 1.2896661541213998e-05
2522.0 1.2896568163381472e-05
2523.0 1.2896474874692572e-05
2524.0 1.2896381675026916e-05
2525.0 1.2896288564264326e-05
2526.0 1.2896195542284845e-05
2527.0 1.2896102608968715e-05
2528.0 1.289600976419639e-05
2529.0 1.2895917007848537e-05
2530.0 1.2895824339806024e-05
2531.0 1.2895731759949931e-05
2532.0 1.2895639268161543e-05
2533.0 1.2895546864322355e-05
2534.0 1.2895454548314059e-05
2535.0 1.2895362320018566e-05
2536.0 1.289527017931798e-05
2537.0 1.289517812609462e-05
2538.0 1.2895086160231001e-05
2539.0 1.2894994281609849e-05
2540.0 1.2894902490114088e-05
2541.0 1.2894810785626846e-05
2542.0 1.289471916803146e-05
2543.0 1.2894627637211459e-05
2544.0 1.2894536193050583e-05
2545.0 1.2894444835432768e-05
2546.0 1.2894353564242153e-05
2547.0 1.2894262379363073e-05
2548.0 1.2894171280680074e-05
2549.0 1.289408026807789e-05
2550.0 1.289398934144146e-05
2551.0 1.2893898500655923e-05
2552.0 1.289380774560661e-05
2553.0 1.289371707617906e-05
2554.0 1.2893626492259e-05
2555.0 1.2893535993732359e-05
2556.0 1.289344558048526e-05
2557.0 1.2893355252404029e-05
2558.0 1.289326500937518e-05
2559.0 1.2893174851285423e-05
2560.0 1.2893084778021668e-05
2561.0 1.2892994789471021e-05
2562.0 1.2892904885520773e-05
2563.0 1.2892815066058418e-05
2564.0 1.2892725330971637e-05
2565.0 1.2892635680148309e-05
2566.0 1.2892546113476504e-05
2567.0 1.2892456630844481e-05
2568.0 1.2892367232140697e-05
2569.0 1.2892277917253794e-05
2570.0 1.289218868607261e-05
2571.0 1.289209953848617e-05
2572.0 1.2892010474383694e-05
2573.0 1.2891921493654585e-05
2574.0 1.289183259618844e-05
2575.0 1.2891743781875046e-05
2576.0 1.2891655050604375e-05
2577.0 1.289156640226659e-05
2578.0 1.289147783675204e-05
2579.0 1.2891389353951262e-05
2580.0 1.2891300953754978e-05
2581.0 1.2891212636054105e-05
2582.0 1.2891124400739734e-05
2583.0 1.289103624770315e-05
2584.0 1.2890948176835822e-05
2585.0 1.2890860188029404e-05
2586.0 1.2890772281175735e-05
2587.0 1.2890684456166835e-05
2588.0 1.289059671289491e-05
2589.0 1.2890509051252354e-05
2590.0 1.2890421471131736e-05
2591.0 1.2890333972425815e-05
2592.0 1.2890246555027527e-05
2593.0 1.2890159218829995e-05
2594.0 1.2890071963726521e-05
2595.0 1.2889984789610585e-05
2596.0 1.2889897696375852e-05
2597.0 1.288981068391617e-05
2598.0 1.2889723752125561e-05
2599.0 1.288963690089823e-05
2600.0 1.2889550130128561e-05
2601.0 1.2889463439711118e-05
2602.0 1.288937682954064e-05
2603.0 1.2889290299512051e-05
2604.0 1.2889203849520446e-05
2605.0 1.2889117479461099e-05
2606.0 1.2889031189229466e-05
2607.0 1.2888944978721173e-05
2608.0 1.2888858847832028e-05
2609.0 1.2888772796458012e-05
2610.0 1.288868682449528e-05
2611.0 1.288860093184017e-05
2612.0 1.2888515118389185e-05
2613.0 1.2888429384039008e-05
2614.0 1.28883437286865e-05
2615.0 1.2888258152228685e-05
2616.0 1.288817265456277e-05
2617.0 1.2888087235586133e-05
2618.0 1.2888001895196325e-05
2619.0 1.2887916633291062e-05
2620.0 1.2887831449768246e-05
2621.0 1.288774634452594e-05
2622.0 1.288766131746238e-05
2623.0 1.2887576368475976e-05
2624.0 1.288749149746531e-05
2625.0 1.2887406704329127e-05
2626.0 1.2887321988966349e-05
2627.0 1.2887237351276066e-05
2628.0 1.2887152791157534e-05
2629.0 1.2887068308510184e-05
2630.0 1.2886983903233611e-05
2631.0 1.2886899575227575e-05
2632.0 1.2886815324392014e-05
2633.0 1.2886731150627025e-05
2634.0 1.2886647053832874e-05
2635.0 1.2886563033909995e-05
2636.0 1.2886479090758993e-05
2637.0 1.2886395224280627e-05
2638.0 1.2886311434375833e-05
2639.0 1.2886227720945709e-05
2640.0 1.2886144083891518e-05
2641.0 1.2886060523114686e-05
2642.0 1.2885977038516806e-05
2643.0 1.2885893629999635e-05
2644.0 1.2885810297465095e-05
2645.0 1.2885727040815268e-05
2646.0 1.2885643859952397e-05
2647.0 1.2885560754778896e-05
2648.0 1.2885477725197337e-05
2649.0 1.2885394771110452e-05
2650.0 1.2885311892421138e-05
2651.0 1.2885229089032452e-05
2652.0 1.2885146360847613e-05
2653.0 1.2885063707770002e-05
2654.0 1.2884981129703158e-05
2655.0 1.288489862655078e-05
2656.0 1.2884816198216727e-05
2657.0 1.288473384460502e-05
2658.0 1.288465156561984e-05
2659.0 1.288456936116552e-05
2660.0 1.2884487231146558e-05
2661.0 1.2884405175467608e-05
2662.0 1.2884323194033484e-05
2663.0 1.2884241286749154e-05
2664.0 1.2884159453519743e-05
2665.0 1.288407769425054e-05
2666.0 1.2883996008846983e-05
2667.0 1.2883914397214666e-05
2668.0 1.2883832859259347e-05
2669.0 1.288375139488693e-05
2670.0 1.2883670004003482e-05
2671.0 1.288358868651522e-05
2672.0 1.2883507442328518e-05
2673.0 1.2883426271349907e-05
2674.0 1.2883345173486063e-05
2675.0 1.2883264148643827e-05
2676.0 1.2883183196730187e-05
2677.0 1.2883102317652286e-05
2678.0 1.288302151131742e-05
2679.0 1.2882940777633033e-05
2680.0 1.288286011650673e-05
2681.0 1.2882779527846263e-05
2682.0 1.288269901155953e-05
2683.0 1.2882618567554594e-05
2684.0 1.2882538195739656e-05
2685.0 1.2882457896023075e-05
2686.0 1.2882377668313357e-05
2687.0 1.2882297512519162e-05
2688.0 1.2882217428549293e-05
2689.0 1.2882137416312709e-05
2690.0 1.2882057475718517e-05
2691.0 1.288197760667597e-05
2692.0 1.2881897809094472e-05
2693.0 1.2881818082883575e-05
2694.0 1.2881738427952978e-05
2695.0 1.2881658844212528e-05
2696.0 1.2881579331572223e-05
2697.0 1.2881499889942202e-05
2698.0 1.2881420519232755e-05
2699.0 1.2881341219354317e-05
2700.0 1.2881261990217468e-05
2701.0 1.2881182831732937e-05
2702.0 1.2881103743811597e-05
2703.0 1.2881024726364469e-05
2704.0 1.2880945779302713e-05
2705.0 1.2880866902537638e-05
2706.0 1.2880788095980697e-05
2707.0 1.288070935954349e-05
2708.0 1.2880630693137754e-05
2709.0 1.2880552096675377e-05
2710.0 1.2880473570068384e-05
2711.0 1.2880395113228946e-05
2712.0 1.2880316726069378e-05
2713.0 1.2880238408502138e-05
2714.0 1.2880160160439822e-05
2715.0 1.2880081981795173e-05
2716.0 1.288000387248107e-05
2717.0 1.2879925832410536e-05
2718.0 1.2879847861496736e-05
2719.0 1.2879769959652978e-05
2720.0 1.2879692126792705e-05
2721.0 1.2879614362829507e-05
2722.0 1.2879536667677105e-05
2723.0 1.2879459041249367e-05
2724.0 1.2879381483460296e-05
2725.0 1.2879303994224038e-05
2726.0 1.2879226573454874e-05
2727.0 1.287914922106723e-05
2728.0 1.287907193697566e-05
2729.0 1.2878994721094867e-05
2730.0 1.2878917573339683e-05
2731.0 1.2878840493625085e-05
2732.0 1.287876348186618e-05
2733.0 1.2878686537978214e-05
2734.0 1.2878609661876573e-05
2735.0 1.2878532853476779e-05
2736.0 1.2878456112694484e-05
2737.0 1.2878379439445485e-05
2738.0 1.2878302833645707e-05
2739.0 1.2878226295211214e-05
2740.0 1.2878149824058204e-05
2741.0 1.2878073420103008e-05
2742.0 1.2877997083262098e-05
2743.0 1.287792081345207e-05
2744.0 1.2877844610589666e-05
2745.0 1.2877768474591749e-05
2746.0 1.2877692405375327e-05
2747.0 1.2877616402857534e-05
2748.0 1.287754046695564e-05
2749.0 1.2877464597587043e-05
2750.0 1.2877388794669283e-05
2751.0 1.2877313058120023e-05
2752.0 1.287723738785706e-05
2753.0 1.2877161783798327e-05
2754.0 1.2877086245861881e-05
2755.0 1.287701077396592e-05
2756.0 1.2876935368028761e-05
2757.0 1.2876860027968861e-05
2758.0 1.2876784753704805e-05
2759.0 1.2876709545155304e-05
2760.0 1.2876634402239205e-05
2761.0 1.2876559324875481e-05
2762.0 1.2876484312983235e-05
2763.0 1.2876409366481697e-05
2764.0 1.287633448529023e-05
2765.0 1.287625966932832e-05
2766.0 1.287618491851559e-05
2767.0 1.2876110232771782e-05
2768.0 1.287603561201677e-05
2769.0 1.2875961056170556e-05
2770.0 1.2875886565153267e-05
2771.0 1.2875812138885162e-05
2772.0 1.2875737777286622e-05
2773.0 1.2875663480278152e-05
2774.0 1.2875589247780392e-05
2775.0 1.2875515079714101e-05
2776.0 1.287544097600017e-05
2777.0 1.2875366936559604e-05
2778.0 1.2875292961313547e-05
2779.0 1.2875219050183262e-05
2780.0 1.2875145203090137e-05
2781.0 1.2875071419955681e-05
2782.0 1.2874997700701536e-05
2783.0 1.2874924045249459e-05
2784.0 1.287485045352134e-05
2785.0 1.2874776925439182e-05
2786.0 1.2874703460925122e-05
2787.0 1.2874630059901412e-05
2788.0 1.2874556722290434e-05
2789.0 1.2874483448014683e-05
2790.0 1.287441023699679e-05
2791.0 1.2874337089159494e-05
2792.0 1.2874264004425665e-05
2793.0 1.2874190982718293e-05
2794.0 1.287411802396049e-05
2795.0 1.2874045128075485e-05
2796.0 1.2873972294986633e-05
2797.0 1.2873899524617407e-05
2798.0 1.2873826816891405e-05
2799.0 1.2873754171732338e-05
2800.0 1.287368158906404e-05
2801.0 1.2873609068810471e-05
2802.0 1.2873536610895703e-05
2803.0 1.2873464215243928e-05
2804.0 1.287339188177946e-05
2805.0 1.2873319610426732e-05
2806.0 1.2873247401110297e-05
2807.0 1.287317525375482e-05
2808.0 1.2873103168285091e-05
2809.0 1.2873031144626014e-05
2810.0 1.2872959182702614e-05
2811.0 1.2872887282440032e-05
2812.0 1.2872815443763527e-05
2813.0 1.287274366659847e-05
2814.0 1.2872671950870359e-05
2815.0 1.28726002965048e-05
2816.0 1.2872528703427521e-05
2817.0 1.2872457171564362e-05
2818.0 1.2872385700841279e-05
2819.0 1.2872314291184349e-05
2820.0 1.2872242942519758e-05
2821.0 1.2872171654773813e-05
2822.0 1.2872100427872933e-05
2823.0 1.287202926174365e-05
2824.0 1.2871958156312619e-05
2825.0 1.28718871115066e-05
2826.0 1.287181612725247e-05
2827.0 1.2871745203477221e-05
2828.0 1.287167434010796e-05
2829.0 1.2871603537071908e-05
2830.0 1.2871532794296396e-05
2831.0 1.2871462111708868e-05
2832.0 1.2871391489236886e-05
2833.0 1.2871320926808118e-05
2834.0 1.2871250424350352e-05
2835.0 1.2871179981791483e-05
2836.0 1.2871109599059518e-05
2837.0 1.2871039276082579e-05
2838.0 1.2870969012788896e-05
2839.0 1.2870898809106815e-05
2840.0 1.287082866496479e-05
2841.0 1.2870758580291385e-05
2842.0 1.2870688555015278e-05
2843.0 1.2870618589065254e-05
2844.0 1.2870548682370216e-05
2845.0 1.2870478834859162e-05
2846.0 1.287040904646122e-05
2847.0 1.2870339317105611e-05
2848.0 1.2870269646721673e-05
2849.0 1.2870200035238855e-05
2850.0 1.2870130482586708e-05
2851.0 1.28700609886949e-05
2852.0 1.2869991553493202e-05
2853.0 1.2869922176911497e-05
2854.0 1.2869852858879771e-05
2855.0 1.2869783599328128e-05
2856.0 1.286971439818677e-05
2857.0 1.2869645255386011e-05
2858.0 1.2869576170856272e-05
2859.0 1.2869507144528083e-05
2860.0 1.2869438176332078e-05
2861.0 1.2869369266198999e-05
2862.0 1.2869300414059697e-05
2863.0 1.2869231619845125e-05
2864.0 1.2869162883486345e-05
2865.0 1.2869094204914524e-05
2866.0 1.2869025584060942e-05
2867.0 1.2868957020856969e-05
2868.0 1.2868888515234098e-05
2869.0 1.2868820067123913e-05
2870.0 1.2868751676458114e-05
2871.0 1.2868683343168498e-05
2872.0 1.286861506718697e-05
2873.0 1.286854684844554e-05
2874.0 1.2868478686876324e-05
2875.0 1.2868410582411536e-05
2876.0 1.2868342534983499e-05
2877.0 1.2868274544524636e-05
2878.0 1.286820661096748e-05
2879.0 1.2868138734244661e-05
2880.0 1.2868070914288914e-05
2881.0 1.2868003151033075e-05
2882.0 1.2867935444410091e-05
2883.0 1.2867867794353001e-05
2884.0 1.2867800200794951e-05
2885.0 1.2867732663669187e-05
2886.0 1.2867665182909063e-05
2887.0 1.286759775844803e-05
2888.0 1.286753039021964e-05
2889.0 1.2867463078157545e-05
2890.0 1.2867395822195508e-05
2891.0 1.2867328622267379e-05
2892.0 1.2867261478307118e-05
2893.0 1.2867194390248785e-05
2894.0 1.2867127358026537e-05
2895.0 1.2867060381574632e-05
2896.0 1.2866993460827433e-05
2897.0 1.2866926595719395e-05
2898.0 1.286685978618508e-05
2899.0 1.2866793032159143e-05
2900.0 1.2866726333576343e-05
2901.0 1.2866659690371538e-05
2902.0 1.2866593102479681e-05
2903.0 1.2866526569835829e-05
2904.0 1.2866460092375133e-05
2905.0 1.2866393670032847e-05
2906.0 1.2866327302744318e-05
2907.0 1.2866260990444996e-05
2908.0 1.2866194733070425e-05
2909.0 1.2866128530556248e-05
2910.0 1.2866062382838204e-05
2911.0 1.2865996289852136e-05
2912.0 1.2865930251533976e-05
2913.0 1.2865864267819756e-05
2914.0 1.2865798338645608e-05
2915.0 1.2865732463947755e-05
2916.0 1.2865666643662518e-05
2917.0 1.2865600877726315e-05
2918.0 1.2865535166075663e-05
2919.0 1.286546950864717e-05
2920.0 1.2865403905377543e-05
2921.0 1.2865338356203583e-05
2922.0 1.2865272861062187e-05
2923.0 1.2865207419890347e-05
2924.0 1.2865142032625146e-05
2925.0 1.2865076699203771e-05
2926.0 1.2865011419563496e-05
2927.0 1.2864946193641693e-05
2928.0 1.2864881021375826e-05
2929.0 1.2864815902703454e-05
2930.0 1.286475083756223e-05
2931.0 1.28646858258899e-05
2932.0 1.2864620867624308e-05
2933.0 1.2864555962703386e-05
2934.0 1.286449111106516e-05
2935.0 1.2864426312647753e-05
2936.0 1.2864361567389377e-05
2937.0 1.2864296875228335e-05
2938.0 1.2864232236103031e-05
2939.0 1.2864167649951951e-05
2940.0 1.2864103116713682e-05
2941.0 1.2864038636326898e-05
2942.0 1.2863974208730366e-05
2943.0 1.2863909833862942e-05
2944.0 1.2863845511663583e-05
2945.0 1.2863781242071323e-05
2946.0 1.2863717025025299e-05
2947.0 1.2863652860464737e-05
2948.0 1.2863588748328949e-05
2949.0 1.2863524688557342e-05
2950.0 1.2863460681089412e-05
2951.0 1.2863396725864744e-05
2952.0 1.2863332822823018e-05
2953.0 1.2863268971903998e-05
2954.0 1.2863205173047541e-05
2955.0 1.2863141426193597e-05
2956.0 1.2863077731282198e-05
2957.0 1.2863014088253471e-05
2958.0 1.286295049704763e-05
2959.0 1.286288695760498e-05
2960.0 1.2862823469865913e-05
2961.0 1.2862760033770911e-05
2962.0 1.2862696649260543e-05
2963.0 1.2862633316275468e-05
2964.0 1.2862570034756432e-05
2965.0 1.2862506804644272e-05
2966.0 1.2862443625879909e-05
2967.0 1.2862380498404353e-05
2968.0 1.2862317422158704e-05
2969.0 1.2862254397084144e-05
2970.0 1.2862191423121952e-05
2971.0 1.286212850021348e-05
2972.0 1.2862065628300183e-05
2973.0 1.2862002807323589e-05
2974.0 1.2861940037225323e-05
2975.0 1.2861877317947086e-05
2976.0 1.2861814649430678e-05
2977.0 1.2861752031617978e-05
2978.0 1.2861689464450946e-05
2979.0 1.2861626947871637e-05
2980.0 1.2861564481822189e-05
2981.0 1.2861502066244825e-05
2982.0 1.2861439701081849e-05
2983.0 1.2861377386275658e-05
2984.0 1.2861315121768732e-05
2985.0 1.2861252907503631e-05
2986.0 1.2861190743423005e-05
2987.0 1.2861128629469588e-05
2988.0 1.2861066565586196e-05
2989.0 1.2861004551715732e-05
2990.0 1.286094258780118e-05
2991.0 1.2860880673785612e-05
2992.0 1.2860818809612178e-05
2993.0 1.2860756995224123e-05
2994.0 1.286069523056476e-05
2995.0 1.28606335155775e-05
2996.0 1.2860571850205827e-05
2997.0 1.2860510234393314e-05
2998.0 1.2860448668083615e-05
2999.0 1.2860387151220466e-05
3000.0 1.2860325683747687e-05
3001.0 1.2860264265609177e-05
3002.0 1.2860202896748928e-05
3003.0 1.2860141577111e-05
3004.0 1.2860080306639545e-05
3005.0 1.2860019085278792e-05
3006.0 1.2859957912973052e-05
3007.0 1.2859896789666722e-05
3008.0 1.2859835715304278e-05
3009.0 1.2859774689830274e-05
3010.0 1.2859713713189352e-05
3011.0 1.2859652785326226e-05
3012.0 1.28595919061857e-05
3013.0 1.2859531075712656e-05
3014.0 1.285947029385205e-05
3015.0 1.285940956054893e-05
3016.0 1.2859348875748417e-05
3017.0 1.285928823939571e-05
3018.0 1.2859227651436097e-05
3019.0 1.2859167111814936e-05
3020.0 1.285910662047767e-05
3021.0 1.2859046177369822e-05
3022.0 1.2858985782436994e-05
3023.0 1.2858925435624864e-05
3024.0 1.2858865136879194e-05
3025.0 1.2858804886145822e-05
3026.0 1.2858744683370666e-05
3027.0 1.2858684528499721e-05
3028.0 1.2858624421479066e-05
3029.0 1.285856436225485e-05
3030.0 1.285850435077331e-05
3031.0 1.2858444386980752e-05
3032.0 1.2858384470823567e-05
3033.0 1.2858324602248217e-05
3034.0 1.2858264781201254e-05
3035.0 1.2858205007629292e-05
3036.0 1.2858145281479033e-05
3037.0 1.2858085602697251e-05
3038.0 1.2858025971230804e-05
3039.0 1.2857966387026623e-05
3040.0 1.285790685003171e-05
3041.0 1.2857847360193156e-05
3042.0 1.2857787917458118e-05
3043.0 1.2857728521773836e-05
3044.0 1.2857669173087624e-05
3045.0 1.285760987134687e-05
3046.0 1.2857550616499046e-05
3047.0 1.285749140849169e-05
3048.0 1.2857432247272423e-05
3049.0 1.2857373132788938e-05
3050.0 1.2857314064989006e-05
3051.0 1.285725504382047e-05
3052.0 1.2857196069231254e-05
3053.0 1.2857137141169352e-05
3054.0 1.2857078259582836e-05
3055.0 1.2857019424419849e-05
3056.0 1.2856960635628617e-05
3057.0 1.2856901893157432e-05
3058.0 1.2856843196954662e-05
3059.0 1.2856784546968756e-05
3060.0 1.2856725943148227e-05
3061.0 1.2856667385441675e-05
3062.0 1.285660887379776e-05
3063.0 1.2856550408165228e-05
3064.0 1.2856491988492889e-05
3065.0 1.2856433614729633e-05
3066.0 1.285637528682442e-05
3067.0 1.2856317004726289e-05
3068.0 1.2856258768384345e-05
3069.0 1.2856200577747767e-05
3070.0 1.2856142432765815e-05
3071.0 1.2856084333387811e-05
3072.0 1.2856026279563158e-05
3073.0 1.2855968271241323e-05
3074.0 1.2855910308371859e-05
3075.0 1.2855852390904377e-05
3076.0 1.285579451878857e-05
3077.0 1.2855736691974194e-05
3078.0 1.2855678910411091e-05
3079.0 1.2855621174049159e-05
3080.0 1.2855563482838377e-05
3081.0 1.2855505836728791e-05
3082.0 1.2855448235670528e-05
3083.0 1.2855390679613773e-05
3084.0 1.285533316850879e-05
3085.0 1.2855275702305913e-05
3086.0 1.2855218280955546e-05
3087.0 1.2855160904408166e-05
3088.0 1.2855103572614318e-05
3089.0 1.2855046285524617e-05
3090.0 1.2854989043089753e-05
3091.0 1.2854931845260483e-05
3092.0 1.285487469198763e-05
3093.0 1.2854817583222097e-05
3094.0 1.285476051891485e-05
3095.0 1.2854703499016927e-05
3096.0 1.2854646523479433e-05
3097.0 1.2854589592253547e-05
3098.0 1.2854532705290514e-05
3099.0 1.2854475862541652e-05
3100.0 1.2854419063958344e-05
