2.0 1.1910240561518704e-07
3.0 1.602041213974233e-07
4.0 1.9843078696740163e-07
5.0 2.3381805908794527e-07
6.0 2.6640108870124315e-07
7.0 2.9635370164278875e-07
8.0 3.238838167747163e-07
9.0 3.4893931784701586e-07
10.0 3.719751332858155e-07
11.0 3.9306032689507556e-07
12.0 4.118513171947558e-07
13.0 4.293363121602026e-07
14.0 4.449875385892682e-07
15.0 4.589231557153718e-07
16.0 4.718561677871567e-07
17.0 4.83298378651824e-07
18.0 4.930835737983552e-07
19.0 5.018252560671136e-07
20.0 5.098105493310018e-07
21.0 5.165366341687687e-07
22.0 5.222022938642171e-07
23.0 5.268467088184799e-07
24.0 5.302448689581263e-07
25.0 5.333521862562909e-07
26.0 5.354440703635557e-07
27.0 5.372492993887831e-07
28.0 5.374451919896361e-07
29.0 5.375190264704589e-07
30.0 5.362474258164128e-07
31.0 5.349758251623666e-07
32.0 5.330422584779032e-07
33.0 5.309972167025381e-07
34.0 5.284051822485513e-07
35.0 5.251632489976716e-07
36.0 5.21921315746792e-07
37.0 5.177508292578207e-07
38.0 5.134457238835513e-07
39.0 5.091055994671415e-07
40.0 5.044145924051395e-07
41.0 4.997235853431379e-07
42.0 4.950093801814967e-07
43.0 4.900710089103635e-07
44.0 4.851326376392304e-07
45.0 4.80194266368097e-07
46.0 4.750463560099586e-07
47.0 4.6986601621502134e-07
48.0 4.64685676420084e-07
49.0 4.5949348512564006e-07
50.0 4.5428272193530806e-07
51.0 4.4907195874497606e-07
52.0 4.4386119555464406e-07
53.0 4.388215594857984e-07
54.0 4.3387596251483105e-07
55.0 4.2893036554386367e-07
56.0 4.239847685728963e-07
57.0 4.192263274484465e-07
58.0 4.1458615685877953e-07
59.0 4.0994598626911273e-07
60.0 4.0530581567944577e-07
61.0 4.0071621540825854e-07
62.0 3.9626363951405524e-07
63.0 3.9181106361985183e-07
64.0 3.873584877256485e-07
65.0 3.829059118314451e-07
66.0 3.786397421072747e-07
67.0 3.745021250884059e-07
68.0 3.7036450806953726e-07
69.0 3.662268910506686e-07
70.0 3.6208927403179984e-07
71.0 3.581767426262604e-07
72.0 3.5444555385092905e-07
73.0 3.5071436507559753e-07
74.0 3.46983176300266e-07
75.0 3.4325198752493455e-07
76.0 3.395506944615668e-07
77.0 3.360535534358393e-07
78.0 3.325564124101118e-07
79.0 3.2905927138438436e-07
80.0 3.2556213035865684e-07
81.0 3.220649893329293e-07
82.0 3.1864142549199954e-07
83.0 3.15403622175004e-07
84.0 3.121658188580085e-07
85.0 3.089280155410129e-07
86.0 3.0569021222401746e-07
87.0 3.024524089070219e-07
88.0 2.992146055900264e-07
89.0 2.963316502148537e-07
90.0 2.934524393882505e-07
91.0 2.9057322856164727e-07
92.0 2.876940177350442e-07
93.0 2.84814806908441e-07
94.0 2.819355960818379e-07
95.0 2.7910420734319453e-07
96.0 2.7645207248787225e-07
97.0 2.7379993763255e-07
98.0 2.7114780277722775e-07
99.0 2.684956679219055e-07
100.0 2.658435330665832e-07
101.0 2.63191398211261e-07
102.0 2.6053926335593876e-07
103.0 2.5807081506458835e-07
104.0 2.556206455062726e-07
105.0 2.531704759479569e-07
106.0 2.5072030638964115e-07
107.0 2.4827013683132547e-07
108.0 2.4581996727300973e-07
109.0 2.4336979771469405e-07
110.0 2.4093395400835214e-07
111.0 2.387950255613052e-07
112.0 2.3665609711425835e-07
113.0 2.3451716866721143e-07
114.0 2.323782402201645e-07
115.0 2.302393117731176e-07
116.0 2.281003833260707e-07
117.0 2.2596145487902377e-07
118.0 2.238225264319768e-07
119.0 2.2180405151418435e-07
120.0 2.1987392435445257e-07
121.0 2.1794379719472084e-07
122.0 2.160136700349891e-07
123.0 2.1408354287525734e-07
124.0 2.1215341571552563e-07
125.0 2.1022328855579388e-07
126.0 2.0829316139606215e-07
127.0 2.0636303423633042e-07
128.0 2.0450443645596123e-07
129.0 2.0273137775293794e-07
130.0 2.009583190499146e-07
131.0 1.9918526034689132e-07
132.0 1.97412201643868e-07
133.0 1.9563914294084466e-07
134.0 1.9386608423782132e-07
135.0 1.9209302553479803e-07
136.0 1.903199668317747e-07
137.0 1.8854690812875135e-07
138.0 1.869337645093654e-07
139.0 1.8541399775736205e-07
140.0 1.8389423100535868e-07
141.0 1.823744642533553e-07
142.0 1.8085469750135187e-07
143.0 1.7933493074934852e-07
144.0 1.7781516399734518e-07
145.0 1.7629539724534179e-07
146.0 1.7477563049333836e-07
147.0 1.73255863741335e-07
148.0 1.7174561024046577e-07
149.0 1.7041385813714487e-07
150.0 1.6908210603382392e-07
151.0 1.6775035393050303e-07
152.0 1.6641860182718208e-07
153.0 1.6508684972386116e-07
154.0 1.637550976205402e-07
155.0 1.6242334551721931e-07
156.0 1.6109159341389836e-07
157.0 1.5975984131057744e-07
158.0 1.5842808920725652e-07
159.0 1.570963371039356e-07
160.0 1.5584015728973361e-07
161.0 1.5462380502543312e-07
162.0 1.5340745276113263e-07
163.0 1.5219110049683213e-07
164.0 1.5097474823253164e-07
165.0 1.4975839596823112e-07
166.0 1.4854204370393063e-07
167.0 1.4732569143963016e-07
168.0 1.4610933917532964e-07
169.0 1.4489298691102917e-07
170.0 1.4367663464672868e-07
171.0 1.4246028238242816e-07
172.0 1.4131716514261953e-07
173.0 1.4029282986537787e-07
174.0 1.3926849458813618e-07
175.0 1.3824415931089452e-07
176.0 1.3721982403365283e-07
177.0 1.361954887564112e-07
178.0 1.3517115347916952e-07
179.0 1.3414681820192786e-07
180.0 1.3312248292468617e-07
181.0 1.3209814764744454e-07
182.0 1.3107381237020288e-07
183.0 1.300494770929612e-07
184.0 1.290251418157195e-07
185.0 1.2802572234513811e-07
186.0 1.2715465289611092e-07
187.0 1.2628358344708375e-07
188.0 1.2541251399805656e-07
189.0 1.2454144454902936e-07
190.0 1.2367037510000222e-07
191.0 1.2279930565097503e-07
192.0 1.2192823620194784e-07
193.0 1.2105716675292067e-07
194.0 1.2018609730389345e-07
195.0 1.193150278548663e-07
196.0 1.184439584058391e-07
197.0 1.1757288895681193e-07
198.0 1.1670181950778475e-07
199.0 1.1583075005875757e-07
200.0 1.1503633580894619e-07
201.0 1.1424808674206434e-07
202.0 1.1345983767518252e-07
203.0 1.1267158860830069e-07
204.0 1.1188333954141888e-07
205.0 1.1109509047453703e-07
206.0 1.103068414076552e-07
207.0 1.0951859234077338e-07
208.0 1.0873034327389157e-07
209.0 1.0794209420700974e-07
210.0 1.0715384514012789e-07
211.0 1.0636559607324605e-07
212.0 1.0557734700636424e-07
213.0 1.0478909793948239e-07
214.0 1.040008488726006e-07
215.0 1.0329005694207916e-07
216.0 1.026326575168795e-07
217.0 1.0197525809167984e-07
218.0 1.0131785866648021e-07
219.0 1.0066045924128054e-07
220.0 1.0000305981608087e-07
221.0 9.93456603908812e-08
222.0 9.868826096568156e-08
223.0 9.803086154048189e-08
224.0 9.737346211528222e-08
225.0 9.671606269008255e-08
226.0 9.605866326488291e-08
227.0 9.540126383968324e-08
228.0 9.474386441448357e-08
229.0 9.40864649892839e-08
230.0 9.342906556408423e-08
231.0 9.278060963356446e-08
232.0 9.223892646812059e-08
233.0 9.169724330267677e-08
234.0 9.115556013723295e-08
235.0 9.061387697178909e-08
236.0 9.007219380634526e-08
237.0 8.953051064090142e-08
238.0 8.89888274754576e-08
239.0 8.844714431001376e-08
240.0 8.790546114456993e-08
241.0 8.736377797912609e-08
242.0 8.682209481368223e-08
243.0 8.628041164823842e-08
244.0 8.573872848279458e-08
245.0 8.519704531735074e-08
246.0 8.46553621519069e-08
247.0 8.411367898646307e-08
248.0 8.357199582101924e-08
249.0 8.304687345112494e-08
250.0 8.256218103518251e-08
251.0 8.207748861924012e-08
252.0 8.159279620329771e-08
253.0 8.110810378735531e-08
254.0 8.062341137141291e-08
255.0 8.01387189554705e-08
256.0 7.96540265395281e-08
257.0 7.916933412358569e-08
258.0 7.868464170764329e-08
259.0 7.819994929170089e-08
260.0 7.771525687575848e-08
261.0 7.723056445981608e-08
262.0 7.674587204387368e-08
263.0 7.626117962793128e-08
264.0 7.577648721198886e-08
265.0 7.529179479604645e-08
266.0 7.480710238010407e-08
267.0 7.432240996416165e-08
268.0 7.384883326258709e-08
269.0 7.344717112398038e-08
270.0 7.304550898537364e-08
271.0 7.264384684676693e-08
272.0 7.22421847081602e-08
273.0 7.184052256955349e-08
274.0 7.143886043094677e-08
275.0 7.103719829234006e-08
276.0 7.063553615373331e-08
277.0 7.02338740151266e-08
278.0 6.983221187651988e-08
279.0 6.943054973791319e-08
280.0 6.902888759930645e-08
281.0 6.862722546069974e-08
282.0 6.822556332209301e-08
283.0 6.78239011834863e-08
284.0 6.742223904487958e-08
285.0 6.702057690627287e-08
286.0 6.661891476766613e-08
287.0 6.621725262905941e-08
288.0 6.581559049045268e-08
289.0 6.545362190102223e-08
290.0 6.513108925546792e-08
291.0 6.48085566099136e-08
292.0 6.44860239643593e-08
293.0 6.416349131880497e-08
294.0 6.384095867325067e-08
295.0 6.351842602769636e-08
296.0 6.319589338214204e-08
297.0 6.287336073658773e-08
298.0 6.255082809103342e-08
299.0 6.222829544547912e-08
300.0 6.19057627999248e-08
301.0 6.158323015437049e-08
302.0 6.126069750881615e-08
303.0 6.093816486326185e-08
304.0 6.061563221770753e-08
305.0 6.029309957215322e-08
306.0 5.997056692659891e-08
307.0 5.96480342810446e-08
308.0 5.932550163549029e-08
309.0 5.9002968989935974e-08
310.0 5.868043634438166e-08
311.0 5.836871313362991e-08
312.0 5.808475915773874e-08
313.0 5.7800805181847574e-08
314.0 5.75168512059564e-08
315.0 5.7232897230065223e-08
316.0 5.694894325417405e-08
317.0 5.666498927828288e-08
318.0 5.638103530239171e-08
319.0 5.6097081326500535e-08
320.0 5.5813127350609346e-08
321.0 5.552917337471818e-08
322.0 5.5245219398827e-08
323.0 5.496126542293584e-08
324.0 5.467731144704467e-08
325.0 5.43933574711535e-08
326.0 5.410940349526232e-08
327.0 5.3825449519371144e-08
328.0 5.3541495543479975e-08
329.0 5.3257541567588806e-08
330.0 5.297358759169763e-08
331.0 5.2689633615806455e-08
332.0 5.240567963991527e-08
333.0 5.212172566402411e-08
334.0 5.183777168813293e-08
335.0 5.157047923996786e-08
336.0 5.133451881044621e-08
337.0 5.1098558380924565e-08
338.0 5.086259795140293e-08
339.0 5.062663752188127e-08
340.0 5.0390677092359636e-08
341.0 5.015471666283799e-08
342.0 4.9918756233316344e-08
343.0 4.96827958037947e-08
344.0 4.944683537427305e-08
345.0 4.921087494475141e-08
346.0 4.897491451522976e-08
347.0 4.8738954085708116e-08
348.0 4.850299365618648e-08
349.0 4.8267033226664824e-08
350.0 4.803107279714319e-08
351.0 4.779511236762155e-08
352.0 4.755915193809989e-08
353.0 4.732319150857826e-08
354.0 4.7087231079056617e-08
355.0 4.6851270649534974e-08
356.0 4.6615310220013324e-08
357.0 4.6379349790491675e-08
358.0 4.614338936097003e-08
359.0 4.590742893144838e-08
360.0 4.5671468501926746e-08
361.0 4.5464611324649473e-08
362.0 4.527964637565498e-08
363.0 4.509468142666048e-08
364.0 4.4909716477665985e-08
365.0 4.4724751528671487e-08
366.0 4.453978657967699e-08
367.0 4.435482163068248e-08
368.0 4.416985668168799e-08
369.0 4.398489173269349e-08
370.0 4.3799926783699e-08
371.0 4.36149618347045e-08
372.0 4.342999688571e-08
373.0 4.3245031936715506e-08
374.0 4.3060066987721e-08
375.0 4.28751020387265e-08
376.0 4.269013708973201e-08
377.0 4.2505172140737506e-08
378.0 4.232020719174301e-08
379.0 4.2135242242748516e-08
380.0 4.195027729375402e-08
381.0 4.176531234475951e-08
382.0 4.1580347395765015e-08
383.0 4.139538244677052e-08
384.0 4.121041749777603e-08
385.0 4.1025452548781526e-08
386.0 4.084048759978703e-08
387.0 4.065552265079253e-08
388.0 4.047055770179803e-08
389.0 4.0305705302554325e-08
390.0 4.014560673128886e-08
391.0 3.998550816002338e-08
392.0 3.982540958875791e-08
393.0 3.9665311017492436e-08
394.0 3.950521244622696e-08
395.0 3.934511387496148e-08
396.0 3.918501530369601e-08
397.0 3.902491673243055e-08
398.0 3.886481816116507e-08
399.0 3.8704719589899593e-08
400.0 3.854462101863413e-08
401.0 3.8384522447368646e-08
402.0 3.822442387610318e-08
403.0 3.8064325304837705e-08
404.0 3.790422673357223e-08
405.0 3.774412816230675e-08
406.0 3.758402959104128e-08
407.0 3.74239310197758e-08
408.0 3.726383244851033e-08
409.0 3.710373387724486e-08
410.0 3.6943635305979385e-08
411.0 3.6783536734713915e-08
412.0 3.662343816344844e-08
413.0 3.6463339592182974e-08
414.0 3.630324102091749e-08
415.0 3.6143142449652026e-08
416.0 3.598304387838655e-08
417.0 3.582294530712107e-08
418.0 3.5662846735855595e-08
419.0 3.5527142504970825e-08
420.0 3.539389210226467e-08
421.0 3.52606416995585e-08
422.0 3.512739129685234e-08
423.0 3.499414089414619e-08
424.0 3.486089049144003e-08
425.0 3.4727640088733864e-08
426.0 3.459438968602771e-08
427.0 3.446113928332156e-08
428.0 3.4327888880615394e-08
429.0 3.419463847790924e-08
430.0 3.4061388075203073e-08
431.0 3.392813767249691e-08
432.0 3.379488726979076e-08
433.0 3.3661636867084596e-08
434.0 3.352838646437844e-08
435.0 3.3395136061672276e-08
436.0 3.326188565896612e-08
437.0 3.3128635256259956e-08
438.0 3.2995384853553806e-08
439.0 3.286213445084765e-08
440.0 3.2728884048141486e-08
441.0 3.259563364543533e-08
442.0 3.246238324272918e-08
443.0 3.232913284002301e-08
444.0 3.219588243731685e-08
445.0 3.2062632034610695e-08
446.0 3.192938163190453e-08
447.0 3.1796131229198375e-08
448.0 3.166288082649222e-08
449.0 3.152963042378606e-08
450.0 3.13963800210799e-08
451.0 3.128447355336141e-08
452.0 3.11814839386316e-08
453.0 3.107849432390179e-08
454.0 3.0975504709171995e-08
455.0 3.087251509444219e-08
456.0 3.076952547971239e-08
457.0 3.066653586498258e-08
458.0 3.056354625025278e-08
459.0 3.046055663552297e-08
460.0 3.035756702079317e-08
461.0 3.025457740606337e-08
462.0 3.0151587791333564e-08
463.0 3.004859817660375e-08
464.0 2.9945608561873955e-08
465.0 2.984261894714415e-08
466.0 2.973962933241435e-08
467.0 2.9636639717684538e-08
468.0 2.953365010295474e-08
469.0 2.9430660488224938e-08
470.0 2.9327670873495134e-08
471.0 2.922468125876533e-08
472.0 2.9121691644035514e-08
473.0 2.9018702029305716e-08
474.0 2.8915712414575912e-08
475.0 2.8812722799846114e-08
476.0 2.870973318511631e-08
477.0 2.8606743570386508e-08
478.0 2.85037539556567e-08
479.0 2.8400764340926908e-08
480.0 2.8297774726197097e-08
481.0 2.8194785111467292e-08
482.0 2.8091795496737484e-08
483.0 2.7988805882007683e-08
484.0 2.788581626727788e-08
485.0 2.7783170499655133e-08
486.0 2.7696083057873455e-08
487.0 2.7608995616091774e-08
488.0 2.7521908174310087e-08
489.0 2.743482073252841e-08
490.0 2.7347733290746728e-08
491.0 2.7260645848965047e-08
492.0 2.717355840718336e-08
493.0 2.7086470965401682e-08
494.0 2.699938352362e-08
495.0 2.6912296081838313e-08
496.0 2.6825208640056632e-08
497.0 2.673812119827495e-08
498.0 2.6651033756493263e-08
499.0 2.656394631471159e-08
500.0 2.64768588729299e-08
501.0 2.638977143114822e-08
502.0 2.6302683989366543e-08
503.0 2.6215596547584862e-08
504.0 2.6128509105803178e-08
505.0 2.6041421664021493e-08
506.0 2.5954334222239816e-08
507.0 2.5867246780458135e-08
508.0 2.5780159338676447e-08
509.0 2.569307189689477e-08
510.0 2.5605984455113088e-08
511.0 2.5518897013331407e-08
512.0 2.543180957154972e-08
513.0 2.534472212976804e-08
514.0 2.525763468798635e-08
515.0 2.5170547246204673e-08
516.0 2.508345980442299e-08
517.0 2.499637236264131e-08
518.0 2.490928492085963e-08
519.0 2.482219747907795e-08
520.0 2.4735110037296265e-08
521.0 2.464802259551458e-08
522.0 2.4560935153732903e-08
523.0 2.448305436228158e-08
524.0 2.4409782057024605e-08
525.0 2.4336509751767615e-08
526.0 2.426323744651065e-08
527.0 2.4189965141253668e-08
528.0 2.4116692835996688e-08
529.0 2.4043420530739705e-08
530.0 2.397014822548273e-08
531.0 2.389687592022575e-08
532.0 2.382360361496877e-08
533.0 2.3750331309711794e-08
534.0 2.3677059004454814e-08
535.0 2.360378669919783e-08
536.0 2.3530514393940857e-08
537.0 2.3457242088683877e-08
538.0 2.3383969783426897e-08
539.0 2.3310697478169917e-08
540.0 2.3237425172912933e-08
541.0 2.3164152867655957e-08
542.0 2.309088056239898e-08
543.0 2.3017608257142003e-08
544.0 2.2944335951885023e-08
545.0 2.2871063646628043e-08
546.0 2.2797791341371063e-08
547.0 2.2724519036114086e-08
548.0 2.2651246730857106e-08
549.0 2.2577974425600125e-08
550.0 2.250470212034315e-08
551.0 2.243142981508617e-08
552.0 2.235815750982919e-08
553.0 2.2284885204572205e-08
554.0 2.221161289931523e-08
555.0 2.213834059405825e-08
556.0 2.206506828880127e-08
557.0 2.1991795983544288e-08
558.0 2.1918523678287314e-08
559.0 2.1845251373030334e-08
560.0 2.1771979067773354e-08
561.0 2.1698706762516374e-08
562.0 2.1625434457259397e-08
563.0 2.1559722894230453e-08
564.0 2.1503873761102253e-08
565.0 2.1448024627974046e-08
566.0 2.1392175494845846e-08
567.0 2.1336326361717643e-08
568.0 2.128047722858944e-08
569.0 2.1224628095461236e-08
570.0 2.116877896233303e-08
571.0 2.111292982920483e-08
572.0 2.1057080696076625e-08
573.0 2.100123156294842e-08
574.0 2.094538242982021e-08
575.0 2.0889533296692014e-08
576.0 2.0833684163563807e-08
577.0 2.0777835030435607e-08
578.0 2.07219858973074e-08
579.0 2.06661367641792e-08
580.0 2.0610287631050997e-08
581.0 2.0554438497922793e-08
582.0 2.049858936479459e-08
583.0 2.0442740231666383e-08
584.0 2.0386891098538186e-08
585.0 2.033104196540998e-08
586.0 2.0275192832281775e-08
587.0 2.021934369915357e-08
588.0 2.016349456602537e-08
589.0 2.0107645432897165e-08
590.0 2.0051796299768965e-08
591.0 1.9995947166640754e-08
592.0 1.9940098033512554e-08
593.0 1.988424890038435e-08
594.0 1.9828399767256147e-08
595.0 1.9772550634127944e-08
596.0 1.971670150099974e-08
597.0 1.966085236787154e-08
598.0 1.9605003234743336e-08
599.0 1.954915410161513e-08
600.0 1.9493304968486923e-08
601.0 1.9437455835358726e-08
602.0 1.938160670223052e-08
603.0 1.932575756910232e-08
604.0 1.926990843597411e-08
605.0 1.921405930284591e-08
606.0 1.9159193328696887e-08
607.0 1.9112927340938018e-08
608.0 1.9066661353179145e-08
609.0 1.9020395365420275e-08
610.0 1.8974129377661412e-08
611.0 1.8927863389902542e-08
612.0 1.8881597402143676e-08
613.0 1.883533141438481e-08
614.0 1.8789065426625943e-08
615.0 1.874279943886707e-08
616.0 1.8696533451108203e-08
617.0 1.8650267463349337e-08
618.0 1.8604001475590467e-08
619.0 1.85577354878316e-08
620.0 1.8511469500072734e-08
621.0 1.8465203512313864e-08
622.0 1.8418937524554995e-08
623.0 1.837267153679613e-08
624.0 1.832640554903726e-08
625.0 1.8280139561278395e-08
626.0 1.8233873573519522e-08
627.0 1.8187607585760656e-08
628.0 1.814134159800179e-08
629.0 1.8095075610242916e-08
630.0 1.804880962248405e-08
631.0 1.800254363472518e-08
632.0 1.7956277646966317e-08
633.0 1.7910011659207447e-08
634.0 1.7863745671448584e-08
635.0 1.7817479683689715e-08
636.0 1.7771213695930848e-08
637.0 1.7724947708171975e-08
638.0 1.7678681720413112e-08
639.0 1.7632415732654242e-08
640.0 1.7586149744895373e-08
641.0 1.7539883757136506e-08
642.0 1.7493617769377636e-08
643.0 1.744735178161877e-08
644.0 1.74010857938599e-08
645.0 1.735481980610103e-08
646.0 1.7308553818342164e-08
647.0 1.7262287830583298e-08
648.0 1.7216021842824428e-08
649.0 1.7169755855065558e-08
650.0 1.7123489867306692e-08
651.0 1.7077223879547822e-08
652.0 1.7030957891788956e-08
653.0 1.6987769492258583e-08
654.0 1.6948600238210646e-08
655.0 1.6909430984162705e-08
656.0 1.6870261730114768e-08
657.0 1.683109247606683e-08
658.0 1.6791923222018897e-08
659.0 1.6752753967970953e-08
660.0 1.671358471392302e-08
661.0 1.6674415459875083e-08
662.0 1.6635246205827145e-08
663.0 1.6596076951779208e-08
664.0 1.655690769773127e-08
665.0 1.6517738443683334e-08
666.0 1.6478569189635394e-08
667.0 1.6439399935587463e-08
668.0 1.6400230681539523e-08
669.0 1.6361061427491586e-08
670.0 1.632189217344365e-08
671.0 1.6282722919395708e-08
672.0 1.6243553665347774e-08
673.0 1.6204384411299834e-08
674.0 1.6165215157251897e-08
675.0 1.6126045903203963e-08
676.0 1.6086876649156026e-08
677.0 1.6047707395108085e-08
678.0 1.600853814106015e-08
679.0 1.596936888701221e-08
680.0 1.593019963296427e-08
681.0 1.5891030378916334e-08
682.0 1.58518611248684e-08
683.0 1.5812691870820466e-08
684.0 1.5773522616772526e-08
685.0 1.5734353362724585e-08
686.0 1.569518410867665e-08
687.0 1.5656014854628714e-08
688.0 1.561684560058078e-08
689.0 1.557767634653284e-08
690.0 1.55385070924849e-08
691.0 1.5499337838436966e-08
692.0 1.546016858438903e-08
693.0 1.542099933034109e-08
694.0 1.538183007629315e-08
695.0 1.5342660822245214e-08
696.0 1.5303491568197277e-08
697.0 1.5264322314149343e-08
698.0 1.5225153060101403e-08
699.0 1.5185983806053462e-08
700.0 1.5146814552005532e-08
701.0 1.5107645297957595e-08
702.0 1.506847604390965e-08
703.0 1.5030902833663e-08
704.0 1.5001117495618185e-08
705.0 1.497133215757336e-08
706.0 1.494154681952854e-08
707.0 1.491176148148372e-08
708.0 1.4881976143438898e-08
709.0 1.4852190805394082e-08
710.0 1.482240546734926e-08
711.0 1.4792620129304442e-08
712.0 1.4762834791259619e-08
713.0 1.4733049453214801e-08
714.0 1.470326411516998e-08
715.0 1.4673478777125158e-08
716.0 1.4643693439080342e-08
717.0 1.461390810103552e-08
718.0 1.4584122762990701e-08
719.0 1.455433742494588e-08
720.0 1.452455208690106e-08
721.0 1.449476674885624e-08
722.0 1.4464981410811418e-08
723.0 1.4435196072766602e-08
724.0 1.4405410734721779e-08
725.0 1.4375625396676961e-08
726.0 1.434584005863214e-08
727.0 1.431605472058732e-08
728.0 1.42862693825425e-08
729.0 1.4256484044497676e-08
730.0 1.4226698706452858e-08
731.0 1.419691336840804e-08
732.0 1.416712803036322e-08
733.0 1.4137342692318397e-08
734.0 1.4107557354273579e-08
735.0 1.4077772016228756e-08
736.0 1.4047986678183939e-08
737.0 1.4018201340139118e-08
738.0 1.3988416002094297e-08
739.0 1.3958630664049479e-08
740.0 1.3928845326004656e-08
741.0 1.3899059987959839e-08
742.0 1.3869274649915018e-08
743.0 1.3839489311870198e-08
744.0 1.3809703973825374e-08
745.0 1.3779918635780557e-08
746.0 1.3750133297735739e-08
747.0 1.3720347959690918e-08
748.0 1.3690562621646099e-08
749.0 1.3660777283601278e-08
750.0 1.3630991945556455e-08
751.0 1.3601206607511634e-08
752.0 1.3571421269466816e-08
753.0 1.3541635931421999e-08
754.0 1.3511850593377178e-08
755.0 1.3482065255332357e-08
756.0 1.3452279917287534e-08
757.0 1.3422694000056242e-08
758.0 1.3398610089740761e-08
759.0 1.3374526179425279e-08
760.0 1.3350442269109793e-08
761.0 1.3326358358794314e-08
762.0 1.3302274448478828e-08
763.0 1.3278190538163347e-08
764.0 1.3254106627847866e-08
765.0 1.3230022717532383e-08
766.0 1.32059388072169e-08
767.0 1.3181854896901418e-08
768.0 1.3157770986585932e-08
769.0 1.3133687076270451e-08
770.0 1.3109603165954972e-08
771.0 1.308551925563949e-08
772.0 1.3061435345324005e-08
773.0 1.3037351435008523e-08
774.0 1.301326752469304e-08
775.0 1.2989183614377559e-08
776.0 1.2965099704062077e-08
777.0 1.2941015793746594e-08
778.0 1.2916931883431111e-08
779.0 1.2892847973115627e-08
780.0 1.2868764062800145e-08
781.0 1.2844680152484664e-08
782.0 1.2820596242169181e-08
783.0 1.2796512331853698e-08
784.0 1.2772428421538216e-08
785.0 1.2748344511222733e-08
786.0 1.2724260600907249e-08
787.0 1.2700176690591766e-08
788.0 1.2676092780276284e-08
789.0 1.2652008869960803e-08
790.0 1.262792495964532e-08
791.0 1.2603841049329838e-08
792.0 1.2579757139014357e-08
793.0 1.2555673228698871e-08
794.0 1.2531589318383388e-08
795.0 1.2507505408067906e-08
796.0 1.2483421497752425e-08
797.0 1.2459337587436942e-08
798.0 1.2435253677121461e-08
799.0 1.2411169766805979e-08
800.0 1.2387085856490496e-08
801.0 1.236300194617501e-08
802.0 1.2338918035859533e-08
803.0 1.231483412554405e-08
804.0 1.2290750215228564e-08
805.0 1.2266666304913083e-08
806.0 1.22425823945976e-08
807.0 1.2218498484282118e-08
808.0 1.2194414573966637e-08
809.0 1.2170330663651155e-08
810.0 1.2146246753335672e-08
811.0 1.212216284302019e-08
812.0 1.2098078932704704e-08
813.0 1.2073995022389223e-08
814.0 1.2049911112073743e-08
815.0 1.202582720175826e-08
816.0 1.2004283884252697e-08
817.0 1.1983679553220639e-08
818.0 1.1963075222188574e-08
819.0 1.1942470891156518e-08
820.0 1.1921866560124455e-08
821.0 1.1901262229092396e-08
822.0 1.1880657898060337e-08
823.0 1.1860053567028272e-08
824.0 1.1839449235996214e-08
825.0 1.181884490496415e-08
826.0 1.1798240573932093e-08
827.0 1.1777636242900033e-08
828.0 1.1757031911867971e-08
829.0 1.1736427580835912e-08
830.0 1.171582324980385e-08
831.0 1.169521891877179e-08
832.0 1.167461458773973e-08
833.0 1.165401025670767e-08
834.0 1.163340592567561e-08
835.0 1.1612801594643546e-08
836.0 1.1592197263611487e-08
837.0 1.1571592932579425e-08
838.0 1.1550988601547369e-08
839.0 1.1530384270515304e-08
840.0 1.1509779939483246e-08
841.0 1.1489175608451183e-08
842.0 1.1468571277419125e-08
843.0 1.1447966946387065e-08
844.0 1.1427362615355003e-08
845.0 1.140675828432294e-08
846.0 1.1386153953290882e-08
847.0 1.1365549622258822e-08
848.0 1.1344945291226763e-08
849.0 1.1324340960194698e-08
850.0 1.1303736629162642e-08
851.0 1.1283132298130578e-08
852.0 1.1262527967098519e-08
853.0 1.1241923636066459e-08
854.0 1.1221319305034397e-08
855.0 1.1200714974002338e-08
856.0 1.1180110642970278e-08
857.0 1.1159506311938216e-08
858.0 1.1138901980906157e-08
859.0 1.1118297649874095e-08
860.0 1.1097693318842036e-08
861.0 1.1077088987809972e-08
862.0 1.1056484656777913e-08
863.0 1.1035880325745855e-08
864.0 1.1015275994713795e-08
865.0 1.0994671663681732e-08
866.0 1.0974067332649672e-08
867.0 1.095346300161761e-08
868.0 1.0932858670585549e-08
869.0 1.0912254339553491e-08
870.0 1.0891650008521428e-08
871.0 1.0871045677489368e-08
872.0 1.0850441346457308e-08
873.0 1.082983701542525e-08
874.0 1.0809232684393185e-08
875.0 1.0788628353361127e-08
876.0 1.0768024022329066e-08
877.0 1.0747419691297004e-08
878.0 1.0726815360264945e-08
879.0 1.0710849542007314e-08
880.0 1.0695209315457636e-08
881.0 1.0679569088907955e-08
882.0 1.0663928862358275e-08
883.0 1.0648288635808594e-08
884.0 1.0632648409258913e-08
885.0 1.0617008182709231e-08
886.0 1.060136795615955e-08
887.0 1.0585727729609869e-08
888.0 1.0570087503060189e-08
889.0 1.055444727651051e-08
890.0 1.0538807049960828e-08
891.0 1.0523166823411148e-08
892.0 1.0507526596861467e-08
893.0 1.0491886370311785e-08
894.0 1.0476246143762106e-08
895.0 1.0460605917212424e-08
896.0 1.0444965690662743e-08
897.0 1.0429325464113063e-08
898.0 1.0413685237563382e-08
899.0 1.0398045011013702e-08
900.0 1.0382404784464021e-08
901.0 1.0366764557914338e-08
902.0 1.035112433136466e-08
903.0 1.0335484104814979e-08
904.0 1.0319843878265297e-08
905.0 1.0304203651715616e-08
906.0 1.0288563425165936e-08
907.0 1.0272923198616255e-08
908.0 1.0257282972066574e-08
909.0 1.0241642745516896e-08
910.0 1.0226002518967213e-08
911.0 1.0210362292417533e-08
912.0 1.0194722065867852e-08
913.0 1.0179081839318172e-08
914.0 1.0163441612768492e-08
915.0 1.014780138621881e-08
916.0 1.013216115966913e-08
917.0 1.011652093311945e-08
918.0 1.0100880706569768e-08
919.0 1.0085240480020085e-08
920.0 1.0069600253470407e-08
921.0 1.0053960026920726e-08
922.0 1.0038319800371046e-08
923.0 1.0022679573821365e-08
924.0 1.0007039347271684e-08
925.0 9.991399120722002e-09
926.0 9.975758894172321e-09
927.0 9.96011866762264e-09
928.0 9.944478441072962e-09
929.0 9.928838214523279e-09
930.0 9.913197987973599e-09
931.0 9.897557761423918e-09
932.0 9.881917534874238e-09
933.0 9.866277308324557e-09
934.0 9.850637081774877e-09
935.0 9.834996855225192e-09
936.0 9.819356628675514e-09
937.0 9.803716402125835e-09
938.0 9.788076175576153e-09
939.0 9.772435949026474e-09
940.0 9.75679572247679e-09
941.0 9.741155495927112e-09
942.0 9.725515269377431e-09
943.0 9.70987504282775e-09
944.0 9.694234816278068e-09
945.0 9.67859458972839e-09
946.0 9.663920533294977e-09
947.0 9.651480928359992e-09
948.0 9.639041323425007e-09
949.0 9.626601718490024e-09
950.0 9.614162113555038e-09
951.0 9.601722508620052e-09
952.0 9.58928290368507e-09
953.0 9.576843298750082e-09
954.0 9.5644036938151e-09
955.0 9.551964088880114e-09
956.0 9.539524483945131e-09
957.0 9.527084879010145e-09
958.0 9.514645274075164e-09
959.0 9.502205669140178e-09
960.0 9.489766064205192e-09
961.0 9.47732645927021e-09
962.0 9.464886854335224e-09
963.0 9.452447249400241e-09
964.0 9.440007644465256e-09
965.0 9.427568039530271e-09
966.0 9.415128434595285e-09
967.0 9.4026888296603e-09
968.0 9.390249224725319e-09
969.0 9.377809619790331e-09
970.0 9.365370014855349e-09
971.0 9.352930409920364e-09
972.0 9.340490804985378e-09
973.0 9.328051200050392e-09
974.0 9.31561159511541e-09
975.0 9.303171990180422e-09
976.0 9.290732385245441e-09
977.0 9.278292780310457e-09
978.0 9.265853175375471e-09
979.0 9.253413570440485e-09
980.0 9.2409739655055e-09
981.0 9.228534360570517e-09
982.0 9.216094755635534e-09
983.0 9.20365515070055e-09
984.0 9.191215545765564e-09
985.0 9.178775940830582e-09
986.0 9.166336335895596e-09
987.0 9.15389673096061e-09
988.0 9.141457126025627e-09
989.0 9.129017521090643e-09
990.0 9.116577916155657e-09
991.0 9.104138311220671e-09
992.0 9.091698706285689e-09
993.0 9.079259101350703e-09
994.0 9.066819496415717e-09
995.0 9.054379891480733e-09
996.0 9.04194028654575e-09
997.0 9.029500681610764e-09
998.0 9.017061076675782e-09
999.0 9.004621471740794e-09
1000.0 8.99218186680581e-09
1001.0 8.979742261870826e-09
1002.0 8.967302656935843e-09
1003.0 8.954863052000857e-09
1004.0 8.942423447065875e-09
1005.0 8.92998384213089e-09
1006.0 8.917544237195906e-09
1007.0 8.90510463226092e-09
1008.0 8.892665027325936e-09
1009.0 8.88022542239095e-09
1010.0 8.867785817455968e-09
1011.0 8.855346212520983e-09
1012.0 8.842906607585999e-09
1013.0 8.830467002651012e-09
1014.0 8.818027397716029e-09
1015.0 8.805587792781043e-09
1016.0 8.793148187846057e-09
1017.0 8.780708582911076e-09
1018.0 8.76826897797609e-09
1019.0 8.756625370525252e-09
1020.0 8.745916318094175e-09
1021.0 8.735207265663098e-09
1022.0 8.724498213232022e-09
1023.0 8.713789160800947e-09
1024.0 8.703080108369868e-09
1025.0 8.69237105593879e-09
1026.0 8.681662003507717e-09
1027.0 8.67095295107664e-09
1028.0 8.660243898645564e-09
1029.0 8.649534846214485e-09
1030.0 8.63882579378341e-09
1031.0 8.628116741352334e-09
1032.0 8.617407688921255e-09
1033.0 8.60669863649018e-09
1034.0 8.595989584059104e-09
1035.0 8.585280531628027e-09
1036.0 8.574571479196952e-09
1037.0 8.563862426765873e-09
1038.0 8.553153374334797e-09
1039.0 8.542444321903722e-09
1040.0 8.531735269472645e-09
1041.0 8.521026217041569e-09
1042.0 8.510317164610492e-09
1043.0 8.499608112179416e-09
1044.0 8.48889905974834e-09
1045.0 8.47819000731726e-09
1046.0 8.467480954886187e-09
1047.0 8.45677190245511e-09
1048.0 8.446062850024032e-09
1049.0 8.435353797592955e-09
1050.0 8.42464474516188e-09
1051.0 8.413935692730804e-09
1052.0 8.403226640299725e-09
1053.0 8.392517587868648e-09
1054.0 8.381808535437573e-09
1055.0 8.371099483006497e-09
1056.0 8.360390430575422e-09
1057.0 8.349681378144343e-09
1058.0 8.338972325713267e-09
1059.0 8.328263273282192e-09
1060.0 8.317554220851113e-09
1061.0 8.306845168420037e-09
1062.0 8.296136115988962e-09
1063.0 8.285427063557885e-09
1064.0 8.27471801112681e-09
1065.0 8.26400895869573e-09
1066.0 8.253299906264656e-09
1067.0 8.24259085383358e-09
1068.0 8.231881801402502e-09
1069.0 8.221172748971427e-09
1070.0 8.21046369654035e-09
1071.0 8.199754644109272e-09
1072.0 8.189045591678197e-09
1073.0 8.178336539247118e-09
1074.0 8.167627486816044e-09
1075.0 8.156918434384967e-09
1076.0 8.14620938195389e-09
1077.0 8.135500329522813e-09
1078.0 8.124791277091737e-09
1079.0 8.114082224660662e-09
1080.0 8.103373172229583e-09
1081.0 8.092664119798506e-09
1082.0 8.081955067367432e-09
1083.0 8.071246014936355e-09
1084.0 8.060536962505279e-09
1085.0 8.0498279100742e-09
1086.0 8.039118857643125e-09
1087.0 8.02840980521205e-09
1088.0 8.01770075278097e-09
1089.0 8.006991700349895e-09
1090.0 7.99628264791882e-09
1091.0 7.985573595487742e-09
1092.0 7.974864543056667e-09
1093.0 7.964155490625588e-09
1094.0 7.953446438194512e-09
1095.0 7.942737385763437e-09
1096.0 7.93202833333236e-09
1097.0 7.921337747138436e-09
1098.0 7.913105493469207e-09
1099.0 7.904873239799978e-09
1100.0 7.896640986130748e-09
1101.0 7.888408732461519e-09
1102.0 7.880176478792289e-09
1103.0 7.871944225123061e-09
1104.0 7.863711971453831e-09
1105.0 7.855479717784602e-09
1106.0 7.847247464115372e-09
1107.0 7.839015210446143e-09
1108.0 7.830782956776912e-09
1109.0 7.822550703107685e-09
1110.0 7.814318449438455e-09
1111.0 7.806086195769227e-09
1112.0 7.797853942099997e-09
1113.0 7.789621688430767e-09
1114.0 7.781389434761538e-09
1115.0 7.773157181092306e-09
1116.0 7.764924927423078e-09
1117.0 7.75669267375385e-09
1118.0 7.74846042008462e-09
1119.0 7.74022816641539e-09
1120.0 7.731995912746161e-09
1121.0 7.723763659076933e-09
1122.0 7.715531405407702e-09
1123.0 7.707299151738473e-09
1124.0 7.699066898069244e-09
1125.0 7.690834644400014e-09
1126.0 7.682602390730785e-09
1127.0 7.674370137061556e-09
1128.0 7.666137883392327e-09
1129.0 7.657905629723095e-09
1130.0 7.649673376053867e-09
1131.0 7.64144112238464e-09
1132.0 7.633208868715407e-09
1133.0 7.62497661504618e-09
1134.0 7.61674436137695e-09
1135.0 7.60851210770772e-09
1136.0 7.600279854038492e-09
1137.0 7.592047600369263e-09
1138.0 7.583815346700034e-09
1139.0 7.575583093030804e-09
1140.0 7.567350839361575e-09
1141.0 7.559118585692344e-09
1142.0 7.550886332023114e-09
1143.0 7.542654078353887e-09
1144.0 7.534421824684656e-09
1145.0 7.526189571015426e-09
1146.0 7.517957317346197e-09
1147.0 7.509725063676968e-09
1148.0 7.50149281000774e-09
1149.0 7.493260556338509e-09
1150.0 7.48502830266928e-09
1151.0 7.47679604900005e-09
1152.0 7.468563795330822e-09
1153.0 7.460331541661592e-09
1154.0 7.452099287992363e-09
1155.0 7.443867034323132e-09
1156.0 7.4356347806539046e-09
1157.0 7.427402526984673e-09
1158.0 7.419170273315445e-09
1159.0 7.410938019646216e-09
1160.0 7.402705765976988e-09
1161.0 7.394473512307758e-09
1162.0 7.3862412586385275e-09
1163.0 7.378009004969299e-09
1164.0 7.369776751300067e-09
1165.0 7.36154449763084e-09
1166.0 7.353312243961611e-09
1167.0 7.345079990292381e-09
1168.0 7.336847736623151e-09
1169.0 7.328615482953922e-09
1170.0 7.3203832292846935e-09
1171.0 7.312150975615463e-09
1172.0 7.303918721946234e-09
1173.0 7.295686468277007e-09
1174.0 7.287454214607774e-09
1175.0 7.279221960938547e-09
1176.0 7.270989707269316e-09
1177.0 7.262757453600089e-09
1178.0 7.254525199930858e-09
1179.0 7.2462929462616274e-09
1180.0 7.2380606925924e-09
1181.0 7.229828438923169e-09
1182.0 7.2225083280008305e-09
1183.0 7.216056975009342e-09
1184.0 7.20960562201785e-09
1185.0 7.203154269026363e-09
1186.0 7.196702916034873e-09
1187.0 7.190251563043384e-09
1188.0 7.1838002100518955e-09
1189.0 7.177348857060407e-09
1190.0 7.170897504068915e-09
1191.0 7.164446151077428e-09
1192.0 7.157994798085939e-09
1193.0 7.151543445094449e-09
1194.0 7.1450920921029605e-09
1195.0 7.138640739111472e-09
1196.0 7.132189386119982e-09
1197.0 7.125738033128493e-09
1198.0 7.119286680137004e-09
1199.0 7.112835327145514e-09
1200.0 7.106383974154025e-09
1201.0 7.0999326211625366e-09
1202.0 7.093481268171047e-09
1203.0 7.087029915179558e-09
1204.0 7.080578562188069e-09
1205.0 7.074127209196579e-09
1206.0 7.06767585620509e-09
1207.0 7.0612245032136016e-09
1208.0 7.054773150222112e-09
1209.0 7.048321797230623e-09
1210.0 7.041870444239134e-09
1211.0 7.035419091247645e-09
1212.0 7.028967738256155e-09
1213.0 7.022516385264666e-09
1214.0 7.0160650322731785e-09
1215.0 7.009613679281688e-09
1216.0 7.003162326290199e-09
1217.0 6.996710973298711e-09
1218.0 6.99025962030722e-09
1219.0 6.983808267315733e-09
1220.0 6.9773569143242435e-09
1221.0 6.970905561332753e-09
1222.0 6.964454208341263e-09
1223.0 6.958002855349776e-09
1224.0 6.9515515023582854e-09
1225.0 6.945100149366798e-09
1226.0 6.9386487963753085e-09
1227.0 6.932197443383818e-09
1228.0 6.925746090392328e-09
1229.0 6.919294737400841e-09
1230.0 6.9128433844093496e-09
1231.0 6.9063920314178615e-09
1232.0 6.8999406784263735e-09
1233.0 6.893489325434883e-09
1234.0 6.887037972443393e-09
1235.0 6.880586619451904e-09
1236.0 6.874135266460415e-09
1237.0 6.867683913468927e-09
1238.0 6.8612325604774384e-09
1239.0 6.854781207485947e-09
1240.0 6.848329854494458e-09
1241.0 6.841878501502969e-09
1242.0 6.83542714851148e-09
1243.0 6.828975795519992e-09
1244.0 6.822524442528502e-09
1245.0 6.816073089537012e-09
1246.0 6.809621736545525e-09
1247.0 6.803170383554037e-09
1248.0 6.796719030562545e-09
1249.0 6.790267677571057e-09
1250.0 6.783816324579567e-09
1251.0 6.7773649715880795e-09
1252.0 6.77091361859659e-09
1253.0 6.764462265605101e-09
1254.0 6.758010912613612e-09
1255.0 6.751559559622122e-09
1256.0 6.745108206630633e-09
1257.0 6.738656853639144e-09
1258.0 6.732205500647655e-09
1259.0 6.725754147656166e-09
1260.0 6.719302794664677e-09
1261.0 6.712851441673186e-09
1262.0 6.706400088681698e-09
1263.0 6.699948735690209e-09
1264.0 6.69349738269872e-09
1265.0 6.687046029707231e-09
1266.0 6.680594676715742e-09
1267.0 6.674143323724251e-09
1268.0 6.667691970732763e-09
1269.0 6.6612406177412745e-09
1270.0 6.654789264749785e-09
1271.0 6.648337911758296e-09
1272.0 6.641886558766807e-09
1273.0 6.635863465269874e-09
1274.0 6.63025398065297e-09
1275.0 6.624644496036063e-09
1276.0 6.619035011419159e-09
1277.0 6.613425526802253e-09
1278.0 6.607816042185348e-09
1279.0 6.602206557568442e-09
1280.0 6.596597072951537e-09
1281.0 6.590987588334631e-09
1282.0 6.585378103717726e-09
1283.0 6.57976861910082e-09
1284.0 6.574159134483914e-09
1285.0 6.56854964986701e-09
1286.0 6.562940165250104e-09
1287.0 6.5573306806332e-09
1288.0 6.5517211960162926e-09
1289.0 6.546111711399389e-09
1290.0 6.540502226782483e-09
1291.0 6.534892742165577e-09
1292.0 6.52928325754867e-09
1293.0 6.5236737729317664e-09
1294.0 6.518064288314861e-09
1295.0 6.512454803697956e-09
1296.0 6.5068453190810494e-09
1297.0 6.501235834464145e-09
1298.0 6.495626349847239e-09
1299.0 6.490016865230334e-09
1300.0 6.484407380613427e-09
1301.0 6.478797895996523e-09
1302.0 6.473188411379617e-09
1303.0 6.467578926762711e-09
1304.0 6.461969442145805e-09
1305.0 6.456359957528901e-09
1306.0 6.450750472911996e-09
1307.0 6.445140988295089e-09
1308.0 6.439531503678186e-09
1309.0 6.433922019061279e-09
1310.0 6.428312534444375e-09
1311.0 6.422703049827469e-09
1312.0 6.417093565210564e-09
1313.0 6.411484080593658e-09
1314.0 6.405874595976753e-09
1315.0 6.400265111359847e-09
1316.0 6.394655626742941e-09
1317.0 6.389046142126036e-09
1318.0 6.383436657509131e-09
1319.0 6.377827172892225e-09
1320.0 6.372217688275319e-09
1321.0 6.366608203658414e-09
1322.0 6.360998719041509e-09
1323.0 6.355389234424602e-09
1324.0 6.349779749807697e-09
1325.0 6.344170265190792e-09
1326.0 6.338560780573888e-09
1327.0 6.3329512959569824e-09
1328.0 6.327341811340075e-09
1329.0 6.321732326723172e-09
1330.0 6.3161228421062654e-09
1331.0 6.310513357489361e-09
1332.0 6.304903872872455e-09
1333.0 6.29929438825555e-09
1334.0 6.293684903638644e-09
1335.0 6.288075419021738e-09
1336.0 6.282465934404833e-09
1337.0 6.2768564497879286e-09
1338.0 6.271246965171022e-09
1339.0 6.265637480554116e-09
1340.0 6.2600279959372116e-09
1341.0 6.254418511320306e-09
1342.0 6.248809026703399e-09
1343.0 6.243199542086495e-09
1344.0 6.237590057469589e-09
1345.0 6.231980572852685e-09
1346.0 6.226371088235778e-09
1347.0 6.220761603618874e-09
1348.0 6.215152119001968e-09
1349.0 6.209542634385063e-09
1350.0 6.203933149768158e-09
1351.0 6.198323665151252e-09
1352.0 6.192714180534346e-09
1353.0 6.1871046959174415e-09
1354.0 6.181495211300536e-09
1355.0 6.175885726683629e-09
1356.0 6.1702762420667245e-09
1357.0 6.164666757449819e-09
1358.0 6.1590572728329146e-09
1359.0 6.1534477882160075e-09
1360.0 6.147838303599104e-09
1361.0 6.142228818982198e-09
1362.0 6.136619334365293e-09
1363.0 6.131009849748385e-09
1364.0 6.1254003651314814e-09
1365.0 6.119790880514576e-09
1366.0 6.114181395897671e-09
1367.0 6.108571911280764e-09
1368.0 6.10296242666386e-09
1369.0 6.097352942046956e-09
1370.0 6.091743457430049e-09
1371.0 6.086741264613419e-09
1372.0 6.082356833705303e-09
1373.0 6.077972402797189e-09
1374.0 6.0735879718890756e-09
1375.0 6.069203540980962e-09
1376.0 6.0648191100728474e-09
1377.0 6.060434679164733e-09
1378.0 6.056050248256619e-09
1379.0 6.051665817348505e-09
1380.0 6.04728138644039e-09
1381.0 6.0428969555322776e-09
1382.0 6.038512524624161e-09
1383.0 6.034128093716047e-09
1384.0 6.029743662807933e-09
1385.0 6.02535923189982e-09
1386.0 6.020974800991705e-09
1387.0 6.01659037008359e-09
1388.0 6.012205939175476e-09
1389.0 6.007821508267363e-09
1390.0 6.003437077359248e-09
1391.0 5.999052646451134e-09
1392.0 5.994668215543018e-09
1393.0 5.9902837846349056e-09
1394.0 5.985899353726791e-09
1395.0 5.981514922818677e-09
1396.0 5.977130491910564e-09
1397.0 5.972746061002447e-09
1398.0 5.968361630094333e-09
1399.0 5.9639771991862196e-09
1400.0 5.959592768278106e-09
1401.0 5.955208337369991e-09
1402.0 5.950823906461877e-09
1403.0 5.946439475553763e-09
1404.0 5.942055044645649e-09
1405.0 5.937670613737534e-09
1406.0 5.93328618282942e-09
1407.0 5.928901751921305e-09
1408.0 5.924517321013191e-09
1409.0 5.9201328901050765e-09
1410.0 5.915748459196964e-09
1411.0 5.911364028288849e-09
1412.0 5.906979597380734e-09
1413.0 5.90259516647262e-09
1414.0 5.898210735564507e-09
1415.0 5.893826304656392e-09
1416.0 5.889441873748278e-09
1417.0 5.885057442840164e-09
1418.0 5.880673011932048e-09
1419.0 5.876288581023935e-09
1420.0 5.871904150115821e-09
1421.0 5.867519719207708e-09
1422.0 5.8631352882995925e-09
1423.0 5.858750857391477e-09
1424.0 5.854366426483364e-09
1425.0 5.84998199557525e-09
1426.0 5.845597564667135e-09
1427.0 5.84121313375902e-09
1428.0 5.836828702850907e-09
1429.0 5.832444271942793e-09
1430.0 5.828059841034678e-09
1431.0 5.823675410126565e-09
1432.0 5.81929097921845e-09
1433.0 5.814906548310335e-09
1434.0 5.8105221174022205e-09
1435.0 5.806137686494108e-09
1436.0 5.801753255585993e-09
1437.0 5.797368824677879e-09
1438.0 5.792984393769765e-09
1439.0 5.788599962861651e-09
1440.0 5.784215531953536e-09
1441.0 5.779831101045422e-09
1442.0 5.775446670137306e-09
1443.0 5.771062239229192e-09
1444.0 5.766677808321079e-09
1445.0 5.762293377412965e-09
1446.0 5.757908946504852e-09
1447.0 5.7535245155967365e-09
1448.0 5.749140084688621e-09
1449.0 5.744755653780508e-09
1450.0 5.740371222872394e-09
1451.0 5.7359867919642795e-09
1452.0 5.731602361056165e-09
1453.0 5.727217930148051e-09
1454.0 5.722833499239937e-09
1455.0 5.718449068331822e-09
1456.0 5.714064637423709e-09
1457.0 5.709680206515595e-09
1458.0 5.705295775607479e-09
1459.0 5.7009113446993645e-09
1460.0 5.696526913791252e-09
1461.0 5.692142482883137e-09
1462.0 5.687758051975023e-09
1463.0 5.683373621066909e-09
1464.0 5.678989190158795e-09
1465.0 5.67460475925068e-09
1466.0 5.670220328342566e-09
1467.0 5.66583589743445e-09
1468.0 5.661451466526337e-09
1469.0 5.657067035618222e-09
1470.0 5.6526826047101095e-09
1471.0 5.648298173801995e-09
1472.0 5.6439137428938805e-09
1473.0 5.639529311985765e-09
1474.0 5.6351448810776524e-09
1475.0 5.630760450169538e-09
1476.0 5.6263760192614235e-09
1477.0 5.62286123353298e-09
1478.0 5.619408544525453e-09
1479.0 5.615955855517924e-09
1480.0 5.612503166510395e-09
1481.0 5.609050477502868e-09
1482.0 5.605597788495338e-09
1483.0 5.602145099487812e-09
1484.0 5.598692410480282e-09
1485.0 5.595239721472754e-09
1486.0 5.5917870324652265e-09
1487.0 5.588334343457697e-09
1488.0 5.584881654450171e-09
1489.0 5.581428965442641e-09
1490.0 5.5779762764351135e-09
1491.0 5.574523587427585e-09
1492.0 5.571070898420057e-09
1493.0 5.567618209412528e-09
1494.0 5.5641655204050006e-09
1495.0 5.560712831397473e-09
1496.0 5.557260142389944e-09
1497.0 5.553807453382416e-09
1498.0 5.550354764374887e-09
1499.0 5.546902075367359e-09
1500.0 5.543449386359831e-09
1501.0 5.539996697352304e-09
1502.0 5.536544008344773e-09
1503.0 5.533091319337246e-09
1504.0 5.529638630329718e-09
1505.0 5.5261859413221895e-09
1506.0 5.522733252314662e-09
1507.0 5.519280563307133e-09
1508.0 5.515827874299605e-09
1509.0 5.512375185292075e-09
1510.0 5.508922496284547e-09
1511.0 5.505469807277021e-09
1512.0 5.502017118269491e-09
1513.0 5.4985644292619636e-09
1514.0 5.495111740254436e-09
1515.0 5.491659051246909e-09
1516.0 5.48820636223938e-09
1517.0 5.48475367323185e-09
1518.0 5.481300984224322e-09
1519.0 5.477848295216794e-09
1520.0 5.474395606209266e-09
1521.0 5.470942917201738e-09
1522.0 5.46749022819421e-09
1523.0 5.464037539186681e-09
1524.0 5.460584850179153e-09
1525.0 5.457132161171625e-09
1526.0 5.453679472164096e-09
1527.0 5.450226783156568e-09
1528.0 5.4467740941490395e-09
1529.0 5.443321405141512e-09
1530.0 5.439868716133983e-09
1531.0 5.436416027126455e-09
1532.0 5.4329633381189266e-09
1533.0 5.429510649111399e-09
1534.0 5.426057960103871e-09
1535.0 5.422605271096342e-09
1536.0 5.4191525820888144e-09
1537.0 5.415699893081286e-09
1538.0 5.412247204073758e-09
1539.0 5.408794515066229e-09
1540.0 5.4053418260587e-09
1541.0 5.401889137051173e-09
1542.0 5.398436448043643e-09
1543.0 5.3949837590361155e-09
1544.0 5.391531070028588e-09
1545.0 5.38807838102106e-09
1546.0 5.384625692013531e-09
1547.0 5.3811730030060025e-09
1548.0 5.3777203139984755e-09
1549.0 5.374267624990946e-09
1550.0 5.370814935983419e-09
1551.0 5.3673622469758896e-09
1552.0 5.3639095579683626e-09
1553.0 5.360456868960833e-09
1554.0 5.3570041799533044e-09
1555.0 5.353551490945778e-09
1556.0 5.350098801938248e-09
1557.0 5.34664611293072e-09
1558.0 5.343193423923192e-09
1559.0 5.3397407349156645e-09
1560.0 5.336288045908136e-09
1561.0 5.332835356900607e-09
1562.0 5.329382667893079e-09
1563.0 5.325929978885551e-09
1564.0 5.322477289878023e-09
1565.0 5.319024600870494e-09
1566.0 5.315571911862966e-09
1567.0 5.312119222855438e-09
1568.0 5.308666533847909e-09
1569.0 5.305213844840381e-09
1570.0 5.301761155832853e-09
1571.0 5.298308466825325e-09
1572.0 5.294855777817797e-09
1573.0 5.291403088810268e-09
1574.0 5.2879503998027404e-09
1575.0 5.284497710795212e-09
1576.0 5.281045021787684e-09
1577.0 5.277592332780155e-09
1578.0 5.2741396437726275e-09
1579.0 5.270686954765099e-09
1580.0 5.267234265757571e-09
1581.0 5.263781576750042e-09
1582.0 5.260328887742514e-09
1583.0 5.256876198734986e-09
1584.0 5.253423509727457e-09
1585.0 5.249970820719929e-09
1586.0 5.2465181317124015e-09
1587.0 5.243065442704874e-09
1588.0 5.239612753697345e-09
1589.0 5.2361600646898156e-09
1590.0 5.232808809154476e-09
1591.0 5.2297785918644405e-09
1592.0 5.226748374574401e-09
1593.0 5.223718157284364e-09
1594.0 5.2206879399943256e-09
1595.0 5.217657722704288e-09
1596.0 5.21462750541425e-09
1597.0 5.211597288124212e-09
1598.0 5.208567070834174e-09
1599.0 5.2055368535441364e-09
1600.0 5.202506636254098e-09
1601.0 5.199476418964061e-09
1602.0 5.196446201674023e-09
1603.0 5.193415984383984e-09
1604.0 5.1903857670939465e-09
1605.0 5.187355549803909e-09
1606.0 5.184325332513871e-09
1607.0 5.181295115223832e-09
1608.0 5.178264897933795e-09
1609.0 5.1752346806437565e-09
1610.0 5.172204463353719e-09
1611.0 5.169174246063681e-09
1612.0 5.166144028773643e-09
1613.0 5.163113811483604e-09
1614.0 5.160083594193568e-09
1615.0 5.15705337690353e-09
1616.0 5.1540231596134916e-09
1617.0 5.150992942323454e-09
1618.0 5.147962725033415e-09
1619.0 5.144932507743378e-09
1620.0 5.141902290453339e-09
1621.0 5.138872073163302e-09
1622.0 5.135841855873264e-09
1623.0 5.132811638583226e-09
1624.0 5.129781421293188e-09
1625.0 5.126751204003151e-09
1626.0 5.1237209867131125e-09
1627.0 5.120690769423076e-09
1628.0 5.117660552133036e-09
1629.0 5.114630334842999e-09
1630.0 5.111600117552961e-09
1631.0 5.108569900262923e-09
1632.0 5.105539682972886e-09
1633.0 5.1025094656828475e-09
1634.0 5.09947924839281e-09
1635.0 5.096449031102772e-09
1636.0 5.093418813812734e-09
1637.0 5.090388596522695e-09
1638.0 5.087358379232658e-09
1639.0 5.084328161942621e-09
1640.0 5.081297944652582e-09
1641.0 5.078267727362544e-09
1642.0 5.075237510072506e-09
1643.0 5.0722072927824684e-09
1644.0 5.06917707549243e-09
1645.0 5.066146858202392e-09
1646.0 5.063116640912354e-09
1647.0 5.060086423622316e-09
1648.0 5.0570562063322785e-09
1649.0 5.054025989042241e-09
1650.0 5.050995771752202e-09
1651.0 5.047965554462164e-09
1652.0 5.044935337172128e-09
1653.0 5.0419051198820885e-09
1654.0 5.038874902592051e-09
1655.0 5.035844685302013e-09
1656.0 5.032814468011974e-09
1657.0 5.0297842507219385e-09
1658.0 5.026754033431899e-09
1659.0 5.023723816141862e-09
1660.0 5.0206935988518235e-09
1661.0 5.017663381561786e-09
1662.0 5.014633164271748e-09
1663.0 5.01160294698171e-09
1664.0 5.008572729691672e-09
1665.0 5.0055425124016336e-09
1666.0 5.002512295111596e-09
1667.0 4.999482077821559e-09
1668.0 4.9964518605315194e-09
1669.0 4.993421643241482e-09
1670.0 4.990391425951444e-09
1671.0 4.987361208661406e-09
1672.0 4.984330991371369e-09
1673.0 4.98130077408133e-09
1674.0 4.978270556791293e-09
1675.0 4.9752403395012545e-09
1676.0 4.972210122211216e-09
1677.0 4.969179904921179e-09
1678.0 4.966149687631141e-09
1679.0 4.963119470341104e-09
1680.0 4.9600892530510645e-09
1681.0 4.957059035761028e-09
1682.0 4.954028818470989e-09
1683.0 4.950998601180951e-09
1684.0 4.947968383890913e-09
1685.0 4.944938166600875e-09
1686.0 4.941907949310837e-09
1687.0 4.938877732020799e-09
1688.0 4.935847514730761e-09
1689.0 4.932817297440724e-09
1690.0 4.929787080150685e-09
1691.0 4.926756862860648e-09
1692.0 4.923726645570609e-09
1693.0 4.920696428280572e-09
1694.0 4.917666210990535e-09
1695.0 4.914635993700496e-09
1696.0 4.911605776410459e-09
1697.0 4.90857555912042e-09
1698.0 4.905545341830382e-09
1699.0 4.9025151245403455e-09
1700.0 4.899484907250306e-09
1701.0 4.896454689960269e-09
1702.0 4.893424472670231e-09
1703.0 4.890394255380193e-09
1704.0 4.887364038090155e-09
1705.0 4.884333820800116e-09
1706.0 4.88130360351008e-09
1707.0 4.878273386220041e-09
1708.0 4.875243168930004e-09
1709.0 4.8722129516399656e-09
1710.0 4.869182734349928e-09
1711.0 4.86615251705989e-09
1712.0 4.8631222997698514e-09
1713.0 4.8605412030099976e-09
1714.0 4.8580797282619195e-09
1715.0 4.85561825351384e-09
1716.0 4.85315677876576e-09
1717.0 4.850695304017682e-09
1718.0 4.848233829269601e-09
1719.0 4.8457723545215225e-09
1720.0 4.843310879773444e-09
1721.0 4.840849405025364e-09
1722.0 4.838387930277284e-09
1723.0 4.835926455529204e-09
1724.0 4.833464980781126e-09
1725.0 4.831003506033046e-09
1726.0 4.8285420312849685e-09
1727.0 4.826080556536888e-09
1728.0 4.823619081788809e-09
1729.0 4.821157607040729e-09
1730.0 4.8186961322926504e-09
1731.0 4.816234657544571e-09
1732.0 4.813773182796491e-09
1733.0 4.811311708048413e-09
1734.0 4.808850233300333e-09
1735.0 4.8063887585522534e-09
1736.0 4.8039272838041745e-09
1737.0 4.801465809056095e-09
1738.0 4.799004334308016e-09
1739.0 4.796542859559937e-09
1740.0 4.794081384811857e-09
1741.0 4.7916199100637775e-09
1742.0 4.789158435315698e-09
1743.0 4.786696960567618e-09
1744.0 4.78423548581954e-09
1745.0 4.78177401107146e-09
1746.0 4.7793125363233805e-09
1747.0 4.776851061575302e-09
1748.0 4.774389586827223e-09
1749.0 4.771928112079142e-09
1750.0 4.769466637331063e-09
1751.0 4.767005162582984e-09
1752.0 4.764543687834905e-09
1753.0 4.762082213086826e-09
1754.0 4.759620738338747e-09
1755.0 4.757159263590668e-09
1756.0 4.754697788842589e-09
1757.0 4.7522363140945085e-09
1758.0 4.74977483934643e-09
1759.0 4.747313364598351e-09
1760.0 4.744851889850271e-09
1761.0 4.742390415102191e-09
1762.0 4.7399289403541115e-09
1763.0 4.737467465606032e-09
1764.0 4.735005990857954e-09
1765.0 4.732544516109874e-09
1766.0 4.730083041361794e-09
1767.0 4.727621566613715e-09
1768.0 4.7251600918656364e-09
1769.0 4.722698617117557e-09
1770.0 4.720237142369477e-09
1771.0 4.717775667621398e-09
1772.0 4.715314192873319e-09
1773.0 4.71285271812524e-09
1774.0 4.71039124337716e-09
1775.0 4.707929768629082e-09
1776.0 4.705468293881002e-09
1777.0 4.703006819132922e-09
1778.0 4.700545344384844e-09
1779.0 4.698083869636763e-09
1780.0 4.695622394888685e-09
1781.0 4.693160920140605e-09
1782.0 4.690699445392525e-09
1783.0 4.688237970644446e-09
1784.0 4.6857764958963665e-09
1785.0 4.683315021148288e-09
1786.0 4.680853546400208e-09
1787.0 4.678392071652129e-09
1788.0 4.67593059690405e-09
1789.0 4.67346912215597e-09
1790.0 4.671007647407891e-09
1791.0 4.6685461726598126e-09
1792.0 4.666084697911733e-09
1793.0 4.663623223163653e-09
1794.0 4.661161748415573e-09
1795.0 4.658700273667495e-09
1796.0 4.6562387989194156e-09
1797.0 4.653777324171335e-09
1798.0 4.651315849423256e-09
1799.0 4.648854374675176e-09
1800.0 4.646392899927098e-09
1801.0 4.6439314251790186e-09
1802.0 4.641469950430939e-09
1803.0 4.639008475682861e-09
1804.0 4.636547000934781e-09
1805.0 4.634085526186701e-09
1806.0 4.6316240514386224e-09
1807.0 4.629162576690543e-09
1808.0 4.626701101942464e-09
1809.0 4.624239627194385e-09
1810.0 4.621778152446305e-09
1811.0 4.619316677698226e-09
1812.0 4.6168552029501465e-09
1813.0 4.614393728202067e-09
1814.0 4.611932253453987e-09
1815.0 4.609470778705909e-09
1816.0 4.607009303957829e-09
1817.0 4.6045478292097495e-09
1818.0 4.6020863544616715e-09
1819.0 4.59962487971359e-09
1820.0 4.597163404965512e-09
1821.0 4.594701930217432e-09
1822.0 4.592240455469354e-09
1823.0 4.589778980721274e-09
1824.0 4.587317505973194e-09
1825.0 4.584856031225115e-09
1826.0 4.582394556477035e-09
1827.0 4.579933081728956e-09
1828.0 4.5774716069808775e-09
1829.0 4.575010132232798e-09
1830.0 4.572548657484718e-09
1831.0 4.57008718273664e-09
1832.0 4.56762570798856e-09
1833.0 4.5651642332404805e-09
1834.0 4.562702758492401e-09
1835.0 4.560241283744323e-09
1836.0 4.557779808996241e-09
1837.0 4.555318334248162e-09
1838.0 4.5528568595000835e-09
1839.0 4.550395384752004e-09
1840.0 4.547933910003926e-09
1841.0 4.545472435255846e-09
1842.0 4.543010960507766e-09
1843.0 4.540549485759687e-09
1844.0 4.538088011011608e-09
1845.0 4.5360685432033435e-09
1846.0 4.5340940904390375e-09
1847.0 4.5321196376747315e-09
1848.0 4.5301451849104255e-09
1849.0 4.5281707321461195e-09
1850.0 4.5261962793818135e-09
1851.0 4.5242218266175075e-09
1852.0 4.522247373853202e-09
1853.0 4.520272921088896e-09
1854.0 4.5182984683245895e-09
1855.0 4.5163240155602835e-09
1856.0 4.5143495627959775e-09
1857.0 4.512375110031672e-09
1858.0 4.510400657267366e-09
1859.0 4.5084262045030595e-09
1860.0 4.5064517517387535e-09
1861.0 4.504477298974449e-09
1862.0 4.502502846210143e-09
1863.0 4.500528393445836e-09
1864.0 4.49855394068153e-09
1865.0 4.496579487917225e-09
1866.0 4.494605035152919e-09
1867.0 4.492630582388612e-09
1868.0 4.490656129624307e-09
1869.0 4.488681676860001e-09
1870.0 4.486707224095695e-09
1871.0 4.484732771331389e-09
1872.0 4.482758318567082e-09
1873.0 4.480783865802776e-09
1874.0 4.478809413038471e-09
1875.0 4.476834960274165e-09
1876.0 4.474860507509861e-09
1877.0 4.472886054745553e-09
1878.0 4.470911601981247e-09
1879.0 4.468937149216942e-09
1880.0 4.466962696452636e-09
1881.0 4.46498824368833e-09
1882.0 4.463013790924024e-09
1883.0 4.461039338159718e-09
1884.0 4.459064885395412e-09
1885.0 4.457090432631107e-09
1886.0 4.455115979866799e-09
1887.0 4.453141527102494e-09
1888.0 4.451167074338188e-09
1889.0 4.449192621573883e-09
1890.0 4.447218168809577e-09
1891.0 4.445243716045271e-09
1892.0 4.443269263280965e-09
1893.0 4.441294810516659e-09
1894.0 4.439320357752353e-09
1895.0 4.437345904988046e-09
1896.0 4.43537145222374e-09
1897.0 4.433396999459435e-09
1898.0 4.431422546695129e-09
1899.0 4.429448093930823e-09
1900.0 4.427473641166517e-09
1901.0 4.425499188402211e-09
1902.0 4.423524735637906e-09
1903.0 4.4215502828736e-09
1904.0 4.419575830109293e-09
1905.0 4.417601377344987e-09
1906.0 4.415626924580682e-09
1907.0 4.413652471816376e-09
1908.0 4.4116780190520705e-09
1909.0 4.409703566287764e-09
1910.0 4.407729113523458e-09
1911.0 4.405754660759152e-09
1912.0 4.4037802079948465e-09
1913.0 4.40180575523054e-09
1914.0 4.3998313024662345e-09
1915.0 4.3978568497019285e-09
1916.0 4.395882396937622e-09
1917.0 4.3939079441733165e-09
1918.0 4.39193349140901e-09
1919.0 4.389959038644704e-09
1920.0 4.3879845858803986e-09
1921.0 4.386010133116093e-09
1922.0 4.384035680351786e-09
1923.0 4.3820612275874806e-09
1924.0 4.3800867748231746e-09
1925.0 4.378112322058869e-09
1926.0 4.376137869294563e-09
1927.0 4.374163416530257e-09
1928.0 4.3721889637659506e-09
1929.0 4.370214511001645e-09
1930.0 4.368240058237339e-09
1931.0 4.366265605473033e-09
1932.0 4.364291152708727e-09
1933.0 4.362316699944421e-09
1934.0 4.360342247180115e-09
1935.0 4.358367794415809e-09
1936.0 4.356393341651504e-09
1937.0 4.354418888887198e-09
1938.0 4.352444436122893e-09
1939.0 4.350469983358585e-09
1940.0 4.34849553059428e-09
1941.0 4.346521077829975e-09
1942.0 4.344546625065668e-09
1943.0 4.342572172301362e-09
1944.0 4.340597719537057e-09
1945.0 4.33862326677275e-09
1946.0 4.336648814008444e-09
1947.0 4.334674361244139e-09
1948.0 4.332699908479833e-09
1949.0 4.330725455715527e-09
1950.0 4.328751002951221e-09
1951.0 4.326776550186915e-09
1952.0 4.324802097422609e-09
1953.0 4.322827644658304e-09
1954.0 4.320853191893997e-09
1955.0 4.31887873912969e-09
1956.0 4.316904286365385e-09
1957.0 4.31492983360108e-09
1958.0 4.312955380836773e-09
1959.0 4.310980928072468e-09
1960.0 4.309006475308162e-09
1961.0 4.307032022543856e-09
1962.0 4.305057569779551e-09
1963.0 4.303083117015244e-09
1964.0 4.301108664250938e-09
1965.0 4.299134211486632e-09
1966.0 4.297159758722326e-09
1967.0 4.295185305958021e-09
1968.0 4.2932108531937156e-09
1969.0 4.291236400429408e-09
1970.0 4.289261947665103e-09
1971.0 4.287287494900797e-09
1972.0 4.28531304213649e-09
1973.0 4.283338589372185e-09
1974.0 4.2813641366078796e-09
1975.0 4.279389683843573e-09
1976.0 4.277415231079267e-09
1977.0 4.2754407783149616e-09
1978.0 4.273466325550655e-09
1979.0 4.271491872786349e-09
1980.0 4.2695174200220436e-09
1981.0 4.267542967257737e-09
1982.0 4.2655685144934316e-09
1983.0 4.263594061729125e-09
1984.0 4.2616196089648196e-09
1985.0 4.2596451562005136e-09
1986.0 4.257670703436208e-09
1987.0 4.255879060258751e-09
1988.0 4.254115382958851e-09
1989.0 4.252351705658951e-09
1990.0 4.250588028359052e-09
1991.0 4.248824351059153e-09
1992.0 4.247060673759253e-09
1993.0 4.245296996459354e-09
1994.0 4.243533319159454e-09
1995.0 4.2417696418595545e-09
1996.0 4.240005964559655e-09
1997.0 4.238242287259755e-09
1998.0 4.236478609959855e-09
1999.0 4.2347149326599564e-09
2000.0 4.232951255360057e-09
2001.0 4.231187578060156e-09
2002.0 4.229423900760257e-09
2003.0 4.227660223460358e-09
2004.0 4.225896546160458e-09
2005.0 4.224132868860558e-09
2006.0 4.222369191560659e-09
2007.0 4.22060551426076e-09
2008.0 4.2188418369608605e-09
2009.0 4.217078159660961e-09
2010.0 4.215314482361062e-09
2011.0 4.213550805061162e-09
2012.0 4.211787127761262e-09
2013.0 4.210023450461363e-09
2014.0 4.208259773161464e-09
2015.0 4.206496095861564e-09
2016.0 4.204732418561664e-09
2017.0 4.202968741261765e-09
2018.0 4.201205063961866e-09
2019.0 4.199441386661965e-09
2020.0 4.197677709362066e-09
2021.0 4.195914032062166e-09
2022.0 4.194150354762267e-09
2023.0 4.192386677462367e-09
2024.0 4.190623000162468e-09
2025.0 4.1888593228625675e-09
2026.0 4.187095645562669e-09
2027.0 4.18533196826277e-09
2028.0 4.18356829096287e-09
2029.0 4.18180461366297e-09
2030.0 4.180040936363071e-09
2031.0 4.178277259063172e-09
2032.0 4.176513581763272e-09
2033.0 4.174749904463372e-09
2034.0 4.172986227163473e-09
2035.0 4.1712225498635735e-09
2036.0 4.169458872563674e-09
2037.0 4.167695195263774e-09
2038.0 4.165931517963875e-09
2039.0 4.164167840663975e-09
2040.0 4.162404163364076e-09
2041.0 4.160640486064177e-09
2042.0 4.158876808764276e-09
2043.0 4.1571131314643765e-09
2044.0 4.1553494541644776e-09
2045.0 4.153585776864577e-09
2046.0 4.151822099564678e-09
2047.0 4.150058422264779e-09
2048.0 4.1482947449648795e-09
2049.0 4.14653106766498e-09
2050.0 4.144767390365081e-09
2051.0 4.143003713065181e-09
2052.0 4.141240035765281e-09
2053.0 4.139476358465382e-09
2054.0 4.137712681165483e-09
2055.0 4.135949003865583e-09
2056.0 4.134185326565683e-09
2057.0 4.132421649265784e-09
2058.0 4.130657971965885e-09
2059.0 4.128894294665985e-09
2060.0 4.127130617366085e-09
2061.0 4.125366940066185e-09
2062.0 4.1236032627662865e-09
2063.0 4.121839585466386e-09
2064.0 4.120075908166487e-09
2065.0 4.1183122308665865e-09
2066.0 4.1165485535666876e-09
2067.0 4.114784876266789e-09
2068.0 4.113021198966889e-09
2069.0 4.111257521666989e-09
2070.0 4.10949384436709e-09
2071.0 4.1077301670671906e-09
2072.0 4.105966489767291e-09
2073.0 4.104202812467391e-09
2074.0 4.102439135167492e-09
2075.0 4.1006754578675925e-09
2076.0 4.098911780567693e-09
2077.0 4.097148103267793e-09
2078.0 4.095384425967894e-09
2079.0 4.093620748667994e-09
2080.0 4.091857071368095e-09
2081.0 4.090093394068196e-09
2082.0 4.088329716768296e-09
2083.0 4.086566039468396e-09
2084.0 4.0848023621684965e-09
2085.0 4.083038684868596e-09
2086.0 4.081275007568697e-09
2087.0 4.079511330268797e-09
2088.0 4.0777476529688984e-09
2089.0 4.075983975668999e-09
2090.0 4.0742202983691e-09
2091.0 4.0724566210692e-09
2092.0 4.0706929437693e-09
2093.0 4.068929266469401e-09
2094.0 4.067165589169502e-09
2095.0 4.065401911869602e-09
2096.0 4.063638234569702e-09
2097.0 4.061874557269803e-09
2098.0 4.060110879969904e-09
2099.0 4.058347202670004e-09
2100.0 4.056583525370104e-09
2101.0 4.054819848070204e-09
2102.0 4.0530561707703055e-09
2103.0 4.051292493470405e-09
2104.0 4.049528816170507e-09
2105.0 4.047765138870606e-09
2106.0 4.0460014615707066e-09
2107.0 4.044237784270808e-09
2108.0 4.042474106970908e-09
2109.0 4.040710429671007e-09
2110.0 4.0389467523711085e-09
2111.0 4.0371830750712096e-09
2112.0 4.035419397771311e-09
2113.0 4.03365572047141e-09
2114.0 4.031892043171511e-09
2115.0 4.0301283658716115e-09
2116.0 4.028364688571712e-09
2117.0 4.026601011271812e-09
2118.0 4.024837333971913e-09
2119.0 4.023073656672013e-09
2120.0 4.021309979372114e-09
2121.0 4.019546302072215e-09
2122.0 4.017782624772315e-09
2123.0 4.0160189474724144e-09
2124.0 4.0142552701725155e-09
2125.0 4.012491592872616e-09
2126.0 4.010727915572716e-09
2127.0 4.008964238272816e-09
2128.0 4.007200560972918e-09
2129.0 4.005436883673018e-09
2130.0 4.003673206373118e-09
2131.0 4.001909529073219e-09
2132.0 4.0001458517733185e-09
2133.0 3.9983821744734196e-09
2134.0 3.996618497173521e-09
2135.0 3.994854819873621e-09
2136.0 3.993091142573721e-09
2137.0 3.9913274652738215e-09
2138.0 3.9895637879739226e-09
2139.0 3.987800110674023e-09
2140.0 3.9862735594557436e-09
2141.0 3.984777370419995e-09
2142.0 3.983281181384247e-09
2143.0 3.9817849923485e-09
2144.0 3.980288803312752e-09
2145.0 3.978792614277003e-09
2146.0 3.977296425241255e-09
2147.0 3.975800236205506e-09
2148.0 3.97430404716976e-09
2149.0 3.972807858134011e-09
2150.0 3.971311669098263e-09
2151.0 3.9698154800625146e-09
2152.0 3.9683192910267674e-09
2153.0 3.966823101991019e-09
2154.0 3.965326912955271e-09
2155.0 3.963830723919523e-09
2156.0 3.962334534883774e-09
2157.0 3.960838345848026e-09
2158.0 3.959342156812278e-09
2159.0 3.95784596777653e-09
2160.0 3.9563497787407814e-09
2161.0 3.9548535897050335e-09
2162.0 3.953357400669286e-09
2163.0 3.951861211633538e-09
2164.0 3.95036502259779e-09
2165.0 3.948868833562041e-09
2166.0 3.947372644526293e-09
2167.0 3.945876455490546e-09
2168.0 3.944380266454797e-09
2169.0 3.94288407741905e-09
2170.0 3.941387888383302e-09
2171.0 3.939891699347554e-09
2172.0 3.938395510311805e-09
2173.0 3.936899321276057e-09
2174.0 3.9354031322403095e-09
2175.0 3.933906943204561e-09
2176.0 3.9324107541688136e-09
2177.0 3.930914565133065e-09
2178.0 3.929418376097317e-09
2179.0 3.927922187061569e-09
2180.0 3.926425998025821e-09
2181.0 3.924929808990073e-09
2182.0 3.923433619954324e-09
2183.0 3.921937430918576e-09
2184.0 3.920441241882829e-09
2185.0 3.9189450528470805e-09
2186.0 3.917448863811332e-09
2187.0 3.915952674775584e-09
2188.0 3.914456485739837e-09
2189.0 3.912960296704089e-09
2190.0 3.91146410766834e-09
2191.0 3.909967918632593e-09
2192.0 3.908471729596844e-09
2193.0 3.906975540561096e-09
2194.0 3.905479351525348e-09
2195.0 3.9039831624895994e-09
2196.0 3.902486973453852e-09
2197.0 3.9009907844181035e-09
2198.0 3.899494595382356e-09
2199.0 3.897998406346608e-09
2200.0 3.8965022173108605e-09
2201.0 3.895006028275112e-09
2202.0 3.893509839239363e-09
2203.0 3.892013650203615e-09
2204.0 3.890517461167866e-09
2205.0 3.88902127213212e-09
2206.0 3.8875250830963704e-09
2207.0 3.886028894060623e-09
2208.0 3.8845327050248745e-09
2209.0 3.8830365159891274e-09
2210.0 3.8815403269533795e-09
2211.0 3.8800441379176315e-09
2212.0 3.878547948881882e-09
2213.0 3.877051759846134e-09
2214.0 3.875555570810387e-09
2215.0 3.874059381774639e-09
2216.0 3.872563192738891e-09
2217.0 3.871067003703142e-09
2218.0 3.869570814667394e-09
2219.0 3.868074625631646e-09
2220.0 3.8665784365958984e-09
2221.0 3.86508224756015e-09
2222.0 3.863586058524402e-09
2223.0 3.862089869488654e-09
2224.0 3.860593680452905e-09
2225.0 3.859097491417158e-09
2226.0 3.857601302381409e-09
2227.0 3.856105113345662e-09
2228.0 3.854608924309914e-09
2229.0 3.853112735274166e-09
2230.0 3.851616546238417e-09
2231.0 3.850120357202669e-09
2232.0 3.8486241681669215e-09
2233.0 3.847127979131173e-09
2234.0 3.845631790095426e-09
2235.0 3.844135601059677e-09
2236.0 3.84263941202393e-09
2237.0 3.841143222988181e-09
2238.0 3.839647033952433e-09
2239.0 3.838150844916685e-09
2240.0 3.836654655880936e-09
2241.0 3.835158466845188e-09
2242.0 3.8336622778094404e-09
2243.0 3.8321660887736925e-09
2244.0 3.830669899737944e-09
2245.0 3.829173710702197e-09
2246.0 3.827677521666449e-09
2247.0 3.826181332630701e-09
2248.0 3.824685143594952e-09
2249.0 3.823188954559204e-09
2250.0 3.821692765523455e-09
2251.0 3.820196576487708e-09
2252.0 3.81870038745196e-09
2253.0 3.817204198416212e-09
2254.0 3.8157080093804635e-09
2255.0 3.8142118203447156e-09
2256.0 3.8127156313089685e-09
2257.0 3.81121944227322e-09
2258.0 3.809723253237472e-09
2259.0 3.808227064201724e-09
2260.0 3.806730875165975e-09
2261.0 3.805234686130228e-09
2262.0 3.803738497094479e-09
2263.0 3.802242308058731e-09
2264.0 3.8007461190229825e-09
2265.0 3.799249929987235e-09
2266.0 3.797753740951487e-09
2267.0 3.7962575519157395e-09
2268.0 3.794761362879991e-09
2269.0 3.793265173844242e-09
2270.0 3.791768984808495e-09
2271.0 3.790272795772747e-09
2272.0 3.788776606736998e-09
2273.0 3.78728041770125e-09
2274.0 3.785784228665502e-09
2275.0 3.784288039629755e-09
2276.0 3.782791850594007e-09
2277.0 3.781295661558258e-09
2278.0 3.7797994725225105e-09
2279.0 3.7783032834867625e-09
2280.0 3.776807094451015e-09
2281.0 3.775310905415266e-09
2282.0 3.773814716379518e-09
2283.0 3.77231852734377e-09
2284.0 3.770822338308022e-09
2285.0 3.769326149272273e-09
2286.0 3.767829960236525e-09
2287.0 3.766333771200778e-09
2288.0 3.764837582165029e-09
2289.0 3.7633413931292815e-09
2290.0 3.7618452040935335e-09
2291.0 3.760349015057785e-09
2292.0 3.7588528260220385e-09
2293.0 3.75735663698629e-09
2294.0 3.755860447950542e-09
2295.0 3.754364258914793e-09
2296.0 3.752868069879046e-09
2297.0 3.751371880843297e-09
2298.0 3.749875691807549e-09
2299.0 3.748379502771801e-09
2300.0 3.7468833137360525e-09
2301.0 3.7453871247003045e-09
2302.0 3.7438909356645574e-09
2303.0 3.742394746628809e-09
2304.0 3.7409283002386305e-09
2305.0 3.739675114626432e-09
2306.0 3.738421929014234e-09
2307.0 3.737168743402035e-09
2308.0 3.735915557789837e-09
2309.0 3.7346623721776394e-09
2310.0 3.73340918656544e-09
2311.0 3.732156000953242e-09
2312.0 3.730902815341044e-09
2313.0 3.729649629728845e-09
2314.0 3.728396444116646e-09
2315.0 3.727143258504448e-09
2316.0 3.72589007289225e-09
2317.0 3.724636887280051e-09
2318.0 3.7233837016678525e-09
2319.0 3.7221305160556534e-09
2320.0 3.7208773304434556e-09
2321.0 3.7196241448312574e-09
2322.0 3.718370959219058e-09
2323.0 3.7171177736068605e-09
2324.0 3.715864587994662e-09
2325.0 3.7146114023824633e-09
2326.0 3.713358216770266e-09
2327.0 3.712105031158067e-09
2328.0 3.710851845545868e-09
2329.0 3.7095986599336695e-09
2330.0 3.7083454743214713e-09
2331.0 3.7070922887092723e-09
2332.0 3.7058391030970745e-09
2333.0 3.704585917484875e-09
2334.0 3.703332731872677e-09
2335.0 3.7020795462604794e-09
2336.0 3.70082636064828e-09
2337.0 3.699573175036082e-09
2338.0 3.6983199894238834e-09
2339.0 3.697066803811685e-09
2340.0 3.695813618199487e-09
2341.0 3.6945604325872875e-09
2342.0 3.6933072469750897e-09
2343.0 3.6920540613628907e-09
2344.0 3.6908008757506933e-09
2345.0 3.689547690138494e-09
2346.0 3.688294504526296e-09
2347.0 3.687041318914096e-09
2348.0 3.6857881333018983e-09
2349.0 3.684534947689701e-09
2350.0 3.683281762077502e-09
2351.0 3.6820285764653036e-09
2352.0 3.680775390853105e-09
2353.0 3.6795222052409064e-09
2354.0 3.6782690196287085e-09
2355.0 3.67701583401651e-09
2356.0 3.675762648404311e-09
2357.0 3.6745094627921135e-09
2358.0 3.6732562771799144e-09
2359.0 3.672003091567716e-09
2360.0 3.670749905955517e-09
2361.0 3.6694967203433185e-09
2362.0 3.6682435347311207e-09
2363.0 3.6669903491189224e-09
2364.0 3.6657371635067234e-09
2365.0 3.6644839778945256e-09
2366.0 3.663230792282326e-09
2367.0 3.6619776066701283e-09
2368.0 3.66072442105793e-09
2369.0 3.659471235445732e-09
2370.0 3.6582180498335332e-09
2371.0 3.656964864221335e-09
2372.0 3.655711678609136e-09
2373.0 3.654458492996938e-09
2374.0 3.6532053073847395e-09
2375.0 3.65195212177254e-09
2376.0 3.6506989361603414e-09
2377.0 3.6494457505481436e-09
2378.0 3.648192564935945e-09
2379.0 3.646939379323747e-09
2380.0 3.6456861937115477e-09
2381.0 3.64443300809935e-09
2382.0 3.643179822487152e-09
2383.0 3.6419266368749526e-09
2384.0 3.6406734512627548e-09
2385.0 3.639420265650556e-09
2386.0 3.638167080038357e-09
2387.0 3.6369138944261597e-09
2388.0 3.6356607088139614e-09
2389.0 3.6344075232017624e-09
2390.0 3.6331543375895638e-09
2391.0 3.631901151977365e-09
2392.0 3.6306479663651673e-09
2393.0 3.6293947807529683e-09
2394.0 3.62814159514077e-09
2395.0 3.626888409528571e-09
2396.0 3.6256352239163736e-09
2397.0 3.6243820383041745e-09
2398.0 3.6231288526919763e-09
2399.0 3.6218756670797777e-09
2400.0 3.6206224814675794e-09
2401.0 3.61936929585538e-09
2402.0 3.6181161102431826e-09
2403.0 3.616862924630984e-09
2404.0 3.6156097390187857e-09
2405.0 3.614356553406587e-09
2406.0 3.613103367794389e-09
2407.0 3.6118501821821902e-09
2408.0 3.610596996569991e-09
2409.0 3.6093438109577933e-09
2410.0 3.6080906253455947e-09
2411.0 3.606837439733396e-09
2412.0 3.6055842541211974e-09
2413.0 3.604331068509e-09
2414.0 3.603077882896801e-09
2415.0 3.6018246972846023e-09
2416.0 3.6005715116724045e-09
2417.0 3.599318326060206e-09
2418.0 3.5980651404480064e-09
2419.0 3.5968119548358086e-09
2420.0 3.5955587692236096e-09
2421.0 3.594305583611412e-09
2422.0 3.5930523979992135e-09
2423.0 3.5917992123870145e-09
2424.0 3.5905460267748162e-09
2425.0 3.5892928411626176e-09
2426.0 3.5880396555504186e-09
2427.0 3.586786469938221e-09
2428.0 3.5855332843260225e-09
2429.0 3.584280098713824e-09
2430.0 3.5830269131016265e-09
2431.0 3.5817737274894274e-09
2432.0 3.5805205418772288e-09
2433.0 3.57926735626503e-09
2434.0 3.5780141706528315e-09
2435.0 3.5767609850406333e-09
2436.0 3.575507799428435e-09
2437.0 3.574254613816236e-09
2438.0 3.5730014282040374e-09
2439.0 3.5717482425918396e-09
2440.0 3.570495056979641e-09
2441.0 3.5692418713674427e-09
2442.0 3.567988685755244e-09
2443.0 3.566735500143046e-09
2444.0 3.565482314530847e-09
2445.0 3.564229128918649e-09
2446.0 3.5629759433064503e-09
2447.0 3.5617227576942513e-09
2448.0 3.5604695720820526e-09
2449.0 3.559216386469855e-09
2450.0 3.5579632008576566e-09
2451.0 3.5567100152454584e-09
2452.0 3.5554568296332597e-09
2453.0 3.5542036440210603e-09
2454.0 3.5529504584088625e-09
2455.0 3.5516972727966647e-09
2456.0 3.550444087184466e-09
2457.0 3.5491909015722674e-09
2458.0 3.547937715960069e-09
2459.0 3.546684530347871e-09
2460.0 3.5454313447356715e-09
2461.0 3.544178159123474e-09
2462.0 3.5429249735112746e-09
2463.0 3.5416717878990764e-09
2464.0 3.5404186022868777e-09
2465.0 3.539165416674679e-09
2466.0 3.5379122310624813e-09
2467.0 3.5366590454502822e-09
2468.0 3.5354058598380836e-09
2469.0 3.534152674225886e-09
2470.0 3.532899488613687e-09
2471.0 3.531646303001489e-09
2472.0 3.5303931173892903e-09
2473.0 3.5291399317770912e-09
2474.0 3.527886746164894e-09
2475.0 3.526633560552696e-09
2476.0 3.5253803749404966e-09
2477.0 3.524127189328298e-09
2478.0 3.5228740037161e-09
2479.0 3.521620818103901e-09
2480.0 3.5203676324917024e-09
2481.0 3.519114446879504e-09
2482.0 3.5179359737899666e-09
2483.0 3.5167947283786648e-09
2484.0 3.5156534829673638e-09
2485.0 3.514512237556063e-09
2486.0 3.513370992144761e-09
2487.0 3.5122297467334608e-09
2488.0 3.5110885013221593e-09
2489.0 3.5099472559108588e-09
2490.0 3.508806010499557e-09
2491.0 3.5076647650882555e-09
2492.0 3.506523519676955e-09
2493.0 3.5053822742656535e-09
2494.0 3.5042410288543525e-09
2495.0 3.503099783443051e-09
2496.0 3.5019585380317493e-09
2497.0 3.5008172926204495e-09
2498.0 3.499676047209147e-09
2499.0 3.4985348017978467e-09
2500.0 3.4973935563865444e-09
2501.0 3.496252310975244e-09
2502.0 3.495111065563943e-09
2503.0 3.493969820152641e-09
2504.0 3.492828574741341e-09
2505.0 3.4916873293300386e-09
2506.0 3.490546083918738e-09
2507.0 3.4894048385074366e-09
2508.0 3.488263593096135e-09
2509.0 3.4871223476848346e-09
2510.0 3.485981102273533e-09
2511.0 3.4848398568622313e-09
2512.0 3.483698611450931e-09
2513.0 3.4825573660396297e-09
2514.0 3.4814161206283287e-09
2515.0 3.4802748752170273e-09
2516.0 3.479133629805726e-09
2517.0 3.4779923843944253e-09
2518.0 3.476851138983124e-09
2519.0 3.475709893571822e-09
2520.0 3.4745686481605206e-09
2521.0 3.4734274027492192e-09
2522.0 3.472286157337919e-09
2523.0 3.4711449119266176e-09
2524.0 3.470003666515316e-09
2525.0 3.4688624211040148e-09
2526.0 3.467721175692714e-09
2527.0 3.466579930281413e-09
2528.0 3.4654386848701114e-09
2529.0 3.4642974394588108e-09
2530.0 3.4631561940475094e-09
2531.0 3.462014948636208e-09
2532.0 3.4608737032249065e-09
2533.0 3.459732457813606e-09
2534.0 3.458591212402305e-09
2535.0 3.4574499669910035e-09
2536.0 3.456308721579702e-09
2537.0 3.4551674761684015e-09
2538.0 3.4540262307570993e-09
2539.0 3.452884985345799e-09
2540.0 3.4517437399344977e-09
2541.0 3.4506024945231962e-09
2542.0 3.4494612491118952e-09
2543.0 3.448320003700594e-09
2544.0 3.4471787582892924e-09
2545.0 3.446037512877992e-09
2546.0 3.4448962674666904e-09
2547.0 3.443755022055389e-09
2548.0 3.4426137766440884e-09
2549.0 3.4414725312327866e-09
2550.0 3.4403312858214856e-09
2551.0 3.4391900404101837e-09
2552.0 3.4380487949988836e-09
2553.0 3.436907549587582e-09
2554.0 3.435766304176281e-09
2555.0 3.4346250587649793e-09
2556.0 3.4334838133536783e-09
2557.0 3.4323425679423777e-09
2558.0 3.431201322531076e-09
2559.0 3.4300600771197753e-09
2560.0 3.428918831708474e-09
2561.0 3.4277775862971725e-09
2562.0 3.4266363408858715e-09
2563.0 3.42549509547457e-09
2564.0 3.4243538500632686e-09
2565.0 3.4232126046519684e-09
2566.0 3.4220713592406658e-09
2567.0 3.4209301138293656e-09
2568.0 3.4197888684180634e-09
2569.0 3.418647623006763e-09
2570.0 3.4175063775954618e-09
2571.0 3.4163651321841604e-09
2572.0 3.4152238867728598e-09
2573.0 3.4140826413615575e-09
2574.0 3.412941395950257e-09
2575.0 3.4118001505389555e-09
2576.0 3.4106589051276553e-09
2577.0 3.4095176597163535e-09
2578.0 3.408376414305052e-09
2579.0 3.4072351688937515e-09
2580.0 3.40609392348245e-09
2581.0 3.404952678071149e-09
2582.0 3.4038114326598485e-09
2583.0 3.402670187248546e-09
2584.0 3.4015289418372457e-09
2585.0 3.4003876964259442e-09
2586.0 3.399246451014643e-09
2587.0 3.3981052056033414e-09
2588.0 3.3969639601920396e-09
2589.0 3.3958227147807394e-09
2590.0 3.394681469369438e-09
2591.0 3.3935402239581374e-09
2592.0 3.392398978546835e-09
2593.0 3.3912577331355337e-09
2594.0 3.3901164877242344e-09
2595.0 3.388975242312932e-09
2596.0 3.3878339969016316e-09
2597.0 3.3866927514903297e-09
2598.0 3.3855515060790283e-09
2599.0 3.3844102606677277e-09
2600.0 3.3832690152564255e-09
2601.0 3.382127769845125e-09
2602.0 3.380986524433824e-09
2603.0 3.3798452790225225e-09
2604.0 3.378704033611221e-09
2605.0 3.3775627881999205e-09
2606.0 3.3764215427886195e-09
2607.0 3.375280297377318e-09
2608.0 3.3741390519660166e-09
2609.0 3.3729978065547156e-09
2610.0 3.371856561143415e-09
2611.0 3.3707153157321136e-09
2612.0 3.369574070320812e-09
2613.0 3.3684328249095108e-09
2614.0 3.3672915794982098e-09
2615.0 3.366150334086908e-09
2616.0 3.3650090886756074e-09
2617.0 3.3638678432643055e-09
2618.0 3.3627265978530045e-09
2619.0 3.361585352441704e-09
2620.0 3.3604441070304025e-09
2621.0 3.359302861619101e-09
2622.0 3.3581616162078e-09
2623.0 3.3570203707964983e-09
2624.0 3.355879125385198e-09
2625.0 3.3547378799738967e-09
2626.0 3.3535966345625952e-09
2627.0 3.3524553891512942e-09
2628.0 3.351314143739993e-09
2629.0 3.3501728983286914e-09
2630.0 3.3490316529173904e-09
2631.0 3.34789040750609e-09
2632.0 3.3467491620947876e-09
2633.0 3.3456079166834874e-09
2634.0 3.3444666712721856e-09
2635.0 3.3433254258608846e-09
2636.0 3.3421841804495836e-09
2637.0 3.341042935038282e-09
2638.0 3.3399016896269807e-09
2639.0 3.33876044421568e-09
2640.0 3.3376191988043787e-09
2641.0 3.3364779533930773e-09
2642.0 3.335336707981776e-09
2643.0 3.3341954625704745e-09
2644.0 3.3330542171591743e-09
2645.0 3.331912971747873e-09
2646.0 3.330771726336571e-09
2647.0 3.3296304809252705e-09
2648.0 3.328489235513969e-09
2649.0 3.327347990102668e-09
2650.0 3.3262067446913674e-09
2651.0 3.325065499280066e-09
2652.0 3.3239242538687646e-09
2653.0 3.322783008457463e-09
2654.0 3.3216417630461618e-09
2655.0 3.3205005176348604e-09
2656.0 3.3193592722235598e-09
2657.0 3.3182180268122584e-09
2658.0 3.317076781400957e-09
2659.0 3.3159355359896563e-09
2660.0 3.314794290578354e-09
2661.0 3.313653045167054e-09
2662.0 3.3125117997557533e-09
2663.0 3.311370554344451e-09
2664.0 3.3102293089331505e-09
2665.0 3.3090880635218487e-09
2666.0 3.3079468181105473e-09
2667.0 3.3068055726992467e-09
2668.0 3.3056643272879453e-09
2669.0 3.304523081876644e-09
2670.0 3.303381836465343e-09
2671.0 3.3022405910540414e-09
2672.0 3.30109934564274e-09
2673.0 3.300029304062147e-09
2674.0 3.299018925563215e-09
2675.0 3.298008547064282e-09
2676.0 3.29699816856535e-09
2677.0 3.295987790066418e-09
2678.0 3.294977411567486e-09
2679.0 3.293967033068553e-09
2680.0 3.292956654569622e-09
2681.0 3.29194627607069e-09
2682.0 3.2909358975717573e-09
2683.0 3.2899255190728248e-09
2684.0 3.288915140573893e-09
2685.0 3.287904762074961e-09
2686.0 3.286894383576028e-09
2687.0 3.2858840050770963e-09
2688.0 3.2848736265781642e-09
2689.0 3.283863248079232e-09
2690.0 3.2828528695802987e-09
2691.0 3.281842491081368e-09
2692.0 3.280832112582436e-09
2693.0 3.2798217340835032e-09
2694.0 3.278811355584571e-09
2695.0 3.277800977085639e-09
2696.0 3.276790598586707e-09
2697.0 3.275780220087774e-09
2698.0 3.274769841588842e-09
2699.0 3.2737594630899098e-09
2700.0 3.272749084590977e-09
2701.0 3.2717387060920455e-09
2702.0 3.270728327593113e-09
2703.0 3.269717949094181e-09
2704.0 3.2687075705952484e-09
2705.0 3.267697192096316e-09
2706.0 3.2666868135973846e-09
2707.0 3.2656764350984516e-09
2708.0 3.26466605659952e-09
2709.0 3.263655678100588e-09
2710.0 3.262645299601655e-09
2711.0 3.2616349211027228e-09
2712.0 3.2606245426037907e-09
2713.0 3.259614164104859e-09
2714.0 3.258603785605927e-09
2715.0 3.2575934071069948e-09
2716.0 3.2565830286080626e-09
2717.0 3.2555726501091297e-09
2718.0 3.2545622716101976e-09
2719.0 3.2535518931112655e-09
2720.0 3.2525415146123325e-09
2721.0 3.2515311361134004e-09
2722.0 3.2505207576144687e-09
2723.0 3.2495103791155362e-09
2724.0 3.2485000006166045e-09
2725.0 3.2474896221176724e-09
2726.0 3.2464792436187407e-09
2727.0 3.2454688651198074e-09
2728.0 3.2444584866208753e-09
2729.0 3.2434481081219436e-09
2730.0 3.2424377296230114e-09
2731.0 3.2414273511240793e-09
2732.0 3.2404169726251472e-09
2733.0 3.2394065941262155e-09
2734.0 3.238396215627282e-09
2735.0 3.23738583712835e-09
2736.0 3.2363754586294184e-09
2737.0 3.2353650801304863e-09
2738.0 3.234354701631553e-09
2739.0 3.2333443231326204e-09
2740.0 3.232333944633689e-09
2741.0 3.231323566134757e-09
2742.0 3.230313187635824e-09
2743.0 3.2293028091368924e-09
2744.0 3.2282924306379602e-09
2745.0 3.227282052139028e-09
2746.0 3.2262716736400964e-09
2747.0 3.2252612951411635e-09
2748.0 3.2242509166422314e-09
2749.0 3.223240538143299e-09
2750.0 3.222230159644367e-09
2751.0 3.221219781145435e-09
2752.0 3.220209402646503e-09
2753.0 3.2191990241475704e-09
2754.0 3.2181886456486383e-09
2755.0 3.2171782671497062e-09
2756.0 3.2161678886507733e-09
2757.0 3.215157510151842e-09
2758.0 3.214147131652909e-09
2759.0 3.213136753153976e-09
2760.0 3.212126374655044e-09
2761.0 3.2111159961561127e-09
2762.0 3.21010561765718e-09
2763.0 3.209095239158248e-09
2764.0 3.2080848606593164e-09
2765.0 3.207074482160384e-09
2766.0 3.206064103661451e-09
2767.0 3.205053725162519e-09
2768.0 3.2040433466635867e-09
2769.0 3.2030329681646546e-09
2770.0 3.202022589665723e-09
2771.0 3.201012211166791e-09
2772.0 3.200001832667858e-09
2773.0 3.1989914541689257e-09
2774.0 3.197981075669994e-09
2775.0 3.1969706971710615e-09
2776.0 3.19596031867213e-09
2777.0 3.1949499401731977e-09
2778.0 3.1939395616742656e-09
2779.0 3.1929291831753327e-09
2780.0 3.1919188046764006e-09
2781.0 3.1909084261774685e-09
2782.0 3.189898047678536e-09
2783.0 3.188887669179604e-09
2784.0 3.1878772906806713e-09
2785.0 3.18686691218174e-09
2786.0 3.1858565336828075e-09
2787.0 3.184846155183875e-09
2788.0 3.183835776684943e-09
2789.0 3.1828253981860107e-09
2790.0 3.1818150196870786e-09
2791.0 3.1808046411881465e-09
2792.0 3.179794262689215e-09
2793.0 3.178783884190282e-09
2794.0 3.1777735056913498e-09
2795.0 3.1767631271924177e-09
2796.0 3.175752748693486e-09
2797.0 3.1747423701945526e-09
2798.0 3.1737319916956213e-09
2799.0 3.172721613196689e-09
2800.0 3.1717112346977563e-09
2801.0 3.170700856198824e-09
2802.0 3.1696904776998917e-09
2803.0 3.168680099200959e-09
2804.0 3.1676697207020274e-09
2805.0 3.1666593422030945e-09
2806.0 3.1656489637041624e-09
2807.0 3.1646385852052307e-09
2808.0 3.1636282067062986e-09
2809.0 3.1626178282073673e-09
2810.0 3.1616074497084335e-09
2811.0 3.1605970712095023e-09
2812.0 3.1595866927105693e-09
2813.0 3.1585763142116376e-09
2814.0 3.1575659357127055e-09
2815.0 3.1565555572137734e-09
2816.0 3.1555451787148417e-09
2817.0 3.1545348002159084e-09
2818.0 3.1535244217169762e-09
2819.0 3.152514043218044e-09
2820.0 3.1515036647191124e-09
2821.0 3.1504932862201803e-09
2822.0 3.1494829077212474e-09
2823.0 3.148472529222316e-09
2824.0 3.147462150723383e-09
2825.0 3.146451772224451e-09
2826.0 3.145441393725519e-09
2827.0 3.1444310152265864e-09
2828.0 3.1434206367276543e-09
2829.0 3.142410258228722e-09
2830.0 3.14139987972979e-09
2831.0 3.140389501230857e-09
2832.0 3.139379122731925e-09
2833.0 3.1383687442329933e-09
2834.0 3.1373583657340612e-09
2835.0 3.136347987235129e-09
2836.0 3.135337608736196e-09
2837.0 3.134327230237265e-09
2838.0 3.133316851738332e-09
2839.0 3.1323064732394e-09
2840.0 3.131296094740468e-09
2841.0 3.130285716241536e-09
2842.0 3.129275337742602e-09
2843.0 3.128264959243671e-09
2844.0 3.127254580744739e-09
2845.0 3.1262442022458068e-09
2846.0 3.1252338237468747e-09
2847.0 3.124223445247942e-09
2848.0 3.12321306674901e-09
2849.0 3.1222026882500775e-09
2850.0 3.121192309751146e-09
2851.0 3.1201819312522137e-09
2852.0 3.1191715527532816e-09
2853.0 3.118161174254349e-09
2854.0 3.1171507957554178e-09
2855.0 3.116140417256485e-09
2856.0 3.115130038757552e-09
2857.0 3.1141196602586206e-09
2858.0 3.1131092817596885e-09
2859.0 3.112098903260756e-09
2860.0 3.111088524761824e-09
2861.0 3.110078146262892e-09
2862.0 3.1090677677639597e-09
2863.0 3.1080573892650267e-09
2864.0 3.1070470107660946e-09
2865.0 3.1060366322671617e-09
2866.0 3.1050262537682296e-09
2867.0 3.1040158752692975e-09
2868.0 3.1030054967703658e-09
2869.0 3.1019951182714332e-09
2870.0 3.1009847397725015e-09
2871.0 3.0999743612735694e-09
2872.0 3.0989639827746373e-09
2873.0 3.0979536042757044e-09
2874.0 3.0969432257767727e-09
2875.0 3.0959328472778406e-09
2876.0 3.0949224687789076e-09
2877.0 3.0939120902799764e-09
2878.0 3.0929017117810443e-09
2879.0 3.0919825449300403e-09
2880.0 3.0911025470949783e-09
2881.0 3.090222549259916e-09
2882.0 3.0893425514248546e-09
2883.0 3.0884625535897917e-09
2884.0 3.0875825557547292e-09
2885.0 3.0867025579196663e-09
2886.0 3.0858225600846047e-09
2887.0 3.0849425622495422e-09
2888.0 3.0840625644144797e-09
2889.0 3.0831825665794173e-09
2890.0 3.082302568744355e-09
2891.0 3.0814225709092927e-09
2892.0 3.080542573074231e-09
2893.0 3.079662575239168e-09
2894.0 3.0787825774041066e-09
2895.0 3.077902579569044e-09
2896.0 3.0770225817339824e-09
2897.0 3.0761425838989187e-09
2898.0 3.0752625860638562e-09
2899.0 3.074382588228795e-09
2900.0 3.0735025903937325e-09
2901.0 3.0726225925586705e-09
2902.0 3.071742594723607e-09
2903.0 3.0708625968885455e-09
2904.0 3.069982599053483e-09
2905.0 3.06910260121842e-09
2906.0 3.0682226033833585e-09
2907.0 3.0673426055482973e-09
2908.0 3.066462607713234e-09
2909.0 3.065582609878172e-09
2910.0 3.064702612043109e-09
2911.0 3.063822614208047e-09
2912.0 3.0629426163729845e-09
2913.0 3.062062618537922e-09
2914.0 3.0611826207028604e-09
2915.0 3.060302622867798e-09
2916.0 3.0594226250327354e-09
2917.0 3.0585426271976734e-09
2918.0 3.0576626293626105e-09
2919.0 3.0567826315275493e-09
2920.0 3.0559026336924864e-09
2921.0 3.055022635857424e-09
2922.0 3.0541426380223627e-09
2923.0 3.053262640187299e-09
2924.0 3.052382642352237e-09
2925.0 3.0515026445171744e-09
2926.0 3.050622646682112e-09
2927.0 3.0497426488470507e-09
2928.0 3.0488626510119874e-09
2929.0 3.0479826531769254e-09
2930.0 3.047102655341863e-09
2931.0 3.0462226575068012e-09
2932.0 3.045342659671739e-09
2933.0 3.044462661836677e-09
2934.0 3.0435826640016142e-09
2935.0 3.042702666166552e-09
2936.0 3.041822668331489e-09
2937.0 3.0409426704964276e-09
2938.0 3.040062672661365e-09
2939.0 3.039182674826302e-09
2940.0 3.0383026769912406e-09
2941.0 3.037422679156178e-09
2942.0 3.0365426813211157e-09
2943.0 3.0356626834860536e-09
2944.0 3.0347826856509907e-09
2945.0 3.033902687815929e-09
2946.0 3.0330226899808674e-09
2947.0 3.032142692145804e-09
2948.0 3.031262694310742e-09
2949.0 3.0303826964756784e-09
2950.0 3.029502698640618e-09
2951.0 3.028622700805555e-09
2952.0 3.0277427029704926e-09
2953.0 3.02686270513543e-09
2954.0 3.025982707300368e-09
2955.0 3.0251027094653064e-09
2956.0 3.024222711630244e-09
2957.0 3.0233427137951806e-09
2958.0 3.0224627159601194e-09
2959.0 3.021582718125057e-09
2960.0 3.020702720289994e-09
2961.0 3.0198227224549316e-09
2962.0 3.018942724619869e-09
2963.0 3.018062726784808e-09
2964.0 3.0171827289497454e-09
2965.0 3.016302731114683e-09
2966.0 3.015422733279621e-09
2967.0 3.0145427354445584e-09
2968.0 3.013662737609496e-09
2969.0 3.012782739774433e-09
2970.0 3.0119027419393706e-09
2971.0 3.0110227441043093e-09
2972.0 3.010142746269247e-09
2973.0 3.009262748434185e-09
2974.0 3.0083827505991223e-09
2975.0 3.0075027527640594e-09
2976.0 3.0066227549289978e-09
2977.0 3.005742757093935e-09
2978.0 3.0048627592588733e-09
2979.0 3.0039827614238108e-09
2980.0 3.0031027635887483e-09
2981.0 3.002222765753686e-09
2982.0 3.0013427679186238e-09
2983.0 3.0004627700835613e-09
2984.0 2.9995827722484997e-09
2985.0 2.9987027744134364e-09
2986.0 2.997822776578375e-09
2987.0 2.996942778743312e-09
2988.0 2.9960627809082498e-09
2989.0 2.995182783073188e-09
2990.0 2.994302785238126e-09
2991.0 2.9934227874030628e-09
2992.0 2.992542789568001e-09
2993.0 2.991662791732938e-09
2994.0 2.9907827938978766e-09
2995.0 2.989902796062814e-09
2996.0 2.989022798227753e-09
2997.0 2.9881428003926896e-09
2998.0 2.9872628025576263e-09
2999.0 2.9863828047225646e-09
3000.0 2.9855028068875026e-09
3001.0 2.9846228090524393e-09
3002.0 2.983742811217378e-09
3003.0 2.982862813382316e-09
3004.0 2.981982815547253e-09
3005.0 2.981102817712191e-09
3006.0 2.9802228198771273e-09
3007.0 2.979342822042066e-09
3008.0 2.9784628242070036e-09
3009.0 2.977582826371942e-09
3010.0 2.9767028285368795e-09
3011.0 2.975822830701817e-09
3012.0 2.9749428328667545e-09
3013.0 2.9740628350316925e-09
3014.0 2.97318283719663e-09
3015.0 2.972302839361568e-09
3016.0 2.9714228415265055e-09
3017.0 2.970542843691444e-09
3018.0 2.969662845856381e-09
3019.0 2.968782848021318e-09
3020.0 2.967902850186256e-09
3021.0 2.967022852351194e-09
3022.0 2.9661428545161323e-09
3023.0 2.96526285668107e-09
3024.0 2.9643828588460065e-09
3025.0 2.9635028610109444e-09
3026.0 2.9626228631758832e-09
3027.0 2.9617428653408207e-09
3028.0 2.9608628675057583e-09
3029.0 2.959982869670696e-09
3030.0 2.9591028718356333e-09
3031.0 2.9582228740005713e-09
3032.0 2.957342876165509e-09
3033.0 2.9564628783304467e-09
3034.0 2.9555828804953843e-09
3035.0 2.954702882660323e-09
3036.0 2.9538228848252597e-09
3037.0 2.9529428869901972e-09
3038.0 2.9520628891551348e-09
3039.0 2.9511828913200727e-09
3040.0 2.9503028934850107e-09
3041.0 2.949422895649948e-09
3042.0 2.9485428978148865e-09
3043.0 2.9476628999798236e-09
3044.0 2.946782902144761e-09
3045.0 2.9459029043096995e-09
3046.0 2.9450229064746362e-09
3047.0 2.944142908639574e-09
3048.0 2.9432629108045125e-09
3049.0 2.9423829129694492e-09
3050.0 2.941502915134388e-09
3051.0 2.9406229172993255e-09
3052.0 2.9397429194642626e-09
3053.0 2.938862921629201e-09
3054.0 2.9379829237941385e-09
3055.0 2.9371029259590756e-09
3056.0 2.936222928124014e-09
3057.0 2.9353429302889507e-09
3058.0 2.9344629324538894e-09
3059.0 2.933582934618826e-09
3060.0 2.9327029367837645e-09
3061.0 2.9318229389487024e-09
3062.0 2.93094294111364e-09
3063.0 2.9300629432785775e-09
3064.0 2.929182945443515e-09
3065.0 2.928302947608452e-09
3066.0 2.927422949773391e-09
3067.0 2.9265429519383284e-09
3068.0 2.9256629541032664e-09
3069.0 2.924782956268204e-09
3070.0 2.9239029584331414e-09
3071.0 2.9230229605980794e-09
3072.0 2.922142962763017e-09
3073.0 2.921262964927954e-09
3074.0 2.9203829670928923e-09
3075.0 2.91950296925783e-09
3076.0 2.9186229714227674e-09
3077.0 2.9177429735877053e-09
3078.0 2.916862975752643e-09
3079.0 2.9159829779175804e-09
3080.0 2.9151029800825183e-09
3081.0 2.9142229822474567e-09
3082.0 2.9133429844123942e-09
3083.0 2.912462986577331e-09
3084.0 2.9115829887422697e-09
3085.0 2.910702990907207e-09
3086.0 2.909822993072145e-09
3087.0 2.908942995237082e-09
3088.0 2.90806299740202e-09
3089.0 2.9071829995669573e-09
3090.0 2.9063030017318957e-09
3091.0 2.905423003896833e-09
3092.0 2.9045430060617715e-09
3093.0 2.9036630082267087e-09
3094.0 2.9027830103916474e-09
3095.0 2.9019030125565833e-09
3096.0 2.9010230147215217e-09
3097.0 2.9001430168864596e-09
3098.0 2.899263019051397e-09
3099.0 2.898383021216335e-09
3100.0 2.8975030233812726e-09
