2.0 4.411975909169359e-07
3.0 5.814462845210719e-07
4.0 7.049705587188778e-07
5.0 8.12915977617719e-07
6.0 9.070919453692898e-07
7.0 9.88431055619763e-07
8.0 1.0581217918304527e-06
9.0 1.118276087332825e-06
10.0 1.1690110780069828e-06
11.0 1.2119127118648522e-06
12.0 1.2473184998872585e-06
13.0 1.275005163643337e-06
14.0 1.296887707889999e-06
15.0 1.3138826650507129e-06
16.0 1.3249407309020343e-06
17.0 1.3300587954949837e-06
18.0 1.3316533135058015e-06
19.0 1.3298661218431946e-06
20.0 1.3250646853109356e-06
21.0 1.3152782297487981e-06
22.0 1.3039996367605787e-06
23.0 1.2912840375767289e-06
24.0 1.2760518855203419e-06
25.0 1.2602036512235227e-06
26.0 1.2419300752885185e-06
27.0 1.223509728804554e-06
28.0 1.20426538440369e-06
29.0 1.1849940940616111e-06
30.0 1.1654257811532009e-06
31.0 1.1458574682447906e-06
32.0 1.1263222799526134e-06
33.0 1.1067926698463794e-06
34.0 1.0875067831221668e-06
35.0 1.068510471631666e-06
36.0 1.0495141601411646e-06
37.0 1.0313025449997e-06
38.0 1.013204692799843e-06
39.0 9.952248882943663e-07
40.0 9.784278941908475e-07
41.0 9.616309000873288e-07
42.0 9.449322652792999e-07
43.0 9.291840885236574e-07
44.0 9.134359117680152e-07
45.0 8.976877350123733e-07
46.0 8.828446448502068e-07
47.0 8.681416309330022e-07
48.0 8.534386170157982e-07
49.0 8.392689474855142e-07
50.0 8.259350554381478e-07
51.0 8.126011633907815e-07
52.0 7.992672713434151e-07
53.0 7.866452008511922e-07
54.0 7.744142960392805e-07
55.0 7.621833912273688e-07
56.0 7.499524864154572e-07
57.0 7.382438755759212e-07
58.0 7.268653211496696e-07
59.0 7.154867667234176e-07
60.0 7.041082122971662e-07
61.0 6.930502024113515e-07
62.0 6.828607339401361e-07
63.0 6.726712654689205e-07
64.0 6.62481796997705e-07
65.0 6.522923285264894e-07
66.0 6.427103358285413e-07
67.0 6.335472812700604e-07
68.0 6.243842267115793e-07
69.0 6.152211721530987e-07
70.0 6.060581175946177e-07
71.0 5.972905764618855e-07
72.0 5.888416849480557e-07
73.0 5.803927934342258e-07
74.0 5.71943901920396e-07
75.0 5.634950104065663e-07
76.0 5.551697252701523e-07
77.0 5.476885241898517e-07
78.0 5.40207323109551e-07
79.0 5.327261220292504e-07
80.0 5.252449209489498e-07
81.0 5.177637198686493e-07
82.0 5.105336163546944e-07
83.0 5.039374595677216e-07
84.0 4.973413027807488e-07
85.0 4.907451459937759e-07
86.0 4.841489892068031e-07
87.0 4.775528324198302e-07
88.0 4.709566756328574e-07
89.0 4.649748794185411e-07
90.0 4.589995662712866e-07
91.0 4.5302425312403197e-07
92.0 4.470489399767773e-07
93.0 4.410736268295227e-07
94.0 4.350983136822682e-07
95.0 4.2927813542024587e-07
96.0 4.2403945687525483e-07
97.0 4.188007783302638e-07
98.0 4.135620997852729e-07
99.0 4.0832342124028177e-07
100.0 4.030847426952907e-07
101.0 3.978460641502997e-07
102.0 3.9260738560530887e-07
103.0 3.8805029295605814e-07
104.0 3.835610252274718e-07
105.0 3.790717574988853e-07
106.0 3.745824897702989e-07
107.0 3.7009322204171255e-07
108.0 3.6560395431312605e-07
109.0 3.6111468658453965e-07
110.0 3.566468941707678e-07
111.0 3.526241956109785e-07
112.0 3.4860149705118913e-07
113.0 3.445787984913999e-07
114.0 3.405560999316106e-07
115.0 3.3653340137182116e-07
116.0 3.3251070281203186e-07
117.0 3.2848800425224256e-07
118.0 3.2446530569245325e-07
119.0 3.207573355682184e-07
120.0 3.1728020593368367e-07
121.0 3.1380307629914907e-07
122.0 3.103259466646145e-07
123.0 3.0684881703007986e-07
124.0 3.033716873955453e-07
125.0 2.998945577610107e-07
126.0 2.964174281264761e-07
127.0 2.929402984919414e-07
128.0 2.897258326541013e-07
129.0 2.8682547577430853e-07
130.0 2.8392511889451587e-07
131.0 2.810247620147231e-07
132.0 2.781244051349305e-07
133.0 2.752240482551377e-07
134.0 2.7232369137534506e-07
135.0 2.6942333449555235e-07
136.0 2.6652297761575963e-07
137.0 2.6362262073596697e-07
138.0 2.6093465306920147e-07
139.0 2.5837070271792137e-07
140.0 2.558067523666413e-07
141.0 2.532428020153612e-07
142.0 2.5067885166408117e-07
143.0 2.48114901312801e-07
144.0 2.4555095096152097e-07
145.0 2.429870006102408e-07
146.0 2.404230502589607e-07
147.0 2.378590999076806e-07
148.0 2.353139180649293e-07
149.0 2.33120898165032e-07
150.0 2.3092787826513473e-07
151.0 2.2873485836523762e-07
152.0 2.2654183846534027e-07
153.0 2.2434881856544306e-07
154.0 2.2215579866554584e-07
155.0 2.199627787656486e-07
156.0 2.1776975886575134e-07
157.0 2.1557673896585415e-07
158.0 2.1338371906595688e-07
159.0 2.1119069916605964e-07
160.0 2.0926250959674184e-07
161.0 2.0747388895314448e-07
162.0 2.0568526830954713e-07
163.0 2.0389664766594986e-07
164.0 2.0210802702235256e-07
165.0 2.0031940637875525e-07
166.0 1.9853078573515787e-07
167.0 1.967421650915606e-07
168.0 1.949535444479633e-07
169.0 1.9316492380436595e-07
170.0 1.9137630316076865e-07
171.0 1.8958768251717137e-07
172.0 1.878905319755422e-07
173.0 1.8634173938563575e-07
174.0 1.8479294679572935e-07
175.0 1.8324415420582292e-07
176.0 1.816953616159165e-07
177.0 1.801465690260101e-07
178.0 1.7859777643610368e-07
179.0 1.7704898384619727e-07
180.0 1.755001912562909e-07
181.0 1.739513986663844e-07
182.0 1.7240260607647806e-07
183.0 1.7085381348657163e-07
184.0 1.6930502089666528e-07
185.0 1.6779303119394977e-07
186.0 1.6647062601597483e-07
187.0 1.6514822083799992e-07
188.0 1.6382581566002495e-07
189.0 1.6250341048205006e-07
190.0 1.611810053040751e-07
191.0 1.598586001261002e-07
192.0 1.5853619494812527e-07
193.0 1.5721378977015038e-07
194.0 1.5589138459217544e-07
195.0 1.545689794142005e-07
196.0 1.532465742362256e-07
197.0 1.5192416905825068e-07
198.0 1.5060176388027574e-07
199.0 1.4927935870230088e-07
200.0 1.4819986825602597e-07
201.0 1.4713991482449418e-07
202.0 1.4607996139296242e-07
203.0 1.4502000796143066e-07
204.0 1.439600545298989e-07
205.0 1.429001010983671e-07
206.0 1.4184014766683533e-07
207.0 1.407801942353036e-07
208.0 1.3972024080377183e-07
209.0 1.3866028737224004e-07
210.0 1.3760033394070826e-07
211.0 1.365403805091765e-07
212.0 1.3548042707764474e-07
213.0 1.3442047364611298e-07
214.0 1.3336052021458122e-07
215.0 1.3239701811191243e-07
216.0 1.3150000153054725e-07
217.0 1.3060298494918207e-07
218.0 1.2970596836781688e-07
219.0 1.2880895178645173e-07
220.0 1.2791193520508657e-07
221.0 1.270149186237214e-07
222.0 1.261179020423562e-07
223.0 1.2522088546099102e-07
224.0 1.2432386887962584e-07
225.0 1.2342685229826066e-07
226.0 1.2252983571689548e-07
227.0 1.2163281913553032e-07
228.0 1.2073580255416516e-07
229.0 1.1983878597279996e-07
230.0 1.189417693914348e-07
231.0 1.1805494954825884e-07
232.0 1.1728986443744291e-07
233.0 1.1652477932662694e-07
234.0 1.1575969421581101e-07
235.0 1.1499460910499507e-07
236.0 1.1422952399417914e-07
237.0 1.1346443888336317e-07
238.0 1.1269935377254724e-07
239.0 1.1193426866173129e-07
240.0 1.1116918355091535e-07
241.0 1.104040984400994e-07
242.0 1.0963901332928348e-07
243.0 1.0887392821846751e-07
244.0 1.0810884310765158e-07
245.0 1.0734375799683564e-07
246.0 1.0657867288601968e-07
247.0 1.0581358777520374e-07
248.0 1.0504850266438779e-07
249.0 1.0433035633168484e-07
250.0 1.0372680187544045e-07
251.0 1.0312324741919608e-07
252.0 1.0251969296295164e-07
253.0 1.0191613850670725e-07
254.0 1.0131258405046288e-07
255.0 1.0070902959421842e-07
256.0 1.0010547513797405e-07
257.0 9.950192068172964e-08
258.0 9.889836622548522e-08
259.0 9.829481176924087e-08
260.0 9.769125731299645e-08
261.0 9.708770285675206e-08
262.0 9.648414840050764e-08
263.0 9.588059394426325e-08
264.0 9.527703948801882e-08
265.0 9.467348503177445e-08
266.0 9.406993057553003e-08
267.0 9.346637611928564e-08
268.0 9.28761883310276e-08
269.0 9.237247794356999e-08
270.0 9.186876755611242e-08
271.0 9.136505716865487e-08
272.0 9.086134678119732e-08
273.0 9.035763639373973e-08
274.0 8.985392600628218e-08
275.0 8.93502156188246e-08
276.0 8.884650523136706e-08
277.0 8.83427948439095e-08
278.0 8.783908445645193e-08
279.0 8.733537406899437e-08
280.0 8.683166368153679e-08
281.0 8.632795329407924e-08
282.0 8.58242429066217e-08
283.0 8.532053251916412e-08
284.0 8.481682213170656e-08
285.0 8.431311174424901e-08
286.0 8.380940135679142e-08
287.0 8.330569096933388e-08
288.0 8.28019805818763e-08
289.0 8.233736474163363e-08
290.0 8.191158973074044e-08
291.0 8.148581471984724e-08
292.0 8.1060039708954e-08
293.0 8.063426469806083e-08
294.0 8.02084896871676e-08
295.0 7.978271467627442e-08
296.0 7.93569396653812e-08
297.0 7.893116465448799e-08
298.0 7.850538964359479e-08
299.0 7.807961463270158e-08
300.0 7.765383962180837e-08
301.0 7.722806461091517e-08
302.0 7.680228960002197e-08
303.0 7.637651458912875e-08
304.0 7.595073957823556e-08
305.0 7.552496456734235e-08
306.0 7.509918955644916e-08
307.0 7.467341454555594e-08
308.0 7.424763953466274e-08
309.0 7.382186452376951e-08
310.0 7.339608951287634e-08
311.0 7.29957230579912e-08
312.0 7.26606307059748e-08
313.0 7.232553835395845e-08
314.0 7.199044600194205e-08
315.0 7.165535364992565e-08
316.0 7.13202612979093e-08
317.0 7.09851689458929e-08
318.0 7.06500765938765e-08
319.0 7.031498424186013e-08
320.0 6.997989188984376e-08
321.0 6.964479953782735e-08
322.0 6.930970718581098e-08
323.0 6.897461483379461e-08
324.0 6.863952248177823e-08
325.0 6.830443012976185e-08
326.0 6.796933777774546e-08
327.0 6.763424542572908e-08
328.0 6.729915307371268e-08
329.0 6.69640607216963e-08
330.0 6.662896836967993e-08
331.0 6.629387601766355e-08
332.0 6.595878366564718e-08
333.0 6.56236913136308e-08
334.0 6.528859896161438e-08
335.0 6.497488286328188e-08
336.0 6.470136483021443e-08
337.0 6.4427846797147e-08
338.0 6.415432876407957e-08
339.0 6.388081073101213e-08
340.0 6.360729269794469e-08
341.0 6.333377466487727e-08
342.0 6.306025663180982e-08
343.0 6.278673859874241e-08
344.0 6.251322056567494e-08
345.0 6.223970253260751e-08
346.0 6.196618449954007e-08
347.0 6.169266646647263e-08
348.0 6.14191484334052e-08
349.0 6.114563040033775e-08
350.0 6.087211236727032e-08
351.0 6.059859433420289e-08
352.0 6.032507630113546e-08
353.0 6.005155826806802e-08
354.0 5.977804023500058e-08
355.0 5.950452220193314e-08
356.0 5.923100416886571e-08
357.0 5.895748613579828e-08
358.0 5.868396810273084e-08
359.0 5.841045006966338e-08
360.0 5.8136932036595964e-08
361.0 5.788723702308742e-08
362.0 5.765546230859522e-08
363.0 5.742368759410303e-08
364.0 5.719191287961085e-08
365.0 5.696013816511865e-08
366.0 5.6728363450626455e-08
367.0 5.649658873613427e-08
368.0 5.626481402164209e-08
369.0 5.603303930714991e-08
370.0 5.580126459265774e-08
371.0 5.5569489878165544e-08
372.0 5.533771516367335e-08
373.0 5.510594044918115e-08
374.0 5.487416573468898e-08
375.0 5.4642391020196775e-08
376.0 5.441061630570458e-08
377.0 5.417884159121239e-08
378.0 5.394706687672021e-08
379.0 5.371529216222802e-08
380.0 5.3483517447735825e-08
381.0 5.325174273324365e-08
382.0 5.301996801875146e-08
383.0 5.278819330425928e-08
384.0 5.255641858976709e-08
385.0 5.2324643875274894e-08
386.0 5.209286916078272e-08
387.0 5.186109444629053e-08
388.0 5.1629319731798334e-08
389.0 5.143807751458066e-08
390.0 5.125641561025016e-08
391.0 5.107475370591963e-08
392.0 5.089309180158913e-08
393.0 5.0711429897258604e-08
394.0 5.05297679929281e-08
395.0 5.0348106088597584e-08
396.0 5.016644418426707e-08
397.0 4.998478227993658e-08
398.0 4.9803120375606045e-08
399.0 4.962145847127553e-08
400.0 4.943979656694501e-08
401.0 4.92581346626145e-08
402.0 4.9076472758284005e-08
403.0 4.8894810853953485e-08
404.0 4.8713148949622966e-08
405.0 4.8531487045292446e-08
406.0 4.834982514096194e-08
407.0 4.816816323663141e-08
408.0 4.798650133230092e-08
409.0 4.780483942797042e-08
410.0 4.762317752363989e-08
411.0 4.744151561930937e-08
412.0 4.7259853714978854e-08
413.0 4.7078191810648354e-08
414.0 4.689652990631785e-08
415.0 4.671486800198732e-08
416.0 4.6533206097656814e-08
417.0 4.635154419332631e-08
418.0 4.616988228899579e-08
419.0 4.602143632701241e-08
420.0 4.587633155868455e-08
421.0 4.573122679035669e-08
422.0 4.5586122022028833e-08
423.0 4.5441017253700984e-08
424.0 4.529591248537312e-08
425.0 4.515080771704526e-08
426.0 4.5005702948717417e-08
427.0 4.4860598180389554e-08
428.0 4.47154934120617e-08
429.0 4.4570388643733836e-08
430.0 4.4425283875405973e-08
431.0 4.428017910707813e-08
432.0 4.413507433875026e-08
433.0 4.398996957042242e-08
434.0 4.384486480209456e-08
435.0 4.36997600337667e-08
436.0 4.3554655265438845e-08
437.0 4.340955049711099e-08
438.0 4.3264445728783133e-08
439.0 4.311934096045527e-08
440.0 4.2974236192127415e-08
441.0 4.282913142379956e-08
442.0 4.2684026655471703e-08
443.0 4.253892188714385e-08
444.0 4.2393817118815985e-08
445.0 4.224871235048814e-08
446.0 4.2103607582160273e-08
447.0 4.195850281383242e-08
448.0 4.181339804550457e-08
449.0 4.166829327717671e-08
450.0 4.152318850884886e-08
451.0 4.139322057994217e-08
452.0 4.12695763665036e-08
453.0 4.1145932153065036e-08
454.0 4.1022287939626464e-08
455.0 4.0898643726187905e-08
456.0 4.077499951274934e-08
457.0 4.0651355299310774e-08
458.0 4.052771108587221e-08
459.0 4.040406687243364e-08
460.0 4.028042265899508e-08
461.0 4.0156778445556505e-08
462.0 4.003313423211794e-08
463.0 3.9909490018679374e-08
464.0 3.97858458052408e-08
465.0 3.966220159180224e-08
466.0 3.953855737836367e-08
467.0 3.9414913164925105e-08
468.0 3.9291268951486546e-08
469.0 3.916762473804798e-08
470.0 3.904398052460941e-08
471.0 3.892033631117084e-08
472.0 3.879669209773228e-08
473.0 3.867304788429372e-08
474.0 3.8549403670855146e-08
475.0 3.842575945741658e-08
476.0 3.830211524397802e-08
477.0 3.817847103053945e-08
478.0 3.8054826817100884e-08
479.0 3.793118260366232e-08
480.0 3.780753839022375e-08
481.0 3.768389417678518e-08
482.0 3.7560249963346615e-08
483.0 3.743660574990805e-08
484.0 3.7312961536469484e-08
485.0 3.718989667372048e-08
486.0 3.709304615629951e-08
487.0 3.699619563887853e-08
488.0 3.6899345121457556e-08
489.0 3.680249460403658e-08
490.0 3.67056440866156e-08
491.0 3.660879356919463e-08
492.0 3.651194305177365e-08
493.0 3.641509253435269e-08
494.0 3.63182420169317e-08
495.0 3.622139149951072e-08
496.0 3.6124540982089756e-08
497.0 3.6027690464668766e-08
498.0 3.593083994724779e-08
499.0 3.583398942982682e-08
500.0 3.573713891240584e-08
501.0 3.564028839498487e-08
502.0 3.5543437877563886e-08
503.0 3.544658736014291e-08
504.0 3.534973684272194e-08
505.0 3.525288632530096e-08
506.0 3.515603580787999e-08
507.0 3.5059185290459005e-08
508.0 3.4962334773038035e-08
509.0 3.4865484255617064e-08
510.0 3.476863373819608e-08
511.0 3.467178322077511e-08
512.0 3.4574932703354125e-08
513.0 3.4478082185933154e-08
514.0 3.4381231668512184e-08
515.0 3.428438115109119e-08
516.0 3.4187530633670216e-08
517.0 3.4090680116249245e-08
518.0 3.399382959882827e-08
519.0 3.3896979081407297e-08
520.0 3.380012856398631e-08
521.0 3.370327804656534e-08
522.0 3.3606427529144364e-08
523.0 3.3523363041783045e-08
524.0 3.3447199297572087e-08
525.0 3.33710355533611e-08
526.0 3.329487180915013e-08
527.0 3.3218708064939165e-08
528.0 3.314254432072818e-08
529.0 3.306638057651721e-08
530.0 3.2990216832306236e-08
531.0 3.291405308809526e-08
532.0 3.2837889343884286e-08
533.0 3.276172559967331e-08
534.0 3.268556185546233e-08
535.0 3.260939811125136e-08
536.0 3.253323436704038e-08
537.0 3.2457070622829414e-08
538.0 3.238090687861843e-08
539.0 3.230474313440746e-08
540.0 3.222857939019648e-08
541.0 3.2152415645985514e-08
542.0 3.2076251901774535e-08
543.0 3.2000088157563564e-08
544.0 3.192392441335259e-08
545.0 3.1847760669141614e-08
546.0 3.1771596924930635e-08
547.0 3.1695433180719663e-08
548.0 3.161926943650869e-08
549.0 3.154310569229771e-08
550.0 3.146694194808674e-08
551.0 3.139077820387576e-08
552.0 3.131461445966479e-08
553.0 3.123845071545381e-08
554.0 3.116228697124284e-08
555.0 3.108612322703187e-08
556.0 3.100995948282089e-08
557.0 3.093379573860991e-08
558.0 3.085763199439894e-08
559.0 3.078146825018797e-08
560.0 3.070530450597699e-08
561.0 3.062914076176602e-08
562.0 3.0552977017555054e-08
563.0 3.0481713310048614e-08
564.0 3.0416841338571774e-08
565.0 3.035196936709494e-08
566.0 3.028709739561811e-08
567.0 3.0222225424141286e-08
568.0 3.015735345266445e-08
569.0 3.009248148118761e-08
570.0 3.002760950971079e-08
571.0 2.996273753823395e-08
572.0 2.989786556675714e-08
573.0 2.983299359528029e-08
574.0 2.976812162380347e-08
575.0 2.970324965232664e-08
576.0 2.9638377680849803e-08
577.0 2.9573505709372966e-08
578.0 2.9508633737896135e-08
579.0 2.9443761766419308e-08
580.0 2.9378889794942478e-08
581.0 2.931401782346565e-08
582.0 2.924914585198881e-08
583.0 2.9184273880511984e-08
584.0 2.9119401909035153e-08
585.0 2.9054529937558316e-08
586.0 2.8989657966081486e-08
587.0 2.892478599460466e-08
588.0 2.8859914023127822e-08
589.0 2.879504205165099e-08
590.0 2.8730170080174164e-08
591.0 2.8665298108697334e-08
592.0 2.8600426137220504e-08
593.0 2.8535554165743677e-08
594.0 2.847068219426684e-08
595.0 2.840581022279001e-08
596.0 2.834093825131318e-08
597.0 2.8276066279836352e-08
598.0 2.821119430835951e-08
599.0 2.8146322336882684e-08
600.0 2.8081450365405857e-08
601.0 2.8016578393929027e-08
602.0 2.795170642245219e-08
603.0 2.788683445097536e-08
604.0 2.782196247949853e-08
605.0 2.7757090508021696e-08
606.0 2.769359412293618e-08
607.0 2.7642130404483698e-08
608.0 2.7590666686031216e-08
609.0 2.753920296757874e-08
610.0 2.7487739249126267e-08
611.0 2.7436275530673788e-08
612.0 2.7384811812221322e-08
613.0 2.733334809376884e-08
614.0 2.728188437531636e-08
615.0 2.7230420656863884e-08
616.0 2.717895693841141e-08
617.0 2.7127493219958932e-08
618.0 2.7076029501506456e-08
619.0 2.7024565783053974e-08
620.0 2.6973102064601488e-08
621.0 2.6921638346149022e-08
622.0 2.687017462769655e-08
623.0 2.6818710909244073e-08
624.0 2.6767247190791594e-08
625.0 2.6715783472339118e-08
626.0 2.666431975388664e-08
627.0 2.6612856035434163e-08
628.0 2.656139231698169e-08
629.0 2.650992859852921e-08
630.0 2.6458464880076738e-08
631.0 2.6407001161624256e-08
632.0 2.6355537443171773e-08
633.0 2.6304073724719307e-08
634.0 2.6252610006266825e-08
635.0 2.6201146287814355e-08
636.0 2.6149682569361873e-08
637.0 2.609821885090939e-08
638.0 2.6046755132456917e-08
639.0 2.599529141400444e-08
640.0 2.5943827695551962e-08
641.0 2.589236397709949e-08
642.0 2.5840900258647014e-08
643.0 2.578943654019454e-08
644.0 2.573797282174206e-08
645.0 2.568650910328958e-08
646.0 2.5635045384837103e-08
647.0 2.558358166638463e-08
648.0 2.553211794793215e-08
649.0 2.5480654229479675e-08
650.0 2.5429190511027193e-08
651.0 2.5377726792574723e-08
652.0 2.532626307412224e-08
653.0 2.527961428516686e-08
654.0 2.5239253505100156e-08
655.0 2.5198892725033453e-08
656.0 2.5158531944966764e-08
657.0 2.511817116490007e-08
658.0 2.507781038483337e-08
659.0 2.503744960476667e-08
660.0 2.4997088824699974e-08
661.0 2.4956728044633275e-08
662.0 2.4916367264566576e-08
663.0 2.4876006484499887e-08
664.0 2.483564570443318e-08
665.0 2.4795284924366492e-08
666.0 2.4754924144299783e-08
667.0 2.471456336423309e-08
668.0 2.4674202584166398e-08
669.0 2.4633841804099706e-08
670.0 2.4593481024033e-08
671.0 2.4553120243966304e-08
672.0 2.45127594638996e-08
673.0 2.4472398683832906e-08
674.0 2.4432037903766207e-08
675.0 2.4391677123699514e-08
676.0 2.435131634363282e-08
677.0 2.4310955563566123e-08
678.0 2.4270594783499417e-08
679.0 2.423023400343272e-08
680.0 2.4189873223366035e-08
681.0 2.414951244329933e-08
682.0 2.4109151663232634e-08
683.0 2.406879088316594e-08
684.0 2.4028430103099236e-08
685.0 2.3988069323032533e-08
686.0 2.394770854296585e-08
687.0 2.3907347762899148e-08
688.0 2.3866986982832452e-08
689.0 2.382662620276575e-08
690.0 2.3786265422699048e-08
691.0 2.3745904642632355e-08
692.0 2.3705543862565663e-08
693.0 2.3665183082498964e-08
694.0 2.3624822302432264e-08
695.0 2.3584461522365565e-08
696.0 2.3544100742298873e-08
697.0 2.350373996223217e-08
698.0 2.3463379182165478e-08
699.0 2.342301840209878e-08
700.0 2.338265762203208e-08
701.0 2.3342296841965384e-08
702.0 2.330193606189868e-08
703.0 2.3262620301282865e-08
704.0 2.3228403697673484e-08
705.0 2.319418709406411e-08
706.0 2.3159970490454732e-08
707.0 2.3125753886845347e-08
708.0 2.309153728323597e-08
709.0 2.3057320679626585e-08
710.0 2.302310407601721e-08
711.0 2.298888747240783e-08
712.0 2.295467086879845e-08
713.0 2.2920454265189067e-08
714.0 2.288623766157969e-08
715.0 2.2852021057970308e-08
716.0 2.2817804454360927e-08
717.0 2.278358785075155e-08
718.0 2.2749371247142168e-08
719.0 2.271515464353279e-08
720.0 2.2680938039923406e-08
721.0 2.2646721436314028e-08
722.0 2.2612504832704647e-08
723.0 2.2578288229095272e-08
724.0 2.2544071625485888e-08
725.0 2.2509855021876506e-08
726.0 2.247563841826713e-08
727.0 2.2441421814657747e-08
728.0 2.240720521104837e-08
729.0 2.2372988607438985e-08
730.0 2.2338772003829604e-08
731.0 2.230455540022023e-08
732.0 2.2270338796610848e-08
733.0 2.2236122193001467e-08
734.0 2.2201905589392083e-08
735.0 2.2167688985782705e-08
736.0 2.2133472382173327e-08
737.0 2.209925577856395e-08
738.0 2.2065039174954565e-08
739.0 2.2030822571345183e-08
740.0 2.1996605967735805e-08
741.0 2.1962389364126428e-08
742.0 2.1928172760517046e-08
743.0 2.1893956156907662e-08
744.0 2.185973955329828e-08
745.0 2.1825522949688903e-08
746.0 2.1791306346079522e-08
747.0 2.1757089742470144e-08
748.0 2.1722873138860766e-08
749.0 2.1688656535251385e-08
750.0 2.1654439931642007e-08
751.0 2.1620223328032623e-08
752.0 2.1586006724423245e-08
753.0 2.1551790120813867e-08
754.0 2.1517573517204482e-08
755.0 2.14833569135951e-08
756.0 2.1449140309985723e-08
757.0 2.1415148861302906e-08
758.0 2.138736942199446e-08
759.0 2.1359589982686017e-08
760.0 2.133181054337758e-08
761.0 2.130403110406913e-08
762.0 2.1276251664760694e-08
763.0 2.1248472225452246e-08
764.0 2.1220692786143808e-08
765.0 2.119291334683536e-08
766.0 2.1165133907526916e-08
767.0 2.1137354468218478e-08
768.0 2.1109575028910037e-08
769.0 2.108179558960159e-08
770.0 2.1054016150293145e-08
771.0 2.10262367109847e-08
772.0 2.0998457271676263e-08
773.0 2.097067783236782e-08
774.0 2.0942898393059377e-08
775.0 2.0915118953750933e-08
776.0 2.0887339514442495e-08
777.0 2.0859560075134047e-08
778.0 2.0831780635825606e-08
779.0 2.0804001196517162e-08
780.0 2.0776221757208727e-08
781.0 2.074844231790028e-08
782.0 2.072066287859184e-08
783.0 2.0692883439283388e-08
784.0 2.066510399997495e-08
785.0 2.063732456066651e-08
786.0 2.0609545121358064e-08
787.0 2.058176568204962e-08
788.0 2.055398624274118e-08
789.0 2.0526206803432734e-08
790.0 2.0498427364124293e-08
791.0 2.0470647924815846e-08
792.0 2.0442868485507408e-08
793.0 2.0415089046198963e-08
794.0 2.038730960689052e-08
795.0 2.035953016758207e-08
796.0 2.033175072827363e-08
797.0 2.0303971288965192e-08
798.0 2.0276191849656745e-08
799.0 2.024841241034831e-08
800.0 2.0220632971039862e-08
801.0 2.019285353173142e-08
802.0 2.0165074092422977e-08
803.0 2.013729465311454e-08
804.0 2.0109515213806095e-08
805.0 2.0081735774497654e-08
806.0 2.0053956335189206e-08
807.0 2.0026176895880768e-08
808.0 1.9998397456572327e-08
809.0 1.997061801726388e-08
810.0 1.9942838577955435e-08
811.0 1.9915059138646994e-08
812.0 1.988727969933855e-08
813.0 1.9859500260030112e-08
814.0 1.9831720820721667e-08
815.0 1.9803941381413226e-08
816.0 1.978050556067325e-08
817.0 1.975867511292573e-08
818.0 1.97368446651782e-08
819.0 1.971501421743067e-08
820.0 1.9693183769683144e-08
821.0 1.9671353321935622e-08
822.0 1.9649522874188093e-08
823.0 1.9627692426440564e-08
824.0 1.9605861978693038e-08
825.0 1.9584031530945515e-08
826.0 1.956220108319799e-08
827.0 1.9540370635450457e-08
828.0 1.9518540187702934e-08
829.0 1.949670973995541e-08
830.0 1.9474879292207883e-08
831.0 1.9453048844460354e-08
832.0 1.9431218396712828e-08
833.0 1.94093879489653e-08
834.0 1.9387557501217773e-08
835.0 1.9365727053470247e-08
836.0 1.934389660572272e-08
837.0 1.9322066157975192e-08
838.0 1.9300235710227666e-08
839.0 1.927840526248014e-08
840.0 1.9256574814732618e-08
841.0 1.9234744366985085e-08
842.0 1.921291391923756e-08
843.0 1.9191083471490034e-08
844.0 1.9169253023742508e-08
845.0 1.9147422575994982e-08
846.0 1.912559212824746e-08
847.0 1.9103761680499927e-08
848.0 1.90819312327524e-08
849.0 1.9060100785004872e-08
850.0 1.903827033725735e-08
851.0 1.9016439889509824e-08
852.0 1.899460944176229e-08
853.0 1.897277899401477e-08
854.0 1.8950948546267243e-08
855.0 1.8929118098519714e-08
856.0 1.890728765077219e-08
857.0 1.8885457203024662e-08
858.0 1.8863626755277136e-08
859.0 1.8841796307529607e-08
860.0 1.8819965859782085e-08
861.0 1.8798135412034556e-08
862.0 1.8776304964287033e-08
863.0 1.87544745165395e-08
864.0 1.873264406879198e-08
865.0 1.8710813621044452e-08
866.0 1.8688983173296926e-08
867.0 1.86671527255494e-08
868.0 1.864532227780187e-08
869.0 1.862349183005435e-08
870.0 1.860166138230682e-08
871.0 1.857983093455929e-08
872.0 1.8558000486811765e-08
873.0 1.8536170039064242e-08
874.0 1.851433959131671e-08
875.0 1.8492509143569187e-08
876.0 1.847067869582166e-08
877.0 1.8448848248074136e-08
878.0 1.842701780032661e-08
879.0 1.840803333987806e-08
880.0 1.8389248648172325e-08
881.0 1.8370463956466597e-08
882.0 1.8351679264760868e-08
883.0 1.8332894573055136e-08
884.0 1.8314109881349405e-08
885.0 1.8295325189643673e-08
886.0 1.827654049793794e-08
887.0 1.8257755806232206e-08
888.0 1.823897111452648e-08
889.0 1.822018642282075e-08
890.0 1.8201401731115017e-08
891.0 1.818261703940928e-08
892.0 1.8163832347703556e-08
893.0 1.8145047655997825e-08
894.0 1.8126262964292093e-08
895.0 1.810747827258636e-08
896.0 1.808869358088063e-08
897.0 1.8069908889174897e-08
898.0 1.805112419746917e-08
899.0 1.8032339505763437e-08
900.0 1.8013554814057708e-08
901.0 1.799477012235197e-08
902.0 1.7975985430646248e-08
903.0 1.7957200738940513e-08
904.0 1.7938416047234778e-08
905.0 1.7919631355529046e-08
906.0 1.7900846663823314e-08
907.0 1.788206197211759e-08
908.0 1.7863277280411853e-08
909.0 1.784449258870612e-08
910.0 1.782570789700039e-08
911.0 1.7806923205294665e-08
912.0 1.778813851358893e-08
913.0 1.7769353821883198e-08
914.0 1.7750569130177466e-08
915.0 1.7731784438471734e-08
916.0 1.7712999746766005e-08
917.0 1.7694215055060273e-08
918.0 1.767543036335454e-08
919.0 1.765664567164881e-08
920.0 1.7637860979943078e-08
921.0 1.761907628823735e-08
922.0 1.7600291596531614e-08
923.0 1.758150690482589e-08
924.0 1.7562722213120154e-08
925.0 1.7543937521414425e-08
926.0 1.7525152829708693e-08
927.0 1.7506368138002958e-08
928.0 1.748758344629723e-08
929.0 1.74687987545915e-08
930.0 1.745001406288577e-08
931.0 1.7431229371180038e-08
932.0 1.7412444679474306e-08
933.0 1.7393659987768574e-08
934.0 1.7374875296062842e-08
935.0 1.735609060435711e-08
936.0 1.733730591265138e-08
937.0 1.731852122094565e-08
938.0 1.7299736529239918e-08
939.0 1.7280951837534186e-08
940.0 1.7262167145828458e-08
941.0 1.7243382454122726e-08
942.0 1.722459776241699e-08
943.0 1.7205813070711262e-08
944.0 1.7187028379005533e-08
945.0 1.7168243687299798e-08
946.0 1.715040262493031e-08
947.0 1.7134743884233587e-08
948.0 1.7119085143536873e-08
949.0 1.7103426402840152e-08
950.0 1.7087767662143435e-08
951.0 1.7072108921446718e-08
952.0 1.705645018075e-08
953.0 1.7040791440053283e-08
954.0 1.7025132699356562e-08
955.0 1.7009473958659845e-08
956.0 1.6993815217963127e-08
957.0 1.6978156477266407e-08
958.0 1.696249773656969e-08
959.0 1.6946838995872975e-08
960.0 1.693118025517625e-08
961.0 1.691552151447953e-08
962.0 1.6899862773782817e-08
963.0 1.68842040330861e-08
964.0 1.686854529238938e-08
965.0 1.685288655169266e-08
966.0 1.6837227810995944e-08
967.0 1.6821569070299223e-08
968.0 1.6805910329602506e-08
969.0 1.679025158890579e-08
970.0 1.6774592848209068e-08
971.0 1.6758934107512354e-08
972.0 1.6743275366815633e-08
973.0 1.6727616626118912e-08
974.0 1.6711957885422198e-08
975.0 1.6696299144725478e-08
976.0 1.6680640404028763e-08
977.0 1.6664981663332043e-08
978.0 1.664932292263532e-08
979.0 1.6633664181938608e-08
980.0 1.6618005441241887e-08
981.0 1.660234670054517e-08
982.0 1.658668795984845e-08
983.0 1.6571029219151735e-08
984.0 1.6555370478455015e-08
985.0 1.6539711737758297e-08
986.0 1.6524052997061576e-08
987.0 1.650839425636486e-08
988.0 1.6492735515668145e-08
989.0 1.647707677497142e-08
990.0 1.6461418034274704e-08
991.0 1.644575929357799e-08
992.0 1.6430100552881266e-08
993.0 1.6414441812184548e-08
994.0 1.639878307148783e-08
995.0 1.638312433079111e-08
996.0 1.6367465590094393e-08
997.0 1.6351806849397675e-08
998.0 1.633614810870095e-08
999.0 1.632048936800424e-08
1000.0 1.630483062730752e-08
1001.0 1.62891718866108e-08
1002.0 1.6273513145914085e-08
1003.0 1.6257854405217368e-08
1004.0 1.624219566452065e-08
1005.0 1.6226536923823927e-08
1006.0 1.6210878183127212e-08
1007.0 1.6195219442430492e-08
1008.0 1.6179560701733778e-08
1009.0 1.6163901961037057e-08
1010.0 1.614824322034034e-08
1011.0 1.6132584479643622e-08
1012.0 1.6116925738946898e-08
1013.0 1.6101266998250184e-08
1014.0 1.6085608257553467e-08
1015.0 1.6069949516856743e-08
1016.0 1.605429077616003e-08
1017.0 1.6038632035463308e-08
1018.0 1.6022973294766587e-08
1019.0 1.60087303211383e-08
1020.0 1.5996149554045784e-08
1021.0 1.5983568786953268e-08
1022.0 1.597098801986075e-08
1023.0 1.5958407252768237e-08
1024.0 1.5945826485675722e-08
1025.0 1.5933245718583206e-08
1026.0 1.5920664951490694e-08
1027.0 1.5908084184398176e-08
1028.0 1.589550341730566e-08
1029.0 1.5882922650213148e-08
1030.0 1.5870341883120632e-08
1031.0 1.5857761116028117e-08
1032.0 1.58451803489356e-08
1033.0 1.583259958184308e-08
1034.0 1.582001881475057e-08
1035.0 1.5807438047658052e-08
1036.0 1.579485728056554e-08
1037.0 1.5782276513473024e-08
1038.0 1.5769695746380512e-08
1039.0 1.5757114979287997e-08
1040.0 1.574453421219548e-08
1041.0 1.573195344510296e-08
1042.0 1.5719372678010447e-08
1043.0 1.5706791910917935e-08
1044.0 1.569421114382542e-08
1045.0 1.5681630376732897e-08
1046.0 1.5669049609640385e-08
1047.0 1.565646884254787e-08
1048.0 1.5643888075455358e-08
1049.0 1.563130730836284e-08
1050.0 1.5618726541270327e-08
1051.0 1.5606145774177815e-08
1052.0 1.5593565007085296e-08
1053.0 1.558098423999278e-08
1054.0 1.5568403472900268e-08
1055.0 1.555582270580775e-08
1056.0 1.5543241938715234e-08
1057.0 1.5530661171622715e-08
1058.0 1.5518080404530203e-08
1059.0 1.5505499637437688e-08
1060.0 1.5492918870345172e-08
1061.0 1.5480338103252657e-08
1062.0 1.546775733616014e-08
1063.0 1.5455176569067626e-08
1064.0 1.544259580197511e-08
1065.0 1.5430015034882595e-08
1066.0 1.5417434267790083e-08
1067.0 1.5404853500697564e-08
1068.0 1.539227273360505e-08
1069.0 1.5379691966512536e-08
1070.0 1.536711119942002e-08
1071.0 1.5354530432327502e-08
1072.0 1.5341949665234993e-08
1073.0 1.532936889814247e-08
1074.0 1.531678813104996e-08
1075.0 1.5304207363957444e-08
1076.0 1.5291626596864928e-08
1077.0 1.5279045829772413e-08
1078.0 1.52664650626799e-08
1079.0 1.5253884295587375e-08
1080.0 1.5241303528494866e-08
1081.0 1.5228722761402354e-08
1082.0 1.5216141994309832e-08
1083.0 1.520356122721732e-08
1084.0 1.5190980460124808e-08
1085.0 1.5178399693032292e-08
1086.0 1.5165818925939777e-08
1087.0 1.515323815884726e-08
1088.0 1.514065739175475e-08
1089.0 1.5128076624662234e-08
1090.0 1.511549585756972e-08
1091.0 1.5102915090477196e-08
1092.0 1.5090334323384688e-08
1093.0 1.507775355629217e-08
1094.0 1.5065172789199653e-08
1095.0 1.505259202210714e-08
1096.0 1.5040011255014626e-08
1097.0 1.5027441677681045e-08
1098.0 1.5016361745916258e-08
1099.0 1.5005281814151464e-08
1100.0 1.4994201882386673e-08
1101.0 1.4983121950621875e-08
1102.0 1.4972042018857088e-08
1103.0 1.4960962087092297e-08
1104.0 1.49498821553275e-08
1105.0 1.493880222356271e-08
1106.0 1.4927722291797914e-08
1107.0 1.4916642360033127e-08
1108.0 1.490556242826833e-08
1109.0 1.4894482496503537e-08
1110.0 1.4883402564738742e-08
1111.0 1.4872322632973951e-08
1112.0 1.4861242701209162e-08
1113.0 1.485016276944437e-08
1114.0 1.4839082837679577e-08
1115.0 1.4828002905914783e-08
1116.0 1.4816922974149994e-08
1117.0 1.4805843042385198e-08
1118.0 1.4794763110620405e-08
1119.0 1.478368317885561e-08
1120.0 1.477260324709082e-08
1121.0 1.4761523315326028e-08
1122.0 1.4750443383561232e-08
1123.0 1.4739363451796442e-08
1124.0 1.472828352003165e-08
1125.0 1.4717203588266856e-08
1126.0 1.4706123656502061e-08
1127.0 1.4695043724737269e-08
1128.0 1.4683963792972481e-08
1129.0 1.4672883861207685e-08
1130.0 1.4661803929442896e-08
1131.0 1.46507239976781e-08
1132.0 1.463964406591331e-08
1133.0 1.4628564134148517e-08
1134.0 1.4617484202383724e-08
1135.0 1.4606404270618929e-08
1136.0 1.4595324338854136e-08
1137.0 1.4584244407089348e-08
1138.0 1.4573164475324554e-08
1139.0 1.4562084543559763e-08
1140.0 1.4551004611794966e-08
1141.0 1.4539924680030175e-08
1142.0 1.452884474826538e-08
1143.0 1.451776481650059e-08
1144.0 1.4506684884735797e-08
1145.0 1.4495604952971008e-08
1146.0 1.4484525021206217e-08
1147.0 1.4473445089441416e-08
1148.0 1.4462365157676627e-08
1149.0 1.4451285225911834e-08
1150.0 1.4440205294147049e-08
1151.0 1.4429125362382248e-08
1152.0 1.4418045430617458e-08
1153.0 1.4406965498852666e-08
1154.0 1.4395885567087873e-08
1155.0 1.438480563532308e-08
1156.0 1.4373725703558285e-08
1157.0 1.4362645771793497e-08
1158.0 1.43515658400287e-08
1159.0 1.4340485908263909e-08
1160.0 1.4329405976499115e-08
1161.0 1.431832604473432e-08
1162.0 1.4307246112969531e-08
1163.0 1.429616618120474e-08
1164.0 1.4285086249439948e-08
1165.0 1.427400631767515e-08
1166.0 1.4262926385910361e-08
1167.0 1.4251846454145567e-08
1168.0 1.4240766522380781e-08
1169.0 1.4229686590615985e-08
1170.0 1.421860665885119e-08
1171.0 1.42075267270864e-08
1172.0 1.4196446795321604e-08
1173.0 1.4185366863556817e-08
1174.0 1.4174286931792019e-08
1175.0 1.4163207000027231e-08
1176.0 1.4152127068262436e-08
1177.0 1.414104713649764e-08
1178.0 1.412996720473285e-08
1179.0 1.4118887272968058e-08
1180.0 1.4107807341203267e-08
1181.0 1.4096727409438473e-08
1182.0 1.4086429954051102e-08
1183.0 1.4076877757627758e-08
1184.0 1.4067325561204418e-08
1185.0 1.4057773364781075e-08
1186.0 1.404822116835773e-08
1187.0 1.4038668971934388e-08
1188.0 1.402911677551104e-08
1189.0 1.40195645790877e-08
1190.0 1.4010012382664357e-08
1191.0 1.4000460186241013e-08
1192.0 1.399090798981767e-08
1193.0 1.3981355793394326e-08
1194.0 1.397180359697098e-08
1195.0 1.3962251400547642e-08
1196.0 1.3952699204124297e-08
1197.0 1.3943147007700952e-08
1198.0 1.393359481127761e-08
1199.0 1.3924042614854266e-08
1200.0 1.3914490418430918e-08
1201.0 1.3904938222007578e-08
1202.0 1.3895386025584237e-08
1203.0 1.3885833829160894e-08
1204.0 1.3876281632737549e-08
1205.0 1.3866729436314202e-08
1206.0 1.3857177239890861e-08
1207.0 1.3847625043467518e-08
1208.0 1.3838072847044175e-08
1209.0 1.382852065062083e-08
1210.0 1.3818968454197487e-08
1211.0 1.3809416257774145e-08
1212.0 1.37998640613508e-08
1213.0 1.3790311864927458e-08
1214.0 1.3780759668504113e-08
1215.0 1.377120747208077e-08
1216.0 1.3761655275657427e-08
1217.0 1.3752103079234085e-08
1218.0 1.3742550882810737e-08
1219.0 1.3732998686387399e-08
1220.0 1.3723446489964054e-08
1221.0 1.371389429354071e-08
1222.0 1.3704342097117365e-08
1223.0 1.3694789900694023e-08
1224.0 1.3685237704270678e-08
1225.0 1.3675685507847339e-08
1226.0 1.366613331142399e-08
1227.0 1.3656581115000649e-08
1228.0 1.3647028918577303e-08
1229.0 1.3637476722153961e-08
1230.0 1.3627924525730621e-08
1231.0 1.3618372329307275e-08
1232.0 1.3608820132883935e-08
1233.0 1.3599267936460587e-08
1234.0 1.3589715740037246e-08
1235.0 1.3580163543613901e-08
1236.0 1.3570611347190558e-08
1237.0 1.3561059150767218e-08
1238.0 1.3551506954343873e-08
1239.0 1.3541954757920525e-08
1240.0 1.3532402561497187e-08
1241.0 1.3522850365073842e-08
1242.0 1.3513298168650497e-08
1243.0 1.3503745972227154e-08
1244.0 1.349419377580381e-08
1245.0 1.348464157938047e-08
1246.0 1.3475089382957123e-08
1247.0 1.3465537186533777e-08
1248.0 1.3455984990110439e-08
1249.0 1.3446432793687094e-08
1250.0 1.343688059726375e-08
1251.0 1.3427328400840406e-08
1252.0 1.3417776204417061e-08
1253.0 1.3408224007993715e-08
1254.0 1.3398671811570375e-08
1255.0 1.3389119615147035e-08
1256.0 1.3379567418723687e-08
1257.0 1.3370015222300346e-08
1258.0 1.3360463025877003e-08
1259.0 1.3350910829453658e-08
1260.0 1.3341358633030318e-08
1261.0 1.3331806436606975e-08
1262.0 1.3322254240183627e-08
1263.0 1.3312702043760285e-08
1264.0 1.3303149847336942e-08
1265.0 1.32935976509136e-08
1266.0 1.3284045454490258e-08
1267.0 1.3274493258066911e-08
1268.0 1.3264941061643567e-08
1269.0 1.3255388865220223e-08
1270.0 1.3245836668796882e-08
1271.0 1.3236284472373536e-08
1272.0 1.3226732275950194e-08
1273.0 1.3217959194646963e-08
1274.0 1.320993857519534e-08
1275.0 1.3201917955743718e-08
1276.0 1.319389733629209e-08
1277.0 1.3185876716840471e-08
1278.0 1.3177856097388843e-08
1279.0 1.3169835477937217e-08
1280.0 1.3161814858485598e-08
1281.0 1.315379423903397e-08
1282.0 1.3145773619582346e-08
1283.0 1.3137753000130723e-08
1284.0 1.3129732380679097e-08
1285.0 1.3121711761227476e-08
1286.0 1.311369114177585e-08
1287.0 1.3105670522324226e-08
1288.0 1.3097649902872603e-08
1289.0 1.3089629283420977e-08
1290.0 1.3081608663969353e-08
1291.0 1.307358804451773e-08
1292.0 1.3065567425066106e-08
1293.0 1.305754680561448e-08
1294.0 1.3049526186162855e-08
1295.0 1.304150556671123e-08
1296.0 1.3033484947259607e-08
1297.0 1.3025464327807984e-08
1298.0 1.3017443708356363e-08
1299.0 1.3009423088904735e-08
1300.0 1.3001402469453114e-08
1301.0 1.2993381850001485e-08
1302.0 1.2985361230549862e-08
1303.0 1.297734061109824e-08
1304.0 1.2969319991646612e-08
1305.0 1.2961299372194993e-08
1306.0 1.2953278752743367e-08
1307.0 1.2945258133291739e-08
1308.0 1.293723751384012e-08
1309.0 1.2929216894388494e-08
1310.0 1.292119627493687e-08
1311.0 1.291317565548525e-08
1312.0 1.2905155036033622e-08
1313.0 1.2897134416582e-08
1314.0 1.2889113797130373e-08
1315.0 1.2881093177678749e-08
1316.0 1.2873072558227123e-08
1317.0 1.2865051938775499e-08
1318.0 1.2857031319323876e-08
1319.0 1.2849010699872248e-08
1320.0 1.2840990080420629e-08
1321.0 1.2832969460969006e-08
1322.0 1.282494884151738e-08
1323.0 1.2816928222065756e-08
1324.0 1.2808907602614132e-08
1325.0 1.2800886983162509e-08
1326.0 1.2792866363710883e-08
1327.0 1.2784845744259259e-08
1328.0 1.2776825124807636e-08
1329.0 1.2768804505356008e-08
1330.0 1.2760783885904382e-08
1331.0 1.2752763266452763e-08
1332.0 1.2744742647001139e-08
1333.0 1.2736722027549513e-08
1334.0 1.2728701408097893e-08
1335.0 1.2720680788646262e-08
1336.0 1.2712660169194641e-08
1337.0 1.2704639549743018e-08
1338.0 1.2696618930291392e-08
1339.0 1.2688598310839765e-08
1340.0 1.2680577691388142e-08
1341.0 1.267255707193652e-08
1342.0 1.2664536452484898e-08
1343.0 1.2656515833033272e-08
1344.0 1.264849521358165e-08
1345.0 1.2640474594130025e-08
1346.0 1.26324539746784e-08
1347.0 1.2624433355226775e-08
1348.0 1.2616412735775152e-08
1349.0 1.260839211632353e-08
1350.0 1.2600371496871902e-08
1351.0 1.2592350877420278e-08
1352.0 1.2584330257968655e-08
1353.0 1.2576309638517027e-08
1354.0 1.256828901906541e-08
1355.0 1.2560268399613785e-08
1356.0 1.2552247780162158e-08
1357.0 1.2544227160710535e-08
1358.0 1.2536206541258909e-08
1359.0 1.2528185921807286e-08
1360.0 1.2520165302355662e-08
1361.0 1.2512144682904034e-08
1362.0 1.2504124063452415e-08
1363.0 1.2496103444000789e-08
1364.0 1.2488082824549164e-08
1365.0 1.2480062205097542e-08
1366.0 1.2472041585645916e-08
1367.0 1.2464020966194295e-08
1368.0 1.2456000346742669e-08
1369.0 1.2447979727291044e-08
1370.0 1.2439959107839418e-08
1371.0 1.2432339328068891e-08
1372.0 1.2425127298717994e-08
1373.0 1.24179152693671e-08
1374.0 1.2410703240016205e-08
1375.0 1.240349121066531e-08
1376.0 1.2396279181314415e-08
1377.0 1.238906715196352e-08
1378.0 1.2381855122612623e-08
1379.0 1.2374643093261731e-08
1380.0 1.2367431063910834e-08
1381.0 1.236021903455994e-08
1382.0 1.2353007005209046e-08
1383.0 1.234579497585815e-08
1384.0 1.2338582946507255e-08
1385.0 1.2331370917156357e-08
1386.0 1.2324158887805465e-08
1387.0 1.2316946858454571e-08
1388.0 1.2309734829103675e-08
1389.0 1.2302522799752778e-08
1390.0 1.2295310770401881e-08
1391.0 1.228809874105099e-08
1392.0 1.2280886711700094e-08
1393.0 1.22736746823492e-08
1394.0 1.22664626529983e-08
1395.0 1.225925062364741e-08
1396.0 1.2252038594296509e-08
1397.0 1.2244826564945615e-08
1398.0 1.2237614535594726e-08
1399.0 1.2230402506243831e-08
1400.0 1.2223190476892934e-08
1401.0 1.2215978447542037e-08
1402.0 1.2208766418191143e-08
1403.0 1.2201554388840251e-08
1404.0 1.2194342359489352e-08
1405.0 1.218713033013846e-08
1406.0 1.2179918300787561e-08
1407.0 1.2172706271436668e-08
1408.0 1.2165494242085769e-08
1409.0 1.215828221273488e-08
1410.0 1.2151070183383983e-08
1411.0 1.2143858154033086e-08
1412.0 1.213664612468219e-08
1413.0 1.2129434095331295e-08
1414.0 1.21222220659804e-08
1415.0 1.2115010036629511e-08
1416.0 1.210779800727861e-08
1417.0 1.210058597792772e-08
1418.0 1.209337394857682e-08
1419.0 1.2086161919225926e-08
1420.0 1.207894988987503e-08
1421.0 1.2071737860524138e-08
1422.0 1.2064525831173241e-08
1423.0 1.2057313801822346e-08
1424.0 1.2050101772471449e-08
1425.0 1.2042889743120555e-08
1426.0 1.2035677713769663e-08
1427.0 1.2028465684418764e-08
1428.0 1.2021253655067867e-08
1429.0 1.2014041625716973e-08
1430.0 1.200682959636608e-08
1431.0 1.1999617567015186e-08
1432.0 1.1992405537664289e-08
1433.0 1.1985193508313397e-08
1434.0 1.1977981478962501e-08
1435.0 1.1970769449611604e-08
1436.0 1.196355742026071e-08
1437.0 1.195634539090981e-08
1438.0 1.194913336155892e-08
1439.0 1.1941921332208023e-08
1440.0 1.1934709302857129e-08
1441.0 1.1927497273506235e-08
1442.0 1.1920285244155338e-08
1443.0 1.1913073214804441e-08
1444.0 1.190586118545355e-08
1445.0 1.1898649156102653e-08
1446.0 1.1891437126751756e-08
1447.0 1.1884225097400861e-08
1448.0 1.1877013068049969e-08
1449.0 1.1869801038699075e-08
1450.0 1.1862589009348181e-08
1451.0 1.1855376979997281e-08
1452.0 1.184816495064639e-08
1453.0 1.1840952921295493e-08
1454.0 1.1833740891944596e-08
1455.0 1.1826528862593703e-08
1456.0 1.1819316833242805e-08
1457.0 1.1812104803891912e-08
1458.0 1.1804892774541016e-08
1459.0 1.1797680745190121e-08
1460.0 1.1790468715839225e-08
1461.0 1.1783256686488333e-08
1462.0 1.177604465713744e-08
1463.0 1.1768832627786538e-08
1464.0 1.1761620598435645e-08
1465.0 1.175440856908475e-08
1466.0 1.1747196539733856e-08
1467.0 1.1739984510382964e-08
1468.0 1.1732772481032067e-08
1469.0 1.1725560451681172e-08
1470.0 1.1718348422330275e-08
1471.0 1.1711136392979381e-08
1472.0 1.1703924363628485e-08
1473.0 1.1696712334277592e-08
1474.0 1.1689500304926695e-08
1475.0 1.1682288275575801e-08
1476.0 1.1675076246224902e-08
1477.0 1.1668556064629442e-08
1478.0 1.1662085284189752e-08
1479.0 1.1655614503750058e-08
1480.0 1.1649143723310365e-08
1481.0 1.1642672942870675e-08
1482.0 1.163620216243098e-08
1483.0 1.1629731381991288e-08
1484.0 1.1623260601551595e-08
1485.0 1.1616789821111902e-08
1486.0 1.1610319040672208e-08
1487.0 1.1603848260232515e-08
1488.0 1.1597377479792824e-08
1489.0 1.1590906699353131e-08
1490.0 1.158443591891344e-08
1491.0 1.1577965138473744e-08
1492.0 1.1571494358034054e-08
1493.0 1.156502357759436e-08
1494.0 1.1558552797154667e-08
1495.0 1.1552082016714975e-08
1496.0 1.1545611236275281e-08
1497.0 1.153914045583559e-08
1498.0 1.1532669675395897e-08
1499.0 1.1526198894956204e-08
1500.0 1.151972811451651e-08
1501.0 1.1513257334076817e-08
1502.0 1.1506786553637127e-08
1503.0 1.1500315773197431e-08
1504.0 1.1493844992757738e-08
1505.0 1.1487374212318047e-08
1506.0 1.1480903431878354e-08
1507.0 1.1474432651438663e-08
1508.0 1.146796187099897e-08
1509.0 1.1461491090559277e-08
1510.0 1.1455020310119581e-08
1511.0 1.1448549529679891e-08
1512.0 1.1442078749240197e-08
1513.0 1.1435607968800506e-08
1514.0 1.1429137188360813e-08
1515.0 1.142266640792112e-08
1516.0 1.1416195627481429e-08
1517.0 1.1409724847041734e-08
1518.0 1.1403254066602041e-08
1519.0 1.1396783286162348e-08
1520.0 1.1390312505722656e-08
1521.0 1.1383841725282963e-08
1522.0 1.1377370944843272e-08
1523.0 1.1370900164403579e-08
1524.0 1.1364429383963884e-08
1525.0 1.1357958603524193e-08
1526.0 1.1351487823084498e-08
1527.0 1.1345017042644807e-08
1528.0 1.1338546262205113e-08
1529.0 1.1332075481765422e-08
1530.0 1.1325604701325727e-08
1531.0 1.1319133920886034e-08
1532.0 1.1312663140446343e-08
1533.0 1.1306192360006652e-08
1534.0 1.1299721579566959e-08
1535.0 1.1293250799127264e-08
1536.0 1.1286780018687572e-08
1537.0 1.1280309238247879e-08
1538.0 1.1273838457808186e-08
1539.0 1.1267367677368496e-08
1540.0 1.1260896896928803e-08
1541.0 1.1254426116489109e-08
1542.0 1.1247955336049416e-08
1543.0 1.1241484555609723e-08
1544.0 1.123501377517003e-08
1545.0 1.1228542994730339e-08
1546.0 1.1222072214290645e-08
1547.0 1.1215601433850952e-08
1548.0 1.1209130653411262e-08
1549.0 1.1202659872971566e-08
1550.0 1.1196189092531875e-08
1551.0 1.1189718312092182e-08
1552.0 1.1183247531652489e-08
1553.0 1.1176776751212795e-08
1554.0 1.1170305970773105e-08
1555.0 1.1163835190333412e-08
1556.0 1.1157364409893716e-08
1557.0 1.1150893629454026e-08
1558.0 1.1144422849014332e-08
1559.0 1.1137952068574637e-08
1560.0 1.1131481288134946e-08
1561.0 1.1125010507695255e-08
1562.0 1.111853972725556e-08
1563.0 1.1112068946815871e-08
1564.0 1.1105598166376176e-08
1565.0 1.1099127385936482e-08
1566.0 1.1092656605496787e-08
1567.0 1.1086185825057098e-08
1568.0 1.1079715044617405e-08
1569.0 1.1073244264177714e-08
1570.0 1.1066773483738018e-08
1571.0 1.1060302703298326e-08
1572.0 1.1053831922858635e-08
1573.0 1.104736114241894e-08
1574.0 1.104089036197925e-08
1575.0 1.1034419581539557e-08
1576.0 1.1027948801099864e-08
1577.0 1.102147802066017e-08
1578.0 1.1015007240220478e-08
1579.0 1.1008536459780787e-08
1580.0 1.1002065679341092e-08
1581.0 1.0995594898901403e-08
1582.0 1.0989124118461707e-08
1583.0 1.0982653338022015e-08
1584.0 1.0976182557582323e-08
1585.0 1.0969711777142628e-08
1586.0 1.0963240996702935e-08
1587.0 1.0956770216263244e-08
1588.0 1.0950299435823551e-08
1589.0 1.0943828655383858e-08
1590.0 1.0937555809521756e-08
1591.0 1.0931909429145885e-08
1592.0 1.0926263048770014e-08
1593.0 1.0920616668394141e-08
1594.0 1.091497028801827e-08
1595.0 1.0909323907642397e-08
1596.0 1.0903677527266524e-08
1597.0 1.0898031146890655e-08
1598.0 1.089238476651478e-08
1599.0 1.0886738386138909e-08
1600.0 1.0881092005763038e-08
1601.0 1.0875445625387168e-08
1602.0 1.0869799245011292e-08
1603.0 1.0864152864635423e-08
1604.0 1.0858506484259548e-08
1605.0 1.0852860103883676e-08
1606.0 1.0847213723507803e-08
1607.0 1.0841567343131932e-08
1608.0 1.0835920962756059e-08
1609.0 1.083027458238019e-08
1610.0 1.0824628202004315e-08
1611.0 1.0818981821628444e-08
1612.0 1.0813335441252572e-08
1613.0 1.08076890608767e-08
1614.0 1.0802042680500828e-08
1615.0 1.0796396300124956e-08
1616.0 1.0790749919749085e-08
1617.0 1.0785103539373212e-08
1618.0 1.0779457158997339e-08
1619.0 1.0773810778621466e-08
1620.0 1.0768164398245595e-08
1621.0 1.0762518017869724e-08
1622.0 1.075687163749385e-08
1623.0 1.0751225257117976e-08
1624.0 1.0745578876742107e-08
1625.0 1.0739932496366236e-08
1626.0 1.0734286115990363e-08
1627.0 1.072863973561449e-08
1628.0 1.0722993355238619e-08
1629.0 1.0717346974862746e-08
1630.0 1.0711700594486875e-08
1631.0 1.0706054214111e-08
1632.0 1.0700407833735133e-08
1633.0 1.0694761453359257e-08
1634.0 1.0689115072983385e-08
1635.0 1.0683468692607514e-08
1636.0 1.067782231223164e-08
1637.0 1.067217593185577e-08
1638.0 1.0666529551479897e-08
1639.0 1.0660883171104023e-08
1640.0 1.065523679072815e-08
1641.0 1.0649590410352284e-08
1642.0 1.0643944029976411e-08
1643.0 1.0638297649600537e-08
1644.0 1.0632651269224666e-08
1645.0 1.0627004888848794e-08
1646.0 1.0621358508472918e-08
1647.0 1.0615712128097049e-08
1648.0 1.0610065747721178e-08
1649.0 1.0604419367345305e-08
1650.0 1.0598772986969434e-08
1651.0 1.0593126606593561e-08
1652.0 1.0587480226217688e-08
1653.0 1.0581833845841817e-08
1654.0 1.0576187465465944e-08
1655.0 1.0570541085090071e-08
1656.0 1.0564894704714198e-08
1657.0 1.0559248324338327e-08
1658.0 1.0553601943962458e-08
1659.0 1.0547955563586582e-08
1660.0 1.054230918321071e-08
1661.0 1.0536662802834838e-08
1662.0 1.0531016422458966e-08
1663.0 1.0525370042083094e-08
1664.0 1.0519723661707224e-08
1665.0 1.0514077281331351e-08
1666.0 1.050843090095548e-08
1667.0 1.0502784520579606e-08
1668.0 1.0497138140203736e-08
1669.0 1.0491491759827862e-08
1670.0 1.048584537945199e-08
1671.0 1.0480198999076118e-08
1672.0 1.0474552618700247e-08
1673.0 1.0468906238324374e-08
1674.0 1.0463259857948501e-08
1675.0 1.045761347757263e-08
1676.0 1.0451967097196757e-08
1677.0 1.0446320716820886e-08
1678.0 1.0440674336445015e-08
1679.0 1.0435027956069142e-08
1680.0 1.0429381575693267e-08
1681.0 1.04237351953174e-08
1682.0 1.0418088814941527e-08
1683.0 1.0412442434565654e-08
1684.0 1.040679605418978e-08
1685.0 1.040114967381391e-08
1686.0 1.0395503293438037e-08
1687.0 1.0389856913062164e-08
1688.0 1.0384210532686292e-08
1689.0 1.037856415231042e-08
1690.0 1.0372917771934548e-08
1691.0 1.0367271391558675e-08
1692.0 1.0361625011182805e-08
1693.0 1.0355978630806934e-08
1694.0 1.035033225043106e-08
1695.0 1.0344685870055188e-08
1696.0 1.0339039489679317e-08
1697.0 1.0333393109303443e-08
1698.0 1.0327746728927572e-08
1699.0 1.0322100348551702e-08
1700.0 1.0316453968175828e-08
1701.0 1.0310807587799953e-08
1702.0 1.0305161207424085e-08
1703.0 1.0299514827048213e-08
1704.0 1.0293868446672338e-08
1705.0 1.0288222066296467e-08
1706.0 1.0282575685920597e-08
1707.0 1.0276929305544721e-08
1708.0 1.0271282925168848e-08
1709.0 1.0265636544792977e-08
1710.0 1.0259990164417108e-08
1711.0 1.0254343784041233e-08
1712.0 1.0248697403665362e-08
1713.0 1.0243441078503494e-08
1714.0 1.0238288643469701e-08
1715.0 1.023313620843591e-08
1716.0 1.0227983773402115e-08
1717.0 1.0222831338368324e-08
1718.0 1.0217678903334533e-08
1719.0 1.021252646830074e-08
1720.0 1.0207374033266946e-08
1721.0 1.0202221598233156e-08
1722.0 1.0197069163199364e-08
1723.0 1.0191916728165569e-08
1724.0 1.0186764293131779e-08
1725.0 1.0181611858097985e-08
1726.0 1.0176459423064195e-08
1727.0 1.0171306988030401e-08
1728.0 1.0166154552996608e-08
1729.0 1.0161002117962817e-08
1730.0 1.0155849682929024e-08
1731.0 1.015069724789523e-08
1732.0 1.014554481286144e-08
1733.0 1.0140392377827647e-08
1734.0 1.0135239942793855e-08
1735.0 1.0130087507760063e-08
1736.0 1.0124935072726269e-08
1737.0 1.0119782637692477e-08
1738.0 1.0114630202658685e-08
1739.0 1.010947776762489e-08
1740.0 1.01043253325911e-08
1741.0 1.009917289755731e-08
1742.0 1.0094020462523514e-08
1743.0 1.0088868027489723e-08
1744.0 1.0083715592455932e-08
1745.0 1.0078563157422137e-08
1746.0 1.0073410722388345e-08
1747.0 1.0068258287354555e-08
1748.0 1.006310585232076e-08
1749.0 1.0057953417286968e-08
1750.0 1.0052800982253174e-08
1751.0 1.004764854721938e-08
1752.0 1.004249611218559e-08
1753.0 1.0037343677151799e-08
1754.0 1.0032191242118005e-08
1755.0 1.0027038807084213e-08
1756.0 1.002188637205042e-08
1757.0 1.0016733937016628e-08
1758.0 1.0011581501982834e-08
1759.0 1.0006429066949044e-08
1760.0 1.000127663191525e-08
1761.0 9.99612419688146e-09
1762.0 9.990971761847665e-09
1763.0 9.985819326813871e-09
1764.0 9.980666891780081e-09
1765.0 9.97551445674629e-09
1766.0 9.970362021712497e-09
1767.0 9.965209586678705e-09
1768.0 9.960057151644912e-09
1769.0 9.954904716611122e-09
1770.0 9.94975228157733e-09
1771.0 9.944599846543535e-09
1772.0 9.939447411509744e-09
1773.0 9.93429497647595e-09
1774.0 9.929142541442157e-09
1775.0 9.923990106408367e-09
1776.0 9.918837671374575e-09
1777.0 9.913685236340781e-09
1778.0 9.908532801306988e-09
1779.0 9.903380366273196e-09
1780.0 9.898227931239404e-09
1781.0 9.89307549620561e-09
1782.0 9.88792306117182e-09
1783.0 9.882770626138025e-09
1784.0 9.877618191104233e-09
1785.0 9.872465756070441e-09
1786.0 9.86731332103665e-09
1787.0 9.862160886002856e-09
1788.0 9.857008450969066e-09
1789.0 9.851856015935272e-09
1790.0 9.84670358090148e-09
1791.0 9.841551145867687e-09
1792.0 9.836398710833895e-09
1793.0 9.831246275800101e-09
1794.0 9.826093840766311e-09
1795.0 9.820941405732516e-09
1796.0 9.815788970698725e-09
1797.0 9.810636535664932e-09
1798.0 9.805484100631138e-09
1799.0 9.800331665597348e-09
1800.0 9.795179230563556e-09
1801.0 9.790026795529761e-09
1802.0 9.78487436049597e-09
1803.0 9.779721925462177e-09
1804.0 9.774569490428387e-09
1805.0 9.769417055394593e-09
1806.0 9.7642646203608e-09
1807.0 9.75911218532701e-09
1808.0 9.753959750293216e-09
1809.0 9.748807315259424e-09
1810.0 9.74365488022563e-09
1811.0 9.738502445191839e-09
1812.0 9.733350010158047e-09
1813.0 9.728197575124255e-09
1814.0 9.723045140090461e-09
1815.0 9.71789270505667e-09
1816.0 9.71274027002288e-09
1817.0 9.707587834989084e-09
1818.0 9.702435399955294e-09
1819.0 9.6972829649215e-09
1820.0 9.692130529887707e-09
1821.0 9.686978094853915e-09
1822.0 9.681825659820121e-09
1823.0 9.67667322478633e-09
1824.0 9.671520789752537e-09
1825.0 9.666368354718746e-09
1826.0 9.661215919684952e-09
1827.0 9.65606348465116e-09
1828.0 9.65091104961737e-09
1829.0 9.645758614583575e-09
1830.0 9.640606179549783e-09
1831.0 9.635453744515991e-09
1832.0 9.630301309482197e-09
1833.0 9.625148874448407e-09
1834.0 9.619996439414612e-09
1835.0 9.61484400438082e-09
1836.0 9.60969156934703e-09
1837.0 9.604539134313236e-09
1838.0 9.599386699279443e-09
1839.0 9.594234264245649e-09
1840.0 9.58908182921186e-09
1841.0 9.583929394178067e-09
1842.0 9.578776959144273e-09
1843.0 9.573624524110483e-09
1844.0 9.56847208907669e-09
1845.0 9.563704759183936e-09
1846.0 9.558976649319857e-09
1847.0 9.554248539455778e-09
1848.0 9.549520429591695e-09
1849.0 9.544792319727616e-09
1850.0 9.540064209863537e-09
1851.0 9.535336099999454e-09
1852.0 9.530607990135377e-09
1853.0 9.525879880271296e-09
1854.0 9.521151770407218e-09
1855.0 9.516423660543136e-09
1856.0 9.511695550679055e-09
1857.0 9.506967440814977e-09
1858.0 9.502239330950896e-09
1859.0 9.497511221086817e-09
1860.0 9.492783111222736e-09
1861.0 9.488055001358657e-09
1862.0 9.483326891494576e-09
1863.0 9.478598781630495e-09
1864.0 9.473870671766416e-09
1865.0 9.469142561902333e-09
1866.0 9.464414452038254e-09
1867.0 9.459686342174177e-09
1868.0 9.454958232310096e-09
1869.0 9.450230122446017e-09
1870.0 9.445502012581936e-09
1871.0 9.440773902717856e-09
1872.0 9.436045792853776e-09
1873.0 9.431317682989695e-09
1874.0 9.426589573125615e-09
1875.0 9.421861463261536e-09
1876.0 9.417133353397459e-09
1877.0 9.412405243533376e-09
1878.0 9.407677133669297e-09
1879.0 9.402949023805214e-09
1880.0 9.398220913941135e-09
1881.0 9.393492804077054e-09
1882.0 9.388764694212977e-09
1883.0 9.384036584348894e-09
1884.0 9.379308474484815e-09
1885.0 9.374580364620732e-09
1886.0 9.369852254756655e-09
1887.0 9.365124144892575e-09
1888.0 9.360396035028495e-09
1889.0 9.355667925164414e-09
1890.0 9.350939815300334e-09
1891.0 9.346211705436254e-09
1892.0 9.341483595572174e-09
1893.0 9.336755485708095e-09
1894.0 9.332027375844014e-09
1895.0 9.327299265979933e-09
1896.0 9.322571156115854e-09
1897.0 9.317843046251775e-09
1898.0 9.313114936387694e-09
1899.0 9.308386826523615e-09
1900.0 9.303658716659534e-09
1901.0 9.298930606795453e-09
1902.0 9.294202496931374e-09
1903.0 9.289474387067293e-09
1904.0 9.284746277203214e-09
1905.0 9.280018167339134e-09
1906.0 9.275290057475052e-09
1907.0 9.270561947610974e-09
1908.0 9.265833837746893e-09
1909.0 9.261105727882812e-09
1910.0 9.256377618018733e-09
1911.0 9.251649508154652e-09
1912.0 9.246921398290573e-09
1913.0 9.242193288426494e-09
1914.0 9.237465178562413e-09
1915.0 9.23273706869833e-09
1916.0 9.228008958834251e-09
1917.0 9.223280848970175e-09
1918.0 9.218552739106093e-09
1919.0 9.213824629242014e-09
1920.0 9.209096519377933e-09
1921.0 9.204368409513852e-09
1922.0 9.199640299649771e-09
1923.0 9.19491218978569e-09
1924.0 9.190184079921612e-09
1925.0 9.185455970057532e-09
1926.0 9.18072786019345e-09
1927.0 9.175999750329373e-09
1928.0 9.17127164046529e-09
1929.0 9.166543530601213e-09
1930.0 9.161815420737132e-09
1931.0 9.157087310873051e-09
1932.0 9.152359201008972e-09
1933.0 9.14763109114489e-09
1934.0 9.142902981280813e-09
1935.0 9.138174871416731e-09
1936.0 9.133446761552652e-09
1937.0 9.128718651688572e-09
1938.0 9.123990541824492e-09
1939.0 9.11926243196041e-09
1940.0 9.11453432209633e-09
1941.0 9.10980621223225e-09
1942.0 9.105078102368171e-09
1943.0 9.100349992504089e-09
1944.0 9.095621882640011e-09
1945.0 9.090893772775932e-09
1946.0 9.086165662911851e-09
1947.0 9.08143755304777e-09
1948.0 9.076709443183691e-09
1949.0 9.07198133331961e-09
1950.0 9.067253223455531e-09
1951.0 9.06252511359145e-09
1952.0 9.057797003727369e-09
1953.0 9.05306889386329e-09
1954.0 9.04834078399921e-09
1955.0 9.04361267413513e-09
1956.0 9.03888456427105e-09
1957.0 9.034156454406971e-09
1958.0 9.02942834454289e-09
1959.0 9.024700234678808e-09
1960.0 9.019972124814729e-09
1961.0 9.01524401495065e-09
1962.0 9.01051590508657e-09
1963.0 9.00578779522249e-09
1964.0 9.001059685358408e-09
1965.0 8.99633157549433e-09
1966.0 8.99160346563025e-09
1967.0 8.986875355766169e-09
1968.0 8.98214724590209e-09
1969.0 8.97741913603801e-09
1970.0 8.97269102617393e-09
1971.0 8.967962916309847e-09
1972.0 8.963234806445768e-09
1973.0 8.958506696581687e-09
1974.0 8.953778586717608e-09
1975.0 8.949050476853529e-09
1976.0 8.94432236698945e-09
1977.0 8.93959425712537e-09
1978.0 8.934866147261287e-09
1979.0 8.930138037397208e-09
1980.0 8.925409927533127e-09
1981.0 8.920681817669046e-09
1982.0 8.915953707804969e-09
1983.0 8.911225597940888e-09
1984.0 8.906497488076807e-09
1985.0 8.90176937821273e-09
1986.0 8.897041268348649e-09
1987.0 8.892776343666015e-09
1988.0 8.888582276208617e-09
1989.0 8.884388208751222e-09
1990.0 8.880194141293824e-09
1991.0 8.876000073836426e-09
1992.0 8.871806006379031e-09
1993.0 8.867611938921633e-09
1994.0 8.863417871464235e-09
1995.0 8.85922380400684e-09
1996.0 8.85502973654944e-09
1997.0 8.850835669092044e-09
1998.0 8.846641601634649e-09
1999.0 8.842447534177251e-09
2000.0 8.838253466719853e-09
2001.0 8.834059399262458e-09
2002.0 8.82986533180506e-09
2003.0 8.825671264347662e-09
2004.0 8.821477196890267e-09
2005.0 8.81728312943287e-09
2006.0 8.813089061975471e-09
2007.0 8.808894994518076e-09
2008.0 8.804700927060677e-09
2009.0 8.80050685960328e-09
2010.0 8.796312792145884e-09
2011.0 8.792118724688488e-09
2012.0 8.787924657231091e-09
2013.0 8.783730589773695e-09
2014.0 8.779536522316297e-09
2015.0 8.7753424548589e-09
2016.0 8.771148387401504e-09
2017.0 8.766954319944106e-09
2018.0 8.762760252486708e-09
2019.0 8.758566185029313e-09
2020.0 8.754372117571917e-09
2021.0 8.750178050114518e-09
2022.0 8.74598398265712e-09
2023.0 8.741789915199724e-09
2024.0 8.737595847742328e-09
2025.0 8.733401780284931e-09
2026.0 8.729207712827533e-09
2027.0 8.725013645370137e-09
2028.0 8.72081957791274e-09
2029.0 8.716625510455342e-09
2030.0 8.712431442997946e-09
2031.0 8.70823737554055e-09
2032.0 8.704043308083155e-09
2033.0 8.699849240625755e-09
2034.0 8.695655173168359e-09
2035.0 8.691461105710962e-09
2036.0 8.687267038253564e-09
2037.0 8.68307297079617e-09
2038.0 8.678878903338771e-09
2039.0 8.674684835881373e-09
2040.0 8.670490768423977e-09
2041.0 8.66629670096658e-09
2042.0 8.662102633509182e-09
2043.0 8.657908566051786e-09
2044.0 8.653714498594391e-09
2045.0 8.649520431136991e-09
2046.0 8.645326363679593e-09
2047.0 8.641132296222197e-09
2048.0 8.6369382287648e-09
2049.0 8.632744161307404e-09
2050.0 8.62855009385001e-09
2051.0 8.62435602639261e-09
2052.0 8.620161958935215e-09
2053.0 8.615967891477818e-09
2054.0 8.611773824020417e-09
2055.0 8.607579756563022e-09
2056.0 8.603385689105626e-09
2057.0 8.59919162164823e-09
2058.0 8.594997554190831e-09
2059.0 8.590803486733435e-09
2060.0 8.586609419276037e-09
2061.0 8.58241535181864e-09
2062.0 8.578221284361246e-09
2063.0 8.574027216903848e-09
2064.0 8.569833149446451e-09
2065.0 8.565639081989053e-09
2066.0 8.561445014531657e-09
2067.0 8.55725094707426e-09
2068.0 8.553056879616862e-09
2069.0 8.548862812159464e-09
2070.0 8.54466874470207e-09
2071.0 8.540474677244673e-09
2072.0 8.536280609787275e-09
2073.0 8.532086542329877e-09
2074.0 8.52789247487248e-09
2075.0 8.523698407415084e-09
2076.0 8.519504339957688e-09
2077.0 8.51531027250029e-09
2078.0 8.511116205042892e-09
2079.0 8.506922137585497e-09
2080.0 8.502728070128097e-09
2081.0 8.498534002670702e-09
2082.0 8.494339935213306e-09
2083.0 8.490145867755906e-09
2084.0 8.485951800298511e-09
2085.0 8.481757732841115e-09
2086.0 8.477563665383717e-09
2087.0 8.47336959792632e-09
2088.0 8.469175530468924e-09
2089.0 8.464981463011526e-09
2090.0 8.460787395554131e-09
2091.0 8.456593328096733e-09
2092.0 8.452399260639335e-09
2093.0 8.44820519318194e-09
2094.0 8.44401112572454e-09
2095.0 8.439817058267144e-09
2096.0 8.43562299080975e-09
2097.0 8.43142892335235e-09
2098.0 8.427234855894953e-09
2099.0 8.423040788437557e-09
2100.0 8.41884672098016e-09
2101.0 8.414652653522763e-09
2102.0 8.410458586065368e-09
2103.0 8.40626451860797e-09
2104.0 8.402070451150572e-09
2105.0 8.397876383693175e-09
2106.0 8.393682316235779e-09
2107.0 8.38948824877838e-09
2108.0 8.385294181320986e-09
2109.0 8.381100113863588e-09
2110.0 8.37690604640619e-09
2111.0 8.372711978948794e-09
2112.0 8.368517911491397e-09
2113.0 8.364323844033999e-09
2114.0 8.360129776576604e-09
2115.0 8.355935709119206e-09
2116.0 8.35174164166181e-09
2117.0 8.347547574204413e-09
2118.0 8.343353506747015e-09
2119.0 8.33915943928962e-09
2120.0 8.334965371832222e-09
2121.0 8.330771304374824e-09
2122.0 8.326577236917428e-09
2123.0 8.322383169460033e-09
2124.0 8.318189102002634e-09
2125.0 8.313995034545237e-09
2126.0 8.30980096708784e-09
2127.0 8.305606899630443e-09
2128.0 8.301412832173048e-09
2129.0 8.29721876471565e-09
2130.0 8.29302469725825e-09
2131.0 8.288830629800855e-09
2132.0 8.28463656234346e-09
2133.0 8.28044249488606e-09
2134.0 8.276248427428664e-09
2135.0 8.272054359971266e-09
2136.0 8.26786029251387e-09
2137.0 8.263666225056474e-09
2138.0 8.259472157599077e-09
2139.0 8.255278090141679e-09
2140.0 8.251399750847388e-09
2141.0 8.247561838131451e-09
2142.0 8.243723925415514e-09
2143.0 8.239886012699576e-09
2144.0 8.236048099983637e-09
2145.0 8.232210187267702e-09
2146.0 8.228372274551763e-09
2147.0 8.224534361835827e-09
2148.0 8.220696449119888e-09
2149.0 8.216858536403949e-09
2150.0 8.213020623688011e-09
2151.0 8.209182710972076e-09
2152.0 8.205344798256137e-09
2153.0 8.2015068855402e-09
2154.0 8.197668972824262e-09
2155.0 8.193831060108324e-09
2156.0 8.189993147392387e-09
2157.0 8.186155234676451e-09
2158.0 8.18231732196051e-09
2159.0 8.178479409244575e-09
2160.0 8.174641496528638e-09
2161.0 8.170803583812699e-09
2162.0 8.166965671096764e-09
2163.0 8.163127758380824e-09
2164.0 8.159289845664886e-09
2165.0 8.155451932948947e-09
2166.0 8.151614020233013e-09
2167.0 8.147776107517074e-09
2168.0 8.143938194801137e-09
2169.0 8.140100282085198e-09
2170.0 8.136262369369262e-09
2171.0 8.132424456653325e-09
2172.0 8.128586543937386e-09
2173.0 8.124748631221448e-09
2174.0 8.120910718505511e-09
2175.0 8.117072805789574e-09
2176.0 8.113234893073636e-09
2177.0 8.109396980357699e-09
2178.0 8.105559067641761e-09
2179.0 8.101721154925824e-09
2180.0 8.097883242209883e-09
2181.0 8.094045329493948e-09
2182.0 8.090207416778012e-09
2183.0 8.086369504062075e-09
2184.0 8.082531591346134e-09
2185.0 8.078693678630198e-09
2186.0 8.074855765914258e-09
2187.0 8.071017853198322e-09
2188.0 8.067179940482384e-09
2189.0 8.063342027766447e-09
2190.0 8.05950411505051e-09
2191.0 8.055666202334572e-09
2192.0 8.051828289618633e-09
2193.0 8.047990376902698e-09
2194.0 8.04415246418676e-09
2195.0 8.040314551470821e-09
2196.0 8.036476638754885e-09
2197.0 8.032638726038946e-09
2198.0 8.028800813323007e-09
2199.0 8.024962900607072e-09
2200.0 8.021124987891136e-09
2201.0 8.017287075175197e-09
2202.0 8.013449162459256e-09
2203.0 8.00961124974332e-09
2204.0 8.005773337027383e-09
2205.0 8.001935424311446e-09
2206.0 7.998097511595508e-09
2207.0 7.99425959887957e-09
2208.0 7.990421686163632e-09
2209.0 7.986583773447696e-09
2210.0 7.982745860731759e-09
2211.0 7.978907948015821e-09
2212.0 7.975070035299886e-09
2213.0 7.971232122583945e-09
2214.0 7.967394209868008e-09
2215.0 7.96355629715207e-09
2216.0 7.959718384436133e-09
2217.0 7.955880471720194e-09
2218.0 7.952042559004255e-09
2219.0 7.948204646288317e-09
2220.0 7.944366733572382e-09
2221.0 7.940528820856444e-09
2222.0 7.936690908140507e-09
2223.0 7.932852995424568e-09
2224.0 7.92901508270863e-09
2225.0 7.925177169992695e-09
2226.0 7.921339257276756e-09
2227.0 7.917501344560818e-09
2228.0 7.913663431844883e-09
2229.0 7.909825519128944e-09
2230.0 7.905987606413005e-09
2231.0 7.902149693697067e-09
2232.0 7.89831178098113e-09
2233.0 7.894473868265194e-09
2234.0 7.890635955549257e-09
2235.0 7.886798042833318e-09
2236.0 7.88296013011738e-09
2237.0 7.879122217401443e-09
2238.0 7.875284304685504e-09
2239.0 7.871446391969567e-09
2240.0 7.867608479253633e-09
2241.0 7.863770566537692e-09
2242.0 7.859932653821755e-09
2243.0 7.856094741105817e-09
2244.0 7.852256828389881e-09
2245.0 7.848418915673942e-09
2246.0 7.844581002958005e-09
2247.0 7.840743090242068e-09
2248.0 7.83690517752613e-09
2249.0 7.833067264810191e-09
2250.0 7.829229352094256e-09
2251.0 7.825391439378315e-09
2252.0 7.82155352666238e-09
2253.0 7.817715613946442e-09
2254.0 7.813877701230503e-09
2255.0 7.810039788514569e-09
2256.0 7.806201875798631e-09
2257.0 7.80236396308269e-09
2258.0 7.798526050366755e-09
2259.0 7.794688137650817e-09
2260.0 7.790850224934878e-09
2261.0 7.78701231221894e-09
2262.0 7.783174399503004e-09
2263.0 7.779336486787066e-09
2264.0 7.775498574071129e-09
2265.0 7.771660661355192e-09
2266.0 7.767822748639253e-09
2267.0 7.763984835923317e-09
2268.0 7.760146923207378e-09
2269.0 7.756309010491442e-09
2270.0 7.752471097775505e-09
2271.0 7.748633185059566e-09
2272.0 7.744795272343628e-09
2273.0 7.740957359627688e-09
2274.0 7.737119446911752e-09
2275.0 7.733281534195815e-09
2276.0 7.729443621479877e-09
2277.0 7.72560570876394e-09
2278.0 7.721767796048002e-09
2279.0 7.717929883332063e-09
2280.0 7.714091970616128e-09
2281.0 7.71025405790019e-09
2282.0 7.706416145184253e-09
2283.0 7.702578232468315e-09
2284.0 7.698740319752378e-09
2285.0 7.694902407036437e-09
2286.0 7.691064494320502e-09
2287.0 7.687226581604564e-09
2288.0 7.683388668888625e-09
2289.0 7.679550756172688e-09
2290.0 7.67571284345675e-09
2291.0 7.671874930740813e-09
2292.0 7.668037018024874e-09
2293.0 7.664199105308938e-09
2294.0 7.660361192593001e-09
2295.0 7.656523279877064e-09
2296.0 7.652685367161126e-09
2297.0 7.648847454445189e-09
2298.0 7.645009541729252e-09
2299.0 7.641171629013314e-09
2300.0 7.637333716297375e-09
2301.0 7.633495803581438e-09
2302.0 7.6296578908655e-09
2303.0 7.625819978149563e-09
2304.0 7.622021475113891e-09
2305.0 7.6185055474481e-09
2306.0 7.614989619782311e-09
2307.0 7.611473692116522e-09
2308.0 7.607957764450734e-09
2309.0 7.604441836784945e-09
2310.0 7.600925909119156e-09
2311.0 7.597409981453365e-09
2312.0 7.593894053787576e-09
2313.0 7.59037812612179e-09
2314.0 7.586862198456e-09
2315.0 7.583346270790208e-09
2316.0 7.57983034312442e-09
2317.0 7.57631441545863e-09
2318.0 7.57279848779284e-09
2319.0 7.569282560127053e-09
2320.0 7.565766632461264e-09
2321.0 7.562250704795474e-09
2322.0 7.558734777129687e-09
2323.0 7.555218849463896e-09
2324.0 7.551702921798107e-09
2325.0 7.548186994132317e-09
2326.0 7.544671066466528e-09
2327.0 7.541155138800737e-09
2328.0 7.537639211134951e-09
2329.0 7.53412328346916e-09
2330.0 7.530607355803371e-09
2331.0 7.52709142813758e-09
2332.0 7.523575500471793e-09
2333.0 7.520059572806005e-09
2334.0 7.516543645140214e-09
2335.0 7.513027717474425e-09
2336.0 7.509511789808636e-09
2337.0 7.505995862142848e-09
2338.0 7.502479934477059e-09
2339.0 7.49896400681127e-09
2340.0 7.49544807914548e-09
2341.0 7.491932151479691e-09
2342.0 7.488416223813902e-09
2343.0 7.484900296148113e-09
2344.0 7.481384368482322e-09
2345.0 7.477868440816534e-09
2346.0 7.474352513150745e-09
2347.0 7.470836585484956e-09
2348.0 7.467320657819167e-09
2349.0 7.463804730153376e-09
2350.0 7.460288802487588e-09
2351.0 7.456772874821797e-09
2352.0 7.45325694715601e-09
2353.0 7.449741019490218e-09
2354.0 7.446225091824431e-09
2355.0 7.4427091641586404e-09
2356.0 7.439193236492853e-09
2357.0 7.435677308827063e-09
2358.0 7.432161381161275e-09
2359.0 7.428645453495483e-09
2360.0 7.425129525829696e-09
2361.0 7.421613598163907e-09
2362.0 7.418097670498117e-09
2363.0 7.414581742832329e-09
2364.0 7.411065815166539e-09
2365.0 7.40754988750075e-09
2366.0 7.404033959834961e-09
2367.0 7.400518032169172e-09
2368.0 7.397002104503381e-09
2369.0 7.3934861768375944e-09
2370.0 7.3899702491718036e-09
2371.0 7.386454321506015e-09
2372.0 7.382938393840224e-09
2373.0 7.379422466174436e-09
2374.0 7.375906538508647e-09
2375.0 7.372390610842858e-09
2376.0 7.368874683177068e-09
2377.0 7.365358755511278e-09
2378.0 7.361842827845491e-09
2379.0 7.358326900179702e-09
2380.0 7.354810972513912e-09
2381.0 7.351295044848123e-09
2382.0 7.3477791171823336e-09
2383.0 7.3442631895165435e-09
2384.0 7.340747261850754e-09
2385.0 7.337231334184966e-09
2386.0 7.333715406519178e-09
2387.0 7.330199478853387e-09
2388.0 7.326683551187597e-09
2389.0 7.32316762352181e-09
2390.0 7.31965169585602e-09
2391.0 7.316135768190229e-09
2392.0 7.312619840524444e-09
2393.0 7.309103912858651e-09
2394.0 7.305587985192864e-09
2395.0 7.302072057527073e-09
2396.0 7.298556129861286e-09
2397.0 7.295040202195496e-09
2398.0 7.2915242745297075e-09
2399.0 7.2880083468639174e-09
2400.0 7.284492419198127e-09
2401.0 7.28097649153234e-09
2402.0 7.277460563866549e-09
2403.0 7.2739446362007605e-09
2404.0 7.27042870853497e-09
2405.0 7.266912780869183e-09
2406.0 7.263396853203393e-09
2407.0 7.2598809255376035e-09
2408.0 7.256364997871813e-09
2409.0 7.252849070206026e-09
2410.0 7.2493331425402375e-09
2411.0 7.245817214874447e-09
2412.0 7.2423012872086565e-09
2413.0 7.238785359542871e-09
2414.0 7.235269431877078e-09
2415.0 7.231753504211291e-09
2416.0 7.228237576545502e-09
2417.0 7.224721648879713e-09
2418.0 7.221205721213923e-09
2419.0 7.217689793548136e-09
2420.0 7.214173865882343e-09
2421.0 7.210657938216554e-09
2422.0 7.207142010550767e-09
2423.0 7.203626082884977e-09
2424.0 7.200110155219187e-09
2425.0 7.196594227553398e-09
2426.0 7.19307829988761e-09
2427.0 7.1895623722218205e-09
2428.0 7.18604644455603e-09
2429.0 7.1825305168902396e-09
2430.0 7.1790145892244545e-09
2431.0 7.1754986615586636e-09
2432.0 7.171982733892874e-09
2433.0 7.1684668062270835e-09
2434.0 7.164950878561296e-09
2435.0 7.161434950895506e-09
2436.0 7.157919023229717e-09
2437.0 7.154403095563928e-09
2438.0 7.150887167898137e-09
2439.0 7.14737124023235e-09
2440.0 7.14385531256656e-09
2441.0 7.140339384900771e-09
2442.0 7.136823457234981e-09
2443.0 7.133307529569194e-09
2444.0 7.1297916019034035e-09
2445.0 7.126275674237614e-09
2446.0 7.122759746571825e-09
2447.0 7.119243818906038e-09
2448.0 7.115727891240248e-09
2449.0 7.112211963574459e-09
2450.0 7.1086960359086665e-09
2451.0 7.10518010824288e-09
2452.0 7.101664180577089e-09
2453.0 7.098148252911302e-09
2454.0 7.09463232524551e-09
2455.0 7.091116397579724e-09
2456.0 7.0876004699139335e-09
2457.0 7.084084542248144e-09
2458.0 7.080568614582355e-09
2459.0 7.077052686916565e-09
2460.0 7.0735367592507774e-09
2461.0 7.070020831584987e-09
2462.0 7.0665049039191965e-09
2463.0 7.062988976253407e-09
2464.0 7.0594730485876205e-09
2465.0 7.055957120921831e-09
2466.0 7.052441193256041e-09
2467.0 7.048925265590252e-09
2468.0 7.045409337924465e-09
2469.0 7.041893410258674e-09
2470.0 7.038377482592884e-09
2471.0 7.034861554927095e-09
2472.0 7.031345627261307e-09
2473.0 7.027829699595517e-09
2474.0 7.0243137719297265e-09
2475.0 7.02079784426394e-09
2476.0 7.017281916598148e-09
2477.0 7.013765988932362e-09
2478.0 7.0102500612665696e-09
2479.0 7.006734133600782e-09
2480.0 7.003218205934991e-09
2481.0 6.999702278269204e-09
2482.0 6.996463246599193e-09
2483.0 6.993362186378528e-09
2484.0 6.990261126157864e-09
2485.0 6.9871600659371976e-09
2486.0 6.984059005716535e-09
2487.0 6.9809579454958705e-09
2488.0 6.977856885275205e-09
2489.0 6.97475582505454e-09
2490.0 6.9716547648338765e-09
2491.0 6.968553704613212e-09
2492.0 6.965452644392548e-09
2493.0 6.962351584171884e-09
2494.0 6.95925052395122e-09
2495.0 6.9561494637305555e-09
2496.0 6.953048403509891e-09
2497.0 6.949947343289225e-09
2498.0 6.9468462830685615e-09
2499.0 6.943745222847897e-09
2500.0 6.940644162627231e-09
2501.0 6.937543102406567e-09
2502.0 6.934442042185904e-09
2503.0 6.9313409819652405e-09
2504.0 6.928239921744576e-09
2505.0 6.92513886152391e-09
2506.0 6.9220378013032466e-09
2507.0 6.918936741082582e-09
2508.0 6.915835680861918e-09
2509.0 6.9127346206412534e-09
2510.0 6.909633560420589e-09
2511.0 6.906532500199925e-09
2512.0 6.903431439979261e-09
2513.0 6.900330379758597e-09
2514.0 6.897229319537931e-09
2515.0 6.894128259317267e-09
2516.0 6.8910271990966e-09
2517.0 6.8879261388759385e-09
2518.0 6.884825078655274e-09
2519.0 6.881724018434608e-09
2520.0 6.878622958213945e-09
2521.0 6.875521897993279e-09
2522.0 6.872420837772616e-09
2523.0 6.86931977755195e-09
2524.0 6.866218717331288e-09
2525.0 6.863117657110621e-09
2526.0 6.860016596889957e-09
2527.0 6.856915536669293e-09
2528.0 6.853814476448629e-09
2529.0 6.850713416227964e-09
2530.0 6.847612356007301e-09
2531.0 6.844511295786636e-09
2532.0 6.841410235565974e-09
2533.0 6.838309175345308e-09
2534.0 6.835208115124644e-09
2535.0 6.832107054903979e-09
2536.0 6.829005994683313e-09
2537.0 6.825904934462649e-09
2538.0 6.822803874241985e-09
2539.0 6.819702814021321e-09
2540.0 6.816601753800656e-09
2541.0 6.813500693579991e-09
2542.0 6.810399633359327e-09
2543.0 6.807298573138664e-09
2544.0 6.8041975129179996e-09
2545.0 6.801096452697334e-09
2546.0 6.797995392476672e-09
2547.0 6.794894332256006e-09
2548.0 6.791793272035341e-09
2549.0 6.788692211814675e-09
2550.0 6.785591151594012e-09
2551.0 6.782490091373347e-09
2552.0 6.7793890311526846e-09
2553.0 6.77628797093202e-09
2554.0 6.773186910711357e-09
2555.0 6.770085850490691e-09
2556.0 6.766984790270025e-09
2557.0 6.76388373004936e-09
2558.0 6.7607826698286975e-09
2559.0 6.7576816096080315e-09
2560.0 6.754580549387368e-09
2561.0 6.7514794891667036e-09
2562.0 6.748378428946039e-09
2563.0 6.745277368725375e-09
2564.0 6.7421763085047104e-09
2565.0 6.7390752482840486e-09
2566.0 6.735974188063381e-09
2567.0 6.7328731278427165e-09
2568.0 6.729772067622054e-09
2569.0 6.7266710074013886e-09
2570.0 6.723569947180723e-09
2571.0 6.7204688869600615e-09
2572.0 6.7173678267393955e-09
2573.0 6.714266766518731e-09
2574.0 6.711165706298063e-09
2575.0 6.7080646460774015e-09
2576.0 6.704963585856739e-09
2577.0 6.7018625256360744e-09
2578.0 6.698761465415409e-09
2579.0 6.695660405194745e-09
2580.0 6.6925593449740805e-09
2581.0 6.689458284753416e-09
2582.0 6.686357224532752e-09
2583.0 6.683256164312086e-09
2584.0 6.680155104091422e-09
2585.0 6.677054043870757e-09
2586.0 6.673952983650092e-09
2587.0 6.670851923429429e-09
2588.0 6.6677508632087655e-09
2589.0 6.664649802988101e-09
2590.0 6.661548742767435e-09
2591.0 6.658447682546772e-09
2592.0 6.655346622326109e-09
2593.0 6.652245562105443e-09
2594.0 6.6491445018847784e-09
2595.0 6.646043441664114e-09
2596.0 6.64294238144345e-09
2597.0 6.639841321222785e-09
2598.0 6.63674026100212e-09
2599.0 6.633639200781456e-09
2600.0 6.630538140560793e-09
2601.0 6.627437080340128e-09
2602.0 6.6243360201194634e-09
2603.0 6.621234959898799e-09
2604.0 6.618133899678135e-09
2605.0 6.61503283945747e-09
2606.0 6.611931779236804e-09
2607.0 6.608830719016141e-09
2608.0 6.6057296587954755e-09
2609.0 6.602628598574814e-09
2610.0 6.599527538354146e-09
2611.0 6.596426478133482e-09
2612.0 6.593325417912819e-09
2613.0 6.590224357692154e-09
2614.0 6.587123297471489e-09
2615.0 6.584022237250827e-09
2616.0 6.580921177030161e-09
2617.0 6.577820116809499e-09
2618.0 6.574719056588833e-09
2619.0 6.571617996368169e-09
2620.0 6.568516936147505e-09
2621.0 6.565415875926838e-09
2622.0 6.562314815706174e-09
2623.0 6.55921375548551e-09
2624.0 6.556112695264847e-09
2625.0 6.553011635044182e-09
2626.0 6.549910574823517e-09
2627.0 6.546809514602852e-09
2628.0 6.543708454382189e-09
2629.0 6.540607394161525e-09
2630.0 6.53750633394086e-09
2631.0 6.534405273720195e-09
2632.0 6.531304213499531e-09
2633.0 6.528203153278866e-09
2634.0 6.5251020930582e-09
2635.0 6.5220010328375375e-09
2636.0 6.518899972616874e-09
2637.0 6.5157989123962096e-09
2638.0 6.512697852175545e-09
2639.0 6.509596791954881e-09
2640.0 6.506495731734217e-09
2641.0 6.50339467151355e-09
2642.0 6.500293611292887e-09
2643.0 6.4971925510722225e-09
2644.0 6.4940914908515565e-09
2645.0 6.490990430630893e-09
2646.0 6.4878893704102285e-09
2647.0 6.484788310189564e-09
2648.0 6.4816872499689015e-09
2649.0 6.478586189748238e-09
2650.0 6.4754851295275735e-09
2651.0 6.472384069306909e-09
2652.0 6.4692830090862415e-09
2653.0 6.466181948865579e-09
2654.0 6.463080888644913e-09
2655.0 6.459979828424249e-09
2656.0 6.4568787682035865e-09
2657.0 6.4537777079829204e-09
2658.0 6.450676647762256e-09
2659.0 6.447575587541592e-09
2660.0 6.444474527320928e-09
2661.0 6.441373467100264e-09
2662.0 6.438272406879598e-09
2663.0 6.435171346658935e-09
2664.0 6.43207028643827e-09
2665.0 6.4289692262176055e-09
2666.0 6.425868165996941e-09
2667.0 6.422767105776277e-09
2668.0 6.419666045555611e-09
2669.0 6.416564985334946e-09
2670.0 6.413463925114282e-09
2671.0 6.4103628648936176e-09
2672.0 6.407261804672956e-09
2673.0 6.404326753878089e-09
2674.0 6.401530805626296e-09
2675.0 6.398734857374503e-09
2676.0 6.39593890912271e-09
2677.0 6.393142960870915e-09
2678.0 6.3903470126191236e-09
2679.0 6.3875510643673305e-09
2680.0 6.384755116115537e-09
2681.0 6.381959167863744e-09
2682.0 6.37916321961195e-09
2683.0 6.3763672713601575e-09
2684.0 6.373571323108363e-09
2685.0 6.370775374856571e-09
2686.0 6.367979426604778e-09
2687.0 6.365183478352984e-09
2688.0 6.362387530101193e-09
2689.0 6.359591581849398e-09
2690.0 6.356795633597604e-09
2691.0 6.353999685345813e-09
2692.0 6.351203737094022e-09
2693.0 6.348407788842226e-09
2694.0 6.345611840590432e-09
2695.0 6.342815892338642e-09
2696.0 6.340019944086848e-09
2697.0 6.337223995835056e-09
2698.0 6.334428047583261e-09
2699.0 6.331632099331467e-09
2700.0 6.328836151079674e-09
2701.0 6.326040202827882e-09
2702.0 6.323244254576089e-09
2703.0 6.3204483063242965e-09
2704.0 6.317652358072503e-09
2705.0 6.314856409820709e-09
2706.0 6.312060461568916e-09
2707.0 6.309264513317123e-09
2708.0 6.306468565065328e-09
2709.0 6.303672616813537e-09
2710.0 6.3008766685617436e-09
2711.0 6.298080720309949e-09
2712.0 6.295284772058157e-09
2713.0 6.2924888238063636e-09
2714.0 6.2896928755545705e-09
2715.0 6.286896927302779e-09
2716.0 6.2841009790509844e-09
2717.0 6.28130503079919e-09
2718.0 6.278509082547397e-09
2719.0 6.2757131342956045e-09
2720.0 6.2729171860438114e-09
2721.0 6.270121237792017e-09
2722.0 6.267325289540224e-09
2723.0 6.264529341288432e-09
2724.0 6.261733393036639e-09
2725.0 6.258937444784845e-09
2726.0 6.2561414965330515e-09
2727.0 6.2533455482812584e-09
2728.0 6.250549600029466e-09
2729.0 6.247753651777673e-09
2730.0 6.244957703525881e-09
2731.0 6.242161755274087e-09
2732.0 6.2393658070222965e-09
2733.0 6.236569858770502e-09
2734.0 6.233773910518709e-09
2735.0 6.230977962266916e-09
2736.0 6.228182014015122e-09
2737.0 6.225386065763329e-09
2738.0 6.222590117511536e-09
2739.0 6.219794169259741e-09
2740.0 6.2169982210079505e-09
2741.0 6.2142022727561566e-09
2742.0 6.2114063245043635e-09
2743.0 6.20861037625257e-09
2744.0 6.205814428000776e-09
2745.0 6.2030184797489836e-09
2746.0 6.2002225314971905e-09
2747.0 6.1974265832453975e-09
2748.0 6.194630634993605e-09
2749.0 6.191834686741811e-09
2750.0 6.1890387384900175e-09
2751.0 6.1862427902382245e-09
2752.0 6.183446841986431e-09
2753.0 6.180650893734638e-09
2754.0 6.177854945482845e-09
2755.0 6.175058997231052e-09
2756.0 6.172263048979259e-09
2757.0 6.169467100727465e-09
2758.0 6.166671152475672e-09
2759.0 6.163875204223879e-09
2760.0 6.161079255972086e-09
2761.0 6.1582833077202915e-09
2762.0 6.1554873594685e-09
2763.0 6.152691411216705e-09
2764.0 6.149895462964913e-09
2765.0 6.14709951471312e-09
2766.0 6.144303566461329e-09
2767.0 6.141507618209532e-09
2768.0 6.138711669957741e-09
2769.0 6.135915721705948e-09
2770.0 6.133119773454155e-09
2771.0 6.130323825202364e-09
2772.0 6.12752787695057e-09
2773.0 6.1247319286987766e-09
2774.0 6.1219359804469835e-09
2775.0 6.11914003219519e-09
2776.0 6.116344083943397e-09
2777.0 6.1135481356916036e-09
2778.0 6.1107521874398105e-09
2779.0 6.1079562391880175e-09
2780.0 6.105160290936224e-09
2781.0 6.102364342684431e-09
2782.0 6.099568394432639e-09
2783.0 6.0967724461808444e-09
2784.0 6.09397649792905e-09
2785.0 6.091180549677259e-09
2786.0 6.088384601425465e-09
2787.0 6.085588653173672e-09
2788.0 6.082792704921878e-09
2789.0 6.0799967566700845e-09
2790.0 6.077200808418292e-09
2791.0 6.074404860166499e-09
2792.0 6.0716089119147045e-09
2793.0 6.068812963662913e-09
2794.0 6.06601701541112e-09
2795.0 6.063221067159326e-09
2796.0 6.060425118907533e-09
2797.0 6.05762917065574e-09
2798.0 6.054833222403945e-09
2799.0 6.052037274152154e-09
2800.0 6.049241325900361e-09
2801.0 6.046445377648566e-09
2802.0 6.043649429396774e-09
2803.0 6.040853481144983e-09
2804.0 6.038057532893188e-09
2805.0 6.035261584641395e-09
2806.0 6.032465636389602e-09
2807.0 6.029669688137809e-09
2808.0 6.026873739886014e-09
2809.0 6.024077791634222e-09
2810.0 6.0212818433824305e-09
2811.0 6.018485895130635e-09
2812.0 6.015689946878844e-09
2813.0 6.0128939986270505e-09
2814.0 6.010098050375259e-09
2815.0 6.007302102123464e-09
2816.0 6.004506153871673e-09
2817.0 6.001710205619878e-09
2818.0 5.998914257368085e-09
2819.0 5.996118309116292e-09
2820.0 5.993322360864498e-09
2821.0 5.990526412612705e-09
2822.0 5.987730464360912e-09
2823.0 5.984934516109119e-09
2824.0 5.982138567857326e-09
2825.0 5.979342619605533e-09
2826.0 5.97654667135374e-09
2827.0 5.973750723101948e-09
2828.0 5.970954774850153e-09
2829.0 5.968158826598359e-09
2830.0 5.965362878346567e-09
2831.0 5.962566930094774e-09
2832.0 5.959770981842982e-09
2833.0 5.956975033591188e-09
2834.0 5.954179085339393e-09
2835.0 5.951383137087601e-09
2836.0 5.948587188835808e-09
2837.0 5.945791240584013e-09
2838.0 5.942995292332222e-09
2839.0 5.940199344080429e-09
2840.0 5.937403395828636e-09
2841.0 5.934607447576842e-09
2842.0 5.931811499325049e-09
2843.0 5.929015551073256e-09
2844.0 5.926219602821463e-09
2845.0 5.92342365456967e-09
2846.0 5.920627706317877e-09
2847.0 5.9178317580660836e-09
2848.0 5.91503580981429e-09
2849.0 5.912239861562497e-09
2850.0 5.909443913310704e-09
2851.0 5.906647965058911e-09
2852.0 5.9038520168071175e-09
2853.0 5.901056068555325e-09
2854.0 5.898260120303534e-09
2855.0 5.8954641720517375e-09
2856.0 5.892668223799947e-09
2857.0 5.889872275548153e-09
2858.0 5.887076327296359e-09
2859.0 5.884280379044568e-09
2860.0 5.881484430792772e-09
2861.0 5.878688482540982e-09
2862.0 5.875892534289188e-09
2863.0 5.873096586037394e-09
2864.0 5.870300637785601e-09
2865.0 5.867504689533807e-09
2866.0 5.864708741282014e-09
2867.0 5.861912793030221e-09
2868.0 5.859116844778428e-09
2869.0 5.856320896526635e-09
2870.0 5.853524948274842e-09
2871.0 5.850729000023049e-09
2872.0 5.847933051771254e-09
2873.0 5.845137103519462e-09
2874.0 5.842341155267668e-09
2875.0 5.839545207015875e-09
2876.0 5.836749258764083e-09
2877.0 5.833953310512289e-09
2878.0 5.831157362260496e-09
2879.0 5.8285520721928314e-09
2880.0 5.826028656464934e-09
2881.0 5.823505240737037e-09
2882.0 5.820981825009139e-09
2883.0 5.818458409281243e-09
2884.0 5.815934993553346e-09
2885.0 5.813411577825448e-09
2886.0 5.810888162097549e-09
2887.0 5.808364746369654e-09
2888.0 5.8058413306417575e-09
2889.0 5.80331791491386e-09
2890.0 5.800794499185962e-09
2891.0 5.798271083458065e-09
2892.0 5.795747667730167e-09
2893.0 5.7932242520022714e-09
2894.0 5.790700836274374e-09
2895.0 5.788177420546476e-09
2896.0 5.785654004818579e-09
2897.0 5.783130589090682e-09
2898.0 5.780607173362785e-09
2899.0 5.778083757634888e-09
2900.0 5.77556034190699e-09
2901.0 5.773036926179094e-09
2902.0 5.7705135104511975e-09
2903.0 5.767990094723299e-09
2904.0 5.7654666789954024e-09
2905.0 5.762943263267506e-09
2906.0 5.760419847539609e-09
2907.0 5.7578964318117106e-09
2908.0 5.755373016083814e-09
2909.0 5.752849600355917e-09
2910.0 5.75032618462802e-09
2911.0 5.747802768900122e-09
2912.0 5.745279353172224e-09
2913.0 5.742755937444328e-09
2914.0 5.740232521716432e-09
2915.0 5.7377091059885334e-09
2916.0 5.735185690260636e-09
2917.0 5.732662274532739e-09
2918.0 5.730138858804843e-09
2919.0 5.727615443076945e-09
2920.0 5.725092027349047e-09
2921.0 5.722568611621151e-09
2922.0 5.720045195893255e-09
2923.0 5.717521780165356e-09
2924.0 5.714998364437458e-09
2925.0 5.712474948709563e-09
2926.0 5.709951532981666e-09
2927.0 5.7074281172537685e-09
2928.0 5.704904701525869e-09
2929.0 5.7023812857979734e-09
2930.0 5.6998578700700775e-09
2931.0 5.69733445434218e-09
2932.0 5.6948110386142816e-09
2933.0 5.692287622886384e-09
2934.0 5.689764207158489e-09
2935.0 5.687240791430591e-09
2936.0 5.684717375702693e-09
2937.0 5.682193959974797e-09
2938.0 5.6796705442468996e-09
2939.0 5.677147128519002e-09
2940.0 5.6746237127911044e-09
2941.0 5.6721002970632085e-09
2942.0 5.669576881335312e-09
2943.0 5.667053465607414e-09
2944.0 5.664530049879517e-09
2945.0 5.662006634151619e-09
2946.0 5.659483218423722e-09
2947.0 5.6569598026958265e-09
2948.0 5.654436386967929e-09
2949.0 5.6519129712400306e-09
2950.0 5.649389555512134e-09
2951.0 5.646866139784237e-09
2952.0 5.644342724056339e-09
2953.0 5.641819308328443e-09
2954.0 5.639295892600545e-09
2955.0 5.636772476872648e-09
2956.0 5.634249061144751e-09
2957.0 5.631725645416854e-09
2958.0 5.629202229688957e-09
2959.0 5.626678813961059e-09
2960.0 5.624155398233162e-09
2961.0 5.621631982505266e-09
2962.0 5.619108566777368e-09
2963.0 5.6165851510494706e-09
2964.0 5.614061735321574e-09
2965.0 5.611538319593676e-09
2966.0 5.609014903865779e-09
2967.0 5.606491488137882e-09
2968.0 5.603968072409985e-09
2969.0 5.6014446566820885e-09
2970.0 5.59892124095419e-09
2971.0 5.5963978252262926e-09
2972.0 5.5938744094983975e-09
2973.0 5.5913509937705e-09
2974.0 5.5888275780426016e-09
2975.0 5.586304162314705e-09
2976.0 5.583780746586808e-09
2977.0 5.581257330858911e-09
2978.0 5.578733915131013e-09
2979.0 5.576210499403116e-09
2980.0 5.5736870836752195e-09
2981.0 5.571163667947321e-09
2982.0 5.568640252219425e-09
2983.0 5.566116836491528e-09
2984.0 5.563593420763631e-09
2985.0 5.561070005035733e-09
2986.0 5.558546589307836e-09
2987.0 5.556023173579938e-09
2988.0 5.553499757852042e-09
2989.0 5.550976342124146e-09
2990.0 5.548452926396247e-09
2991.0 5.5459295106683505e-09
2992.0 5.543406094940453e-09
2993.0 5.540882679212557e-09
2994.0 5.538359263484659e-09
2995.0 5.535835847756762e-09
2996.0 5.533312432028865e-09
2997.0 5.530789016300968e-09
2998.0 5.528265600573071e-09
2999.0 5.525742184845174e-09
3000.0 5.5232187691172775e-09
3001.0 5.520695353389379e-09
3002.0 5.5181719376614816e-09
3003.0 5.5156485219335865e-09
3004.0 5.513125106205688e-09
3005.0 5.510601690477791e-09
3006.0 5.508078274749893e-09
3007.0 5.505554859021996e-09
3008.0 5.5030314432940995e-09
3009.0 5.500508027566203e-09
3010.0 5.497984611838304e-09
3011.0 5.495461196110408e-09
3012.0 5.492937780382512e-09
3013.0 5.4904143646546126e-09
3014.0 5.487890948926716e-09
3015.0 5.48536753319882e-09
3016.0 5.482844117470923e-09
3017.0 5.480320701743025e-09
3018.0 5.4777972860151264e-09
3019.0 5.475273870287231e-09
3020.0 5.472750454559335e-09
3021.0 5.470227038831436e-09
3022.0 5.467703623103538e-09
3023.0 5.465180207375641e-09
3024.0 5.462656791647746e-09
3025.0 5.460133375919848e-09
3026.0 5.457609960191949e-09
3027.0 5.455086544464053e-09
3028.0 5.452563128736157e-09
3029.0 5.450039713008259e-09
3030.0 5.4475162972803615e-09
3031.0 5.444992881552465e-09
3032.0 5.442469465824568e-09
3033.0 5.4399460500966705e-09
3034.0 5.437422634368773e-09
3035.0 5.434899218640876e-09
3036.0 5.4323758029129795e-09
3037.0 5.429852387185082e-09
3038.0 5.4273289714571836e-09
3039.0 5.424805555729287e-09
3040.0 5.422282140001392e-09
3041.0 5.419758724273494e-09
3042.0 5.417235308545595e-09
3043.0 5.414711892817699e-09
3044.0 5.412188477089802e-09
3045.0 5.409665061361906e-09
3046.0 5.407141645634007e-09
3047.0 5.4046182299061105e-09
3048.0 5.402094814178214e-09
3049.0 5.399571398450316e-09
3050.0 5.3970479827224195e-09
3051.0 5.394524566994522e-09
3052.0 5.392001151266626e-09
3053.0 5.3894777355387285e-09
3054.0 5.386954319810831e-09
3055.0 5.384430904082933e-09
3056.0 5.381907488355037e-09
3057.0 5.37938407262714e-09
3058.0 5.376860656899243e-09
3059.0 5.374337241171345e-09
3060.0 5.371813825443448e-09
3061.0 5.369290409715551e-09
3062.0 5.366766993987654e-09
3063.0 5.364243578259756e-09
3064.0 5.3617201625318595e-09
3065.0 5.359196746803961e-09
3066.0 5.356673331076066e-09
3067.0 5.3541499153481685e-09
3068.0 5.351626499620271e-09
3069.0 5.349103083892373e-09
3070.0 5.346579668164477e-09
3071.0 5.34405625243658e-09
3072.0 5.341532836708682e-09
3073.0 5.339009420980785e-09
3074.0 5.336486005252888e-09
3075.0 5.333962589524991e-09
3076.0 5.331439173797093e-09
3077.0 5.328915758069196e-09
3078.0 5.3263923423412995e-09
3079.0 5.323868926613403e-09
3080.0 5.321345510885504e-09
3081.0 5.318822095157607e-09
3082.0 5.316298679429711e-09
3083.0 5.313775263701814e-09
3084.0 5.311251847973916e-09
3085.0 5.308728432246018e-09
3086.0 5.306205016518122e-09
3087.0 5.303681600790226e-09
3088.0 5.301158185062327e-09
3089.0 5.2986347693344305e-09
3090.0 5.296111353606534e-09
3091.0 5.293587937878637e-09
3092.0 5.291064522150739e-09
3093.0 5.288541106422842e-09
3094.0 5.286017690694945e-09
3095.0 5.2834942749670485e-09
3096.0 5.280970859239151e-09
3097.0 5.2784474435112525e-09
3098.0 5.275924027783357e-09
3099.0 5.273400612055459e-09
3100.0 5.270877196327562e-09
