2.0 7.476848065778683
3.0 1.6248291605988578
4.0 0.5501366825125035
5.0 0.23749713035450945
6.0 0.11956373026793357
7.0 0.06692899674230281
8.0 0.04049127330182695
9.0 0.025994568166702054
10.0 0.017488248680369214
11.0 0.0122202687364182
12.0 0.008811083916159246
13.0 0.006522662937534432
14.0 0.004938387506262622
15.0 0.0038122243073438074
16.0 0.0029931838394878373
17.0 0.0023854795260758598
18.0 0.001926562348855805
19.0 0.0015745352714717417
20.0 0.0013006943957082242
21.0 0.0010849745151159662
22.0 0.0009130931740470187
23.0 0.0007747165867525425
24.0 0.0006622561899923397
25.0 0.0005700634451656804
26.0 0.0004938814474102983
27.0 0.0004304653200890283
28.0 0.00037731549629769145
29.0 0.0003324877230469392
30.0 0.0002944559872762041
31.0 0.0002620124501521834
32.0 0.00023419359271347118
33.0 0.00021022514706389928
34.0 0.00018948064072933638
35.0 0.00017144990848054712
36.0 0.00015571497335316247
37.0 0.00014193142573581873
38.0 0.00012981393980641143
39.0 0.00011912492862256973
40.0 0.0001096655984846889
41.0 0.00010126885065872741
42.0 9.3793615268394e-05
43.0 8.712030270973936e-05
44.0 8.114713246323663e-05
45.0 7.578715482808244e-05
46.0 7.09658229564998e-05
47.0 6.661900425650763e-05
48.0 6.269134438282742e-05
49.0 5.913491555474782e-05
50.0 5.59080952240783e-05
51.0 5.297463219638317e-05
52.0 5.030286594971796e-05
53.0 4.786507166888044e-05
54.0 4.5636908849601976e-05
55.0 4.359695555118464e-05
56.0 4.172631373500684e-05
57.0 4.000827380903215e-05
58.0 3.842802865017193e-05
59.0 3.6972429109213695e-05
60.0 3.5629774404052474e-05
61.0 3.438963194399139e-05
62.0 3.3242682054029274e-05
63.0 3.218058382510046e-05
64.0 3.119585893716358e-05
65.0 3.028179081300255e-05
66.0 2.943233688242193e-05
67.0 2.864205208581625e-05
68.0 2.7906022036203154e-05
69.0 2.7219804500458582e-05
70.0 2.657937806233957e-05
71.0 2.5981096998940446e-05
72.0 2.5421651544201027e-05
73.0 2.4898032832615917e-05
74.0 2.4407501917180817e-05
75.0 2.3947562340967648e-05
76.0 2.3515935814106753e-05
77.0 2.3110540609481566e-05
78.0 2.272947234285443e-05
79.0 2.2370986847888357e-05
80.0 2.2033484894810082e-05
81.0 2.1715498534276328e-05
82.0 2.1415678876193624e-05
83.0 2.1132785137502247e-05
84.0 2.0865674813853696e-05
85.0 2.0613294848182156e-05
86.0 2.0374673684809603e-05
87.0 2.0148914111282455e-05
88.0 1.9935186801911865e-05
89.0 1.973272448723236e-05
90.0 1.954081668251761e-05
91.0 1.935880491628039e-05
92.0 1.9186078406491076e-05
93.0 1.9022070138208292e-05
94.0 1.8866253301539535e-05
95.0 1.8718138053436622e-05
96.0 1.8577268570863745e-05
97.0 1.8443220366426664e-05
98.0 1.8315597840682317e-05
99.0 1.819403204811187e-05
100.0 1.8078178656183548e-05
101.0 1.7967716079094034e-05
102.0 1.7862343769693863e-05
103.0 1.776178065480274e-05
104.0 1.7665763700631578e-05
105.0 1.7574046596371755e-05
106.0 1.748639854520871e-05
107.0 1.7402603153083736e-05
108.0 1.73224574064798e-05
109.0 1.7245770731357904e-05
110.0 1.7172364126131175e-05
111.0 1.7102069362245063e-05
112.0 1.7034728246542527e-05
113.0 1.697019194014077e-05
114.0 1.690832032903799e-05
115.0 1.6848981442110746e-05
116.0 1.6792050912560478e-05
117.0 1.6737411479225922e-05
118.0 1.668495252450136e-05
119.0 1.6634569645891933e-05
120.0 1.658616425850061e-05
121.0 1.6539643225979247e-05
122.0 1.649491851769145e-05
123.0 1.645190689002985e-05
124.0 1.6410529590006946e-05
125.0 1.6370712079398878e-05
126.0 1.6332383777866998e-05
127.0 1.629547782361382e-05
128.0 1.6259930850250445e-05
129.0 1.6225682778661366e-05
130.0 1.6192676622752256e-05
131.0 1.6160858308056886e-05
132.0 1.613017650226185e-05
133.0 1.6100582456783354e-05
134.0 1.6072029858598874e-05
135.0 1.604447469159976e-05
136.0 1.6017875106787988e-05
137.0 1.59921913006932e-05
138.0 1.5967385401434163e-05
139.0 1.5943421361893005e-05
140.0 1.5920264859511053e-05
141.0 1.5897883202252236e-05
142.0 1.587624524031403e-05
143.0 1.5855321283197353e-05
144.0 1.5835083021775445e-05
145.0 1.5815503455028386e-05
146.0 1.5796556821134132e-05
147.0 1.5778218532629394e-05
148.0 1.5760465115374405e-05
149.0 1.5743274151074582e-05
150.0 1.572662422312969e-05
151.0 1.571049486559728e-05
152.0 1.569486651507221e-05
153.0 1.567972046529777e-05
154.0 1.5665038824336836e-05
155.0 1.5650804474143142e-05
156.0 1.563700103238385e-05
157.0 1.5623612816374566e-05
158.0 1.561062480899746e-05
159.0 1.5598022626481704e-05
160.0 1.5585792487933597e-05
161.0 1.5573921186511177e-05
162.0 1.5562396062144996e-05
163.0 1.5551204975713287e-05
164.0 1.5540336284585604e-05
165.0 1.5529778819454684e-05
166.0 1.5519521862381323e-05
167.0 1.5509555125981994e-05
168.0 1.549986873369328e-05
169.0 1.549045320105146e-05
170.0 1.5481299417929384e-05
171.0 1.5472398631676415e-05
172.0 1.546374243111063e-05
173.0 1.545532273131547e-05
174.0 1.5447131759196184e-05
175.0 1.5439162039753847e-05
176.0 1.543140638303762e-05
177.0 1.5423857871737987e-05
178.0 1.541650984938619e-05
179.0 1.5409355909126963e-05
180.0 1.540238988303378e-05
181.0 1.539560583193749e-05
182.0 1.5388998035741107e-05
183.0 1.538256098419489e-05
184.0 1.5376289368107604e-05
185.0 1.537017807097099e-05
186.0 1.5364222160975974e-05
187.0 1.5358416883400336e-05
188.0 1.5352757653348614e-05
189.0 1.534724004882625e-05
190.0 1.5341859804130858e-05
191.0 1.533661280354461e-05
192.0 1.533149507531242e-05
193.0 1.5326502785891685e-05
194.0 1.532163223445993e-05
195.0 1.5316879847667566e-05
196.0 1.5312242174623652e-05
197.0 1.5307715882103157e-05
198.0 1.5303297749964897e-05
199.0 1.5298984666769872e-05
200.0 1.529477362559032e-05
201.0 1.5290661720000213e-05
202.0 1.5286646140238576e-05
203.0 1.5282724169537284e-05
204.0 1.5278893180605603e-05
205.0 1.527515063226397e-05
206.0 1.5271494066220092e-05
207.0 1.5267921103980566e-05
208.0 1.5264429443891822e-05
209.0 1.5261016858304315e-05
210.0 1.5257681190854307e-05
211.0 1.525442035385778e-05
212.0 1.5251232325811447e-05
213.0 1.5248115148995872e-05
214.0 1.524506692717615e-05
215.0 1.52420858233957e-05
216.0 1.5239170057859038e-05
217.0 1.5236317905899469e-05
218.0 1.523352769602801e-05
219.0 1.5230797808059884e-05
220.0 1.5228126671315195e-05
221.0 1.5225512762890503e-05
222.0 1.5222954605998218e-05
223.0 1.5220450768370855e-05
224.0 1.5217999860727347e-05
225.0 1.5215600535298724e-05
226.0 1.5213251484410626e-05
227.0 1.5210951439120203e-05
228.0 1.5208699167905108e-05
229.0 1.5206493475402358e-05
230.0 1.520433320119496e-05
231.0 1.5202217218644304e-05
232.0 1.5200144433766405e-05
233.0 1.5198113784150156e-05
234.0 1.5196124237915875e-05
235.0 1.5194174792712445e-05
236.0 1.5192264474751503e-05
237.0 1.5190392337877115e-05
238.0 1.518855746266953e-05
239.0 1.5186758955581597e-05
240.0 1.518499594810655e-05
241.0 1.5183267595975879e-05
242.0 1.5181573078386076e-05
243.0 1.5179911597253133e-05
244.0 1.5178282376493654e-05
245.0 1.5176684661331537e-05
246.0 1.5175117717629225e-05
247.0 1.5173580831242547e-05
248.0 1.5172073307398251e-05
249.0 1.5170594470093298e-05
250.0 1.5169143661515123e-05
251.0 1.516772024148201e-05
252.0 1.516632358690284e-05
253.0 1.516495309125544e-05
254.0 1.516360816408284e-05
255.0 1.5162288230506755e-05
256.0 1.516099273075762e-05
257.0 1.5159721119720576e-05
258.0 1.5158472866496803e-05
259.0 1.5157247453979595e-05
260.0 1.5156044378444679e-05
261.0 1.5154863149154201e-05
262.0 1.5153703287973884e-05
263.0 1.51525643290029e-05
264.0 1.5151445818215938e-05
265.0 1.515034731311708e-05
266.0 1.5149268382404982e-05
267.0 1.5148208605649029e-05
268.0 1.5147167572976006e-05
269.0 1.514614488476692e-05
270.0 1.514514015136363e-05
271.0 1.5144152992784902e-05
272.0 1.514318303845158e-05
273.0 1.514222992692052e-05
274.0 1.5141293305627012e-05
275.0 1.5140372830635343e-05
276.0 1.5139468166397268e-05
277.0 1.5138578985518075e-05
278.0 1.513770496852998e-05
279.0 1.5136845803672618e-05
280.0 1.5136001186680364e-05
281.0 1.513517082057626e-05
282.0 1.5134354415472306e-05
283.0 1.5133551688375924e-05
284.0 1.5132762363002339e-05
285.0 1.5131986169592728e-05
286.0 1.51312228447379e-05
287.0 1.5130472131207337e-05
288.0 1.5129733777783415e-05
289.0 1.5129007539100629e-05
290.0 1.5128293175489651e-05
291.0 1.5127590452826065e-05
292.0 1.512689914238362e-05
293.0 1.5126219020691847e-05
294.0 1.5125549869397914e-05
295.0 1.5124891475132549e-05
296.0 1.5124243629379935e-05
297.0 1.5123606128351397e-05
298.0 1.512297877286282e-05
299.0 1.5122361368215616e-05
300.0 1.5121753724081185e-05
301.0 1.5121155654388673e-05
302.0 1.5120566977216032e-05
303.0 1.5119987514684175e-05
304.0 1.5119417092854185e-05
305.0 1.5118855541627467e-05
306.0 1.5118302694648731e-05
307.0 1.5117758389211754e-05
308.0 1.5117222466167796e-05
309.0 1.5116694769836606e-05
310.0 1.5116175147919941e-05
311.0 1.5115663451417494e-05
312.0 1.5115159534545185e-05
313.0 1.5114663254655738e-05
314.0 1.5114174472161448e-05
315.0 1.5113693050459094e-05
316.0 1.511321885585693e-05
317.0 1.5112751757503682e-05
318.0 1.5112291627319488e-05
319.0 1.5111838339928746e-05
320.0 1.5111391772594761e-05
321.0 1.5110951805156212e-05
322.0 1.5110518319965293e-05
323.0 1.5110091201827563e-05
324.0 1.5109670337943405e-05
325.0 1.5109255617851043e-05
326.0 1.5108846933371103e-05
327.0 1.5108444178552648e-05
328.0 1.5108047249620637e-05
329.0 1.5107656044924812e-05
330.0 1.510727046488988e-05
331.0 1.5106890411967076e-05
332.0 1.5106515790586932e-05
333.0 1.5106146507113344e-05
334.0 1.51057824697988e-05
335.0 1.5105423588740791e-05
336.0 1.5105069775839342e-05
337.0 1.510472094475567e-05
338.0 1.5104377010871864e-05
339.0 1.5104037891251653e-05
340.0 1.5103703504602156e-05
341.0 1.5103373771236597e-05
342.0 1.5103048613038009e-05
343.0 1.510272795342382e-05
344.0 1.5102411717311384e-05
345.0 1.5102099831084331e-05
346.0 1.5101792222559821e-05
347.0 1.5101488820956563e-05
348.0 1.5101189556863709e-05
349.0 1.5100894362210438e-05
350.0 1.5100603170236384e-05
351.0 1.5100315915462741e-05
352.0 1.5100032533664115e-05
353.0 1.509975296184105e-05
354.0 1.5099477138193251e-05
355.0 1.5099205002093465e-05
356.0 1.5098936494061982e-05
357.0 1.5098671555741773e-05
358.0 1.5098410129874254e-05
359.0 1.509815216027559e-05
360.0 1.5097897591813636e-05
361.0 1.5097646370385373e-05
362.0 1.5097398442894941e-05
363.0 1.5097153757232162e-05
364.0 1.509691226225161e-05
365.0 1.5096673907752147e-05
366.0 1.5096438644456979e-05
367.0 1.5096206423994174e-05
368.0 1.5095977198877633e-05
369.0 1.5095750922488523e-05
370.0 1.5095527549057151e-05
371.0 1.5095307033645253e-05
372.0 1.5095089332128704e-05
373.0 1.5094874401180632e-05
374.0 1.5094662198254933e-05
375.0 1.5094452681570167e-05
376.0 1.5094245810093808e-05
377.0 1.5094041543526897e-05
378.0 1.5093839842289022e-05
379.0 1.5093640667503635e-05
380.0 1.5093443980983747e-05
381.0 1.5093249745217912e-05
382.0 1.5093057923356549e-05
383.0 1.5092868479198568e-05
384.0 1.509268137717831e-05
385.0 1.509249658235278e-05
386.0 1.5092314060389152e-05
387.0 1.5092133777552592e-05
388.0 1.5091955700694317e-05
389.0 1.5091779797239944e-05
390.0 1.50916060351781e-05
391.0 1.5091434383049268e-05
392.0 1.509126480993491e-05
393.0 1.5091097285446809e-05
394.0 1.5090931779716647e-05
395.0 1.5090768263385839e-05
396.0 1.5090606707595556e-05
397.0 1.5090447083976993e-05
398.0 1.5090289364641843e-05
399.0 1.5090133522172973e-05
400.0 1.5089979529615318e-05
401.0 1.508982736046696e-05
402.0 1.5089676988670395e-05
403.0 1.5089528388604027e-05
404.0 1.508938153507379e-05
405.0 1.5089236403304997e-05
406.0 1.5089092968934337e-05
407.0 1.5088951208002066e-05
408.0 1.5088811096944334e-05
409.0 1.5088672612585718e-05
410.0 1.5088535732131868e-05
411.0 1.5088400433162349e-05
412.0 1.5088266693623603e-05
413.0 1.5088134491822093e-05
414.0 1.5088003806417553e-05
415.0 1.508787461641642e-05
416.0 1.5087746901165365e-05
417.0 1.5087620640344996e-05
418.0 1.5087495813963665e-05
419.0 1.5087372402351416e-05
420.0 1.508725038615406e-05
421.0 1.5087129746327375e-05
422.0 1.50870104641314e-05
423.0 1.5086892521124902e-05
424.0 1.5086775899159893e-05
425.0 1.508666058037631e-05
426.0 1.508654654719677e-05
427.0 1.5086433782321453e-05
428.0 1.5086322268723088e-05
429.0 1.5086211989642021e-05
430.0 1.508610292858142e-05
431.0 1.508599506930253e-05
432.0 1.5085888395820075e-05
433.0 1.5085782892397699e-05
434.0 1.5085678543543555e-05
435.0 1.5085575334005937e-05
436.0 1.5085473248769017e-05
437.0 1.5085372273048678e-05
438.0 1.5085272392288411e-05
439.0 1.5085173592155304e-05
440.0 1.5085075858536104e-05
441.0 1.5084979177533374e-05
442.0 1.5084883535461698e-05
443.0 1.5084788918843993e-05
444.0 1.508469531440786e-05
445.0 1.5084602709082036e-05
446.0 1.5084511089992898e-05
447.0 1.5084420444461043e-05
448.0 1.5084330759997926e-05
449.0 1.5084242024302583e-05
450.0 1.508415422525839e-05
451.0 1.5084067350929904e-05
452.0 1.5083981389559761e-05
453.0 1.508389632956564e-05
454.0 1.5083812159537262e-05
455.0 1.5083728868233478e-05
456.0 1.5083646444579388e-05
457.0 1.5083564877663536e-05
458.0 1.5083484156735136e-05
459.0 1.5083404271201364e-05
460.0 1.5083325210624707e-05
461.0 1.5083246964720348e-05
462.0 1.5083169523353613e-05
463.0 1.5083092876537454e-05
464.0 1.5083017014429992e-05
465.0 1.5082941927332092e-05
466.0 1.5082867605685008e-05
467.0 1.5082794040068032e-05
468.0 1.5082721221196235e-05
469.0 1.5082649139918207e-05
470.0 1.5082577787213863e-05
471.0 1.5082507154192298e-05
472.0 1.508243723208964e-05
473.0 1.5082368012267004e-05
474.0 1.5082299486208421e-05
475.0 1.5082231645518853e-05
476.0 1.508216448192222e-05
477.0 1.508209798725947e-05
478.0 1.508203215348668e-05
479.0 1.50819669726732e-05
480.0 1.5081902436999828e-05
481.0 1.5081838538757008e-05
482.0 1.5081775270343076e-05
483.0 1.5081712624262524e-05
484.0 1.5081650593124308e-05
485.0 1.508158916964018e-05
486.0 1.508152834662304e-05
487.0 1.5081468116985349e-05
488.0 1.5081408473737524e-05
489.0 1.5081349409986406e-05
490.0 1.5081290918933729e-05
491.0 1.5081232993874626e-05
492.0 1.508117562819615e-05
493.0 1.5081118815375848e-05
494.0 1.5081062548980327e-05
495.0 1.5081006822663869e-05
496.0 1.5080951630167055e-05
497.0 1.5080896965315429e-05
498.0 1.5080842822018173e-05
499.0 1.5080789194266811e-05
500.0 1.508073607613393e-05
501.0 1.5080683461771927e-05
502.0 1.5080631345411787e-05
503.0 1.5080579721361857e-05
504.0 1.5080528584006677e-05
505.0 1.5080477927805797e-05
506.0 1.508042774729263e-05
507.0 1.5080378037073335e-05
508.0 1.5080328791825696e-05
509.0 1.5080280006298041e-05
510.0 1.508023167530816e-05
511.0 1.5080183793742271e-05
512.0 1.508013635655396e-05
513.0 1.5080089358763183e-05
514.0 1.5080042795455267e-05
515.0 1.5079996661779913e-05
516.0 1.5079950952950241e-05
517.0 1.5079905664241838e-05
518.0 1.5079860790991814e-05
519.0 1.5079816328597904e-05
520.0 1.5079772272517551e-05
521.0 1.507972861826702e-05
522.0 1.5079685361420523e-05
523.0 1.5079642497609373e-05
524.0 1.507960002252113e-05
525.0 1.5079557931898767e-05
526.0 1.5079516221539865e-05
527.0 1.507947488729581e-05
528.0 1.5079433925070996e-05
529.0 1.5079393330822049e-05
530.0 1.5079353100557075e-05
531.0 1.5079313230334896e-05
532.0 1.5079273716264319e-05
533.0 1.5079234554503411e-05
534.0 1.5079195741258782e-05
535.0 1.5079157272784879e-05
536.0 1.5079119145383296e-05
537.0 1.5079081355402103e-05
538.0 1.5079043899235163e-05
539.0 1.507900677332149e-05
540.0 1.5078969974144577e-05
541.0 1.5078933498231796e-05
542.0 1.5078897342153728e-05
543.0 1.5078861502523586e-05
544.0 1.5078825975996577e-05
545.0 1.5078790759269329e-05
546.0 1.5078755849079285e-05
547.0 1.5078721242204142e-05
548.0 1.5078686935461264e-05
549.0 1.507865292570714e-05
550.0 1.5078619209836819e-05
551.0 1.5078585784783373e-05
552.0 1.5078552647517371e-05
553.0 1.507851979504634e-05
554.0 1.5078487224414262e-05
555.0 1.507845493270105e-05
556.0 1.5078422917022065e-05
557.0 1.5078391174527608e-05
558.0 1.5078359702402445e-05
559.0 1.5078328497865323e-05
560.0 1.5078297558168503e-05
561.0 1.50782668805973e-05
562.0 1.5078236462469622e-05
563.0 1.5078206301135519e-05
564.0 1.5078176393976759e-05
565.0 1.5078146738406369e-05
566.0 1.5078117331868222e-05
567.0 1.5078088171836616e-05
568.0 1.5078059255815854e-05
569.0 1.5078030581339839e-05
570.0 1.5078002145971662e-05
571.0 1.5077973947303225e-05
572.0 1.5077945982954832e-05
573.0 1.5077918250574817e-05
574.0 1.5077890747839161e-05
575.0 1.5077863472451116e-05
576.0 1.5077836422140851e-05
577.0 1.5077809594665074e-05
578.0 1.5077782987806691e-05
579.0 1.5077756599374447e-05
580.0 1.5077730427202576e-05
581.0 1.507770446915048e-05
582.0 1.5077678723102372e-05
583.0 1.5077653186966966e-05
584.0 1.5077627858677131e-05
585.0 1.507760273618959e-05
586.0 1.5077577817484601e-05
587.0 1.5077553100565636e-05
588.0 1.5077528583459082e-05
589.0 1.507750426421394e-05
590.0 1.5077480140901535e-05
591.0 1.5077456211615206e-05
592.0 1.507743247447003e-05
593.0 1.5077408927602543e-05
594.0 1.5077385569170446e-05
595.0 1.5077362397352339e-05
596.0 1.5077339410347448e-05
597.0 1.5077316606375355e-05
598.0 1.5077293983675733e-05
599.0 1.5077271540508095e-05
600.0 1.5077249275151527e-05
601.0 1.507722718590444e-05
602.0 1.5077205271084328e-05
603.0 1.5077183529027508e-05
604.0 1.507716195808889e-05
605.0 1.5077140556641741e-05
606.0 1.5077119323077437e-05
607.0 1.5077098255805246e-05
608.0 1.5077077353252093e-05
609.0 1.5077056613862336e-05
610.0 1.5077036036097544e-05
611.0 1.5077015618436284e-05
612.0 1.5076995359373897e-05
613.0 1.5076975257422296e-05
614.0 1.507695531110975e-05
615.0 1.5076935518980673e-05
616.0 1.5076915879595437e-05
617.0 1.5076896391530159e-05
618.0 1.5076877053376503e-05
619.0 1.5076857863741497e-05
620.0 1.5076838821247331e-05
621.0 1.5076819924531163e-05
622.0 1.5076801172244946e-05
623.0 1.5076782563055242e-05
624.0 1.5076764095643023e-05
625.0 1.507674576870352e-05
626.0 1.5076727580946027e-05
627.0 1.507670953109373e-05
628.0 1.507669161788354e-05
629.0 1.507667384006592e-05
630.0 1.5076656196404727e-05
631.0 1.5076638685677033e-05
632.0 1.5076621306672976e-05
633.0 1.5076604058195595e-05
634.0 1.507658693906067e-05
635.0 1.507656994809657e-05
636.0 1.5076553084144098e-05
637.0 1.507653634605634e-05
638.0 1.5076519732698516e-05
639.0 1.5076503242947838e-05
640.0 1.5076486875693356e-05
641.0 1.5076470629835815e-05
642.0 1.5076454504287524e-05
643.0 1.5076438497972209e-05
644.0 1.5076422609824874e-05
645.0 1.5076406838791669e-05
646.0 1.507639118382976e-05
647.0 1.5076375643907188e-05
648.0 1.5076360218002746e-05
649.0 1.507634490510585e-05
650.0 1.5076329704216409e-05
651.0 1.5076314614344697e-05
652.0 1.507629963451125e-05
653.0 1.507628476374671e-05
654.0 1.5076270001091735e-05
655.0 1.5076255345596871e-05
656.0 1.5076240796322432e-05
657.0 1.5076226352338383e-05
658.0 1.5076212012724235e-05
659.0 1.5076197776568923e-05
660.0 1.507618364297071e-05
661.0 1.5076169611037052e-05
662.0 1.5076155679884526e-05
663.0 1.507614184863869e-05
664.0 1.5076128116433992e-05
665.0 1.5076114482413674e-05
666.0 1.5076100945729658e-05
667.0 1.5076087505542445e-05
668.0 1.507607416102103e-05
669.0 1.5076060911342784e-05
670.0 1.5076047755693374e-05
671.0 1.5076034693266649e-05
672.0 1.5076021723264566e-05
673.0 1.5076008844897085e-05
674.0 1.5075996057382081e-05
675.0 1.5075983359945241e-05
676.0 1.5075970751819995e-05
677.0 1.5075958232247414e-05
678.0 1.5075945800476124e-05
679.0 1.5075933455762224e-05
680.0 1.5075921197369197e-05
681.0 1.5075909024567827e-05
682.0 1.5075896936636112e-05
683.0 1.5075884932859198e-05
684.0 1.5075873012529273e-05
685.0 1.5075861174945513e-05
686.0 1.5075849419413978e-05
687.0 1.5075837745247558e-05
688.0 1.507582615176588e-05
689.0 1.5075814638295242e-05
690.0 1.5075803204168527e-05
691.0 1.5075791848725139e-05
692.0 1.507578057131093e-05
693.0 1.5075769371278118e-05
694.0 1.507575824798523e-05
695.0 1.5075747200797016e-05
696.0 1.5075736229084393e-05
697.0 1.5075725332224371e-05
698.0 1.5075714509599989e-05
699.0 1.5075703760600237e-05
700.0 1.5075693084619999e-05
701.0 1.5075682481059997e-05
702.0 1.5075671949326705e-05
703.0 1.5075661488832301e-05
704.0 1.50756510989946e-05
705.0 1.5075640779236996e-05
706.0 1.5075630528988392e-05
707.0 1.5075620347683142e-05
708.0 1.5075610234761005e-05
709.0 1.5075600189667064e-05
710.0 1.5075590211851683e-05
711.0 1.5075580300770443e-05
712.0 1.5075570455884093e-05
713.0 1.5075560676658483e-05
714.0 1.5075550962564514e-05
715.0 1.5075541313078087e-05
716.0 1.5075531727680042e-05
717.0 1.5075522205856108e-05
718.0 1.5075512747096849e-05
719.0 1.5075503350897613e-05
720.0 1.5075494016758484e-05
721.0 1.507548474418422e-05
722.0 1.507547553268422e-05
723.0 1.5075466381772454e-05
724.0 1.5075457290967433e-05
725.0 1.5075448259792146e-05
726.0 1.507543928777402e-05
727.0 1.5075430374444877e-05
728.0 1.507542151934087e-05
729.0 1.5075412722002452e-05
730.0 1.5075403981974333e-05
731.0 1.507539529880542e-05
732.0 1.5075386672048786e-05
733.0 1.5075378101261613e-05
734.0 1.5075369586005172e-05
735.0 1.5075361125844743e-05
736.0 1.5075352720349616e-05
737.0 1.5075344369093007e-05
738.0 1.5075336071652053e-05
739.0 1.5075327827607742e-05
740.0 1.5075319636544895e-05
741.0 1.5075311498052108e-05
742.0 1.5075303411721727e-05
743.0 1.5075295377149798e-05
744.0 1.5075287393936036e-05
745.0 1.507527946168378e-05
746.0 1.5075271579999966e-05
747.0 1.5075263748495077e-05
748.0 1.5075255966783112e-05
749.0 1.5075248234481556e-05
750.0 1.507524055121133e-05
751.0 1.5075232916596768e-05
752.0 1.5075225330265577e-05
753.0 1.5075217791848796e-05
754.0 1.507521030098078e-05
755.0 1.5075202857299142e-05
756.0 1.507519546044474e-05
757.0 1.5075188110061631e-05
758.0 1.5075180805797045e-05
759.0 1.507517354730135e-05
760.0 1.507516633422802e-05
761.0 1.5075159166233601e-05
762.0 1.5075152042977687e-05
763.0 1.507514496412288e-05
764.0 1.5075137929334772e-05
765.0 1.5075130938281899e-05
766.0 1.5075123990635715e-05
767.0 1.5075117086070583e-05
768.0 1.507511022426371e-05
769.0 1.5075103404895153e-05
770.0 1.507509662764776e-05
771.0 1.507508989220717e-05
772.0 1.5075083198261765e-05
773.0 1.5075076545502649e-05
774.0 1.5075069933623624e-05
775.0 1.5075063362321155e-05
776.0 1.5075056831294354e-05
777.0 1.5075050340244941e-05
778.0 1.5075043888877234e-05
779.0 1.5075037476898106e-05
780.0 1.5075031104016971e-05
781.0 1.5075024769945757e-05
782.0 1.5075018474398872e-05
783.0 1.5075012217093201e-05
784.0 1.5075005997748053e-05
785.0 1.5074999816085161e-05
786.0 1.5074993671828642e-05
787.0 1.5074987564704989e-05
788.0 1.5074981494443025e-05
789.0 1.5074975460773911e-05
790.0 1.507496946343109e-05
791.0 1.5074963502150292e-05
792.0 1.5074957576669495e-05
793.0 1.5074951686728909e-05
794.0 1.5074945832070956e-05
795.0 1.5074940012440239e-05
796.0 1.5074934227583535e-05
797.0 1.5074928477249766e-05
798.0 1.5074922761189972e-05
799.0 1.5074917079157306e-05
800.0 1.5074911430906997e-05
801.0 1.5074905816196342e-05
802.0 1.5074900234784682e-05
803.0 1.5074894686433378e-05
804.0 1.50748891709058e-05
805.0 1.5074883687967299e-05
806.0 1.5074878237385195e-05
807.0 1.5074872818928754e-05
808.0 1.5074867432369169e-05
809.0 1.5074862077479543e-05
810.0 1.5074856754034876e-05
811.0 1.5074851461812034e-05
812.0 1.5074846200589744e-05
813.0 1.5074840970148567e-05
814.0 1.507483577027089e-05
815.0 1.5074830600740898e-05
816.0 1.5074825461344562e-05
817.0 1.5074820351869626e-05
818.0 1.5074815272105583e-05
819.0 1.5074810221843664e-05
820.0 1.5074805200876818e-05
821.0 1.5074800208999701e-05
822.0 1.5074795246008647e-05
823.0 1.5074790311701671e-05
824.0 1.5074785405878435e-05
825.0 1.507478052834025e-05
826.0 1.5074775678890043e-05
827.0 1.5074770857332354e-05
828.0 1.5074766063473319e-05
829.0 1.5074761297120649e-05
830.0 1.5074756558083625e-05
831.0 1.5074751846173073e-05
832.0 1.5074747161201356e-05
833.0 1.507474250298236e-05
834.0 1.5074737871331474e-05
835.0 1.5074733266065585e-05
836.0 1.5074728687003056e-05
837.0 1.5074724133963718e-05
838.0 1.5074719606768854e-05
839.0 1.5074715105241176e-05
840.0 1.507471062920484e-05
841.0 1.5074706178485398e-05
842.0 1.5074701752909809e-05
843.0 1.5074697352306412e-05
844.0 1.507469297650493e-05
845.0 1.5074688625336436e-05
846.0 1.5074684298633356e-05
847.0 1.5074679996229453e-05
848.0 1.5074675717959817e-05
849.0 1.5074671463660842e-05
850.0 1.5074667233170226e-05
851.0 1.5074663026326955e-05
852.0 1.5074658842971294e-05
853.0 1.5074654682944767e-05
854.0 1.5074650546090155e-05
855.0 1.5074646432251481e-05
856.0 1.5074642341273999e-05
857.0 1.5074638273004179e-05
858.0 1.50746342272897e-05
859.0 1.5074630203979447e-05
860.0 1.5074626202923479e-05
861.0 1.5074622223973038e-05
862.0 1.5074618266980533e-05
863.0 1.5074614331799527e-05
864.0 1.5074610418284722e-05
865.0 1.5074606526291964e-05
866.0 1.5074602655678215e-05
867.0 1.5074598806301554e-05
868.0 1.5074594978021165e-05
869.0 1.507459117069733e-05
870.0 1.5074587384191406e-05
871.0 1.5074583618365837e-05
872.0 1.5074579873084122e-05
873.0 1.5074576148210817e-05
874.0 1.5074572443611537e-05
875.0 1.5074568759152919e-05
876.0 1.5074565094702638e-05
877.0 1.5074561450129378e-05
878.0 1.5074557825302846e-05
879.0 1.5074554220093743e-05
880.0 1.5074550634373762e-05
881.0 1.507454706801558e-05
882.0 1.507454352089285e-05
883.0 1.5074539992880192e-05
884.0 1.5074536483853185e-05
885.0 1.5074532993688352e-05
886.0 1.5074529522263163e-05
887.0 1.507452606945602e-05
888.0 1.5074522635146246e-05
889.0 1.5074519219214085e-05
890.0 1.5074515821540688e-05
891.0 1.507451244200811e-05
892.0 1.5074509080499291e-05
893.0 1.5074505736898067e-05
894.0 1.5074502411089145e-05
895.0 1.5074499102958105e-05
896.0 1.5074495812391384e-05
897.0 1.5074492539276283e-05
898.0 1.5074489283500937e-05
899.0 1.5074486044954344e-05
900.0 1.5074482823526308e-05
901.0 1.5074479619107481e-05
902.0 1.5074476431589321e-05
903.0 1.5074473260864105e-05
904.0 1.5074470106824908e-05
905.0 1.507446696936561e-05
906.0 1.5074463848380875e-05
907.0 1.5074460743766161e-05
908.0 1.5074457655417696e-05
909.0 1.5074454583232481e-05
910.0 1.5074451527108278e-05
911.0 1.5074448486943618e-05
912.0 1.507444546263777e-05
913.0 1.5074442454090755e-05
914.0 1.5074439461203335e-05
915.0 1.5074436483877001e-05
916.0 1.5074433522013969e-05
917.0 1.507443057551718e-05
918.0 1.5074427644290285e-05
919.0 1.5074424728237647e-05
920.0 1.5074421827264325e-05
921.0 1.507441894127608e-05
922.0 1.5074416070179363e-05
923.0 1.5074413213881303e-05
924.0 1.507441037228972e-05
925.0 1.5074407545313096e-05
926.0 1.5074404732860585e-05
927.0 1.5074401934842004e-05
928.0 1.5074399151167822e-05
929.0 1.5074396381749164e-05
930.0 1.5074393626497799e-05
931.0 1.5074390885326135e-05
932.0 1.5074388158147216e-05
933.0 1.5074385444874712e-05
934.0 1.5074382745422922e-05
935.0 1.5074380059706764e-05
936.0 1.5074377387641768e-05
937.0 1.507437472914407e-05
938.0 1.5074372084130417e-05
939.0 1.5074369452518151e-05
940.0 1.5074366834225204e-05
941.0 1.5074364229170106e-05
942.0 1.5074361637271964e-05
943.0 1.5074359058450463e-05
944.0 1.5074356492625875e-05
945.0 1.5074353939719025e-05
946.0 1.5074351399651319e-05
947.0 1.507434887234471e-05
948.0 1.5074346357721717e-05
949.0 1.5074343855705402e-05
950.0 1.5074341366219387e-05
951.0 1.5074338889187823e-05
952.0 1.5074336424535406e-05
953.0 1.5074333972187363e-05
954.0 1.5074331532069454e-05
955.0 1.5074329104107957e-05
956.0 1.5074326688229682e-05
957.0 1.5074324284361947e-05
958.0 1.5074321892432585e-05
959.0 1.5074319512369934e-05
960.0 1.5074317144102844e-05
961.0 1.5074314787560657e-05
962.0 1.5074312442673218e-05
963.0 1.5074310109370857e-05
964.0 1.5074307787584399e-05
965.0 1.5074305477245148e-05
966.0 1.5074303178284893e-05
967.0 1.5074300890635895e-05
968.0 1.5074298614230889e-05
969.0 1.5074296349003082e-05
970.0 1.5074294094886143e-05
971.0 1.50742918518142e-05
972.0 1.5074289619721848e-05
973.0 1.5074287398544125e-05
974.0 1.5074285188216528e-05
975.0 1.5074282988674996e-05
976.0 1.5074280799855908e-05
977.0 1.5074278621696099e-05
978.0 1.5074276454132818e-05
979.0 1.5074274297103763e-05
980.0 1.5074272150547058e-05
981.0 1.5074270014401246e-05
982.0 1.5074267888605306e-05
983.0 1.5074265773098621e-05
984.0 1.5074263667821e-05
985.0 1.5074261572712668e-05
986.0 1.5074259487714244e-05
987.0 1.5074257412766775e-05
988.0 1.5074255347811689e-05
989.0 1.507425329279083e-05
990.0 1.5074251247646432e-05
991.0 1.5074249212321125e-05
992.0 1.5074247186757928e-05
993.0 1.507424517090025e-05
994.0 1.5074243164691882e-05
995.0 1.5074241168076996e-05
996.0 1.5074239181000145e-05
997.0 1.507423720340626e-05
998.0 1.5074235235240639e-05
999.0 1.5074233276448954e-05
1000.0 1.5074231326977242e-05
1001.0 1.5074229386771903e-05
1002.0 1.5074227455779702e-05
1003.0 1.5074225533947764e-05
1004.0 1.507422362122356e-05
1005.0 1.5074221717554925e-05
1006.0 1.5074219822890037e-05
1007.0 1.5074217937177428e-05
1008.0 1.5074216060365966e-05
1009.0 1.5074214192404873e-05
1010.0 1.50742123332437e-05
1011.0 1.5074210482832342e-05
1012.0 1.5074208641121024e-05
1013.0 1.5074206808060308e-05
1014.0 1.5074204983601077e-05
1015.0 1.507420316769455e-05
1016.0 1.5074201360292266e-05
1017.0 1.5074199561346086e-05
1018.0 1.507419777080819e-05
1019.0 1.5074195988631078e-05
1020.0 1.5074194214767561e-05
1021.0 1.5074192449170762e-05
1022.0 1.5074190691794119e-05
1023.0 1.5074188942591372e-05
1024.0 1.5074187201516567e-05
1025.0 1.5074185468524055e-05
1026.0 1.507418374356849e-05
1027.0 1.5074182026604817e-05
1028.0 1.5074180317588279e-05
1029.0 1.5074178616474421e-05
1030.0 1.5074176923219068e-05
1031.0 1.5074175237778344e-05
1032.0 1.5074173560108653e-05
1033.0 1.5074171890166688e-05
1034.0 1.5074170227909422e-05
1035.0 1.5074168573294116e-05
1036.0 1.5074166926278303e-05
1037.0 1.507416528681979e-05
1038.0 1.5074163654876668e-05
1039.0 1.5074162030407293e-05
1040.0 1.5074160413370294e-05
1041.0 1.507415880372457e-05
1042.0 1.5074157201429281e-05
1043.0 1.5074155606443861e-05
1044.0 1.5074154018727995e-05
1045.0 1.5074152438241637e-05
1046.0 1.5074150864945e-05
1047.0 1.5074149298798547e-05
1048.0 1.5074147739763e-05
1049.0 1.5074146187799335e-05
1050.0 1.5074144642868778e-05
1051.0 1.5074143104932803e-05
1052.0 1.5074141573953134e-05
1053.0 1.5074140049891736e-05
1054.0 1.5074138532710822e-05
1055.0 1.507413702237285e-05
1056.0 1.5074135518840507e-05
1057.0 1.5074134022076731e-05
1058.0 1.5074132532044687e-05
1059.0 1.5074131048707781e-05
1060.0 1.507412957202965e-05
1061.0 1.5074128101974161e-05
1062.0 1.5074126638505416e-05
1063.0 1.507412518158774e-05
1064.0 1.5074123731185686e-05
1065.0 1.5074122287264031e-05
1066.0 1.5074120849787781e-05
1067.0 1.5074119418722154e-05
1068.0 1.5074117994032596e-05
1069.0 1.5074116575684768e-05
1070.0 1.5074115163644546e-05
1071.0 1.5074113757878028e-05
1072.0 1.5074112358351515e-05
1073.0 1.5074110965031531e-05
1074.0 1.5074109577884801e-05
1075.0 1.507410819687827e-05
1076.0 1.5074106821979081e-05
1077.0 1.5074105453154587e-05
1078.0 1.5074104090372345e-05
1079.0 1.5074102733600118e-05
1080.0 1.5074101382805862e-05
1081.0 1.5074100037957747e-05
1082.0 1.507409869902413e-05
1083.0 1.5074097365973567e-05
1084.0 1.5074096038774815e-05
1085.0 1.5074094717396822e-05
1086.0 1.5074093401808733e-05
1087.0 1.5074092091979882e-05
1088.0 1.5074090787879788e-05
1089.0 1.5074089489478167e-05
1090.0 1.507408819674492e-05
1091.0 1.5074086909650138e-05
1092.0 1.5074085628164088e-05
1093.0 1.5074084352257231e-05
1094.0 1.5074083081900202e-05
1095.0 1.5074081817063824e-05
1096.0 1.5074080557719095e-05
1097.0 1.5074079303837194e-05
1098.0 1.5074078055389477e-05
1099.0 1.5074076812347473e-05
1100.0 1.5074075574682893e-05
1101.0 1.5074074342367615e-05
1102.0 1.5074073115373692e-05
1103.0 1.5074071893673347e-05
1104.0 1.5074070677238976e-05
1105.0 1.507406946604314e-05
1106.0 1.5074068260058567e-05
1107.0 1.5074067059258159e-05
1108.0 1.5074065863614974e-05
1109.0 1.5074064673102241e-05
1110.0 1.5074063487693345e-05
1111.0 1.507406230736184e-05
1112.0 1.5074061132081437e-05
1113.0 1.5074059961826006e-05
1114.0 1.507405879656958e-05
1115.0 1.507405763628634e-05
1116.0 1.5074056480950633e-05
1117.0 1.5074055330536958e-05
1118.0 1.5074054185019966e-05
1119.0 1.5074053044374462e-05
1120.0 1.5074051908575406e-05
1121.0 1.5074050777597904e-05
1122.0 1.5074049651417218e-05
1123.0 1.5074048530008749e-05
1124.0 1.5074047413348057e-05
1125.0 1.507404630141084e-05
1126.0 1.507404519417295e-05
1127.0 1.507404409161038e-05
1128.0 1.507404299369926e-05
1129.0 1.5074041900415875e-05
1130.0 1.5074040811736642e-05
1131.0 1.5074039727638124e-05
1132.0 1.5074038648097025e-05
1133.0 1.5074037573090181e-05
1134.0 1.5074036502594574e-05
1135.0 1.5074035436587318e-05
1136.0 1.5074034375045669e-05
1137.0 1.5074033317947007e-05
1138.0 1.5074032265268856e-05
1139.0 1.5074031216988868e-05
1140.0 1.5074030173084839e-05
1141.0 1.5074029133534677e-05
1142.0 1.5074028098316434e-05
1143.0 1.5074027067408292e-05
1144.0 1.5074026040788556e-05
1145.0 1.5074025018435662e-05
1146.0 1.5074024000328172e-05
1147.0 1.5074022986444777e-05
1148.0 1.5074021976764292e-05
1149.0 1.5074020971265653e-05
1150.0 1.5074019969927926e-05
1151.0 1.5074018972730295e-05
1152.0 1.5074017979652067e-05
1153.0 1.5074016990672673e-05
1154.0 1.5074016005771663e-05
1155.0 1.5074015024928702e-05
1156.0 1.5074014048123586e-05
1157.0 1.5074013075336212e-05
1158.0 1.5074012106546607e-05
1159.0 1.5074011141734913e-05
1160.0 1.5074010180881381e-05
1161.0 1.5074009223966385e-05
1162.0 1.5074008270970407e-05
1163.0 1.5074007321874045e-05
1164.0 1.5074006376658013e-05
1165.0 1.5074005435303127e-05
1166.0 1.5074004497790329e-05
1167.0 1.5074003564100653e-05
1168.0 1.5074002634215259e-05
1169.0 1.507400170811541e-05
1170.0 1.5074000785782472e-05
1171.0 1.5073999867197922e-05
1172.0 1.5073998952343354e-05
1173.0 1.507399804120045e-05
1174.0 1.507399713375101e-05
1175.0 1.5073996229976937e-05
1176.0 1.5073995329860232e-05
1177.0 1.5073994433383003e-05
1178.0 1.5073993540527464e-05
1179.0 1.5073992651275928e-05
1180.0 1.5073991765610806e-05
1181.0 1.5073990883514615e-05
1182.0 1.507399000496997e-05
1183.0 1.5073989129959582e-05
1184.0 1.5073988258466268e-05
1185.0 1.5073987390472935e-05
1186.0 1.5073986525962595e-05
1187.0 1.5073985664918349e-05
1188.0 1.50739848073234e-05
1189.0 1.5073983953161041e-05
1190.0 1.5073983102414667e-05
1191.0 1.5073982255067762e-05
1192.0 1.5073981411103905e-05
1193.0 1.5073980570506767e-05
1194.0 1.5073979733260113e-05
1195.0 1.5073978899347801e-05
1196.0 1.5073978068753774e-05
1197.0 1.5073977241462075e-05
1198.0 1.5073976417456828e-05
1199.0 1.5073975596722251e-05
1200.0 1.5073974779242655e-05
1201.0 1.5073973965002429e-05
1202.0 1.5073973153986058e-05
1203.0 1.5073972346178112e-05
1204.0 1.5073971541563243e-05
1205.0 1.5073970740126198e-05
1206.0 1.5073969941851803e-05
1207.0 1.5073969146724968e-05
1208.0 1.5073968354730696e-05
1209.0 1.5073967565854062e-05
1210.0 1.5073966780080233e-05
1211.0 1.5073965997394454e-05
1212.0 1.5073965217782053e-05
1213.0 1.5073964441228449e-05
1214.0 1.5073963667719124e-05
1215.0 1.5073962897239654e-05
1216.0 1.5073962129775694e-05
1217.0 1.5073961365312976e-05
1218.0 1.507396060383731e-05
1219.0 1.5073959845334586e-05
1220.0 1.5073959089790776e-05
1221.0 1.5073958337191922e-05
1222.0 1.507395758752415e-05
1223.0 1.507395684077366e-05
1224.0 1.5073956096926729e-05
1225.0 1.5073955355969704e-05
1226.0 1.5073954617889016e-05
1227.0 1.5073953882671167e-05
1228.0 1.5073953150302733e-05
1229.0 1.5073952420770363e-05
1230.0 1.5073951694060778e-05
1231.0 1.5073950970160777e-05
1232.0 1.507395024905723e-05
1233.0 1.5073949530737076e-05
1234.0 1.5073948815187323e-05
1235.0 1.507394810239506e-05
1236.0 1.5073947392347438e-05
1237.0 1.5073946685031681e-05
1238.0 1.5073945980435083e-05
1239.0 1.5073945278545005e-05
1240.0 1.5073944579348884e-05
1241.0 1.5073943882834212e-05
1242.0 1.5073943188988566e-05
1243.0 1.5073942497799572e-05
1244.0 1.5073941809254943e-05
1245.0 1.5073941123342443e-05
1246.0 1.5073940440049907e-05
1247.0 1.5073939759365242e-05
1248.0 1.5073939081276411e-05
1249.0 1.5073938405771446e-05
1250.0 1.5073937732838448e-05
1251.0 1.5073937062465576e-05
1252.0 1.5073936394641054e-05
1253.0 1.5073935729353175e-05
1254.0 1.5073935066590289e-05
1255.0 1.5073934406340808e-05
1256.0 1.5073933748593213e-05
1257.0 1.5073933093336043e-05
1258.0 1.5073932440557895e-05
1259.0 1.5073931790247433e-05
1260.0 1.5073931142393379e-05
1261.0 1.5073930496984515e-05
1262.0 1.5073929854009687e-05
1263.0 1.5073929213457796e-05
1264.0 1.5073928575317801e-05
1265.0 1.507392793957873e-05
1266.0 1.5073927306229656e-05
1267.0 1.507392667525972e-05
1268.0 1.5073926046658115e-05
1269.0 1.5073925420414098e-05
1270.0 1.5073924796516978e-05
1271.0 1.507392417495612e-05
1272.0 1.5073923555720952e-05
1273.0 1.5073922938800949e-05
1274.0 1.507392232418565e-05
1275.0 1.5073921711864646e-05
1276.0 1.5073921101827584e-05
1277.0 1.5073920494064162e-05
1278.0 1.5073919888564135e-05
1279.0 1.5073919285317316e-05
1280.0 1.5073918684313568e-05
1281.0 1.5073918085542808e-05
1282.0 1.5073917488995003e-05
1283.0 1.5073916894660179e-05
1284.0 1.507391630252841e-05
1285.0 1.5073915712589824e-05
1286.0 1.50739151248346e-05
1287.0 1.507391453925297e-05
1288.0 1.5073913955835214e-05
1289.0 1.507391337457167e-05
1290.0 1.5073912795452716e-05
1291.0 1.5073912218468787e-05
1292.0 1.5073911643610372e-05
1293.0 1.5073911070867999e-05
1294.0 1.5073910500232257e-05
1295.0 1.5073909931693775e-05
1296.0 1.5073909365243235e-05
1297.0 1.5073908800871368e-05
1298.0 1.507390823856895e-05
1299.0 1.5073907678326806e-05
1300.0 1.5073907120135815e-05
1301.0 1.5073906563986894e-05
1302.0 1.5073906009871013e-05
1303.0 1.5073905457779187e-05
1304.0 1.5073904907702477e-05
1305.0 1.507390435963199e-05
1306.0 1.5073903813558884e-05
1307.0 1.5073903269474353e-05
1308.0 1.507390272736965e-05
1309.0 1.5073902187236057e-05
1310.0 1.5073901649064914e-05
1311.0 1.5073901112847603e-05
1312.0 1.5073900578575541e-05
1313.0 1.5073900046240204e-05
1314.0 1.5073899515833102e-05
1315.0 1.5073898987345789e-05
1316.0 1.5073898460769868e-05
1317.0 1.5073897936096976e-05
1318.0 1.5073897413318803e-05
1319.0 1.5073896892427078e-05
1320.0 1.5073896373413567e-05
1321.0 1.5073895856270083e-05
1322.0 1.5073895340988484e-05
1323.0 1.5073894827560661e-05
1324.0 1.5073894315978558e-05
1325.0 1.5073893806234144e-05
1326.0 1.5073893298319445e-05
1327.0 1.507389279222652e-05
1328.0 1.507389228794747e-05
1329.0 1.507389178547443e-05
1330.0 1.5073891284799585e-05
1331.0 1.5073890785915155e-05
1332.0 1.5073890288813397e-05
1333.0 1.507388979348661e-05
1334.0 1.5073889299927138e-05
1335.0 1.5073888808127349e-05
1336.0 1.5073888318079663e-05
1337.0 1.5073887829776532e-05
1338.0 1.5073887343210448e-05
1339.0 1.507388685837394e-05
1340.0 1.5073886375259575e-05
1341.0 1.5073885893859958e-05
1342.0 1.507388541416773e-05
1343.0 1.5073884936175573e-05
1344.0 1.5073884459876199e-05
1345.0 1.5073883985262361e-05
1346.0 1.5073883512326848e-05
1347.0 1.5073883041062489e-05
1348.0 1.5073882571462137e-05
1349.0 1.5073882103518694e-05
1350.0 1.507388163722509e-05
1351.0 1.5073881172574292e-05
1352.0 1.5073880709559305e-05
1353.0 1.5073880248173162e-05
1354.0 1.5073879788408942e-05
1355.0 1.507387933025975e-05
1356.0 1.5073878873718722e-05
1357.0 1.5073878418779038e-05
1358.0 1.5073877965433908e-05
1359.0 1.5073877513676572e-05
1360.0 1.5073877063500307e-05
1361.0 1.5073876614898426e-05
1362.0 1.507387616786427e-05
1363.0 1.5073875722391215e-05
1364.0 1.5073875278472672e-05
1365.0 1.507387483610208e-05
1366.0 1.5073874395272918e-05
1367.0 1.5073873955978687e-05
1368.0 1.5073873518212927e-05
1369.0 1.5073873081969209e-05
1370.0 1.5073872647241136e-05
1371.0 1.5073872214022339e-05
1372.0 1.5073871782306485e-05
1373.0 1.5073871352087272e-05
1374.0 1.5073870923358425e-05
1375.0 1.50738704961137e-05
1376.0 1.5073870070346889e-05
1377.0 1.507386964605181e-05
1378.0 1.5073869223222311e-05
1379.0 1.5073868801852275e-05
1380.0 1.5073868381935607e-05
1381.0 1.507386796346625e-05
1382.0 1.5073867546438172e-05
1383.0 1.507386713084537e-05
1384.0 1.5073866716681875e-05
1385.0 1.5073866303941744e-05
1386.0 1.5073865892619057e-05
1387.0 1.5073865482707936e-05
1388.0 1.507386507420252e-05
1389.0 1.507386466709698e-05
1390.0 1.5073864261385519e-05
1391.0 1.5073863857062365e-05
1392.0 1.5073863454121777e-05
1393.0 1.5073863052558032e-05
1394.0 1.5073862652365448e-05
1395.0 1.5073862253538361e-05
1396.0 1.5073861856071143e-05
1397.0 1.507386145995818e-05
1398.0 1.5073861065193903e-05
1399.0 1.5073860671772752e-05
1400.0 1.5073860279689207e-05
1401.0 1.5073859888937767e-05
1402.0 1.507385949951296e-05
1403.0 1.5073859111409343e-05
1404.0 1.5073858724621497e-05
1405.0 1.5073858339144026e-05
1406.0 1.5073857954971564e-05
1407.0 1.5073857572098769e-05
1408.0 1.5073857190520328e-05
1409.0 1.5073856810230946e-05
1410.0 1.5073856431225362e-05
1411.0 1.5073856053498334e-05
1412.0 1.5073855677044646e-05
1413.0 1.5073855301859112e-05
1414.0 1.5073854927936563e-05
1415.0 1.5073854555271861e-05
1416.0 1.5073854183859893e-05
1417.0 1.5073853813695565e-05
1418.0 1.5073853444773807e-05
1419.0 1.507385307708958e-05
1420.0 1.5073852710637861e-05
1421.0 1.5073852345413661e-05
1422.0 1.5073851981412003e-05
1423.0 1.5073851618627944e-05
1424.0 1.5073851257056555e-05
1425.0 1.5073850896692939e-05
1426.0 1.5073850537532214e-05
1427.0 1.5073850179569531e-05
1428.0 1.5073849822800053e-05
1429.0 1.5073849467218976e-05
1430.0 1.507384911282151e-05
1431.0 1.5073848759602895e-05
1432.0 1.5073848407558387e-05
1433.0 1.5073848056683268e-05
1434.0 1.5073847706972842e-05
1435.0 1.5073847358422437e-05
1436.0 1.5073847011027398e-05
1437.0 1.5073846664783096e-05
1438.0 1.507384631968492e-05
1439.0 1.507384597572829e-05
1440.0 1.5073845632908632e-05
1441.0 1.5073845291221404e-05
1442.0 1.5073844950662085e-05
1443.0 1.5073844611226174e-05
1444.0 1.507384427290919e-05
1445.0 1.5073843935706676e-05
1446.0 1.5073843599614187e-05
1447.0 1.507384326462731e-05
1448.0 1.5073842930741645e-05
1449.0 1.507384259795282e-05
1450.0 1.5073842266256472e-05
1451.0 1.5073841935648267e-05
1452.0 1.5073841606123894e-05
1453.0 1.5073841277679049e-05
1454.0 1.5073840950309461e-05
1455.0 1.5073840624010875e-05
1456.0 1.5073840298779053e-05
1457.0 1.5073839974609776e-05
1458.0 1.5073839651498852e-05
1459.0 1.5073839329442099e-05
1460.0 1.5073839008435358e-05
1461.0 1.5073838688474495e-05
1462.0 1.5073838369555388e-05
1463.0 1.5073838051673935e-05
1464.0 1.5073837734826051e-05
1465.0 1.5073837419007679e-05
1466.0 1.5073837104214772e-05
1467.0 1.5073836790443304e-05
1468.0 1.5073836477689267e-05
1469.0 1.507383616594867e-05
1470.0 1.5073835855217549e-05
1471.0 1.5073835545491947e-05
1472.0 1.5073835236767932e-05
1473.0 1.5073834929041587e-05
1474.0 1.5073834622309014e-05
1475.0 1.5073834316566332e-05
1476.0 1.507383401180968e-05
1477.0 1.507383370803521e-05
1478.0 1.5073833405239098e-05
1479.0 1.5073833103417535e-05
1480.0 1.5073832802566727e-05
1481.0 1.5073832502682899e-05
1482.0 1.5073832203762294e-05
1483.0 1.507383190580117e-05
1484.0 1.5073831608795804e-05
1485.0 1.507383131274249e-05
1486.0 1.5073831017637538e-05
1487.0 1.5073830723477273e-05
1488.0 1.5073830430258041e-05
1489.0 1.50738301379762e-05
1490.0 1.5073829846628129e-05
1491.0 1.5073829556210221e-05
1492.0 1.5073829266718883e-05
1493.0 1.5073828978150545e-05
1494.0 1.5073828690501644e-05
1495.0 1.507382840376864e-05
1496.0 1.507382811794801e-05
1497.0 1.5073827833036238e-05
1498.0 1.5073827549029836e-05
1499.0 1.507382726592532e-05
1500.0 1.5073826983719232e-05
1501.0 1.5073826702408122e-05
1502.0 1.5073826421988557e-05
1503.0 1.507382614245712e-05
1504.0 1.5073825863810418e-05
1505.0 1.5073825586045059e-05
1506.0 1.5073825309157669e-05
1507.0 1.50738250331449e-05
1508.0 1.5073824758003408e-05
1509.0 1.507382448372987e-05
1510.0 1.507382421032097e-05
1511.0 1.507382393777342e-05
1512.0 1.5073823666083932e-05
1513.0 1.5073823395249245e-05
1514.0 1.5073823125266104e-05
1515.0 1.5073822856131273e-05
1516.0 1.5073822587841531e-05
1517.0 1.5073822320393666e-05
1518.0 1.5073822053784486e-05
1519.0 1.5073821788010811e-05
1520.0 1.5073821523069474e-05
1521.0 1.5073821258957325e-05
1522.0 1.5073820995671227e-05
1523.0 1.5073820733208054e-05
1524.0 1.5073820471564696e-05
1525.0 1.5073820210738056e-05
1526.0 1.5073819950725057e-05
1527.0 1.5073819691522624e-05
1528.0 1.5073819433127706e-05
1529.0 1.5073819175537258e-05
1530.0 1.5073818918748254e-05
1531.0 1.5073818662757677e-05
1532.0 1.5073818407562529e-05
1533.0 1.5073818153159817e-05
1534.0 1.5073817899546572e-05
1535.0 1.5073817646719822e-05
1536.0 1.5073817394676627e-05
1537.0 1.507381714341405e-05
1538.0 1.5073816892929163e-05
1539.0 1.507381664321906e-05
1540.0 1.507381639428084e-05
1541.0 1.5073816146111621e-05
1542.0 1.5073815898708527e-05
1543.0 1.5073815652068703e-05
1544.0 1.5073815406189299e-05
1545.0 1.5073815161067481e-05
1546.0 1.5073814916700426e-05
1547.0 1.5073814673085326e-05
1548.0 1.5073814430219382e-05
1549.0 1.5073814188099808e-05
1550.0 1.5073813946723833e-05
1551.0 1.507381370608869e-05
1552.0 1.5073813466191635e-05
1553.0 1.5073813227029931e-05
1554.0 1.507381298860085e-05
1555.0 1.5073812750901678e-05
1556.0 1.5073812513929718e-05
1557.0 1.5073812277682275e-05
1558.0 1.5073812042156671e-05
1559.0 1.5073811807350244e-05
1560.0 1.5073811573260331e-05
1561.0 1.5073811339884296e-05
1562.0 1.5073811107219504e-05
1563.0 1.5073810875263331e-05
1564.0 1.5073810644013172e-05
1565.0 1.5073810413466426e-05
1566.0 1.5073810183620507e-05
1567.0 1.507380995447284e-05
1568.0 1.507380972602086e-05
1569.0 1.5073809498262008e-05
1570.0 1.5073809271193748e-05
1571.0 1.5073809044813548e-05
1572.0 1.5073808819118881e-05
1573.0 1.5073808594107244e-05
1574.0 1.5073808369776133e-05
1575.0 1.507380814612306e-05
1576.0 1.507380792314555e-05
1577.0 1.5073807700841132e-05
1578.0 1.5073807479207354e-05
1579.0 1.5073807258241764e-05
1580.0 1.507380703794193e-05
1581.0 1.5073806818305424e-05
1582.0 1.5073806599329832e-05
1583.0 1.5073806381012753e-05
1584.0 1.5073806163351789e-05
1585.0 1.5073805946344555e-05
1586.0 1.507380572998868e-05
1587.0 1.5073805514281797e-05
1588.0 1.5073805299221556e-05
1589.0 1.5073805084805608e-05
1590.0 1.507380487103162e-05
1591.0 1.5073804657897275e-05
1592.0 1.507380444540025e-05
1593.0 1.5073804233538246e-05
1594.0 1.5073804022308966e-05
1595.0 1.507380381171013e-05
1596.0 1.5073803601739456e-05
1597.0 1.507380339239468e-05
1598.0 1.507380318367355e-05
1599.0 1.5073802975573817e-05
1600.0 1.5073802768093244e-05
1601.0 1.5073802561229604e-05
1602.0 1.5073802354980678e-05
1603.0 1.5073802149344258e-05
1604.0 1.5073801944318148e-05
1605.0 1.5073801739900151e-05
1606.0 1.5073801536088093e-05
1607.0 1.5073801332879797e-05
1608.0 1.5073801130273102e-05
1609.0 1.5073800928265856e-05
1610.0 1.5073800726855914e-05
1611.0 1.5073800526041136e-05
1612.0 1.5073800325819405e-05
1613.0 1.5073800126188595e-05
1614.0 1.5073799927146601e-05
1615.0 1.5073799728691321e-05
1616.0 1.5073799530820666e-05
1617.0 1.5073799333532552e-05
1618.0 1.5073799136824907e-05
1619.0 1.5073798940695663e-05
1620.0 1.5073798745142765e-05
1621.0 1.5073798550164168e-05
1622.0 1.507379835575783e-05
1623.0 1.5073798161921718e-05
1624.0 1.5073797968653814e-05
1625.0 1.5073797775952102e-05
1626.0 1.5073797583814575e-05
1627.0 1.5073797392239238e-05
1628.0 1.5073797201224103e-05
1629.0 1.5073797010767184e-05
1630.0 1.5073796820866516e-05
1631.0 1.5073796631520129e-05
1632.0 1.5073796442726065e-05
1633.0 1.5073796254482382e-05
1634.0 1.5073796066787139e-05
1635.0 1.50737958796384e-05
1636.0 1.5073795693034245e-05
1637.0 1.5073795506972756e-05
1638.0 1.5073795321452025e-05
1639.0 1.5073795136470151e-05
1640.0 1.507379495202524e-05
1641.0 1.5073794768115414e-05
1642.0 1.507379458473879e-05
1643.0 1.5073794401893498e-05
1644.0 1.507379421957768e-05
1645.0 1.507379403778948e-05
1646.0 1.5073793856527055e-05
1647.0 1.5073793675788563e-05
1648.0 1.5073793495572174e-05
1649.0 1.5073793315876062e-05
1650.0 1.5073793136698414e-05
1651.0 1.5073792958037422e-05
1652.0 1.507379277989128e-05
1653.0 1.5073792602258199e-05
1654.0 1.5073792425136391e-05
1655.0 1.5073792248524072e-05
1656.0 1.5073792072419477e-05
1657.0 1.5073791896820837e-05
1658.0 1.5073791721726396e-05
1659.0 1.5073791547134405e-05
1660.0 1.5073791373043113e-05
1661.0 1.5073791199450792e-05
1662.0 1.5073791026355711e-05
1663.0 1.5073790853756146e-05
1664.0 1.5073790681650382e-05
1665.0 1.507379051003671e-05
1666.0 1.5073790338913433e-05
1667.0 1.5073790168278854e-05
1668.0 1.5073789998131282e-05
1669.0 1.507378982846904e-05
1670.0 1.5073789659290452e-05
1671.0 1.5073789490593856e-05
1672.0 1.5073789322377587e-05
1673.0 1.507378915463999e-05
1674.0 1.5073788987379422e-05
1675.0 1.5073788820594239e-05
1676.0 1.5073788654282811e-05
1677.0 1.507378848844351e-05
1678.0 1.5073788323074712e-05
1679.0 1.5073788158174806e-05
1680.0 1.5073787993742185e-05
1681.0 1.5073787829775245e-05
1682.0 1.5073787666272393e-05
1683.0 1.5073787503232041e-05
1684.0 1.5073787340652605e-05
1685.0 1.5073787178532513e-05
1686.0 1.5073787016870195e-05
1687.0 1.5073786855664086e-05
1688.0 1.5073786694912628e-05
1689.0 1.5073786534614275e-05
1690.0 1.507378637476748e-05
1691.0 1.5073786215370703e-05
1692.0 1.5073786056422416e-05
1693.0 1.5073785897921093e-05
1694.0 1.5073785739865212e-05
1695.0 1.507378558225326e-05
1696.0 1.507378542508373e-05
1697.0 1.507378526835512e-05
1698.0 1.5073785112065932e-05
1699.0 1.507378495621468e-05
1700.0 1.5073784800799879e-05
1701.0 1.507378464582005e-05
1702.0 1.5073784491273721e-05
1703.0 1.5073784337159424e-05
1704.0 1.5073784183475706e-05
1705.0 1.5073784030221105e-05
1706.0 1.5073783877394176e-05
1707.0 1.5073783724993473e-05
1708.0 1.507378357301756e-05
1709.0 1.5073783421465007e-05
1710.0 1.5073783270334387e-05
1711.0 1.5073783119624276e-05
1712.0 1.5073782969333263e-05
1713.0 1.5073782819459941e-05
1714.0 1.5073782670002899e-05
1715.0 1.5073782520960747e-05
1716.0 1.5073782372332089e-05
1717.0 1.5073782224115535e-05
1718.0 1.5073782076309707e-05
1719.0 1.5073781928913224e-05
1720.0 1.5073781781924724e-05
1721.0 1.5073781635342835e-05
1722.0 1.5073781489166197e-05
1723.0 1.5073781343393456e-05
1724.0 1.5073781198023265e-05
1725.0 1.5073781053054276e-05
1726.0 1.5073780908485152e-05
1727.0 1.5073780764314559e-05
1728.0 1.5073780620541172e-05
1729.0 1.5073780477163661e-05
1730.0 1.5073780334180712e-05
1731.0 1.5073780191591014e-05
1732.0 1.5073780049393256e-05
1733.0 1.5073779907586134e-05
1734.0 1.5073779766168355e-05
1735.0 1.5073779625138622e-05
1736.0 1.507377948449565e-05
1737.0 1.5073779344238158e-05
1738.0 1.5073779204364863e-05
1739.0 1.5073779064874498e-05
1740.0 1.507377892576579e-05
1741.0 1.5073778787037483e-05
1742.0 1.5073778648688315e-05
1743.0 1.5073778510717033e-05
1744.0 1.5073778373122388e-05
1745.0 1.507377823590314e-05
1746.0 1.507377809905805e-05
1747.0 1.5073777962585882e-05
1748.0 1.5073777826485409e-05
1749.0 1.5073777690755406e-05
1750.0 1.5073777555394652e-05
1751.0 1.5073777420401939e-05
1752.0 1.5073777285776047e-05
1753.0 1.5073777151515778e-05
1754.0 1.5073777017619929e-05
1755.0 1.5073776884087305e-05
1756.0 1.5073776750916716e-05
1757.0 1.5073776618106968e-05
1758.0 1.5073776485656886e-05
1759.0 1.507377635356529e-05
1760.0 1.5073776221831006e-05
1761.0 1.5073776090452867e-05
1762.0 1.5073775959429706e-05
1763.0 1.5073775828760366e-05
1764.0 1.5073775698443688e-05
1765.0 1.5073775568478527e-05
1766.0 1.507377543886373e-05
1767.0 1.5073775309598158e-05
1768.0 1.5073775180680675e-05
1769.0 1.5073775052110146e-05
1770.0 1.5073774923885438e-05
1771.0 1.5073774796005433e-05
1772.0 1.5073774668469005e-05
1773.0 1.5073774541275045e-05
1774.0 1.5073774414422432e-05
1775.0 1.5073774287910062e-05
1776.0 1.5073774161736833e-05
1777.0 1.5073774035901644e-05
1778.0 1.50737739104034e-05
1779.0 1.5073773785241014e-05
1780.0 1.5073773660413392e-05
1781.0 1.5073773535919454e-05
1782.0 1.5073773411758124e-05
1783.0 1.5073773287928326e-05
1784.0 1.507377316442899e-05
1785.0 1.5073773041259047e-05
1786.0 1.5073772918417436e-05
1787.0 1.5073772795903102e-05
1788.0 1.5073772673714988e-05
1789.0 1.5073772551852041e-05
1790.0 1.5073772430313218e-05
1791.0 1.5073772309097476e-05
1792.0 1.5073772188203778e-05
1793.0 1.5073772067631086e-05
1794.0 1.5073771947378371e-05
1795.0 1.5073771827444606e-05
1796.0 1.507377170782877e-05
1797.0 1.5073771588529839e-05
1798.0 1.5073771469546802e-05
1799.0 1.5073771350878648e-05
1800.0 1.5073771232524366e-05
1801.0 1.5073771114482954e-05
1802.0 1.5073770996753413e-05
1803.0 1.5073770879334746e-05
1804.0 1.5073770762225958e-05
1805.0 1.5073770645426062e-05
1806.0 1.5073770528934073e-05
1807.0 1.507377041274901e-05
1808.0 1.5073770296869892e-05
1809.0 1.507377018129575e-05
1810.0 1.507377006602561e-05
1811.0 1.5073769951058503e-05
1812.0 1.5073769836393473e-05
1813.0 1.5073769722029551e-05
1814.0 1.5073769607965789e-05
1815.0 1.5073769494201227e-05
1816.0 1.5073769380734925e-05
1817.0 1.5073769267565927e-05
1818.0 1.5073769154693298e-05
1819.0 1.5073769042116099e-05
1820.0 1.5073768929833393e-05
1821.0 1.5073768817844248e-05
1822.0 1.507376870614774e-05
1823.0 1.507376859474294e-05
1824.0 1.5073768483628928e-05
1825.0 1.5073768372804786e-05
1826.0 1.50737682622696e-05
1827.0 1.5073768152022458e-05
1828.0 1.5073768042062455e-05
1829.0 1.5073767932388685e-05
1830.0 1.5073767823000247e-05
1831.0 1.5073767713896242e-05
1832.0 1.5073767605075776e-05
1833.0 1.5073767496537962e-05
1834.0 1.5073767388281908e-05
1835.0 1.507376728030673e-05
1836.0 1.507376717261155e-05
1837.0 1.5073767065195485e-05
1838.0 1.5073766958057664e-05
1839.0 1.5073766851197212e-05
1840.0 1.5073766744613265e-05
1841.0 1.5073766638304957e-05
1842.0 1.5073766532271423e-05
1843.0 1.5073766426511807e-05
1844.0 1.5073766321025251e-05
1845.0 1.5073766215810907e-05
1846.0 1.507376611086792e-05
1847.0 1.5073766006195445e-05
1848.0 1.507376590179264e-05
1849.0 1.5073765797658665e-05
1850.0 1.5073765693792685e-05
1851.0 1.5073765590193862e-05
1852.0 1.5073765486861367e-05
1853.0 1.5073765383794373e-05
1854.0 1.5073765280992054e-05
1855.0 1.5073765178453586e-05
1856.0 1.5073765076178156e-05
1857.0 1.5073764974164942e-05
1858.0 1.5073764872413134e-05
1859.0 1.507376477092192e-05
1860.0 1.5073764669690494e-05
1861.0 1.507376456871805e-05
1862.0 1.5073764468003794e-05
1863.0 1.5073764367546921e-05
1864.0 1.5073764267346637e-05
1865.0 1.507376416740215e-05
1866.0 1.5073764067712669e-05
1867.0 1.5073763968277408e-05
1868.0 1.5073763869095586e-05
1869.0 1.5073763770166418e-05
1870.0 1.5073763671489126e-05
1871.0 1.5073763573062936e-05
1872.0 1.5073763474887077e-05
1873.0 1.5073763376960775e-05
1874.0 1.5073763279283266e-05
1875.0 1.5073763181853783e-05
1876.0 1.5073763084671567e-05
1877.0 1.5073762987735857e-05
1878.0 1.50737628910459e-05
1879.0 1.507376279460094e-05
1880.0 1.5073762698400226e-05
1881.0 1.5073762602443013e-05
1882.0 1.5073762506728552e-05
1883.0 1.5073762411256103e-05
1884.0 1.5073762316024924e-05
1885.0 1.507376222103428e-05
1886.0 1.5073762126283435e-05
1887.0 1.5073762031771656e-05
1888.0 1.5073761937498214e-05
1889.0 1.5073761843462384e-05
1890.0 1.5073761749663443e-05
1891.0 1.5073761656100665e-05
1892.0 1.5073761562773333e-05
1893.0 1.5073761469680731e-05
1894.0 1.5073761376822145e-05
1895.0 1.5073761284196865e-05
1896.0 1.5073761191804178e-05
1897.0 1.5073761099643382e-05
1898.0 1.5073761007713768e-05
1899.0 1.5073760916014643e-05
1900.0 1.50737608245453e-05
1901.0 1.5073760733305049e-05
1902.0 1.507376064229319e-05
1903.0 1.5073760551509037e-05
1904.0 1.5073760460951898e-05
1905.0 1.5073760370621089e-05
1906.0 1.5073760280515925e-05
1907.0 1.507376019063572e-05
1908.0 1.5073760100979802e-05
1909.0 1.5073760011547492e-05
1910.0 1.5073759922338114e-05
1911.0 1.5073759833350994e-05
1912.0 1.5073759744585467e-05
1913.0 1.5073759656040864e-05
1914.0 1.5073759567716519e-05
1915.0 1.5073759479611772e-05
1916.0 1.5073759391725959e-05
1917.0 1.5073759304058425e-05
1918.0 1.5073759216608513e-05
1919.0 1.5073759129375571e-05
1920.0 1.5073759042358946e-05
1921.0 1.5073758955557993e-05
1922.0 1.5073758868972063e-05
1923.0 1.5073758782600513e-05
1924.0 1.5073758696442696e-05
1925.0 1.5073758610497982e-05
1926.0 1.5073758524765725e-05
1927.0 1.5073758439245296e-05
1928.0 1.5073758353936057e-05
1929.0 1.5073758268837381e-05
1930.0 1.5073758183948637e-05
1931.0 1.5073758099269202e-05
1932.0 1.507375801479845e-05
1933.0 1.5073757930535756e-05
1934.0 1.5073757846480506e-05
1935.0 1.507375776263208e-05
1936.0 1.507375767898986e-05
1937.0 1.5073757595553236e-05
1938.0 1.5073757512321597e-05
1939.0 1.5073757429294335e-05
1940.0 1.5073757346470838e-05
1941.0 1.5073757263850504e-05
1942.0 1.5073757181432731e-05
1943.0 1.507375709921692e-05
1944.0 1.5073757017202472e-05
1945.0 1.5073756935388786e-05
1946.0 1.5073756853775273e-05
1947.0 1.5073756772361339e-05
1948.0 1.5073756691146395e-05
1949.0 1.5073756610129849e-05
1950.0 1.5073756529311118e-05
1951.0 1.5073756448689618e-05
1952.0 1.5073756368264768e-05
1953.0 1.5073756288035984e-05
1954.0 1.507375620800269e-05
1955.0 1.5073756128164312e-05
1956.0 1.5073756048520274e-05
1957.0 1.5073755969070003e-05
1958.0 1.507375588981293e-05
1959.0 1.5073755810748488e-05
1960.0 1.507375573187611e-05
1961.0 1.5073755653195232e-05
1962.0 1.5073755574705292e-05
1963.0 1.5073755496405727e-05
1964.0 1.5073755418295982e-05
1965.0 1.5073755340375499e-05
1966.0 1.5073755262643724e-05
1967.0 1.5073755185100102e-05
1968.0 1.5073755107744087e-05
1969.0 1.5073755030575126e-05
1970.0 1.5073754953592674e-05
1971.0 1.5073754876796184e-05
1972.0 1.5073754800185117e-05
1973.0 1.5073754723758927e-05
1974.0 1.5073754647517076e-05
1975.0 1.5073754571459027e-05
1976.0 1.5073754495584245e-05
1977.0 1.5073754419892191e-05
1978.0 1.5073754344382341e-05
1979.0 1.5073754269054158e-05
1980.0 1.5073754193907116e-05
1981.0 1.5073754118940687e-05
1982.0 1.5073754044154347e-05
1983.0 1.5073753969547575e-05
1984.0 1.5073753895119846e-05
1985.0 1.5073753820870642e-05
1986.0 1.5073753746799445e-05
1987.0 1.507375367290574e-05
1988.0 1.5073753599189007e-05
1989.0 1.5073753525648743e-05
1990.0 1.507375345228443e-05
1991.0 1.5073753379095565e-05
1992.0 1.5073753306081631e-05
1993.0 1.5073753233242132e-05
1994.0 1.5073753160576558e-05
1995.0 1.507375308808441e-05
1996.0 1.5073753015765188e-05
1997.0 1.507375294361839e-05
1998.0 1.5073752871643522e-05
1999.0 1.5073752799840085e-05
2000.0 1.507375272820759e-05
2001.0 1.5073752656745539e-05
2002.0 1.5073752585453447e-05
2003.0 1.507375251433082e-05
2004.0 1.5073752443377175e-05
2005.0 1.5073752372592028e-05
2006.0 1.5073752301974891e-05
2007.0 1.5073752231525284e-05
2008.0 1.5073752161242723e-05
2009.0 1.5073752091126733e-05
2010.0 1.5073752021176835e-05
2011.0 1.5073751951392553e-05
2012.0 1.5073751881773413e-05
2013.0 1.5073751812318944e-05
2014.0 1.5073751743028672e-05
2015.0 1.507375167390213e-05
2016.0 1.507375160493885e-05
2017.0 1.5073751536138364e-05
2018.0 1.507375146750021e-05
2019.0 1.5073751399023924e-05
2020.0 1.507375133070904e-05
2021.0 1.5073751262555103e-05
2022.0 1.5073751194561652e-05
2023.0 1.5073751126728234e-05
2024.0 1.5073751059054387e-05
2025.0 1.5073750991539663e-05
2026.0 1.5073750924183606e-05
2027.0 1.5073750856985765e-05
2028.0 1.5073750789945694e-05
2029.0 1.5073750723062943e-05
2030.0 1.5073750656337063e-05
2031.0 1.5073750589767612e-05
2032.0 1.5073750523354148e-05
2033.0 1.5073750457096227e-05
2034.0 1.5073750390993406e-05
2035.0 1.5073750325045249e-05
2036.0 1.5073750259251316e-05
2037.0 1.5073750193611175e-05
2038.0 1.507375012812439e-05
2039.0 1.5073750062790525e-05
2040.0 1.507374999760915e-05
2041.0 1.5073749932579834e-05
2042.0 1.5073749867702147e-05
2043.0 1.5073749802975667e-05
2044.0 1.507374973839996e-05
2045.0 1.5073749673974607e-05
2046.0 1.5073749609699183e-05
2047.0 1.5073749545573262e-05
2048.0 1.507374948159643e-05
2049.0 1.5073749417768266e-05
2050.0 1.507374935408835e-05
2051.0 1.5073749290556265e-05
2052.0 1.5073749227171602e-05
2053.0 1.5073749163933938e-05
2054.0 1.507374910084287e-05
2055.0 1.5073749037897984e-05
2056.0 1.5073748975098866e-05
2057.0 1.5073748912445111e-05
2058.0 1.5073748849936314e-05
2059.0 1.5073748787572067e-05
2060.0 1.5073748725351967e-05
2061.0 1.507374866327561e-05
2062.0 1.5073748601342595e-05
2063.0 1.5073748539552522e-05
2064.0 1.5073748477904992e-05
2065.0 1.5073748416399605e-05
2066.0 1.507374835503597e-05
2067.0 1.5073748293813687e-05
2068.0 1.5073748232732364e-05
2069.0 1.5073748171791608e-05
2070.0 1.5073748110991027e-05
2071.0 1.5073748050330234e-05
2072.0 1.5073747989808837e-05
2073.0 1.5073747929426452e-05
2074.0 1.5073747869182692e-05
2075.0 1.5073747809077168e-05
2076.0 1.5073747749109504e-05
2077.0 1.507374768927931e-05
2078.0 1.507374762958621e-05
2079.0 1.507374757002982e-05
2080.0 1.5073747510609766e-05
2081.0 1.5073747451325666e-05
2082.0 1.5073747392177149e-05
2083.0 1.5073747333163836e-05
2084.0 1.5073747274285355e-05
2085.0 1.507374721554133e-05
2086.0 1.5073747156931395e-05
2087.0 1.5073747098455177e-05
2088.0 1.507374704011231e-05
2089.0 1.5073746981902419e-05
2090.0 1.5073746923825146e-05
2091.0 1.5073746865880122e-05
2092.0 1.507374680806698e-05
2093.0 1.507374675038536e-05
2094.0 1.50737466928349e-05
2095.0 1.507374663541524e-05
2096.0 1.507374657812602e-05
2097.0 1.5073746520966883e-05
2098.0 1.5073746463937467e-05
2099.0 1.5073746407037419e-05
2100.0 1.5073746350266384e-05
2101.0 1.5073746293624012e-05
2102.0 1.5073746237109945e-05
2103.0 1.5073746180723834e-05
2104.0 1.5073746124465325e-05
2105.0 1.5073746068334075e-05
2106.0 1.5073746012329732e-05
2107.0 1.507374595645195e-05
2108.0 1.5073745900700383e-05
2109.0 1.5073745845074686e-05
2110.0 1.5073745789574514e-05
2111.0 1.5073745734199527e-05
2112.0 1.5073745678949382e-05
2113.0 1.5073745623823742e-05
2114.0 1.5073745568822261e-05
2115.0 1.5073745513944607e-05
2116.0 1.507374545919044e-05
2117.0 1.5073745404559423e-05
2118.0 1.5073745350051225e-05
2119.0 1.5073745295665508e-05
2120.0 1.5073745241401941e-05
2121.0 1.5073745187260193e-05
2122.0 1.507374513323993e-05
2123.0 1.5073745079340825e-05
2124.0 1.507374502556255e-05
2125.0 1.5073744971904777e-05
2126.0 1.5073744918367178e-05
2127.0 1.507374486494943e-05
2128.0 1.5073744811651205e-05
2129.0 1.5073744758472183e-05
2130.0 1.5073744705412038e-05
2131.0 1.5073744652470455e-05
2132.0 1.5073744599647103e-05
2133.0 1.5073744546941676e-05
2134.0 1.5073744494353846e-05
2135.0 1.5073744441883295e-05
2136.0 1.5073744389529715e-05
2137.0 1.5073744337292783e-05
2138.0 1.507374428517219e-05
2139.0 1.5073744233167616e-05
2140.0 1.5073744181278757e-05
2141.0 1.5073744129505296e-05
2142.0 1.5073744077846925e-05
2143.0 1.5073744026303334e-05
2144.0 1.5073743974874212e-05
2145.0 1.5073743923559256e-05
2146.0 1.5073743872358157e-05
2147.0 1.5073743821270607e-05
2148.0 1.5073743770296308e-05
2149.0 1.5073743719434952e-05
2150.0 1.5073743668686237e-05
2151.0 1.5073743618049862e-05
2152.0 1.5073743567525524e-05
2153.0 1.5073743517112927e-05
2154.0 1.5073743466811769e-05
2155.0 1.5073743416621751e-05
2156.0 1.5073743366542583e-05
2157.0 1.507374331657396e-05
2158.0 1.5073743266715593e-05
2159.0 1.5073743216967187e-05
2160.0 1.5073743167328445e-05
2161.0 1.5073743117799078e-05
2162.0 1.5073743068378795e-05
2163.0 1.5073743019067303e-05
2164.0 1.5073742969864315e-05
2165.0 1.507374292076954e-05
2166.0 1.507374287178269e-05
2167.0 1.507374282290348e-05
2168.0 1.5073742774131626e-05
2169.0 1.5073742725466837e-05
2170.0 1.507374267690883e-05
2171.0 1.5073742628457328e-05
2172.0 1.5073742580112041e-05
2173.0 1.507374253187269e-05
2174.0 1.5073742483738998e-05
2175.0 1.507374243571068e-05
2176.0 1.5073742387787458e-05
2177.0 1.5073742339969055e-05
2178.0 1.5073742292255194e-05
2179.0 1.5073742244645595e-05
2180.0 1.5073742197139989e-05
2181.0 1.5073742149738097e-05
2182.0 1.5073742102439645e-05
2183.0 1.5073742055244362e-05
2184.0 1.5073742008151975e-05
2185.0 1.507374196116221e-05
2186.0 1.5073741914274803e-05
2187.0 1.5073741867489477e-05
2188.0 1.5073741820805971e-05
2189.0 1.507374177422401e-05
2190.0 1.5073741727743329e-05
2191.0 1.5073741681363664e-05
2192.0 1.5073741635084748e-05
2193.0 1.5073741588906314e-05
2194.0 1.5073741542828101e-05
2195.0 1.5073741496849847e-05
2196.0 1.5073741450971285e-05
2197.0 1.507374140519216e-05
2198.0 1.5073741359512206e-05
2199.0 1.5073741313931166e-05
2200.0 1.507374126844878e-05
2201.0 1.507374122306479e-05
2202.0 1.5073741177778939e-05
2203.0 1.507374113259097e-05
2204.0 1.5073741087500626e-05
2205.0 1.5073741042507654e-05
2206.0 1.5073740997611796e-05
2207.0 1.5073740952812802e-05
2208.0 1.5073740908110422e-05
2209.0 1.5073740863504398e-05
2210.0 1.5073740818994482e-05
2211.0 1.5073740774580421e-05
2212.0 1.507374073026197e-05
2213.0 1.5073740686038876e-05
2214.0 1.5073740641910892e-05
2215.0 1.5073740597877771e-05
2216.0 1.5073740553939265e-05
2217.0 1.5073740510095132e-05
2218.0 1.5073740466345123e-05
2219.0 1.5073740422688994e-05
2220.0 1.5073740379126505e-05
2221.0 1.5073740335657406e-05
2222.0 1.5073740292281463e-05
2223.0 1.5073740248998429e-05
2224.0 1.5073740205808065e-05
2225.0 1.5073740162710132e-05
2226.0 1.507374011970439e-05
2227.0 1.50737400767906e-05
2228.0 1.5073740033968525e-05
2229.0 1.5073739991237927e-05
2230.0 1.5073739948598572e-05
2231.0 1.5073739906050221e-05
2232.0 1.5073739863592642e-05
2233.0 1.5073739821225601e-05
2234.0 1.5073739778948862e-05
2235.0 1.5073739736762193e-05
2236.0 1.5073739694665362e-05
2237.0 1.5073739652658138e-05
2238.0 1.507373961074029e-05
2239.0 1.507373956891159e-05
2240.0 1.5073739527171806e-05
2241.0 1.5073739485520711e-05
2242.0 1.5073739443958077e-05
2243.0 1.5073739402483676e-05
2244.0 1.5073739361097278e-05
2245.0 1.5073739319798668e-05
2246.0 1.507373927858761e-05
2247.0 1.5073739237463882e-05
2248.0 1.5073739196427263e-05
2249.0 1.507373915547753e-05
2250.0 1.5073739114614457e-05
2251.0 1.5073739073837825e-05
2252.0 1.5073739033147414e-05
2253.0 1.5073738992542999e-05
2254.0 1.5073738952024362e-05
2255.0 1.5073738911591288e-05
2256.0 1.5073738871243554e-05
2257.0 1.5073738830980943e-05
2258.0 1.5073738790803234e-05
2259.0 1.507373875071022e-05
2260.0 1.5073738710701678e-05
2261.0 1.5073738670777393e-05
2262.0 1.5073738630937155e-05
2263.0 1.5073738591180745e-05
2264.0 1.507373855150795e-05
2265.0 1.5073738511918563e-05
2266.0 1.5073738472412365e-05
2267.0 1.5073738432989146e-05
2268.0 1.50737383936487e-05
2269.0 1.5073738354390813e-05
2270.0 1.5073738315215275e-05
2271.0 1.5073738276121877e-05
2272.0 1.5073738237110412e-05
2273.0 1.5073738198180675e-05
2274.0 1.5073738159332452e-05
2275.0 1.5073738120565545e-05
2276.0 1.5073738081879741e-05
2277.0 1.5073738043274839e-05
2278.0 1.507373800475063e-05
2279.0 1.5073737966306915e-05
2280.0 1.5073737927943488e-05
2281.0 1.507373788966015e-05
2282.0 1.5073737851456691e-05
2283.0 1.5073737813332917e-05
2284.0 1.5073737775288625e-05
2285.0 1.5073737737323613e-05
2286.0 1.5073737699437679e-05
2287.0 1.5073737661630629e-05
2288.0 1.5073737623902262e-05
2289.0 1.5073737586252381e-05
2290.0 1.5073737548680786e-05
2291.0 1.5073737511187281e-05
2292.0 1.5073737473771673e-05
2293.0 1.5073737436433762e-05
2294.0 1.5073737399173355e-05
2295.0 1.5073737361990256e-05
2296.0 1.5073737324884273e-05
2297.0 1.5073737287855212e-05
2298.0 1.5073737250902877e-05
2299.0 1.5073737214027083e-05
2300.0 1.5073737177227631e-05
2301.0 1.5073737140504333e-05
2302.0 1.5073737103856999e-05
2303.0 1.5073737067285438e-05
2304.0 1.507373703078946e-05
2305.0 1.5073736994368875e-05
2306.0 1.5073736958023499e-05
2307.0 1.507373692175314e-05
2308.0 1.5073736885557613e-05
2309.0 1.507373684943673e-05
2310.0 1.5073736813390306e-05
2311.0 1.5073736777418153e-05
2312.0 1.5073736741520089e-05
2313.0 1.5073736705695928e-05
2314.0 1.5073736669945485e-05
2315.0 1.5073736634268579e-05
2316.0 1.5073736598665024e-05
2317.0 1.5073736563134642e-05
2318.0 1.5073736527677246e-05
2319.0 1.507373649229266e-05
2320.0 1.5073736456980698e-05
2321.0 1.5073736421741182e-05
2322.0 1.5073736386573932e-05
2323.0 1.5073736351478772e-05
2324.0 1.5073736316455518e-05
2325.0 1.5073736281503996e-05
2326.0 1.5073736246624025e-05
2327.0 1.5073736211815428e-05
2328.0 1.5073736177078034e-05
2329.0 1.5073736142411659e-05
2330.0 1.5073736107816133e-05
2331.0 1.5073736073291277e-05
2332.0 1.5073736038836921e-05
2333.0 1.5073736004452887e-05
2334.0 1.5073735970139002e-05
2335.0 1.5073735935895094e-05
2336.0 1.5073735901720991e-05
2337.0 1.5073735867616519e-05
2338.0 1.5073735833581507e-05
2339.0 1.5073735799615785e-05
2340.0 1.507373576571918e-05
2341.0 1.5073735731891524e-05
2342.0 1.507373569813265e-05
2343.0 1.5073735664442382e-05
2344.0 1.5073735630820557e-05
2345.0 1.5073735597267004e-05
2346.0 1.5073735563781557e-05
2347.0 1.5073735530364047e-05
2348.0 1.5073735497014312e-05
2349.0 1.5073735463732178e-05
2350.0 1.5073735430517487e-05
2351.0 1.507373539737007e-05
2352.0 1.507373536428976e-05
2353.0 1.5073735331276397e-05
2354.0 1.5073735298329815e-05
2355.0 1.5073735265449851e-05
2356.0 1.5073735232636344e-05
2357.0 1.5073735199889128e-05
2358.0 1.5073735167208041e-05
2359.0 1.5073735134592924e-05
2360.0 1.5073735102043616e-05
2361.0 1.5073735069559955e-05
2362.0 1.5073735037141782e-05
2363.0 1.5073735004788938e-05
2364.0 1.5073734972501258e-05
2365.0 1.5073734940278592e-05
2366.0 1.5073734908120776e-05
2367.0 1.5073734876027655e-05
2368.0 1.5073734843999069e-05
2369.0 1.507373481203486e-05
2370.0 1.5073734780134877e-05
2371.0 1.5073734748298959e-05
2372.0 1.5073734716526955e-05
2373.0 1.5073734684818702e-05
2374.0 1.5073734653174054e-05
2375.0 1.5073734621592854e-05
2376.0 1.5073734590074944e-05
2377.0 1.5073734558620176e-05
2378.0 1.5073734527228393e-05
2379.0 1.5073734495899444e-05
2380.0 1.5073734464633178e-05
2381.0 1.5073734433429443e-05
2382.0 1.5073734402288085e-05
2383.0 1.5073734371208958e-05
2384.0 1.5073734340191907e-05
2385.0 1.5073734309236786e-05
2386.0 1.5073734278343442e-05
2387.0 1.5073734247511727e-05
2388.0 1.5073734216741493e-05
2389.0 1.5073734186032592e-05
2390.0 1.5073734155384876e-05
2391.0 1.5073734124798198e-05
2392.0 1.5073734094272406e-05
2393.0 1.507373406380736e-05
2394.0 1.5073734033402913e-05
2395.0 1.5073734003058916e-05
2396.0 1.5073733972775227e-05
2397.0 1.5073733942551695e-05
2398.0 1.5073733912388183e-05
2399.0 1.5073733882284544e-05
2400.0 1.5073733852240632e-05
2401.0 1.5073733822256308e-05
2402.0 1.5073733792331425e-05
2403.0 1.5073733762465845e-05
2404.0 1.507373373265942e-05
2405.0 1.507373370291201e-05
2406.0 1.5073733673223477e-05
2407.0 1.5073733643593678e-05
2408.0 1.5073733614022472e-05
2409.0 1.5073733584509722e-05
2410.0 1.5073733555055283e-05
2411.0 1.507373352565902e-05
2412.0 1.5073733496320788e-05
2413.0 1.5073733467040457e-05
2414.0 1.5073733437817883e-05
2415.0 1.507373340865293e-05
2416.0 1.5073733379545462e-05
2417.0 1.507373335049534e-05
2418.0 1.5073733321502425e-05
2419.0 1.5073733292566586e-05
2420.0 1.5073733263687685e-05
2421.0 1.5073733234865585e-05
2422.0 1.5073733206100153e-05
2423.0 1.5073733177391254e-05
2424.0 1.5073733148738751e-05
2425.0 1.507373312014251e-05
2426.0 1.5073733091602403e-05
2427.0 1.5073733063118294e-05
2428.0 1.5073733034690046e-05
2429.0 1.5073733006317532e-05
2430.0 1.5073732978000616e-05
2431.0 1.5073732949739169e-05
2432.0 1.5073732921533058e-05
2433.0 1.507373289338215e-05
2434.0 1.5073732865286318e-05
2435.0 1.5073732837245433e-05
2436.0 1.507373280925936e-05
2437.0 1.5073732781327973e-05
2438.0 1.5073732753451142e-05
2439.0 1.5073732725628737e-05
2440.0 1.5073732697860628e-05
2441.0 1.5073732670146691e-05
2442.0 1.5073732642486796e-05
2443.0 1.5073732614880817e-05
2444.0 1.5073732587328624e-05
2445.0 1.5073732559830094e-05
2446.0 1.5073732532385097e-05
2447.0 1.5073732504993508e-05
2448.0 1.5073732477655203e-05
2449.0 1.5073732450370056e-05
2450.0 1.507373242313794e-05
2451.0 1.5073732395958733e-05
2452.0 1.5073732368832308e-05
2453.0 1.5073732341758545e-05
2454.0 1.5073732314737316e-05
2455.0 1.50737322877685e-05
2456.0 1.5073732260851975e-05
2457.0 1.5073732233987616e-05
2458.0 1.5073732207175301e-05
2459.0 1.507373218041491e-05
2460.0 1.507373215370632e-05
2461.0 1.5073732127049411e-05
2462.0 1.5073732100444059e-05
2463.0 1.5073732073890145e-05
2464.0 1.507373204738755e-05
2465.0 1.5073732020936156e-05
2466.0 1.5073731994535836e-05
2467.0 1.507373196818648e-05
2468.0 1.507373194188796e-05
2469.0 1.5073731915640164e-05
2470.0 1.5073731889442973e-05
2471.0 1.5073731863296265e-05
2472.0 1.5073731837199924e-05
2473.0 1.5073731811153835e-05
2474.0 1.5073731785157879e-05
2475.0 1.507373175921194e-05
2476.0 1.50737317333159e-05
2477.0 1.5073731707469647e-05
2478.0 1.5073731681673059e-05
2479.0 1.5073731655926027e-05
2480.0 1.5073731630228431e-05
2481.0 1.507373160458016e-05
2482.0 1.5073731578981095e-05
2483.0 1.5073731553431125e-05
2484.0 1.5073731527930136e-05
2485.0 1.5073731502478017e-05
2486.0 1.5073731477074647e-05
2487.0 1.507373145171992e-05
2488.0 1.5073731426413722e-05
2489.0 1.507373140115594e-05
2490.0 1.5073731375946459e-05
2491.0 1.5073731350785172e-05
2492.0 1.5073731325671968e-05
2493.0 1.5073731300606732e-05
2494.0 1.5073731275589351e-05
2495.0 1.5073731250619723e-05
2496.0 1.5073731225697732e-05
2497.0 1.5073731200823268e-05
2498.0 1.5073731175996224e-05
2499.0 1.5073731151216487e-05
2500.0 1.5073731126483953e-05
2501.0 1.507373110179851e-05
2502.0 1.5073731077160047e-05
2503.0 1.507373105256846e-05
2504.0 1.5073731028023642e-05
2505.0 1.507373100352548e-05
2506.0 1.5073730979073874e-05
2507.0 1.507373095466871e-05
2508.0 1.5073730930309887e-05
2509.0 1.5073730905997296e-05
2510.0 1.5073730881730828e-05
2511.0 1.5073730857510382e-05
2512.0 1.507373083333585e-05
2513.0 1.5073730809207129e-05
2514.0 1.507373078512411e-05
2515.0 1.507373076108669e-05
2516.0 1.5073730737094769e-05
2517.0 1.5073730713148236e-05
2518.0 1.5073730689246992e-05
2519.0 1.5073730665390931e-05
2520.0 1.5073730641579949e-05
2521.0 1.5073730617813946e-05
2522.0 1.5073730594092819e-05
2523.0 1.507373057041646e-05
2524.0 1.5073730546784773e-05
2525.0 1.5073730523197654e-05
2526.0 1.5073730499655001e-05
2527.0 1.5073730476156713e-05
2528.0 1.5073730452702686e-05
2529.0 1.5073730429292825e-05
2530.0 1.5073730405927026e-05
2531.0 1.5073730382605189e-05
2532.0 1.5073730359327215e-05
2533.0 1.5073730336093003e-05
2534.0 1.5073730312902453e-05
2535.0 1.5073730289755466e-05
2536.0 1.5073730266651943e-05
2537.0 1.5073730243591788e-05
2538.0 1.5073730220574901e-05
2539.0 1.5073730197601182e-05
2540.0 1.5073730174670533e-05
2541.0 1.5073730151782857e-05
2542.0 1.507373012893806e-05
2543.0 1.5073730106136042e-05
2544.0 1.5073730083376705e-05
2545.0 1.5073730060659953e-05
2546.0 1.5073730037985692e-05
2547.0 1.5073730015353822e-05
2548.0 1.5073729992764253e-05
2549.0 1.5073729970216881e-05
2550.0 1.5073729947711617e-05
2551.0 1.5073729925248366e-05
2552.0 1.507372990282703e-05
2553.0 1.5073729880447516e-05
2554.0 1.5073729858109728e-05
2555.0 1.5073729835813574e-05
2556.0 1.5073729813558961e-05
2557.0 1.5073729791345793e-05
2558.0 1.5073729769173979e-05
2559.0 1.5073729747043422e-05
2560.0 1.5073729724954031e-05
2561.0 1.5073729702905716e-05
2562.0 1.5073729680898382e-05
2563.0 1.5073729658931938e-05
2564.0 1.5073729637006292e-05
2565.0 1.5073729615121349e-05
2566.0 1.5073729593277023e-05
2567.0 1.507372957147322e-05
2568.0 1.5073729549709848e-05
2569.0 1.507372952798682e-05
2570.0 1.5073729506304043e-05
2571.0 1.5073729484661426e-05
2572.0 1.507372946305888e-05
2573.0 1.5073729441496319e-05
2574.0 1.5073729419973647e-05
2575.0 1.5073729398490777e-05
2576.0 1.5073729377047621e-05
2577.0 1.5073729355644093e-05
2578.0 1.5073729334280098e-05
2579.0 1.5073729312955552e-05
2580.0 1.5073729291670366e-05
2581.0 1.507372927042445e-05
2582.0 1.507372924921772e-05
2583.0 1.507372922805009e-05
2584.0 1.5073729206921467e-05
2585.0 1.5073729185831768e-05
2586.0 1.5073729164780902e-05
2587.0 1.5073729143768791e-05
2588.0 1.5073729122795339e-05
2589.0 1.5073729101860468e-05
2590.0 1.5073729080964085e-05
2591.0 1.5073729060106107e-05
2592.0 1.5073729039286454e-05
2593.0 1.5073729018505034e-05
2594.0 1.5073728997761765e-05
2595.0 1.5073728977056563e-05
2596.0 1.507372895638934e-05
2597.0 1.5073728935760015e-05
2598.0 1.5073728915168506e-05
2599.0 1.5073728894614722e-05
2600.0 1.5073728874098585e-05
2601.0 1.507372885362001e-05
2602.0 1.5073728833178915e-05
2603.0 1.5073728812775217e-05
2604.0 1.507372879240883e-05
2605.0 1.5073728772079674e-05
2606.0 1.507372875178767e-05
2607.0 1.5073728731532726e-05
2608.0 1.5073728711314772e-05
2609.0 1.5073728691133719e-05
2610.0 1.5073728670989488e-05
2611.0 1.5073728650881997e-05
2612.0 1.5073728630811163e-05
2613.0 1.5073728610776911e-05
2614.0 1.5073728590779153e-05
2615.0 1.5073728570817813e-05
2616.0 1.5073728550892811e-05
2617.0 1.5073728531004066e-05
2618.0 1.50737285111515e-05
2619.0 1.507372849133503e-05
2620.0 1.5073728471554576e-05
2621.0 1.5073728451810064e-05
2622.0 1.5073728432101411e-05
2623.0 1.5073728412428539e-05
2624.0 1.5073728392791371e-05
2625.0 1.5073728373189826e-05
2626.0 1.5073728353623829e-05
2627.0 1.5073728334093299e-05
2628.0 1.507372831459816e-05
2629.0 1.5073728295138333e-05
2630.0 1.5073728275713743e-05
2631.0 1.507372825632431e-05
2632.0 1.5073728236969962e-05
2633.0 1.5073728217650614e-05
2634.0 1.5073728198366196e-05
2635.0 1.507372817911663e-05
2636.0 1.507372815990184e-05
2637.0 1.5073728140721749e-05
2638.0 1.5073728121576283e-05
2639.0 1.5073728102465365e-05
2640.0 1.5073728083388919e-05
2641.0 1.507372806434687e-05
2642.0 1.5073728045339142e-05
2643.0 1.5073728026365665e-05
2644.0 1.5073728007426362e-05
2645.0 1.5073727988521154e-05
2646.0 1.5073727969649974e-05
2647.0 1.5073727950812744e-05
2648.0 1.507372793200939e-05
2649.0 1.5073727913239838e-05
2650.0 1.5073727894504016e-05
2651.0 1.5073727875801849e-05
2652.0 1.5073727857133264e-05
2653.0 1.5073727838498192e-05
2654.0 1.5073727819896556e-05
2655.0 1.5073727801328286e-05
2656.0 1.5073727782793306e-05
2657.0 1.5073727764291548e-05
2658.0 1.5073727745822937e-05
2659.0 1.5073727727387404e-05
2660.0 1.5073727708984874e-05
2661.0 1.5073727690615276e-05
2662.0 1.5073727672278542e-05
2663.0 1.5073727653974599e-05
2664.0 1.5073727635703375e-05
2665.0 1.50737276174648e-05
2666.0 1.5073727599258803e-05
2667.0 1.5073727581085315e-05
2668.0 1.5073727562944266e-05
2669.0 1.5073727544835585e-05
2670.0 1.5073727526759202e-05
2671.0 1.5073727508715045e-05
2672.0 1.5073727490703049e-05
2673.0 1.5073727472723143e-05
2674.0 1.5073727454775257e-05
2675.0 1.5073727436859324e-05
2676.0 1.5073727418975272e-05
2677.0 1.5073727401123033e-05
2678.0 1.5073727383302542e-05
2679.0 1.5073727365513727e-05
2680.0 1.5073727347756522e-05
2681.0 1.507372733003086e-05
2682.0 1.5073727312336669e-05
2683.0 1.5073727294673885e-05
2684.0 1.5073727277042439e-05
2685.0 1.5073727259442265e-05
2686.0 1.5073727241873295e-05
2687.0 1.5073727224335463e-05
2688.0 1.5073727206828701e-05
2689.0 1.5073727189352943e-05
2690.0 1.5073727171908123e-05
2691.0 1.5073727154494176e-05
2692.0 1.5073727137111032e-05
2693.0 1.5073727119758629e-05
2694.0 1.5073727102436898e-05
2695.0 1.5073727085145776e-05
2696.0 1.5073727067885196e-05
2697.0 1.5073727050655096e-05
2698.0 1.5073727033455404e-05
2699.0 1.5073727016286063e-05
2700.0 1.5073726999147002e-05
2701.0 1.5073726982038163e-05
2702.0 1.5073726964959475e-05
2703.0 1.5073726947910875e-05
2704.0 1.5073726930892303e-05
2705.0 1.5073726913903692e-05
2706.0 1.5073726896944979e-05
2707.0 1.5073726880016099e-05
2708.0 1.5073726863116989e-05
2709.0 1.5073726846247586e-05
2710.0 1.5073726829407825e-05
2711.0 1.507372681259765e-05
2712.0 1.5073726795816989e-05
2713.0 1.5073726779065784e-05
2714.0 1.5073726762343971e-05
2715.0 1.5073726745651491e-05
2716.0 1.5073726728988278e-05
2717.0 1.5073726712354272e-05
2718.0 1.5073726695749407e-05
2719.0 1.5073726679173628e-05
2720.0 1.5073726662626872e-05
2721.0 1.5073726646109072e-05
2722.0 1.507372662962017e-05
2723.0 1.5073726613160105e-05
2724.0 1.5073726596728816e-05
2725.0 1.5073726580326245e-05
2726.0 1.5073726563952326e-05
2727.0 1.5073726547607002e-05
2728.0 1.507372653129021e-05
2729.0 1.5073726515001894e-05
2730.0 1.5073726498741989e-05
2731.0 1.5073726482510437e-05
2732.0 1.5073726466307178e-05
2733.0 1.5073726450132155e-05
2734.0 1.5073726433985307e-05
2735.0 1.507372641786657e-05
2736.0 1.5073726401775893e-05
2737.0 1.507372638571321e-05
2738.0 1.5073726369678465e-05
2739.0 1.5073726353671601e-05
2740.0 1.5073726337692557e-05
2741.0 1.5073726321741274e-05
2742.0 1.5073726305817694e-05
2743.0 1.507372628992176e-05
2744.0 1.5073726274053414e-05
2745.0 1.5073726258212595e-05
2746.0 1.5073726242399251e-05
2747.0 1.5073726226613318e-05
2748.0 1.5073726210854745e-05
2749.0 1.5073726195123469e-05
2750.0 1.5073726179419438e-05
2751.0 1.5073726163742587e-05
2752.0 1.5073726148092868e-05
2753.0 1.5073726132470217e-05
2754.0 1.5073726116874582e-05
2755.0 1.5073726101305907e-05
2756.0 1.5073726085764133e-05
2757.0 1.5073726070249205e-05
2758.0 1.5073726054761065e-05
2759.0 1.507372603929966e-05
2760.0 1.5073726023864932e-05
2761.0 1.5073726008456825e-05
2762.0 1.5073725993075286e-05
2763.0 1.5073725977720259e-05
2764.0 1.5073725962391685e-05
2765.0 1.5073725947089513e-05
2766.0 1.5073725931813689e-05
2767.0 1.5073725916564153e-05
2768.0 1.5073725901340854e-05
2769.0 1.5073725886143738e-05
2770.0 1.5073725870972749e-05
2771.0 1.507372585582783e-05
2772.0 1.5073725840708931e-05
2773.0 1.5073725825615996e-05
2774.0 1.5073725810548973e-05
2775.0 1.5073725795507807e-05
2776.0 1.5073725780492442e-05
2777.0 1.507372576550283e-05
2778.0 1.5073725750538911e-05
2779.0 1.5073725735600636e-05
2780.0 1.507372572068795e-05
2781.0 1.5073725705800802e-05
2782.0 1.5073725690939138e-05
2783.0 1.5073725676102906e-05
2784.0 1.5073725661292052e-05
2785.0 1.5073725646506521e-05
2786.0 1.5073725631746265e-05
2787.0 1.5073725617011233e-05
2788.0 1.5073725602301367e-05
2789.0 1.507372558761662e-05
2790.0 1.5073725572956939e-05
2791.0 1.5073725558322271e-05
2792.0 1.5073725543712564e-05
2793.0 1.507372552912777e-05
2794.0 1.5073725514567832e-05
2795.0 1.5073725500032703e-05
2796.0 1.507372548552233e-05
2797.0 1.5073725471036663e-05
2798.0 1.5073725456575654e-05
2799.0 1.5073725442139245e-05
2800.0 1.507372542772739e-05
2801.0 1.5073725413340041e-05
2802.0 1.5073725398977143e-05
2803.0 1.5073725384638645e-05
2804.0 1.5073725370324503e-05
2805.0 1.5073725356034661e-05
2806.0 1.5073725341769071e-05
2807.0 1.5073725327527684e-05
2808.0 1.5073725313310451e-05
2809.0 1.5073725299117321e-05
2810.0 1.5073725284948246e-05
2811.0 1.5073725270803173e-05
2812.0 1.5073725256682057e-05
2813.0 1.5073725242584845e-05
2814.0 1.5073725228511493e-05
2815.0 1.5073725214461947e-05
2816.0 1.5073725200436164e-05
2817.0 1.507372518643409e-05
2818.0 1.507372517245568e-05
2819.0 1.5073725158500884e-05
2820.0 1.5073725144569653e-05
2821.0 1.5073725130661942e-05
2822.0 1.50737251167777e-05
2823.0 1.5073725102916878e-05
2824.0 1.5073725089079434e-05
2825.0 1.5073725075265313e-05
2826.0 1.5073725061474474e-05
2827.0 1.5073725047706867e-05
2828.0 1.5073725033962441e-05
2829.0 1.5073725020241153e-05
2830.0 1.5073725006542958e-05
2831.0 1.5073724992867802e-05
2832.0 1.5073724979215644e-05
2833.0 1.5073724965586435e-05
2834.0 1.5073724951980131e-05
2835.0 1.507372493839668e-05
2836.0 1.5073724924836039e-05
2837.0 1.5073724911298162e-05
2838.0 1.5073724897783003e-05
2839.0 1.5073724884290513e-05
2840.0 1.507372487082065e-05
2841.0 1.5073724857373366e-05
2842.0 1.5073724843948614e-05
2843.0 1.507372483054635e-05
2844.0 1.5073724817166528e-05
2845.0 1.5073724803809105e-05
2846.0 1.507372479047403e-05
2847.0 1.5073724777161264e-05
2848.0 1.5073724763870758e-05
2849.0 1.5073724750602468e-05
2850.0 1.5073724737356346e-05
2851.0 1.5073724724132353e-05
2852.0 1.5073724710930443e-05
2853.0 1.5073724697750568e-05
2854.0 1.5073724684592685e-05
2855.0 1.5073724671456751e-05
2856.0 1.5073724658342721e-05
2857.0 1.5073724645250551e-05
2858.0 1.5073724632180196e-05
2859.0 1.5073724619131613e-05
2860.0 1.5073724606104758e-05
2861.0 1.5073724593099585e-05
2862.0 1.5073724580116055e-05
2863.0 1.5073724567154119e-05
2864.0 1.5073724554213737e-05
2865.0 1.5073724541294865e-05
2866.0 1.5073724528397462e-05
2867.0 1.507372451552148e-05
2868.0 1.5073724502666881e-05
2869.0 1.5073724489833617e-05
2870.0 1.5073724477021648e-05
2871.0 1.5073724464230933e-05
2872.0 1.5073724451461427e-05
2873.0 1.5073724438713087e-05
2874.0 1.5073724425985871e-05
2875.0 1.5073724413279737e-05
2876.0 1.5073724400594642e-05
2877.0 1.5073724387930548e-05
2878.0 1.5073724375287409e-05
2879.0 1.5073724362665181e-05
2880.0 1.5073724350063828e-05
2881.0 1.5073724337483303e-05
2882.0 1.5073724324923568e-05
2883.0 1.5073724312384579e-05
2884.0 1.5073724299866294e-05
2885.0 1.5073724287368675e-05
2886.0 1.5073724274891678e-05
2887.0 1.5073724262435264e-05
2888.0 1.507372424999939e-05
2889.0 1.5073724237584017e-05
2890.0 1.5073724225189101e-05
2891.0 1.5073724212814604e-05
2892.0 1.5073724200460484e-05
2893.0 1.50737241881267e-05
2894.0 1.5073724175813215e-05
2895.0 1.5073724163519983e-05
2896.0 1.5073724151246969e-05
2897.0 1.5073724138994129e-05
2898.0 1.5073724126761423e-05
2899.0 1.5073724114548816e-05
2900.0 1.507372410235626e-05
2901.0 1.5073724090183723e-05
2902.0 1.507372407803116e-05
2903.0 1.5073724065898533e-05
2904.0 1.5073724053785804e-05
2905.0 1.507372404169293e-05
2906.0 1.5073724029619877e-05
2907.0 1.50737240175666e-05
2908.0 1.5073724005533063e-05
2909.0 1.5073723993519224e-05
2910.0 1.5073723981525051e-05
2911.0 1.5073723969550495e-05
2912.0 1.5073723957595525e-05
2913.0 1.50737239456601e-05
2914.0 1.507372393374418e-05
2915.0 1.507372392184773e-05
2916.0 1.5073723909970706e-05
2917.0 1.5073723898113075e-05
2918.0 1.5073723886274795e-05
2919.0 1.507372387445583e-05
2920.0 1.5073723862656139e-05
2921.0 1.5073723850875686e-05
2922.0 1.5073723839114433e-05
2923.0 1.5073723827372346e-05
2924.0 1.507372381564938e-05
2925.0 1.5073723803945502e-05
2926.0 1.5073723792260672e-05
2927.0 1.5073723780594855e-05
2928.0 1.5073723768948013e-05
2929.0 1.5073723757320105e-05
2930.0 1.50737237457111e-05
2931.0 1.5073723734120956e-05
2932.0 1.5073723722549638e-05
2933.0 1.5073723710997109e-05
2934.0 1.5073723699463332e-05
2935.0 1.507372368794827e-05
2936.0 1.5073723676451883e-05
2937.0 1.507372366497414e-05
2938.0 1.5073723653515001e-05
2939.0 1.5073723642074429e-05
2940.0 1.5073723630652391e-05
2941.0 1.507372361924885e-05
2942.0 1.5073723607863768e-05
2943.0 1.5073723596497109e-05
2944.0 1.5073723585148834e-05
2945.0 1.5073723573818913e-05
2946.0 1.5073723562507308e-05
2947.0 1.5073723551213984e-05
2948.0 1.5073723539938901e-05
2949.0 1.5073723528682027e-05
2950.0 1.5073723517443324e-05
2951.0 1.5073723506222763e-05
2952.0 1.5073723495020299e-05
2953.0 1.5073723483835905e-05
2954.0 1.507372347266954e-05
2955.0 1.507372346152117e-05
2956.0 1.5073723450390765e-05
2957.0 1.5073723439278284e-05
2958.0 1.5073723428183694e-05
2959.0 1.5073723417106959e-05
2960.0 1.5073723406048046e-05
2961.0 1.507372339500692e-05
2962.0 1.5073723383983548e-05
2963.0 1.5073723372977893e-05
2964.0 1.5073723361989919e-05
2965.0 1.5073723351019597e-05
2966.0 1.5073723340066888e-05
2967.0 1.507372332913176e-05
2968.0 1.5073723318214177e-05
2969.0 1.5073723307314105e-05
2970.0 1.5073723296431515e-05
2971.0 1.5073723285566366e-05
2972.0 1.507372327471863e-05
2973.0 1.5073723263888269e-05
2974.0 1.5073723253075253e-05
2975.0 1.5073723242279543e-05
2976.0 1.5073723231501115e-05
2977.0 1.5073723220739924e-05
2978.0 1.5073723209995946e-05
2979.0 1.507372319926914e-05
2980.0 1.5073723188559479e-05
2981.0 1.5073723177866928e-05
2982.0 1.5073723167191453e-05
2983.0 1.507372315653302e-05
2984.0 1.50737231458916e-05
2985.0 1.5073723135267158e-05
2986.0 1.507372312465966e-05
2987.0 1.5073723114069072e-05
2988.0 1.5073723103495367e-05
2989.0 1.5073723092938509e-05
2990.0 1.5073723082398463e-05
2991.0 1.5073723071875203e-05
2992.0 1.5073723061368691e-05
2993.0 1.5073723050878896e-05
2994.0 1.5073723040405788e-05
2995.0 1.5073723029949334e-05
2996.0 1.5073723019509499e-05
2997.0 1.5073723009086253e-05
2998.0 1.507372299867957e-05
2999.0 1.5073722988289408e-05
3000.0 1.5073722977915743e-05
3001.0 1.5073722967558537e-05
3002.0 1.5073722957217766e-05
3003.0 1.507372294689339e-05
3004.0 1.5073722936585383e-05
3005.0 1.5073722926293714e-05
3006.0 1.507372291601835e-05
3007.0 1.5073722905759259e-05
3008.0 1.507372289551641e-05
3009.0 1.5073722885289774e-05
3010.0 1.5073722875079319e-05
3011.0 1.507372286488501e-05
3012.0 1.5073722854706825e-05
3013.0 1.5073722844544723e-05
3014.0 1.5073722834398681e-05
3015.0 1.5073722824268664e-05
3016.0 1.5073722814154645e-05
3017.0 1.507372280405659e-05
3018.0 1.507372279397447e-05
3019.0 1.5073722783908253e-05
3020.0 1.5073722773857913e-05
3021.0 1.5073722763823413e-05
3022.0 1.5073722753804728e-05
3023.0 1.507372274380183e-05
3024.0 1.507372273381468e-05
3025.0 1.5073722723843257e-05
3026.0 1.5073722713887526e-05
3027.0 1.5073722703947457e-05
3028.0 1.5073722694023025e-05
3029.0 1.5073722684114194e-05
3030.0 1.5073722674220938e-05
3031.0 1.5073722664343227e-05
3032.0 1.5073722654481031e-05
3033.0 1.5073722644634322e-05
3034.0 1.5073722634803067e-05
3035.0 1.507372262498724e-05
3036.0 1.507372261518681e-05
3037.0 1.5073722605401752e-05
3038.0 1.5073722595632028e-05
3039.0 1.5073722585877617e-05
3040.0 1.5073722576138486e-05
3041.0 1.507372256641461e-05
3042.0 1.5073722556705955e-05
3043.0 1.5073722547012496e-05
3044.0 1.50737225373342e-05
3045.0 1.5073722527671044e-05
3046.0 1.5073722518022995e-05
3047.0 1.5073722508390025e-05
3048.0 1.5073722498772108e-05
3049.0 1.5073722489169213e-05
3050.0 1.5073722479581313e-05
3051.0 1.5073722470008379e-05
3052.0 1.5073722460450384e-05
3053.0 1.5073722450907298e-05
3054.0 1.5073722441379092e-05
3055.0 1.507372243186574e-05
3056.0 1.5073722422367214e-05
3057.0 1.5073722412883487e-05
3058.0 1.5073722403414526e-05
3059.0 1.507372239396031e-05
3060.0 1.507372238452081e-05
3061.0 1.5073722375095992e-05
3062.0 1.5073722365685836e-05
3063.0 1.507372235629031e-05
3064.0 1.5073722346909389e-05
3065.0 1.5073722337543042e-05
3066.0 1.5073722328191245e-05
3067.0 1.507372231885397e-05
3068.0 1.5073722309531188e-05
3069.0 1.5073722300222872e-05
3070.0 1.5073722290928998e-05
3071.0 1.5073722281649539e-05
3072.0 1.5073722272384464e-05
3073.0 1.5073722263133746e-05
3074.0 1.507372225389736e-05
3075.0 1.507372224467528e-05
3076.0 1.5073722235467478e-05
3077.0 1.5073722226273928e-05
3078.0 1.5073722217094603e-05
3079.0 1.5073722207929476e-05
3080.0 1.507372219877852e-05
3081.0 1.507372218964171e-05
3082.0 1.5073722180519018e-05
3083.0 1.5073722171410418e-05
3084.0 1.5073722162315885e-05
3085.0 1.507372215323539e-05
3086.0 1.507372214416891e-05
3087.0 1.5073722135116415e-05
3088.0 1.5073722126077884e-05
3089.0 1.5073722117053287e-05
3090.0 1.5073722108042601e-05
3091.0 1.5073722099045795e-05
3092.0 1.5073722090062848e-05
3093.0 1.5073722081093733e-05
3094.0 1.5073722072138424e-05
3095.0 1.5073722063196894e-05
3096.0 1.5073722054269121e-05
3097.0 1.5073722045355075e-05
3098.0 1.507372203645473e-05
3099.0 1.5073722027568067e-05
3100.0 1.5073722018695053e-05
